(-0.4755, 1.0409, -5.948)
(0.0278, 1.1277, -5.602)
(0.5814, 0.8776, -5.6052)
(1.2009, 0.8734, -5.533)
(1.6904, 1.2913, -5.3969)
(-0.5092, 0.6793, -5.7065)
(-0.0839, 0.8348, -5.3141)
(2.1348, 1.733, -5.2072)
(0.4823, 0.7208, -5.2319)
(2.42, 1.9807, -5.006)
(1.1171, 0.8065, -5.1341)
(1.6923, 1.1447, -5.0209)
(2.1439, 1.5526, -4.8186)
(2.5027, 1.8832, -4.6874)
(-0.536, 0.2239, -5.3751)
(-0.1796, 0.4697, -4.9545)
(0.3657, 0.6282, -4.7484)
(0.9642, 0.8347, -4.6497)
(1.5948, 1.0852, -4.5453)
(2.1101, 1.3484, -4.3142)
(2.5649, 1.437, -4.2674)
(-0.5237, -0.2362, -5.0085)
(-0.0375, 0.0167, -4.6668)
(0.5029, 0.2827, -4.3721)
(1.0826, 0.5185, -4.2878)
(1.6436, 0.801, -4.1902)
(2.0628, 1.0881, -3.9391)
(2.5744, 0.979, -3.8629)
(-0.5053, -0.6895, -4.6449)
(0.1061, -0.5047, -4.4853)
(0.676, -0.2309, -4.2189)
(1.1948, 0.0617, -4.0186)
(1.464, 0.5565, -3.9413)
(1.7964, 0.9625, -3.9242)
(2.0823, 1.3444, -3.951)
(-0.4903, -1.0576, -4.1807)
(0.1605, -0.9604, -4.1271)
(0.7217, -0.6785, -3.8779)
(1.1844, -0.324, -3.6138)
(1.4142, 0.2005, -3.5103)
(1.7267, 0.6705, -3.4975)
(1.9342, 0.9314, -3.4587)
(-0.4625, -1.3734, -3.6675)
(0.1809, -1.3342, -3.6644)
(0.6896, -1.0118, -3.4271)
(1.1495, -0.6353, -3.1965)
(1.5392, -0.228, -3.1474)
(1.7707, 0.2563, -2.9608)
(1.8392, 0.6479, -2.7271)
(-0.4111, -1.6371, -3.1247)
(0.2483, -1.6676, -3.184)
(0.8433, -1.4217, -3.0913)
(1.3337, -1.0543, -2.9242)
(1.6986, -0.6164, -2.7319)
(1.9827, -0.1519, -2.5039)
(2.2023, 0.2156, -2.3189)
(-0.3469, -1.8588, -2.5622)
(0.317, -1.9265, -2.6475)
(0.95, -1.7352, -2.6089)
(1.4699, -1.3919, -2.4701)
(1.8774, -0.9703, -2.2669)
(2.2376, -0.5414, -2.0659)
(2.5057, -0.1999, -1.9046)
(-0.2802, -2.0748, -1.9981)
(0.3815, -2.1802, -2.1029)
(1.0209, -2.0085, -2.0775)
(1.5659, -1.6743, -1.9499)
(2.0531, -1.2982, -1.7894)
(2.4909, -0.913, -1.6279)
(2.8118, -0.6012, -1.4901)
(-0.2241, -2.3312, -1.4535)
(0.4566, -2.4792, -1.5847)
(1.1328, -2.3649, -1.6061)
(1.7208, -2.0279, -1.4968)
(2.2591, -1.6481, -1.3503)
(2.753, -1.2762, -1.2017)
(3.1192, -0.9867, -1.0744)
(-0.1728, -2.5839, -0.9208)
(0.5322, -2.7613, -1.0614)
(1.2481, -2.7234, -1.134)
(1.8969, -2.4087, -1.0765)
(2.4821, -2.015, -0.9455)
(3.0273, -1.6342, -0.7915)
(3.4471, -1.3385, -0.6396)
(-0.0768, -2.6424, -0.3405)
(0.6161, -2.8349, -0.4762)
(1.3289, -2.8981, -0.5769)
(2.0179, -2.6891, -0.578)
(2.6569, -2.3588, -0.5068)
(3.2801, -2.0116, -0.4028)
(3.9642, -1.6312, -0.2081)
(0.0292, -2.6591, 0.2563)
(0.7039, -2.8292, 0.1218)
(1.3982, -2.8823, 0.0185)
(2.0947, -2.7782, -0.0207)
(4.6168, -1.8533, 0.1109)
(2.7782, -2.5961, -0.0365)
(3.4486, -2.3628, -0.0499)
(5.2764, -2.131, 0.2437)
(4.119, -2.1336, -0.0446)
(5.8188, -2.3997, 0.6022)
(4.753, -1.9974, 0.0424)
(0.1339, -2.688, 0.8599)
(0.7942, -2.8304, 0.7174)
(1.4698, -2.8449, 0.5885)
(6.1219, -2.2938, 0.6332)
(2.1425, -2.7288, 0.4984)
(5.2536, -1.9616, 0.321)
(2.8184, -2.5861, 0.4337)
(3.4949, -2.4282, 0.3835)
(5.786, -2.0407, 0.5857)
(4.1719, -2.2678, 0.3411)
(6.2498, -2.0339, 0.646)
(4.8161, -2.1408, 0.2796)
(0.2437, -2.7287, 1.4435)
(0.9033, -2.8989, 1.3171)
(1.5902, -3.0149, 1.1133)
(5.3378, -2.0745, 0.1607)
(2.2722, -3.0167, 0.8966)
(2.9459, -2.9537, 0.7136)
(5.8742, -1.9403, 0.248)
(3.6175, -2.8445, 0.5595)
(0.3363, -2.7543, 1.91)
(6.3249, -1.7957, 0.3105)
(4.2874, -2.7018, 0.4235)
(4.9451, -2.5396, 0.3454)
(1.7828, -3.0281, 1.6689)
(1.006, -2.8812, 2.014)
(5.5497, -2.3861, 0.3425)
(2.4699, -3.1262, 1.415)
(3.143, -3.1815, 1.1819)
(6.1207, -2.2808, 0.2052)
(3.8121, -3.1737, 0.9617)
(6.5425, -2.119, 0.0684)
(4.4811, -3.086, 0.7672)
(5.1569, -2.9237, 0.6522)
(1.521, -2.9136, 2.3582)
(2.051, -3.0188, 2.1809)
(5.8098, -2.7898, 0.6025)
(2.6964, -3.1205, 1.959)
(3.3656, -3.2054, 1.7266)
(6.4025, -2.6912, 0.4497)
(4.0361, -3.2664, 1.4922)
(6.8088, -2.6151, 0.2055)
(4.7198, -3.2769, 1.2627)
(5.4332, -3.207, 1.0567)
(1.8247, -2.8238, 2.7862)
(2.2891, -2.8632, 2.6442)
(6.0786, -3.194, 0.8556)
(2.9096, -2.9565, 2.4465)
(3.5704, -3.051, 2.2251)
(6.6455, -3.1608, 0.6413)
(4.2347, -3.1463, 2.0011)
(2.0667, -2.6865, 2.9897)
(7.0736, -3.1026, 0.4386)
(4.9134, -3.2335, 1.7779)
(2.3991, -2.6331, 2.9965)
(3.0575, -2.7439, 2.7886)
(5.6148, -3.2845, 1.5312)
(3.7142, -2.8536, 2.581)
(6.2587, -3.3829, 1.2833)
(4.3661, -2.9534, 2.3581)
(5.0182, -3.1052, 2.1776)
(6.8148, -3.4421, 1.0476)
(5.6621, -3.1273, 1.9165)
(7.2124, -3.438, 0.8299)
(6.3071, -3.2643, 1.6738)
(7.1149, -3.5109, 1.1561)
(6.962, -3.4087, 1.4603)
(1.3255, 4.2943, -2.9407)
(1.7681, 3.7897, -3.0825)
(2.1923, 3.2994, -3.2052)
(2.5959, 3.029, -3.6419)
(2.9101, 2.8304, -4.1669)
(1.3451, 4.1057, -2.6262)
(1.8857, 3.7579, -2.8531)
(2.8015, 2.4688, -4.6334)
(2.3894, 3.3664, -3.0903)
(2.6167, 2.1614, -4.8624)
(2.797, 2.9666, -3.4348)
(2.9715, 2.5534, -3.8855)
(2.7856, 2.1576, -4.3325)
(2.52, 1.8909, -4.6789)
(1.1455, 3.6469, -2.5028)
(1.6761, 3.3581, -2.7995)
(2.2181, 3.0226, -2.9691)
(2.6808, 2.5955, -3.1612)
(2.9457, 2.1444, -3.5173)
(2.8227, 1.7331, -3.9565)
(2.586, 1.438, -4.2684)
(1.0213, 3.175, -2.3201)
(1.5979, 2.9539, -2.5445)
(2.121, 2.7077, -2.6014)
(2.4969, 2.2524, -2.765)
(2.743, 1.8301, -3.1524)
(2.7091, 1.4119, -3.5991)
(2.5908, 0.9906, -3.852)
(1.1413, 3.0907, -1.8667)
(1.6387, 2.8945, -2.1247)
(1.8768, 2.4348, -2.3186)
(2.1341, 1.9654, -2.4731)
(2.313, 1.766, -2.9661)
(2.3024, 1.4382, -3.4216)
(2.0997, 1.3407, -3.9232)
(1.2668, 3.2603, -1.406)
(1.5705, 2.8198, -1.6758)
(1.7342, 2.2248, -1.9197)
(1.9159, 1.7042, -2.0823)
(2.0784, 1.5178, -2.5724)
(2.0997, 1.2069, -3.0375)
(1.9825, 0.992, -3.4309)
(1.4689, 3.1558, -0.9078)
(1.8315, 2.7029, -1.2309)
(2.042, 2.1432, -1.513)
(2.0982, 1.5832, -1.6611)
(2.0529, 1.2235, -2.0645)
(2.0583, 0.847, -2.4864)
(1.848, 0.5952, -2.7607)
(1.5847, 2.8558, -0.4096)
(2.0159, 2.4378, -0.7483)
(2.3506, 1.9662, -1.0983)
(2.5087, 1.4681, -1.4046)
(2.4072, 0.9832, -1.7136)
(2.3528, 0.5301, -2.0698)
(2.2114, 0.2028, -2.3424)
(1.5679, 2.4606, 0.0448)
(2.0229, 2.0579, -0.2835)
(2.4055, 1.6176, -0.6404)
(2.6715, 1.1584, -0.9922)
(2.7155, 0.6616, -1.3319)
(2.6459, 0.1731, -1.6583)
(2.5269, -0.2031, -1.9113)
(1.5121, 2.0482, 0.4868)
(1.9478, 1.6391, 0.1489)
(2.3268, 1.1982, -0.2131)
(2.6615, 0.7559, -0.5554)
(2.8669, 0.2858, -0.9022)
(2.8924, -0.2021, -1.2366)
(2.8322, -0.5951, -1.4902)
(1.4312, 1.6324, 0.9181)
(1.8055, 1.1992, 0.5403)
(2.1708, 0.7522, 0.1653)
(2.5609, 0.3186, -0.1614)
(2.9038, -0.1209, -0.481)
(3.1011, -0.5791, -0.8117)
(3.1391, -0.9787, -1.068)
(1.3123, 1.2035, 1.3251)
(1.6562, 0.7633, 0.9256)
(2.0513, 0.3333, 0.5635)
(2.4798, -0.0962, 0.2452)
(2.9077, -0.5157, -0.0589)
(3.2848, -0.9236, -0.3613)
(3.4771, -1.3212, -0.6142)
(1.216, 0.7854, 1.7439)
(1.6412, 0.4006, 1.3852)
(2.1332, 0.0502, 1.0677)
(2.5868, -0.3625, 0.7555)
(3.0532, -0.7638, 0.4484)
(3.5404, -1.1293, 0.1444)
(4.0229, -1.6073, -0.1643)
(1.2127, 0.4011, 2.2017)
(1.7476, 0.1292, 1.9031)
(2.302, -0.1486, 1.6117)
(2.7892, -0.5192, 1.3021)
(4.6402, -1.8644, 0.1496)
(3.275, -0.8938, 0.9948)
(3.8167, -1.1825, 0.692)
(5.3546, -2.1909, 0.2848)
(4.3729, -1.4805, 0.4524)
(5.8768, -2.4823, 0.6175)
(4.9624, -1.749, 0.4255)
(1.2595, 0.0333, 2.6802)
(1.8499, -0.1648, 2.4268)
(2.445, -0.3779, 2.1533)
(6.1757, -2.5468, 0.5791)
(2.9899, -0.6637, 1.8525)
(5.5049, -2.1781, 0.6001)
(3.5136, -0.9705, 1.5473)
(4.0843, -1.1898, 1.2504)
(6.0603, -2.4247, 0.6155)
(4.6635, -1.4219, 1.0047)
(6.4795, -2.4662, 0.4619)
(5.272, -1.5867, 0.8628)
(1.2822, -0.3391, 3.1275)
(1.8899, -0.5355, 2.9266)
(2.5357, -0.6895, 2.6713)
(5.8452, -1.9512, 0.8689)
(3.1525, -0.8689, 2.3871)
(3.7364, -1.0672, 2.0903)
(6.3342, -2.1579, 0.7427)
(4.3256, -1.2524, 1.8061)
(1.253, -0.6977, 3.4307)
(6.7916, -2.0813, 0.4921)
(4.9283, -1.4342, 1.5764)
(5.5497, -1.6138, 1.4046)
(2.5801, -1.1391, 3.0694)
(1.7963, -1.0785, 3.3803)
(6.1641, -1.8458, 1.2669)
(3.247, -1.2521, 2.8186)
(3.877, -1.3883, 2.5506)
(6.6806, -2.0087, 1.0855)
(4.5012, -1.5169, 2.2935)
(7.1947, -1.978, 0.8717)
(5.1469, -1.6292, 2.0927)
(5.796, -1.844, 1.9236)
(2.0696, -1.6217, 3.3899)
(2.6034, -1.6916, 3.217)
(6.4027, -2.0169, 1.762)
(3.2445, -1.7929, 3.0122)
(3.8969, -1.9093, 2.7902)
(7.0022, -2.135, 1.5876)
(4.5432, -2.0205, 2.5563)
(7.4903, -2.1114, 1.413)
(5.1947, -2.1444, 2.3368)
(5.8591, -2.3481, 2.2058)
(2.0963, -2.1494, 3.3236)
(2.5417, -2.2301, 3.1442)
(6.4811, -2.4539, 2.0593)
(3.1559, -2.3376, 2.9519)
(3.8107, -2.4545, 2.7584)
(7.135, -2.5414, 1.9004)
(4.4554, -2.564, 2.54)
(2.1565, -2.4558, 3.1741)
(7.5988, -2.5462, 1.7505)
(5.0803, -2.6839, 2.3022)
(2.4023, -2.6214, 3.0129)
(3.0563, -2.7285, 2.804)
(5.7136, -2.84, 2.1343)
(3.7115, -2.8404, 2.5995)
(6.3655, -2.9477, 1.9313)
(4.3603, -2.9328, 2.3695)
(5.01, -3.0828, 2.184)
(7.0308, -3.0435, 1.7805)
(5.6391, -3.1126, 1.9023)
(7.4887, -3.0782, 1.733)
(6.2484, -3.2233, 1.6873)
(7.2612, -3.3525, 1.6894)
(6.9729, -3.3986, 1.4842)
(-0.9582, 0.9464, -6.1926)
(-1.1607, 1.2651, -5.8382)
(-1.1178, 1.6269, -5.3121)
(-1.423, 2.0474, -4.9494)
(-1.9056, 2.4793, -4.7411)
(-2.2923, 2.967, -4.455)
(-1.0241, 0.6046, -5.9045)
(-1.3048, 0.9412, -5.5773)
(-1.3001, 1.3254, -5.0575)
(-2.5331, 3.4409, -4.0828)
(-1.5431, 1.7567, -4.6464)
(-2.5962, 3.6995, -3.7541)
(-1.9814, 2.2034, -4.4145)
(-2.3871, 2.6758, -4.1445)
(-2.5985, 3.149, -3.7667)
(-2.6292, 3.5436, -3.4512)
(-1.0811, 0.1849, -5.515)
(-1.4577, 0.5335, -5.2146)
(-1.5447, 0.9672, -4.7095)
(-1.6787, 1.4043, -4.2251)
(-2.0189, 1.8554, -3.9822)
(-2.4801, 2.2859, -3.7401)
(-2.7046, 2.7511, -3.3713)
(-2.7388, 3.1081, -3.0306)
(-1.1296, -0.2342, -5.0792)
(-1.5762, 0.1001, -4.8172)
(-1.7053, 0.5453, -4.3501)
(-1.8102, 0.9741, -3.8624)
(-2.0785, 1.422, -3.62)
(-2.5029, 1.8741, -3.3415)
(-2.7253, 2.3947, -3.0375)
(-2.8, 2.6703, -2.6123)
(-1.1552, -0.6052, -4.6078)
(-1.702, -0.2897, -4.4125)
(-1.9888, 0.161, -4.0732)
(-2.0347, 0.5609, -3.5988)
(-2.0969, 1.0781, -3.278)
(-2.2578, 1.5956, -2.9737)
(-2.3543, 2.2442, -2.9102)
(-2.312, 2.863, -2.974)
(-1.1353, -0.8924, -4.077)
(-1.7033, -0.5557, -3.8902)
(-2.1498, -0.107, -3.6481)
(-2.4162, 0.4054, -3.3467)
(-2.4589, 0.9669, -3.0293)
(-2.3158, 1.3851, -2.6716)
(-2.2541, 1.9137, -2.5952)
(-2.2254, 2.4262, -2.6279)
(-1.0884, -1.151, -3.5295)
(-1.6459, -0.7943, -3.3378)
(-2.1441, -0.3679, -3.126)
(-2.5525, 0.1207, -2.9008)
(-2.7525, 0.6711, -2.6426)
(-2.6703, 1.1849, -2.34)
(-2.3694, 1.6278, -2.1052)
(-2.1126, 1.9448, -1.9403)
(-1.0294, -1.3882, -2.9723)
(-1.5909, -1.0347, -2.7839)
(-2.1143, -0.6343, -2.5854)
(-2.5628, -0.1795, -2.3744)
(-2.829, 0.3392, -2.1281)
(-2.8297, 0.869, -1.8371)
(-2.5712, 1.3212, -1.5545)
(-2.4115, 1.6916, -1.3486)
(-0.9685, -1.609, -2.4078)
(-1.5513, -1.2818, -2.2312)
(-2.1062, -0.9168, -2.0498)
(-2.5717, -0.4813, -1.8457)
(-2.8408, 0.028, -1.5927)
(-2.8899, 0.5585, -1.2963)
(-2.7638, 1.0513, -1.003)
(-2.6749, 1.4499, -0.7843)
(-0.9178, -1.837, -1.8465)
(-1.5379, -1.5553, -1.6907)
(-2.129, -1.2288, -1.5304)
(-2.5985, -0.7919, -1.3243)
(-2.8545, -0.266, -1.0578)
(-2.9485, 0.281, -0.7551)
(-2.9453, 0.8059, -0.4573)
(-2.9285, 1.2166, -0.2311)
(-0.8917, -2.1077, -1.307)
(-1.5563, -1.8662, -1.1717)
(-2.1975, -1.576, -1.033)
(-2.6845, -1.1266, -0.8226)
(-2.9258, -0.557, -0.5373)
(-3.056, 0.0236, -0.2242)
(-3.1372, 0.5748, 0.0811)
(-3.175, 0.9978, 0.3213)
(-0.8622, -2.3642, -0.7783)
(-1.5508, -2.1357, -0.644)
(-2.2332, -1.8753, -0.5093)
(-2.7892, -1.4556, -0.3182)
(-3.0837, -0.8572, -0.0433)
(-3.2381, -0.2337, 0.2773)
(-3.3575, 0.3538, 0.6046)
(-3.4273, 0.806, 0.8869)
(-0.7584, -2.4292, -0.2023)
(-1.4384, -2.2114, -0.0664)
(-2.1176, -1.9806, 0.0683)
(-2.7331, -1.6546, 0.2337)
(-3.1168, -1.1033, 0.481)
(-3.3606, -0.4905, 0.7807)
(-3.5765, 0.1105, 1.1)
(-3.8041, 0.7637, 1.5169)
(-0.6369, -2.4552, 0.393)
(-1.2998, -2.2457, 0.5254)
(-1.9565, -2.0295, 0.653)
(-2.557, -1.7366, 0.7972)
(-2.9846, -1.2542, 1.0001)
(-4.308, 0.8129, 2.0928)
(-3.3663, -0.7417, 1.254)
(-3.762, -0.2272, 1.4804)
(-4.7949, 0.7906, 2.6717)
(-4.1914, 0.2759, 1.6386)
(-5.281, 1.1248, 3.0426)
(-0.5205, -2.4901, 0.9975)
(-4.5929, 0.6985, 1.9362)
(-1.1746, -2.2821, 1.1277)
(-1.8288, -2.0772, 1.2496)
(-2.4759, -1.8459, 1.3618)
(-5.1833, 1.41, 3.0841)
(-3.0568, -1.4989, 1.4636)
(-4.8569, 1.0157, 2.435)
(-3.5874, -1.0783, 1.5746)
(-4.0822, -0.6089, 1.6859)
(-5.0582, 1.2799, 2.9369)
(-4.5651, -0.1213, 1.7861)
(-5.1885, 1.6137, 3.1866)
(-4.9867, 0.3808, 1.9669)
(-0.4103, -2.5285, 1.566)
(-1.0546, -2.3139, 1.7113)
(-1.6852, -2.0737, 1.8596)
(-2.3577, -1.8074, 1.9517)
(-5.2454, 0.8885, 2.3032)
(-3.018, -1.5226, 2.0256)
(-3.6402, -1.1999, 2.0955)
(-5.3758, 1.3478, 2.7023)
(-4.2231, -0.8194, 2.1561)
(-0.3361, -2.5646, 1.9656)
(-0.9688, -2.3602, 2.179)
(-5.4927, 1.7417, 2.9629)
(-4.7716, -0.3898, 2.2104)
(-5.2704, 0.076, 2.2993)
(-2.2475, -1.7222, 2.5464)
(-1.4858, -2.1114, 2.5465)
(-5.639, 0.5837, 2.5108)
(-2.9056, -1.4032, 2.6036)
(-3.5477, -1.1049, 2.6743)
(-5.84, 1.1122, 2.8091)
(-4.1715, -0.7885, 2.7404)
(-5.9633, 1.5226, 3.0609)
(-4.7582, -0.4088, 2.7904)
(-5.3145, 0.0117, 2.8411)
(-1.7357, -1.9046, 3.0771)
(-2.2328, -1.6362, 3.1263)
(-5.8642, 0.3534, 2.9405)
(-2.8306, -1.309, 3.1887)
(-3.4559, -0.9914, 3.2591)
(-6.2184, 0.8032, 3.138)
(-4.0905, -0.697, 3.3323)
(-6.425, 1.2072, 3.3132)
(-4.717, -0.3765, 3.3941)
(-5.3109, 0.0244, 3.4346)
(-1.741, -1.7116, 3.5763)
(-2.1631, -1.4791, 3.6453)
(-5.9084, 0.3311, 3.4864)
(-2.7425, -1.1879, 3.7297)
(-3.3616, -0.8764, 3.8071)
(-6.4459, 0.5968, 3.5983)
(-3.9908, -0.5788, 3.8836)
(-1.7702, -1.4899, 3.8401)
(-6.785, 0.9214, 3.6684)
(-4.6261, -0.2802, 3.9515)
(-1.9879, -1.2737, 3.9771)
(-2.6209, -1.014, 4.1002)
(-5.2459, 0.0711, 3.9682)
(-3.2548, -0.7437, 4.2034)
(-5.8627, 0.3452, 4.0167)
(-3.888, -0.4583, 4.2868)
(-4.5324, -0.2096, 4.4005)
(-6.4351, 0.5718, 4.1262)
(-5.0434, 0.2407, 4.2673)
(-6.8407, 0.7971, 4.1624)
(-5.6882, 0.4786, 4.353)
(-6.6377, 0.7824, 4.4281)
(-6.3028, 0.7816, 4.5016)
(0.764, 4.6336, -2.7501)
(0.1165, 4.8079, -2.5934)
(-0.5655, 4.8854, -2.5108)
(-1.2539, 4.9066, -2.4736)
(-1.9222, 4.8264, -2.5508)
(-2.4411, 4.5605, -2.8324)
(0.7598, 4.3683, -2.3993)
(0.1193, 4.5479, -2.2361)
(-0.5605, 4.6227, -2.159)
(-2.6312, 4.1829, -3.2912)
(-1.2488, 4.6105, -2.1482)
(-2.6675, 3.8641, -3.5704)
(-1.9099, 4.5088, -2.2466)
(-2.408, 4.2234, -2.5519)
(-2.5967, 3.8453, -3.0176)
(-2.63, 3.5533, -3.4327)
(0.6412, 3.911, -2.1374)
(0.074, 4.1476, -1.8603)
(-0.5663, 4.255, -1.726)
(-1.2317, 4.2002, -1.7598)
(-1.8533, 4.0814, -1.9197)
(-2.3489, 3.7838, -2.2038)
(-2.6067, 3.4181, -2.6406)
(-2.7365, 3.1172, -3.0117)
(0.4734, 3.4067, -1.9935)
(-0.0574, 3.6379, -1.6378)
(-0.6007, 3.7953, -1.3632)
(-1.1683, 3.7055, -1.4933)
(-1.6064, 3.6213, -1.8495)
(-2.129, 3.3781, -2.0104)
(-2.5245, 3.0611, -2.3482)
(-2.7992, 2.6808, -2.5943)
(0.5232, 3.1596, -1.6076)
(-0.0809, 3.2409, -1.3357)
(-0.5914, 3.3055, -1.1178)
(-1.0203, 3.2178, -1.4004)
(-1.2637, 3.2324, -1.8292)
(-1.7435, 3.1645, -2.0779)
(-2.1655, 2.9462, -2.4149)
(-2.2754, 2.7886, -2.8897)
(0.6912, 3.355, -1.1534)
(0.1007, 3.2445, -0.931)
(-0.3201, 2.9921, -0.941)
(-0.6753, 2.9827, -1.2913)
(-1.0957, 2.8602, -1.5359)
(-1.5785, 2.781, -1.7869)
(-1.9893, 2.5865, -2.1239)
(-2.1927, 2.3859, -2.4998)
(0.9207, 3.331, -0.6441)
(0.3934, 3.1004, -0.5346)
(0.0201, 2.7792, -0.7607)
(-0.499, 2.7469, -0.9379)
(-1.0188, 2.5614, -1.1323)
(-1.5183, 2.4084, -1.3487)
(-1.9444, 2.1822, -1.6345)
(-2.1718, 1.9373, -1.9464)
(1.0672, 3.0829, -0.1577)
(0.5432, 2.8412, -0.1402)
(0.0029, 2.5602, -0.3439)
(-0.6084, 2.4403, -0.5159)
(-1.2082, 2.4003, -0.6499)
(-1.7598, 2.2828, -0.8419)
(-2.1852, 1.9921, -1.1033)
(-2.4378, 1.6998, -1.3555)
(1.0144, 2.7488, 0.2799)
(0.3955, 2.7776, 0.3243)
(-0.2062, 2.5485, 0.1821)
(-0.7976, 2.2916, 0.0027)
(-1.3935, 2.1565, -0.1598)
(-1.9656, 2.053, -0.3286)
(-2.4137, 1.7719, -0.5631)
(-2.6878, 1.4664, -0.7839)
(0.9519, 2.3551, 0.7205)
(0.3008, 2.4999, 0.8028)
(-0.3592, 2.4207, 0.7197)
(-0.9846, 2.2204, 0.55)
(-1.5782, 2.0174, 0.3717)
(-2.1408, 1.8107, 0.1899)
(-2.6173, 1.5257, -0.0289)
(-2.9322, 1.2358, -0.2245)
(0.916, 1.9691, 1.1842)
(0.2668, 2.1161, 1.2677)
(-0.4097, 2.0675, 1.1909)
(-1.0626, 1.9149, 1.0354)
(-1.6857, 1.732, 0.8668)
(-2.2768, 1.5223, 0.6909)
(-2.8067, 1.2756, 0.5007)
(-3.1762, 1.0143, 0.3346)
(0.8753, 1.5819, 1.6463)
(0.2476, 1.7265, 1.7318)
(-0.4141, 1.6349, 1.6151)
(-1.065, 1.4735, 1.444)
(-1.7177, 1.3248, 1.2967)
(-2.3627, 1.1883, 1.1685)
(-2.9702, 1.0474, 1.039)
(-3.4254, 0.8367, 0.9193)
(0.8297, 1.1804, 2.0975)
(0.2287, 1.3362, 2.1961)
(-0.4165, 1.2223, 2.0552)
(-1.072, 1.0993, 1.901)
(-1.7472, 1.0152, 1.7957)
(-2.4237, 0.9564, 1.7063)
(-3.0925, 0.9464, 1.6246)
(-3.8201, 0.8112, 1.573)
(0.7966, 0.7708, 2.5463)
(0.2051, 0.9593, 2.6686)
(-0.4425, 0.916, 2.5576)
(-1.1129, 0.9337, 2.4616)
(-1.7947, 0.9145, 2.381)
(-4.3154, 0.8508, 2.1082)
(-2.4721, 0.8787, 2.3018)
(-3.1389, 0.98, 2.2374)
(-4.8455, 0.7613, 2.79)
(-3.7935, 1.0762, 2.252)
(-5.3758, 1.0963, 3.1081)
(0.7635, 0.3488, 2.9821)
(-4.3922, 1.0656, 2.52)
(0.1651, 0.5875, 3.1312)
(-0.4886, 0.7169, 3.1059)
(-1.1635, 0.8368, 3.052)
(-5.4826, 1.16, 2.7199)
(-1.8445, 0.8873, 2.9841)
(-4.8997, 1.0583, 2.9316)
(-2.5198, 0.8889, 2.9106)
(-3.1708, 1.049, 2.8519)
(-5.2843, 1.1456, 3.0227)
(-3.7732, 1.2824, 2.8496)
(-5.3565, 1.3582, 2.6919)
(-4.3712, 1.3102, 3.0225)
(0.6982, -0.0905, 3.3334)
(0.0813, 0.1318, 3.48)
(-0.5541, 0.3334, 3.5635)
(-1.2263, 0.5717, 3.5829)
(-4.9822, 1.3717, 3.2503)
(-1.9053, 0.7613, 3.557)
(-2.5799, 0.886, 3.5043)
(-5.4723, 1.5158, 3.2725)
(-3.2372, 1.0679, 3.459)
(0.6345, -0.4288, 3.5416)
(-0.0074, -0.2761, 3.7055)
(-5.4615, 1.7912, 2.9932)
(-3.8627, 1.3256, 3.4684)
(-4.4965, 1.4592, 3.5936)
(-1.3678, 0.1275, 3.9601)
(-0.6294, -0.2862, 3.9102)
(-5.0711, 1.6091, 3.702)
(-2.0343, 0.4117, 3.9991)
(-2.6977, 0.6476, 4.0096)
(-5.622, 1.8509, 3.7109)
(-3.3616, 0.8729, 4.0015)
(-5.7753, 2.1096, 3.4465)
(-4.0241, 1.1296, 4.0266)
(-4.6942, 1.3836, 4.1324)
(-1.1008, -0.6081, 4.0855)
(-1.6107, -0.3671, 4.1438)
(-5.308, 1.6371, 4.2274)
(-2.2314, -0.0927, 4.2136)
(-2.8758, 0.1739, 4.2832)
(-5.8021, 1.9351, 4.2454)
(-3.5211, 0.4289, 4.3523)
(-6.083, 2.0966, 4.0183)
(-4.1685, 0.6896, 4.4385)
(-4.8253, 1.0012, 4.5025)
(-1.3992, -1.0449, 4.096)
(-1.852, -0.8616, 4.1224)
(-5.44, 1.3111, 4.6026)
(-2.4501, -0.6103, 4.2047)
(-3.0829, -0.3453, 4.3121)
(-5.9324, 1.6372, 4.6561)
(-3.7139, -0.0862, 4.4358)
(-1.6545, -1.2654, 4.0272)
(-6.2579, 1.9047, 4.593)
(-4.3328, 0.1703, 4.5332)
(-1.9894, -1.2565, 3.9916)
(-2.6229, -0.9979, 4.1162)
(-4.9233, 0.4871, 4.4576)
(-3.2569, -0.731, 4.2215)
(-5.5523, 0.8222, 4.5502)
(-3.8869, -0.4513, 4.306)
(-4.5168, -0.1991, 4.4265)
(-6.0708, 1.1527, 4.7009)
(-5.0187, 0.2399, 4.23)
(-6.3513, 1.4669, 4.8446)
(-5.6683, 0.4544, 4.286)
(-6.3274, 1.1262, 4.7204)
(-6.2894, 0.81, 4.5232)
(7.1841, -3.5051, 1.0033)
(6.2055, -2.1843, 0.6692)
(6.2778, -1.8692, 0.5057)
(6.4187, -1.9008, 0.1457)
(6.6736, -2.3636, 0.1069)
(6.9468, -2.8675, 0.3077)
(7.1705, -3.2993, 0.6266)
(-0.9919, 0.7832, -6.0576)
(-1.0537, 0.401, -5.7205)
(-1.1069, -0.0284, -5.3004)
(-1.1472, -0.4292, -4.8502)
(-1.1503, -0.7564, -4.3476)
(-1.114, -1.0237, -3.8041)
(-1.0598, -1.2723, -3.2522)
(-0.9985, -1.4997, -2.6906)
(-0.9407, -1.7195, -2.1255)
(-0.9018, -1.9664, -1.5734)
(-0.8832, -2.2522, -1.0456)
(-0.8175, -2.4146, -0.4955)
(-0.6971, -2.4408, 0.0943)
(-0.5785, -2.4719, 0.6942)
(-0.4624, -2.5093, 1.2973)
(-0.3697, -2.5468, 1.7818)
(-0.7684, 0.5972, -5.8648)
(-0.797, 0.157, -5.502)
(-0.8224, -0.2787, -5.0877)
(-0.8322, -0.6815, -4.65)
(-0.8193, -1.0035, -4.1432)
(-0.7839, -1.2866, -3.6089)
(-0.7284, -1.5322, -3.0558)
(-0.664, -1.7492, -2.4901)
(-0.6021, -1.9644, -1.9242)
(-0.5589, -2.2221, -1.3792)
(-0.5185, -2.475, -0.8484)
(-0.4182, -2.5364, -0.2713)
(-0.3043, -2.5586, 0.325)
(-0.1934, -2.5923, 0.9297)
(-0.0834, -2.6311, 1.5021)
(-0.0037, -2.6631, 1.9194)
(-0.7333, 0.9542, -6.1293)
(-0.2233, 1.1231, -5.7425)
(0.2921, 1.0161, -5.5818)
(0.8972, 0.8172, -5.586)
(1.4582, 1.0516, -5.4711)
(1.9217, 1.526, -5.3045)
(2.3046, 1.8958, -5.1148)
(7.0386, -3.4711, 1.3075)
(6.6346, -3.3365, 1.567)
(5.9846, -3.1958, 1.7952)
(5.3401, -3.1162, 2.0471)
(4.6921, -3.0293, 2.2679)
(4.0401, -2.9035, 2.4696)
(3.3858, -2.7987, 2.6848)
(2.7283, -2.6885, 2.8926)
(2.2237, -2.6511, 3.0062)
(2.3309, 1.7119, -4.7396)
(1.9332, 1.3559, -4.9229)
(1.4179, 0.9534, -5.0847)
(0.8006, 0.7243, -5.1903)
(0.1792, 0.7876, -5.2485)
(-0.2959, 0.7835, -5.4907)
(2.3375, 1.4098, -4.2698)
(1.8676, 1.2293, -4.4259)
(1.2844, 0.9537, -4.6124)
(0.6614, 0.7229, -4.6929)
(0.0706, 0.555, -4.8231)
(-0.3551, 0.3459, -5.1638)
(2.2792, 1.1165, -3.9057)
(1.8635, 0.9644, -4.0568)
(1.3763, 0.6501, -4.2612)
(0.79, 0.4, -4.3119)
(0.2227, 0.1553, -4.4958)
(-0.273, -0.1254, -4.8536)
(1.9656, 1.111, -3.9035)
(1.6192, 0.7823, -3.9339)
(1.3435, 0.2972, -3.9662)
(0.9599, -0.1025, -4.104)
(0.3917, -0.3671, -4.3541)
(-0.1918, -0.6223, -4.5872)
(1.8476, 0.8262, -3.4695)
(1.5662, 0.4572, -3.5048)
(1.3078, -0.0738, -3.5414)
(0.9797, -0.518, -3.7332)
(0.4503, -0.8315, -4.0191)
(-0.1577, -1.0408, -4.1792)
(1.8417, 0.4554, -2.8608)
(1.6726, 0.0173, -3.0683)
(1.3604, -0.4426, -3.1698)
(0.9232, -0.8233, -3.2897)
(0.4491, -1.1948, -3.5657)
(-0.1312, -1.3934, -3.6936)
(2.0944, 0.0428, -2.4059)
(1.8504, -0.3782, -2.6174)
(1.5292, -0.8436, -2.8328)
(1.1039, -1.2474, -3.0119)
(0.5575, -1.5709, -3.1535)
(-0.0802, -1.6873, -3.1716)
(2.3804, -0.3613, -1.9816)
(2.0662, -0.7491, -2.1623)
(1.6823, -1.1876, -2.3727)
(1.2265, -1.5766, -2.5501)
(0.6434, -1.8585, -2.6433)
(-0.0169, -1.9232, -2.6179)
(2.6621, -0.7488, -1.5566)
(2.2838, -1.1008, -1.7066)
(1.8138, -1.4896, -1.8713)
(1.3045, -1.8518, -2.0218)
(0.7098, -2.1258, -2.107)
(0.0491, -2.1559, -2.0624)
(2.949, -1.1216, -1.1349)
(2.5182, -1.4558, -1.2747)
(1.9931, -1.8389, -1.4249)
(1.4372, -2.212, -1.5624)
(0.8013, -2.4582, -1.6134)
(0.114, -2.4272, -1.5266)
(3.259, -1.4752, -0.7152)
(2.7638, -1.8176, -0.8692)
(2.1944, -2.2139, -1.0164)
(1.5827, -2.5898, -1.1195)
(0.8936, -2.7789, -1.1119)
(0.1766, -2.6874, -0.9944)
(5.9852, -2.3587, 0.6104)
(5.5476, -2.2653, 0.423)
(4.9466, -1.9921, 0.1773)
(4.2905, -1.7422, -0.0486)
(3.5984, -1.8415, -0.333)
(2.9684, -2.1841, -0.4586)
(2.3421, -2.5302, -0.5482)
(1.6792, -2.8217, -0.5898)
(0.9721, -2.8955, -0.5358)
(0.267, -2.7454, -0.4096)
(6.0265, -2.0485, 0.6348)
(5.5196, -1.9998, 0.4732)
(5.0092, -1.9626, 0.1652)
(4.4505, -2.0534, -0.0216)
(3.7833, -2.2411, -0.0513)
(3.1143, -2.4838, -0.044)
(2.4385, -2.6943, -0.0293)
(1.7474, -2.8456, -0.0074)
(1.0493, -2.8754, 0.0632)
(0.3644, -2.753, 0.1876)
(6.1094, -1.8668, 0.2876)
(5.6087, -2.0147, 0.1884)
(5.0831, -2.1087, 0.2075)
(4.5071, -2.1955, 0.321)
(3.8331, -2.3469, 0.361)
(3.1567, -2.5088, 0.4075)
(2.48, -2.6585, 0.4637)
(1.8064, -2.7966, 0.5389)
(1.1312, -2.8565, 0.6492)
(0.4623, -2.7709, 0.7886)
(6.346, -2.2068, 0.1327)
(5.8478, -2.334, 0.286)
(5.2511, -2.4569, 0.3498)
(4.6215, -2.6223, 0.3714)
(3.9524, -2.7764, 0.4883)
(3.2819, -2.9042, 0.6341)
(2.6096, -2.9912, 0.8005)
(1.9327, -3.0282, 1.0023)
(1.2449, -2.9685, 1.2227)
(0.5709, -2.8182, 1.3867)
(6.6229, -2.6515, 0.3337)
(6.1242, -2.7369, 0.5421)
(5.4864, -2.851, 0.63)
(4.82, -3.0078, 0.697)
(4.1457, -3.1413, 0.8581)
(3.4778, -3.1864, 1.0704)
(2.8078, -3.1605, 1.296)
(2.1272, -3.0812, 1.5406)
(1.4326, -2.967, 1.8028)
(0.6801, -2.828, 1.9358)
(6.8719, -3.1331, 0.5385)
(6.377, -3.1825, 0.7487)
(5.7653, -3.1956, 0.9575)
(5.0789, -3.2425, 1.1572)
(4.3735, -3.2829, 1.3753)
(3.7006, -3.2394, 1.6096)
(3.0313, -3.1656, 1.8429)
(2.3633, -3.0709, 2.074)
(1.775, -2.9663, 2.2738)
(7.0276, -3.445, 0.9372)
(6.5541, -3.4215, 1.1633)
(5.9455, -3.331, 1.4062)
(5.2661, -3.2574, 1.6567)
(4.5702, -3.1946, 1.8913)
(3.9019, -3.0979, 2.1126)
(3.2398, -3.0048, 2.337)
(2.5846, -2.9057, 2.5513)
(2.0423, -2.8381, 2.7202)
(1.693, -2.8821, 2.5838)
(2.1795, -2.9573, 2.4257)
(2.8092, -3.0539, 2.2177)
(3.4743, -3.143, 1.9905)
(4.1428, -3.2243, 1.7601)
(4.8275, -3.2786, 1.5294)
(5.5426, -3.2765, 1.2949)
(6.1854, -3.328, 1.0578)
(6.743, -3.3414, 0.8256)
(1.2905, -2.9118, 2.1593)
(1.913, -3.0313, 1.9303)
(2.5815, -3.1381, 1.6897)
(3.2533, -3.2174, 1.4541)
(3.9234, -3.25, 1.222)
(4.5999, -3.21, 1.0064)
(5.2961, -3.0836, 0.8459)
(5.9484, -3.0041, 0.7146)
(6.5308, -2.9292, 0.5365)
(0.2919, -2.7433, 1.6879)
(0.9674, -2.9043, 1.6208)
(1.6756, -3.0372, 1.391)
(2.3653, -3.0993, 1.1416)
(3.0391, -3.1005, 0.9226)
(3.7088, -3.0396, 0.7268)
(4.3759, -2.9165, 0.556)
(5.0398, -2.7429, 0.4688)
(5.6763, -2.5804, 0.479)
(6.2637, -2.4817, 0.3217)
(0.1897, -2.7087, 1.1621)
(0.8452, -2.865, 1.0178)
(1.5221, -2.9265, 0.8505)
(2.1956, -2.8566, 0.6972)
(2.8687, -2.743, 0.5754)
(3.543, -2.6057, 0.4785)
(4.2175, -2.4568, 0.3932)
(4.8691, -2.3201, 0.3139)
(5.4321, -2.2136, 0.2133)
(5.9833, -2.0761, 0.1707)
(0.0809, -2.6716, 0.5569)
(0.748, -2.8219, 0.4192)
(1.431, -2.8424, 0.3104)
(2.1151, -2.7309, 0.2546)
(2.7983, -2.5766, 0.2177)
(3.4751, -2.3888, 0.1843)
(4.1496, -2.1962, 0.1596)
(4.7858, -2.0479, 0.1594)
(5.2799, -1.9831, 0.2299)
(5.8118, -1.941, 0.4278)
(-0.0234, -2.6494, -0.0427)
(0.6599, -2.8353, -0.1766)
(1.3644, -2.9085, -0.2797)
(2.0623, -2.7657, -0.3024)
(2.7286, -2.5135, -0.2783)
(3.3815, -2.2201, -0.2369)
(4.0508, -1.9589, -0.1521)
(4.6939, -1.9352, 0.0299)
(5.2512, -2.0222, 0.3266)
(5.7837, -2.1877, 0.6136)
(-0.1293, -2.6317, -0.6358)
(0.5731, -2.82, -0.7746)
(1.2918, -2.8381, -0.8651)
(1.9644, -2.5671, -0.8384)
(2.5756, -2.1898, -0.7305)
(3.1593, -1.8153, -0.5894)
(3.7057, -1.4849, -0.4238)
(-0.2016, -2.4731, -1.1901)
(0.494, -2.6374, -1.3286)
(1.1936, -2.5569, -1.3773)
(1.8122, -2.2231, -1.2905)
(2.3732, -1.8324, -1.1485)
(2.89, -1.4556, -0.9956)
(3.2831, -1.1626, -0.857)
(-0.25, -2.1962, -1.7224)
(0.4183, -2.3237, -1.841)
(1.0725, -2.1768, -1.8356)
(1.6357, -1.8413, -1.714)
(2.1513, -1.4691, -1.5633)
(2.6201, -1.0954, -1.4126)
(2.9655, -0.7939, -1.2823)
(-0.3131, -1.9644, -2.2789)
(0.3485, -2.0494, -2.3728)
(0.9832, -1.8667, -2.3389)
(1.5149, -1.5303, -2.2063)
(1.964, -1.1346, -2.0264)
(2.364, -0.7289, -1.8462)
(2.6588, -0.4005, -1.6974)
(-0.3799, -1.7514, -2.8449)
(0.2842, -1.8036, -2.9213)
(0.9083, -1.593, -2.8695)
(1.4145, -1.2378, -2.7208)
(1.7872, -0.7974, -2.5031)
(2.1102, -0.3489, -2.2851)
(2.354, 0.0078, -2.1118)
(-0.4393, -1.5118, -3.3995)
(0.2103, -1.5084, -3.4287)
(0.7535, -1.2151, -3.2593)
(1.2269, -0.8401, -3.0621)
(1.617, -0.4282, -2.9499)
(1.8609, 0.0491, -2.725)
(2.0207, 0.4317, -2.523)
(-0.4791, -1.2212, -3.9278)
(0.1682, -1.1539, -3.9001)
(0.6938, -0.8445, -3.6443)
(1.1487, -0.4739, -3.388)
(1.4649, -0.0136, -3.3225)
(1.7327, 0.4686, -3.2214)
(1.8867, 0.7897, -3.0929)
(-0.4982, -0.8836, -4.4243)
(0.1428, -0.7448, -4.3302)
(0.7186, -0.4731, -4.0791)
(1.2043, -0.1462, -3.8331)
(1.4097, 0.396, -3.7354)
(1.7356, 0.8426, -3.7606)
(2.0083, 1.1379, -3.7048)
(-0.5138, -0.4689, -4.8333)
(0.0452, -0.2436, -4.5813)
(0.5994, 0.0313, -4.2924)
(1.1532, 0.2901, -4.1583)
(1.5688, 0.6775, -4.0765)
(1.9328, 1.0242, -3.9364)
(2.3284, 1.1617, -3.9069)
(-0.5334, -0.0066, -5.1906)
(-0.1287, 0.2551, -4.7919)
(0.4091, 0.4906, -4.5288)
(0.9991, 0.7177, -4.4475)
(1.6257, 0.9574, -4.3436)
(2.1078, 1.2087, -4.0776)
(2.5697, 1.208, -4.0652)
(-0.5261, 0.4586, -5.5508)
(-0.1516, 0.6629, -5.1369)
(0.4061, 0.6864, -4.9953)
(1.0243, 0.8381, -4.891)
(1.6336, 1.1281, -4.7842)
(2.1255, 1.4605, -4.5745)
(2.5338, 1.6601, -4.4774)
(-0.492, 0.8695, -5.8351)
(-0.0234, 0.9867, -5.4661)
(0.54, 0.7872, -5.4306)
(1.1731, 0.8222, -5.3446)
(1.7071, 1.2028, -5.221)
(2.1452, 1.6424, -5.0247)
(2.477, 1.961, -4.8582)
(1.9406, -2.7508, 2.9208)
(2.3716, -2.7589, 2.8212)
(2.9895, -2.851, 2.6308)
(3.6476, -2.9523, 2.4153)
(4.3064, -3.0555, 2.1962)
(4.9728, -3.1658, 1.9852)
(5.6491, -3.2305, 1.7355)
(6.2942, -3.3492, 1.4885)
(6.8625, -3.4508, 1.2549)
(7.3849, -3.2531, 1.7184)
(6.329, -2.5467, 0.5206)
(6.6263, -2.2761, 0.4402)
(6.9917, -1.9885, 0.6427)
(7.3637, -2.0127, 1.1445)
(7.5717, -2.2959, 1.628)
(7.5659, -2.8259, 1.7641)
(0.7707, 4.5181, -2.5706)
(0.717, 4.1603, -2.2473)
(0.5438, 3.6487, -2.076)
(0.4727, 3.2242, -1.826)
(0.597, 3.2407, -1.3848)
(0.8048, 3.3846, -0.9024)
(1.0169, 3.2234, -0.3941)
(1.0559, 2.9246, 0.0644)
(0.9781, 2.5551, 0.4974)
(0.9329, 2.1604, 0.9508)
(0.897, 1.777, 1.4166)
(0.8519, 1.3828, 1.8728)
(0.8115, 0.9761, 2.3219)
(0.7829, 0.564, 2.7691)
(0.7333, 0.1229, 3.1748)
(0.6653, -0.2702, 3.4497)
(1.0592, 4.2476, -2.509)
(0.8954, 3.7807, -2.3181)
(0.7435, 3.2907, -2.1633)
(0.8369, 3.1299, -1.7363)
(1.0018, 3.3435, -1.2792)
(1.2094, 3.2918, -0.7667)
(1.3318, 3.0191, -0.2635)
(1.3033, 2.6284, 0.1805)
(1.2476, 2.2179, 0.6203)
(1.1944, 1.8195, 1.0713)
(1.1164, 1.4117, 1.5072)
(1.0375, 0.9965, 1.9373)
(1.0089, 0.5876, 2.3832)
(1.0114, 0.1855, 2.8355)
(0.9916, -0.2165, 3.2327)
(0.947, -0.5503, 3.4796)
(1.0601, 4.4875, -2.846)
(1.5555, 4.0549, -3.0234)
(1.9815, 3.5258, -3.1213)
(2.3945, 3.1384, -3.3911)
(2.791, 2.9423, -3.9058)
(2.8953, 2.6593, -4.4157)
(2.7003, 2.3044, -4.7953)
(7.1211, -3.3909, 1.6039)
(6.6106, -3.311, 1.5857)
(5.9437, -3.168, 1.7948)
(5.3245, -3.0977, 2.0431)
(4.6852, -3.0078, 2.2768)
(4.0359, -2.8866, 2.4845)
(3.3839, -2.7844, 2.7018)
(2.7293, -2.675, 2.9085)
(2.2634, -2.5469, 3.0931)
(2.6601, 2.0021, -4.508)
(2.9072, 2.3466, -4.1201)
(2.9282, 2.7616, -3.6518)
(2.6114, 3.1675, -3.2465)
(2.1444, 3.5646, -2.9643)
(1.6197, 3.9406, -2.7415)
(2.7034, 1.5752, -4.1261)
(2.9208, 1.9269, -3.7428)
(2.8554, 2.3693, -3.3182)
(2.4639, 2.8176, -3.0506)
(1.9511, 3.2002, -2.8936)
(1.4058, 3.5063, -2.6676)
(2.6255, 1.243, -3.771)
(2.7589, 1.613, -3.3832)
(2.6462, 2.0366, -2.9371)
(2.3246, 2.4928, -2.6558)
(1.8744, 2.8504, -2.58)
(1.3091, 3.0609, -2.4542)
(2.2357, 1.3242, -3.6346)
(2.3304, 1.6096, -3.2079)
(2.2439, 1.8577, -2.6943)
(2.002, 2.1713, -2.3703)
(1.7735, 2.6902, -2.2371)
(1.4205, 3.0217, -1.9982)
(2.0505, 1.0817, -3.2289)
(2.1102, 1.3726, -2.8219)
(2.0078, 1.598, -2.2998)
(1.8214, 1.9275, -1.9808)
(1.6568, 2.5301, -1.8136)
(1.4505, 3.076, -1.5379)
(2.0029, 0.707, -2.6501)
(2.0598, 1.0317, -2.2879)
(2.0743, 1.3916, -1.8364)
(2.0899, 1.8451, -1.5773)
(1.9546, 2.4322, -1.3919)
(1.6737, 2.951, -1.0649)
(2.2912, 0.3538, -2.215)
(2.3785, 0.7454, -1.8945)
(2.4696, 1.2242, -1.5525)
(2.4641, 1.7175, -1.2561)
(2.1972, 2.2071, -0.9264)
(1.8125, 2.656, -0.574)
(2.5892, -0.0251, -1.7924)
(2.6894, 0.4075, -1.5012)
(2.7169, 0.9144, -1.1624)
(2.5621, 1.3916, -0.8181)
(2.2234, 1.8402, -0.461)
(1.8061, 2.267, -0.1127)
(2.867, -0.408, -1.3711)
(2.8978, 0.0356, -1.0766)
(2.7862, 0.5264, -0.7274)
(2.5039, 0.9782, -0.3858)
(2.1413, 1.4194, -0.0334)
(1.742, 1.852, 0.326)
(3.1342, -0.7831, -0.9459)
(3.0244, -0.3536, -0.6514)
(2.7449, 0.1023, -0.3184)
(2.3657, 0.5341, -0.0026)
(1.9842, 0.9746, 0.3476)
(1.6282, 1.4217, 0.7357)
(3.4091, -1.1202, -0.4929)
(3.1112, -0.7218, -0.2137)
(2.6952, -0.3074, 0.0935)
(2.264, 0.1182, 0.4005)
(1.8462, 0.5473, 0.7378)
(1.4844, 0.9837, 1.1254)
(6.0252, -2.5191, 0.6078)
(5.6157, -2.3366, 0.4512)
(4.9974, -2.0276, 0.2172)
(4.3315, -1.7358, -0.0073)
(3.7723, -1.3346, -0.0013)
(3.2985, -0.9455, 0.2951)
(2.8156, -0.5692, 0.6016)
(2.3636, -0.1507, 0.9113)
(1.8871, 0.2288, 1.2238)
(1.4151, 0.5845, 1.5577)
(6.2843, -2.4599, 0.5504)
(5.7904, -2.3349, 0.6363)
(5.2344, -1.9603, 0.5102)
(4.6698, -1.6022, 0.405)
(4.0909, -1.3355, 0.5553)
(3.5417, -1.0421, 0.8414)
(3.0265, -0.7154, 1.1481)
(2.5517, -0.3251, 1.4577)
(2.0317, 0.0003, 1.7602)
(1.4644, 0.2536, 2.0444)
(6.5641, -2.1422, 0.6255)
(6.0979, -2.0929, 0.8283)
(5.5681, -1.7583, 0.864)
(4.9665, -1.4928, 0.9127)
(4.3716, -1.313, 1.1191)
(3.795, -1.0835, 1.3953)
(3.2488, -0.8246, 1.7)
(2.7235, -0.5124, 2.0045)
(2.1528, -0.2627, 2.2954)
(1.544, -0.0761, 2.5484)
(6.9353, -2.0106, 0.9805)
(6.4302, -1.9482, 1.1826)
(5.8655, -1.7272, 1.3368)
(5.2362, -1.5196, 1.4835)
(4.625, -1.3446, 1.6836)
(4.0293, -1.161, 1.9437)
(3.4461, -0.9683, 2.2393)
(2.8497, -0.7748, 2.5312)
(2.2121, -0.6131, 2.8056)
(1.5801, -0.4456, 3.0294)
(7.2575, -2.1364, 1.5)
(6.7103, -2.0893, 1.6759)
(6.1011, -1.9376, 1.8436)
(5.4754, -1.7311, 2.0059)
(4.8211, -1.5651, 2.1867)
(4.1875, -1.4572, 2.4171)
(3.5655, -1.3185, 2.6858)
(2.9171, -1.192, 2.9466)
(2.2328, -1.0951, 3.1937)
(1.5464, -0.869, 3.3957)
(7.3872, -2.5524, 1.8244)
(6.8185, -2.5026, 1.9794)
(6.1674, -2.4102, 2.1368)
(5.531, -2.2481, 2.2656)
(4.8662, -2.0728, 2.4379)
(4.2204, -1.9667, 2.6748)
(3.5723, -1.8506, 2.9027)
(2.915, -1.7387, 3.1182)
(2.3261, -1.6539, 3.3063)
(7.2808, -3.0671, 1.7481)
(6.7127, -2.9998, 1.8429)
(6.0332, -2.8981, 2.035)
(5.3958, -2.7632, 2.2158)
(4.7686, -2.619, 2.4157)
(4.1355, -2.5101, 2.6545)
(3.4837, -2.3963, 2.8561)
(2.833, -2.281, 3.0488)
(2.3032, -2.1874, 3.2352)
(2.0981, -1.9045, 3.3701)
(2.5804, -1.9748, 3.1986)
(3.2062, -2.0787, 3.0044)
(3.8612, -2.195, 2.8016)
(4.5078, -2.3053, 2.577)
(5.1442, -2.43, 2.3438)
(5.7944, -2.6153, 2.2047)
(6.4346, -2.7159, 2.0334)
(7.1, -2.8025, 1.8781)
(1.9721, -1.3364, 3.3857)
(2.5991, -1.4078, 3.1768)
(3.2587, -1.5101, 2.9505)
(3.903, -1.6324, 2.705)
(4.5417, -1.7472, 2.4604)
(5.1971, -1.8598, 2.2551)
(5.8594, -2.0744, 2.1075)
(6.4689, -2.2106, 1.959)
(7.1009, -2.3097, 1.7934)
(1.272, -0.5199, 3.2927)
(1.88, -0.7651, 3.141)
(2.5607, -0.8972, 2.8949)
(3.2103, -1.036, 2.6246)
(3.8203, -1.1961, 2.3392)
(4.426, -1.3527, 2.0678)
(5.0508, -1.4945, 1.8554)
(5.6844, -1.6961, 1.6794)
(6.297, -1.8944, 1.5168)
(6.8547, -2.0346, 1.3345)
(1.2772, -0.1533, 2.9172)
(1.8785, -0.3384, 2.6855)
(2.4974, -0.5192, 2.4194)
(3.0778, -0.7506, 2.1255)
(3.631, -1.0027, 1.8228)
(4.2099, -1.205, 1.5305)
(4.7982, -1.4151, 1.2899)
(5.4133, -1.5741, 1.1266)
(6.0136, -1.8676, 1.0478)
(6.502, -2.0525, 0.8841)
(1.2348, 0.2171, 2.4396)
(1.8047, -0.0101, 2.1654)
(2.3795, -0.2556, 1.8834)
(2.8927, -0.5891, 1.5772)
(3.3938, -0.9368, 1.2708)
(3.9524, -1.186, 0.9706)
(4.5227, -1.4453, 0.7242)
(5.1196, -1.658, 0.6264)
(5.6641, -2.0756, 0.7277)
(6.1877, -2.3044, 0.6604)
(1.2035, 0.5893, 1.9686)
(1.6869, 0.2598, 1.6406)
(2.2159, -0.0518, 1.3387)
(2.6838, -0.448, 1.0277)
(3.1598, -0.8388, 0.7198)
(3.6789, -1.1693, 0.4152)
(4.2103, -1.5261, 0.1836)
(4.8068, -1.8192, 0.2646)
(5.4003, -2.2059, 0.4601)
(5.9494, -2.4649, 0.5898)
(1.2554, 0.9911, 1.5304)
(1.6288, 0.5689, 1.145)
(2.0702, 0.1746, 0.8046)
(2.5118, -0.2488, 0.4898)
(2.9633, -0.6594, 0.1851)
(3.4048, -1.0478, -0.1154)
(3.75, -1.4643, -0.3892)
(1.3742, 1.4187, 1.1231)
(1.7222, 0.9768, 0.728)
(2.0929, 0.5314, 0.3545)
(2.5045, 0.0994, 0.0326)
(2.8969, -0.3292, -0.2763)
(3.189, -0.762, -0.592)
(3.3081, -1.1499, -0.8411)
(1.4765, 1.8417, 0.7052)
(1.8837, 1.4211, 0.3491)
(2.2542, 0.9768, -0.0204)
(2.6182, 0.5399, -0.3547)
(2.8971, 0.0859, -0.6888)
(3.0026, -0.391, -1.0255)
(2.9856, -0.7869, -1.2791)
(1.5421, 2.2544, 0.2663)
(1.9937, 1.8514, -0.0626)
(2.3779, 1.4126, -0.4198)
(2.6808, 0.9631, -0.7684)
(2.8084, 0.4781, -1.1189)
(2.7731, -0.014, -1.4474)
(2.6795, -0.3991, -1.7008)
(1.5872, 2.6648, -0.1783)
(2.0351, 2.2566, -0.5118)
(2.4049, 1.8079, -0.871)
(2.6245, 1.3347, -1.217)
(2.5826, 0.8336, -1.5326)
(2.5092, 0.3573, -1.8679)
(2.3691, -0.0001, -2.1269)
(1.5453, 3.0218, -0.6544)
(1.9501, 2.5902, -0.9917)
(2.2226, 2.0769, -1.3108)
(2.3092, 1.5417, -1.5315)
(2.2038, 1.1049, -1.877)
(2.1801, 0.6872, -2.2647)
(2.0297, 0.399, -2.5516)
(1.3649, 3.2466, -1.1619)
(1.6749, 2.772, -1.4562)
(1.8508, 2.1794, -1.7133)
(1.957, 1.6288, -1.8551)
(2.0239, 1.3635, -2.3093)
(2.0456, 1.0257, -2.7593)
(1.9153, 0.7936, -3.0958)
(1.2009, 3.1814, -1.6345)
(1.5878, 2.866, -1.8993)
(1.759, 2.3137, -2.1322)
(1.984, 1.8233, -2.2951)
(2.1678, 1.6662, -2.8018)
(2.1739, 1.3609, -3.2656)
(2.0411, 1.1664, -3.6771)
(1.0662, 3.0783, -2.1125)
(1.6292, 2.8997, -2.3451)
(2.0153, 2.5687, -2.4571)
(2.3254, 2.1073, -2.6146)
(2.5295, 1.7941, -3.0587)
(2.5109, 1.4177, -3.509)
(2.3453, 1.1656, -3.8876)
(1.0534, 3.3826, -2.4414)
(1.6065, 3.1215, -2.7037)
(2.1678, 2.8519, -2.7954)
(2.6034, 2.4111, -2.9616)
(2.8781, 1.9538, -3.3151)
(2.806, 1.5298, -3.7573)
(2.5884, 1.2143, -4.0602)
(1.2608, 3.9038, -2.5494)
(1.7981, 3.5929, -2.8263)
(2.3218, 3.2232, -3.0526)
(2.7635, 2.8027, -3.3155)
(2.9734, 2.3574, -3.7123)
(2.805, 1.9541, -4.1533)
(2.553, 1.6644, -4.4736)
(1.3576, 4.2246, -2.7646)
(1.862, 3.8081, -2.9458)
(2.3309, 3.3747, -3.1409)
(2.7279, 3.0292, -3.5408)
(2.9468, 2.7056, -4.0334)
(2.7866, 2.3245, -4.4894)
(2.5606, 2.0252, -4.8051)
(2.1066, -2.3295, 3.2545)
(2.4969, -2.4378, 3.0775)
(3.1055, -2.548, 2.8817)
(3.7599, -2.662, 2.6845)
(4.406, -2.7687, 2.4666)
(5.0364, -2.8898, 2.2408)
(5.6638, -3.0006, 2.03)
(6.309, -3.1109, 1.8116)
(6.9697, -3.2274, 1.6639)
(1.9584, 0.9617, -3.4448)
(2.091, 1.3426, -3.9371)
(2.5114, 1.887, -4.6831)
(5.8478, -2.441, 0.6099)
(5.3155, -2.1609, 0.2643)
(3.9936, -1.6193, -0.1862)
(3.4621, -1.3299, -0.6269)
(4.6285, -1.8588, 0.1302)
(2.5163, -0.2015, -1.908)
(2.2068, 0.2092, -2.3307)
(6.9675, -3.4037, 1.4722)
(2.5826, 0.9848, -3.8574)
(6.2778, -3.2438, 1.6806)
(5.6506, -3.12, 1.9094)
(5.0141, -3.094, 2.1808)
(4.3632, -2.9431, 2.3638)
(3.1291, -0.9827, -1.0712)
(3.7128, -2.847, 2.5903)
(3.0569, -2.7362, 2.7963)
(1.8436, 0.6216, -2.7439)
(2.4007, -2.6273, 3.0047)
(2.5755, 1.4375, -4.2679)
(2.822, -0.5981, -1.4902)
(-6.7636, 0.7832, 4.33)
(-5.1579, 1.5168, 3.1638)
(-5.3059, 1.7076, 3.079)
(-5.7206, 1.666, 2.9681)
(-6.1997, 1.366, 3.1794)
(-6.6316, 1.0512, 3.4688)
(-6.8529, 0.8388, 3.9206)
(-1.2124, 0.7409, -5.7931)
(-1.3108, 0.3266, -5.4079)
(-1.3924, -0.0974, -4.9832)
(-1.4529, -0.4731, -4.5268)
(-1.4316, -0.7411, -3.9909)
(-1.3752, -0.9838, -3.4376)
(-1.3157, -1.2194, -2.8805)
(-1.2632, -1.4508, -2.3205)
(-1.2294, -1.6998, -1.7682)
(-1.2239, -1.9891, -1.2377)
(-1.2054, -2.2507, -0.7099)
(-1.0983, -2.3208, -0.1338)
(-0.9687, -2.3505, 0.46)
(-0.8477, -2.386, 1.0636)
(-0.7353, -2.4234, 1.6358)
(-0.6599, -2.4669, 2.0531)
(-1.1071, 1.0729, -6.0748)
(-1.1294, 1.4461, -5.5678)
(-1.2237, 1.8313, -5.1039)
(-1.6641, 2.26, -4.8407)
(-2.116, 2.7172, -4.6141)
(-2.4352, 3.2152, -4.2705)
(-2.5788, 3.6166, -3.9119)
(-6.4783, 0.7824, 4.4768)
(-5.9955, 0.6301, 4.4273)
(-5.3658, 0.3596, 4.3102)
(-4.7879, 0.0156, 4.3339)
(-4.2102, -0.3339, 4.3437)
(-3.5714, -0.601, 4.2451)
(-2.9379, -0.8789, 4.1518)
(-2.3044, -1.1438, 4.0386)
(-1.8626, -1.3805, 3.9152)
(-2.6311, 3.3442, -3.594)
(-2.5195, 2.921, -3.9595)
(-2.2013, 2.4353, -4.2949)
(-1.7526, 1.9787, -4.5195)
(-1.3821, 1.5354, -4.8275)
(-1.3039, 1.1338, -5.3184)
(-2.7313, 2.9414, -3.1953)
(-2.6276, 2.5231, -3.5625)
(-2.2584, 2.0677, -3.8764)
(-1.8212, 1.6318, -4.0827)
(-1.5905, 1.1835, -4.445)
(-1.5189, 0.7507, -4.9741)
(-2.7423, 2.5922, -2.8782)
(-2.6505, 2.1392, -3.1888)
(-2.2927, 1.6401, -3.4909)
(-1.917, 1.1978, -3.7244)
(-1.7452, 0.7598, -4.085)
(-1.6661, 0.3214, -4.6014)
(-2.3659, 2.5272, -2.8987)
(-2.3183, 1.9184, -2.9211)
(-2.1745, 1.3267, -3.1096)
(-2.0519, 0.812, -3.4277)
(-2.027, 0.3567, -3.8311)
(-1.8825, -0.0648, -4.2661)
(-2.2383, 2.1733, -2.5904)
(-2.2733, 1.6389, -2.606)
(-2.3924, 1.179, -2.8325)
(-2.4683, 0.6969, -3.1971)
(-2.3085, 0.1383, -3.5001)
(-1.9455, -0.3408, -3.7774)
(-2.254, 1.8094, -2.0229)
(-2.5242, 1.4175, -2.2101)
(-2.7493, 0.9358, -2.4906)
(-2.6845, 0.394, -2.7786)
(-2.3664, -0.1329, -3.0156)
(-1.9025, -0.5883, -3.2335)
(-2.4742, 1.5131, -1.4458)
(-2.7098, 1.1072, -1.6884)
(-2.8692, 0.6089, -1.9864)
(-2.724, 0.0737, -2.2571)
(-2.3543, -0.4151, -2.4827)
(-1.8578, -0.84, -2.6855)
(-2.7116, 1.2594, -0.8871)
(-2.8346, 0.8149, -1.1431)
(-2.8936, 0.2939, -1.4483)
(-2.7336, -0.2331, -1.7257)
(-2.3576, -0.7094, -1.9526)
(-1.8343, -1.1055, -2.1416)
(-2.9361, 1.0228, -0.3373)
(-2.9534, 0.5535, -0.6)
(-2.9178, 0.0067, -0.9093)
(-2.7518, -0.5355, -1.1975)
(-2.3868, -1.025, -1.435)
(-1.8414, -1.4021, -1.6134)
(-3.1599, 0.7999, 0.2081)
(-3.1025, 0.3105, -0.066)
(-2.9983, -0.2659, -0.3824)
(-2.8294, -0.849, -0.6864)
(-2.47, -1.3723, -0.9388)
(-1.8863, -1.7349, -1.107)
(-3.4036, 0.6005, 0.7537)
(-3.301, 0.0708, 0.4436)
(-3.1694, -0.5438, 0.1136)
(-2.9651, -1.1695, -0.1895)
(-2.539, -1.691, -0.4239)
(-1.8977, -2.0168, -0.5798)
(-5.2288, 1.2756, 3.0469)
(-5.0379, 0.9577, 2.8571)
(-4.5515, 0.8018, 2.3822)
(-4.0561, 0.7883, 1.8049)
(-3.6896, 0.4073, 1.271)
(-3.4681, -0.1874, 0.9389)
(-3.2476, -0.797, 0.6269)
(-2.9524, -1.3999, 0.3477)
(-2.4459, -1.8414, 0.1431)
(-1.7789, -2.1001, 0.0001)
(-5.1298, 1.439, 3.086)
(-4.9651, 1.1451, 2.7077)
(-4.7386, 0.8694, 2.1677)
(-4.4049, 0.5002, 1.7606)
(-3.9739, 0.0299, 1.557)
(-3.5604, -0.4853, 1.3775)
(-3.1753, -0.9969, 1.1244)
(-2.7871, -1.5112, 0.8903)
(-2.2738, -1.9034, 0.7202)
(-1.6296, -2.1403, 0.5891)
(-5.4333, 1.55, 2.8473)
(-5.3188, 1.1269, 2.5108)
(-5.1376, 0.637, 2.1168)
(-4.7909, 0.1276, 1.8597)
(-4.3261, -0.3666, 1.7332)
(-3.8373, -0.8477, 1.6323)
(-3.3275, -1.2957, 1.5177)
(-2.7747, -1.6859, 1.4128)
(-2.1573, -1.9716, 1.3073)
(-1.5011, -2.1794, 1.1897)
(-5.9058, 1.3296, 2.9412)
(-5.7562, 0.8557, 2.6588)
(-5.4758, 0.3231, 2.3883)
(-5.0316, -0.1613, 2.2444)
(-4.5014, -0.6097, 2.1829)
(-3.9363, -1.0168, 2.1272)
(-3.3341, -1.3677, 2.0613)
(-2.6921, -1.6681, 1.9891)
(-2.0182, -1.943, 1.9115)
(-1.3673, -2.1975, 1.7897)
(-6.3312, 1.0133, 3.2302)
(-6.0679, 0.5711, 3.0341)
(-5.6019, 0.1799, 2.8789)
(-5.0352, -0.1918, 2.8137)
(-4.4706, -0.6088, 2.7669)
(-3.8627, -0.952, 2.7091)
(-3.229, -1.2533, 2.6381)
(-2.5769, -1.5595, 2.5732)
(-1.913, -1.894, 2.5254)
(-1.2519, -2.2364, 2.3408)
(-6.6337, 0.7529, 3.6391)
(-6.1968, 0.4604, 3.541)
(-5.6095, 0.1911, 3.4537)
(-5.0158, -0.1754, 3.4164)
(-4.4072, -0.5472, 3.3657)
(-3.7724, -0.8428, 3.2961)
(-3.1423, -1.1465, 3.2232)
(-2.5223, -1.4766, 3.156)
(-1.9749, -1.7764, 3.1005)
(-6.6535, 0.6839, 4.153)
(-6.1648, 0.4604, 4.0729)
(-5.5544, 0.2191, 3.9826)
(-4.9375, -0.1035, 3.9628)
(-4.3094, -0.4355, 3.9226)
(-3.6746, -0.725, 3.8447)
(-3.0514, -1.0319, 3.7694)
(-2.4382, -1.3397, 3.6869)
(-1.9372, -1.6007, 3.6091)
(-1.7545, -1.8105, 3.3481)
(-2.2075, -1.5675, 3.4041)
(-2.791, -1.2556, 3.4758)
(-3.4104, -0.936, 3.5476)
(-4.0424, -0.6396, 3.6217)
(-4.6778, -0.3342, 3.6876)
(-5.292, 0.039, 3.7211)
(-5.8996, 0.3295, 3.768)
(-6.4692, 0.5582, 3.8725)
(-1.6486, -2.002, 2.7996)
(-2.2366, -1.6836, 2.8386)
(-2.8649, -1.3535, 2.8953)
(-3.4999, -1.0461, 2.9659)
(-4.1319, -0.7456, 3.0368)
(-4.7395, -0.397, 3.0929)
(-5.3147, 0.0157, 3.1376)
(-5.902, 0.3276, 3.2048)
(-6.3577, 0.6812, 3.3513)
(-1.0083, -2.3355, 1.9562)
(-1.6142, -2.0764, 2.1674)
(-2.292, -1.7639, 2.2501)
(-2.9609, -1.4666, 2.3151)
(-3.6005, -1.166, 2.3849)
(-4.2098, -0.8236, 2.445)
(-4.7798, -0.4191, 2.4915)
(-5.3116, 0.0204, 2.5547)
(-5.7765, 0.444, 2.7063)
(-6.0446, 0.9523, 2.9562)
(-1.1119, -2.2973, 1.4297)
(-1.7579, -2.079, 1.5547)
(-2.4238, -1.8434, 1.6542)
(-3.0579, -1.5427, 1.7346)
(-3.6438, -1.1747, 1.8116)
(-4.1846, -0.7462, 1.8881)
(-4.6993, -0.2849, 1.9657)
(-5.1575, 0.2056, 2.0976)
(-5.4581, 0.7428, 2.3663)
(-5.6098, 1.2594, 2.7096)
(-1.2364, -2.2645, 0.8249)
(-1.8914, -2.0575, 0.9489)
(-2.5098, -1.798, 1.0776)
(-3.0088, -1.3818, 1.2284)
(-3.468, -0.9157, 1.411)
(-3.921, -0.4252, 1.5761)
(-4.3845, 0.0726, 1.6894)
(-4.7859, 0.5592, 1.9176)
(-5.0241, 0.9884, 2.3407)
(-5.1714, 1.3431, 2.8103)
(-1.368, -2.2276, 0.2288)
(-2.0346, -2.0047, 0.3605)
(-2.643, -1.6972, 0.5159)
(-3.0426, -1.1739, 0.7482)
(-3.3512, -0.6064, 1.036)
(-3.6583, -0.0456, 1.3176)
(-4.0114, 0.4806, 1.5889)
(-4.4373, 0.7711, 2.0026)
(-4.7941, 0.9524, 2.5396)
(-5.0885, 1.2022, 2.9908)
(-1.5048, -2.1912, -0.3598)
(-2.1909, -1.9469, -0.2245)
(-2.7857, -1.5758, -0.0469)
(-3.1296, -0.9953, 0.2147)
(-3.3199, -0.3654, 0.5264)
(-3.4738, 0.2399, 0.8583)
(-3.6157, 0.7848, 1.2019)
(-1.5638, -2.0193, -0.9127)
(-2.2296, -1.7441, -0.7778)
(-2.7461, -1.2995, -0.5745)
(-3.0042, -0.7078, -0.2906)
(-3.1429, -0.1039, 0.029)
(-3.2438, 0.4639, 0.3451)
(-3.3011, 0.9019, 0.6041)
(-1.5449, -1.7077, -1.4294)
(-2.1599, -1.4002, -1.2812)
(-2.633, -0.956, -1.0713)
(-2.8775, -0.4103, -0.7937)
(-2.9924, 0.151, -0.4866)
(-3.0385, 0.6886, -0.1867)
(-3.0518, 1.1072, 0.0451)
(-1.5403, -1.4138, -1.9584)
(-2.112, -1.068, -1.787)
(-2.5804, -0.6347, -1.5832)
(-2.8447, -0.1207, -1.3248)
(-2.9164, 0.4164, -1.0256)
(-2.8545, 0.9268, -0.7295)
(-2.8017, 1.3332, -0.5077)
(-1.5686, -1.1564, -2.5069)
(-2.1072, -0.7727, -2.3163)
(-2.5658, -0.3292, -2.1094)
(-2.8368, 0.1813, -1.8604)
(-2.8631, 0.7086, -1.5664)
(-2.6704, 1.1806, -1.2778)
(-2.5432, 1.5707, -1.0665)
(-1.6169, -0.9142, -3.0611)
(-2.1272, -0.5002, -2.8559)
(-2.5619, -0.0323, -2.6402)
(-2.8095, 0.5016, -2.3937)
(-2.7773, 1.0363, -2.1042)
(-2.4664, 1.476, -1.8325)
(-2.2621, 1.8182, -1.6444)
(-1.6766, -0.6747, -3.614)
(-2.159, -0.2356, -3.3927)
(-2.5165, 0.2798, -3.1453)
(-2.6345, 0.8412, -2.8586)
(-2.4908, 1.294, -2.5222)
(-2.2955, 1.7646, -2.3638)
(-2.169, 2.1855, -2.2841)
(-1.7175, -0.4337, -4.1629)
(-2.0948, 0.0183, -3.8813)
(-2.2318, 0.4733, -3.4871)
(-2.2508, 1.0201, -3.1545)
(-2.2304, 1.4845, -2.8169)
(-2.2598, 2.093, -2.7841)
(-2.2687, 2.6446, -2.8009)
(-1.6464, -0.1076, -4.624)
(-1.8416, 0.3401, -4.2152)
(-1.898, 0.7418, -3.7201)
(-2.0641, 1.2193, -3.4398)
(-2.3833, 1.7199, -3.1509)
(-2.5515, 2.32, -2.9707)
(-2.556, 2.7666, -2.7931)
(-1.517, 0.3162, -5.0149)
(-1.6214, 0.7596, -4.5197)
(-1.7423, 1.199, -4.0302)
(-2.0569, 1.6428, -3.7944)
(-2.5227, 2.0704, -3.5374)
(-2.7582, 2.5471, -3.1785)
(-2.7694, 2.8892, -2.8214)
(-1.3842, 0.7459, -5.4067)
(-1.4277, 1.1558, -4.8938)
(-1.6109, 1.59, -4.4415)
(-1.9983, 2.0419, -4.2002)
(-2.4324, 2.4925, -3.949)
(-2.6457, 2.96, -3.5751)
(-2.684, 3.3259, -3.2409)
(-1.2307, 1.1108, -5.7169)
(-1.1994, 1.4801, -5.1931)
(-1.4811, 1.9066, -4.8107)
(-1.9489, 2.3462, -4.5904)
(-2.3404, 2.8299, -4.3092)
(-2.5626, 3.3048, -3.9326)
(-2.6118, 3.6566, -3.6017)
(-1.7363, -1.6026, 3.735)
(-2.1035, -1.3769, 3.8287)
(-2.6844, -1.1047, 3.9298)
(-3.3092, -0.8108, 4.0184)
(-3.9397, -0.5201, 4.1006)
(-4.5711, -0.2299, 4.1726)
(-5.1638, 0.1332, 4.1511)
(-5.7854, 0.403, 4.2067)
(-6.362, 0.6414, 4.3203)
(-6.3488, 1.2821, 4.8114)
(-5.4217, 1.2297, 2.6561)
(-5.3703, 1.5614, 2.8136)
(-5.6059, 1.9877, 3.2049)
(-5.9419, 2.1343, 3.7198)
(-6.1842, 2.0301, 4.3255)
(-6.3174, 1.696, 4.7721)
(0.446, 4.4698, -2.3069)
(0.3681, 4.038, -1.9827)
(0.2069, 3.5228, -1.8173)
(0.2119, 3.1953, -1.478)
(0.3804, 3.3266, -1.0295)
(0.6369, 3.2567, -0.5506)
(0.804, 3.0015, -0.1142)
(0.7073, 2.8008, 0.3293)
(0.6325, 2.4536, 0.783)
(0.6016, 2.0691, 1.2492)
(0.5773, 1.6885, 1.7207)
(0.55, 1.2982, 2.1851)
(0.5211, 0.9012, 2.6447)
(0.4783, 0.4854, 3.0831)
(0.3934, 0.0261, 3.4156)
(0.3157, -0.3375, 3.6171)
(0.4472, 4.7373, -2.6632)
(-0.2224, 4.8549, -2.5451)
(-0.9097, 4.9039, -2.4841)
(-1.5953, 4.8857, -2.4918)
(-2.2162, 4.7163, -2.662)
(-2.5699, 4.3727, -3.0575)
(-2.6608, 4.0167, -3.4779)
(-6.3071, 0.9697, 4.6213)
(-5.9788, 0.6322, 4.4046)
(-5.3435, 0.3472, 4.258)
(-4.7678, 0.0204, 4.3283)
(-4.2018, -0.3252, 4.3663)
(-3.5719, -0.5912, 4.2638)
(-2.9399, -0.8645, 4.1689)
(-2.3062, -1.1272, 4.0539)
(-1.814, -1.2774, 4.0052)
(-2.6301, 3.6829, -3.2233)
(-2.5335, 4.0334, -2.7817)
(-2.1932, 4.3877, -2.3706)
(-1.5886, 4.5776, -2.1772)
(-0.9048, 4.6254, -2.1445)
(-0.2177, 4.5982, -2.1882)
(-2.6766, 3.2605, -2.8363)
(-2.5045, 3.598, -2.4168)
(-2.1262, 3.9528, -2.0405)
(-1.5519, 4.1555, -1.8264)
(-0.9002, 4.2396, -1.7237)
(-0.2393, 4.2235, -1.7728)
(-2.6388, 2.9052, -2.5245)
(-2.3557, 3.2197, -2.1581)
(-1.8638, 3.5201, -1.9347)
(-1.3898, 3.669, -1.6806)
(-0.8953, 3.7651, -1.3749)
(-0.3226, 3.743, -1.4678)
(-2.2714, 2.8312, -2.6061)
(-1.9828, 3.0667, -2.2335)
(-1.4811, 3.2194, -1.9617)
(-1.1368, 3.2174, -1.6295)
(-0.8302, 3.2641, -1.2048)
(-0.3442, 3.2897, -1.1868)
(-2.1129, 2.4806, -2.3013)
(-1.8052, 2.6961, -1.9488)
(-1.3355, 2.8221, -1.6505)
(-0.8744, 2.9304, -1.4292)
(-0.4958, 2.9764, -1.102)
(-0.1283, 3.1049, -0.8891)
(-2.0913, 2.0701, -1.7877)
(-1.7482, 2.3021, -1.4847)
(-1.2719, 2.4835, -1.2347)
(-0.7636, 2.6682, -1.0306)
(-0.2247, 2.7534, -0.8583)
(0.2073, 2.9133, -0.6282)
(-2.3249, 1.8423, -1.2327)
(-1.9947, 2.1496, -0.9687)
(-1.4937, 2.3622, -0.7353)
(-0.9127, 2.4194, -0.5812)
(-0.2979, 2.482, -0.4398)
(0.2803, 2.684, -0.2306)
(-2.5648, 1.617, -0.6772)
(-2.212, 1.9286, -0.4416)
(-1.6879, 2.1183, -0.2379)
(-1.0953, 2.2088, -0.0808)
(-0.5017, 2.4101, 0.0913)
(0.0915, 2.6829, 0.2677)
(-2.7889, 1.3797, -0.13)
(-2.3974, 1.6746, 0.0817)
(-1.865, 1.9208, 0.2845)
(-1.2847, 2.1163, 0.4598)
(-0.6766, 2.3267, 0.6398)
(-0.032, 2.4846, 0.7783)
(-3.0064, 1.1479, 0.4162)
(-2.5578, 1.402, 0.5947)
(-1.9849, 1.6318, 0.7811)
(-1.378, 1.8259, 0.9513)
(-0.7398, 1.9983, 1.1178)
(-0.0728, 2.1115, 1.2447)
(-3.2198, 0.9569, 0.9817)
(-2.6787, 1.1216, 1.1025)
(-2.0413, 1.2555, 1.2322)
(-1.3915, 1.3968, 1.3665)
(-0.7399, 1.5551, 1.5293)
(-0.085, 1.7006, 1.6897)
(-5.4565, 1.1214, 2.8866)
(-5.1107, 0.9288, 2.9491)
(-4.5805, 0.8061, 2.4491)
(-4.0678, 0.831, 1.8406)
(-3.4286, 0.9093, 1.5964)
(-2.7593, 0.9532, 1.6629)
(-2.0861, 0.9791, 1.7505)
(-1.4081, 1.0545, 1.8439)
(-0.7416, 1.1543, 1.9719)
(-0.0946, 1.2971, 2.1413)
(-5.3491, 1.2417, 2.8905)
(-5.1232, 1.0857, 3.0358)
(-4.6556, 1.0546, 2.7363)
(-4.1034, 1.0795, 2.3516)
(-3.4697, 1.0396, 2.2229)
(-2.8065, 0.9167, 2.2664)
(-2.1346, 0.8861, 2.3406)
(-1.4535, 0.9334, 2.4214)
(-0.7749, 0.9181, 2.5035)
(-0.1171, 0.9463, 2.6258)
(-5.5139, 1.6419, 3.1576)
(-5.2741, 1.4294, 3.3004)
(-4.6755, 1.3298, 3.1457)
(-4.0707, 1.3115, 2.9162)
(-3.4759, 1.1801, 2.8347)
(-2.8507, 0.9455, 2.8788)
(-2.1835, 0.8806, 2.9466)
(-1.504, 0.8744, 3.0199)
(-0.8243, 0.7796, 3.0794)
(-0.1585, 0.6583, 3.1309)
(-5.7384, 1.9806, 3.6038)
(-5.3764, 1.7225, 3.7336)
(-4.7829, 1.523, 3.6537)
(-4.1846, 1.404, 3.5236)
(-3.5498, 1.202, 3.4503)
(-2.913, 0.9628, 3.4788)
(-2.2434, 0.8253, 3.532)
(-1.5662, 0.677, 3.5746)
(-0.8868, 0.4518, 3.5803)
(-0.2329, 0.2299, 3.5297)
(-5.9612, 2.0308, 4.1546)
(-5.5792, 1.7926, 4.26)
(-5.011, 1.504, 4.1835)
(-4.3615, 1.2592, 4.0744)
(-3.6916, 0.9985, 4.0046)
(-3.0299, 0.7578, 4.0057)
(-2.3664, 0.5344, 4.0078)
(-1.7002, 0.2753, 3.9834)
(-1.0335, -0.0353, 3.9304)
(-0.329, -0.2489, 3.8048)
(-6.109, 1.7774, 4.6347)
(-5.7074, 1.4768, 4.6426)
(-5.1425, 1.1549, 4.5505)
(-4.4978, 0.8423, 4.4694)
(-3.8435, 0.5544, 4.3967)
(-3.1985, 0.3027, 4.3157)
(-2.5538, 0.0426, 4.2492)
(-1.9111, -0.232, 4.1777)
(-1.3453, -0.4911, 4.1136)
(-6.2316, 1.3113, 4.7735)
(-5.8389, 0.9891, 4.626)
(-5.2382, 0.6546, 4.4823)
(-4.6259, 0.3224, 4.4964)
(-4.0276, 0.0378, 4.5038)
(-3.3986, -0.2139, 4.3704)
(-2.7668, -0.4774, 4.2569)
(-2.1375, -0.7421, 4.1576)
(-1.612, -0.9597, 4.1042)
(-1.2656, -0.8358, 4.11)
(-1.7375, -0.6245, 4.1525)
(-2.3435, -0.3623, 4.2291)
(-2.9805, -0.0957, 4.3219)
(-3.6168, 0.1621, 4.4271)
(-4.2485, 0.4189, 4.5274)
(-4.8737, 0.7324, 4.5205)
(-5.4947, 1.0626, 4.6208)
(-6.0008, 1.393, 4.7219)
(-0.8889, -0.4128, 4.012)
(-1.4818, -0.116, 4.0789)
(-2.1262, 0.1712, 4.1378)
(-2.7802, 0.4309, 4.1799)
(-3.4366, 0.6749, 4.2078)
(-4.0969, 0.9346, 4.2627)
(-4.7686, 1.2274, 4.3599)
(-5.387, 1.514, 4.458)
(-5.8714, 1.8292, 4.4861)
(0.0364, -0.0792, 3.6022)
(-0.6031, 0.08, 3.7382)
(-1.2833, 0.3634, 3.7938)
(-1.9599, 0.6132, 3.8016)
(-2.6305, 0.8018, 3.7774)
(-3.2935, 1.0037, 3.7458)
(-3.9419, 1.26, 3.7589)
(-4.5976, 1.4575, 3.8717)
(-5.1857, 1.6615, 3.9649)
(-5.7119, 1.9363, 3.9767)
(0.1268, 0.3629, 3.3236)
(-0.5167, 0.5503, 3.3524)
(-1.1898, 0.7313, 3.3314)
(-1.8698, 0.8474, 3.2796)
(-2.5454, 0.9037, 3.212)
(-3.1973, 1.0749, 3.1583)
(-3.8025, 1.3308, 3.1608)
(-4.4135, 1.4048, 3.306)
(-5.0129, 1.5083, 3.4611)
(-5.551, 1.7045, 3.4724)
(0.1897, 0.7808, 2.9074)
(-0.4638, 0.8223, 2.8339)
(-1.1382, 0.8935, 2.7585)
(-1.8199, 0.9028, 2.6831)
(-2.4958, 0.8767, 2.6063)
(-3.1529, 1.0146, 2.5448)
(-3.7784, 1.1906, 2.5472)
(-4.3785, 1.1916, 2.7569)
(-4.9421, 1.2119, 3.0735)
(-5.3661, 1.3099, 3.1196)
(0.2177, 1.1443, 2.4307)
(-0.4263, 1.0496, 2.2971)
(-1.0893, 0.9937, 2.1715)
(-1.7695, 0.9439, 2.0817)
(-2.4487, 0.9015, 1.9997)
(-3.1226, 0.9521, 1.9296)
(-3.7961, 0.9566, 1.9519)
(-4.3688, 0.9469, 2.3147)
(-4.8686, 0.9294, 2.8268)
(-5.2822, 1.0737, 2.9949)
(0.2386, 1.5311, 1.9636)
(-0.4134, 1.4211, 1.8296)
(-1.0647, 1.2652, 1.66)
(-1.7301, 1.146, 1.5332)
(-2.3953, 1.0531, 1.4279)
(-3.0397, 0.9774, 1.3262)
(-3.6228, 0.8239, 1.2461)
(0.2565, 1.9212, 1.4997)
(-0.4144, 1.8535, 1.405)
(-1.0678, 1.6983, 1.2426)
(-1.7065, 1.5304, 1.0821)
(-2.3246, 1.3525, 0.9275)
(-2.8919, 1.1523, 0.7659)
(-3.3008, 0.9255, 0.6269)
(0.2804, 2.3111, 1.0363)
(-0.3944, 2.2646, 0.9644)
(-1.038, 2.0981, 0.8043)
(-1.6443, 1.8998, 0.6292)
(-2.2154, 1.6759, 0.4448)
(-2.7147, 1.4012, 0.2363)
(-3.0542, 1.1251, 0.0551)
(0.3341, 2.6684, 0.565)
(-0.2964, 2.5144, 0.4552)
(-0.8988, 2.2691, 0.2793)
(-1.4889, 2.085, 0.1037)
(-2.0554, 1.9317, -0.0693)
(-2.5164, 1.6493, -0.2951)
(-2.81, 1.3511, -0.5042)
(0.4865, 2.8076, 0.0852)
(-0.0965, 2.5423, -0.0867)
(-0.6998, 2.342, -0.2672)
(-1.3054, 2.2768, -0.4076)
(-1.8736, 2.1814, -0.585)
(-2.3079, 1.8908, -0.8331)
(-2.5628, 1.5831, -1.0697)
(0.5054, 2.9552, -0.343)
(0.0558, 2.6535, -0.5789)
(-0.5298, 2.588, -0.7343)
(-1.0939, 2.4809, -0.8961)
(-1.6182, 2.3356, -1.1003)
(-2.044, 2.0729, -1.3713)
(-2.3048, 1.8185, -1.651)
(0.2467, 3.2062, -0.7291)
(-0.1261, 2.8867, -0.8686)
(-0.5489, 2.8783, -1.1365)
(-1.0327, 2.6915, -1.3435)
(-1.521, 2.5675, -1.5759)
(-1.939, 2.364, -1.8886)
(-2.1823, 2.1616, -2.2231)
(-0.0138, 3.2216, -1.1387)
(-0.4873, 3.1252, -1.0218)
(-0.8541, 3.0785, -1.3684)
(-1.1633, 3.0443, -1.7108)
(-1.6392, 2.9949, -1.9756)
(-2.0533, 2.7986, -2.3196)
(-2.234, 2.5872, -2.6948)
(-0.0929, 3.3951, -1.5046)
(-0.6176, 3.5399, -1.2288)
(-1.1178, 3.4404, -1.4323)
(-1.4254, 3.4204, -1.8607)
(-1.9291, 3.2695, -2.0528)
(-2.3514, 3.0036, -2.3798)
(-2.5373, 2.7347, -2.742)
(0.0092, 3.8988, -1.7407)
(-0.5802, 4.0358, -1.5293)
(-1.2054, 3.9619, -1.6029)
(-1.7552, 3.8464, -1.8547)
(-2.2688, 3.5577, -2.066)
(-2.5993, 3.2085, -2.4507)
(-2.7679, 2.899, -2.803)
(0.1085, 4.3669, -2.036)
(-0.5607, 4.4525, -1.945)
(-1.2444, 4.4193, -1.9523)
(-1.8972, 4.3073, -2.0666)
(-2.3885, 4.0134, -2.3778)
(-2.5989, 3.6391, -2.8394)
(-2.6833, 3.3352, -3.2222)
(0.12, 4.6891, -2.4211)
(-0.5625, 4.7626, -2.3442)
(-1.2515, 4.7682, -2.3193)
(-1.9164, 4.6772, -2.4071)
(-2.4245, 4.4015, -2.7006)
(-2.6093, 4.0228, -3.1639)
(-2.6539, 3.7099, -3.5366)
(-1.5218, -1.19, 4.0623)
(-1.9451, -1.0581, 4.0715)
(-2.5413, -0.8163, 4.1628)
(-3.1735, -0.5508, 4.2726)
(-3.8031, -0.2858, 4.3883)
(-4.4168, -0.0204, 4.4758)
(-4.9787, 0.3231, 4.3654)
(-5.6089, 0.6314, 4.4386)
(-6.1418, 0.9625, 4.6234)
(-2.2091, 2.406, -2.5638)
(-2.2937, 2.8258, -2.9318)
(-2.6296, 3.5485, -3.442)
(-5.3284, 1.1106, 3.0753)
(-4.8202, 0.776, 2.7309)
(-3.8121, 0.7874, 1.545)
(-3.4264, 0.8214, 0.9031)
(-4.3117, 0.8319, 2.1005)
(-2.6814, 1.4581, -0.7841)
(-2.4246, 1.6957, -1.3521)
(-6.2961, 0.7958, 4.5124)
(-2.7996, 2.6755, -2.6033)
(-5.6782, 0.4665, 4.3195)
(-5.0311, 0.2403, 4.2487)
(-4.5246, -0.2043, 4.4135)
(-3.8874, -0.4548, 4.2964)
(-3.1756, 1.0061, 0.3279)
(-3.2558, -0.7374, 4.2125)
(-2.6219, -1.006, 4.1082)
(-2.1422, 1.941, -1.9433)
(-1.9887, -1.2651, 3.9843)
(-2.7377, 3.1126, -3.0211)
(-2.9304, 1.2262, -0.2278)
(-0.7515, 0.7841, -6.0055)
(-0.2572, 0.9625, -5.6241)
(0.2419, 0.8987, -5.4254)
(0.8598, 0.7543, -5.4)
(1.4544, 0.9847, -5.2891)
(1.9389, 1.4321, -5.1263)
(-0.7832, 0.3832, -5.6946)
(-0.3376, 0.5737, -5.3331)
(2.3213, 1.8146, -4.937)
(0.1044, 0.6822, -5.0395)
(0.714, 0.7387, -4.9442)
(1.3372, 0.9699, -4.8472)
(1.8951, 1.303, -4.6797)
(2.3348, 1.5727, -4.5115)
(-0.8107, -0.0639, -5.2975)
(-0.3257, 0.1144, -4.9998)
(0.123, 0.3786, -4.6318)
(0.6981, 0.6039, -4.4747)
(1.3203, 0.8312, -4.4181)
(1.8815, 1.0997, -4.203)
(2.3339, 1.2379, -4.0444)
(-0.8299, -0.488, -4.8751)
(-0.2259, -0.3771, -4.7274)
(0.3182, -0.1019, -4.4253)
(0.8864, 0.1519, -4.2074)
(1.3765, 0.4724, -4.1233)
(1.7499, 0.8723, -4.0034)
(2.1263, 1.1121, -3.9084)
(-0.8286, -0.8508, -4.4036)
(-0.1708, -0.8426, -4.4007)
(0.4358, -0.6143, -4.2159)
(0.9923, -0.3307, -3.9446)
(1.3173, 0.1129, -3.7616)
(1.5606, 0.6436, -3.7482)
(1.8844, 0.9982, -3.7391)
(-0.8044, -1.149, -3.8781)
(-0.1464, -1.224, -3.9416)
(0.4434, -1.0168, -3.7916)
(0.9348, -0.666, -3.4964)
(1.3187, -0.2555, -3.3435)
(1.6075, 0.2395, -3.2805)
(1.8233, 0.6452, -3.1581)
(-0.7581, -1.414, -3.3345)
(-0.1085, -1.5484, -3.437)
(0.4951, -1.3864, -3.3622)
(0.9973, -1.0302, -3.1501)
(1.4378, -0.6437, -3.0091)
(1.7547, -0.1869, -2.8461)
(1.9478, 0.2508, -2.6196)
(-0.6966, -1.6431, -2.7739)
(-0.0492, -1.8097, -2.8972)
(0.6068, -1.7252, -2.9103)
(1.1796, -1.4283, -2.8057)
(1.6116, -1.025, -2.6169)
(1.9564, -0.5658, -2.3897)
(2.2392, -0.1614, -2.1943)
(-0.6317, -1.8541, -2.2058)
(0.0159, -2.0366, -2.3386)
(0.6751, -1.9872, -2.3717)
(1.2626, -1.7099, -2.2816)
(1.7458, -1.3375, -2.1193)
(2.1745, -0.9262, -1.9334)
(2.5211, -0.5568, -1.7689)
(-0.5777, -2.0865, -1.6481)
(0.0824, -2.2855, -1.7917)
(0.7531, -2.2843, -1.8561)
(1.3644, -2.0212, -1.7837)
(1.8967, -1.6571, -1.6395)
(2.398, -1.2771, -1.4864)
(2.8042, -0.9371, -1.3453)
(-0.5433, -2.3641, -1.1164)
(0.1434, -2.5739, -1.2645)
(0.849, -2.6343, -1.3695)
(1.5136, -2.4095, -1.3468)
(2.0967, -2.0287, -1.2226)
(2.6432, -1.6367, -1.0713)
(3.0991, -1.3006, -0.9247)
(-0.4742, -2.5238, -0.5651)
(0.2189, -2.736, -0.7071)
(0.9339, -2.8627, -0.8313)
(1.6365, -2.7303, -0.8658)
(2.2752, -2.3824, -0.7909)
(2.8716, -1.9978, -0.6627)
(3.4352, -1.6471, -0.5104)
(-0.3607, -2.5459, 0.0259)
(0.3159, -2.749, -0.1109)
(1.0106, -2.8954, -0.236)
(1.7164, -2.8598, -0.3003)
(2.399, -2.6474, -0.2934)
(3.0547, -2.3694, -0.2601)
(3.7133, -2.0733, -0.2038)
(4.3819, -1.9256, -0.0767)
(-0.2492, -2.5743, 0.6263)
(0.4126, -2.7582, 0.4867)
(1.0883, -2.8512, 0.3587)
(1.7732, -2.7974, 0.2774)
(4.9784, -1.9651, 0.1677)
(2.4571, -2.6574, 0.2354)
(3.1374, -2.4859, 0.2005)
(5.524, -2.1104, 0.4901)
(3.8121, -2.2904, 0.17)
(6.0057, -2.2033, 0.6602)
(4.4832, -2.1126, 0.1555)
(-0.1361, -2.612, 1.23)
(0.5154, -2.795, 1.0926)
(1.1823, -2.912, 0.9352)
(5.039, -2.0074, 0.1771)
(1.8596, -2.9032, 0.7703)
(2.5319, -2.8025, 0.6324)
(5.5448, -1.964, 0.3288)
(3.2058, -2.6769, 0.5249)
(3.8801, -2.5315, 0.4341)
(6.0534, -1.9082, 0.4817)
(-0.0405, -2.6479, 1.7254)
(4.5525, -2.3845, 0.3561)
(0.6267, -2.8279, 1.6629)
(5.1558, -2.2665, 0.2611)
(1.323, -2.9776, 1.5168)
(2.0228, -3.077, 1.2639)
(2.7034, -3.1073, 1.0282)
(5.7154, -2.1507, 0.1855)
(3.3743, -3.078, 0.8225)
(6.2129, -1.9912, 0.1582)
(4.0422, -2.9858, 0.6361)
(4.7102, -2.8333, 0.4953)
(5.3605, -2.6546, 0.4799)
(1.6, -2.9731, 2.0434)
(2.2427, -3.0869, 1.8113)
(2.9184, -3.1824, 1.5708)
(5.9864, -2.5278, 0.4197)
(3.5884, -3.2405, 1.3376)
(6.4854, -2.4262, 0.215)
(4.2588, -3.2428, 1.1094)
(4.9494, -3.1486, 0.9191)
(5.6283, -3.0385, 0.7817)
(1.9228, -2.9174, 2.5093)
(2.481, -3.0045, 2.3268)
(3.1416, -3.0999, 2.1049)
(6.2564, -2.9667, 0.6334)
(3.808, -3.1846, 1.8754)
(6.754, -2.8967, 0.4258)
(4.4803, -3.2593, 1.645)
(5.1876, -3.2767, 1.4126)
(2.1397, -2.7469, 2.8793)
(2.6651, -2.7988, 2.7334)
(5.8744, -3.2989, 1.1767)
(3.3185, -2.9024, 2.5241)
(3.9767, -3.0022, 2.3047)
(6.479, -3.3434, 0.9388)
(4.6377, -3.1144, 2.0929)
(6.9681, -3.3245, 0.7229)
(5.3122, -3.1973, 1.8633)
(5.9764, -3.2859, 1.6101)
(6.5998, -3.4057, 1.3719)
(7.0429, -3.4827, 1.1305)
(7.1995, -3.2494, 1.6772)
(6.1541, -2.5184, 0.571)
(6.4154, -2.3094, 0.5599)
(6.7439, -2.0415, 0.7684)
(7.1127, -2.0385, 1.2397)
(7.3535, -2.3139, 1.7103)
(7.3538, -2.8209, 1.8177)
(2.3257, -1.9366, 3.2864)
(2.8803, -2.0232, 3.1036)
(3.5345, -2.1368, 2.9042)
(4.1863, -2.2513, 2.6939)
(4.8249, -2.3597, 2.4525)
(5.4704, -2.5249, 2.2694)
(6.1097, -2.6734, 2.1232)
(6.7796, -2.7628, 1.9501)
(2.285, -1.3688, 3.2803)
(2.9266, -1.4554, 3.067)
(3.5836, -1.5701, 2.8292)
(4.2214, -1.6935, 2.5805)
(4.8661, -1.7938, 2.3502)
(5.5335, -1.9651, 2.1773)
(6.1634, -2.1516, 2.0357)
(6.7938, -2.2692, 1.8773)
(0.9711, -0.3903, 3.3697)
(1.5713, -0.6504, 3.222)
(2.22, -0.8375, 3.0241)
(2.8912, -0.963, 2.7619)
(3.5184, -1.1146, 2.4828)
(4.1215, -1.2774, 2.1982)
(4.736, -1.4199, 1.9548)
(5.3681, -1.5902, 1.7642)
(5.9958, -1.7983, 1.599)
(6.5834, -1.9807, 1.428)
(1.0055, -0.0204, 3.0496)
(1.5701, -0.2547, 2.7998)
(2.1904, -0.4238, 2.5582)
(2.7933, -0.6285, 2.2743)
(3.3537, -0.8806, 1.9745)
(3.9178, -1.1055, 1.6727)
(4.5021, -1.3155, 1.4024)
(5.1025, -1.4875, 1.1951)
(5.724, -1.7127, 1.087)
(6.2662, -1.9904, 0.98)
(1.0099, 0.3875, 2.6106)
(1.5062, 0.0922, 2.2953)
(2.0992, -0.1224, 2.0289)
(2.6424, -0.4131, 1.7316)
(3.1386, -0.772, 1.4239)
(3.6686, -1.0659, 1.1179)
(4.2346, -1.3215, 0.8364)
(4.8231, -1.5372, 0.6461)
(5.3965, -1.8592, 0.6744)
(5.9326, -2.2289, 0.7224)
(1.0165, 0.7906, 2.1581)
(1.429, 0.4138, 1.7965)
(1.9556, 0.111, 1.4899)
(2.4552, -0.2423, 1.1837)
(2.9163, -0.6512, 0.8733)
(3.417, -1.0051, 0.5661)
(3.9388, -1.3491, 0.2754)
(4.5052, -1.6688, 0.193)
(5.105, -2.011, 0.3604)
(5.6885, -2.3597, 0.5456)
(1.0733, 1.2042, 1.7213)
(1.4349, 0.7758, 1.3339)
(1.8447, 0.3724, 0.9697)
(2.2918, -0.0347, 0.6452)
(2.7353, -0.458, 0.3372)
(3.1922, -0.8535, 0.0325)
(3.5867, -1.2505, -0.2543)
(1.1583, 1.6172, 1.2913)
(1.5542, 1.2014, 0.9293)
(1.9005, 0.7526, 0.5347)
(2.2967, 0.3139, 0.1887)
(2.7074, -0.1136, -0.1201)
(3.0628, -0.5487, -0.4385)
(3.2646, -0.9601, -0.7233)
(1.2227, 2.0183, 0.8461)
(1.6918, 1.6389, 0.5351)
(2.0691, 1.1987, 0.1611)
(2.4403, 0.7581, -0.1907)
(2.7756, 0.3178, -0.5192)
(2.971, -0.1572, -0.8633)
(3.0025, -0.5973, -1.1605)
(1.2743, 2.4218, 0.3985)
(1.7794, 2.0611, 0.1095)
(2.1928, 1.6337, -0.2411)
(2.5456, 1.1905, -0.5948)
(2.7687, 0.726, -0.9435)
(2.8048, 0.224, -1.2906)
(2.7289, -0.2171, -1.5811)
(1.3298, 2.8322, -0.0367)
(1.8215, 2.4682, -0.3394)
(2.231, 2.0356, -0.6905)
(2.5457, 1.5749, -1.0486)
(2.6226, 1.0864, -1.3738)
(2.5486, 0.5842, -1.7037)
(2.4464, 0.1674, -2.0057)
(1.2896, 3.1745, -0.5084)
(1.7651, 2.8202, -0.8184)
(2.1043, 2.3415, -1.1637)
(2.2961, 1.8019, -1.4198)
(2.2596, 1.3164, -1.6872)
(2.1908, 0.8872, -2.0778)
(2.1231, 0.5298, -2.4195)
(1.1062, 3.36, -1.0287)
(1.548, 3.0391, -1.3054)
(1.7732, 2.4827, -1.604)
(1.9108, 1.8752, -1.7681)
(1.9933, 1.4824, -2.0533)
(2.0483, 1.1986, -2.5502)
(1.997, 0.8949, -2.9368)
(0.9142, 3.2308, -1.5086)
(1.429, 3.0608, -1.7648)
(1.6818, 2.6066, -2.0316)
(1.864, 2.0299, -2.1907)
(2.0927, 1.7342, -2.5219)
(2.1935, 1.5251, -3.05)
(2.1189, 1.2427, -3.4692)
(0.7674, 3.1507, -1.9725)
(1.3631, 3.0002, -2.2416)
(1.8403, 2.7596, -2.412)
(2.1773, 2.3316, -2.5078)
(2.4498, 1.9445, -2.8136)
(2.547, 1.6054, -3.2945)
(2.4369, 1.2767, -3.7034)
(0.797, 3.5161, -2.262)
(1.3233, 3.2487, -2.5952)
(1.8958, 3.0007, -2.7582)
(2.4017, 2.6462, -2.8573)
(2.7751, 2.18, -3.1163)
(2.8789, 1.7305, -3.542)
(2.7007, 1.3657, -3.9263)
(0.9933, 4.0373, -2.3941)
(1.529, 3.7559, -2.6953)
(2.0647, 3.4151, -2.9421)
(2.5596, 3.0183, -3.1713)
(2.9134, 2.5801, -3.4983)
(2.9212, 2.144, -3.941)
(2.6791, 1.7982, -4.3252)
(1.0746, 4.3882, -2.6657)
(1.6169, 4.0269, -2.8596)
(2.1018, 3.5847, -3.0276)
(2.5412, 3.1918, -3.3176)
(2.8787, 2.8735, -3.7843)
(2.8986, 2.514, -4.2749)
(2.6712, 2.1641, -4.6621)
(2.2822, -2.384, 3.1676)
(2.7834, -2.4919, 2.9806)
(3.433, -2.6056, 2.7841)
(4.0848, -2.7151, 2.5786)
(4.7225, -2.8282, 2.352)
(5.3497, -2.9465, 2.1351)
(5.9802, -3.0545, 1.9201)
(6.6551, -3.1743, 1.7184)
(-1.16, 0.9147, -5.9434)
(-1.21, 1.2957, -5.4513)
(-1.2956, 1.6873, -4.9761)
(-1.7114, 2.1238, -4.6936)
(-2.1625, 2.5828, -4.4656)
(-2.4756, 3.0775, -4.1234)
(-1.2635, 0.5411, -5.6111)
(-1.4161, 0.9516, -5.1571)
(-2.6011, 3.4944, -3.76)
(-1.4894, 1.3687, -4.6447)
(-1.7852, 1.8163, -4.3039)
(-2.2288, 2.2641, -4.0898)
(-2.5698, 2.7326, -3.768)
(-2.6765, 3.1528, -3.4006)
(-1.3529, 0.1121, -5.1976)
(-1.5905, 0.537, -4.7822)
(-1.6641, 0.9788, -4.2519)
(-1.8704, 1.4233, -3.8925)
(-2.2949, 1.8518, -3.6811)
(-2.6788, 2.3133, -3.363)
(-2.7765, 2.7361, -3.0015)
(-1.4297, -0.2969, -4.7632)
(-1.7771, 0.1162, -4.4417)
(-1.8703, 0.5397, -3.9538)
(-1.9564, 0.9743, -3.5648)
(-2.2229, 1.4589, -3.2924)
(-2.4944, 2.0231, -3.0502)
(-2.5645, 2.5614, -2.8854)
(-1.451, -0.6166, -4.2659)
(-1.9363, -0.2127, -4.039)
(-2.187, 0.2376, -3.6848)
(-2.2507, 0.7489, -3.3207)
(-2.2381, 1.2481, -2.9644)
(-2.2415, 1.78, -2.7732)
(-2.2696, 2.3759, -2.7908)
(-1.4049, -0.8629, -3.7143)
(-1.9291, -0.4646, -3.5067)
(-2.3601, 0.0113, -3.2718)
(-2.6114, 0.5673, -3.0119)
(-2.5846, 1.0745, -2.6811)
(-2.3872, 1.5287, -2.4224)
(-2.2273, 1.9823, -2.3199)
(-1.3451, -1.1027, -3.1596)
(-1.8778, -0.7131, -2.9595)
(-2.3604, -0.2746, -2.7502)
(-2.7148, 0.2288, -2.5225)
(-2.8362, 0.7757, -2.252)
(-2.6309, 1.2703, -1.9598)
(-2.3495, 1.6556, -1.7314)
(-1.2879, -1.3346, -2.6004)
(-1.8431, -0.9701, -2.4125)
(-2.3534, -0.5599, -2.2166)
(-2.7291, -0.0802, -1.9912)
(-2.8843, 0.4475, -1.7173)
(-2.7753, 0.9551, -1.4152)
(-2.5956, 1.3825, -1.165)
(-1.2429, -1.5711, -2.0423)
(-1.8327, -1.2487, -1.8745)
(-2.3667, -0.8635, -1.6911)
(-2.739, -0.3842, -1.4606)
(-2.9027, 0.1474, -1.1787)
(-2.8925, 0.6815, -0.8712)
(-2.8246, 1.1398, -0.6115)
(-1.2241, -1.84, -1.5003)
(-1.8615, -1.5662, -1.3594)
(-2.4229, -1.1957, -1.1858)
(-2.7795, -0.6896, -0.9387)
(-2.9459, -0.1299, -0.6422)
(-3.0217, 0.4303, -0.3307)
(-3.0471, 0.9094, -0.0642)
(-1.2227, -2.1371, -0.9775)
(-1.9049, -1.8953, -0.8495)
(-2.5175, -1.5458, -0.6872)
(-2.9014, -1.013, -0.4401)
(-3.0805, -0.4043, -0.1331)
(-3.1981, 0.1918, 0.1918)
(-3.2769, 0.696, 0.4805)
(-1.1604, -2.3034, -0.4269)
(-1.8507, -2.0765, -0.294)
(-2.5123, -1.7865, -0.1447)
(-2.9871, -1.3036, 0.0746)
(-3.2348, -0.6799, 0.3665)
(-3.3985, -0.0558, 0.6913)
(-3.5463, 0.5164, 1.027)
(-1.0328, -2.3346, 0.1621)
(-1.7023, -2.1193, 0.2942)
(-2.3579, -1.8735, 0.4313)
(-2.8651, -1.4545, 0.6222)
(-3.2008, -0.889, 0.8887)
(-3.5018, -0.3256, 1.1817)
(-3.8257, 0.2318, 1.4436)
(-4.2259, 0.65, 1.7755)
(-0.9076, -2.368, 0.7605)
(-1.5647, -2.162, 0.8873)
(-2.2121, -1.9434, 1.0117)
(-2.7709, -1.6046, 1.1489)
(-4.6233, 0.864, 2.2648)
(-3.2401, -1.1514, 1.3175)
(-3.6935, -0.6727, 1.5011)
(-4.9587, 1.0673, 2.7922)
(-4.1538, -0.1763, 1.6309)
(-5.1404, 1.3549, 3.099)
(-4.6014, 0.3198, 1.78)
(-0.7882, -2.4042, 1.3638)
(-1.4331, -2.1888, 1.4944)
(-2.0909, -1.9665, 1.6078)
(-4.9235, 0.7842, 2.1088)
(-2.7468, -1.7021, 1.6957)
(-3.357, -1.3669, 1.773)
(-5.1029, 1.1699, 2.59)
(-3.9185, -0.9664, 1.8504)
(-4.4452, -0.5185, 1.9248)
(-5.2386, 1.5228, 2.965)
(-0.694, -2.4446, 1.8592)
(-4.9421, -0.0451, 2.0185)
(-1.3096, -2.2133, 2.0675)
(-5.3302, 0.4705, 2.2147)
(-1.9508, -1.9205, 2.218)
(-2.6293, -1.6135, 2.2817)
(-3.2844, -1.3192, 2.3502)
(-5.5459, 1.0117, 2.5408)
(-3.9094, -1.0019, 2.4169)
(-5.6663, 1.4729, 2.8485)
(-4.5, -0.6291, 2.4691)
(-5.0498, -0.1975, 2.5168)
(-5.562, 0.2254, 2.6156)
(-1.942, -1.843, 2.8163)
(-2.5462, -1.5184, 2.8651)
(-3.1829, -1.1966, 2.9295)
(-5.9335, 0.6978, 2.8271)
(-3.817, -0.8977, 3.0025)
(-6.1286, 1.1711, 3.0725)
(-4.4409, -0.5826, 3.0669)
(-5.0264, -0.1859, 3.1159)
(-5.6136, 0.1778, 3.1624)
(-1.9688, -1.6956, 3.3745)
(-2.487, -1.4177, 3.4388)
(-3.0996, -1.0935, 3.5118)
(-6.1542, 0.4973, 3.2743)
(-3.7247, -0.7851, 3.5844)
(-6.5092, 0.8665, 3.4149)
(-4.3615, -0.4948, 3.6578)
(-4.9873, -0.1477, 3.7072)
(-1.9007, -1.4935, 3.7814)
(-2.3769, -1.2457, 3.8793)
(-5.5952, 0.1981, 3.7372)
(-2.9966, -0.9586, 3.9758)
(-3.6233, -0.6635, 4.0588)
(-6.2011, 0.4429, 3.8202)
(-4.2583, -0.3816, 4.1446)
(-6.6787, 0.6923, 3.9037)
(-4.8681, -0.0471, 4.1643)
(-5.4729, 0.277, 4.1664)
(-6.0893, 0.5289, 4.2673)
(-6.578, 0.7197, 4.3362)
(-6.271, 1.1239, 4.7179)
(-5.3774, 1.1514, 2.8602)
(-5.4069, 1.4219, 2.9943)
(-5.6255, 1.8393, 3.363)
(-5.8555, 2.0447, 3.8734)
(-6.0418, 1.942, 4.4229)
(-6.1751, 1.5473, 4.7512)
(-1.4889, -0.7351, 4.1282)
(-2.0281, -0.4976, 4.1871)
(-2.6622, -0.228, 4.2746)
(-3.2988, 0.0349, 4.3712)
(-3.9338, 0.2863, 4.4885)
(-4.5605, 0.57, 4.5241)
(-5.1897, 0.8968, 4.5588)
(-5.7709, 1.2298, 4.6779)
(-1.1829, -0.2612, 4.0455)
(-1.7987, 0.0293, 4.1101)
(-2.4535, 0.3046, 4.1614)
(-3.1082, 0.5531, 4.1933)
(-3.765, 0.8002, 4.2297)
(-4.4342, 1.0805, 4.308)
(-5.0895, 1.3673, 4.4114)
(-5.6515, 1.6774, 4.4915)
(0.3527, -0.1664, 3.5269)
(-0.2806, -0.0051, 3.6761)
(-0.9428, 0.2173, 3.7741)
(-1.6223, 0.4969, 3.8025)
(-2.2958, 0.7118, 3.7923)
(-2.9642, 0.8952, 3.7604)
(-3.6167, 1.1324, 3.7406)
(-4.2745, 1.3658, 3.8096)
(-4.8963, 1.5504, 3.9228)
(-5.4741, 1.7994, 3.9962)
(0.4384, 0.2519, 3.2671)
(-0.1915, 0.4591, 3.3484)
(-0.8507, 0.644, 3.346)
(-1.5299, 0.801, 3.3088)
(-2.2088, 0.8726, 3.2459)
(-2.8771, 0.9687, 3.1822)
(-3.5021, 1.2134, 3.1448)
(-4.1089, 1.3824, 3.2209)
(-4.7098, 1.4445, 3.3913)
(-5.3221, 1.5943, 3.4983)
(0.5043, 0.7, 2.8713)
(-0.1344, 0.8088, 2.8832)
(-0.799, 0.8561, 2.7929)
(-1.4791, 0.9102, 2.722)
(-2.1593, 0.8797, 2.6438)
(-2.8278, 0.9255, 2.5728)
(-3.4692, 1.1172, 2.5281)
(-4.0821, 1.2041, 2.6246)
(-4.6656, 1.1934, 2.9252)
(-5.1956, 1.2448, 3.1455)
(0.5358, 1.1001, 2.4153)
(-0.1039, 1.11, 2.3779)
(-0.7547, 1.0134, 2.2272)
(-1.4284, 0.9719, 2.1244)
(-2.11, 0.9136, 2.0402)
(-2.7852, 0.9224, 1.9616)
(-3.463, 0.9627, 1.9135)
(-4.0949, 0.9547, 2.0956)
(-4.6251, 0.9279, 2.5818)
(-5.0992, 0.9888, 2.9728)
(0.564, 1.4947, 1.9538)
(-0.0889, 1.4959, 1.913)
(-0.7377, 1.3401, 1.7413)
(-1.3963, 1.2015, 1.5916)
(-2.0634, 1.0955, 1.4799)
(-2.724, 1.0192, 1.3753)
(-3.3356, 0.9111, 1.2842)
(0.5896, 1.8793, 1.4852)
(-0.0805, 1.9068, 1.4679)
(-0.7432, 1.7803, 1.3265)
(-1.3893, 1.6149, 1.1608)
(-2.0179, 1.4435, 1.0056)
(-2.6234, 1.2556, 0.8455)
(-3.1118, 1.042, 0.6944)
(0.6148, 2.2603, 1.0147)
(-0.0586, 2.3094, 1.0167)
(-0.7211, 2.1898, 0.8899)
(-1.3455, 2.0008, 0.7169)
(-1.9345, 1.7936, 0.5402)
(-2.482, 1.5422, 0.3402)
(-2.8988, 1.2623, 0.1425)
(0.6598, 2.6436, 0.5549)
(0.0146, 2.6173, 0.5264)
(-0.6, 2.3908, 0.3699)
(-1.1949, 2.1664, 0.1894)
(-1.7789, 2.0172, 0.0216)
(-2.3063, 1.8023, -0.1792)
(-2.6773, 1.4983, -0.4028)
(0.7735, 2.9054, 0.1054)
(0.1971, 2.6771, 0.0119)
(-0.3962, 2.4255, -0.1828)
(-1.0039, 2.2988, -0.3386)
(-1.5994, 2.249, -0.4869)
(-2.114, 2.0518, -0.7051)
(-2.4499, 1.7339, -0.9543)
(0.7499, 3.13, -0.3291)
(0.2877, 2.7787, -0.4486)
(-0.2264, 2.6069, -0.668)
(-0.8186, 2.5428, -0.8097)
(-1.3625, 2.4187, -0.9907)
(-1.8503, 2.2125, -1.2305)
(-2.1898, 1.9428, -1.5118)
(0.5055, 3.3329, -0.7878)
(0.0496, 3.0238, -0.7643)
(-0.3254, 2.8722, -1.0035)
(-0.7871, 2.7994, -1.2455)
(-1.2795, 2.6252, -1.4502)
(-1.7479, 2.4747, -1.7255)
(-2.078, 2.2604, -2.0545)
(0.2797, 3.2404, -1.2612)
(-0.267, 3.1752, -1.0337)
(-0.6846, 3.0959, -1.1594)
(-0.9984, 3.0601, -1.5568)
(-1.3877, 3.0318, -1.8409)
(-1.8715, 2.9103, -2.1392)
(-2.1666, 2.6879, -2.5024)
(0.1839, 3.3038, -1.6724)
(-0.3547, 3.4917, -1.3308)
(-0.8885, 3.5004, -1.2702)
(-1.2705, 3.4271, -1.6599)
(-1.6594, 3.3674, -1.9677)
(-2.1698, 3.1424, -2.1971)
(-2.4634, 2.8678, -2.563)
(0.2823, 3.7794, -1.8999)
(-0.2775, 3.9926, -1.6078)
(-0.897, 4.0133, -1.5299)
(-1.4867, 3.9157, -1.7271)
(-2.0241, 3.7217, -1.9519)
(-2.4614, 3.3805, -2.2441)
(-2.692, 3.052, -2.6387)
(0.4222, 4.2739, -2.1264)
(-0.2213, 4.4271, -1.9766)
(-0.9027, 4.4459, -1.9376)
(-1.5808, 4.38, -1.9905)
(-2.1747, 4.1813, -2.195)
(-2.5222, 3.8242, -2.6063)
(-2.6478, 3.4786, -3.0406)
(0.4512, 4.6175, -2.4872)
(-0.2191, 4.7358, -2.3753)
(-0.9071, 4.7736, -2.3233)
(-1.5922, 4.7414, -2.3428)
(-2.2052, 4.5616, -2.5247)
(-2.5497, 4.2123, -2.9284)
(-2.6393, 3.8577, -3.3645)
(-1.7183, -1.1344, 4.0598)
(-2.229, -0.9458, 4.1103)
(-2.8576, -0.6839, 4.2175)
(-3.4885, -0.4169, 4.3279)
(-4.116, -0.159, 4.4516)
(-4.6957, 0.1481, 4.4227)
(-5.2904, 0.479, 4.3774)
(-5.9059, 0.7958, 4.527)
