(2.585, 3.0568, -4.8028)
(2.5087, 3.5159, -4.3578)
(2.2741, 3.9582, -3.8775)
(2.0156, 4.3938, -3.3997)
(1.7201, 4.8054, -2.9186)
(2.7121, 2.7603, -4.5019)
(2.6458, 3.2379, -4.0473)
(1.3891, 5.1424, -2.4606)
(2.4228, 3.6883, -3.5671)
(1.1363, 5.2632, -2.1331)
(2.1464, 4.1146, -3.0915)
(1.7988, 4.4964, -2.6302)
(1.4129, 4.7991, -2.2013)
(1.071, 5.0313, -1.8823)
(2.8196, 2.3578, -4.1178)
(2.7259, 2.8451, -3.6586)
(2.4808, 3.298, -3.1902)
(2.2237, 3.7362, -2.7255)
(1.9157, 4.1382, -2.2653)
(1.5331, 4.3964, -1.8659)
(1.1724, 4.5205, -1.5574)
(2.8226, 1.9183, -3.7154)
(2.637, 2.4075, -3.2832)
(2.3163, 2.8602, -2.8658)
(2.0492, 3.2864, -2.4561)
(1.8155, 3.7299, -1.9848)
(1.6859, 4.1157, -1.5602)
(1.5338, 4.3231, -1.1063)
(2.814, 1.4867, -3.299)
(2.672, 1.9821, -2.8748)
(2.3183, 2.4064, -2.4806)
(2.0594, 2.8196, -2.0584)
(1.8035, 3.2715, -1.6788)
(1.5328, 3.7259, -1.4994)
(1.1252, 3.9761, -1.3827)
(2.8103, 1.0608, -2.8736)
(2.6965, 1.5558, -2.4648)
(2.3345, 1.9684, -2.1117)
(2.1463, 2.3824, -1.6706)
(1.8822, 2.8121, -1.2984)
(1.5319, 3.2254, -1.1884)
(1.1922, 3.4424, -1.0101)
(2.7902, 0.6473, -2.4359)
(2.7614, 1.1657, -2.0274)
(2.5302, 1.6601, -1.6701)
(2.4613, 2.1623, -1.2905)
(2.1678, 2.5606, -0.9413)
(1.6596, 2.7749, -0.7751)
(1.2367, 2.8985, -0.6383)
(2.7387, 0.2473, -1.9869)
(2.7691, 0.7789, -1.5787)
(2.6502, 1.3114, -1.1985)
(2.6022, 1.8205, -0.8346)
(2.2886, 2.1992, -0.5025)
(1.7947, 2.429, -0.2816)
(1.4594, 2.682, -0.0701)
(2.6695, -0.1345, -1.5246)
(2.79, 0.3975, -1.1231)
(2.765, 0.9412, -0.7348)
(2.6878, 1.4367, -0.3652)
(2.3519, 1.8067, -0.0377)
(1.9034, 2.0896, 0.2218)
(1.5966, 2.357, 0.4538)
(2.5659, -0.4916, -1.049)
(2.7824, 0.0278, -0.6579)
(2.8703, 0.5683, -0.2745)
(2.7591, 1.0558, 0.099)
(2.3965, 1.4257, 0.4246)
(1.9952, 1.758, 0.7177)
(1.7269, 2.0512, 0.9703)
(2.4327, -0.8249, -0.5617)
(2.7192, -0.3239, -0.1789)
(2.9277, 0.1948, 0.1968)
(2.8413, 0.6945, 0.572)
(2.4824, 1.0921, 0.9041)
(2.124, 1.4729, 1.2224)
(1.8735, 1.7794, 1.4889)
(2.3058, -1.1436, -0.0653)
(2.6592, -0.6661, 0.3089)
(2.9633, -0.1697, 0.6781)
(2.9608, 0.3592, 1.0553)
(2.6438, 0.8191, 1.4009)
(2.2968, 1.2391, 1.7365)
(2.0145, 1.5264, 2.0148)
(2.0795, -1.3916, 0.4366)
(2.469, -0.9498, 0.8013)
(2.8455, -0.5155, 1.1584)
(2.9464, 0.0086, 1.5281)
(2.7309, 0.5254, 1.8907)
(2.4982, 1.0399, 2.237)
(2.2361, 1.6151, 2.6402)
(1.8047, -1.5956, 0.9431)
(2.2392, -1.2058, 1.2978)
(2.6778, -0.8616, 1.6228)
(2.783, -0.342, 1.9436)
(2.6874, 1.8786, 3.0915)
(2.7073, 0.2016, 2.2976)
(2.7159, 0.7694, 2.598)
(2.8166, 2.4511, 3.446)
(2.8216, 1.3745, 2.7001)
(3.4288, 2.5194, 3.7106)
(2.9956, 1.8825, 2.9519)
(1.5385, -1.7981, 1.4627)
(1.9817, -1.4234, 1.8107)
(2.4898, -1.1284, 2.117)
(3.6606, 2.556, 3.8014)
(2.8167, -0.6459, 2.3779)
(3.0817, 2.1362, 3.428)
(2.9977, -0.0595, 2.5896)
(3.1497, 0.5546, 2.7809)
(3.3809, 2.3567, 3.6861)
(3.3052, 1.1822, 2.9206)
(3.5169, 2.6852, 3.7435)
(3.4919, 1.7457, 3.0834)
(1.2966, -2.0024, 1.9718)
(1.6947, -1.606, 2.3426)
(2.2004, -1.2223, 2.6478)
(3.4791, 2.1178, 3.4828)
(2.662, -0.7639, 2.9003)
(3.0393, -0.2236, 3.0702)
(3.4428, 2.5865, 3.5588)
(3.3631, 0.3591, 3.1914)
(1.1133, -2.1643, 2.3847)
(3.5337, 3.0213, 3.5589)
(3.634, 0.9699, 3.2962)
(3.8259, 1.5843, 3.4262)
(1.8672, -1.2037, 3.1746)
(1.321, -1.7904, 2.9366)
(3.8196, 2.1166, 3.6035)
(2.3333, -0.7065, 3.4009)
(2.7683, -0.1934, 3.5769)
(3.7268, 2.5844, 3.4213)
(3.1934, 0.3259, 3.7188)
(3.8069, 3.0122, 3.3134)
(3.5594, 0.8678, 3.8251)
(3.667, 1.4731, 3.845)
(1.3191, -1.556, 3.5503)
(1.5998, -1.1034, 3.7089)
(3.6363, 2.0575, 3.7891)
(2.0122, -0.6111, 3.9122)
(2.4754, -0.1288, 4.1002)
(3.8074, 2.5953, 3.7197)
(2.96, 0.333, 4.2647)
(4.0732, 2.9727, 3.638)
(3.339, 0.8204, 4.3394)
(3.4052, 1.3506, 4.1716)
(1.1704, -1.3995, 4.0585)
(1.3615, -0.9977, 4.217)
(3.6868, 1.8884, 4.0909)
(1.7245, -0.5009, 4.407)
(2.1702, 0.0014, 4.568)
(4.0946, 2.4031, 4.0371)
(2.6565, 0.4673, 4.7083)
(1.0909, -1.1885, 4.3445)
(4.4382, 2.7319, 3.9235)
(3.1105, 0.9303, 4.7694)
(1.0894, -0.9308, 4.5882)
(1.5037, -0.4184, 4.8148)
(3.4367, 1.4182, 4.5886)
(1.93, 0.1271, 4.9323)
(3.8453, 1.9348, 4.5278)
(2.3727, 0.6705, 4.9568)
(2.856, 1.1757, 4.9373)
(4.2942, 2.4234, 4.4992)
(3.3646, 1.6491, 4.8464)
(4.6483, 2.7109, 4.3767)
(3.8332, 2.0944, 4.8336)
(4.5944, 2.7357, 4.7114)
(4.3605, 2.6259, 4.9182)
(-1.663, 3.6634, -2.7608)
(-1.3805, 4.0546, -2.3311)
(-1.104, 4.4602, -1.9375)
(-0.5455, 4.5687, -1.7228)
(0.016, 4.9049, -1.6446)
(-1.6274, 3.8977, -2.5796)
(-1.1852, 3.9832, -2.1762)
(0.5507, 5.2092, -1.5289)
(-0.8558, 4.3089, -1.832)
(0.902, 5.2945, -1.687)
(-0.4691, 4.5777, -1.5073)
(0.0874, 4.6767, -1.4596)
(0.6401, 4.8908, -1.5772)
(1.058, 5.0358, -1.8676)
(-1.7647, 3.9887, -2.1456)
(-1.2259, 4.1268, -1.8284)
(-0.7175, 4.1196, -1.5581)
(-0.2176, 4.3378, -1.3526)
(0.2927, 4.4481, -1.15)
(0.834, 4.582, -1.2437)
(1.1603, 4.5273, -1.5427)
(-1.8734, 3.7637, -1.6411)
(-1.3381, 4.0232, -1.3525)
(-0.7126, 4.0831, -1.1358)
(-0.0711, 4.083, -1.0559)
(0.5149, 4.0558, -1.0604)
(1.0062, 4.2443, -1.0102)
(1.5153, 4.3234, -1.0952)
(-1.9352, 3.3883, -1.2417)
(-1.3527, 3.5828, -1.0566)
(-0.6744, 3.6332, -0.942)
(-0.0214, 3.5403, -0.8819)
(0.531, 3.5343, -0.8983)
(0.823, 3.8856, -1.0886)
(1.1214, 3.9869, -1.3502)
(-1.9595, 2.9602, -1.0416)
(-1.2936, 3.0849, -0.9709)
(-0.6164, 3.143, -0.9089)
(-0.0442, 3.0288, -0.7101)
(0.4628, 3.0067, -0.5656)
(0.7796, 3.3551, -0.8229)
(1.137, 3.5473, -1.0858)
(-1.9904, 2.7525, -0.5492)
(-1.3161, 2.8531, -0.5017)
(-0.6534, 2.9182, -0.4556)
(-0.073, 2.7905, -0.2974)
(0.4404, 2.7393, -0.1656)
(0.8594, 2.8704, -0.3915)
(1.2472, 2.8991, -0.5887)
(-1.994, 2.5423, 0.0183)
(-1.3289, 2.6755, 0.0776)
(-0.6613, 2.768, 0.1111)
(-0.0487, 2.8574, 0.2002)
(0.5278, 2.878, 0.243)
(1.0247, 2.7336, 0.1037)
(1.4593, 2.697, -0.05)
(-1.9614, 2.2409, 0.546)
(-1.3044, 2.4114, 0.6205)
(-0.6321, 2.5192, 0.6532)
(0.0043, 2.6184, 0.6995)
(0.6215, 2.6543, 0.7095)
(1.1859, 2.5469, 0.6244)
(1.5848, 2.3707, 0.4632)
(-1.9063, 1.8548, 1.0166)
(-1.2503, 2.0252, 1.0804)
(-0.5752, 2.136, 1.1098)
(0.0717, 2.2261, 1.1491)
(0.7015, 2.2729, 1.1659)
(1.2924, 2.2217, 1.1101)
(1.7143, 2.0662, 0.9765)
(-1.8356, 1.4064, 1.424)
(-1.1725, 1.5507, 1.4488)
(-0.4985, 1.6651, 1.4776)
(0.1555, 1.7743, 1.5331)
(0.7949, 1.8571, 1.5819)
(1.4028, 1.8721, 1.5762)
(1.8618, 1.7948, 1.4955)
(-1.7396, 0.9379, 1.799)
(-1.0853, 1.0994, 1.8272)
(-0.4429, 1.2729, 1.9039)
(0.2162, 1.3838, 1.9621)
(0.8726, 1.4659, 2.0095)
(1.501, 1.5337, 2.0334)
(1.9981, 1.5363, 2.0225)
(-1.6157, 0.5172, 2.2148)
(-1.0182, 0.8, 2.3226)
(-0.4577, 1.1149, 2.464)
(0.1964, 1.2172, 2.5231)
(0.8719, 1.2694, 2.5563)
(1.5221, 1.4251, 2.5895)
(2.2262, 1.6327, 2.6482)
(-1.4868, 0.1557, 2.6836)
(-0.9782, 0.5544, 2.8665)
(-0.4823, 0.9564, 3.0491)
(0.1486, 1.1359, 3.1206)
(2.6628, 1.868, 3.1208)
(0.8087, 1.2528, 3.1488)
(1.4157, 1.5333, 3.1594)
(2.7864, 2.4664, 3.4691)
(1.9715, 1.9074, 3.1568)
(3.4106, 2.4603, 3.7435)
(2.5096, 2.1903, 3.2662)
(-1.3333, -0.204, 3.1528)
(-0.8902, 0.2508, 3.3878)
(-0.4546, 0.7194, 3.6078)
(3.2591, 2.7417, 3.5757)
(0.1095, 1.0514, 3.7112)
(2.9575, 2.4394, 3.5926)
(0.7118, 1.3421, 3.7336)
(1.2741, 1.7141, 3.7205)
(3.3379, 2.7874, 3.7313)
(1.7834, 2.1467, 3.6751)
(3.213, 3.0793, 3.5613)
(2.363, 2.4351, 3.6993)
(-1.1506, -0.5874, 3.5589)
(-0.7467, -0.127, 3.8645)
(-0.3192, 0.3972, 4.114)
(2.9037, 2.7882, 3.8686)
(0.1608, 0.8865, 4.2784)
(0.6889, 1.3317, 4.3211)
(3.3145, 3.1991, 3.9552)
(1.2197, 1.7775, 4.301)
(-0.9564, -0.9256, 3.8262)
(3.1665, 3.5045, 3.8729)
(1.7348, 2.2362, 4.2607)
(2.3017, 2.6134, 4.2404)
(-0.0681, 0.0328, 4.5451)
(-0.4993, -0.6559, 4.2611)
(2.837, 3.0186, 4.3272)
(0.369, 0.5931, 4.7582)
(0.8592, 1.112, 4.8385)
(3.2671, 3.4495, 4.4395)
(1.3808, 1.6011, 4.8332)
(3.3551, 3.8284, 4.3298)
(1.9021, 2.0974, 4.8175)
(2.4226, 2.6067, 4.7975)
(-0.004, -0.7113, 4.5967)
(0.3223, -0.3037, 4.8274)
(2.9311, 3.0529, 4.8499)
(0.739, 0.2136, 5.0353)
(1.2029, 0.7522, 5.1459)
(3.3685, 3.518, 4.9549)
(1.698, 1.2738, 5.179)
(3.6428, 3.8648, 4.8601)
(2.1982, 1.7967, 5.2121)
(2.6987, 2.3343, 5.2011)
(0.442, -0.9684, 4.6773)
(0.7614, -0.636, 4.8345)
(3.1866, 2.794, 5.21)
(1.17, -0.1558, 5.0291)
(1.6205, 0.3778, 5.143)
(3.6701, 3.2652, 5.2674)
(2.0944, 0.9112, 5.1621)
(0.7722, -1.0572, 4.6377)
(3.9897, 3.6301, 5.2436)
(2.5908, 1.4317, 5.1464)
(1.0749, -0.911, 4.6232)
(1.494, -0.4069, 4.8516)
(3.1157, 1.9458, 5.1176)
(1.9251, 0.1336, 4.9533)
(3.5761, 2.4446, 5.1426)
(2.3783, 0.6629, 4.9755)
(2.8643, 1.1678, 4.9576)
(4.0586, 2.8884, 5.2003)
(3.4134, 1.6336, 4.8616)
(4.3567, 3.2479, 5.2549)
(3.9691, 2.2377, 4.8802)
(4.4828, 2.9344, 5.1553)
(4.4058, 2.6689, 4.9902)
(2.2098, 2.6605, -4.991)
(1.6657, 2.438, -4.7576)
(1.1948, 2.0934, -4.7092)
(1.034, 1.6547, -5.0494)
(0.5429, 1.4002, -5.3518)
(-0.1166, 1.3248, -5.5246)
(2.3973, 2.3356, -4.7386)
(1.8559, 2.1219, -4.5187)
(1.334, 1.8327, -4.3999)
(-0.7706, 1.3162, -5.5422)
(1.0222, 1.4172, -4.6935)
(-1.1898, 1.249, -5.4675)
(0.4926, 1.1826, -4.9904)
(-0.1582, 1.0941, -5.1766)
(-0.7781, 0.9989, -5.2631)
(-1.2752, 1.0246, -5.2169)
(2.6014, 1.9086, -4.4322)
(2.0719, 1.6688, -4.2969)
(1.5073, 1.4503, -4.0866)
(1.0288, 1.1317, -4.2315)
(0.4273, 1.0126, -4.4927)
(-0.1944, 0.8818, -4.7164)
(-0.7357, 0.6267, -4.8653)
(-1.2073, 0.5531, -4.8276)
(2.7076, 1.4438, -4.111)
(2.2256, 1.1298, -4.2504)
(1.6381, 0.9234, -4.1037)
(1.0675, 0.6969, -4.011)
(0.4765, 0.6333, -4.1959)
(-0.0736, 0.5469, -4.4013)
(-0.6338, 0.3432, -4.4919)
(-1.0738, 0.1754, -4.3708)
(2.6944, 0.9945, -3.7282)
(2.3032, 0.6106, -4.0657)
(1.7163, 0.3893, -4.1989)
(1.082, 0.2458, -4.2219)
(0.4895, 0.2449, -4.244)
(0.0089, 0.3682, -4.0318)
(-0.541, 0.4796, -4.0881)
(-1.0306, 0.8301, -4.3188)
(2.6304, 0.5738, -3.2975)
(2.2508, 0.169, -3.6803)
(1.7085, -0.1085, -3.968)
(1.0919, -0.2429, -4.1124)
(0.5083, -0.1387, -3.9766)
(0.0036, 0.0466, -3.6712)
(-0.4797, 0.2195, -3.6307)
(-0.6864, 0.5374, -3.9451)
(2.5588, 0.1666, -2.8498)
(2.163, -0.2346, -3.2305)
(1.6244, -0.5125, -3.5356)
(0.9896, -0.6361, -3.7197)
(0.3507, -0.6003, -3.734)
(-0.2193, -0.4125, -3.5527)
(-0.6555, -0.1595, -3.307)
(-0.9709, 0.051, -3.3913)
(2.4819, -0.2309, -2.3927)
(2.0805, -0.6328, -2.7711)
(1.5483, -0.9157, -3.0818)
(0.9159, -1.0427, -3.2773)
(0.2725, -1.0486, -3.3557)
(-0.3325, -0.9241, -3.3084)
(-0.8337, -0.6782, -3.1343)
(-1.1897, -0.4334, -3.0245)
(2.3873, -0.6121, -1.9241)
(1.9918, -1.0226, -2.304)
(1.4752, -1.3195, -2.6243)
(0.8473, -1.4353, -2.8142)
(0.2087, -1.4116, -2.8711)
(-0.4056, -1.3087, -2.8546)
(-0.9591, -1.1244, -2.7646)
(-1.3584, -0.9217, -2.6577)
(2.2647, -0.9698, -1.4433)
(1.885, -1.3958, -1.8266)
(1.3912, -1.713, -2.158)
(0.7664, -1.8127, -2.3424)
(0.1267, -1.735, -2.3668)
(-0.4972, -1.6278, -2.3517)
(-1.0835, -1.5026, -2.3149)
(-1.5254, -1.3567, -2.2577)
(2.1162, -1.3028, -0.9519)
(1.7531, -1.7477, -1.3391)
(1.2953, -2.1028, -1.6898)
(0.6817, -2.2206, -1.898)
(0.0275, -2.1198, -1.9184)
(-0.6163, -1.9945, -1.8989)
(-1.2267, -1.8821, -1.8801)
(-1.6935, -1.7841, -1.8607)
(1.9509, -1.6092, -0.4507)
(1.5888, -2.0672, -0.8415)
(1.1816, -2.4821, -1.2215)
(0.6039, -2.6676, -1.4905)
(-0.0737, -2.5705, -1.5351)
(-0.7478, -2.4225, -1.5113)
(-1.391, -2.2934, -1.4885)
(-1.8859, -2.1922, -1.457)
(1.7149, -1.8497, 0.0587)
(1.3618, -2.3132, -0.3255)
(0.9914, -2.7603, -0.7091)
(0.4843, -3.037, -1.0262)
(-0.1815, -2.9916, -1.1237)
(-0.8685, -2.8729, -1.1454)
(-1.5461, -2.7554, -1.1777)
(-2.3077, -2.6288, -1.1561)
(1.4434, -2.0522, 0.5729)
(1.1045, -2.5212, 0.1952)
(0.7558, -2.9791, -0.1855)
(0.3156, -3.3181, -0.5239)
(-0.2956, -3.3535, -0.6981)
(-2.8782, -2.7999, -1.5266)
(-0.9466, -3.3392, -0.8703)
(-1.5771, -3.28, -1.1103)
(-3.2684, -3.2845, -1.1958)
(-2.1574, -3.1671, -1.4468)
(-3.6129, -3.6748, -1.6383)
(1.1775, -2.2523, 1.095)
(-2.732, -3.1621, -1.7102)
(0.833, -2.7136, 0.7173)
(0.4695, -3.1503, 0.3314)
(0.0462, -3.5144, -0.065)
(-3.7809, -3.5479, -1.8571)
(-0.4554, -3.7254, -0.4484)
(-3.2975, -3.3738, -1.6609)
(-0.9946, -3.7898, -0.8474)
(-1.548, -3.7287, -1.2473)
(-3.8043, -3.5189, -1.7945)
(-2.0943, -3.6213, -1.6585)
(-3.9352, -3.6261, -2.0849)
(-2.6606, -3.5261, -1.9986)
(0.9388, -2.4416, 1.5895)
(0.5616, -2.8764, 1.2233)
(0.1413, -3.2537, 0.8532)
(-0.322, -3.5412, 0.3958)
(-3.2783, -3.4749, -2.1215)
(-0.8121, -3.746, -0.0704)
(-1.319, -3.8887, -0.5118)
(-3.8713, -3.4813, -2.2559)
(-1.8402, -3.9165, -0.9602)
(0.7776, -2.5819, 1.9381)
(0.3481, -3.0228, 1.6267)
(-4.278, -3.5558, -2.3809)
(-2.365, -3.8888, -1.4149)
(-2.8905, -3.8612, -1.8616)
(-0.6618, -3.725, 0.8602)
(-0.1683, -3.4373, 1.478)
(-3.4124, -3.8073, -2.2731)
(-1.1656, -3.8597, 0.3711)
(-1.6814, -3.8953, -0.0922)
(-3.8831, -3.719, -2.6367)
(-2.1897, -3.8849, -0.5663)
(-4.308, -3.728, -2.8129)
(-2.7001, -3.8782, -1.0486)
(-3.2165, -3.9319, -1.5298)
(-0.6781, -3.7709, 1.6128)
(-1.0307, -3.9956, 1.2341)
(-3.6984, -4.0224, -2.0135)
(-1.4878, -4.1613, 0.7573)
(-1.9755, -4.2212, 0.2537)
(-4.0571, -4.1355, -2.5131)
(-2.4545, -4.2341, -0.259)
(-4.3493, -4.2308, -2.8736)
(-2.9138, -4.2731, -0.8018)
(-3.3835, -4.3613, -1.3568)
(-1.1037, -3.9339, 1.9008)
(-1.432, -4.1215, 1.5959)
(-3.8428, -4.4827, -1.8393)
(-1.8588, -4.3353, 1.1434)
(-2.3137, -4.4688, 0.6213)
(-4.2782, -4.6156, -2.2753)
(-2.7464, -4.5706, 0.0721)
(-1.4251, -4.0136, 2.0204)
(-4.6196, -4.6792, -2.62)
(-3.1671, -4.667, -0.4999)
(-1.7468, -4.0548, 1.9151)
(-2.1816, -4.3562, 1.4549)
(-3.6284, -4.7131, -1.0685)
(-2.6201, -4.5426, 0.932)
(-4.0899, -4.8307, -1.556)
(-3.0168, -4.6867, 0.3707)
(-3.4122, -4.8265, -0.1869)
(-4.538, -4.9769, -1.9548)
(-3.7939, -4.7152, -0.7515)
(-4.8823, -5.0151, -2.2716)
(-4.2928, -4.8501, -1.2128)
(-4.9465, -5.0901, -1.9439)
(-4.8111, -5.0763, -1.6256)
(-1.9459, 3.5632, -3.1715)
(-2.102, 3.1006, -3.1341)
(-2.3986, 2.6313, -3.4102)
(-2.4324, 2.131, -3.7554)
(-2.1046, 1.7084, -3.8856)
(-1.9964, 1.4864, -4.4234)
(-2.0675, 3.7413, -2.9362)
(-2.1805, 3.2239, -3.1727)
(-2.1792, 2.6075, -3.33)
(-1.8655, 1.2102, -4.9888)
(-2.2638, 2.0034, -3.4952)
(-1.6175, 1.0896, -5.3012)
(-2.1258, 1.4807, -3.7518)
(-1.8257, 1.2505, -4.2293)
(-1.5925, 1.0829, -4.7829)
(-1.2939, 1.0194, -5.2075)
(-2.1919, 3.613, -2.4729)
(-2.3678, 3.0819, -2.7846)
(-2.2444, 2.4809, -2.9457)
(-2.0885, 1.8869, -3.1811)
(-1.8959, 1.3549, -3.5474)
(-1.6711, 0.9292, -3.9831)
(-1.5264, 0.6856, -4.4986)
(-1.2252, 0.5504, -4.8164)
(-2.2133, 3.293, -1.9817)
(-2.4404, 2.765, -2.3501)
(-2.4929, 2.2216, -2.7027)
(-2.3131, 1.6856, -3.0481)
(-2.1053, 1.1518, -3.3639)
(-1.824, 0.7263, -3.725)
(-1.4619, 0.4452, -4.1354)
(-1.0937, 0.1668, -4.3638)
(-2.2113, 2.9487, -1.5581)
(-2.3349, 2.4293, -1.956)
(-2.2967, 1.9657, -2.3829)
(-2.0371, 1.5429, -2.7815)
(-1.9152, 1.0658, -2.9996)
(-1.6425, 0.9027, -3.4185)
(-1.2602, 0.6746, -3.8167)
(-0.949, 0.7498, -4.1768)
(-2.4494, 2.7031, -1.2126)
(-2.4571, 2.2371, -1.5309)
(-2.0896, 1.911, -1.9056)
(-1.7543, 1.4944, -2.2861)
(-1.6144, 1.0243, -2.5497)
(-1.4567, 0.7705, -2.9916)
(-1.1164, 0.5205, -3.4075)
(-0.7238, 0.4604, -3.7681)
(-2.4814, 2.4857, -0.708)
(-2.3505, 2.0474, -1.0212)
(-1.9314, 1.7257, -1.397)
(-1.6607, 1.2902, -1.8026)
(-1.5735, 0.7993, -2.1458)
(-1.4367, 0.4778, -2.5876)
(-1.1667, 0.1857, -2.9689)
(-0.9546, 0.0353, -3.3384)
(-2.4339, 2.2371, -0.1721)
(-2.2509, 1.8218, -0.5208)
(-2.0142, 1.392, -0.9629)
(-1.9324, 0.9603, -1.4599)
(-1.9251, 0.5289, -1.9286)
(-1.7668, 0.1418, -2.3859)
(-1.4898, -0.2096, -2.7456)
(-1.2033, -0.4294, -3.0051)
(-2.4194, 1.9078, 0.3187)
(-2.3876, 1.4646, -0.1037)
(-2.25, 1.0052, -0.586)
(-2.1466, 0.566, -1.0818)
(-2.0185, 0.1576, -1.5445)
(-1.7813, -0.2226, -1.9701)
(-1.553, -0.6093, -2.3499)
(-1.3749, -0.9142, -2.646)
(-2.3829, 1.5123, 0.7733)
(-2.4646, 1.0553, 0.3269)
(-2.3414, 0.5984, -0.1642)
(-2.1417, 0.1774, -0.6473)
(-1.8771, -0.1988, -1.0933)
(-1.6579, -0.5998, -1.5158)
(-1.5424, -1.0206, -1.9192)
(-1.5441, -1.3513, -2.2481)
(-2.3411, 1.0958, 1.2175)
(-2.438, 0.6484, 0.7781)
(-2.2602, 0.2181, 0.2884)
(-1.9758, -0.164, -0.1924)
(-1.7437, -0.5645, -0.6525)
(-1.638, -1.01, -1.0955)
(-1.6447, -1.4406, -1.5227)
(-1.7154, -1.7833, -1.8562)
(-2.2738, 0.6727, 1.6574)
(-2.3415, 0.253, 1.232)
(-2.1013, -0.1355, 0.7439)
(-1.8982, -0.5236, 0.2497)
(-1.8162, -0.9643, -0.2383)
(-1.785, -1.4181, -0.7014)
(-1.9073, -1.8024, -1.1518)
(-1.9128, -2.1913, -1.4468)
(-2.151, 0.2524, 2.0968)
(-2.2117, -0.1492, 1.6742)
(-2.0273, -0.522, 1.1736)
(-2.0646, -0.9006, 0.6517)
(-2.058, -1.353, 0.1503)
(-2.0541, -1.7842, -0.3226)
(-2.2985, -2.0569, -0.7879)
(-2.3379, -2.63, -1.1397)
(-1.9943, -0.1666, 2.5306)
(-2.1151, -0.575, 2.0956)
(-2.0868, -0.9581, 1.572)
(-2.2664, -1.3086, 1.0519)
(-2.31, -1.7418, 0.5426)
(-2.9017, -2.7739, -1.5549)
(-2.3812, -2.1222, 0.055)
(-2.7199, -2.2543, -0.3835)
(-3.2288, -3.2564, -1.1313)
(-2.9049, -2.6548, -0.7662)
(-3.6879, -3.6655, -1.6271)
(-1.7919, -0.602, 2.9242)
(-3.2427, -2.9158, -1.1862)
(-2.0077, -1.0259, 2.4891)
(-2.1521, -1.4082, 1.9739)
(-2.4217, -1.7333, 1.4625)
(-3.808, -3.6895, -1.9085)
(-2.5623, -2.1175, 0.938)
(-3.6057, -3.325, -1.3811)
(-2.7418, -2.4239, 0.4316)
(-3.1289, -2.4743, 0.0061)
(-3.8494, -3.6033, -1.717)
(-3.3991, -2.7697, -0.4053)
(-4.0593, -3.6374, -2.1412)
(-3.6825, -3.025, -0.8938)
(-1.5475, -1.0282, 3.2304)
(-1.8546, -1.4786, 2.8327)
(-2.1359, -1.8805, 2.3811)
(-2.4828, -2.1953, 1.8635)
(-4.0343, -3.2985, -1.323)
(-2.7717, -2.5032, 1.3286)
(-3.0756, -2.728, 0.7908)
(-4.3252, -3.4919, -1.7887)
(-3.45, -2.8646, 0.2908)
(-1.3613, -1.3377, 3.421)
(-1.6995, -1.8589, 3.0726)
(-4.5696, -3.4765, -2.2374)
(-3.8756, -3.0253, -0.148)
(-4.1924, -3.2448, -0.7088)
(-2.443, -2.7345, 2.1423)
(-1.9572, -2.4535, 2.7764)
(-4.5283, -3.4277, -1.1966)
(-2.8559, -2.9989, 1.6227)
(-3.2369, -3.2006, 1.0807)
(-4.9024, -3.5505, -1.6894)
(-3.6347, -3.3658, 0.5554)
(-5.1574, -3.454, -2.0996)
(-4.1011, -3.5159, 0.0888)
(-4.5031, -3.6803, -0.5075)
(-1.9851, -3.0756, 2.5881)
(-2.3216, -3.3041, 2.1962)
(-4.9317, -3.7858, -1.0649)
(-2.7432, -3.5603, 1.727)
(-3.1637, -3.7618, 1.2029)
(-5.367, -3.8184, -1.5097)
(-3.5716, -3.9296, 0.6664)
(-5.5987, -3.8159, -1.9126)
(-3.9941, -4.1024, 0.151)
(-4.4446, -4.2087, -0.4133)
(-1.8128, -3.5732, 2.4303)
(-2.0789, -3.7883, 2.0901)
(-4.9464, -4.2865, -0.9467)
(-2.4772, -4.0458, 1.6408)
(-2.8951, -4.2407, 1.1186)
(-5.4207, -4.3334, -1.3964)
(-3.2825, -4.3922, 0.5666)
(-1.7166, -3.8451, 2.2164)
(-5.693, -4.3718, -1.7659)
(-3.6701, -4.5693, 0.0462)
(-1.7571, -4.0468, 1.9349)
(-2.191, -4.3468, 1.4765)
(-4.0459, -4.5972, -0.5224)
(-2.6241, -4.5442, 0.9606)
(-4.5535, -4.668, -0.996)
(-3.0225, -4.6807, 0.3985)
(-3.4164, -4.8148, -0.1581)
(-5.0862, -4.7907, -1.3996)
(-3.7279, -4.6863, -0.7846)
(-5.4464, -4.8574, -1.7034)
(-4.235, -4.8103, -1.2172)
(-5.1669, -5.0789, -1.6741)
(-4.8443, -5.0687, -1.6091)
(1.7206, 2.0587, 0.9734)
(1.1663, 4.5239, -1.5501)
(1.0821, -0.9209, 4.6057)
(1.242, 2.8988, -0.6135)
(1.4988, -0.4127, 4.8332)
(1.9276, 0.1303, 4.9428)
(1.8676, 1.7871, 1.4922)
(2.3755, 0.6667, 4.9662)
(2.8602, 1.1717, 4.9475)
(3.389, 1.6413, 4.854)
(3.9012, 2.166, 4.8569)
(1.5246, 4.3232, -1.1008)
(4.3832, 2.6474, 4.9542)
(1.4594, 2.6895, -0.06)
(1.5907, 2.3639, 0.4585)
(2.6751, 1.8733, 3.1061)
(2.0063, 1.5314, 2.0186)
(2.2311, 1.6239, 2.6442)
(2.8015, 2.4587, 3.4576)
(3.4197, 2.4898, 3.727)
(1.0645, 5.0335, -1.8749)
(1.1233, 3.9815, -1.3665)
(1.1646, 3.4949, -1.048)
(4.481, 2.5865, 4.447)
(4.3226, 2.4933, 4.7034)
(4.4894, 2.6932, 4.8226)
(4.6516, 2.7352, 4.5676)
(3.5836, 2.5365, 3.7687)
(3.3871, 2.3899, 3.6978)
(3.4717, 2.5108, 3.7279)
(3.6083, 2.5894, 3.7886)
(3.3835, 2.4636, 3.6421)
(3.4763, 2.8111, 3.5561)
(3.4843, 2.867, 3.6758)
(3.5893, 2.6049, 3.4532)
(3.7484, 2.8011, 3.3499)
(3.6585, 3.045, 3.392)
(3.7703, 2.6018, 3.5384)
(3.9367, 2.7991, 3.6801)
(3.9347, 3.0067, 3.4369)
(3.9325, 2.503, 3.8729)
(4.2741, 2.5856, 3.986)
(4.2543, 2.8541, 3.781)
(4.2204, 2.3825, 4.2609)
(4.5753, 2.693, 4.1395)
(1.4474, -1.3338, 3.6248)
(1.2486, -1.4777, 3.8304)
(1.2506, -1.2077, 4.1339)
(1.4774, -1.0498, 3.9756)
(1.7927, -0.8599, 3.8081)
(1.5245, -0.7574, 4.3116)
(1.8614, -0.5554, 4.1692)
(2.2405, -0.3664, 4.0097)
(1.9412, -0.2456, 4.4919)
(2.3196, -0.0689, 4.3479)
(2.7171, 0.1022, 4.1853)
(2.4105, 0.2375, 4.6396)
(2.8124, 0.3853, 4.5098)
(3.1867, 0.571, 4.3297)
(2.8982, 0.6969, 4.7663)
(3.2259, 0.8536, 4.5803)
(3.3805, 1.0826, 4.2669)
(3.2777, 1.1706, 4.6882)
(3.4057, 1.3568, 4.3814)
(3.5117, 1.6178, 4.1164)
(3.6269, 1.673, 4.5396)
(3.7771, 1.8827, 4.3091)
(3.8915, 2.1613, 4.0694)
(4.0759, 2.1967, 4.5217)
(1.6303, -1.4586, 3.0542)
(1.3471, -1.6558, 3.2441)
(1.7263, -1.1589, 3.4402)
(2.1019, -0.9564, 3.2922)
(2.1686, -0.6607, 3.6541)
(2.5541, -0.4516, 3.495)
(2.6212, -0.1654, 3.8386)
(2.9812, 0.0657, 3.651)
(3.0812, 0.3209, 3.9953)
(3.3976, 0.5896, 3.7796)
(3.4533, 0.8324, 4.0873)
(3.6472, 1.1674, 3.847)
(3.5096, 1.4019, 4.0064)
(3.6434, 1.7687, 3.8222)
(3.6208, 1.9662, 3.919)
(3.697, 2.3412, 3.7552)
(1.1178, -2.2187, 1.7795)
(0.8511, -2.5163, 1.7777)
(0.9577, -2.3699, 2.1461)
(1.1996, -2.0876, 2.1875)
(1.4832, -1.7988, 2.1628)
(1.239, -1.9653, 2.6487)
(1.5429, -1.6794, 2.6133)
(1.9419, -1.4184, 2.5028)
(2.0305, -1.2251, 2.9117)
(2.4425, -1.0048, 2.7825)
(2.5059, -0.748, 3.1534)
(2.8592, -0.5015, 2.9946)
(2.9225, -0.2235, 3.3242)
(3.2075, 0.064, 3.1341)
(3.3062, 0.3288, 3.4489)
(3.5047, 0.6611, 3.2456)
(3.6368, 0.908, 3.5517)
(3.7482, 1.2826, 3.3473)
(3.7963, 1.5287, 3.6427)
(3.8473, 1.8612, 3.5415)
(3.7517, 2.1035, 3.6865)
(3.7635, 2.3569, 3.5368)
(1.3522, -2.0206, 1.2804)
(1.0505, -2.3515, 1.3554)
(1.4116, -1.9034, 1.7254)
(1.7458, -1.595, 1.6406)
(1.8403, -1.5206, 2.0757)
(2.2436, -1.2839, 1.9694)
(2.3575, -1.1945, 2.3807)
(2.6796, -0.911, 2.2539)
(2.7729, -0.7319, 2.6347)
(2.9166, -0.3584, 2.4878)
(3.0698, -0.1628, 2.8114)
(3.0754, 0.2452, 2.6888)
(3.3078, 0.4443, 2.9565)
(3.2207, 0.868, 2.8595)
(3.5111, 1.0693, 3.0871)
(3.4108, 1.4866, 2.9739)
(3.7095, 1.6601, 3.2345)
(3.5064, 1.9373, 3.2891)
(3.7037, 2.1212, 3.5355)
(3.449, 2.3431, 3.5574)
(1.6182, -1.8195, 0.7592)
(1.309, -2.1518, 0.8327)
(1.6697, -1.6955, 1.2009)
(2.0103, -1.3885, 1.1236)
(2.1148, -1.3191, 1.5514)
(2.4818, -1.0449, 1.4634)
(2.5919, -1.0132, 1.8642)
(2.7722, -0.618, 1.7805)
(2.7931, -0.5087, 2.1506)
(2.7473, -0.0691, 2.1176)
(2.839, 0.062, 2.4365)
(2.6976, 0.4794, 2.4701)
(2.9255, 0.6578, 2.6849)
(2.7547, 1.0723, 2.6572)
(3.0665, 1.2822, 2.7886)
(2.917, 1.6556, 2.789)
(3.2374, 1.824, 2.9842)
(3.0267, 2.032, 3.1896)
(3.2569, 2.1097, 3.4468)
(3.2239, 2.2363, 3.5931)
(1.8953, -1.6197, 0.2489)
(1.5803, -1.9529, 0.3151)
(1.9432, -1.496, 0.6888)
(2.2694, -1.1669, 0.6208)
(2.356, -1.0814, 1.0484)
(2.674, -0.7396, 0.9791)
(2.7622, -0.6913, 1.3903)
(2.9419, -0.2601, 1.3426)
(2.8549, -0.1679, 1.7406)
(2.86, 0.2698, 1.7105)
(2.6976, 0.3612, 2.1135)
(2.6085, 0.7817, 2.0689)
(2.5865, 0.9059, 2.4465)
(2.3913, 1.3038, 2.3982)
(2.5766, 1.4726, 2.6592)
(2.4618, 1.7468, 2.8658)
(2.8044, 1.9098, 2.9943)
(2.752, 2.1648, 3.2687)
(2.964, 2.2379, 3.4264)
(3.1227, 2.4852, 3.5783)
(2.1292, -1.3778, -0.2569)
(1.8412, -1.7372, -0.1967)
(2.2048, -1.2764, 0.1852)
(2.4816, -0.9061, 0.1234)
(2.5775, -0.814, 0.5548)
(2.833, -0.4231, 0.4923)
(2.9203, -0.343, 0.9202)
(3.0092, 0.0975, 0.8685)
(2.9818, 0.1857, 1.2971)
(2.8249, 0.5968, 1.2308)
(2.7109, 0.6783, 1.6497)
(2.4619, 1.0362, 1.5717)
(2.3999, 1.1445, 1.9941)
(2.1543, 1.4135, 1.8866)
(2.1253, 1.5708, 2.3275)
(2.279, -1.0671, -0.7564)
(2.0393, -1.4621, -0.7025)
(2.3752, -0.9897, -0.3144)
(2.5791, -0.577, -0.3689)
(2.6975, -0.4997, 0.0642)
(2.8469, -0.0663, 0.0085)
(2.9574, 0.0101, 0.4365)
(2.9274, 0.4545, 0.3877)
(2.9046, 0.5263, 0.8127)
(2.6797, 0.9008, 0.7415)
(2.5596, 0.9525, 1.1512)
(2.291, 1.287, 1.0672)
(2.2044, 1.3482, 1.4784)
(1.9891, 1.6348, 1.3612)
(1.944, 1.6529, 1.7518)
(2.4246, -0.7362, -1.2465)
(2.192, -1.1388, -1.1988)
(2.4987, -0.6596, -0.8067)
(2.6869, -0.2366, -0.8525)
(2.7516, -0.1489, -0.4199)
(2.8459, 0.2989, -0.4658)
(2.9012, 0.3813, -0.0404)
(2.8465, 0.8252, -0.0838)
(2.7944, 0.8712, 0.334)
(2.5999, 1.2512, 0.2672)
(2.4294, 1.2504, 0.6616)
(2.1846, 1.5951, 0.5758)
(2.0539, 1.6092, 0.9687)
(1.849, 1.91, 0.8476)
(1.8002, 1.9153, 1.2296)
(2.5451, -0.381, -1.7256)
(2.3299, -0.7942, -1.6852)
(2.6232, -0.3166, -1.2884)
(2.7524, 0.1269, -1.3229)
(2.7943, 0.2104, -0.8921)
(2.7856, 0.671, -0.927)
(2.8232, 0.7551, -0.5053)
(2.7456, 1.201, -0.5468)
(2.7251, 1.2452, -0.1333)
(2.5515, 1.6373, -0.1936)
(2.3741, 1.6132, 0.1927)
(2.1209, 1.9537, 0.0989)
(1.9479, 1.9199, 0.4696)
(1.7342, 2.2243, 0.3386)
(1.6618, 2.2041, 0.712)
(2.6335, -0.0003, -2.1917)
(2.4375, -0.4241, -2.1599)
(2.7069, 0.0538, -1.7574)
(2.7839, 0.51, -1.7807)
(2.7779, 0.5871, -1.3519)
(2.7073, 1.0458, -1.3852)
(2.705, 1.1267, -0.9654)
(2.635, 1.5748, -1.0156)
(2.6455, 1.6282, -0.5988)
(2.4856, 2.0316, -0.6578)
(2.3221, 2.0016, -0.2698)
(2.0393, 2.323, -0.3825)
(1.8529, 2.2608, -0.0284)
(1.6039, 2.5443, -0.1801)
(1.528, 2.5195, 0.1918)
(2.7002, 0.3989, -2.6452)
(2.5217, -0.0337, -2.6225)
(2.7675, 0.4454, -2.2129)
(2.814, 0.9071, -2.2264)
(2.7697, 0.9725, -1.8037)
(2.6408, 1.4135, -1.8463)
(2.6008, 1.4933, -1.4344)
(2.4925, 1.9144, -1.4846)
(2.5545, 2.0088, -1.0696)
(2.3558, 2.3838, -1.0982)
(2.2494, 2.3955, -0.7314)
(1.9166, 2.6829, -0.8445)
(1.7296, 2.5946, -0.5353)
(1.4452, 2.8589, -0.698)
(1.3481, 2.7902, -0.3542)
(2.7501, 0.8106, -3.0877)
(2.5948, 0.3691, -3.0749)
(2.8038, 0.8523, -2.6563)
(2.7969, 1.3154, -2.6613)
(2.7295, 1.3576, -2.2492)
(2.515, 1.7685, -2.2911)
(2.423, 1.8071, -1.9)
(2.227, 2.173, -1.8996)
(2.2986, 2.2645, -1.4867)
(2.0319, 2.5939, -1.4548)
(2.0216, 2.6781, -1.1226)
(1.7105, 3.0349, -1.2294)
(1.5895, 2.9865, -0.9893)
(1.3584, 3.3526, -1.1126)
(1.2144, 3.1704, -0.8242)
(2.7876, 1.2335, -3.5176)
(2.665, 0.7813, -3.5165)
(2.8128, 1.2728, -3.0875)
(2.7778, 1.7409, -3.0826)
(2.6841, 1.7666, -2.671)
(2.5002, 2.2009, -2.6776)
(2.3142, 2.1749, -2.2983)
(2.1777, 2.6107, -2.2733)
(2.0806, 2.579, -1.8582)
(1.9342, 3.0378, -1.8478)
(1.8192, 3.0224, -1.4899)
(1.6729, 3.5166, -1.5774)
(1.5038, 3.4796, -1.3752)
(1.3676, 3.8615, -1.4056)
(1.1587, 3.7092, -1.1964)
(2.8124, 1.6692, -3.9306)
(2.7122, 1.2156, -3.9279)
(2.8166, 1.7014, -3.5088)
(2.7584, 2.1666, -3.4977)
(2.6434, 2.1943, -3.082)
(2.4785, 2.6388, -3.0715)
(2.303, 2.6359, -2.6768)
(2.1771, 3.0733, -2.6659)
(2.0343, 3.0563, -2.2695)
(1.9201, 3.5069, -2.2236)
(1.7958, 3.5089, -1.8428)
(1.7537, 3.9429, -1.7606)
(1.6243, 3.9416, -1.5295)
(1.5742, 4.2277, -1.3762)
(1.3295, 4.1496, -1.2445)
(2.7553, 2.1143, -4.3185)
(2.671, 1.6765, -4.2757)
(2.83, 2.1383, -3.9174)
(2.8031, 2.605, -3.8919)
(2.6833, 2.6264, -3.471)
(2.6108, 3.0751, -3.4239)
(2.4002, 3.0813, -3.0281)
(2.3534, 3.5179, -2.9581)
(2.1407, 3.5156, -2.5923)
(2.0812, 3.9496, -2.4917)
(1.877, 3.9396, -2.1171)
(1.7245, 4.2842, -2.0556)
(1.6357, 4.2515, -1.6849)
(1.3626, 4.4848, -1.6975)
(1.3531, 4.4218, -1.3319)
(2.5987, 2.5259, -4.673)
(2.5037, 2.1329, -4.5895)
(2.7755, 2.57, -4.3172)
(2.7163, 3.0014, -4.2843)
(2.7066, 3.0539, -3.8569)
(2.5429, 3.4664, -3.8071)
(2.4802, 3.5056, -3.3778)
(2.2918, 3.9052, -3.328)
(2.2133, 3.9383, -2.9022)
(1.9819, 4.3129, -2.8592)
(1.8738, 4.3243, -2.4465)
(1.6029, 4.6609, -2.4064)
(1.456, 4.5906, -2.0434)
(1.2435, 4.9099, -2.027)
(1.1217, 4.7759, -1.7199)
(2.4426, 2.8377, -4.9516)
(2.3, 2.5072, -4.8702)
(2.6478, 2.9181, -4.6603)
(2.5914, 3.2868, -4.5941)
(2.5775, 3.3872, -4.211)
(2.3966, 3.7388, -4.1173)
(2.3503, 3.8341, -3.7309)
(2.1477, 4.1772, -3.6385)
(2.0783, 4.2623, -3.255)
(1.874, 4.6047, -3.16)
(1.7492, 4.6547, -2.7844)
(1.5541, 4.9895, -2.6789)
(1.3946, 4.9805, -2.3371)
(1.2424, 5.244, -2.2813)
(1.0876, 5.1764, -2.0035)
(1.1174, -1.3027, 4.2201)
(1.0851, -1.0624, 4.4655)
(1.2503, -0.9476, 4.4145)
(1.2965, -0.6746, 4.7015)
(1.6087, -0.4547, 4.6133)
(1.7168, -0.1457, 4.8736)
(2.0438, 0.0664, 4.754)
(2.1513, 0.3988, 4.9445)
(2.5127, 0.5634, 4.847)
(2.6143, 0.9231, 4.9471)
(2.9874, 1.0417, 4.874)
(3.1103, 1.4124, 4.8919)
(3.4167, 1.5211, 4.7408)
(3.5989, 1.8717, 4.84)
(3.8598, 2.0143, 4.7019)
(4.0969, 2.3602, 4.8759)
(4.2205, 2.7525, 5.1046)
(4.2273, 3.0753, 5.2284)
(4.454, 3.0801, 5.2116)
(4.4578, 2.7994, 5.0786)
(3.3254, 2.6265, 3.6959)
(3.3231, 2.5981, 3.6523)
(3.2332, 2.8984, 3.5337)
(3.3251, 2.9417, 3.6709)
(3.3366, 2.9943, 3.8118)
(3.175, 3.2893, 3.6847)
(3.2936, 3.3632, 3.9279)
(3.2828, 3.3481, 4.1751)
(3.2346, 3.694, 4.089)
(3.343, 3.6445, 4.4069)
(3.2924, 3.5162, 4.7082)
(3.4931, 3.8849, 4.5948)
(3.5202, 3.7042, 4.9284)
(3.4978, 3.4266, 5.154)
(3.8066, 3.7764, 5.0921)
(3.8463, 3.4592, 5.2647)
(3.8678, 3.0712, 5.2699)
(4.1877, 3.4419, 5.2828)
(0.2321, -0.8388, 4.665)
(0.1511, -0.5179, 4.7123)
(0.5482, -0.4775, 4.8635)
(0.5937, -0.8157, 4.7506)
(0.5209, -0.0552, 4.9392)
(0.96, 0.0177, 5.0654)
(0.9562, -0.411, 4.9337)
(0.9666, 0.4845, 5.1042)
(1.4165, 0.5547, 5.1801)
(1.392, 0.1095, 5.1001)
(1.4482, 1.0149, 5.1657)
(1.8999, 1.0852, 5.2091)
(1.8553, 0.6458, 5.1603)
(1.9478, 1.5318, 5.198)
(2.3965, 1.61, 5.2232)
(2.3372, 1.1728, 5.1575)
(2.4502, 2.0714, 5.2102)
(2.9069, 2.1374, 5.2066)
(2.8579, 1.6896, 5.1292)
(2.9408, 2.5676, 5.1975)
(3.3744, 2.6127, 5.2204)
(3.3461, 2.199, 5.123)
(3.4405, 3.0347, 5.2415)
(3.8276, 2.6768, 5.1703)
(-0.2523, -0.642, 4.4546)
(-0.2733, -0.258, 4.411)
(0.112, -0.1364, 4.7149)
(0.1441, 0.3156, 4.6648)
(0.5371, 0.4096, 4.9297)
(0.6081, 0.8582, 4.8144)
(1.013, 0.9431, 5.0279)
(1.1185, 1.3582, 4.8406)
(1.5227, 1.45, 5.0449)
(1.6419, 1.8457, 4.8263)
(2.0341, 1.9627, 5.0604)
(2.1626, 2.3573, 4.8044)
(2.5382, 2.4991, 5.0469)
(2.6802, 2.8312, 4.8098)
(3.0384, 2.953, 5.0735)
(3.1672, 3.2912, 4.9145)
(-1.4477, -1.1943, 3.3352)
(-1.3555, -0.8066, 3.4003)
(-1.0541, -0.7616, 3.7049)
(-1.1666, -1.1186, 3.6165)
(-0.9486, -0.3646, 3.7155)
(-0.637, -0.3406, 4.0655)
(-0.7343, -0.7606, 4.0455)
(-0.5383, 0.1325, 3.998)
(-0.2103, 0.2142, 4.3414)
(-0.0864, 0.6492, 4.2103)
(0.2433, 0.7547, 4.5359)
(0.4211, 1.1122, 4.3125)
(0.7489, 1.246, 4.5966)
(0.9573, 1.5511, 4.3153)
(1.2749, 1.7163, 4.5793)
(1.4737, 2.0129, 4.2819)
(1.7966, 2.1929, 4.5462)
(2.0159, 2.4301, 4.242)
(2.3411, 2.6415, 4.5213)
(2.5746, 2.8089, 4.2694)
(2.8619, 3.0681, 4.5914)
(3.0847, 3.2369, 4.3999)
(-1.6679, -0.8248, 3.092)
(-1.579, -0.404, 3.0528)
(-1.2447, -0.3974, 3.3709)
(-1.103, 0.0145, 3.265)
(-0.8282, 0.0692, 3.636)
(-0.6826, 0.495, 3.5078)
(-0.401, 0.5678, 3.8687)
(-0.1859, 0.9006, 3.674)
(0.1187, 0.9835, 4.0005)
(0.4118, 1.1928, 3.7285)
(0.6818, 1.3602, 4.0295)
(1.0022, 1.5134, 3.7319)
(1.2255, 1.7719, 4.0108)
(1.5257, 1.9397, 3.6977)
(1.7335, 2.2176, 3.9655)
(2.07, 2.2998, 3.6688)
(2.3126, 2.539, 3.9646)
(2.6374, 2.5966, 3.7773)
(2.8585, 2.9282, 4.0799)
(3.1593, 2.999, 3.9337)
(-1.9007, -0.3814, 2.7351)
(-1.7677, -0.0032, 2.6257)
(-1.4141, -0.0206, 2.9212)
(-1.2219, 0.3427, 2.7651)
(-0.9412, 0.4127, 3.1311)
(-0.7409, 0.7728, 2.9679)
(-0.4792, 0.8486, 3.3335)
(-0.1804, 1.0711, 3.0963)
(0.1236, 1.0986, 3.4174)
(0.4822, 1.1842, 3.1368)
(0.7594, 1.296, 3.4412)
(1.1205, 1.371, 3.1571)
(1.3423, 1.6262, 3.4384)
(1.6957, 1.7223, 3.1552)
(1.8684, 2.038, 3.4044)
(2.2495, 2.0622, 3.1829)
(2.4361, 2.3166, 3.455)
(2.7359, 2.3064, 3.4234)
(2.9448, 2.6004, 3.7073)
(3.1884, 2.6094, 3.7038)
(-2.0768, 0.0438, 2.3161)
(-1.9207, 0.3965, 2.1804)
(-1.5526, 0.332, 2.4453)
(-1.3088, 0.6474, 2.2592)
(-0.9996, 0.6791, 2.5944)
(-0.7428, 0.9714, 2.398)
(-0.4729, 1.0448, 2.7583)
(-0.1407, 1.189, 2.5025)
(0.1737, 1.1733, 2.8218)
(0.5361, 1.2362, 2.54)
(0.8471, 1.2413, 2.8522)
(1.2011, 1.3327, 2.5726)
(1.481, 1.4598, 2.8767)
(1.8417, 1.5369, 2.6101)
(2.0807, 1.7702, 2.925)
(2.4445, 1.7504, 2.8845)
(2.5702, 2.0552, 3.1608)
(2.7246, 2.1672, 3.295)
(2.9197, 2.381, 3.516)
(3.0985, 2.4633, 3.6063)
(-2.2183, 0.4618, 1.877)
(-2.047, 0.8269, 1.7595)
(-1.6794, 0.7191, 1.9993)
(-1.4125, 1.0213, 1.8122)
(-1.0471, 0.9334, 2.062)
(-0.7641, 1.1883, 1.8621)
(-0.4438, 1.1761, 2.1727)
(-0.1148, 1.3359, 1.9362)
(0.2142, 1.2778, 2.2304)
(0.545, 1.4267, 1.9874)
(0.8821, 1.3412, 2.27)
(1.1974, 1.5012, 2.0247)
(1.5264, 1.4461, 2.3021)
(1.7669, 1.5599, 2.036)
(2.1122, 1.5845, 2.3354)
(-2.3134, 0.8844, 1.4378)
(-2.1277, 1.2745, 1.3524)
(-1.7916, 1.1702, 1.6108)
(-1.5105, 1.4912, 1.4463)
(-1.1285, 1.3113, 1.6275)
(-0.8338, 1.6077, 1.4582)
(-0.4635, 1.4432, 1.6747)
(-0.1688, 1.7213, 1.5038)
(0.1938, 1.5572, 1.7333)
(0.4755, 1.8212, 1.5613)
(0.8405, 1.6467, 1.7857)
(1.1123, 1.8762, 1.5886)
(1.4569, 1.6879, 1.7978)
(1.6459, 1.8418, 1.5424)
(1.93, 1.6656, 1.759)
(-2.3627, 1.3053, 0.996)
(-2.1855, 1.7049, 0.9235)
(-1.8733, 1.6364, 1.2274)
(-1.5872, 1.9556, 1.0616)
(-1.2138, 1.7938, 1.2717)
(-0.9106, 2.0834, 1.0942)
(-0.5377, 1.9039, 1.2971)
(-0.2482, 2.1841, 1.1293)
(0.1128, 2.0032, 1.3443)
(0.3872, 2.2584, 1.1637)
(0.7469, 2.0683, 1.3778)
(1.0121, 2.2617, 1.149)
(1.3463, 2.0496, 1.3466)
(1.5203, 2.1538, 1.0497)
(1.788, 1.9305, 1.236)
(-2.4038, 1.7153, 0.5487)
(-2.2421, 2.0942, 0.4578)
(-1.9359, 2.0573, 0.7892)
(-1.6408, 2.3418, 0.5952)
(-1.2807, 2.2329, 0.8631)
(-0.9654, 2.4675, 0.6365)
(-0.607, 2.3435, 0.8953)
(-0.3099, 2.5713, 0.6762)
(0.0358, 2.4314, 0.9336)
(0.3146, 2.6513, 0.7138)
(0.6611, 2.4688, 0.9426)
(0.9198, 2.6156, 0.6794)
(1.2427, 2.3935, 0.8711)
(1.4008, 2.4635, 0.5492)
(1.6496, 2.2185, 0.7199)
(-2.4256, 2.083, 0.0792)
(-2.279, 2.4108, -0.0564)
(-1.9815, 2.403, 0.2884)
(-1.6678, 2.6235, 0.0587)
(-1.3208, 2.5578, 0.3566)
(-0.99, 2.7218, 0.09)
(-0.6503, 2.6603, 0.3887)
(-0.3494, 2.8144, 0.1511)
(-0.0241, 2.7781, 0.4527)
(0.2461, 2.8879, 0.2405)
(0.5775, 2.8139, 0.4717)
(0.7879, 2.8113, 0.1881)
(1.1115, 2.6618, 0.3656)
(1.2417, 2.694, 0.0225)
(1.5221, 2.5339, 0.2066)
(-2.4551, 2.369, -0.4359)
(-2.2929, 2.6492, -0.6091)
(-1.9971, 2.6582, -0.262)
(-1.657, 2.8101, -0.5175)
(-1.3277, 2.7704, -0.2101)
(-0.9774, 2.902, -0.4875)
(-0.6642, 2.8478, -0.1712)
(-0.3538, 2.8674, -0.3907)
(-0.0669, 2.8263, -0.0513)
(0.1945, 2.7398, -0.1982)
(0.4757, 2.8075, 0.0341)
(0.6576, 2.7949, -0.2535)
(0.9358, 2.7774, -0.1505)
(1.0596, 2.9225, -0.5)
(1.3533, 2.798, -0.3193)
(-2.4939, 2.5953, -0.9775)
(-2.2479, 2.8615, -1.1093)
(-1.9753, 2.8368, -0.8287)
(-1.6354, 3.0294, -0.9979)
(-1.2975, 2.9426, -0.7792)
(-0.9463, 3.1311, -0.9503)
(-0.629, 3.0039, -0.7267)
(-0.3213, 3.1001, -0.8245)
(-0.063, 2.8604, -0.5285)
(0.2284, 2.974, -0.5983)
(0.4389, 2.8137, -0.3676)
(0.6316, 3.168, -0.6662)
(0.8081, 3.0777, -0.6159)
(0.9543, 3.4649, -0.9517)
(1.1921, 3.2232, -0.8372)
(-2.3258, 2.8157, -1.3922)
(-2.1056, 3.1927, -1.3847)
(-1.9488, 3.1597, -1.1496)
(-1.6734, 3.5116, -1.1358)
(-1.3203, 3.3134, -1.0294)
(-1.0139, 3.6256, -0.9924)
(-0.6377, 3.3626, -0.949)
(-0.3433, 3.5984, -0.9061)
(-0.0268, 3.2621, -0.8166)
(0.2841, 3.4944, -0.8709)
(0.498, 3.259, -0.748)
(0.6905, 3.7033, -0.982)
(0.7749, 3.6376, -1.0005)
(0.9868, 3.9647, -1.1891)
(1.1292, 3.7671, -1.218)
(-2.1891, 3.1133, -1.7558)
(-2.0636, 3.5452, -1.8057)
(-1.9097, 3.5908, -1.4114)
(-1.6261, 3.9242, -1.4899)
(-1.361, 3.8332, -1.1645)
(-1.0309, 4.0676, -1.231)
(-0.7021, 3.9026, -0.9975)
(-0.3892, 4.0921, -1.0771)
(-0.0364, 3.8366, -0.951)
(0.2318, 4.0515, -1.0633)
(0.546, 3.8051, -1.0024)
(0.7748, 4.1418, -1.0223)
(0.9328, 4.0785, -1.0529)
(1.2173, 4.2938, -1.0743)
(1.3184, 4.1551, -1.2227)
(-2.2188, 3.4659, -2.2222)
(-2.0015, 3.8259, -2.3068)
(-1.8276, 3.9079, -1.8914)
(-1.4982, 4.0907, -1.9848)
(-1.2868, 4.1229, -1.589)
(-0.9674, 4.11, -1.6831)
(-0.7083, 4.1191, -1.3428)
(-0.4672, 4.2187, -1.4563)
(-0.1264, 4.2292, -1.2082)
(0.0309, 4.4023, -1.2325)
(0.4196, 4.2742, -1.0879)
(0.5737, 4.5195, -1.1591)
(0.9544, 4.4139, -1.0803)
(1.0328, 4.5916, -1.3742)
(1.3378, 4.4254, -1.319)
(-2.1356, 3.7141, -2.7244)
(-1.8728, 3.8567, -2.771)
(-1.6848, 3.9766, -2.3876)
(-1.3912, 3.9199, -2.3739)
(-1.1809, 4.0526, -2.029)
(-1.0143, 4.1275, -2.0025)
(-0.7673, 4.1963, -1.7228)
(-0.6817, 4.4692, -1.6505)
(-0.3495, 4.4711, -1.4393)
(-0.205, 4.6271, -1.4502)
(0.1749, 4.5731, -1.2955)
(0.3774, 4.7787, -1.5043)
(0.7227, 4.7385, -1.439)
(0.8606, 4.9652, -1.6816)
(1.1092, 4.7816, -1.7052)
(-2.0043, 3.6782, -3.0757)
(-1.82, 3.6214, -3.0089)
(-1.6273, 3.7873, -2.6935)
(-1.5115, 3.8195, -2.5364)
(-1.2616, 3.9929, -2.2689)
(-1.2651, 4.2928, -2.1233)
(-0.9726, 4.3952, -1.8965)
(-0.847, 4.5181, -1.8029)
(-0.5271, 4.5998, -1.6043)
(-0.2598, 4.7126, -1.6853)
(0.04, 4.7873, -1.5708)
(0.2946, 5.0766, -1.5705)
(0.5871, 5.0481, -1.5913)
(0.7551, 5.2917, -1.5827)
(0.9943, 5.1937, -1.7827)
(0.6172, -1.0459, 4.6606)
(0.9374, -0.7631, 4.7565)
(0.9236, -1.0018, 4.6265)
(1.3441, -0.2906, 4.9446)
(1.2844, -0.659, 4.7374)
(1.7864, 0.2423, 5.0557)
(1.7096, -0.1367, 4.9025)
(2.2507, 0.774, 5.0752)
(2.1517, 0.3983, 4.9644)
(2.7449, 1.2866, 5.049)
(2.6213, 0.9154, 4.9666)
(3.2798, 1.7878, 5.001)
(3.1388, 1.4007, 4.9096)
(3.7687, 2.3171, 5.0255)
(3.6912, 1.9356, 4.8709)
(4.1875, 2.4533, 4.9352)
(-1.5348, -1.354, -2.2529)
(-1.2162, 0.5518, -4.822)
(-1.7519, -4.0508, 1.925)
(-0.9628, 0.0431, -3.3648)
(-2.1863, -4.3515, 1.4657)
(-2.6221, -4.5434, 0.9463)
(-1.7044, -1.7837, -1.8585)
(-3.0197, -4.6837, 0.3846)
(-3.4143, -4.8206, -0.1725)
(-3.7609, -4.7007, -0.7681)
(-4.2639, -4.8302, -1.215)
(-1.0838, 0.1711, -4.3673)
(-4.8277, -5.0725, -1.6174)
(-1.1965, -0.4314, -3.0148)
(-1.3666, -0.918, -2.6519)
(-2.8899, -2.7869, -1.5408)
(-1.8994, -2.1917, -1.4519)
(-2.3228, -2.6294, -1.1479)
(-3.2486, -3.2705, -1.1635)
(-3.6504, -3.6701, -1.6327)
(-1.2846, 1.022, -5.2122)
(-0.9898, 0.79, -4.2478)
(-0.7051, 0.4989, -3.8566)
(-4.7203, -5.007, -2.1196)
(-4.6561, -5.0386, -1.7838)
(-4.8935, -5.0856, -1.7846)
(-4.9434, -5.0784, -2.1045)
(-3.7052, -3.5864, -1.7471)
(-3.7104, -3.5604, -1.6751)
(-3.906, -3.5732, -1.9309)
(-3.8371, -3.5878, -1.9695)
(-3.8567, -3.4797, -2.0017)
(-4.0924, -3.5129, -2.3211)
(-4.1153, -3.5946, -2.2107)
(-3.8665, -3.5662, -2.496)
(-4.0988, -3.713, -2.7425)
(-4.3256, -3.5914, -2.6109)
(-3.9542, -3.9128, -2.6191)
(-4.2068, -4.1854, -2.7077)
(-4.3025, -3.9627, -2.898)
(-4.1636, -4.3763, -2.3994)
(-4.4578, -4.6545, -2.4561)
(-4.4661, -4.4685, -2.7711)
(-4.4083, -4.8284, -2.1238)
(-4.7676, -4.8723, -2.4475)
(-0.8447, -3.8867, 1.4326)
(-0.9053, -3.8702, 1.7588)
(-1.2588, -4.0232, 1.7614)
(-1.2347, -4.0819, 1.4209)
(-1.2491, -4.0902, 1.005)
(-1.6355, -4.2322, 1.3857)
(-1.6725, -4.2742, 0.9554)
(-1.7315, -4.2025, 0.506)
(-2.0873, -4.4117, 0.8867)
(-2.1426, -4.3715, 0.4389)
(-2.2176, -4.2283, -0.0002)
(-2.5337, -4.5194, 0.3497)
(-2.5982, -4.4288, -0.0948)
(-2.6845, -4.2477, -0.5258)
(-2.9539, -4.6242, -0.2114)
(-3.0355, -4.5006, -0.6586)
(-3.1483, -4.3119, -1.0842)
(-3.3947, -4.6895, -0.7898)
(-3.5005, -4.5754, -1.2292)
(-3.6143, -4.4179, -1.6057)
(-3.859, -4.7608, -1.3239)
(-3.9574, -4.6951, -1.7152)
(-4.0691, -4.5538, -2.0662)
(-4.3224, -4.9113, -1.7669)
(-0.4261, -3.6053, 1.1176)
(-0.4296, -3.6218, 1.5112)
(-0.839, -3.8661, 1.0534)
(-0.909, -3.808, 0.6128)
(-1.3233, -4.0063, 0.5673)
(-1.4241, -3.8865, 0.1382)
(-1.8288, -4.0355, 0.0833)
(-1.9361, -3.8931, -0.3273)
(-2.3256, -4.0226, -0.4086)
(-2.444, -3.8765, -0.807)
(-2.8128, -4.0332, -0.9198)
(-2.9584, -3.8981, -1.2902)
(-3.3057, -4.1127, -1.4371)
(-3.4687, -3.9733, -1.7674)
(-3.7752, -4.2319, -1.92)
(-3.8918, -4.0789, -2.2723)
(0.7546, -2.6632, 1.4037)
(0.5753, -2.802, 1.7656)
(0.4491, -2.9505, 1.4348)
(0.3573, -3.0749, 1.0455)
(0.096, -3.2357, 1.5232)
(-0.014, -3.3326, 1.1177)
(-0.0859, -3.4092, 0.6325)
(-0.4944, -3.6082, 0.6354)
(-0.5646, -3.6513, 0.1595)
(-0.9968, -3.7712, 0.1539)
(-1.0636, -3.8289, -0.2923)
(-1.5097, -3.866, -0.2941)
(-1.5784, -3.9152, -0.7345)
(-2.0248, -3.8838, -0.7543)
(-2.1027, -3.9046, -1.1872)
(-2.5447, -3.8711, -1.2214)
(-2.6272, -3.8753, -1.6417)
(-3.0665, -3.8882, -1.6875)
(-3.1549, -3.8412, -2.0701)
(-3.5605, -3.9089, -2.16)
(-3.6552, -3.7582, -2.4718)
(1.0057, -2.4845, 0.9071)
(0.6928, -2.7984, 0.9792)
(0.6561, -2.9369, 0.526)
(0.3059, -3.2016, 0.5928)
(0.2676, -3.3473, 0.1325)
(-0.1346, -3.5298, 0.1619)
(-0.197, -3.6399, -0.2566)
(-0.6184, -3.7611, -0.2796)
(-0.7221, -3.7753, -0.6466)
(-1.1297, -3.881, -0.7176)
(-1.2714, -3.7706, -1.0465)
(-1.6615, -3.8666, -1.1509)
(-1.8213, -3.6763, -1.4528)
(-2.1966, -3.7993, -1.5847)
(-2.3721, -3.5697, -1.852)
(-2.7412, -3.7256, -1.9829)
(-2.9641, -3.4942, -2.0746)
(-3.3165, -3.6375, -2.2591)
(-3.5915, -3.4692, -2.1842)
(1.273, -2.2866, 0.3847)
(0.9707, -2.6202, 0.4554)
(0.935, -2.7543, 0.005)
(0.6199, -3.0744, 0.0728)
(0.5553, -3.1809, -0.3708)
(0.1966, -3.4377, -0.2901)
(0.025, -3.3608, -0.6241)
(-0.3565, -3.5663, -0.5677)
(-0.6216, -3.3467, -0.7777)
(-0.9516, -3.5901, -0.8633)
(-1.2675, -3.3189, -0.9786)
(-1.5411, -3.5254, -1.1982)
(-1.8708, -3.2231, -1.2705)
(-2.0968, -3.4038, -1.5876)
(-2.4457, -3.1369, -1.6138)
(-2.6718, -3.3347, -1.8844)
(-3.0128, -3.2578, -1.697)
(-3.2839, -3.4019, -1.8975)
(-3.5831, -3.4585, -1.6952)
(1.5371, -2.0806, -0.1329)
(1.2352, -2.4195, -0.0651)
(1.1857, -2.5452, -0.5184)
(0.8787, -2.8743, -0.4465)
(0.7604, -2.9357, -0.8886)
(0.4086, -3.1851, -0.7733)
(0.163, -3.0421, -1.097)
(-0.2387, -3.1679, -0.8949)
(-0.5265, -2.9322, -1.1363)
(-0.9186, -3.0998, -0.9748)
(-1.2087, -2.8136, -1.157)
(-1.5823, -3.0159, -1.1018)
(-1.8877, -2.6985, -1.2039)
(-2.2216, -2.919, -1.3178)
(-2.5929, -2.7144, -1.3413)
(-2.7951, -2.9992, -1.5612)
(-3.0733, -3.0422, -1.3612)
(-3.2881, -3.3306, -1.4644)
(-3.4406, -3.4797, -1.4171)
(1.7709, -1.8386, -0.6455)
(1.4819, -2.1982, -0.5852)
(1.4, -2.2904, -1.0368)
(1.0951, -2.6332, -0.9698)
(0.9133, -2.6134, -1.3809)
(0.5499, -2.8654, -1.2673)
(0.2695, -2.6411, -1.5337)
(-0.1264, -2.7914, -1.3382)
(-0.4125, -2.4949, -1.5246)
(-0.8104, -2.647, -1.3275)
(-1.0795, -2.3542, -1.4988)
(-1.4765, -2.5154, -1.3147)
(-1.6647, -2.242, -1.4791)
(-2.0968, -2.4105, -1.3065)
(1.9422, -1.5308, -1.1467)
(1.6774, -1.9147, -1.0923)
(1.5422, -1.9461, -1.5248)
(1.2449, -2.3002, -1.4589)
(1.0025, -2.1955, -1.8185)
(0.6449, -2.4462, -1.6954)
(0.3542, -2.1851, -1.9234)
(-0.0228, -2.3418, -1.7235)
(-0.2952, -2.0548, -1.9085)
(-0.6821, -2.203, -1.6994)
(-0.9342, -1.9368, -1.8896)
(-1.3064, -2.083, -1.6783)
(-1.475, -1.8308, -1.8701)
(-1.7897, -1.9881, -1.6588)
(2.0861, -1.1912, -1.6377)
(1.8221, -1.5744, -1.5839)
(1.6558, -1.5757, -2.0046)
(1.3439, -1.9069, -1.923)
(1.0886, -1.7915, -2.2727)
(0.7229, -2.0098, -2.1141)
(0.4443, -1.7859, -2.3672)
(0.0783, -1.9168, -2.1327)
(-0.1863, -1.682, -2.3611)
(-0.5538, -1.8024, -2.1165)
(-0.8037, -1.5684, -2.3364)
(-1.1525, -1.6896, -2.0933)
(-1.3181, -1.4308, -2.2879)
(-1.6095, -1.5704, -2.0592)
(2.2032, -0.8275, -2.1182)
(1.9413, -1.2117, -2.0666)
(1.7499, -1.1906, -2.4763)
(1.435, -1.5175, -2.3921)
(1.1692, -1.3995, -2.7378)
(0.8082, -1.6234, -2.5774)
(0.5256, -1.4359, -2.8551)
(0.1701, -1.5714, -2.6162)
(-0.1019, -1.3702, -2.8719)
(-0.4481, -1.468, -2.6009)
(-0.6982, -1.224, -2.8162)
(-1.0195, -1.3169, -2.5408)
(-1.1727, -1.0203, -2.7095)
(-1.4419, -1.1392, -2.4577)
(2.2972, -0.4434, -2.5873)
(2.0378, -0.8293, -2.5387)
(1.8303, -0.7927, -2.9384)
(1.5126, -1.1187, -2.8542)
(1.2391, -0.9969, -3.1948)
(0.8832, -1.2426, -3.0483)
(0.5918, -1.0602, -3.3306)
(0.2433, -1.2402, -3.1206)
(-0.038, -1.0045, -3.3514)
(-0.3678, -1.133, -3.0987)
(-0.602, -0.8085, -3.2247)
(-0.8997, -0.9154, -2.9739)
(-1.0211, -0.5534, -3.0703)
(-1.2741, -0.6776, -2.8411)
(2.3792, -0.0465, -3.0467)
(2.1214, -0.4341, -3.0015)
(1.9099, -0.3915, -3.3952)
(1.5841, -0.7121, -3.3081)
(1.3135, -0.5941, -3.646)
(0.9474, -0.8367, -3.5002)
(0.6657, -0.6386, -3.7503)
(0.3, -0.8328, -3.5661)
(0.0526, -0.5218, -3.668)
(-0.2923, -0.6745, -3.4608)
(-0.4565, -0.2856, -3.4051)
(-0.7534, -0.4118, -3.2257)
(-0.8187, -0.049, -3.3253)
(-1.0803, -0.1912, -3.2079)
(2.4631, 0.3573, -3.4978)
(2.2068, -0.0346, -3.4579)
(1.9957, 0.015, -3.8375)
(1.6704, -0.3174, -3.7626)
(1.4026, -0.2017, -4.0673)
(1.0476, -0.4467, -3.9332)
(0.7899, -0.2146, -4.0815)
(0.4381, -0.3631, -3.8537)
(0.2523, -0.0449, -3.8176)
(-0.0998, -0.1698, -3.5994)
(-0.251, 0.1263, -3.6034)
(-0.5481, 0.041, -3.4417)
(-0.6439, 0.3531, -3.7507)
(-0.8287, 0.2942, -3.6682)
(2.5306, 0.7826, -3.9175)
(2.289, 0.3815, -3.8899)
(2.0245, 0.4854, -4.157)
(1.7246, 0.1306, -4.1246)
(1.3996, 0.3058, -4.2091)
(1.0961, -0.0031, -4.2217)
(0.7713, 0.2244, -4.2553)
(0.5126, 0.0599, -4.137)
(0.2489, 0.302, -4.1381)
(0.0308, 0.2319, -3.8279)
(-0.2664, 0.4208, -4.0242)
(-0.4898, 0.3954, -3.8563)
(-0.7786, 0.5799, -4.1779)
(-0.8585, 0.6837, -4.132)
(2.4991, 1.2647, -4.2225)
(2.2785, 0.8622, -4.1872)
(1.9319, 1.0262, -4.1959)
(1.6855, 0.6536, -4.1738)
(1.3536, 0.8007, -4.0272)
(1.0751, 0.4748, -4.1075)
(0.7701, 0.6496, -4.0806)
(0.4837, 0.4332, -4.2237)
(0.2005, 0.609, -4.3085)
(-0.0242, 0.4513, -4.2294)
(-0.3596, 0.4378, -4.4655)
(-0.5881, 0.4101, -4.2995)
(-0.8713, 0.3075, -4.4712)
(-1.0522, 0.5027, -4.3448)
(2.3608, 1.7682, -4.41)
(2.1577, 1.4032, -4.2672)
(1.7781, 1.574, -4.1634)
(1.5795, 1.1966, -4.057)
(1.2708, 1.2832, -4.1218)
(1.0485, 0.925, -4.0606)
(0.7424, 1.0516, -4.3626)
(0.4467, 0.8417, -4.2914)
(0.1103, 0.9666, -4.61)
(-0.1437, 0.7096, -4.5482)
(-0.4771, 0.7482, -4.8105)
(-0.6871, 0.4356, -4.6751)
(-0.973, 0.5737, -4.8599)
(-1.1406, 0.3642, -4.5992)
(2.1412, 2.2158, -4.661)
(1.9661, 1.9124, -4.3904)
(1.57, 2.0004, -4.4107)
(1.4208, 1.6619, -4.2201)
(1.1773, 1.6212, -4.5162)
(1.0209, 1.29, -4.4615)
(0.7883, 1.2714, -4.8567)
(0.4507, 1.1106, -4.7447)
(0.1713, 1.1333, -5.0953)
(-0.1901, 1.0005, -4.9422)
(-0.4818, 1.0427, -5.237)
(-0.7657, 0.8209, -5.0707)
(-1.0335, 0.9876, -5.2462)
(-1.2413, 0.7888, -5.0222)
(1.9448, 2.5437, -4.8961)
(1.7568, 2.2914, -4.6418)
(1.3925, 2.2891, -4.6801)
(1.2601, 1.9715, -4.5628)
(1.1146, 1.8668, -4.8555)
(1.0273, 1.5367, -4.885)
(0.8333, 1.4992, -5.2175)
(0.5227, 1.2811, -5.1871)
(0.2206, 1.3468, -5.4572)
(-0.1335, 1.2029, -5.3661)
(-0.4574, 1.3195, -5.5476)
(-0.7776, 1.1617, -5.4153)
(-1.0226, 1.2992, -5.5221)
(-1.2591, 1.1503, -5.3578)
(-1.2712, -3.9799, 1.9922)
(-1.5838, -4.0368, 1.9846)
(-1.6043, -4.1175, 1.7438)
(-1.9642, -4.2055, 1.685)
(-2.0267, -4.3506, 1.3038)
(-2.4009, -4.4494, 1.1934)
(-2.4695, -4.5165, 0.7814)
(-2.8185, -4.6147, 0.6514)
(-2.8849, -4.6472, 0.2261)
(-3.2145, -4.7566, 0.0919)
(-3.2917, -4.7537, -0.3425)
(-3.6031, -4.7708, -0.4692)
(-3.7286, -4.7571, -0.903)
(-4.0434, -4.7826, -0.9821)
(-4.2008, -4.873, -1.3837)
(-4.552, -4.9632, -1.4192)
(-4.9338, -4.9339, -1.4695)
(-5.2833, -4.8305, -1.5604)
(-5.3068, -5.0041, -1.6901)
(-5.0108, -5.0902, -1.6454)
(-3.7212, -3.6232, -1.659)
(-3.7413, -3.6817, -1.7705)
(-3.9054, -3.6788, -2.0347)
(-3.9548, -3.6399, -1.9257)
(-4.0597, -3.5452, -1.7685)
(-4.2888, -3.5601, -2.2165)
(-4.4501, -3.5027, -2.0163)
(-4.6133, -3.4943, -1.7588)
(-4.8683, -3.4261, -2.1888)
(-5.0425, -3.5231, -1.9037)
(-5.1685, -3.6524, -1.599)
(-5.4104, -3.5922, -2.0041)
(-5.5031, -3.8191, -1.7129)
(-5.4554, -4.06, -1.4408)
(-5.6967, -4.0869, -1.8304)
(-5.5761, -4.3527, -1.5873)
(-5.2732, -4.5869, -1.3789)
(-5.592, -4.6387, -1.7255)
(-1.907, -3.351, 2.5119)
(-2.1449, -3.1859, 2.3986)
(-2.2101, -3.5687, 2.1575)
(-1.9333, -3.6753, 2.2695)
(-2.5259, -3.4337, 1.9713)
(-2.6205, -3.8248, 1.7022)
(-2.266, -3.9177, 1.8784)
(-2.9564, -3.6691, 1.4695)
(-3.0417, -4.0225, 1.1802)
(-2.6899, -4.1539, 1.3868)
(-3.3674, -3.8454, 0.9321)
(-3.4385, -4.1829, 0.6351)
(-3.09, -4.3131, 0.84)
(-3.7803, -4.0201, 0.4111)
(-3.8397, -4.3659, 0.1165)
(-3.4791, -4.4906, 0.3091)
(-4.2139, -4.1627, -0.1279)
(-4.2576, -4.4341, -0.4451)
(-3.8501, -4.5937, -0.2401)
(-4.6901, -4.2506, -0.6886)
(-4.7684, -4.5049, -0.9459)
(-4.2836, -4.6207, -0.7715)
(-5.2016, -4.3129, -1.1832)
(-4.8334, -4.7311, -1.2084)
(-2.0047, -2.7689, 2.6713)
(-2.2298, -2.5956, 2.4124)
(-2.3963, -3.0209, 2.1957)
(-2.6519, -2.8718, 1.8837)
(-2.8245, -3.2786, 1.7012)
(-3.0494, -3.1069, 1.3543)
(-3.2307, -3.4805, 1.1684)
(-3.4269, -3.2865, 0.8088)
(-3.6388, -3.6487, 0.6385)
(-3.8683, -3.4396, 0.3285)
(-4.087, -3.81, 0.1448)
(-4.3076, -3.6001, -0.1989)
(-4.5277, -3.9471, -0.4372)
(-4.709, -3.7432, -0.8004)
(-5.0016, -4.0338, -0.9948)
(-5.1648, -3.8092, -1.2978)
(-1.7119, -1.2546, 3.0397)
(-1.7762, -1.6759, 2.9619)
(-1.5375, -1.5863, 3.2411)
(-1.989, -1.6907, 2.6146)
(-2.0831, -2.1384, 2.5573)
(-1.8472, -2.1487, 2.9137)
(-2.3087, -2.0431, 2.128)
(-2.4731, -2.4564, 2.0272)
(-2.6331, -2.3529, 1.5967)
(-2.8353, -2.7368, 1.4947)
(-2.917, -2.6295, 1.0591)
(-3.1837, -2.9433, 0.9503)
(-3.2515, -2.801, 0.5299)
(-3.566, -3.1037, 0.4307)
(-3.6687, -2.9363, 0.0787)
(-4.0292, -3.2463, -0.0191)
(-4.0433, -3.1341, -0.424)
(-4.3862, -3.4388, -0.6072)
(-4.3509, -3.3406, -0.9594)
(-4.7598, -3.5798, -1.1322)
(-4.7221, -3.509, -1.4463)
(-1.9281, -0.8127, 2.7296)
(-1.9346, -1.2579, 2.672)
(-2.0679, -1.2269, 2.2328)
(-2.1569, -1.6397, 2.1831)
(-2.2865, -1.5697, 1.7184)
(-2.4658, -1.9563, 1.6697)
(-2.5069, -1.919, 1.2016)
(-2.6771, -2.302, 1.1383)
(-2.6266, -2.3041, 0.6774)
(-2.9211, -2.5638, 0.6155)
(-2.9297, -2.4469, 0.2097)
(-3.303, -2.6495, 0.1556)
(-3.2779, -2.6014, -0.1915)
(-3.6534, -2.8702, -0.2704)
(-3.5298, -2.905, -0.6491)
(-3.9432, -3.1119, -0.7942)
(-3.8581, -3.1599, -1.1115)
(-4.2789, -3.3339, -1.2621)
(-4.1892, -3.4182, -1.5524)
(-2.102, -0.3635, 2.343)
(-2.0666, -0.7974, 2.2961)
(-2.0856, -0.7748, 1.8346)
(-2.1259, -1.1819, 1.7702)
(-2.1687, -1.129, 1.3109)
(-2.3529, -1.5187, 1.2558)
(-2.3083, -1.5153, 0.7953)
(-2.4373, -1.9319, 0.7393)
(-2.314, -1.9645, 0.2951)
(-2.5591, -2.2784, 0.2439)
(-2.5462, -2.1811, -0.1745)
(-2.9306, -2.3502, -0.1782)
(-2.8188, -2.443, -0.5699)
(-3.1475, -2.7049, -0.5747)
(-3.0527, -2.7902, -0.9927)
(-3.4499, -2.9637, -1.0353)
(-3.4354, -3.1093, -1.2932)
(-3.8089, -3.3111, -1.369)
(-3.739, -3.4972, -1.526)
(-2.2415, 0.0603, 1.9148)
(-2.1602, -0.3589, 1.888)
(-2.1112, -0.3417, 1.4257)
(-2.0468, -0.7361, 1.375)
(-2.0276, -0.7044, 0.9135)
(-2.1694, -1.1014, 0.8505)
(-2.0762, -1.1185, 0.3961)
(-2.1852, -1.5477, 0.3457)
(-2.0301, -1.589, -0.0858)
(-2.2123, -1.9567, -0.134)
(-2.1711, -1.9143, -0.5651)
(-2.5084, -2.1595, -0.5901)
(-2.351, -2.2905, -0.97)
(-2.6611, -2.6083, -0.9601)
(-2.6198, -2.702, -1.3473)
(-3.0526, -2.8676, -1.3218)
(-3.0652, -3.0152, -1.3431)
(-3.4209, -3.2992, -1.3337)
(-3.4584, -3.461, -1.3792)
(-2.3665, 0.4705, 1.4694)
(-2.2755, 0.0541, 1.4552)
(-2.2362, 0.0527, 0.988)
(-2.0465, -0.322, 0.9632)
(-1.9832, -0.3247, 0.4975)
(-1.9612, -0.7091, 0.4539)
(-1.8491, -0.7376, 0.0026)
(-1.9271, -1.1599, -0.0427)
(-1.785, -1.1968, -0.47)
(-1.9089, -1.6059, -0.5111)
(-1.8401, -1.6152, -0.9374)
(-2.0932, -1.9411, -0.9726)
(-1.9378, -1.9961, -1.3201)
(-2.1253, -2.4106, -1.2932)
(-2.438, 0.8793, 1.0165)
(-2.3971, 0.4501, 1.0057)
(-2.372, 0.4259, 0.5329)
(-2.1801, 0.0414, 0.5176)
(-2.1207, 0.0247, 0.046)
(-1.9092, -0.3407, 0.033)
(-1.8463, -0.3586, -0.4255)
(-1.7514, -0.7631, -0.4415)
(-1.6747, -0.7836, -0.8743)
(-1.692, -1.2178, -0.8957)
(-1.6296, -1.2341, -1.3172)
(-1.7561, -1.6336, -1.3345)
(-1.6772, -1.6188, -1.6976)
(-1.8141, -1.9873, -1.6515)
(-2.4664, 1.29, 0.5661)
(-2.4617, 0.8503, 0.5512)
(-2.4164, 0.8235, 0.0816)
(-2.3181, 0.4033, 0.0603)
(-2.251, 0.3817, -0.4088)
(-2.0656, 0.0045, -0.4205)
(-2.0115, -0.0125, -0.8749)
(-1.794, -0.3771, -0.8703)
(-1.757, -0.3932, -1.3057)
(-1.6282, -0.8018, -1.3018)
(-1.5844, -0.816, -1.7241)
(-1.5747, -1.2328, -1.7171)
(-1.534, -1.195, -2.091)
(-1.6298, -1.5673, -2.0521)
(-2.4473, 1.6934, 0.1243)
(-2.4423, 1.2615, 0.1074)
(-2.3152, 1.2335, -0.3419)
(-2.3208, 0.8014, -0.3817)
(-2.1955, 0.7824, -0.8352)
(-2.1718, 0.3663, -0.8692)
(-2.0938, 0.357, -1.3184)
(-1.9619, -0.024, -1.3193)
(-1.9081, -0.0319, -1.7613)
(-1.7168, -0.4082, -1.7382)
(-1.6606, -0.4216, -2.1697)
(-1.5405, -0.8124, -2.1302)
(-1.4597, -0.7678, -2.5032)
(-1.4595, -1.1328, -2.447)
(-2.394, 2.0359, -0.3304)
(-2.3052, 1.6572, -0.3069)
(-2.1148, 1.6065, -0.7321)
(-2.1333, 1.2026, -0.7745)
(-1.9546, 1.1773, -1.2107)
(-2.0648, 0.7672, -1.2803)
(-1.9352, 0.7411, -1.6967)
(-2.017, 0.3502, -1.7589)
(-1.8677, 0.3316, -2.163)
(-1.818, -0.0384, -2.2027)
(-1.636, -0.0453, -2.5813)
(-1.5543, -0.4096, -2.5693)
(-1.3414, -0.3331, -2.8814)
(-1.2891, -0.6718, -2.8255)
(-2.4863, 2.2654, -0.8508)
(-2.2743, 1.946, -0.7619)
(-2.1438, 1.8816, -1.2024)
(-1.9397, 1.5705, -1.1687)
(-1.7667, 1.5282, -1.6054)
(-1.7716, 1.1364, -1.6231)
(-1.6073, 1.0323, -1.9705)
(-1.7392, 0.6721, -2.0353)
(-1.5236, 0.6251, -2.3622)
(-1.5986, 0.3142, -2.4878)
(-1.3062, 0.3232, -2.7853)
(-1.3288, -0.0079, -2.8529)
(-1.0528, 0.0937, -3.1574)
(-1.079, -0.197, -3.1717)
(-2.5173, 2.4716, -1.3586)
(-2.4322, 2.1454, -1.2831)
(-2.2952, 2.064, -1.7124)
(-1.9938, 1.8436, -1.6467)
(-1.8991, 1.7228, -2.109)
(-1.6666, 1.4148, -2.028)
(-1.6684, 1.2427, -2.4128)
(-1.5388, 0.9278, -2.3254)
(-1.5554, 0.8829, -2.7549)
(-1.4023, 0.6312, -2.7652)
(-1.2982, 0.6376, -3.2105)
(-1.1015, 0.3617, -3.1678)
(-0.9449, 0.4627, -3.5901)
(-0.8392, 0.2478, -3.5533)
(-2.2865, 2.6881, -1.7514)
(-2.3918, 2.3218, -1.7528)
(-2.3481, 2.1863, -2.1655)
(-2.1841, 1.9305, -2.1575)
(-2.168, 1.7639, -2.6034)
(-1.8761, 1.523, -2.5502)
(-1.9707, 1.2821, -2.8882)
(-1.7512, 1.0588, -2.7785)
(-1.8046, 0.9663, -3.1896)
(-1.537, 0.8802, -3.2172)
(-1.4516, 0.7894, -3.6301)
(-1.1728, 0.6497, -3.6284)
(-1.0917, 0.6317, -3.9866)
(-0.8364, 0.6051, -3.9725)
(-2.3411, 3.0316, -2.1658)
(-2.3762, 2.585, -2.1518)
(-2.4972, 2.4932, -2.5278)
(-2.4332, 2.0732, -2.565)
(-2.4192, 1.9543, -2.8784)
(-2.2257, 1.5976, -2.9471)
(-2.2115, 1.4123, -3.2065)
(-2.0643, 1.09, -3.2033)
(-1.9772, 0.9223, -3.5336)
(-1.7676, 0.8087, -3.5842)
(-1.6483, 0.5644, -3.9375)
(-1.3685, 0.5544, -3.9763)
(-1.2761, 0.3598, -4.2828)
(-1.0213, 0.4583, -4.2703)
(-2.3204, 3.3614, -2.6429)
(-2.4354, 2.9365, -2.5592)
(-2.3273, 2.785, -2.8735)
(-2.3949, 2.3642, -2.8101)
(-2.1655, 2.179, -3.0448)
(-2.2082, 1.7913, -3.1052)
(-2.0009, 1.6112, -3.3536)
(-1.9895, 1.2541, -3.4652)
(-1.7755, 1.1229, -3.7515)
(-1.7498, 0.7809, -3.8555)
(-1.6041, 0.7857, -4.2506)
(-1.5096, 0.5032, -4.3168)
(-1.3905, 0.6159, -4.676)
(-1.1594, 0.3586, -4.5901)
(-2.1611, 3.5164, -3.0688)
(-2.2699, 3.1853, -3.0147)
(-2.1717, 2.9158, -3.2557)
(-2.1665, 2.5613, -3.148)
(-2.2279, 2.3037, -3.4076)
(-2.1337, 1.9517, -3.3258)
(-2.2288, 1.7138, -3.6017)
(-1.986, 1.4185, -3.6497)
(-1.9777, 1.3398, -3.9656)
(-1.7153, 1.0963, -4.1106)
(-1.7031, 1.1648, -4.5163)
(-1.5409, 0.9036, -4.6543)
(-1.4664, 1.0194, -4.9979)
(-1.2595, 0.7849, -5.012)
(-2.0192, 3.3659, -3.1663)
(-2.1291, 3.1846, -3.1947)
(-2.2485, 2.8601, -3.2257)
(-2.2684, 2.6266, -3.4048)
(-2.4733, 2.3846, -3.6119)
(-2.3631, 2.0636, -3.6361)
(-2.2733, 1.8944, -3.8057)
(-2.1549, 1.5815, -3.8275)
(-2.0269, 1.5908, -4.1124)
(-1.9201, 1.377, -4.3314)
(-1.9468, 1.3451, -4.7258)
(-1.7093, 1.1739, -4.8912)
(-1.7542, 1.1314, -5.1924)
(-1.4607, 1.0543, -5.288)
(-1.7456, -3.7297, 2.3328)
(-1.9424, -3.9433, 2.0059)
(-1.7266, -3.9478, 2.0808)
(-2.3331, -4.2071, 1.5595)
(-1.974, -4.1968, 1.7057)
(-2.7541, -4.4044, 1.0401)
(-2.4075, -4.4455, 1.2186)
(-3.1448, -4.5508, 0.4852)
(-2.8233, -4.6125, 0.6796)
(-3.528, -4.6969, -0.0528)
(-3.2194, -4.7478, 0.1202)
(-3.8822, -4.6811, -0.6325)
(-3.5721, -4.7505, -0.4714)
(-4.3838, -4.7664, -1.0916)
(-3.9814, -4.7483, -1.0009)
(-4.5396, -4.9395, -1.4132)
(4.5, 2.6358, 4.6481)
(3.5259, 2.4817, 3.7568)
(3.4405, 2.6638, 3.6663)
(3.604, 2.8308, 3.4091)
(3.8407, 2.812, 3.4781)
(4.0968, 2.6966, 3.8324)
(4.4069, 2.556, 4.2068)
(1.3491, -1.2704, 3.8978)
(1.6527, -0.8076, 4.0697)
(2.0849, -0.3076, 4.2617)
(2.5644, 0.1598, 4.4305)
(3.048, 0.6153, 4.5759)
(3.3193, 1.1015, 4.4912)
(3.5643, 1.6169, 4.3266)
(4.0048, 2.149, 4.2926)
(1.5331, -1.4048, 3.3397)
(1.9413, -0.9107, 3.5477)
(2.3949, -0.4117, 3.7508)
(2.8507, 0.0776, 3.92)
(3.2995, 0.5697, 4.0593)
(3.5044, 1.1139, 4.0609)
(3.5391, 1.6841, 3.9557)
(3.7626, 2.2501, 3.8967)
(1.031, -2.2989, 1.9754)
(1.3617, -1.8842, 2.4075)
(1.779, -1.454, 2.7743)
(2.275, -0.9916, 3.0396)
(2.7203, -0.491, 3.247)
(3.1177, 0.0502, 3.3903)
(3.4843, 0.6126, 3.5025)
(3.7458, 1.218, 3.5973)
(3.7847, 1.8247, 3.6842)
(3.7416, 2.3645, 3.6236)
(1.2273, -2.1235, 1.5417)
(1.6122, -1.7001, 1.9049)
(2.0991, -1.3632, 2.234)
(2.5832, -0.9826, 2.5163)
(2.9319, -0.4553, 2.7308)
(3.1953, 0.1378, 2.8851)
(3.4084, 0.7556, 3.0268)
(3.623, 1.3787, 3.1389)
(3.735, 1.8975, 3.4038)
(3.6373, 2.3619, 3.527)
(1.4829, -1.9188, 1.0182)
(1.8786, -1.4918, 1.3798)
(2.3709, -1.1766, 1.7126)
(2.7276, -0.7826, 2.0089)
(2.8199, -0.2254, 2.2931)
(2.8747, 0.3556, 2.5753)
(2.9868, 0.969, 2.7471)
(3.1648, 1.5816, 2.8503)
(3.2506, 1.9809, 3.2149)
(3.3101, 2.2725, 3.583)
(1.7578, -1.7217, 0.5032)
(2.1413, -1.2808, 0.8711)
(2.5799, -0.8957, 1.2203)
(2.8535, -0.4408, 1.5627)
(2.7869, 0.0987, 1.9254)
(2.6307, 0.6287, 2.2958)
(2.5592, 1.1934, 2.5521)
(2.686, 1.7076, 2.8049)
(2.8697, 2.0941, 3.2142)
(3.1675, 2.3197, 3.5884)
(2.0225, -1.5072, -0.0045)
(2.3886, -1.0445, 0.3716)
(2.767, -0.5844, 0.7361)
(2.9979, -0.0805, 1.1096)
(2.871, 0.4374, 1.4758)
(2.5497, 0.9154, 1.8236)
(2.2619, 1.3614, 2.1591)
(2.2097, -1.2282, -0.5077)
(2.537, -0.7467, -0.1236)
(2.851, -0.2484, 0.2495)
(2.9769, 0.275, 0.6272)
(2.7516, 0.7473, 0.9849)
(2.3711, 1.157, 1.3186)
(2.0663, 1.5113, 1.621)
(2.352, -0.9035, -1.0027)
(2.6326, -0.4079, -0.6121)
(2.8488, 0.116, -0.2303)
(2.8858, 0.6384, 0.1506)
(2.6307, 1.0692, 0.5022)
(2.2293, 1.4331, 0.8192)
(1.916, 1.768, 1.1036)
(2.4893, -0.5621, -1.4875)
(2.7268, -0.0581, -1.0894)
(2.8231, 0.4842, -0.6975)
(2.7994, 1.0131, -0.3155)
(2.5763, 1.4421, 0.0362)
(2.1519, 1.7707, 0.3367)
(1.7904, 2.0636, 0.5933)
(2.5927, -0.1934, -1.9603)
(2.7688, 0.3164, -1.5534)
(2.7436, 0.8582, -1.1559)
(2.6891, 1.3881, -0.7797)
(2.5199, 1.8333, -0.4252)
(2.0829, 2.1381, -0.1411)
(1.6735, 2.3875, 0.0815)
(2.6691, 0.1975, -2.4199)
(2.8025, 0.7072, -2.0049)
(2.6805, 1.2328, -1.6154)
(2.5807, 1.7574, -1.2533)
(2.4454, 2.2271, -0.8873)
(1.99, 2.5073, -0.6216)
(1.5217, 2.6897, -0.4461)
(2.7272, 0.6034, -2.8679)
(2.8089, 1.1091, -2.4456)
(2.5727, 1.5858, -2.0751)
(2.3514, 2.0358, -1.7007)
(2.1905, 2.4812, -1.2802)
(1.8091, 2.8484, -1.0415)
(1.3944, 3.0901, -0.9147)
(2.7694, 1.0206, -3.3044)
(2.7885, 1.5273, -2.8728)
(2.5023, 1.978, -2.4869)
(2.1839, 2.3739, -2.0845)
(1.9599, 2.7923, -1.6452)
(1.6657, 3.2677, -1.4198)
(1.3355, 3.6164, -1.2952)
(2.8052, 1.4496, -3.7269)
(2.7607, 1.9528, -3.2925)
(2.4766, 2.421, -2.8772)
(2.1602, 2.845, -2.4775)
(1.907, 3.2768, -2.0492)
(1.7142, 3.7446, -1.6744)
(1.4897, 4.0657, -1.3877)
(2.798, 1.8919, -4.1274)
(2.7852, 2.3858, -3.6949)
(2.5458, 2.858, -3.2476)
(2.268, 3.2986, -2.8133)
(2.0073, 3.7342, -2.3564)
(1.758, 4.1146, -1.8899)
(1.4968, 4.3487, -1.5048)
(2.6833, 2.3303, -4.5036)
(2.7745, 2.815, -4.0939)
(2.6023, 3.2832, -3.6174)
(2.3518, 3.7245, -3.1388)
(2.0569, 4.1426, -2.6702)
(1.663, 4.4719, -2.2356)
(1.2807, 4.689, -1.8739)
(2.5185, 2.6909, -4.8192)
(2.6537, 3.1541, -4.4476)
(2.4711, 3.6133, -3.9707)
(2.2203, 4.0513, -3.4921)
(1.9206, 4.4639, -3.0197)
(1.5696, 4.8314, -2.5509)
(1.2353, 5.0913, -2.1587)
(1.1653, -1.1367, 4.3156)
(1.4092, -0.7127, 4.5169)
(1.8217, -0.1923, 4.6908)
(2.275, 0.3181, 4.8041)
(2.7542, 0.8033, 4.8788)
(3.2053, 1.2803, 4.8128)
(3.6326, 1.7642, 4.7064)
(4.0989, 2.2711, 4.7113)
(4.3577, 2.9236, 5.157)
(3.3241, 2.7605, 3.6403)
(3.3088, 3.1544, 3.7663)
(3.3033, 3.5286, 4.149)
(3.4136, 3.7092, 4.6752)
(3.6663, 3.6151, 5.1385)
(4.0462, 3.2653, 5.2807)
(0.3815, -0.6705, 4.7622)
(0.744, -0.2432, 4.9694)
(1.1846, 0.2859, 5.1363)
(1.6561, 0.8214, 5.1999)
(2.1452, 1.3465, 5.2188)
(2.6556, 1.8777, 5.2159)
(3.1389, 2.3788, 5.2069)
(3.6307, 2.8486, 5.2458)
(-0.0742, -0.3896, 4.5872)
(0.3164, 0.1329, 4.8331)
(0.7697, 0.6804, 4.9937)
(1.2656, 1.1987, 5.04)
(1.7793, 1.7016, 5.0543)
(2.2868, 2.2369, 5.055)
(2.7888, 2.729, 5.0493)
(3.2825, 3.1954, 5.1209)
(-1.2569, -0.9717, 3.5196)
(-0.8473, -0.5587, 3.891)
(-0.4248, -0.0686, 4.2136)
(0.0107, 0.4901, 4.4526)
(0.4907, 1.0056, 4.5814)
(1.0121, 1.481, 4.5927)
(1.5341, 1.9554, 4.5638)
(2.068, 2.4222, 4.5277)
(2.6065, 2.8526, 4.5408)
(3.1007, 3.2959, 4.665)
(-1.4668, -0.612, 3.2421)
(-1.0321, -0.1715, 3.5029)
(-0.6228, 0.3225, 3.7613)
(-0.1515, 0.7861, 3.9491)
(0.399, 1.1718, 4.0243)
(0.9601, 1.5573, 4.0247)
(1.4755, 2.004, 3.9885)
(2.0194, 2.3843, 3.9524)
(2.5901, 2.7215, 4.0121)
(3.114, 3.1433, 4.1447)
(-1.6793, -0.2011, 2.8448)
(-1.167, 0.1854, 3.0178)
(-0.7214, 0.6453, 3.2429)
(-0.192, 0.9942, 3.3886)
(0.4444, 1.1896, 3.433)
(1.0607, 1.4414, 3.4442)
(1.6041, 1.8384, 3.4216)
(2.1531, 2.1913, 3.4046)
(2.6945, 2.4444, 3.5741)
(3.1893, 2.7967, 3.7923)
(-1.8474, 0.1942, 2.402)
(-1.2661, 0.4924, 2.5093)
(-0.7444, 0.8792, 2.6844)
(-0.162, 1.1351, 2.8003)
(0.5134, 1.1974, 2.8378)
(1.1695, 1.3304, 2.8654)
(1.785, 1.6142, 2.8888)
(2.3449, 1.9136, 3.0187)
(2.7422, 2.2192, 3.3388)
(3.1519, 2.507, 3.645)
(-1.9885, 0.6078, 1.9665)
(-1.3588, 0.8213, 2.0246)
(-0.7475, 1.0627, 2.1177)
(-0.1206, 1.2424, 2.2079)
(0.5492, 1.307, 2.2509)
(1.211, 1.387, 2.2866)
(1.8227, 1.5158, 2.3182)
(-2.0924, 1.0508, 1.5566)
(-1.4637, 1.2494, 1.6242)
(-0.7949, 1.3769, 1.6459)
(-0.1335, 1.5033, 1.7041)
(0.5175, 1.6061, 1.7621)
(1.1613, 1.6749, 1.7985)
(1.7075, 1.6838, 1.783)
(-2.1574, 1.4934, 1.1419)
(-1.5517, 1.7299, 1.2621)
(-0.8737, 1.8501, 1.2813)
(-0.2091, 1.9556, 1.3195)
(0.4302, 2.0429, 1.3661)
(1.0607, 2.0723, 1.3729)
(1.5822, 1.9983, 1.2977)
(-2.2148, 1.9068, 0.6962)
(-1.617, 2.1608, 0.8389)
(-0.9415, 2.2917, 0.8793)
(-0.2819, 2.3908, 0.9148)
(0.3492, 2.4608, 0.9454)
(0.968, 2.4465, 0.9185)
(1.4627, 2.3136, 0.8016)
(-2.2634, 2.2625, 0.2066)
(-1.6583, 2.4961, 0.3339)
(-0.9816, 2.6084, 0.3705)
(-0.3327, 2.7201, 0.4192)
(0.2806, 2.8182, 0.4753)
(0.8589, 2.7495, 0.4316)
(1.3271, 2.5904, 0.2883)
(-2.2894, 2.5393, -0.3293)
(-1.6674, 2.7257, -0.2267)
(-0.9898, 2.817, -0.197)
(-0.3579, 2.8442, -0.1205)
(0.2131, 2.8165, 0.0174)
(0.7147, 2.7898, -0.0388)
(1.1469, 2.7837, -0.2432)
(-2.2845, 2.7473, -0.8844)
(-1.6403, 2.8942, -0.7967)
(-0.9543, 2.9917, -0.7645)
(-0.336, 2.9474, -0.6446)
(0.2018, 2.7984, -0.4092)
(0.632, 2.9322, -0.4627)
(0.9963, 3.1708, -0.7384)
(-2.1754, 3.0153, -1.2536)
(-1.6549, 3.2531, -1.078)
(-0.974, 3.3546, -0.9916)
(-0.3253, 3.3245, -0.8893)
(0.2621, 3.2149, -0.7498)
(0.6485, 3.4391, -0.8538)
(0.9405, 3.7352, -1.1172)
(-2.0747, 3.3717, -1.5733)
(-1.6634, 3.7407, -1.2769)
(-1.0362, 3.8864, -1.0692)
(-0.3663, 3.8827, -0.9575)
(0.2766, 3.7879, -0.9737)
(0.754, 3.9333, -1.0202)
(1.1194, 4.1432, -1.1262)
(-2.0435, 3.7055, -2.0526)
(-1.5692, 4.052, -1.7365)
(-0.9992, 4.1228, -1.4531)
(-0.414, 4.1695, -1.2676)
(0.1472, 4.2503, -1.1452)
(0.699, 4.3433, -1.0557)
(1.1589, 4.4367, -1.1809)
(-1.9358, 3.8796, -2.5591)
(-1.4251, 4.0228, -2.2059)
(-0.9656, 4.1019, -1.871)
(-0.5677, 4.3412, -1.5749)
(-0.1001, 4.5307, -1.3359)
(0.4606, 4.6551, -1.3389)
(0.9332, 4.7761, -1.5635)
(-1.8374, 3.7595, -2.9115)
(-1.4294, 3.8551, -2.4746)
(-1.1226, 4.1973, -2.0783)
(-0.7728, 4.5198, -1.7248)
(-0.2506, 4.682, -1.5674)
(0.3268, 4.9208, -1.5699)
(0.8047, 5.1355, -1.6676)
(0.7702, -0.9214, 4.6993)
(1.1324, -0.5436, 4.8489)
(1.5627, -0.0259, 5.0132)
(2.0161, 0.5096, 5.0734)
(2.4919, 1.033, 5.0666)
(3.014, 1.5349, 5.0215)
(3.5273, 2.0555, 5.0045)
(4.0101, 2.5492, 5.0606)
(-4.8149, -5.0703, -1.9499)
(-3.8017, -3.5848, -1.8209)
(-4.0163, -3.5328, -2.1)
(-4.1043, -3.5697, -2.5654)
(-4.1304, -3.9327, -2.7763)
(-4.3214, -4.4281, -2.5962)
(-4.5971, -4.8593, -2.2927)
(-1.06, -3.9757, 1.6014)
(-1.4429, -4.1862, 1.2014)
(-1.9078, -4.3335, 0.6995)
(-2.3738, -4.4002, 0.1749)
(-2.8155, -4.4637, -0.3726)
(-3.2665, -4.5353, -0.9495)
(-3.7289, -4.6288, -1.4833)
(-4.1897, -4.7682, -1.9301)
(-0.6285, -3.7528, 1.2817)
(-1.0734, -3.9515, 0.8133)
(-1.5764, -4.0312, 0.3246)
(-2.0788, -4.03, -0.1606)
(-2.5692, -4.0208, -0.6616)
(-3.0592, -4.0658, -1.1815)
(-3.5472, -4.1675, -1.6795)
(-3.9817, -4.3064, -2.1672)
(0.6581, -2.7361, 1.5975)
(0.2227, -3.1516, 1.2851)
(-0.253, -3.486, 0.8855)
(-0.7429, -3.7006, 0.3899)
(-1.2528, -3.8275, -0.0715)
(-1.7668, -3.883, -0.5221)
(-2.2842, -3.8764, -0.9878)
(-2.8059, -3.8761, -1.4547)
(-3.3228, -3.9012, -1.9207)
(-3.7682, -3.9087, -2.404)
(0.8736, -2.5782, 1.1675)
(0.505, -3.0075, 0.79)
(0.0923, -3.3768, 0.3816)
(-0.3723, -3.658, -0.0591)
(-0.8709, -3.8377, -0.4993)
(-1.3942, -3.8867, -0.9344)
(-1.929, -3.8351, -1.3679)
(-2.4656, -3.7635, -1.7961)
(-3.0268, -3.6833, -2.1306)
(-3.6008, -3.5931, -2.3873)
(1.1394, -2.3865, 0.6449)
(0.7997, -2.8511, 0.2647)
(0.4231, -3.2798, -0.1173)
(-0.0679, -3.5255, -0.4343)
(-0.6527, -3.5877, -0.7105)
(-1.2499, -3.5686, -1.0239)
(-1.8205, -3.4662, -1.3901)
(-2.38, -3.3536, -1.7681)
(-2.9724, -3.3587, -1.9061)
(-3.5972, -3.4398, -1.929)
(1.4065, -2.1856, 0.1255)
(1.0635, -2.6526, -0.256)
(0.6656, -3.0658, -0.6295)
(0.0994, -3.2034, -0.8531)
(-0.5799, -3.1322, -0.932)
(-1.2537, -3.0625, -1.0287)
(-1.904, -2.9609, -1.1986)
(-2.5181, -2.9268, -1.4686)
(-3.046, -3.1541, -1.5174)
(-3.5244, -3.4702, -1.5357)
(1.6608, -1.967, -0.3903)
(1.3005, -2.4278, -0.7804)
(0.8446, -2.7875, -1.1417)
(0.2197, -2.8542, -1.3252)
(-0.4701, -2.719, -1.3355)
(-1.1484, -2.578, -1.3193)
(-1.7892, -2.4612, -1.3136)
(1.8626, -1.6913, -0.8975)
(1.4781, -2.1263, -1.2836)
(0.9624, -2.4098, -1.6023)
(0.3126, -2.4121, -1.7275)
(-0.3538, -2.2701, -1.7117)
(-1.0067, -2.1399, -1.6882)
(-1.5626, -2.0335, -1.669)
(2.0169, -1.3639, -1.3934)
(1.6012, -1.7622, -1.7652)
(1.0449, -1.9896, -2.0423)
(0.3989, -1.9762, -2.1368)
(-0.2384, -1.858, -2.1248)
(-0.866, -1.7467, -2.1063)
(-1.3945, -1.6304, -2.0771)
(2.1481, -1.0123, -1.8793)
(1.7051, -1.3851, -2.2417)
(1.1303, -1.5958, -2.5054)
(0.4867, -1.6094, -2.6092)
(-0.141, -1.5246, -2.6136)
(-0.7482, -1.3979, -2.5757)
(-1.2445, -1.2293, -2.5004)
(2.2525, -0.6376, -2.3541)
(1.7912, -0.9928, -2.7084)
(1.2053, -1.2, -2.9679)
(0.561, -1.2545, -3.0972)
(-0.0675, -1.2013, -3.1231)
(-0.6513, -1.0329, -3.0438)
(-1.1005, -0.7959, -2.9059)
(2.3387, -0.2461, -2.818)
(1.8689, -0.5916, -3.167)
(1.2728, -0.7919, -3.4193)
(0.6207, -0.8521, -3.5508)
(-0.008, -0.7729, -3.5395)
(-0.5423, -0.5457, -3.3343)
(-0.9266, -0.2954, -3.1934)
(2.4205, 0.1544, -3.2736)
(1.9545, -0.1924, -3.6221)
(1.3636, -0.4066, -3.8731)
(0.736, -0.4276, -3.9247)
(0.1601, -0.2719, -3.7357)
(-0.3412, -0.0673, -3.4819)
(-0.706, 0.1624, -3.5198)
(2.5043, 0.5644, -3.7162)
(2.0234, 0.2403, -4.0259)
(1.4114, 0.0441, -4.1895)
(0.7906, 0.0052, -4.2152)
(0.2706, 0.1436, -3.9751)
(-0.2351, 0.3083, -3.7935)
(-0.6927, 0.5208, -3.9773)
(2.5289, 1.0173, -4.0892)
(1.9901, 0.7492, -4.2076)
(1.3805, 0.5551, -4.1227)
(0.7697, 0.4364, -4.1616)
(0.2299, 0.4478, -4.2337)
(-0.3076, 0.426, -4.2575)
(-0.8313, 0.4416, -4.3279)
(2.4433, 1.5179, -4.318)
(1.8625, 1.3076, -4.1584)
(1.3162, 1.0515, -4.0225)
(0.7538, 0.8666, -4.1594)
(0.1469, 0.7996, -4.4276)
(-0.425, 0.5652, -4.6362)
(-0.922, 0.3819, -4.6558)
(2.2541, 2.0055, -4.5296)
(1.6754, 1.807, -4.2628)
(1.222, 1.4706, -4.3062)
(0.7586, 1.1753, -4.614)
(0.1284, 1.0631, -4.8509)
(-0.4911, 0.9059, -5.0238)
(-1.011, 0.7875, -5.0621)
(2.0391, 2.3902, -4.7825)
(1.4769, 2.1554, -4.5508)
(1.1428, 1.7494, -4.697)
(0.8132, 1.3797, -5.0523)
(0.2016, 1.2298, -5.2922)
(-0.4693, 1.1798, -5.4068)
(-1.0356, 1.1531, -5.3953)
(-1.43, -4.0398, 1.8846)
(-1.8074, -4.2323, 1.5419)
(-2.2497, -4.4425, 1.0478)
(-2.6804, -4.5826, 0.5063)
(-3.0865, -4.7106, -0.057)
(-3.5057, -4.7556, -0.6282)
(-3.9619, -4.8001, -1.1537)
(-4.4408, -4.963, -1.594)
(-5.1368, -4.9798, -1.5926)
(-3.8205, -3.6716, -1.849)
(-4.1734, -3.5706, -1.9905)
(-4.7483, -3.4816, -1.9819)
(-5.3068, -3.6343, -1.8069)
(-5.5966, -4.072, -1.6386)
(-5.4505, -4.6159, -1.5596)
(-2.0482, -3.4548, 2.3433)
(-2.4059, -3.6975, 1.9419)
(-2.8344, -3.9331, 1.4472)
(-3.2412, -4.1, 0.9053)
(-3.6388, -4.2813, 0.3779)
(-4.0411, -4.4099, -0.1642)
(-4.5027, -4.4652, -0.7051)
(-5.0369, -4.5479, -1.1726)
(-2.1984, -2.8933, 2.4313)
(-2.6086, -3.1531, 1.9537)
(-3.031, -3.3867, 1.4382)
(-3.4304, -3.5663, 0.8979)
(-3.861, -3.7307, 0.396)
(-4.3068, -3.8831, -0.1384)
(-4.7591, -3.9987, -0.7277)
(-5.2466, -4.0508, -1.2299)
(-1.6196, -1.4311, 3.1495)
(-1.9249, -1.9187, 2.7701)
(-2.276, -2.3085, 2.2973)
(-2.6584, -2.6023, 1.761)
(-3.0094, -2.8487, 1.224)
(-3.3635, -3.0283, 0.6794)
(-3.8003, -3.1709, 0.2129)
(-4.2179, -3.3417, -0.305)
(-4.563, -3.5173, -0.8814)
(-4.9747, -3.6299, -1.3725)
(-1.8196, -1.0428, 2.898)
(-2.037, -1.4591, 2.4317)
(-2.312, -1.7991, 1.929)
(-2.5814, -2.128, 1.4053)
(-2.7828, -2.4572, 0.8723)
(-3.1035, -2.6084, 0.3757)
(-3.489, -2.7439, -0.0496)
(-3.7985, -2.9946, -0.5295)
(-4.105, -3.2243, -1.0312)
(-4.4533, -3.4356, -1.5113)
(-2.0219, -0.5848, 2.5432)
(-2.0818, -0.9989, 2.0336)
(-2.2361, -1.3476, 1.512)
(-2.4134, -1.7161, 0.9977)
(-2.4678, -2.1408, 0.4852)
(-2.7405, -2.3091, 0.0233)
(-3.0512, -2.5096, -0.369)
(-3.2807, -2.8411, -0.811)
(-3.636, -3.131, -1.2094)
(-3.945, -3.4564, -1.5567)
(-2.1736, -0.149, 2.1323)
(-2.0895, -0.5546, 1.633)
(-2.0945, -0.9129, 1.1126)
(-2.1971, -1.3152, 0.5942)
(-2.1688, -1.7794, 0.1048)
(-2.3555, -2.0501, -0.372)
(-2.586, -2.3748, -0.775)
(-2.8358, -2.7441, -1.1687)
(-3.2469, -3.07, -1.3326)
(-3.5828, -3.492, -1.4649)
(-2.3082, 0.2662, 1.6934)
(-2.164, -0.1396, 1.2102)
(-1.9839, -0.5089, 0.7097)
(-1.9479, -0.9274, 0.2013)
(-1.8979, -1.3957, -0.2765)
(-1.9957, -1.7726, -0.7523)
(-2.1314, -2.1581, -1.147)
(-2.4091, 0.6747, 1.2433)
(-2.3102, 0.2387, 0.7613)
(-2.0373, -0.1482, 0.2748)
(-1.8161, -0.5454, -0.2069)
(-1.7066, -0.9906, -0.6689)
(-1.7156, -1.4338, -1.1248)
(-1.7897, -1.8155, -1.5053)
(-2.4568, 1.0844, 0.7904)
(-2.4095, 0.6212, 0.3056)
(-2.2006, 0.1987, -0.183)
(-1.9233, -0.184, -0.6492)
(-1.696, -0.5835, -1.0866)
(-1.5867, -1.0249, -1.5165)
(-1.5937, -1.4095, -1.8923)
(-2.4656, 1.4949, 0.3443)
(-2.3873, 1.0293, -0.1363)
(-2.2511, 0.579, -0.628)
(-2.0752, 0.1667, -1.0994)
(-1.8374, -0.2125, -1.5311)
(-1.6156, -0.615, -1.9415)
(-1.4924, -0.9813, -2.2954)
(-2.4116, 1.8779, -0.0971)
(-2.2055, 1.4295, -0.5338)
(-2.0881, 0.9824, -1.027)
(-2.0516, 0.5553, -1.524)
(-1.9345, 0.1547, -1.9867)
(-1.6884, -0.2329, -2.3999)
(-1.4208, -0.5512, -2.7063)
(-2.4257, 2.1597, -0.5842)
(-2.0969, 1.756, -0.9565)
(-1.8302, 1.3642, -1.3978)
(-1.7539, 0.8966, -1.8285)
(-1.69, 0.4843, -2.2633)
(-1.4699, 0.1429, -2.6819)
(-1.1991, -0.116, -3.0146)
(-2.5369, 2.3701, -1.1163)
(-2.2266, 1.9869, -1.4591)
(-1.8015, 1.6521, -1.8463)
(-1.5876, 1.1568, -2.1716)
(-1.4884, 0.765, -2.5348)
(-1.2606, 0.4872, -2.9742)
(-0.9647, 0.2876, -3.3604)
(-2.397, 2.5693, -1.563)
(-2.3165, 2.1142, -1.9499)
(-2.0182, 1.7419, -2.3728)
(-1.8019, 1.2697, -2.6601)
(-1.6678, 0.9533, -2.9785)
(-1.3614, 0.7635, -3.4358)
(-1.0006, 0.6003, -3.8034)
(-2.2891, 2.849, -1.9504)
(-2.4369, 2.323, -2.3568)
(-2.3419, 1.8403, -2.7711)
(-2.1447, 1.3288, -3.0753)
(-1.938, 0.9316, -3.3786)
(-1.5691, 0.6727, -3.7899)
(-1.1876, 0.4899, -4.1326)
(-2.3554, 3.208, -2.398)
(-2.4437, 2.6535, -2.6894)
(-2.3104, 2.0748, -2.9471)
(-2.1018, 1.5182, -3.2815)
(-1.869, 1.0008, -3.6498)
(-1.6375, 0.6161, -4.0943)
(-1.3453, 0.4275, -4.4751)
(-2.247, 3.4744, -2.8852)
(-2.2236, 2.8757, -3.092)
(-2.1469, 2.2523, -3.2209)
(-2.0837, 1.6652, -3.4699)
(-1.8477, 1.2333, -3.8616)
(-1.626, 0.9887, -4.3921)
(-1.4152, 0.8374, -4.852)
(-2.0859, 3.4675, -3.1488)
(-2.1896, 2.9029, -3.2831)
(-2.3443, 2.3459, -3.5314)
(-2.2844, 1.7935, -3.7118)
(-2.0311, 1.4604, -4.0464)
(-1.8161, 1.2753, -4.6252)
(-1.5908, 1.102, -5.1068)
(-1.8271, -3.8311, 2.1791)
(-2.1223, -4.0756, 1.7954)
(-2.5468, -4.3159, 1.3066)
(-2.951, -4.4766, 0.7617)
(-3.3407, -4.636, 0.2193)
(-3.6979, -4.6958, -0.3469)
(-4.1154, -4.7066, -0.8752)
(-4.6701, -4.8526, -1.2945)
