(-1.6636, 1.9934, -5.6879)
(-1.0458, 1.8277, -5.763)
(-0.3582, 1.7471, -5.7177)
(0.3325, 1.684, -5.655)
(1.0222, 1.6406, -5.5527)
(-1.7452, 1.6444, -5.4307)
(-1.1126, 1.4684, -5.5201)
(1.6591, 1.6245, -5.3885)
(-0.4237, 1.3812, -5.4873)
(2.0356, 1.6026, -5.1799)
(0.2659, 1.3307, -5.4087)
(0.9429, 1.3322, -5.2638)
(1.5596, 1.3686, -5.0564)
(2.0443, 1.436, -4.8746)
(-1.8453, 1.2334, -5.0536)
(-1.1926, 1.0755, -5.1314)
(-0.5004, 1.0125, -5.0924)
(0.1838, 0.9578, -5.038)
(0.8593, 0.9357, -4.9308)
(1.4256, 0.9818, -4.7079)
(1.8347, 1.0501, -4.4459)
(-1.9207, 0.8774, -4.5817)
(-1.2471, 0.8034, -4.6183)
(-0.5559, 0.8287, -4.5566)
(0.0911, 0.8164, -4.5119)
(0.7738, 0.7416, -4.472)
(1.3481, 0.6142, -4.4744)
(1.8217, 0.4506, -4.3294)
(-1.9776, 0.5215, -4.1024)
(-1.3212, 0.4232, -4.1723)
(-0.6512, 0.4825, -4.0819)
(-0.0092, 0.4535, -4.0277)
(0.634, 0.4584, -4.0202)
(1.1666, 0.6107, -4.0922)
(1.5699, 0.8657, -3.9716)
(-2.0271, 0.157, -3.6258)
(-1.3909, 0.0491, -3.7188)
(-0.7504, 0.1402, -3.6333)
(-0.1238, 0.0483, -3.6132)
(0.5024, 0.0601, -3.5889)
(0.9955, 0.3087, -3.6161)
(1.3856, 0.4675, -3.4862)
(-2.0544, -0.202, -3.1427)
(-1.4344, -0.3657, -3.302)
(-0.7838, -0.3554, -3.3476)
(-0.177, -0.474, -3.4846)
(0.4248, -0.4314, -3.4315)
(0.8707, -0.1453, -3.2056)
(1.2021, 0.0839, -2.9809)
(-2.0531, -0.5439, -2.6454)
(-1.4469, -0.7471, -2.8487)
(-0.799, -0.825, -2.9768)
(-0.2046, -0.9465, -3.1376)
(0.3809, -0.8816, -3.0667)
(0.8646, -0.6401, -2.8361)
(1.2981, -0.5004, -2.7189)
(-2.0243, -0.8791, -2.1443)
(-1.4564, -1.1415, -2.404)
(-0.832, -1.2896, -2.5915)
(-0.2327, -1.3966, -2.7234)
(0.3525, -1.3144, -2.6354)
(0.8792, -1.1217, -2.451)
(1.324, -1.0136, -2.3516)
(-1.9569, -1.1944, -1.634)
(-1.4412, -1.5201, -1.9462)
(-0.8654, -1.7455, -2.2003)
(-0.2563, -1.8326, -2.305)
(0.338, -1.7301, -2.202)
(0.9014, -1.5848, -2.0645)
(1.3618, -1.5134, -1.9965)
(-1.8543, -1.4924, -1.1173)
(-1.3835, -1.8654, -1.4618)
(-0.8743, -2.1751, -1.7757)
(-0.2651, -2.2787, -1.9026)
(0.3513, -2.1781, -1.8178)
(0.9475, -2.0718, -1.7278)
(1.4187, -2.02, -1.6733)
(-1.7384, -1.7985, -0.6103)
(-1.3151, -2.2173, -0.9821)
(-0.8623, -2.5943, -1.34)
(-0.2636, -2.7536, -1.5354)
(0.3887, -2.6806, -1.5119)
(1.0184, -2.5869, -1.4479)
(1.4953, -2.5241, -1.3565)
(-1.5308, -2.0248, -0.0904)
(-1.1523, -2.4693, -0.4634)
(-0.7786, -2.9008, -0.8269)
(-0.2277, -3.1291, -1.0834)
(0.436, -3.1294, -1.1512)
(1.095, -3.1069, -1.2144)
(1.842, -3.0912, -1.277)
(-1.2706, -2.212, 0.4301)
(-0.9522, -2.691, 0.0616)
(-0.6854, -3.1611, -0.291)
(-0.168, -3.3598, -0.5682)
(2.1212, -3.6709, -1.5274)
(0.4557, -3.4487, -0.7405)
(1.0323, -3.5563, -1.0024)
(2.6867, -3.9001, -1.8402)
(1.481, -3.591, -1.4327)
(2.6554, -4.5021, -2.1335)
(1.9228, -3.7937, -1.7724)
(-1.0049, -2.414, 0.9501)
(-0.7045, -2.8973, 0.5839)
(-0.5103, -3.4128, 0.2157)
(2.6456, -4.7218, -2.2559)
(-0.1402, -3.7347, -0.193)
(2.3506, -4.1331, -1.79)
(0.3309, -3.9009, -0.6076)
(0.8207, -4.0276, -1.0329)
(2.544, -4.481, -2.005)
(1.2883, -4.119, -1.4917)
(2.7584, -4.557, -2.2842)
(1.7121, -4.2601, -1.9153)
(-0.756, -2.6263, 1.4525)
(-0.4095, -3.0893, 1.1081)
(-0.1521, -3.5862, 0.6804)
(2.2167, -4.4556, -1.9883)
(0.1441, -4.0023, 0.2049)
(0.4822, -4.2876, -0.3123)
(2.608, -4.3965, -2.2532)
(0.8421, -4.494, -0.8479)
(-0.5565, -2.807, 1.8499)
(2.8814, -4.3821, -2.6031)
(1.2328, -4.6467, -1.3785)
(1.6713, -4.7598, -1.8541)
(0.3005, -3.7054, 1.0924)
(-0.0456, -3.2624, 1.7115)
(2.1559, -4.7795, -2.1362)
(0.607, -4.0999, 0.5766)
(0.9071, -4.4351, 0.0466)
(2.4158, -4.5046, -2.4789)
(1.1953, -4.739, -0.4967)
(2.6247, -4.4103, -2.8644)
(1.5013, -4.9726, -1.0359)
(1.9008, -4.9526, -1.5031)
(0.4837, -3.6365, 1.8187)
(0.7901, -3.8615, 1.4133)
(2.2942, -4.7866, -1.9074)
(1.1003, -4.2031, 0.9226)
(1.3747, -4.5721, 0.402)
(2.5687, -4.7631, -2.4048)
(1.6126, -4.944, -0.1274)
(2.6857, -4.8274, -2.8541)
(1.8563, -5.1753, -0.6508)
(2.1077, -5.0117, -1.1237)
(0.952, -3.8489, 2.0199)
(1.2569, -4.0194, 1.702)
(2.3329, -5.0588, -1.6913)
(1.5814, -4.3161, 1.2315)
(1.8609, -4.6508, 0.696)
(2.509, -5.2179, -2.3059)
(2.0867, -5.0066, 0.1523)
(1.3011, -3.949, 2.0469)
(2.5426, -5.3245, -2.7819)
(2.276, -5.2862, -0.4046)
(1.6283, -4.0672, 1.9778)
(1.9658, -4.4223, 1.4823)
(2.3897, -5.3058, -1.0078)
(2.2576, -4.7057, 0.9099)
(2.5626, -5.4604, -1.6273)
(2.4868, -4.9377, 0.289)
(2.6473, -5.1756, -0.3488)
(2.7193, -5.6706, -2.2375)
(2.7333, -5.3884, -1.011)
(2.7143, -5.7861, -2.6954)
(2.861, -5.6312, -1.5964)
(2.9503, -5.9713, -2.5355)
(3.0846, -5.9663, -2.2332)
(1.6095, 3.7251, -2.7095)
(2.0317, 3.3031, -2.9566)
(2.4451, 2.9124, -3.2257)
(2.4335, 2.3898, -3.5363)
(2.5017, 1.9994, -4.0629)
(1.8689, 3.619, -2.8116)
(1.9973, 3.0461, -2.9562)
(2.5797, 1.5965, -4.5358)
(2.3044, 2.6371, -3.2234)
(2.4114, 1.4705, -4.8697)
(2.5377, 2.1905, -3.4942)
(2.4215, 1.7812, -3.8695)
(2.2908, 1.5083, -4.3925)
(2.0612, 1.436, -4.8637)
(2.2425, 3.4372, -2.6046)
(2.3201, 2.8641, -2.8794)
(2.2785, 2.318, -3.0575)
(2.3619, 1.8632, -3.4123)
(2.363, 1.3832, -3.7009)
(2.194, 1.0875, -4.1522)
(1.8529, 1.0498, -4.4371)
(2.4227, 3.1298, -2.1688)
(2.5708, 2.6007, -2.5365)
(2.5, 2.0203, -2.8527)
(2.2998, 1.5109, -3.1967)
(2.052, 1.0934, -3.526)
(2.0259, 0.745, -3.9226)
(1.8356, 0.4562, -4.3139)
(2.416, 2.8334, -1.7036)
(2.4387, 2.3295, -2.0998)
(2.2806, 1.7795, -2.4848)
(1.9985, 1.2586, -2.781)
(1.7717, 0.8769, -3.1101)
(1.7959, 0.8633, -3.6041)
(1.5982, 0.8482, -3.9626)
(2.2398, 2.6366, -1.3109)
(2.1134, 2.1389, -1.7584)
(1.9302, 1.6269, -2.1708)
(1.7459, 1.0648, -2.3447)
(1.6201, 0.6028, -2.5663)
(1.5932, 0.6167, -3.1021)
(1.4366, 0.5772, -3.5578)
(2.3952, 2.2854, -0.9379)
(2.2347, 1.7931, -1.384)
(2.0525, 1.3035, -1.7995)
(1.8316, 0.7609, -1.9866)
(1.6752, 0.2977, -2.1977)
(1.4733, 0.1782, -2.6322)
(1.2278, 0.0427, -2.966)
(2.5824, 1.8632, -0.5469)
(2.4555, 1.3752, -1.0046)
(2.2835, 0.8958, -1.4471)
(2.1634, 0.4168, -1.8311)
(1.9811, -0.0175, -2.1669)
(1.6049, -0.3012, -2.4222)
(1.3207, -0.5114, -2.7203)
(2.6677, 1.4259, -0.1323)
(2.5793, 0.9402, -0.6041)
(2.4159, 0.4607, -1.0602)
(2.2683, -0.0043, -1.4834)
(2.0617, -0.4423, -1.8677)
(1.7177, -0.8041, -2.1646)
(1.3439, -1.0092, -2.3499)
(2.6503, 0.9961, 0.3019)
(2.556, 0.5183, -0.1737)
(2.3917, 0.0396, -0.635)
(2.2294, -0.4296, -1.0612)
(2.0298, -0.8791, -1.4577)
(1.7328, -1.2696, -1.7957)
(1.381, -1.506, -1.9966)
(2.5455, 0.5871, 0.742)
(2.407, 0.1261, 0.2631)
(2.2453, -0.3508, -0.2002)
(2.1034, -0.8326, -0.6366)
(1.9444, -1.3043, -1.0494)
(1.7173, -1.7288, -1.4209)
(1.438, -2.0133, -1.6741)
(2.3977, 0.1785, 1.1669)
(2.2766, -0.2755, 0.6829)
(2.1973, -0.7518, 0.2187)
(2.0563, -1.2388, -0.2207)
(1.8894, -1.7217, -0.6435)
(1.7094, -2.1713, -1.0503)
(1.5132, -2.516, -1.3503)
(2.297, -0.269, 1.5605)
(2.3308, -0.7149, 1.0618)
(2.4216, -1.1516, 0.5776)
(2.2769, -1.6372, 0.1474)
(2.0731, -2.1294, -0.2725)
(1.9525, -2.5849, -0.748)
(1.863, -3.0865, -1.2796)
(2.2676, -0.7454, 1.9335)
(2.4623, -1.1584, 1.441)
(2.664, -1.5615, 0.9535)
(2.5904, -2.0251, 0.4897)
(2.1405, -3.6754, -1.493)
(2.4354, -2.4912, 0.0326)
(2.4066, -2.8779, -0.5121)
(2.7229, -3.8917, -1.8228)
(2.4562, -3.2025, -1.0962)
(2.6399, -4.5224, -2.0683)
(2.514, -3.6073, -1.5591)
(2.2303, -1.2392, 2.2912)
(2.5208, -1.631, 1.8216)
(2.8151, -2.0047, 1.3405)
(2.7988, -4.2495, -2.2431)
(2.8941, -2.415, 0.8262)
(2.7106, -4.1021, -1.8519)
(2.8813, -2.8046, 0.2823)
(2.9207, -3.127, -0.3088)
(2.8927, -4.4031, -2.2534)
(3.0044, -3.3787, -0.9237)
(3.0475, -4.1458, -2.4522)
(2.9997, -3.7539, -1.4518)
(2.1277, -1.715, 2.6204)
(2.4789, -2.1261, 2.2006)
(2.8332, -2.5041, 1.6993)
(3.1417, -4.1886, -1.9382)
(3.0922, -2.8677, 1.1538)
(3.2296, -3.1905, 0.5573)
(3.3259, -4.4643, -2.4231)
(3.3293, -3.4723, -0.0685)
(1.9708, -2.0962, 2.8519)
(3.551, -4.2479, -2.5795)
(3.4323, -3.727, -0.7024)
(3.4693, -4.0467, -1.3028)
(2.7324, -3.042, 1.9859)
(2.2425, -2.6677, 2.5866)
(3.6016, -4.4119, -1.8573)
(3.0871, -3.3954, 1.4385)
(3.3135, -3.7037, 0.8304)
(3.8077, -4.7152, -2.356)
(3.4562, -3.9811, 0.187)
(3.9777, -4.6341, -2.7136)
(3.598, -4.2501, -0.4656)
(3.7468, -4.5131, -1.1284)
(2.2105, -3.2577, 2.4773)
(2.5099, -3.5723, 2.107)
(3.8981, -4.8285, -1.7098)
(2.8389, -3.9156, 1.5986)
(3.1073, -4.2221, 1.0058)
(4.1213, -5.1258, -2.2393)
(3.306, -4.5011, 0.3725)
(4.2056, -5.1928, -2.6786)
(3.5035, -4.7835, -0.2646)
(3.6854, -5.0333, -0.9311)
(1.9038, -3.6755, 2.4242)
(2.1091, -3.9488, 2.0772)
(3.8286, -5.302, -1.5283)
(2.4072, -4.284, 1.5932)
(2.6791, -4.5842, 1.013)
(4.0103, -5.5984, -2.1099)
(2.886, -4.8365, 0.3783)
(1.6901, -3.8989, 2.2726)
(4.1318, -5.7427, -2.5574)
(3.0546, -5.0834, -0.2762)
(1.6686, -4.0772, 1.988)
(1.9993, -4.4385, 1.4961)
(3.1999, -5.3427, -0.9487)
(2.2765, -4.7154, 0.9174)
(3.3908, -5.5958, -1.5494)
(2.4904, -4.9559, 0.299)
(2.6505, -5.1967, -0.3396)
(3.5537, -5.8967, -2.1116)
(2.7125, -5.4361, -1.0226)
(3.726, -6.08, -2.5089)
(2.9378, -5.7333, -1.7541)
(3.3962, -6.1586, -2.4128)
(3.1402, -6.0397, -2.258)
(-1.9111, 2.3157, -5.278)
(-1.7213, 2.5022, -4.7041)
(-1.7556, 2.7406, -4.1705)
(-2.2056, 3.0068, -3.924)
(-2.3753, 3.515, -3.5917)
(-2.2766, 4.0867, -3.2259)
(-2.0648, 1.9519, -5.058)
(-1.8778, 2.1472, -4.4977)
(-1.8117, 2.3839, -3.9412)
(-2.041, 4.561, -2.8416)
(-2.1594, 2.7296, -3.6011)
(-1.883, 4.7952, -2.516)
(-2.297, 3.2649, -3.2573)
(-2.2188, 3.8373, -2.8935)
(-2.0984, 4.3185, -2.5002)
(-1.8612, 4.6443, -2.2042)
(-2.2654, 1.5208, -4.755)
(-2.1515, 1.7607, -4.2205)
(-1.9647, 1.9781, -3.6472)
(-2.0917, 2.3583, -3.2105)
(-2.0985, 2.9413, -2.8874)
(-2.0837, 3.5109, -2.5282)
(-2.1438, 3.9498, -2.0994)
(-1.992, 4.2453, -1.7545)
(-2.4464, 1.1424, -4.3619)
(-2.5656, 1.5221, -3.9239)
(-2.3989, 1.8014, -3.3729)
(-2.2849, 2.1018, -2.8416)
(-2.2113, 2.6354, -2.5296)
(-2.1818, 3.1497, -2.235)
(-2.1637, 3.5718, -1.8047)
(-2.0417, 3.7709, -1.3782)
(-2.534, 0.8094, -3.8823)
(-2.8547, 1.2471, -3.536)
(-2.864, 1.7139, -3.0965)
(-2.7348, 2.1533, -2.6342)
(-2.5201, 2.5884, -2.2935)
(-2.1223, 2.8071, -2.0019)
(-1.8645, 3.2556, -1.7776)
(-1.5633, 3.8237, -1.8272)
(-2.5534, 0.485, -3.3714)
(-2.9202, 0.9415, -3.0374)
(-3.0778, 1.4717, -2.6529)
(-3.0207, 1.983, -2.2598)
(-2.6416, 2.3233, -1.9275)
(-2.1354, 2.5068, -1.6235)
(-1.8026, 2.8534, -1.4385)
(-1.683, 3.2719, -1.6692)
(-2.5504, 0.1569, -2.8579)
(-2.907, 0.6241, -2.5158)
(-3.0766, 1.1634, -2.1407)
(-3.0282, 1.7167, -1.7615)
(-2.7651, 2.186, -1.4149)
(-2.3051, 2.5008, -1.1279)
(-1.8125, 2.6887, -0.9364)
(-1.5914, 3.0081, -0.9301)
(-2.5328, -0.1721, -2.3437)
(-2.8865, 0.2973, -1.9969)
(-3.0654, 0.8351, -1.6246)
(-3.0271, 1.3938, -1.2494)
(-2.8295, 1.9024, -0.8996)
(-2.4801, 2.3218, -0.6068)
(-2.0098, 2.6033, -0.4031)
(-1.6341, 2.8255, -0.3121)
(-2.4901, -0.4934, -1.8253)
(-2.853, -0.0287, -1.4768)
(-3.0536, 0.502, -1.1083)
(-3.0057, 1.0556, -0.7409)
(-2.7763, 1.5516, -0.4048)
(-2.4568, 1.9947, -0.1051)
(-2.0596, 2.3594, 0.135)
(-1.6989, 2.6066, 0.2789)
(-2.4127, -0.799, -1.3011)
(-2.7947, -0.3459, -0.9527)
(-3.0249, 0.1725, -0.5887)
(-2.9636, 0.7231, -0.2318)
(-2.6764, 1.2075, 0.0823)
(-2.351, 1.6592, 0.3841)
(-2.0144, 2.0726, 0.6609)
(-1.7069, 2.3736, 0.847)
(-2.3016, -1.0889, -0.7738)
(-2.7057, -0.6483, -0.424)
(-2.988, -0.1492, -0.0638)
(-2.9581, 0.4064, 0.2885)
(-2.6464, 0.9025, 0.5971)
(-2.2979, 1.3687, 0.9002)
(-1.9717, 1.8092, 1.1921)
(-1.7109, 2.1448, 1.4093)
(-2.1593, -1.3687, -0.2505)
(-2.5752, -0.9288, 0.106)
(-2.9369, -0.4564, 0.4645)
(-3.0044, 0.1028, 0.8154)
(-2.7008, 0.6314, 1.1299)
(-2.3219, 1.1201, 1.4372)
(-1.969, 1.5842, 1.7389)
(-1.6878, 1.9321, 1.9757)
(-1.9382, -1.592, 0.2732)
(-2.3576, -1.164, 0.631)
(-2.7583, -0.7212, 0.9881)
(-2.9463, -0.1957, 1.3387)
(-2.715, 0.3512, 1.6585)
(-2.3788, 0.8747, 1.9738)
(-2.0533, 1.3986, 2.2797)
(-1.6573, 1.947, 2.6524)
(-1.6736, -1.7865, 0.7941)
(-2.0986, -1.3739, 1.1501)
(-2.5136, -0.9504, 1.503)
(-2.7841, -0.4692, 1.8473)
(-2.6765, 0.0764, 2.1567)
(-1.7774, 2.5729, 2.9453)
(-2.517, 0.6581, 2.4567)
(-2.3737, 1.2795, 2.6846)
(-1.7754, 2.5364, 3.649)
(-2.2686, 1.9408, 2.8045)
(-2.1806, 3.0113, 3.9265)
(-1.4048, -1.9899, 1.3134)
(-2.199, 2.5286, 3.0263)
(-1.8222, -1.572, 1.6675)
(-2.2196, -1.1305, 2.0124)
(-2.5486, -0.6264, 2.3387)
(-2.155, 3.3025, 3.8446)
(-2.7312, -0.0478, 2.6125)
(-2.102, 2.8577, 3.5256)
(-2.8046, 0.5947, 2.8019)
(-2.784, 1.2707, 2.9138)
(-2.0884, 3.2818, 3.8657)
(-2.7399, 1.9577, 2.985)
(-2.2855, 3.553, 3.8903)
(-2.655, 2.6084, 3.1072)
(-1.1552, -2.1918, 1.7974)
(-1.5344, -1.7537, 2.1577)
(-1.8584, -1.2721, 2.5025)
(-2.1537, -0.684, 2.7738)
(-2.453, 3.1395, 3.3837)
(-2.3852, -0.0561, 3.0008)
(-2.5516, 0.5782, 3.2061)
(-2.3083, 3.6505, 3.6799)
(-2.6351, 1.2482, 3.3385)
(-0.9868, -2.3405, 2.139)
(-1.3178, -1.9037, 2.5581)
(-2.2782, 4.0105, 3.9165)
(-2.6815, 1.9353, 3.4325)
(-2.7231, 2.6173, 3.5304)
(-1.879, -0.7928, 3.3006)
(-1.5005, -1.5114, 3.0809)
(-2.7266, 3.2775, 3.6237)
(-2.0691, -0.1267, 3.4781)
(-2.1689, 0.5482, 3.6061)
(-2.6971, 3.875, 3.6839)
(-2.2454, 1.2336, 3.6938)
(-2.6438, 4.2948, 3.8645)
(-2.3286, 1.9253, 3.7817)
(-2.4517, 2.6096, 3.9147)
(-1.461, -1.3023, 3.6674)
(-1.708, -0.835, 3.8647)
(-2.6156, 3.2644, 4.0514)
(-1.9307, -0.2161, 4.041)
(-2.0825, 0.4619, 4.1516)
(-2.8525, 3.8386, 4.1239)
(-2.2096, 1.1486, 4.2211)
(-3.0202, 4.2742, 4.2051)
(-2.3807, 1.8371, 4.2837)
(-2.5897, 2.5322, 4.3807)
(-1.2425, -1.2261, 4.1544)
(-1.429, -0.8197, 4.344)
(-2.7836, 3.1646, 4.5256)
(-1.6832, -0.2476, 4.5456)
(-1.9107, 0.4065, 4.6791)
(-2.9674, 3.7464, 4.6844)
(-2.1403, 1.069, 4.766)
(-1.1046, -1.0941, 4.4502)
(-3.0844, 4.2118, 4.7799)
(-2.3841, 1.7395, 4.8323)
(-1.0719, -0.8018, 4.6226)
(-1.3898, -0.2346, 4.8853)
(-2.5747, 2.4457, 4.8898)
(-1.6616, 0.3987, 5.0447)
(-2.7679, 3.0837, 5.0312)
(-1.9422, 1.0363, 5.134)
(-2.218, 1.6712, 5.2211)
(-2.9343, 3.6467, 5.2227)
(-2.3252, 2.3467, 5.1262)
(-3.0157, 4.0997, 5.3147)
(-2.5009, 2.9904, 5.3128)
(-2.8507, 3.9084, 5.5456)
(-2.7052, 3.598, 5.5941)
(1.405, 4.1873, -2.652)
(1.1592, 4.1886, -2.2286)
(0.7777, 4.5019, -1.8533)
(0.2322, 4.6702, -1.6421)
(-0.2707, 4.4497, -1.6039)
(-0.7873, 4.699, -1.7495)
(1.7171, 4.1456, -2.5997)
(1.2541, 4.293, -2.2829)
(0.7237, 4.2873, -1.9319)
(-1.3674, 4.9412, -1.8834)
(0.2303, 4.3502, -1.5419)
(-1.7329, 4.9563, -2.0829)
(-0.3451, 4.3323, -1.3784)
(-0.9059, 4.403, -1.6055)
(-1.4414, 4.5842, -1.8688)
(-1.8522, 4.6501, -2.1856)
(1.9476, 3.895, -2.2382)
(1.4547, 4.1356, -1.9076)
(0.8858, 4.0488, -1.6407)
(0.2656, 3.9907, -1.4301)
(-0.4023, 4.0071, -1.3399)
(-1.048, 4.0673, -1.3713)
(-1.5808, 4.2715, -1.514)
(-1.9804, 4.2499, -1.7373)
(2.0189, 3.5175, -1.7949)
(1.5144, 3.8336, -1.4607)
(0.9412, 4.0124, -1.2122)
(0.2878, 4.0229, -1.1028)
(-0.3572, 3.9937, -0.9985)
(-0.9806, 3.963, -1.0311)
(-1.5618, 3.9347, -1.231)
(-2.036, 3.7787, -1.3576)
(2.024, 3.165, -1.3781)
(1.4684, 3.4294, -1.1236)
(0.8728, 3.609, -1.0152)
(0.2376, 3.6196, -1.053)
(-0.2764, 3.5952, -0.8944)
(-0.7445, 3.6575, -1.1256)
(-1.2887, 3.6163, -1.3684)
(-1.5679, 3.6545, -1.7593)
(2.1454, 3.0538, -0.9207)
(1.63, 3.1916, -0.7366)
(1.0359, 3.127, -0.8935)
(0.3866, 3.0728, -0.9724)
(-0.1563, 3.0678, -0.8489)
(-0.6579, 3.2109, -0.9604)
(-1.2119, 3.2075, -1.1711)
(-1.6187, 3.1639, -1.518)
(2.3014, 2.6933, -0.5352)
(1.7553, 2.7344, -0.4495)
(1.1438, 2.6347, -0.6405)
(0.4911, 2.64, -0.6792)
(-0.0932, 2.7228, -0.5448)
(-0.6348, 2.8684, -0.5978)
(-1.171, 2.8837, -0.7234)
(-1.5776, 2.9577, -0.9061)
(2.4232, 2.2495, -0.1618)
(1.8522, 2.2818, -0.1379)
(1.1952, 2.3371, -0.1763)
(0.5642, 2.5393, -0.1456)
(-0.0212, 2.7751, -0.0591)
(-0.6268, 2.9041, -0.0868)
(-1.195, 2.8889, -0.1667)
(-1.6145, 2.8226, -0.2984)
(2.4738, 1.8451, 0.2665)
(1.8979, 2.0298, 0.3667)
(1.2343, 2.1774, 0.3896)
(0.5904, 2.3621, 0.4131)
(-0.0218, 2.5123, 0.4154)
(-0.6342, 2.565, 0.35)
(-1.2206, 2.5916, 0.3143)
(-1.6803, 2.6117, 0.2886)
(2.4475, 1.4377, 0.7112)
(1.8914, 1.7168, 0.8775)
(1.2301, 1.881, 0.9034)
(0.5693, 1.9921, 0.8631)
(-0.0628, 2.04, 0.7701)
(-0.681, 2.0995, 0.7309)
(-1.2621, 2.2161, 0.7746)
(-1.6902, 2.3813, 0.8586)
(2.3982, 1.0299, 1.1627)
(1.8589, 1.3167, 1.3343)
(1.1961, 1.4461, 1.3105)
(0.5317, 1.5026, 1.1947)
(-0.1134, 1.5787, 1.1313)
(-0.7315, 1.7246, 1.1806)
(-1.2865, 1.9422, 1.2929)
(-1.6992, 2.1573, 1.4236)
(2.3319, 0.6056, 1.6016)
(1.8092, 0.8672, 1.7433)
(1.153, 0.9589, 1.6547)
(0.5078, 1.0811, 1.5853)
(-0.1245, 1.2754, 1.6258)
(-0.7317, 1.4864, 1.716)
(-1.223, 1.8102, 1.8549)
(-1.6707, 1.9444, 1.9954)
(2.2458, 0.1429, 2.0057)
(1.7349, 0.401, 2.1321)
(1.104, 0.5435, 2.0605)
(0.5418, 0.8568, 2.1144)
(-0.0775, 1.1115, 2.2016)
(-0.664, 1.3527, 2.2883)
(-1.0379, 1.7935, 2.4168)
(-1.6368, 1.957, 2.6781)
(2.1444, -0.3397, 2.3864)
(1.6445, -0.0319, 2.5476)
(1.0529, 0.2351, 2.5652)
(0.5665, 0.6533, 2.6848)
(-0.0246, 0.9525, 2.785)
(-1.7666, 2.6136, 2.9292)
(-0.5548, 1.2661, 2.8751)
(-0.7767, 1.7811, 2.9751)
(-1.7327, 2.4694, 3.6344)
(-1.2154, 2.1002, 3.1915)
(-2.1385, 3.0586, 3.9694)
(1.9899, -0.8305, 2.734)
(-1.5182, 2.5786, 3.3868)
(1.5156, -0.458, 2.9618)
(0.996, -0.074, 3.0844)
(0.5675, 0.4066, 3.2435)
(-2.2753, 3.3311, 3.9348)
(0.0396, 0.7939, 3.3611)
(-1.7835, 2.8945, 3.7954)
(-0.4075, 1.2105, 3.4565)
(-0.5451, 1.7658, 3.5351)
(-2.0852, 3.2456, 3.9834)
(-0.8933, 2.184, 3.7177)
(-2.2789, 3.6773, 3.9469)
(-1.2535, 2.6715, 3.8474)
(1.7741, -1.2897, 3.0127)
(1.3384, -0.8828, 3.3286)
(0.8951, -0.4486, 3.5729)
(0.5001, 0.0929, 3.768)
(-1.5652, 3.1637, 4.0555)
(0.0774, 0.6063, 3.9166)
(-0.2824, 1.1473, 4.0163)
(-1.8651, 3.6521, 4.1573)
(-0.5301, 1.7287, 4.1138)
(1.5954, -1.6079, 3.1961)
(1.1504, -1.2252, 3.6)
(-2.0248, 4.134, 4.0968)
(-0.739, 2.3003, 4.2846)
(-1.1036, 2.8672, 4.3782)
(0.2669, -0.2232, 4.2325)
(0.6532, -0.9487, 4.0289)
(-1.3918, 3.4045, 4.4898)
(-0.0681, 0.3756, 4.4313)
(-0.3842, 0.9785, 4.559)
(-1.6256, 3.9832, 4.581)
(-0.6582, 1.5884, 4.6788)
(-1.701, 4.461, 4.4881)
(-0.8603, 2.2099, 4.8544)
(-1.1739, 2.8714, 4.9455)
(0.1116, -0.9135, 4.3876)
(-0.152, -0.4493, 4.5722)
(-1.4125, 3.5359, 5.0289)
(-0.4482, 0.1227, 4.7925)
(-0.7384, 0.7415, 4.951)
(-1.5304, 4.1417, 5.1155)
(-1.0168, 1.3658, 5.0738)
(-1.6771, 4.5809, 5.0761)
(-1.2808, 1.9852, 5.2177)
(-1.5155, 2.6698, 5.3116)
(-0.4009, -1.0185, 4.5565)
(-0.6517, -0.6371, 4.7128)
(-1.6921, 3.3749, 5.4299)
(-0.9459, -0.0953, 4.9288)
(-1.2313, 0.5214, 5.0822)
(-1.8081, 4.0091, 5.5471)
(-1.5153, 1.1447, 5.1751)
(-0.7569, -0.9904, 4.5924)
(-1.9485, 4.447, 5.574)
(-1.7986, 1.742, 5.2991)
(-1.0506, -0.8065, 4.6318)
(-1.3667, -0.241, 4.8938)
(-2.0092, 2.3908, 5.2937)
(-1.6443, 0.3817, 5.0605)
(-2.1433, 3.0605, 5.4366)
(-1.9193, 1.0225, 5.1453)
(-2.1911, 1.6567, 5.2281)
(-2.2632, 3.691, 5.6598)
(-2.3497, 2.3277, 5.0532)
(-2.351, 4.1413, 5.7864)
(-2.4976, 2.9595, 5.2497)
(-2.5985, 3.8829, 5.785)
(-2.6773, 3.6117, 5.6156)
(1.3714, -1.5097, -1.9966)
(1.8438, 1.05, -4.4415)
(1.6484, -4.0722, 1.9829)
(1.215, 0.0633, -2.9735)
(1.9826, -4.4304, 1.4892)
(2.2671, -4.7105, 0.9137)
(1.4283, -2.0167, -1.6737)
(2.4886, -4.9468, 0.294)
(2.6489, -5.1861, -0.3442)
(2.7229, -5.4122, -1.0168)
(2.8994, -5.6822, -1.6752)
(1.8287, 0.4534, -4.3217)
(3.1124, -6.003, -2.2456)
(1.3094, -0.5059, -2.7196)
(1.334, -1.0114, -2.3508)
(2.1309, -3.6732, -1.5102)
(1.5042, -2.5201, -1.3534)
(1.8525, -3.0889, -1.2783)
(2.7048, -3.8959, -1.8315)
(2.6476, -4.5123, -2.1009)
(2.0528, 1.436, -4.8692)
(1.5841, 0.8569, -3.9671)
(1.4111, 0.5224, -3.522)
(2.732, -5.7379, -2.4814)
(2.8784, -5.8172, -2.2134)
(3.0262, -5.9804, -2.3964)
(2.843, -5.9141, -2.6312)
(2.6422, -4.6485, -2.2114)
(2.5721, -4.4874, -2.0262)
(2.6429, -4.5459, -2.1455)
(2.6819, -4.6699, -2.2534)
(2.5929, -4.4335, -2.0984)
(2.7528, -4.3777, -2.4272)
(2.8599, -4.4547, -2.4181)
(2.5023, -4.4252, -2.3979)
(2.5191, -4.432, -2.6703)
(2.7515, -4.3527, -2.7651)
(2.4806, -4.6121, -2.4658)
(2.64, -4.7909, -2.6371)
(2.6444, -4.5861, -2.8826)
(2.5454, -4.9729, -2.3494)
(2.539, -5.2773, -2.5583)
(2.6161, -5.0748, -2.8183)
(2.578, -5.4633, -2.2693)
(2.5898, -5.576, -2.7428)
(0.6358, -3.738, 1.6238)
(0.7317, -3.7631, 1.9282)
(1.1016, -3.9223, 1.8746)
(1.0327, -3.9466, 1.5646)
(0.947, -4.0217, 1.1765)
(1.4202, -4.1558, 1.4831)
(1.3495, -4.2611, 1.0849)
(1.2434, -4.387, 0.6634)
(1.7291, -4.4813, 0.9665)
(1.6235, -4.6195, 0.5604)
(1.4956, -4.7596, 0.1388)
(1.978, -4.827, 0.4243)
(1.8512, -4.9968, 0.0303)
(1.7323, -5.1059, -0.3953)
(2.1905, -5.1759, -0.1216)
(2.0656, -5.2532, -0.5023)
(1.9834, -5.1077, -0.8853)
(2.3341, -5.3058, -0.7021)
(2.2357, -5.1538, -1.0375)
(2.2235, -5.0011, -1.3925)
(2.4681, -5.3611, -1.3149)
(2.4229, -5.2725, -1.6462)
(2.4348, -5.1398, -2.0073)
(2.6558, -5.5723, -1.9444)
(0.1399, -3.5016, 1.3538)
(0.2213, -3.4659, 1.7376)
(0.5434, -3.7782, 1.2601)
(0.4548, -3.9071, 0.8364)
(0.8525, -4.1472, 0.7522)
(0.7582, -4.2742, 0.3133)
(1.1382, -4.5039, 0.2276)
(1.0526, -4.5895, -0.2236)
(1.3982, -4.8487, -0.3074)
(1.3395, -4.8773, -0.7706)
(1.6718, -5.0824, -0.8356)
(1.6929, -4.9954, -1.2823)
(2.0063, -4.9639, -1.2919)
(2.1061, -4.8667, -1.7005)
(2.312, -4.8807, -1.7797)
(2.452, -4.7551, -2.1511)
(-0.954, -2.4077, 1.6221)
(-1.0633, -2.2714, 1.9815)
(-0.7831, -2.5714, 1.9784)
(-0.6517, -2.7199, 1.6613)
(-0.5708, -2.8518, 1.2864)
(-0.308, -3.0398, 1.7544)
(-0.2432, -3.1793, 1.3649)
(-0.2772, -3.3397, 0.9037)
(0.0672, -3.646, 0.8968)
(-0.0117, -3.8102, 0.4476)
(0.3649, -4.0611, 0.3958)
(0.3099, -4.1588, -0.0494)
(0.6772, -4.3778, -0.1334)
(0.659, -4.3982, -0.5798)
(0.9946, -4.6346, -0.6821)
(1.0337, -4.5766, -1.1137)
(1.3386, -4.8339, -1.2273)
(1.4406, -4.7058, -1.6368)
(1.771, -4.8964, -1.705)
(1.9275, -4.8032, -2.0054)
(2.2217, -4.7903, -2.0512)
(2.3085, -4.6507, -2.2956)
(-1.1985, -2.1981, 1.1328)
(-1.2725, -2.0952, 1.5687)
(-0.8756, -2.522, 1.2105)
(-0.8357, -2.6453, 0.7664)
(-0.5626, -2.9952, 0.8484)
(-0.6129, -3.1659, 0.4031)
(-0.3506, -3.5106, 0.453)
(-0.3485, -3.6012, 0.0148)
(-0.0327, -3.8943, 0.0026)
(0.09, -3.8283, -0.4002)
(0.3608, -4.1219, -0.4838)
(0.5756, -3.9683, -0.8182)
(0.7852, -4.2794, -0.975)
(1.0621, -4.0746, -1.2542)
(1.2272, -4.399, -1.4642)
(1.495, -4.1751, -1.7383)
(1.6567, -4.5329, -1.92)
(1.9638, -4.3757, -1.9652)
(2.1637, -4.6501, -2.1004)
(2.4321, -4.4441, -2.0916)
(-1.466, -1.9952, 0.6131)
(-1.5391, -1.8862, 1.0538)
(-1.1372, -2.31, 0.6894)
(-1.0964, -2.4432, 0.2458)
(-0.8349, -2.7962, 0.3221)
(-0.8339, -2.9467, -0.1195)
(-0.6172, -3.2921, -0.0325)
(-0.4559, -3.2912, -0.4445)
(-0.1679, -3.5383, -0.3709)
(0.142, -3.4035, -0.6576)
(0.3879, -3.662, -0.663)
(0.7582, -3.5089, -0.8494)
(0.9237, -3.7844, -1.0124)
(1.2672, -3.5692, -1.2059)
(1.3733, -3.8417, -1.4761)
(1.6961, -3.6681, -1.642)
(1.8072, -3.9978, -1.8613)
(2.1572, -3.9506, -1.7897)
(2.2754, -4.2749, -1.8672)
(2.4643, -4.3282, -1.8706)
(-1.7324, -1.8077, 0.0924)
(-1.8081, -1.6899, 0.534)
(-1.4034, -2.119, 0.1703)
(-1.3359, -2.2442, -0.2758)
(-1.0562, -2.5814, -0.2)
(-0.9773, -2.6977, -0.6506)
(-0.7344, -3.0316, -0.5575)
(-0.526, -3.0483, -0.978)
(-0.1921, -3.2409, -0.8171)
(0.0986, -3.1446, -1.1313)
(0.4639, -3.2874, -0.9232)
(0.7702, -3.1175, -1.1764)
(1.0896, -3.3366, -1.0845)
(1.4185, -3.093, -1.2613)
(1.6209, -3.3716, -1.3727)
(1.9816, -3.3811, -1.4022)
(2.0409, -3.682, -1.6599)
(2.404, -3.7855, -1.6838)
(2.4672, -4.03, -1.7904)
(2.671, -4.2011, -1.9868)
(-1.9496, -1.5851, -0.4295)
(-2.0579, -1.4871, 0.0114)
(-1.6458, -1.9215, -0.3517)
(-1.5264, -2.0085, -0.7942)
(-1.2433, -2.3536, -0.7267)
(-1.1015, -2.4214, -1.1709)
(-0.8258, -2.7602, -1.0917)
(-0.5781, -2.7081, -1.4666)
(-0.252, -2.9646, -1.3249)
(0.0609, -2.7336, -1.5411)
(0.4099, -2.9233, -1.348)
(0.7137, -2.6286, -1.4785)
(1.0637, -2.8527, -1.3328)
(1.2857, -2.5565, -1.4177)
(1.6686, -2.8077, -1.3168)
(-2.0817, -1.2947, -0.9459)
(-2.2377, -1.2332, -0.5119)
(-1.8031, -1.65, -0.8639)
(-1.6211, -1.6826, -1.2891)
(-1.3563, -2.0476, -1.2241)
(-1.1394, -2.0369, -1.6316)
(-0.8752, -2.3929, -1.5636)
(-0.5773, -2.2577, -1.8697)
(-0.2666, -2.518, -1.7211)
(0.0437, -2.2421, -1.8743)
(0.3684, -2.4266, -1.6612)
(0.6596, -2.1181, -1.767)
(0.9791, -2.3258, -1.5795)
(1.1962, -2.0412, -1.6984)
(1.457, -2.2721, -1.5149)
(-2.1925, -1.0041, -1.4694)
(-2.3602, -0.9446, -1.0373)
(-1.9071, -1.3423, -1.3749)
(-1.7067, -1.3678, -1.794)
(-1.4141, -1.6924, -1.7046)
(-1.16, -1.6468, -2.0852)
(-0.8718, -1.9608, -1.9898)
(-0.5614, -1.8119, -2.2787)
(-0.2621, -2.0512, -2.0984)
(0.0429, -1.7988, -2.2713)
(0.3409, -1.9467, -1.9993)
(0.6291, -1.652, -2.1268)
(0.9214, -1.8244, -1.8891)
(1.1422, -1.5421, -2.0255)
(1.3902, -1.7667, -1.8349)
(-2.2698, -0.6987, -1.99)
(-2.4561, -0.6486, -1.5639)
(-1.9962, -1.0402, -1.8906)
(-1.7519, -1.0278, -2.2839)
(-1.4545, -1.3359, -2.179)
(-1.1451, -1.2223, -2.5028)
(-0.851, -1.521, -2.3996)
(-0.5293, -1.3568, -2.6756)
(-0.246, -1.6158, -2.5146)
(0.0633, -1.3805, -2.7053)
(0.3427, -1.5222, -2.4169)
(0.6264, -1.2169, -2.54)
(0.888, -1.3529, -2.2543)
(1.1089, -1.0568, -2.3923)
(1.3429, -1.2635, -2.1741)
(-2.3091, -0.3747, -2.5034)
(-2.5153, -0.3343, -2.0852)
(-2.0426, -0.7128, -2.3954)
(-1.7626, -0.6687, -2.7618)
(-1.4524, -0.9426, -2.6251)
(-1.1195, -0.7866, -2.9104)
(-0.8135, -1.0562, -2.7823)
(-0.4983, -0.8911, -3.068)
(-0.2185, -1.1727, -2.9301)
(0.0944, -0.946, -3.136)
(0.3653, -1.0998, -2.8511)
(0.6357, -0.764, -2.9519)
(0.8724, -0.8844, -2.6461)
(1.08, -0.553, -2.758)
(1.3111, -0.757, -2.5352)
(-2.3193, -0.0407, -3.011)
(-2.544, -0.008, -2.6011)
(-2.0571, -0.3744, -2.8952)
(-1.7556, -0.3144, -3.243)
(-1.4426, -0.559, -3.0784)
(-1.1053, -0.3586, -3.3212)
(-0.7902, -0.5963, -3.1736)
(-0.4794, -0.4089, -3.4183)
(-0.1914, -0.7184, -3.3394)
(0.1343, -0.4899, -3.49)
(0.4001, -0.6622, -3.2764)
(0.6655, -0.297, -3.3247)
(0.8574, -0.391, -3.0202)
(1.0584, -0.0305, -3.1029)
(1.2501, -0.2083, -2.8499)
(-2.3078, 0.3002, -3.5126)
(-2.5535, 0.3214, -3.1146)
(-2.0443, -0.0243, -3.3859)
(-1.7161, 0.0681, -3.6994)
(-1.417, -0.1571, -3.5099)
(-1.0676, 0.0982, -3.6814)
(-0.7739, -0.0961, -3.484)
(-0.4386, 0.1091, -3.6174)
(-0.1576, -0.2064, -3.5432)
(0.1976, 0.0208, -3.5964)
(0.4574, -0.1829, -3.5038)
(0.7673, 0.1752, -3.6095)
(0.9214, 0.0888, -3.4012)
(1.1973, 0.4031, -3.5675)
(1.2939, 0.2757, -3.2335)
(-2.2761, 0.6432, -4.0089)
(-2.5489, 0.6473, -3.6281)
(-2.004, 0.3394, -3.8643)
(-1.6557, 0.446, -4.1604)
(-1.3584, 0.2366, -3.9444)
(-0.9833, 0.4504, -4.1346)
(-0.7062, 0.3192, -3.8428)
(-0.3298, 0.478, -4.0483)
(-0.0698, 0.2584, -3.7896)
(0.3182, 0.4384, -4.0112)
(0.5628, 0.2734, -3.778)
(0.9181, 0.5265, -4.0661)
(1.0764, 0.5019, -3.8535)
(1.3817, 0.6885, -4.0464)
(1.4778, 0.6666, -3.7289)
(-2.2204, 0.986, -4.4992)
(-2.5019, 0.973, -4.1299)
(-1.9502, 0.7016, -4.341)
(-1.5913, 0.8198, -4.6188)
(-1.2819, 0.6231, -4.3897)
(-0.897, 0.8136, -4.5907)
(-0.5983, 0.6686, -4.3141)
(-0.2333, 0.8299, -4.5331)
(0.0437, 0.6581, -4.2655)
(0.4345, 0.7896, -4.4852)
(0.7086, 0.6187, -4.2483)
(1.0811, 0.6713, -4.4835)
(1.2665, 0.6054, -4.3062)
(1.5792, 0.5884, -4.4052)
(1.6958, 0.6581, -4.1505)
(-2.1118, 1.3716, -4.9367)
(-2.3645, 1.3227, -4.5701)
(-1.8867, 1.0497, -4.8234)
(-1.5304, 1.1361, -5.1144)
(-1.2206, 0.9383, -4.8761)
(-0.8466, 1.0391, -5.1185)
(-0.5273, 0.9199, -4.8271)
(-0.1584, 0.9847, -5.0665)
(0.1379, 0.8859, -4.781)
(0.5281, 0.9384, -4.998)
(0.8208, 0.8262, -4.7084)
(1.1603, 0.955, -4.8266)
(1.3901, 0.7595, -4.5913)
(1.6534, 1.0041, -4.5946)
(1.8282, 0.7503, -4.3876)
(-1.9687, 1.7989, -5.2781)
(-2.1616, 1.738, -4.9182)
(-1.7955, 1.4391, -5.2584)
(-1.4473, 1.537, -5.5032)
(-1.1541, 1.2622, -5.3481)
(-0.769, 1.4193, -5.5109)
(-0.4637, 1.1784, -5.3148)
(-0.0782, 1.3506, -5.4542)
(0.2268, 1.1222, -5.246)
(0.6071, 1.3251, -5.346)
(0.9004, 1.1226, -5.1112)
(1.2673, 1.3485, -5.1633)
(1.4883, 1.1927, -4.8715)
(1.8063, 1.3902, -4.9564)
(1.9395, 1.243, -4.6602)
(-1.8519, 2.1559, -5.5191)
(-1.9832, 2.1417, -5.1745)
(-1.702, 1.8266, -5.5689)
(-1.3797, 1.8884, -5.7581)
(-1.077, 1.6555, -5.6523)
(-0.7026, 1.7837, -5.7445)
(-0.389, 1.5707, -5.6147)
(-0.0131, 1.7137, -5.6888)
(0.3004, 1.5171, -5.5398)
(0.678, 1.6594, -5.6113)
(0.9833, 1.5012, -5.4091)
(1.3582, 1.6284, -5.4764)
(1.6151, 1.5071, -5.2281)
(1.8936, 1.6248, -5.2936)
(2.0693, 1.5331, -5.0359)
(1.1364, -3.9037, 2.0552)
(1.4641, -4.0044, 2.0169)
(1.4518, -4.066, 1.8191)
(1.797, -4.2448, 1.73)
(1.7806, -4.3661, 1.3578)
(2.1117, -4.564, 1.1961)
(2.0655, -4.676, 0.8068)
(2.3722, -4.8217, 0.5995)
(2.2921, -4.9817, 0.2318)
(2.5671, -5.0566, -0.0299)
(2.4643, -5.2499, -0.3625)
(2.6903, -5.282, -0.6799)
(2.5601, -5.3767, -1.0002)
(2.7972, -5.5098, -1.3037)
(2.7162, -5.5748, -1.6145)
(2.9728, -5.7987, -1.9148)
(3.3384, -5.9709, -2.156)
(3.6378, -6.0015, -2.3263)
(3.5439, -6.15, -2.4707)
(3.2648, -6.113, -2.3393)
(2.7625, -4.3994, -2.1518)
(2.7175, -4.3732, -2.1499)
(2.8952, -4.1741, -2.3529)
(2.9714, -4.3249, -2.3771)
(3.0874, -4.4195, -2.3588)
(3.284, -4.1648, -2.5194)
(3.4342, -4.4011, -2.5344)
(3.5736, -4.5647, -2.4107)
(3.7867, -4.409, -2.6552)
(3.8975, -4.7114, -2.5478)
(4.0038, -4.9041, -2.3001)
(4.121, -4.9023, -2.7187)
(4.1793, -5.1815, -2.4672)
(4.1242, -5.3697, -2.1673)
(4.2167, -5.4831, -2.6146)
(4.0784, -5.6864, -2.3472)
(3.798, -5.7756, -2.0933)
(3.9452, -5.944, -2.5291)
(2.0693, -3.4948, 2.4544)
(2.3561, -3.4113, 2.3041)
(2.3209, -3.7886, 2.1077)
(1.9968, -3.8054, 2.2622)
(2.6756, -3.7441, 1.8689)
(2.6325, -4.1283, 1.6146)
(2.2522, -4.1137, 1.8519)
(2.984, -4.0747, 1.3095)
(2.9051, -4.4327, 1.029)
(2.5516, -4.4417, 1.3121)
(3.2108, -4.3619, 0.6906)
(3.1121, -4.6991, 0.3949)
(2.7889, -4.7139, 0.6994)
(3.4038, -4.6444, 0.0576)
(3.3013, -4.9655, -0.2497)
(2.9752, -4.9581, 0.0547)
(3.6001, -4.911, -0.6013)
(3.4687, -5.2205, -0.9174)
(3.1243, -5.2143, -0.617)
(3.7554, -5.1602, -1.2344)
(3.6338, -5.4752, -1.5112)
(3.2938, -5.4639, -1.2549)
(3.92, -5.4598, -1.8286)
(3.4749, -5.7508, -1.8441)
(2.2714, -2.9722, 2.5152)
(2.5261, -2.8579, 2.2471)
(2.6432, -3.3161, 2.0684)
(2.9218, -3.2227, 1.7199)
(2.9933, -3.6648, 1.5386)
(3.216, -3.5552, 1.1411)
(3.2462, -3.9723, 0.9367)
(3.3894, -3.8442, 0.5106)
(3.4193, -4.2534, 0.2979)
(3.525, -4.1172, -0.1366)
(3.595, -4.5336, -0.3465)
(3.6741, -4.3787, -0.8021)
(3.7731, -4.7846, -1.0154)
(3.8139, -4.6634, -1.4281)
(3.9179, -5.0751, -1.6083)
(4.0142, -4.9967, -1.9836)
(1.6798, -1.4621, 3.1124)
(1.9576, -1.5014, 2.8219)
(2.0531, -1.9145, 2.7452)
(1.7911, -1.8393, 3.0166)
(2.3003, -1.9245, 2.4172)
(2.4037, -2.3795, 2.3685)
(2.1316, -2.3732, 2.7033)
(2.6614, -2.3177, 1.9587)
(2.7957, -2.7695, 1.8581)
(2.9789, -2.689, 1.4319)
(3.1189, -3.1255, 1.3063)
(3.172, -3.0345, 0.8611)
(3.3083, -3.4362, 0.6995)
(3.2783, -3.3371, 0.2469)
(3.4289, -3.7122, 0.0612)
(3.387, -3.5967, -0.387)
(3.5463, -3.9731, -0.5858)
(3.4503, -3.8784, -1.0086)
(3.6398, -4.2608, -1.2236)
(3.5199, -4.2245, -1.5845)
(3.783, -4.6006, -1.7912)
(3.7038, -4.5974, -2.1207)
(1.8831, -1.0731, 2.8853)
(2.1242, -1.0332, 2.5292)
(2.1878, -1.4858, 2.465)
(2.3627, -1.4393, 2.055)
(2.5146, -1.877, 2.0162)
(2.6848, -1.8156, 1.5846)
(2.8409, -2.2479, 1.5251)
(2.8791, -2.2075, 1.0871)
(3.0131, -2.6309, 0.9922)
(2.8881, -2.6155, 0.5588)
(3.0804, -2.9816, 0.4158)
(2.89, -2.9783, -0.0066)
(3.1518, -3.2798, -0.1938)
(2.9703, -3.2489, -0.6208)
(3.2453, -3.5283, -0.8169)
(2.9987, -3.5499, -1.1999)
(3.2495, -3.8801, -1.378)
(3.0545, -3.9723, -1.6901)
(3.3832, -4.2751, -1.9154)
(3.2311, -4.376, -2.2046)
(2.0766, -0.5844, 2.5661)
(2.229, -0.5356, 2.1826)
(2.2549, -0.9909, 2.1137)
(2.3463, -0.9548, 1.6851)
(2.5037, -1.3906, 1.6302)
(2.5856, -1.356, 1.1961)
(2.7542, -1.777, 1.1482)
(2.6568, -1.7869, 0.7176)
(2.7488, -2.2162, 0.6584)
(2.5055, -2.2639, 0.2669)
(2.6577, -2.6476, 0.159)
(2.404, -2.6966, -0.2283)
(2.6655, -2.9991, -0.4113)
(2.4303, -3.0394, -0.808)
(2.7347, -3.2743, -1.017)
(2.4742, -3.3894, -1.3544)
(2.7433, -3.6608, -1.5201)
(2.6018, -3.8538, -1.7038)
(2.8974, -4.1419, -1.9044)
(2.8079, -4.3107, -2.0558)
(2.1987, -0.097, 2.199)
(2.3086, -0.0512, 1.8078)
(2.2773, -0.5045, 1.7492)
(2.2972, -0.4933, 1.3097)
(2.3984, -0.9352, 1.2508)
(2.3908, -0.9305, 0.8151)
(2.5514, -1.354, 0.7618)
(2.3746, -1.3892, 0.3567)
(2.4308, -1.8325, 0.32)
(2.1694, -1.8861, -0.0587)
(2.2374, -2.3184, -0.1106)
(2.0008, -2.3624, -0.5029)
(2.1624, -2.7451, -0.623)
(1.9207, -2.8052, -1.0039)
(2.18, -3.1469, -1.1675)
(2.0018, -3.381, -1.3863)
(2.3326, -3.603, -1.5485)
(2.4317, -3.7836, -1.6579)
(2.6386, -4.0337, -1.823)
(2.6814, -4.2071, -1.9455)
(2.2906, 0.3784, 1.8076)
(2.4141, 0.4032, 1.4069)
(2.3375, -0.0403, 1.3672)
(2.3385, -0.0474, 0.9227)
(2.2827, -0.4927, 0.8751)
(2.2365, -0.5109, 0.4479)
(2.2877, -0.9518, 0.4016)
(2.1346, -0.9951, -0.0039)
(2.1402, -1.4394, -0.0311)
(1.9749, -1.4814, -0.433)
(1.9511, -1.9286, -0.4514)
(1.7982, -1.956, -0.8527)
(1.7961, -2.3883, -0.8893)
(1.6271, -2.3569, -1.224)
(1.6881, -2.8013, -1.3149)
(2.3677, 0.8218, 1.3857)
(2.5224, 0.8191, 0.9733)
(2.4714, 0.3857, 0.9579)
(2.4936, 0.3566, 0.5021)
(2.3257, -0.0703, 0.4776)
(2.3223, -0.1102, 0.0284)
(2.1908, -0.5501, 0.0156)
(2.1735, -0.5923, -0.4218)
(2.0528, -1.0355, -0.4247)
(2.0299, -1.0702, -0.8453)
(1.8979, -1.5136, -0.8447)
(1.8395, -1.5305, -1.2468)
(1.6967, -1.9516, -1.2314)
(1.5822, -1.8837, -1.5583)
(1.4756, -2.2647, -1.5122)
(2.4244, 1.2341, 0.9368)
(2.5967, 1.2304, 0.5285)
(2.6072, 0.7895, 0.5225)
(2.6254, 0.7575, 0.0644)
(2.4907, 0.3202, 0.0451)
(2.4745, 0.2786, -0.408)
(2.3232, -0.1567, -0.4179)
(2.3113, -0.1969, -0.8524)
(2.1707, -0.6322, -0.8491)
(2.1394, -0.6574, -1.2632)
(1.9923, -1.0929, -1.2532)
(1.8921, -1.09, -1.6406)
(1.7295, -1.5001, -1.6078)
(1.5611, -1.4023, -1.9101)
(1.4095, -1.7596, -1.8354)
(2.467, 1.6423, 0.488)
(2.6197, 1.6584, 0.0951)
(2.6712, 1.2088, 0.083)
(2.6447, 1.1833, -0.369)
(2.5868, 0.7256, -0.3914)
(2.4978, 0.699, -0.8355)
(2.4245, 0.246, -0.8504)
(2.3422, 0.2259, -1.2759)
(2.2617, -0.22, -1.2732)
(2.1804, -0.2281, -1.6828)
(2.0525, -0.6628, -1.6639)
(1.9014, -0.6404, -2.0306)
(1.7327, -1.0403, -1.9868)
(1.5313, -0.9204, -2.2673)
(1.3624, -1.2576, -2.1733)
(2.459, 2.0444, 0.0471)
(2.5549, 2.0923, -0.3215)
(2.6383, 1.645, -0.3425)
(2.5381, 1.6191, -0.7774)
(2.5336, 1.1581, -0.8084)
(2.365, 1.1349, -1.2308)
(2.3668, 0.6793, -1.2601)
(2.2199, 0.6557, -1.6456)
(2.2468, 0.213, -1.6822)
(2.0952, 0.1858, -2.0085)
(2.0515, -0.2202, -2.0535)
(1.8011, -0.1766, -2.2987)
(1.6751, -0.5542, -2.311)
(1.4453, -0.407, -2.5584)
(1.3323, -0.7603, -2.5351)
(2.3692, 2.4682, -0.3534)
(2.4031, 2.522, -0.715)
(2.5004, 2.0774, -0.7454)
(2.3262, 2.0378, -1.1603)
(2.3525, 1.5876, -1.1945)
(2.1471, 1.552, -1.6111)
(2.1747, 1.1046, -1.622)
(1.9394, 1.0375, -1.9137)
(1.9999, 0.5954, -1.908)
(1.7511, 0.4944, -2.0671)
(1.8278, 0.149, -2.1785)
(1.5791, 0.2136, -2.4019)
(1.5203, -0.057, -2.5096)
(1.3691, 0.1196, -2.8329)
(1.2743, -0.2343, -2.8432)
(2.2249, 2.9057, -0.7192)
(2.2411, 2.8693, -1.1028)
(2.2841, 2.4804, -1.1254)
(2.1898, 2.3896, -1.5305)
(2.1271, 1.9852, -1.5761)
(2.0244, 1.8868, -1.9859)
(1.9439, 1.4864, -1.9898)
(1.8357, 1.3523, -2.2792)
(1.741, 0.9239, -2.1402)
(1.668, 0.7854, -2.4199)
(1.6093, 0.4499, -2.335)
(1.61, 0.5809, -2.8194)
(1.5077, 0.4051, -2.8403)
(1.5277, 0.6005, -3.3358)
(1.3322, 0.31, -3.2619)
(2.0717, 3.109, -1.148)
(2.2586, 3.0161, -1.5317)
(2.3135, 2.7387, -1.4999)
(2.4651, 2.598, -1.8962)
(2.2512, 2.2391, -1.9235)
(2.3763, 2.0532, -2.301)
(2.0704, 1.7091, -2.3252)
(2.1495, 1.514, -2.641)
(1.8418, 1.1675, -2.56)
(1.8547, 1.0261, -2.9253)
(1.6779, 0.748, -2.838)
(1.7807, 0.8515, -3.3556)
(1.6905, 0.7923, -3.3687)
(1.7295, 0.8299, -3.7982)
(1.5174, 0.7127, -3.7602)
(2.0154, 3.3138, -1.5889)
(2.2439, 3.3372, -1.9789)
(2.4496, 2.9677, -1.93)
(2.5304, 2.8806, -2.3586)
(2.5558, 2.4543, -2.3122)
(2.5555, 2.3081, -2.6955)
(2.4496, 1.8859, -2.6761)
(2.4164, 1.7526, -3.0243)
(2.1736, 1.3701, -3.004)
(2.1564, 1.2954, -3.3572)
(1.8964, 0.9864, -3.3484)
(2.0353, 0.8987, -3.7215)
(1.9115, 0.7961, -3.7849)
(1.9418, 0.6479, -4.1088)
(1.7169, 0.6522, -4.1383)
(2.0017, 3.7165, -2.0136)
(2.1233, 3.6854, -2.4237)
(2.3595, 3.2939, -2.4024)
(2.3071, 3.1572, -2.7618)
(2.4821, 2.7434, -2.7371)
(2.2943, 2.5787, -2.9576)
(2.4017, 2.1648, -2.9694)
(2.3124, 2.0891, -3.2287)
(2.3349, 1.6804, -3.3296)
(2.3827, 1.6168, -3.5509)
(2.2274, 1.2194, -3.6304)
(2.3, 1.2031, -3.9193)
(2.1248, 0.8603, -4.038)
(2.0471, 1.0371, -4.3326)
(1.8443, 0.753, -4.3755)
(1.8492, 4.0447, -2.4492)
(1.8214, 3.9159, -2.7217)
(2.0604, 3.5432, -2.7483)
(1.9151, 3.3153, -2.8771)
(2.1317, 2.9553, -2.9422)
(2.1362, 2.8327, -3.0802)
(2.2549, 2.4795, -3.1517)
(2.4581, 2.4191, -3.3568)
(2.4561, 2.0399, -3.4628)
(2.5046, 1.9732, -3.6591)
(2.4112, 1.5886, -3.7795)
(2.3556, 1.6246, -4.1295)
(2.2326, 1.3278, -4.2777)
(2.197, 1.4365, -4.6186)
(1.9571, 1.2429, -4.6504)
(1.5657, 4.1844, -2.6544)
(1.4938, 3.9979, -2.6955)
(1.7234, 3.6765, -2.7858)
(1.7943, 3.4932, -2.808)
(1.9788, 3.1652, -2.9578)
(2.2788, 3.1229, -3.0971)
(2.3726, 2.7795, -3.2413)
(2.4666, 2.649, -3.3586)
(2.5185, 2.3017, -3.5171)
(2.4476, 2.1877, -3.7868)
(2.4526, 1.9106, -3.965)
(2.5598, 1.7824, -4.3123)
(2.4145, 1.584, -4.4745)
(2.5276, 1.5032, -4.7359)
(2.2479, 1.452, -4.8969)
(1.7713, -3.8025, 2.3663)
(1.9052, -4.0436, 2.0261)
(1.6644, -3.9886, 2.1406)
(2.1945, -4.3744, 1.5457)
(1.834, -4.2578, 1.7421)
(2.4676, -4.6671, 0.9696)
(2.1379, -4.5769, 1.2068)
(2.6772, -4.9131, 0.3418)
(2.3834, -4.8356, 0.6082)
(2.8347, -5.1526, -0.3105)
(2.5704, -5.0763, -0.0203)
(2.9557, -5.4084, -0.9884)
(2.6815, -5.3164, -0.6811)
(3.1571, -5.6758, -1.627)
(2.8251, -5.5847, -1.3883)
(3.039, -5.8865, -2.006)
(-1.6985, 2.3774, 0.8528)
(-1.9862, 4.2476, -1.7459)
(-1.0613, -0.8042, 4.6272)
(-1.5845, 2.9829, -0.9181)
(-1.3782, -0.2378, 4.8895)
(-1.6529, 0.3902, 5.0526)
(-1.705, 2.1511, 1.4165)
(-1.9307, 1.0294, 5.1397)
(-2.2046, 1.6639, 5.2246)
(-2.3375, 2.3372, 5.0897)
(-2.4992, 2.9749, 5.2812)
(-2.0388, 3.7748, -1.3679)
(-2.6912, 3.6049, 5.6049)
(-1.6243, 2.824, -0.3053)
(-1.6896, 2.6091, 0.2838)
(-1.772, 2.5933, 2.9372)
(-1.6792, 1.9383, 1.9855)
(-1.647, 1.952, 2.6653)
(-1.754, 2.5029, 3.6417)
(-2.1596, 3.035, 3.948)
(-1.8567, 4.6472, -2.1949)
(-1.5656, 3.7391, -1.7932)
(-1.6509, 3.2179, -1.5936)
(-2.9827, 3.8828, 5.2794)
(-2.8316, 3.6027, 5.4085)
(-2.7739, 3.7631, 5.5802)
(-2.9384, 4.0178, 5.4663)
(-2.1466, 3.1669, 3.8738)
(-2.0837, 3.1263, 3.8903)
(-2.1683, 3.437, 3.9037)
(-2.228, 3.4117, 3.8563)
(-2.1628, 3.4671, 3.7802)
(-2.2841, 3.8459, 3.8037)
(-2.2679, 3.7721, 3.9206)
(-2.5122, 3.7951, 3.6309)
(-2.6722, 4.1012, 3.7613)
(-2.4209, 4.1944, 3.8693)
(-2.7968, 3.8783, 3.8655)
(-2.9451, 4.0684, 4.1619)
(-2.8626, 4.3063, 3.9844)
(-2.9151, 3.793, 4.3999)
(-3.0325, 3.9898, 4.7386)
(-3.0833, 4.244, 4.4804)
(-2.9787, 3.6967, 4.9717)
(-3.0625, 4.1641, 5.0735)
(-1.5852, -1.0823, 3.7666)
(-1.3576, -1.2586, 3.9324)
(-1.3283, -1.0374, 4.2465)
(-1.5802, -0.8333, 4.1248)
(-1.8261, -0.5413, 3.9589)
(-1.5531, -0.5522, 4.4485)
(-1.8227, -0.2405, 4.3127)
(-2.0144, 0.1205, 4.104)
(-1.8008, 0.0755, 4.6214)
(-2.0154, 0.427, 4.4328)
(-2.1441, 0.8054, 4.1894)
(-2.0222, 0.7384, 4.7258)
(-2.1954, 1.1033, 4.5097)
(-2.2881, 1.491, 4.2506)
(-2.2657, 1.3995, 4.8023)
(-2.4105, 1.7846, 4.5725)
(-2.4845, 2.1886, 4.3263)
(-2.4835, 2.0944, 4.8564)
(-2.6212, 2.4895, 4.6509)
(-2.6879, 2.8552, 4.4478)
(-2.6703, 2.7746, 4.9478)
(-2.8168, 3.1228, 4.7917)
(-2.8807, 3.4668, 4.6094)
(-2.8599, 3.3777, 5.132)
(-1.7329, -1.1136, 3.1915)
(-1.511, -1.3822, 3.3752)
(-1.7967, -0.8244, 3.585)
(-1.9885, -0.464, 3.396)
(-1.9964, -0.1752, 3.756)
(-2.1258, 0.2103, 3.548)
(-2.1079, 0.5077, 3.8647)
(-2.2079, 0.8894, 3.6532)
(-2.1976, 1.1976, 3.9361)
(-2.2835, 1.5794, 3.734)
(-2.3191, 1.8894, 4.0096)
(-2.3858, 2.2695, 3.8431)
(-2.4909, 2.5769, 4.1307)
(-2.5241, 2.9428, 3.9889)
(-2.6795, 3.2172, 4.2799)
(-2.7339, 3.5677, 4.092)
(-1.351, -1.9748, 1.9766)
(-1.1667, -2.1194, 2.3337)
(-1.4187, -1.8315, 2.3662)
(-1.7014, -1.5238, 2.3365)
(-1.4327, -1.6931, 2.8072)
(-1.6984, -1.3564, 2.7625)
(-2.0114, -0.9888, 2.647)
(-1.9934, -0.7372, 3.025)
(-2.2778, -0.371, 2.8897)
(-2.1996, -0.0824, 3.2241)
(-2.4781, 0.2584, 3.1096)
(-2.3335, 0.5693, 3.3974)
(-2.6019, 0.9091, 3.2808)
(-2.4192, 1.2449, 3.5143)
(-2.6595, 1.5912, 3.387)
(-2.4855, 1.9341, 3.6103)
(-2.7048, 2.2782, 3.4798)
(-2.5716, 2.6186, 3.7281)
(-2.73, 2.9504, 3.5826)
(-2.6748, 3.2871, 3.8293)
(-2.7155, 3.594, 3.6474)
(-1.6143, -1.7822, 1.4916)
(-1.6738, -1.6663, 1.9214)
(-2.0253, -1.3568, 1.8412)
(-2.0386, -1.2019, 2.2571)
(-2.3989, -0.8877, 2.1796)
(-2.3559, -0.6556, 2.5542)
(-2.657, -0.3462, 2.4847)
(-2.5941, -0.0537, 2.8061)
(-2.7808, 0.2673, 2.7181)
(-2.7406, 0.5856, 3.0)
(-2.8019, 0.9302, 2.866)
(-2.7811, 1.2605, 3.1165)
(-2.7628, 1.614, 2.9504)
(-2.7832, 1.9477, 3.1986)
(-2.7105, 2.2959, 3.03)
(-2.7561, 2.6186, 3.2974)
(-2.5602, 2.8812, 3.2317)
(-2.6349, 3.2308, 3.4574)
(-2.3653, 3.4053, 3.5375)
(-1.8853, -1.58, 0.9728)
(-1.9637, -1.4743, 1.4092)
(-2.3108, -1.1665, 1.3266)
(-2.3764, -1.0473, 1.76)
(-2.6889, -0.7186, 1.6786)
(-2.6851, -0.5658, 2.1002)
(-2.7616, -0.2026, 2.0044)
(-2.7269, -0.0078, 2.3941)
(-2.5929, 0.3631, 2.31)
(-2.6889, 0.6113, 2.6335)
(-2.4429, 0.9631, 2.5853)
(-2.6135, 1.2692, 2.7924)
(-2.3147, 1.6073, 2.7498)
(-2.5429, 1.9507, 2.8691)
(-2.2346, 2.2644, 2.8818)
(-2.4474, 2.5733, 3.0329)
(-2.1508, 2.7014, 3.2629)
(-2.2669, 3.0041, 3.4343)
(-2.0723, 3.0682, 3.737)
(-2.1465, -1.3773, 0.4525)
(-2.2305, -1.2709, 0.8909)
(-2.5682, -0.9498, 0.8094)
(-2.6407, -0.8407, 1.246)
(-2.8997, -0.4668, 1.1663)
(-2.8729, -0.3411, 1.5937)
(-2.8678, 0.0795, 1.5011)
(-2.6829, 0.2039, 1.9114)
(-2.5474, 0.6152, 1.8162)
(-2.4197, 0.7529, 2.2318)
(-2.2125, 1.1347, 2.1292)
(-2.1794, 1.3253, 2.5114)
(-1.8968, 1.669, 2.4313)
(-1.9917, 1.9434, 2.7292)
(-1.7173, 2.26, 2.7988)
(-1.9712, 2.5014, 3.017)
(-1.7764, 2.5547, 3.2971)
(-1.959, 2.725, 3.5757)
(-1.978, 2.7739, 3.7878)
(-2.3676, -1.1499, -0.0723)
(-2.4756, -1.0513, 0.3694)
(-2.7761, -0.7023, 0.2849)
(-2.8621, -0.5939, 0.7274)
(-3.0206, -0.1814, 0.6433)
(-2.9922, -0.0468, 1.0786)
(-2.8823, 0.3743, 0.976)
(-2.7209, 0.4946, 1.3967)
(-2.5104, 0.8782, 1.2829)
(-2.3485, 0.9985, 1.7068)
(-2.1382, 1.3593, 1.592)
(-1.9909, 1.4862, 2.0158)
(-1.8214, 1.7813, 1.8695)
(-1.6725, 1.9396, 2.3141)
(-2.5112, -0.8742, -0.6002)
(-2.6493, -0.7931, -0.1588)
(-2.8747, -0.4083, -0.2449)
(-2.9723, -0.3066, 0.2003)
(-3.0169, 0.1293, 0.1164)
(-2.9842, 0.2535, 0.5516)
(-2.8216, 0.6624, 0.4466)
(-2.6694, 0.7652, 0.8625)
(-2.4701, 1.1365, 0.7477)
(-2.3026, 1.2415, 1.1675)
(-2.1289, 1.5983, 1.0527)
(-1.9644, 1.6917, 1.4634)
(-1.8338, 1.9877, 1.3081)
(-1.6993, 2.0384, 1.6925)
(-2.6157, -0.5801, -1.1291)
(-2.7538, -0.499, -0.6888)
(-2.9391, -0.0948, -0.772)
(-3.0056, 0.0107, -0.327)
(-3.0317, 0.451, -0.4063)
(-2.9519, 0.5627, 0.027)
(-2.8352, 0.9733, -0.0707)
(-2.6485, 1.0494, 0.336)
(-2.5148, 1.4352, 0.2335)
(-2.3141, 1.5074, 0.6383)
(-2.1816, 1.8769, 0.5312)
(-1.9897, 1.9366, 0.9249)
(-1.8572, 2.2337, 0.7621)
(-1.7089, 2.2592, 1.1282)
(-2.6864, -0.2698, -1.654)
(-2.8276, -0.1889, -1.2153)
(-2.9807, 0.2298, -1.2941)
(-3.0414, 0.3364, -0.8491)
(-3.0593, 0.7818, -0.9223)
(-2.9843, 0.8879, -0.4872)
(-2.9063, 1.3115, -0.5684)
(-2.7243, 1.3764, -0.1628)
(-2.6277, 1.7799, -0.25)
(-2.4036, 1.8232, 0.1383)
(-2.2612, 2.1914, 0.0265)
(-2.0408, 2.2148, 0.3987)
(-1.8709, 2.4922, 0.214)
(-1.7029, 2.4901, 0.5629)
(-2.7272, 0.0528, -2.1742)
(-2.8722, 0.1337, -1.7372)
(-3.0022, 0.5598, -1.8127)
(-3.0613, 0.6685, -1.3666)
(-3.0705, 1.1167, -1.4357)
(-3.0211, 1.2246, -0.9949)
(-2.9461, 1.6567, -1.0693)
(-2.8153, 1.7282, -0.65)
(-2.676, 2.1277, -0.7445)
(-2.4908, 2.1661, -0.3528)
(-2.2448, 2.4769, -0.4902)
(-2.0578, 2.4979, -0.1331)
(-1.8112, 2.7153, -0.3497)
(-1.6665, 2.716, -0.0166)
(-2.7485, 0.3797, -2.692)
(-2.8973, 0.4613, -2.2562)
(-3.018, 0.8873, -2.3309)
(-3.0684, 1.0008, -1.8824)
(-3.0798, 1.4444, -1.9494)
(-3.0247, 1.5606, -1.5049)
(-2.9233, 1.9668, -1.5819)
(-2.8113, 2.0654, -1.1539)
(-2.5555, 2.3668, -1.2639)
(-2.4085, 2.4424, -0.8666)
(-2.0366, 2.5915, -1.0104)
(-1.9057, 2.657, -0.6715)
(-1.682, 2.837, -0.9232)
(-1.6127, 2.9168, -0.6211)
(-2.7608, 0.7008, -3.2119)
(-2.9164, 0.7842, -2.7764)
(-3.0239, 1.2016, -2.8499)
(-3.09, 1.3209, -2.399)
(-3.0846, 1.7394, -2.4518)
(-3.0424, 1.8553, -2.0172)
(-2.8659, 2.1812, -2.0874)
(-2.7011, 2.2486, -1.68)
(-2.3826, 2.4136, -1.7715)
(-2.2066, 2.4919, -1.384)
(-1.9408, 2.6557, -1.4982)
(-1.7913, 2.7407, -1.1947)
(-1.7153, 3.0758, -1.4846)
(-1.6372, 3.14, -1.2996)
(-2.7329, 1.0161, -3.7232)
(-2.9079, 1.0958, -3.2954)
(-2.8899, 1.4842, -3.3257)
(-3.0068, 1.6104, -2.893)
(-2.8072, 1.9302, -2.857)
(-2.9167, 2.098, -2.4729)
(-2.6499, 2.3925, -2.4507)
(-2.5971, 2.4656, -2.1347)
(-2.3244, 2.6973, -2.1445)
(-2.107, 2.6279, -1.8337)
(-1.9743, 3.0067, -1.8719)
(-1.8071, 3.0462, -1.6501)
(-1.7547, 3.5035, -1.7446)
(-1.6232, 3.5478, -1.7482)
(-2.5589, 1.3337, -4.1651)
(-2.7385, 1.393, -3.7454)
(-2.4936, 1.6745, -3.6563)
(-2.6499, 1.7666, -3.2475)
(-2.3311, 1.9288, -3.0883)
(-2.5023, 2.1219, -2.7367)
(-2.2448, 2.3515, -2.664)
(-2.3724, 2.6129, -2.4095)
(-2.1886, 2.9034, -2.3988)
(-2.1671, 2.9803, -2.1246)
(-2.1868, 3.3765, -2.0196)
(-2.0204, 3.4205, -1.7939)
(-2.0854, 3.7196, -1.6312)
(-1.8025, 3.7973, -1.6027)
(-2.2591, 1.6508, -4.5077)
(-2.3554, 1.6314, -4.0773)
(-2.0267, 1.8609, -3.9246)
(-2.1549, 1.8607, -3.5042)
(-2.0128, 2.1395, -3.409)
(-2.145, 2.1905, -3.0073)
(-2.1155, 2.6363, -3.0437)
(-2.1084, 2.7594, -2.6953)
(-2.0782, 3.2377, -2.7198)
(-2.1261, 3.3291, -2.3681)
(-2.125, 3.7512, -2.3111)
(-2.1859, 3.7512, -1.9155)
(-2.0867, 4.1049, -1.9209)
(-2.0168, 4.0081, -1.5664)
(-2.0052, 2.0588, -4.7916)
(-1.9931, 1.9437, -4.3645)
(-1.79, 2.2544, -4.1994)
(-1.8601, 2.1689, -3.7982)
(-1.9699, 2.5358, -3.7549)
(-2.1122, 2.5495, -3.4133)
(-2.269, 2.9802, -3.4345)
(-2.1868, 3.1142, -3.0772)
(-2.2699, 3.5553, -3.0795)
(-2.1344, 3.6832, -2.7094)
(-2.1661, 4.0985, -2.6936)
(-2.1158, 4.1464, -2.3029)
(-1.9979, 4.4861, -2.3344)
(-1.9266, 4.4448, -1.9794)
(-1.8357, 2.4178, -5.0009)
(-1.7921, 2.3321, -4.6079)
(-1.6759, 2.6161, -4.4079)
(-1.7809, 2.5725, -4.0626)
(-1.9718, 2.8561, -4.0321)
(-2.1897, 2.8781, -3.7685)
(-2.3378, 3.2354, -3.7724)
(-2.3548, 3.3954, -3.4273)
(-2.3511, 3.8056, -3.4107)
(-2.2629, 3.9686, -3.0642)
(-2.1625, 4.343, -3.031)
(-2.073, 4.4515, -2.6772)
(-1.944, 4.7229, -2.6726)
(-1.8615, 4.7517, -2.3604)
(-1.1567, -1.178, 4.3242)
(-1.081, -0.9615, 4.5442)
(-1.2724, -0.7975, 4.507)
(-1.2309, -0.5182, 4.754)
(-1.5347, -0.2405, 4.7246)
(-1.5257, 0.0821, 4.965)
(-1.79, 0.3993, 4.8729)
(-1.8019, 0.7175, 5.0894)
(-2.0503, 1.0484, 4.9666)
(-2.0801, 1.3537, 5.1776)
(-2.3047, 1.7049, 5.033)
(-2.2716, 2.0089, 5.1737)
(-2.4696, 2.396, 5.0505)
(-2.413, 2.6685, 5.2195)
(-2.6535, 3.0373, 5.2001)
(-2.603, 3.2942, 5.4535)
(-2.4648, 3.6046, 5.6371)
(-2.3104, 3.9331, 5.7336)
(-2.501, 4.0067, 5.8095)
(-2.6498, 3.7506, 5.7128)
(-2.1145, 3.1116, 3.9464)
(-2.2141, 3.1912, 3.9498)
(-2.3047, 3.488, 3.9303)
(-2.1937, 3.4559, 3.9801)
(-1.9933, 3.4404, 4.0456)
(-2.1801, 3.9054, 3.9971)
(-1.959, 3.8938, 4.1398)
(-1.7381, 3.8357, 4.342)
(-1.8453, 4.3218, 4.2599)
(-1.6786, 4.2336, 4.5522)
(-1.5419, 4.0918, 4.8466)
(-1.6451, 4.5503, 4.773)
(-1.5984, 4.3765, 5.1084)
(-1.627, 4.1136, 5.3621)
(-1.783, 4.5452, 5.3542)
(-1.8745, 4.2459, 5.5693)
(-2.0344, 3.8466, 5.6402)
(-2.1528, 4.2994, 5.7137)
(-0.1588, -0.967, 4.4961)
(-0.0168, -0.6911, 4.475)
(-0.4055, -0.5501, 4.6699)
(-0.5217, -0.842, 4.6276)
(-0.298, -0.1748, 4.6837)
(-0.6977, 0.0046, 4.8894)
(-0.7962, -0.3837, 4.8198)
(-0.5951, 0.4297, 4.8809)
(-0.9837, 0.623, 5.0467)
(-1.0906, 0.209, 5.018)
(-0.879, 1.0552, 5.0109)
(-1.2662, 1.2467, 5.1542)
(-1.3719, 0.8363, 5.1259)
(-1.1512, 1.6713, 5.148)
(-1.5475, 1.8513, 5.2911)
(-1.6612, 1.4417, 5.2466)
(-1.4034, 2.3201, 5.2677)
(-1.7663, 2.5179, 5.3411)
(-1.9155, 2.0602, 5.2981)
(-1.6132, 3.0238, 5.366)
(-1.9152, 3.2084, 5.4739)
(-2.0813, 2.7248, 5.3422)
(-1.7521, 3.7122, 5.4961)
(-2.2055, 3.3923, 5.5528)
(0.3858, -0.9006, 4.2263)
(0.4427, -0.5331, 4.129)
(0.0773, -0.3446, 4.4232)
(0.0974, 0.0762, 4.3374)
(-0.2323, 0.2491, 4.6374)
(-0.2286, 0.6762, 4.5029)
(-0.5334, 0.8635, 4.784)
(-0.5325, 1.2829, 4.6119)
(-0.8082, 1.4834, 4.91)
(-0.7544, 1.8953, 4.7688)
(-1.0412, 2.1083, 5.0707)
(-1.0102, 2.537, 4.9091)
(-1.3121, 2.7925, 5.1721)
(-1.312, 3.2055, 4.983)
(-1.5201, 3.4927, 5.2695)
(-1.4767, 3.8556, 5.0816)
(1.5644, -1.0843, 3.1814)
(1.2444, -1.0622, 3.4726)
(1.3808, -1.4055, 3.3916)
(1.111, -0.6774, 3.458)
(0.7959, -0.6529, 3.7937)
(0.9081, -1.0648, 3.8158)
(0.6971, -0.1831, 3.676)
(0.4078, -0.0729, 4.011)
(0.2888, 0.3526, 3.8486)
(0.0342, 0.4958, 4.1852)
(-0.1154, 0.87, 3.9717)
(-0.2993, 1.0763, 4.2958)
(-0.4203, 1.4366, 4.0569)
(-0.5723, 1.6723, 4.4058)
(-0.6218, 2.0153, 4.1999)
(-0.7604, 2.2813, 4.5815)
(-0.9144, 2.5875, 4.3381)
(-1.1065, 2.9002, 4.6687)
(-1.2583, 3.1329, 4.4285)
(-1.3724, 3.4972, 4.758)
(-1.5221, 3.6973, 4.5515)
(1.7781, -0.6395, 2.8738)
(1.4309, -0.6766, 3.1558)
(1.245, -0.2772, 3.0233)
(0.9572, -0.2551, 3.3355)
(0.7825, 0.1661, 3.1631)
(0.5486, 0.2562, 3.5111)
(0.3146, 0.611, 3.3074)
(0.0712, 0.7054, 3.6414)
(-0.2218, 0.9831, 3.4134)
(-0.329, 1.187, 3.7373)
(-0.4823, 1.4908, 3.4871)
(-0.514, 1.7556, 3.822)
(-0.6945, 1.983, 3.6241)
(-0.7869, 2.2543, 3.9947)
(-1.0828, 2.4182, 3.7814)
(-1.1559, 2.7727, 4.1036)
(-1.41, 2.9198, 3.9487)
(-1.4601, 3.2893, 4.2504)
(-1.7258, 3.4081, 4.1291)
(1.9354, -0.1713, 2.503)
(1.5865, -0.2432, 2.7573)
(1.3373, 0.0887, 2.5533)
(1.0261, 0.0873, 2.8265)
(0.8091, 0.4401, 2.6169)
(0.5712, 0.5376, 2.9672)
(0.2846, 0.8202, 2.7392)
(0.0058, 0.8742, 3.0749)
(-0.3271, 1.0835, 2.8319)
(-0.4855, 1.2352, 3.1683)
(-0.6684, 1.5287, 2.9133)
(-0.6423, 1.7732, 3.2538)
(-0.9825, 1.944, 3.0814)
(-1.0443, 2.1328, 3.4518)
(-1.3881, 2.3347, 3.2728)
(-1.3832, 2.614, 3.6071)
(-1.6443, 2.753, 3.586)
(-1.6881, 3.0329, 3.9112)
(-1.9398, 3.0565, 3.9287)
(2.037, 0.2963, 2.1112)
(1.6926, 0.1808, 2.3371)
(1.413, 0.4641, 2.0963)
(1.0786, 0.3813, 2.305)
(0.8212, 0.6878, 2.0723)
(0.5571, 0.7592, 2.3992)
(0.2409, 0.9996, 2.159)
(-0.0512, 1.0333, 2.4939)
(-0.3951, 1.2098, 2.2437)
(-0.614, 1.3051, 2.5808)
(-0.8544, 1.5772, 2.341)
(-0.9129, 1.789, 2.6962)
(-1.2908, 1.9124, 2.5281)
(-1.3908, 2.0679, 2.9319)
(-1.7017, 2.2853, 2.8037)
(-1.6373, 2.5449, 3.183)
(-1.7496, 2.5415, 3.2818)
(-1.8085, 2.7358, 3.6893)
(-1.9356, 2.764, 3.8019)
(2.1132, 0.7628, 1.7126)
(1.7745, 0.6323, 1.9365)
(1.4826, 0.9224, 1.7119)
(1.129, 0.7368, 1.8444)
(0.8279, 1.0087, 1.6073)
(0.521, 0.953, 1.8373)
(0.1913, 1.1758, 1.5951)
(-0.105, 1.1853, 1.9092)
(-0.4382, 1.3688, 1.6655)
(-0.7048, 1.4105, 1.9995)
(-0.9895, 1.6504, 1.7806)
(-1.1439, 1.7948, 2.1367)
(-1.448, 1.9113, 1.932)
(-1.6538, 1.9507, 2.3368)
(2.1634, 1.1962, 1.2803)
(1.8368, 1.0966, 1.5438)
(1.531, 1.3965, 1.3408)
(1.1753, 1.2011, 1.4828)
(0.8621, 1.4771, 1.255)
(0.5138, 1.2697, 1.3733)
(0.2062, 1.5342, 1.15)
(-0.1267, 1.4043, 1.3624)
(-0.4263, 1.6411, 1.1438)
(-0.7402, 1.5891, 1.4405)
(-1.0246, 1.829, 1.2322)
(-1.2694, 1.858, 1.5716)
(-1.5037, 2.0521, 1.3578)
(-1.685, 2.0509, 1.7095)
(2.1998, 1.5977, 0.8222)
(1.8773, 1.5247, 1.1125)
(1.5637, 1.8077, 0.9007)
(1.2152, 1.6762, 1.1197)
(0.897, 1.9442, 0.8917)
(0.5513, 1.7522, 1.0341)
(0.25, 2.0203, 0.8171)
(-0.0897, 1.7967, 0.939)
(-0.3724, 2.0642, 0.7396)
(-0.7095, 1.896, 0.9436)
(-0.9857, 2.1501, 0.7446)
(-1.2809, 2.0628, 1.0258)
(-1.4905, 2.2955, 0.8141)
(-1.6947, 2.2693, 1.1411)
(2.2177, 1.9584, 0.3448)
(1.8995, 1.888, 0.6288)
(1.5655, 2.0988, 0.3783)
(1.2377, 2.0514, 0.6587)
(0.9082, 2.268, 0.4014)
(0.5839, 2.1989, 0.656)
(0.282, 2.4479, 0.4219)
(-0.0395, 2.2858, 0.6032)
(-0.3268, 2.5474, 0.3854)
(-0.6537, 2.3276, 0.5388)
(-0.9396, 2.5793, 0.3279)
(-1.2398, 2.3962, 0.5404)
(-1.4595, 2.6012, 0.3008)
(-1.6852, 2.4965, 0.5736)
(2.1717, 2.2925, -0.1168)
(1.8827, 2.1448, 0.0989)
(1.5224, 2.2902, -0.1631)
(1.2181, 2.2588, 0.1046)
(0.8737, 2.4247, -0.1724)
(0.5843, 2.4758, 0.1418)
(0.27, 2.6628, -0.0973)
(-0.0124, 2.6922, 0.1904)
(-0.3217, 2.8583, -0.06)
(-0.6266, 2.7829, 0.1455)
(-0.9252, 2.9105, -0.1212)
(-1.208, 2.7783, 0.0839)
(-1.42, 2.8538, -0.2289)
(-1.6474, 2.7171, -0.0049)
(2.0629, 2.7541, -0.4441)
(1.8071, 2.4852, -0.3131)
(1.451, 2.6811, -0.537)
(1.1716, 2.4569, -0.4309)
(0.8171, 2.624, -0.6934)
(0.5308, 2.5684, -0.4312)
(0.1886, 2.6697, -0.6077)
(-0.0544, 2.742, -0.3126)
(-0.3637, 2.8033, -0.5494)
(-0.6294, 2.8856, -0.3477)
(-0.9114, 2.8824, -0.6552)
(-1.1774, 2.8845, -0.4455)
(-1.3915, 2.9146, -0.8096)
(-1.596, 2.8901, -0.6023)
(1.9213, 3.1594, -0.7862)
(1.7017, 2.9885, -0.5814)
(1.3377, 3.169, -0.7928)
(1.104, 2.8704, -0.792)
(0.709, 3.0963, -0.9659)
(0.4487, 2.8204, -0.8582)
(0.1002, 3.0525, -0.9065)
(-0.1215, 2.8439, -0.7307)
(-0.4004, 3.1401, -0.8762)
(-0.644, 2.9928, -0.7996)
(-0.9425, 3.2235, -1.0582)
(-1.1888, 3.0048, -0.9679)
(-1.4267, 3.1998, -1.312)
(-1.5982, 3.0608, -1.2121)
(1.7539, 3.3027, -1.2399)
(1.534, 3.3119, -0.9288)
(1.1775, 3.5373, -1.041)
(0.9375, 3.3692, -0.9601)
(0.55, 3.6313, -1.0492)
(0.298, 3.3443, -1.0343)
(-0.0359, 3.5979, -0.9608)
(-0.2142, 3.3269, -0.8907)
(-0.5018, 3.6281, -0.9741)
(-0.6823, 3.4415, -1.0854)
(-1.0234, 3.6458, -1.2528)
(-1.2289, 3.4215, -1.3214)
(-1.4844, 3.6047, -1.5121)
(-1.5933, 3.4092, -1.6387)
(1.774, 3.6861, -1.6211)
(1.4791, 3.6203, -1.2901)
(1.2387, 3.9456, -1.319)
(0.8942, 3.8493, -1.0867)
(0.6195, 4.0313, -1.1497)
(0.2514, 3.8761, -1.0507)
(-0.0386, 4.0092, -1.0451)
(-0.3221, 3.8441, -0.9111)
(-0.6696, 3.9769, -0.9913)
(-0.8608, 3.842, -1.0595)
(-1.2886, 3.9538, -1.1165)
(-1.4265, 3.7799, -1.2917)
(-1.781, 3.8879, -1.3464)
(-1.802, 3.7166, -1.5585)
(1.7183, 4.0562, -2.0646)
(1.5107, 4.0036, -1.671)
(1.1761, 4.1136, -1.7677)
(0.9411, 4.042, -1.4137)
(0.5828, 4.0055, -1.5246)
(0.2886, 4.0065, -1.2614)
(-0.0656, 3.996, -1.3686)
(-0.3891, 3.9992, -1.1804)
(-0.7337, 4.0187, -1.3413)
(-1.0475, 4.0092, -1.1686)
(-1.3335, 4.1759, -1.4289)
(-1.6093, 4.1026, -1.3209)
(-1.7874, 4.2833, -1.6235)
(-2.0082, 4.0143, -1.5475)
(1.5154, 4.2615, -2.4486)
(1.3545, 4.2418, -2.1354)
(0.9833, 4.2873, -2.1142)
(0.7934, 4.1459, -1.8291)
(0.4811, 4.3196, -1.7298)
(0.2435, 4.1332, -1.5102)
(-0.0514, 4.3454, -1.4114)
(-0.3828, 4.1523, -1.3744)
(-0.6283, 4.3473, -1.4625)
(-0.9877, 4.2158, -1.5143)
(-1.1833, 4.496, -1.7438)
(-1.5125, 4.4275, -1.7213)
(-1.662, 4.6297, -1.993)
(-1.9163, 4.45, -1.9614)
(1.2965, 4.2, -2.4721)
(1.1935, 4.2644, -2.296)
(0.9911, 4.3112, -2.0179)
(0.7274, 4.405, -1.9246)
(0.5125, 4.6474, -1.7285)
(0.2281, 4.5276, -1.5854)
(-0.0266, 4.5487, -1.5966)
(-0.307, 4.4227, -1.4627)
(-0.518, 4.5278, -1.668)
(-0.8401, 4.5624, -1.6802)
(-1.0852, 4.8442, -1.8135)
(-1.3958, 4.7573, -1.9087)
(-1.5864, 4.9867, -1.9836)
(-1.8106, 4.8297, -2.1457)
(-0.5953, -1.0282, 4.5813)
(-0.8639, -0.7047, 4.7014)
(-0.906, -0.9096, 4.6095)
(-1.1638, -0.1714, 4.9185)
(-1.2086, -0.5238, 4.7628)
(-1.448, 0.4452, 5.0765)
(-1.5055, 0.0704, 4.9772)
(-1.7289, 1.0738, 5.1666)
(-1.7818, 0.7021, 5.1029)
(-2.0024, 1.6855, 5.2593)
(-2.0552, 1.3396, 5.1867)
(-2.1968, 2.3344, 5.2066)
(-2.2704, 1.9922, 5.1406)
(-2.3349, 2.9875, 5.362)
(-2.4237, 2.6436, 5.1514)
(-2.5875, 3.2856, 5.4327)
(2.8784, -5.8794, -2.4391)
(2.6186, -4.6094, -2.1451)
(2.7272, -4.4541, -2.258)
(2.6307, -4.3645, -2.5796)
(2.5669, -4.5828, -2.6766)
(2.5955, -5.0267, -2.5958)
(2.5972, -5.5273, -2.5209)
(0.8798, -3.8427, 1.7569)
(1.1925, -4.0911, 1.3368)
(1.4938, -4.4377, 0.8242)
(1.74, -4.8078, 0.2959)
(1.9626, -5.1672, -0.2369)
(2.1528, -5.2137, -0.765)
(2.3268, -5.1818, -1.332)
(2.5142, -5.3745, -1.9691)
(0.384, -3.6174, 1.4981)
(0.7, -3.9589, 1.0107)
(0.9989, -4.3283, 0.4909)
(1.2701, -4.6781, -0.0382)
(1.5283, -5.0019, -0.578)
(1.8363, -5.0496, -1.069)
(2.1651, -4.899, -1.5234)
(2.4456, -4.9146, -2.0665)
(-0.8618, -2.4942, 1.8128)
(-0.4401, -2.9479, 1.5222)
(-0.0793, -3.4155, 1.1417)
(0.214, -3.8641, 0.6489)
(0.5199, -4.2303, 0.1347)
(0.8351, -4.5115, -0.4065)
(1.1588, -4.7459, -0.9575)
(1.5434, -4.886, -1.4832)
(2.0099, -4.8627, -1.8818)
(2.3736, -4.6929, -2.2503)
(-1.0691, -2.3062, 1.3897)
(-0.7028, -2.7496, 1.0313)
(-0.4572, -3.258, 0.6569)
(-0.2073, -3.7246, 0.2342)
(0.1589, -4.0223, -0.238)
(0.5691, -4.2065, -0.7307)
(1.0087, -4.3421, -1.216)
(1.434, -4.4575, -1.7186)
(1.9152, -4.6233, -2.0235)
(2.3549, -4.5536, -2.2288)
(-1.3314, -2.0936, 0.8727)
(-0.9677, -2.5431, 0.5048)
(-0.7374, -3.0617, 0.1436)
(-0.4206, -3.445, -0.207)
(0.1068, -3.6029, -0.518)
(0.6643, -3.7286, -0.824)
(1.1574, -3.8138, -1.2336)
(1.5843, -3.8991, -1.7113)
(2.0496, -4.1359, -1.8761)
(2.4507, -4.3759, -1.9505)
(-1.6016, -1.9019, 0.3532)
(-1.2196, -2.3445, -0.0143)
(-0.9094, -2.8236, -0.3843)
(-0.4901, -3.1683, -0.7074)
(0.1323, -3.2702, -0.8785)
(0.787, -3.3156, -0.987)
(1.3663, -3.337, -1.2186)
(1.8313, -3.5058, -1.5342)
(2.2762, -3.8447, -1.7287)
(2.5424, -4.2699, -1.8961)
(-1.8512, -1.7049, -0.169)
(-1.4422, -2.1368, -0.5375)
(-1.0465, -2.5699, -0.9164)
(-0.5577, -2.8966, -1.2343)
(0.0746, -2.9621, -1.3536)
(0.7428, -2.8844, -1.339)
(1.3681, -2.8279, -1.3276)
(-2.0225, -1.4443, -0.6875)
(-1.5804, -1.8506, -1.0424)
(-1.1279, -2.2371, -1.4056)
(-0.5823, -2.4886, -1.6729)
(0.0507, -2.4868, -1.7069)
(0.6849, -2.3699, -1.6168)
(1.2322, -2.2954, -1.5473)
(-2.1392, -1.149, -1.2071)
(-1.6654, -1.5241, -1.5411)
(-1.1517, -1.8425, -1.8603)
(-0.5708, -2.0333, -2.0731)
(0.0407, -2.0137, -2.0638)
(0.6406, -1.879, -1.9374)
(1.1668, -1.7897, -1.8575)
(-2.2363, -0.8541, -1.7306)
(-1.7353, -1.2023, -2.0417)
(-1.1566, -1.4391, -2.2983)
(-0.5468, -1.5866, -2.4793)
(0.0511, -1.5901, -2.4875)
(0.6251, -1.4341, -2.3307)
(1.1236, -1.2993, -2.2058)
(-2.2937, -0.5385, -2.2475)
(-1.7598, -0.848, -2.5225)
(-1.1312, -1.0026, -2.7046)
(-0.5124, -1.124, -2.8706)
(0.0779, -1.1647, -2.9204)
(0.6302, -0.993, -2.7471)
(1.0963, -0.809, -2.579)
(-2.3172, -0.2087, -2.7579)
(-1.7622, -0.4934, -3.0041)
(-1.1125, -0.5768, -3.1216)
(-0.4882, -0.6575, -3.2632)
(0.1131, -0.7256, -3.3449)
(0.6442, -0.5328, -3.1519)
(1.0576, -0.2871, -2.9237)
(-2.3162, 0.129, -3.2626)
(-1.7397, -0.1248, -3.4725)
(-1.092, -0.1231, -3.4975)
(-0.4665, -0.1395, -3.5113)
(0.1597, -0.231, -3.5376)
(0.708, -0.0565, -3.4592)
(1.1141, 0.1951, -3.3242)
(-2.2942, 0.4722, -3.7608)
(-1.6875, 0.2566, -3.9304)
(-1.0297, 0.2785, -3.9014)
(-0.3886, 0.302, -3.8089)
(0.2537, 0.2376, -3.7715)
(0.8373, 0.379, -3.824)
(1.2855, 0.5916, -3.8128)
(-2.2532, 0.8125, -4.2572)
(-1.6227, 0.6395, -4.3855)
(-0.936, 0.643, -4.357)
(-0.2774, 0.6721, -4.286)
(0.3793, 0.6384, -4.2453)
(1.0066, 0.6046, -4.2879)
(1.4901, 0.6269, -4.2499)
(-2.1731, 1.1707, -4.7276)
(-1.5626, 0.9748, -4.8693)
(-0.8714, 0.9256, -4.8559)
(-0.1954, 0.9068, -4.804)
(0.4837, 0.8594, -4.7491)
(1.1249, 0.7876, -4.659)
(1.6189, 0.753, -4.4975)
(-2.0401, 1.5879, -5.1214)
(-1.4896, 1.3321, -5.3281)
(-0.8099, 1.2146, -5.339)
(-0.1179, 1.1464, -5.2846)
(0.569, 1.1122, -5.1924)
(1.2109, 1.1553, -4.9961)
(1.7257, 1.2194, -4.7617)
(-1.9071, 1.9853, -5.4065)
(-1.4113, 1.7203, -5.6409)
(-0.7337, 1.6083, -5.6395)
(-0.0439, 1.5396, -5.5826)
(0.6431, 1.5053, -5.4822)
(1.3157, 1.5015, -5.3224)
(1.8604, 1.5187, -5.1323)
(1.2921, -3.9727, 1.9552)
(1.6176, -4.2058, 1.6095)
(1.9302, -4.5224, 1.0869)
(2.1844, -4.8284, 0.5207)
(2.388, -5.1311, -0.0604)
(2.5134, -5.3194, -0.6802)
(2.629, -5.4622, -1.3081)
(2.8117, -5.7042, -1.9266)
(3.4378, -6.0729, -2.3309)
(2.8253, -4.3363, -2.2664)
(3.1848, -4.3397, -2.4711)
(3.6783, -4.5286, -2.5571)
(4.0745, -4.9326, -2.5174)
(4.1838, -5.4444, -2.4018)
(3.8732, -5.8743, -2.3262)
(2.1885, -3.6364, 2.2936)
(2.4741, -3.9571, 1.8783)
(2.778, -4.2873, 1.3301)
(3.0136, -4.5678, 0.7145)
(3.2087, -4.8322, 0.0763)
(3.3869, -5.0958, -0.5882)
(3.5507, -5.3414, -1.2187)
(3.7173, -5.6315, -1.8122)
(2.46, -3.143, 2.2955)
(2.8252, -3.4927, 1.8155)
(3.1335, -3.8242, 1.2445)
(3.3373, -4.1134, 0.6187)
(3.5044, -4.3961, -0.0209)
(3.6888, -4.6594, -0.6849)
(3.841, -4.9222, -1.3188)
(4.0237, -5.2364, -1.8969)
(1.8729, -1.6826, 2.9278)
(2.2272, -2.1512, 2.5655)
(2.6023, -2.5816, 2.122)
(2.9717, -2.9519, 1.5878)
(3.2284, -3.2865, 1.0091)
(3.3712, -3.5776, 0.3824)
(3.4894, -3.8421, -0.2614)
(3.5933, -4.1114, -0.9103)
(3.6987, -4.424, -1.5156)
(3.8959, -4.7787, -2.0556)
(2.0452, -1.2794, 2.6866)
(2.3439, -1.6854, 2.2429)
(2.6891, -2.0621, 1.7766)
(2.947, -2.44, 1.2639)
(3.0527, -2.8117, 0.7088)
(3.11, -3.14, 0.1151)
(3.2068, -3.3997, -0.5091)
(3.2456, -3.6919, -1.1048)
(3.3, -4.0761, -1.6456)
(3.4755, -4.4614, -2.1848)
(2.184, -0.7835, 2.3601)
(2.3627, -1.1945, 1.8693)
(2.65, -1.5803, 1.3904)
(2.7794, -1.9917, 0.9033)
(2.6988, -2.4379, 0.4138)
(2.6464, -2.837, -0.1166)
(2.7052, -3.1348, -0.7177)
(2.7337, -3.4485, -1.2895)
(2.8047, -3.9021, -1.7081)
(2.9926, -4.3377, -2.1456)
(2.2677, -0.2908, 1.9982)
(2.3184, -0.7221, 1.4985)
(2.4951, -1.1412, 1.0028)
(2.5205, -1.5867, 0.5349)
(2.3264, -2.0799, 0.1101)
(2.1842, -2.5399, -0.3559)
(2.1619, -2.9409, -0.9024)
(2.2351, -3.3721, -1.3806)
(2.4877, -3.8164, -1.6847)
(2.7146, -4.2633, -1.99)
(2.3584, 0.181, 1.6113)
(2.3013, -0.2664, 1.1193)
(2.2918, -0.7196, 0.6343)
(2.2309, -1.193, 0.1809)
(2.0439, -1.6856, -0.2398)
(1.8666, -2.1648, -0.6695)
(1.7409, -2.5967, -1.1046)
(2.4706, 0.6143, 1.1933)
(2.4091, 0.1585, 0.7162)
(2.2544, -0.3075, 0.2439)
(2.1235, -0.7933, -0.2074)
(1.9798, -1.2758, -0.6366)
(1.8018, -1.7448, -1.0478)
(1.5884, -2.12, -1.3829)
(2.5648, 1.0232, 0.7506)
(2.57, 0.5548, 0.284)
(2.4052, 0.0826, -0.1898)
(2.2464, -0.3956, -0.6374)
(2.0894, -0.8649, -1.0541)
(1.8712, -1.3114, -1.4434)
(1.5734, -1.6434, -1.7333)
(2.617, 1.4427, 0.3099)
(2.651, 0.9675, -0.1543)
(2.5072, 0.4847, -0.6246)
(2.3442, 0.0107, -1.0662)
(2.1686, -0.445, -1.4731)
(1.9042, -0.8682, -1.8403)
(1.5502, -1.1635, -2.0923)
(2.599, 1.8752, -0.1158)
(2.6066, 1.4017, -0.5769)
(2.447, 0.9172, -1.037)
(2.3048, 0.4442, -1.4751)
(2.1711, -0.0113, -1.8796)
(1.8736, -0.404, -2.1932)
(1.4958, -0.6674, -2.4232)
(2.489, 2.3089, -0.521)
(2.442, 1.8318, -0.9707)
(2.2631, 1.3476, -1.42)
(2.084, 0.8522, -1.7784)
(1.9256, 0.3483, -2.037)
(1.6802, 0.0259, -2.3391)
(1.3886, -0.1424, -2.6787)
(2.3069, 2.7214, -0.906)
(2.2146, 2.2314, -1.3484)
(2.0384, 1.7406, -1.8058)
(1.8393, 1.2124, -2.0886)
(1.6654, 0.6436, -2.2026)
(1.5628, 0.3992, -2.5709)
(1.4289, 0.372, -3.0678)
(2.2371, 2.9441, -1.3128)
(2.3087, 2.4985, -1.706)
(2.1693, 1.9752, -2.1397)
(1.9582, 1.44, -2.4577)
(1.7364, 0.9084, -2.6694)
(1.6851, 0.7459, -3.0953)
(1.627, 0.7721, -3.5834)
(2.2623, 3.1552, -1.7535)
(2.5404, 2.7286, -2.1193)
(2.5245, 2.1687, -2.4988)
(2.3297, 1.6169, -2.8434)
(2.005, 1.1547, -3.1653)
(1.8967, 0.8742, -3.5663)
(1.8422, 0.7254, -3.9709)
(2.2041, 3.5202, -2.2069)
(2.4536, 3.0314, -2.586)
(2.4514, 2.4469, -2.848)
(2.3684, 1.914, -3.1449)
(2.2816, 1.4473, -3.4782)
(2.1877, 1.0119, -3.8285)
(2.0028, 0.7879, -4.2178)
(1.987, 3.8204, -2.6083)
(2.1003, 3.2436, -2.8544)
(2.177, 2.704, -3.0345)
(2.368, 2.2635, -3.3042)
(2.4632, 1.8035, -3.6058)
(2.3336, 1.4305, -4.0228)
(2.1046, 1.2702, -4.4815)
(1.6559, 3.9689, -2.7372)
(1.8244, 3.3993, -2.854)
(2.1827, 2.9739, -3.0966)
(2.4853, 2.5435, -3.3697)
(2.4919, 2.0954, -3.7202)
(2.4372, 1.7309, -4.2248)
(2.3476, 1.4975, -4.6956)
(1.8236, -3.9148, 2.2078)
(2.0401, -4.205, 1.8015)
(2.3385, -4.5281, 1.266)
(2.579, -4.7935, 0.6596)
(2.7628, -5.0313, 0.0193)
(2.8908, -5.2797, -0.6504)
(3.0522, -5.5377, -1.3153)
(3.2493, -5.8287, -1.9124)
(-2.8909, 3.8228, 5.4519)
(-2.1518, 3.2859, 3.8976)
(-2.197, 3.6376, 3.8681)
(-2.4639, 4.0105, 3.7436)
(-2.8358, 4.1067, 3.915)
(-3.0072, 4.0296, 4.4432)
(-3.0276, 3.9401, 5.0311)
(-1.4657, -1.0608, 4.0275)
(-1.7035, -0.555, 4.2237)
(-1.9251, 0.0899, 4.3811)
(-2.1024, 0.7657, 4.4744)
(-2.3004, 1.4403, 4.5414)
(-2.5178, 2.1402, 4.6066)
(-2.721, 2.8149, 4.7121)
(-2.906, 3.4207, 4.8856)
(-1.6627, -1.1086, 3.4824)
(-1.9086, -0.51, 3.6777)
(-2.0598, 0.1651, 3.8172)
(-2.1516, 0.8522, 3.9029)
(-2.2518, 1.5429, 3.9691)
(-2.4017, 2.2365, 4.0639)
(-2.5797, 2.9033, 4.2056)
(-2.7986, 3.5185, 4.3456)
(-1.2512, -2.0517, 2.1671)
(-1.5625, -1.6055, 2.572)
(-1.8521, -1.0566, 2.9076)
(-2.1079, -0.4105, 3.1283)
(-2.2738, 0.2424, 3.316)
(-2.381, 0.9039, 3.4621)
(-2.4518, 1.5892, 3.5613)
(-2.5261, 2.2774, 3.6669)
(-2.6197, 2.9568, 3.7873)
(-2.7387, 3.6006, 3.846)
(-1.4761, -1.8829, 1.7463)
(-1.8613, -1.4422, 2.0928)
(-2.2052, -0.9383, 2.4111)
(-2.4857, -0.3598, 2.6861)
(-2.6808, 0.2612, 2.9123)
(-2.7707, 0.9198, 3.0661)
(-2.7838, 1.6038, 3.1589)
(-2.7789, 2.2891, 3.2414)
(-2.7032, 2.9295, 3.3732)
(-2.5694, 3.5278, 3.5395)
(-1.7511, -1.6806, 1.2324)
(-2.1741, -1.265, 1.5849)
(-2.5584, -0.8155, 1.9337)
(-2.7305, -0.2959, 2.2537)
(-2.7122, 0.2957, 2.5217)
(-2.6534, 0.9362, 2.7255)
(-2.5771, 1.6089, 2.8339)
(-2.5047, 2.2837, 2.9238)
(-2.3614, 2.7969, 3.2173)
(-2.1916, 3.2408, 3.6314)
(-2.0181, -1.4797, 0.7131)
(-2.4423, -1.0613, 1.0684)
(-2.8024, -0.5997, 1.423)
(-2.8138, -0.0708, 1.7541)
(-2.548, 0.4776, 2.0725)
(-2.2959, 1.034, 2.3808)
(-2.0735, 1.6294, 2.6219)
(-1.9719, 2.255, 2.8443)
(-1.9585, 2.6214, 3.2896)
(-2.009, 2.9158, 3.7794)
(-2.2656, -1.269, 0.1906)
(-2.6838, -0.8314, 0.5482)
(-2.9764, -0.3273, 0.906)
(-2.8912, 0.2289, 1.2409)
(-2.5355, 0.7496, 1.5514)
(-2.1644, 1.2452, 1.8628)
(-1.8313, 1.717, 2.164)
(-2.4473, -1.0165, -0.336)
(-2.8354, -0.5598, 0.0202)
(-3.0259, -0.0284, 0.3797)
(-2.8509, 0.5173, 0.7106)
(-2.484, 1.0049, 1.0141)
(-2.1261, 1.4756, 1.321)
(-1.825, 1.8761, 1.5849)
(-2.5672, -0.7288, -0.8648)
(-2.909, -0.253, -0.509)
(-3.0194, 0.2891, -0.1458)
(-2.8167, 0.814, 0.1855)
(-2.48, 1.2793, 0.4864)
(-2.1483, 1.732, 0.7891)
(-1.8449, 2.108, 1.0344)
(-2.6553, -0.427, -1.3922)
(-2.9629, 0.0664, -1.0336)
(-3.0464, 0.6154, -0.665)
(-2.8692, 1.1401, -0.3207)
(-2.5696, 1.6037, -0.0099)
(-2.2234, 2.0315, 0.2786)
(-1.868, 2.3628, 0.4894)
(-2.71, -0.1096, -1.9147)
(-2.9933, 0.3945, -1.5537)
(-3.0675, 0.9492, -1.1791)
(-2.9342, 1.4843, -0.8177)
(-2.6694, 1.9573, -0.4942)
(-2.2782, 2.3479, -0.2299)
(-1.8555, 2.6156, -0.0665)
(-2.7395, 0.2164, -2.4331)
(-3.0094, 0.7246, -2.0715)
(-3.0706, 1.2828, -1.6924)
(-2.9395, 1.824, -1.3235)
(-2.6344, 2.2766, -1.0014)
(-2.1461, 2.557, -0.752)
(-1.7373, 2.779, -0.6346)
(-2.7559, 0.5414, -2.9515)
(-3.0279, 1.0463, -2.5911)
(-3.1003, 1.5976, -2.205)
(-2.9037, 2.074, -1.8426)
(-2.4597, 2.382, -1.5269)
(-1.9715, 2.6018, -1.2604)
(-1.6904, 2.928, -1.218)
(-2.7587, 0.8579, -3.4719)
(-2.9859, 1.3512, -3.1013)
(-2.9858, 1.861, -2.6773)
(-2.7892, 2.3117, -2.2954)
(-2.3489, 2.542, -1.9788)
(-1.93, 2.8069, -1.7138)
(-1.7113, 3.2952, -1.6681)
(-2.6671, 1.1768, -3.9565)
(-2.7195, 1.5909, -3.507)
(-2.572, 1.9302, -2.9783)
(-2.4437, 2.3684, -2.5536)
(-2.2701, 2.8023, -2.274)
(-2.0924, 3.1958, -1.9522)
(-1.9211, 3.618, -1.6842)
(-2.4141, 1.4842, -4.346)
(-2.2452, 1.7493, -3.7908)
(-2.136, 1.9976, -3.2351)
(-2.1312, 2.4562, -2.8364)
(-2.1031, 3.0571, -2.5486)
(-2.172, 3.5623, -2.1417)
(-2.122, 3.8948, -1.732)
(-2.1203, 1.851, -4.6581)
(-1.8805, 2.0437, -4.0658)
(-1.97, 2.3338, -3.5878)
(-2.1825, 2.8185, -3.2463)
(-2.159, 3.4065, -2.9005)
(-2.1337, 3.9351, -2.5026)
(-2.0399, 4.3084, -2.1317)
(-1.9138, 2.2457, -4.9028)
(-1.7269, 2.4439, -4.3107)
(-1.9724, 2.7068, -3.9002)
(-2.3172, 3.1155, -3.6076)
(-2.3294, 3.6855, -3.2484)
(-2.1739, 4.2302, -2.8679)
(-1.9677, 4.6192, -2.5104)
(-1.2014, -1.003, 4.4122)
(-1.3948, -0.5368, 4.6176)
(-1.665, 0.0754, 4.808)
(-1.9179, 0.7242, 4.9232)
(-2.1847, 1.3727, 5.0062)
(-2.3922, 2.051, 5.037)
(-2.5581, 2.7244, 5.1091)
(-2.7489, 3.3344, 5.312)
(-2.4917, 3.824, 5.7349)
(-2.2227, 3.3026, 3.9557)
(-2.0985, 3.6676, 4.034)
(-1.8087, 4.0857, 4.3164)
(-1.5985, 4.3349, 4.8258)
(-1.6979, 4.3463, 5.368)
(-2.0933, 4.0901, 5.6864)
(-0.2775, -0.7708, 4.5772)
(-0.5487, -0.2877, 4.7799)
(-0.8426, 0.3104, 4.9791)
(-1.124, 0.9378, 5.0983)
(-1.4106, 1.5461, 5.228)
(-1.6667, 2.1773, 5.3184)
(-1.8473, 2.8632, 5.3944)
(-1.9761, 3.5455, 5.5636)
(0.2306, -0.6223, 4.3214)
(-0.0775, -0.0532, 4.5337)
(-0.3846, 0.5551, 4.719)
(-0.6769, 1.1739, 4.8431)
(-0.9238, 1.7913, 4.992)
(-1.1755, 2.4438, 5.1276)
(-1.431, 3.1451, 5.2181)
(-1.5764, 3.8235, 5.3239)
(1.4684, -1.2567, 3.2947)
(1.0163, -0.8701, 3.6428)
(0.5961, -0.3698, 3.9109)
(0.2186, 0.2134, 4.1045)
(-0.1378, 0.7833, 4.247)
(-0.4502, 1.3729, 4.3426)
(-0.6583, 1.9746, 4.4956)
(-0.9241, 2.5926, 4.6341)
(-1.2559, 3.1981, 4.7078)
(-1.467, 3.8042, 4.815)
(1.6725, -0.873, 3.0394)
(1.1858, -0.4767, 3.2493)
(0.7539, -0.0009, 3.4256)
(0.3154, 0.4872, 3.5819)
(-0.1551, 0.9333, 3.6942)
(-0.4319, 1.4716, 3.7715)
(-0.6304, 2.0101, 3.9072)
(-0.9722, 2.5111, 4.0529)
(-1.3131, 3.0285, 4.1731)
(-1.6121, 3.5642, 4.3148)
(1.8658, -0.4047, 2.6931)
(1.2944, -0.0902, 2.7899)
(0.7987, 0.3113, 2.8926)
(0.3021, 0.7205, 3.0257)
(-0.2806, 1.0311, 3.1251)
(-0.5675, 1.5086, 3.2008)
(-0.8215, 1.9597, 3.3509)
(-1.2291, 2.3634, 3.5208)
(-1.5328, 2.8343, 3.7555)
(-1.8496, 3.2309, 4.0092)
(1.9908, 0.0619, 2.3079)
(1.3761, 0.2688, 2.3183)
(0.8167, 0.5618, 2.34)
(0.265, 0.9147, 2.4502)
(-0.3641, 1.1437, 2.5377)
(-0.7656, 1.5519, 2.6259)
(-1.1449, 1.9309, 2.8087)
(-1.543, 2.3092, 3.0372)
(-1.7124, 2.6533, 3.4309)
(-1.9602, 2.9051, 3.8594)
(2.0781, 0.5317, 1.9144)
(1.4495, 0.685, 1.8966)
(0.8227, 0.8311, 1.8251)
(0.2119, 1.076, 1.8688)
(-0.4215, 1.2811, 1.9514)
(-0.9319, 1.6061, 2.0598)
(-1.386, 1.9013, 2.2316)
(2.141, 0.9841, 1.5008)
(1.5092, 1.1631, 1.5308)
(0.8424, 1.2308, 1.4225)
(0.1911, 1.33, 1.3539)
(-0.4396, 1.4861, 1.3925)
(-1.0195, 1.7227, 1.5024)
(-1.4863, 1.9652, 1.6414)
(2.1826, 1.4008, 1.0538)
(1.5498, 1.6134, 1.1315)
(0.8811, 1.7214, 1.0844)
(0.2277, 1.7728, 0.9795)
(-0.4015, 1.8371, 0.9281)
(-1.0104, 1.9723, 0.9781)
(-1.5023, 2.1635, 1.0815)
(2.2139, 1.7854, 0.5862)
(1.5698, 1.9728, 0.649)
(0.9076, 2.1294, 0.6624)
(0.2691, 2.251, 0.6353)
(-0.3462, 2.3075, 0.5664)
(-0.9594, 2.3568, 0.532)
(-1.4756, 2.444, 0.5555)
(2.2042, 2.1174, 0.1022)
(1.5489, 2.1873, 0.097)
(0.8954, 2.3589, 0.1187)
(0.285, 2.594, 0.1729)
(-0.3173, 2.7534, 0.1763)
(-0.931, 2.79, 0.1161)
(-1.4407, 2.7512, 0.0423)
(2.1219, 2.5104, -0.2924)
(1.4891, 2.4575, -0.3726)
(0.8479, 2.4979, -0.4542)
(0.2326, 2.6523, -0.3673)
(-0.3411, 2.8283, -0.3124)
(-0.9151, 2.8954, -0.391)
(-1.3995, 2.883, -0.5185)
(1.9999, 2.9899, -0.6005)
(1.4061, 2.9338, -0.6709)
(0.7763, 2.8353, -0.8615)
(0.1505, 2.8153, -0.7913)
(-0.3799, 2.9212, -0.7402)
(-0.9242, 3.0085, -0.8757)
(-1.4077, 3.0256, -1.0816)
(1.8236, 3.2311, -1.0121)
(1.2414, 3.3549, -0.9171)
(0.6127, 3.3639, -1.0227)
(0.0248, 3.3206, -0.9532)
(-0.4392, 3.3849, -0.9546)
(-0.9619, 3.4446, -1.2042)
(-1.4337, 3.4096, -1.4652)
(1.7517, 3.4693, -1.4341)
(1.1957, 3.7555, -1.1645)
(0.5721, 3.8827, -1.0712)
(-0.0462, 3.8573, -0.9709)
(-0.5866, 3.8451, -0.9536)
(-1.1552, 3.8167, -1.1731)
(-1.6341, 3.7464, -1.4222)
(1.7676, 3.8864, -1.8334)
(1.2364, 4.0468, -1.5297)
(0.6224, 4.0228, -1.3258)
(-0.0501, 4.0017, -1.2146)
(-0.7242, 3.9935, -1.1589)
(-1.3487, 4.0623, -1.226)
(-1.8198, 4.0803, -1.4349)
(1.6272, 4.1897, -2.2898)
(1.0714, 4.2054, -1.9853)
(0.5238, 4.1256, -1.6617)
(-0.064, 4.1438, -1.4069)
(-0.6925, 4.1649, -1.4216)
(-1.2646, 4.3247, -1.6155)
(-1.7246, 4.461, -1.8361)
(1.4045, 4.2538, -2.4944)
(0.9648, 4.3164, -2.1066)
(0.4829, 4.4941, -1.7435)
(-0.0385, 4.4742, -1.4806)
(-0.5699, 4.4621, -1.5481)
(-1.1257, 4.6703, -1.7995)
(-1.6197, 4.8071, -2.023)
(-0.7265, -0.8841, 4.632)
(-1.0126, -0.4577, 4.8065)
(-1.308, 0.1327, 5.0092)
(-1.5877, 0.7613, 5.1213)
(-1.8707, 1.3783, 5.2251)
(-2.1097, 2.0065, 5.2315)
(-2.2682, 2.6606, 5.2566)
(-2.4055, 3.313, 5.5018)
