(2.197, 1.5846, -5.6352)
(2.3373, 2.097, -5.2712)
(2.3314, 2.6428, -4.8429)
(2.3008, 3.1888, -4.4118)
(2.2299, 3.7228, -3.967)
(2.3052, 1.3031, -5.3132)
(2.4616, 1.8313, -4.9449)
(2.1015, 4.1933, -3.5253)
(2.4687, 2.3815, -4.5201)
(1.9637, 4.4201, -3.1858)
(2.4184, 2.9235, -4.0865)
(2.2865, 3.4417, -3.6467)
(2.0913, 3.8917, -3.2178)
(1.8962, 4.2488, -2.8907)
(2.3853, 0.9365, -4.8887)
(2.5194, 1.4823, -4.5129)
(2.5038, 2.0398, -4.0962)
(2.4724, 2.5862, -3.6785)
(2.3828, 3.1122, -3.2501)
(2.1731, 3.5154, -2.8427)
(1.9303, 3.7737, -2.5036)
(2.3614, 0.5667, -4.4219)
(2.4035, 1.1372, -4.057)
(2.3057, 1.7099, -3.6767)
(2.2501, 2.2411, -3.3086)
(2.2435, 2.7866, -2.8894)
(2.3104, 3.242, -2.5232)
(2.3166, 3.5378, -2.0934)
(2.3316, 0.2095, -3.9411)
(2.4146, 0.7725, -3.5924)
(2.2736, 1.3247, -3.224)
(2.225, 1.8427, -2.8428)
(2.1802, 2.3915, -2.5103)
(2.0792, 2.9226, -2.3697)
(1.7838, 3.2909, -2.2306)
(2.3097, -0.1427, -3.4533)
(2.416, 0.4101, -3.1243)
(2.2553, 0.9485, -2.7924)
(2.2777, 1.4494, -2.4051)
(2.2178, 1.9786, -2.0744)
(2.0166, 2.4848, -1.9803)
(1.7897, 2.8097, -1.7872)
(2.2781, -0.4769, -2.9531)
(2.4705, 0.0739, -2.643)
(2.455, 0.6533, -2.3437)
(2.5993, 1.1965, -2.0519)
(2.4988, 1.7014, -1.733)
(2.1098, 2.0703, -1.5224)
(1.7717, 2.3251, -1.339)
(2.2228, -0.7878, -2.4387)
(2.4744, -0.2416, -2.1415)
(2.5794, 0.3449, -1.846)
(2.7419, 0.8868, -1.5742)
(2.6137, 1.3766, -1.265)
(2.2538, 1.7629, -1.0065)
(2.0473, 2.1248, -0.7884)
(2.1584, -1.0749, -1.9118)
(2.4936, -0.5547, -1.6365)
(2.6917, 0.0166, -1.3511)
(2.8243, 0.5546, -1.0665)
(2.6719, 1.042, -0.7563)
(2.3766, 1.4704, -0.4775)
(2.2051, 1.8404, -0.247)
(2.0706, -1.327, -1.3703)
(2.4908, -0.8475, -1.1194)
(2.7936, -0.312, -0.8575)
(2.893, 0.2286, -0.5619)
(2.715, 0.7232, -0.2489)
(2.484, 1.1893, 0.0457)
(2.3597, 1.5752, 0.2851)
(1.9635, -1.5466, -0.8166)
(2.4432, -1.1056, -0.5824)
(2.8525, -0.6263, -0.3449)
(2.9788, -0.081, -0.054)
(2.8127, 0.4399, 0.2597)
(2.64, 0.9428, 0.563)
(2.5388, 1.3381, 0.8105)
(1.868, -1.7531, -0.2577)
(2.403, -1.3545, -0.0393)
(2.8953, -0.9244, 0.1795)
(3.1086, -0.3751, 0.4529)
(3.0008, 0.1946, 0.7616)
(2.8525, 0.7337, 1.0727)
(2.7191, 1.1213, 1.3405)
(1.6979, -1.8632, 0.3111)
(2.2559, -1.51, 0.5205)
(2.798, -1.1611, 0.726)
(3.106, -0.6468, 0.9752)
(3.1121, -0.0499, 1.2731)
(3.098, 0.5478, 1.5584)
(3.0839, 1.2184, 1.8933)
(1.4944, -1.9172, 0.885)
(2.0794, -1.6275, 1.0861)
(2.6503, -1.3859, 1.2657)
(2.9506, -0.8829, 1.4675)
(3.6729, 1.3949, 2.2073)
(3.0938, -0.3015, 1.7284)
(3.311, 0.2724, 1.9185)
(4.0167, 1.9455, 2.4284)
(3.5872, 0.8299, 1.8933)
(4.6677, 1.8679, 2.5681)
(3.9348, 1.2938, 2.0185)
(1.3023, -1.9707, 1.4699)
(1.8901, -1.6985, 1.6656)
(2.5099, -1.5258, 1.8238)
(4.9151, 1.8476, 2.6101)
(2.9972, -1.1286, 1.9361)
(4.1823, 1.5683, 2.4208)
(3.3629, -0.597, 2.0075)
(3.7041, -0.0334, 2.0592)
(4.5758, 1.7239, 2.5811)
(4.0409, 0.5359, 2.0579)
(4.8003, 2.0044, 2.5558)
(4.3959, 1.0381, 2.085)
(1.1303, -2.0339, 2.0406)
(1.6861, -1.7256, 2.2625)
(2.326, -1.468, 2.4044)
(4.564, 1.4441, 2.4091)
(2.9323, -1.1332, 2.4897)
(3.4625, -0.7065, 2.4951)
(4.6658, 1.9092, 2.4068)
(3.9427, -0.2302, 2.4549)
(1.0039, -2.0854, 2.5008)
(4.8628, 2.2967, 2.315)
(4.3767, 0.2859, 2.403)
(4.7425, 0.831, 2.3884)
(2.1288, -1.2912, 2.969)
(1.413, -1.7221, 2.9347)
(4.9105, 1.3605, 2.468)
(2.7436, -0.924, 3.0213)
(3.3225, -0.5389, 3.0275)
(4.9038, 1.8095, 2.2252)
(3.8865, -0.1493, 3.0011)
(5.0658, 2.1802, 2.0319)
(4.3929, 0.2744, 2.9464)
(4.6534, 0.8215, 2.8411)
(1.6018, -1.4241, 3.4889)
(2.016, -1.0546, 3.5152)
(4.762, 1.3792, 2.6897)
(2.5741, -0.6795, 3.5553)
(3.1743, -0.3303, 3.5736)
(5.0461, 1.8332, 2.4988)
(3.7844, -0.0095, 3.5691)
(5.3759, 2.1062, 2.3078)
(4.2824, 0.3548, 3.4911)
(4.4447, 0.8195, 3.2241)
(1.6098, -1.1711, 3.9796)
(1.9264, -0.8243, 4.03)
(4.8307, 1.2406, 3.0033)
(2.4363, -0.4325, 4.0649)
(3.0194, -0.0626, 4.0566)
(5.3354, 1.6071, 2.791)
(3.627, 0.2587, 4.0276)
(1.6497, -0.913, 4.2335)
(5.7193, 1.8078, 2.5643)
(4.1866, 0.5767, 3.9278)
(1.7661, -0.638, 4.4248)
(2.336, -0.2415, 4.4837)
(4.5805, 0.9255, 3.6111)
(2.9026, 0.1697, 4.4288)
(5.085, 1.2927, 3.3916)
(3.4642, 0.563, 4.2815)
(4.0451, 0.903, 4.0912)
(5.6272, 1.6256, 3.2013)
(4.6265, 1.1969, 3.8329)
(6.0086, 1.783, 2.9714)
(5.1795, 1.485, 3.6622)
(6.0353, 1.8626, 3.3008)
(5.8308, 1.8501, 3.5606)
(-1.2189, 3.6217, -3.0342)
(-0.7609, 3.9652, -2.7346)
(-0.3127, 4.3197, -2.4714)
(0.2875, 4.2896, -2.378)
(0.9196, 4.4585, -2.4574)
(-1.0868, 3.8562, -2.9057)
(-0.5621, 3.8605, -2.6053)
(1.5263, 4.6093, -2.4902)
(-0.0948, 4.1179, -2.3852)
(1.8458, 4.571, -2.7186)
(0.4077, 4.3026, -2.1838)
(0.968, 4.2437, -2.2502)
(1.5188, 4.2752, -2.4965)
(1.8882, 4.2585, -2.875)
(-1.1006, 4.0347, -2.4773)
(-0.4897, 4.0509, -2.2864)
(0.0455, 3.9318, -2.1101)
(0.6164, 4.0216, -2.0348)
(1.169, 4.0054, -1.9451)
(1.6937, 3.967, -2.1522)
(1.9238, 3.7855, -2.4884)
(-1.1533, 3.9132, -1.9302)
(-0.5207, 4.0422, -1.7876)
(0.1307, 3.947, -1.6952)
(0.7526, 3.7736, -1.7276)
(1.2972, 3.58, -1.8275)
(1.8194, 3.6251, -1.8961)
(2.3017, 3.5447, -2.0796)
(-1.2225, 3.6224, -1.4666)
(-0.584, 3.6637, -1.421)
(0.0929, 3.532, -1.4349)
(0.6977, 3.2647, -1.4722)
(1.2135, 3.0994, -1.5817)
(1.5382, 3.3268, -1.8779)
(1.7899, 3.3062, -2.2004)
(-1.3124, 3.2467, -1.1933)
(-0.6375, 3.1839, -1.2607)
(0.0292, 3.0534, -1.3268)
(0.5819, 2.8057, -1.212)
(1.0851, 2.6576, -1.155)
(1.4182, 2.8672, -1.5198)
(1.7484, 2.916, -1.8696)
(-1.2898, 3.1179, -0.6742)
(-0.6181, 3.027, -0.7613)
(0.0333, 2.9053, -0.8416)
(0.5816, 2.6375, -0.7652)
(1.0807, 2.4584, -0.7164)
(1.4613, 2.436, -1.0302)
(1.7924, 2.3287, -1.2928)
(-1.2261, 2.9881, -0.0865)
(-0.5522, 2.9322, -0.1663)
(0.108, 2.8337, -0.2645)
(0.7276, 2.7547, -0.2987)
(1.2857, 2.6151, -0.3596)
(1.6877, 2.3191, -0.5544)
(2.0553, 2.1416, -0.7714)
(-1.1601, 2.7565, 0.4724)
(-0.4811, 2.7401, 0.4021)
(0.1874, 2.6548, 0.2997)
(0.8228, 2.5731, 0.2182)
(1.416, 2.4323, 0.1159)
(1.9027, 2.1588, -0.0445)
(2.1996, 1.8579, -0.2382)
(-1.1068, 2.4308, 0.9868)
(-0.431, 2.4134, 0.9065)
(0.2403, 2.3297, 0.7999)
(0.8817, 2.2356, 0.7113)
(1.4911, 2.1024, 0.6115)
(2.0234, 1.8783, 0.4652)
(2.353, 1.5939, 0.2907)
(-1.0681, 2.0339, 1.4483)
(-0.4006, 1.985, 1.3335)
(0.2704, 1.9049, 1.2259)
(0.9269, 1.8288, 1.1485)
(1.5614, 1.731, 1.0717)
(2.1373, 1.5711, 0.9594)
(2.5331, 1.3569, 0.8161)
(-1.0175, 1.6067, 1.8776)
(-0.3532, 1.577, 1.7645)
(0.3133, 1.5679, 1.6984)
(0.9756, 1.4924, 1.6225)
(1.6256, 1.3889, 1.5416)
(2.2406, 1.277, 1.4452)
(2.7078, 1.1363, 1.349)
(-0.9198, 1.222, 2.3333)
(-0.261, 1.3334, 2.2858)
(0.3782, 1.4901, 2.2717)
(1.0337, 1.4079, 2.199)
(1.6912, 1.2687, 2.1063)
(2.3512, 1.2353, 1.9998)
(3.0807, 1.2389, 1.8997)
(-0.7908, 0.8985, 2.829)
(-0.1704, 1.1546, 2.8494)
(0.439, 1.4175, 2.871)
(1.0951, 1.4169, 2.8007)
(3.6533, 1.3955, 2.2418)
(1.7535, 1.3431, 2.6944)
(2.3998, 1.4378, 2.5515)
(3.9971, 1.9715, 2.4534)
(3.0191, 1.6346, 2.3882)
(4.6425, 1.8209, 2.6135)
(3.6222, 1.7633, 2.3525)
(-0.6383, 0.5697, 3.3208)
(-0.0541, 0.9043, 3.3929)
(0.5234, 1.2522, 3.4494)
(4.5358, 2.1112, 2.4274)
(1.1623, 1.4194, 3.3948)
(4.1778, 1.9119, 2.5485)
(1.8094, 1.5267, 3.2624)
(2.4321, 1.7183, 3.0881)
(4.655, 2.1511, 2.5567)
(3.0133, 1.9788, 2.881)
(4.5757, 2.4436, 2.3621)
(3.6388, 2.0905, 2.7545)
(-0.4776, 0.2025, 3.7504)
(0.0861, 0.5621, 3.8967)
(0.6765, 0.9689, 3.9735)
(4.275, 2.2925, 2.7641)
(1.2893, 1.317, 3.9648)
(1.9102, 1.5948, 3.8376)
(4.7859, 2.5764, 2.7056)
(2.5205, 1.8647, 3.649)
(-0.3241, -0.1419, 4.0356)
(4.707, 2.8991, 2.5977)
(3.115, 2.1489, 3.4413)
(3.7418, 2.3433, 3.2584)
(0.9118, 0.6031, 4.4123)
(0.2686, 0.0369, 4.3316)
(4.3687, 2.5863, 3.1798)
(1.5127, 1.037, 4.4458)
(2.1248, 1.4002, 4.3486)
(4.9084, 2.8869, 3.1394)
(2.7406, 1.7158, 4.1683)
(5.065, 3.2087, 2.9515)
(3.3558, 2.0369, 3.9768)
(3.9727, 2.3702, 3.7789)
(0.7929, -0.1163, 4.5819)
(1.254, 0.2062, 4.6782)
(4.5775, 2.6556, 3.6644)
(1.8236, 0.6043, 4.7176)
(2.4223, 0.9974, 4.6508)
(5.1312, 2.9857, 3.6097)
(3.0297, 1.3561, 4.5067)
(5.4584, 3.2256, 3.4099)
(3.6422, 1.7145, 4.3614)
(4.2493, 2.0815, 4.1706)
(1.1649, -0.4782, 4.6287)
(1.5846, -0.2342, 4.668)
(4.8289, 2.3803, 4.0151)
(2.1341, 0.1294, 4.7026)
(2.7197, 0.522, 4.6422)
(5.4175, 2.6974, 3.9053)
(3.3071, 0.8962, 4.486)
(1.4451, -0.6616, 4.5493)
(5.8072, 2.9501, 3.7635)
(3.9051, 1.2475, 4.2944)
(1.7649, -0.6108, 4.4578)
(2.3377, -0.2234, 4.519)
(4.5254, 1.583, 4.0865)
(2.9041, 0.1799, 4.4489)
(5.0925, 1.9288, 3.9443)
(3.4716, 0.5565, 4.3)
(4.0552, 0.8956, 4.1108)
(5.6732, 2.2201, 3.8398)
(4.6717, 1.1701, 3.842)
(6.0579, 2.4835, 3.7785)
(5.3543, 1.5881, 3.6589)
(6.0755, 2.1373, 3.7154)
(5.8998, 1.8869, 3.6151)
(1.7018, 1.292, -5.6839)
(1.1815, 1.2641, -5.3253)
(0.6596, 1.0768, -5.1373)
(0.3233, 0.6643, -5.3626)
(-0.2693, 0.5257, -5.527)
(-0.9473, 0.6212, -5.5684)
(1.8492, 0.9604, -5.4143)
(1.3309, 0.9384, -5.0709)
(0.79, 0.8268, -4.8156)
(-1.57, 0.7974, -5.4719)
(0.3272, 0.4851, -4.9739)
(-1.9665, 0.8622, -5.3159)
(-0.2954, 0.377, -5.1299)
(-0.9715, 0.456, -5.1834)
(-1.5987, 0.5318, -5.1444)
(-2.0511, 0.7038, -5.0189)
(1.9977, 0.5334, -5.0774)
(1.4659, 0.473, -4.8134)
(0.9223, 0.4519, -4.4744)
(0.3588, 0.2679, -4.4771)
(-0.2945, 0.2946, -4.6064)
(-0.9619, 0.3205, -4.6938)
(-1.5693, 0.2142, -4.7007)
(-2.0248, 0.2834, -4.5704)
(2.0473, 0.1003, -4.7026)
(1.4828, -0.0777, -4.7001)
(0.9073, -0.0884, -4.421)
(0.331, -0.1297, -4.1936)
(-0.282, -0.0439, -4.2606)
(-0.8665, 0.0059, -4.3503)
(-1.4662, -0.0389, -4.3064)
(-1.8983, -0.0582, -4.0842)
(2.0015, -0.2766, -4.2504)
(1.4625, -0.5709, -4.4433)
(0.8241, -0.63, -4.4331)
(0.1844, -0.5883, -4.3215)
(-0.3793, -0.4227, -4.2413)
(-0.7558, -0.1427, -3.9749)
(-1.2578, 0.1133, -3.9548)
(-1.679, 0.5582, -4.156)
(1.9252, -0.6059, -3.7481)
(1.3822, -0.9289, -3.9832)
(0.7386, -1.073, -4.1206)
(0.092, -1.0424, -4.1314)
(-0.4027, -0.7603, -3.918)
(-0.7663, -0.403, -3.5679)
(-1.1692, -0.0959, -3.4762)
(-1.3497, 0.2272, -3.8014)
(1.8488, -0.9182, -3.2304)
(1.2919, -1.2329, -3.4613)
(0.648, -1.3805, -3.6161)
(-0.0214, -1.3393, -3.6642)
(-0.6178, -1.1247, -3.5748)
(-1.0687, -0.7615, -3.3344)
(-1.363, -0.3666, -3.0658)
(-1.6245, -0.0868, -3.1304)
(1.7719, -1.2186, -2.7043)
(1.2101, -1.5321, -2.9319)
(0.5697, -1.687, -3.0924)
(-0.1008, -1.651, -3.1513)
(-0.7257, -1.4825, -3.1161)
(-1.2543, -1.1859, -2.9884)
(-1.6269, -0.7879, -2.7769)
(-1.8767, -0.4403, -2.6524)
(1.685, -1.497, -2.167)
(1.1262, -1.8206, -2.3956)
(0.4949, -1.9944, -2.5655)
(-0.1673, -1.9484, -2.6217)
(-0.7755, -1.7506, -2.5717)
(-1.325, -1.4754, -2.4684)
(-1.7806, -1.1313, -2.3188)
(-2.0825, -0.8118, -2.1823)
(1.5802, -1.7436, -1.6171)
(1.0316, -2.0869, -1.8489)
(0.4143, -2.2878, -2.03)
(-0.2397, -2.2267, -2.0843)
(-0.8282, -1.9733, -2.012)
(-1.3859, -1.6916, -1.9093)
(-1.899, -1.4008, -1.7951)
(-2.2661, -1.129, -1.6896)
(1.4597, -1.9581, -1.0568)
(0.921, -2.3245, -1.292)
(0.3238, -2.5741, -1.4913)
(-0.3292, -2.5364, -1.5674)
(-0.9247, -2.2563, -1.4928)
(-1.4956, -1.9511, -1.3856)
(-2.0385, -1.6678, -1.2825)
(-2.4495, -1.4391, -1.2009)
(1.3322, -2.1413, -0.4889)
(0.7903, -2.5208, -0.7254)
(0.2193, -2.8454, -0.9513)
(-0.4302, -2.8895, -1.0806)
(-1.0538, -2.6094, -1.0248)
(-1.6465, -2.2734, -0.9122)
(-2.2152, -1.9644, -0.8025)
(-2.6494, -1.7231, -0.705)
(1.1565, -2.2406, 0.0876)
(0.6232, -2.6272, -0.1431)
(0.0779, -2.9932, -0.3732)
(-0.5387, -3.1502, -0.5452)
(-1.1756, -2.9289, -0.5337)
(-1.7978, -2.6227, -0.4578)
(-2.4135, -2.3215, -0.3937)
(-3.0947, -1.9813, -0.2645)
(0.9582, -2.2932, 0.6681)
(0.4382, -2.6883, 0.4422)
(-0.0888, -3.0704, 0.2132)
(-0.6627, -3.3082, 0.02)
(-1.2851, -3.1887, -0.038)
(-3.7553, -2.0262, -0.4959)
(-1.9321, -3.0102, -0.096)
(-2.5626, -2.8032, -0.231)
(-4.1769, -2.3354, -0.0234)
(-3.1526, -2.5713, -0.4776)
(-4.6957, -2.6619, -0.325)
(0.7674, -2.344, 1.2549)
(-3.7492, -2.4346, -0.6354)
(0.2441, -2.7303, 1.0286)
(-0.2925, -3.0886, 0.7933)
(-0.8693, -3.3622, 0.5454)
(-4.8683, -2.5199, -0.5305)
(-1.4778, -3.4662, 0.2967)
(-4.3262, -2.4685, -0.4536)
(-2.0878, -3.4222, 0.0135)
(-2.6791, -3.2548, -0.2901)
(-4.8696, -2.478, -0.4709)
(-3.2543, -3.0468, -0.614)
(-5.0823, -2.5779, -0.7112)
(-3.8364, -2.8361, -0.8635)
(0.5992, -2.3958, 1.8084)
(0.0542, -2.7461, 1.5942)
(-0.5173, -3.0299, 1.3736)
(-1.1252, -3.2266, 1.0599)
(-4.4319, -2.626, -0.8857)
(-1.739, -3.3381, 0.7279)
(-2.3475, -3.3828, 0.4118)
(-5.0214, -2.4792, -0.9134)
(-2.9415, -3.3151, 0.0713)
(0.4855, -2.4408, 2.1986)
(-0.0986, -2.7753, 2.0475)
(-5.4506, -2.4492, -0.9518)
(-3.5262, -3.1942, -0.2845)
(-4.1097, -3.0724, -0.6325)
(-1.3937, -3.2479, 1.6006)
(-0.7233, -3.0401, 2.0645)
(-4.6758, -2.9223, -0.9514)
(-2.0075, -3.2917, 1.2363)
(-2.6016, -3.2347, 0.8818)
(-5.1744, -2.7482, -1.2388)
(-3.1792, -3.1374, 0.5074)
(-5.6149, -2.6569, -1.3353)
(-3.7615, -3.044, 0.1261)
(-4.3646, -3.0062, -0.2426)
(-1.2607, -3.1954, 2.3411)
(-1.7312, -3.3545, 2.0737)
(-4.9451, -3.0135, -0.613)
(-2.3062, -3.4395, 1.7189)
(-2.8886, -3.4186, 1.3247)
(-5.4187, -3.0795, -1.0161)
(-3.4528, -3.3565, 0.912)
(-5.7954, -3.1305, -1.2989)
(-4.0114, -3.3285, 0.4712)
(-4.5951, -3.3457, 0.0291)
(-1.6424, -3.1939, 2.7218)
(-2.0649, -3.3157, 2.5153)
(-5.162, -3.3887, -0.3387)
(-2.6184, -3.4521, 2.1873)
(-3.1927, -3.5128, 1.7824)
(-5.6994, -3.4439, -0.6635)
(-3.7436, -3.5529, 1.342)
(-1.9404, -3.1634, 2.9067)
(-6.111, -3.4488, -0.9281)
(-4.2868, -3.594, 0.8764)
(-2.2767, -3.1237, 2.867)
(-2.8618, -3.3421, 2.5482)
(-4.8547, -3.5753, 0.4123)
(-3.4343, -3.4577, 2.1491)
(-5.4237, -3.6147, 0.0393)
(-3.9648, -3.5498, 1.6982)
(-4.492, -3.6376, 1.2498)
(-5.9686, -3.6743, -0.2449)
(-4.9438, -3.4915, 0.7483)
(-6.3705, -3.6509, -0.4864)
(-5.547, -3.5335, 0.4102)
(-6.3804, -3.6641, -0.1445)
(-6.1814, -3.6508, 0.1385)
(-1.5987, 3.5571, -3.3663)
(-1.8563, 3.1665, -3.2222)
(-2.3148, 2.7714, -3.3568)
(-2.5482, 2.2634, -3.5979)
(-2.3749, 1.7523, -3.7061)
(-2.4441, 1.445, -4.2071)
(-1.6177, 3.7898, -3.1486)
(-1.9071, 3.3014, -3.2678)
(-2.0969, 2.6959, -3.3124)
(-2.5117, 1.0763, -4.7292)
(-2.3665, 2.1256, -3.352)
(-2.3753, 0.8529, -5.0534)
(-2.4247, 1.5581, -3.5328)
(-2.3022, 1.1956, -4.0068)
(-2.243, 0.9025, -4.5541)
(-2.0681, 0.7052, -5.0057)
(-1.6693, 3.7596, -2.6556)
(-2.0373, 3.267, -2.8345)
(-2.1091, 2.6409, -2.9064)
(-2.164, 2.0031, -3.0572)
(-2.1965, 1.3978, -3.352)
(-2.1862, 0.876, -3.7383)
(-2.2217, 0.5405, -4.2201)
(-2.04, 0.2874, -4.5561)
(-1.6667, 3.5213, -2.1196)
(-2.0943, 3.0392, -2.3452)
(-2.3579, 2.4948, -2.5828)
(-2.399, 1.8919, -2.8545)
(-2.4068, 1.2868, -3.1026)
(-2.3273, 0.7581, -3.4263)
(-2.1451, 0.3377, -3.8368)
(-1.9177, -0.0598, -4.0726)
(-1.6627, 3.2449, -1.6489)
(-1.9968, 2.738, -1.9223)
(-2.1703, 2.2344, -2.2615)
(-2.1185, 1.7099, -2.6183)
(-2.172, 1.1951, -2.7668)
(-2.0458, 0.9113, -3.1911)
(-1.8284, 0.537, -3.6027)
(-1.5923, 0.4759, -4.0183)
(-1.8765, 3.1213, -1.2301)
(-2.0707, 2.6418, -1.4557)
(-1.8874, 2.1813, -1.8246)
(-1.7587, 1.6434, -2.1779)
(-1.8032, 1.1245, -2.375)
(-1.8135, 0.7844, -2.7859)
(-1.6451, 0.3991, -3.2036)
(-1.367, 0.1862, -3.6099)
(-1.8548, 2.985, -0.6973)
(-1.9102, 2.493, -0.9465)
(-1.6773, 2.0219, -1.3261)
(-1.6198, 1.4813, -1.6894)
(-1.7362, 0.948, -1.9509)
(-1.7835, 0.5496, -2.3463)
(-1.6848, 0.1486, -2.711)
(-1.602, -0.0999, -3.0792)
(-1.7596, 2.8003, -0.1422)
(-1.7675, 2.3109, -0.4388)
(-1.7483, 1.781, -0.8326)
(-1.8874, 1.2868, -1.2527)
(-2.0906, 0.8177, -1.6328)
(-2.1378, 0.3489, -2.0353)
(-2.043, -0.1079, -2.3698)
(-1.8844, -0.4301, -2.6319)
(-1.7257, 2.5428, 0.3889)
(-1.8989, 2.0611, 0.0516)
(-1.9894, 1.5263, -0.359)
(-2.1098, 1.0191, -0.7803)
(-2.192, 0.538, -1.1792)
(-2.1561, 0.0571, -1.5658)
(-2.1206, -0.4218, -1.9053)
(-2.0937, -0.7985, -2.1694)
(-1.6956, 2.2116, 0.8927)
(-1.9846, 1.7462, 0.5541)
(-2.0898, 1.2171, 0.137)
(-2.112, 0.7011, -0.2917)
(-2.0538, 0.2137, -0.7035)
(-2.0396, -0.2814, -1.0803)
(-2.1241, -0.7635, -1.4174)
(-2.2804, -1.1174, -1.6779)
(-1.6682, 1.8577, 1.3892)
(-1.9675, 1.4066, 1.0582)
(-2.0141, 0.8873, 0.6285)
(-1.9461, 0.3844, 0.1807)
(-1.9276, -0.1185, -0.2349)
(-2.0362, -0.626, -0.6043)
(-2.2436, -1.0854, -0.9418)
(-2.4689, -1.4316, -1.1929)
(-1.6193, 1.4898, 1.8784)
(-1.881, 1.0584, 1.5512)
(-1.8578, 0.5612, 1.1049)
(-1.8708, 0.0742, 0.6591)
(-2.0101, -0.4275, 0.2492)
(-2.1953, -0.9241, -0.1255)
(-2.5049, -1.3093, -0.4739)
(-2.6723, -1.7133, -0.6906)
(-1.5174, 1.1085, 2.3571)
(-1.7673, 0.6927, 2.0281)
(-1.7954, 0.2248, 1.5766)
(-2.0386, -0.1879, 1.1434)
(-2.2547, -0.6808, 0.7356)
(-2.4621, -1.1493, 0.3521)
(-2.8613, -1.3954, -0.0094)
(-3.12, -1.9718, -0.2431)
(-1.3845, 0.7183, 2.8242)
(-1.6955, 0.3116, 2.4948)
(-1.8782, -0.1243, 2.0496)
(-2.248, -0.4695, 1.6375)
(-2.5083, -0.9308, 1.2272)
(-3.7769, -1.9982, -0.5239)
(-2.7766, -1.3315, 0.8334)
(-3.2232, -1.4137, 0.4895)
(-4.1186, -2.3121, 0.0275)
(-3.5815, -1.7882, 0.2204)
(-4.7617, -2.6303, -0.3028)
(-1.2211, 0.2944, 3.2475)
(-4.0563, -1.991, -0.0832)
(-1.6258, -0.0999, 2.937)
(-1.9694, -0.4848, 2.5293)
(-2.4156, -0.779, 2.1367)
(-4.941, -2.653, -0.5509)
(-2.7582, -1.1679, 1.7196)
(-4.5447, -2.3001, -0.1381)
(-3.1137, -1.4696, 1.3132)
(-3.5822, -1.4588, 0.9759)
(-4.9172, -2.536, -0.3732)
(-4.0001, -1.7125, 0.6751)
(-5.2142, -2.5601, -0.7425)
(-4.4367, -1.9338, 0.2948)
(-1.0346, -0.1432, 3.5772)
(-1.524, -0.5321, 3.3232)
(-1.9882, -0.8889, 3.0041)
(-2.5061, -1.1521, 2.617)
(-4.9297, -2.1456, -0.013)
(-2.9711, -1.4274, 2.2019)
(-3.4297, -1.6198, 1.772)
(-5.3527, -2.3031, -0.3807)
(-3.9242, -1.7036, 1.3753)
(-0.8975, -0.4674, 3.7844)
(-1.424, -0.9088, 3.596)
(-5.6748, -2.2732, -0.7766)
(-4.4601, -1.7883, 1.051)
(-4.9344, -1.9748, 0.6001)
(-2.5471, -1.6422, 2.975)
(-1.8821, -1.4366, 3.4573)
(-5.4017, -2.1121, 0.2168)
(-3.1147, -1.8388, 2.5884)
(-3.641, -1.9878, 2.1635)
(-5.8908, -2.182, -0.1753)
(-4.1702, -2.0952, 1.7514)
(-6.1939, -2.0674, -0.5463)
(-4.7478, -2.1616, 1.4052)
(-5.2959, -2.2757, 0.9248)
(-2.1077, -2.0429, 3.3886)
(-2.5669, -2.2117, 3.1063)
(-5.8457, -2.3214, 0.4764)
(-3.1298, -2.3921, 2.7687)
(-3.6896, -2.5274, 2.3679)
(-6.3592, -2.2823, 0.1254)
(-4.2313, -2.6357, 1.9471)
(-6.6629, -2.2627, -0.2259)
(-4.7837, -2.7421, 1.5501)
(-5.3558, -2.7832, 1.0988)
(-2.106, -2.5844, 3.2933)
(-2.4844, -2.7543, 3.0468)
(-5.9625, -2.7789, 0.6814)
(-3.0215, -2.94, 2.7247)
(-3.5767, -3.0696, 2.3242)
(-6.5175, -2.7428, 0.3348)
(-4.0983, -3.1702, 1.882)
(-2.1305, -2.8962, 3.1172)
(-6.8627, -2.7465, 0.0299)
(-4.6199, -3.2911, 1.4749)
(-2.2802, -3.1107, 2.8866)
(-2.8636, -3.3278, 2.5691)
(-5.1024, -3.2796, 0.9929)
(-3.4324, -3.4547, 2.1778)
(-5.7001, -3.2597, 0.6332)
(-3.9627, -3.5391, 1.725)
(-4.4869, -3.6218, 1.2764)
(-6.3196, -3.2734, 0.3546)
(-4.8811, -3.4869, 0.6998)
(-6.7411, -3.271, 0.1335)
(-5.4832, -3.5128, 0.389)
(-6.528, -3.5577, 0.1529)
(-6.2073, -3.6321, 0.1588)
(2.3564, 1.5846, 0.2879)
(1.927, 3.7796, -2.496)
(1.7655, -0.6244, 4.4413)
(1.782, 2.3269, -1.3159)
(2.3368, -0.2324, 4.5013)
(2.9033, 0.1748, 4.4389)
(2.536, 1.3475, 0.8133)
(3.4679, 0.5597, 4.2907)
(4.0502, 0.8993, 4.101)
(4.6491, 1.1835, 3.8374)
(5.2669, 1.5366, 3.6605)
(2.3092, 3.5412, -2.0865)
(5.8653, 1.8685, 3.5878)
(2.0513, 2.1332, -0.7799)
(2.2023, 1.8492, -0.2426)
(3.6631, 1.3952, 2.2245)
(2.7134, 1.1288, 1.3448)
(3.0823, 1.2287, 1.8965)
(4.0069, 1.9585, 2.4409)
(4.6551, 1.8444, 2.5908)
(1.8922, 4.2537, -2.8828)
(1.7868, 3.2985, -2.2155)
(1.769, 2.8628, -1.8284)
(5.834, 1.721, 3.09)
(5.7153, 1.7087, 3.3821)
(5.9491, 1.8657, 3.434)
(6.0586, 1.8284, 3.1517)
(4.8305, 1.8471, 2.595)
(4.5926, 1.7552, 2.5856)
(4.7098, 1.8496, 2.579)
(4.8715, 1.8927, 2.6007)
(4.5962, 1.8195, 2.5193)
(4.7543, 2.1129, 2.3591)
(4.8016, 2.1783, 2.4639)
(4.7862, 1.8721, 2.2761)
(4.9645, 2.0007, 2.1143)
(4.951, 2.2633, 2.1277)
(4.9742, 1.8279, 2.3283)
(5.2118, 1.9852, 2.4025)
(5.2112, 2.1535, 2.1307)
(5.1731, 1.7284, 2.642)
(5.5405, 1.7231, 2.6787)
(5.5468, 1.9591, 2.4363)
(5.4964, 1.5788, 2.99)
(5.8847, 1.758, 2.7571)
(1.7955, -1.2404, 3.5002)
(1.6149, -1.2955, 3.7587)
(1.7505, -1.0025, 4.0054)
(1.971, -0.9363, 3.7853)
(2.2813, -0.866, 3.5356)
(2.1618, -0.6309, 4.0517)
(2.5008, -0.5523, 3.8205)
(2.8727, -0.5002, 3.5678)
(2.724, -0.2413, 4.0654)
(3.0955, -0.1988, 3.8299)
(3.4794, -0.1693, 3.5742)
(3.3216, 0.102, 4.0434)
(3.7107, 0.112, 3.8228)
(4.0729, 0.1599, 3.5515)
(3.926, 0.415, 4.0021)
(4.2355, 0.4478, 3.7382)
(4.3732, 0.5834, 3.3677)
(4.3884, 0.7476, 3.7784)
(4.4915, 0.8508, 3.4263)
(4.6017, 1.0364, 3.1055)
(4.8146, 1.1075, 3.4863)
(4.9608, 1.236, 3.2004)
(5.0889, 1.439, 2.8995)
(5.3682, 1.475, 3.3002)
(1.8145, -1.4806, 2.9375)
(1.5374, -1.5642, 3.2047)
(2.0639, -1.1761, 3.2428)
(2.4384, -1.1088, 2.9994)
(2.6539, -0.8026, 3.2869)
(3.0371, -0.7332, 3.03)
(3.2467, -0.4385, 3.3014)
(3.6053, -0.3443, 3.0173)
(3.8383, -0.0884, 3.2893)
(4.1595, 0.0506, 2.9788)
(4.3396, 0.3029, 3.225)
(4.5569, 0.5368, 2.9001)
(4.5212, 0.8184, 3.037)
(4.7019, 1.1066, 2.7712)
(4.7517, 1.3125, 2.8343)
(4.8846, 1.6274, 2.5967)
(0.8654, -2.2119, 1.9228)
(0.5374, -2.419, 2.0189)
(0.7538, -2.2654, 2.3322)
(1.063, -2.0611, 2.2814)
(1.399, -1.8703, 2.1582)
(1.2296, -1.9, 2.7003)
(1.5817, -1.7192, 2.5638)
(2.0012, -1.5983, 2.3425)
(2.2213, -1.3901, 2.6899)
(2.6387, -1.3139, 2.4554)
(2.843, -1.0428, 2.759)
(3.2054, -0.9285, 2.5014)
(3.4064, -0.6423, 2.7613)
(3.7083, -0.4734, 2.4778)
(3.9361, -0.2115, 2.7196)
(4.1651, 0.023, 2.4302)
(4.4179, 0.2573, 2.6611)
(4.5753, 0.5568, 2.3781)
(4.7465, 0.813, 2.6131)
(4.8581, 1.1022, 2.4479)
(4.8608, 1.3774, 2.5624)
(4.9049, 1.5968, 2.3708)
(1.0309, -2.1512, 1.3641)
(0.6777, -2.3705, 1.5465)
(1.2116, -2.0025, 1.7647)
(1.5876, -1.815, 1.5712)
(1.7883, -1.7184, 1.9638)
(2.2066, -1.6214, 1.7502)
(2.4244, -1.5189, 2.1137)
(2.7737, -1.3566, 1.8859)
(2.9886, -1.1667, 2.2076)
(3.1883, -0.8705, 1.9751)
(3.4518, -0.6889, 2.2283)
(3.5353, -0.3175, 2.0369)
(3.8624, -0.162, 2.2217)
(3.8679, 0.2539, 2.0683)
(4.2417, 0.3901, 2.2039)
(4.2298, 0.8016, 2.0382)
(4.6113, 0.913, 2.2091)
(4.5023, 1.2411, 2.2483)
(4.7879, 1.3897, 2.4211)
(4.6091, 1.6759, 2.4471)
(1.2222, -2.0992, 0.778)
(0.8612, -2.318, 0.9605)
(1.3965, -1.9423, 1.1756)
(1.7797, -1.757, 0.9885)
(1.9871, -1.6689, 1.3732)
(2.3846, -1.5236, 1.1768)
(2.5819, -1.4761, 1.541)
(2.8352, -1.1621, 1.3596)
(2.9616, -1.0191, 1.6957)
(3.0238, -0.5922, 1.5945)
(3.2117, -0.4549, 1.865)
(3.1924, -0.0137, 1.8485)
(3.4986, 0.117, 1.9865)
(3.4377, 0.5565, 1.9162)
(3.8134, 0.683, 1.9533)
(3.768, 1.0808, 1.9138)
(4.1548, 1.1731, 2.0187)
(4.053, 1.456, 2.2174)
(4.3447, 1.4954, 2.4137)
(4.3772, 1.643, 2.539)
(1.4259, -2.0504, 0.2007)
(1.0577, -2.2692, 0.3773)
(1.5964, -1.893, 0.5973)
(1.9737, -1.6815, 0.4178)
(2.1683, -1.5728, 0.8025)
(2.5408, -1.3471, 0.6209)
(2.7239, -1.2763, 0.9959)
(2.9935, -0.9235, 0.8433)
(3.0198, -0.7626, 1.2279)
(3.1301, -0.3516, 1.121)
(3.0861, -0.1694, 1.5236)
(3.1002, 0.2504, 1.4218)
(3.1917, 0.4207, 1.7699)
(3.0991, 0.8487, 1.6867)
(3.3726, 0.9881, 1.8784)
(3.3784, 1.3067, 2.0503)
(3.7706, 1.3794, 2.0875)
(3.8448, 1.6702, 2.3179)
(4.0969, 1.6984, 2.4216)
(4.3422, 1.9067, 2.4983)
(1.6007, -1.9486, -0.3722)
(1.25, -2.2008, -0.2015)
(1.792, -1.82, 0.0257)
(2.1346, -1.5545, -0.1466)
(2.3404, -1.4418, 0.2391)
(2.6681, -1.1507, 0.0662)
(2.862, -1.0475, 0.452)
(3.0475, -0.6603, 0.3094)
(3.1355, -0.5165, 0.7142)
(3.0786, -0.089, 0.6046)
(3.0811, 0.0719, 1.016)
(2.9212, 0.4737, 0.9203)
(2.9804, 0.6458, 1.3214)
(2.7947, 0.9585, 1.2121)
(2.9015, 1.1698, 1.6169)
(1.7151, -1.7567, -0.9366)
(1.3995, -2.0573, -0.7739)
(1.9197, -1.6568, -0.5381)
(2.2059, -1.3293, -0.6982)
(2.4296, -1.2369, -0.3122)
(2.6695, -0.8743, -0.4678)
(2.8843, -0.7812, -0.0852)
(2.9593, -0.3561, -0.2054)
(3.0467, -0.2296, 0.198)
(2.9152, 0.182, 0.1019)
(2.9024, 0.3151, 0.5105)
(2.7168, 0.6996, 0.4164)
(2.7384, 0.8325, 0.8192)
(2.5837, 1.1522, 0.6922)
(2.629, 1.2297, 1.0755)
(1.8327, -1.5432, -1.4947)
(1.5206, -1.8538, -1.338)
(2.0158, -1.4381, -1.0944)
(2.2918, -1.0952, -1.2453)
(2.4672, -0.9777, -0.8523)
(2.661, -0.5845, -0.9915)
(2.8248, -0.4702, -0.6031)
(2.8775, -0.0378, -0.7136)
(2.9291, 0.0716, -0.3077)
(2.8286, 0.4802, -0.4058)
(2.7516, 0.576, 0.006)
(2.5906, 0.9631, -0.0958)
(2.5547, 1.0616, 0.3051)
(2.4126, 1.3913, 0.1701)
(2.4493, 1.4567, 0.5478)
(1.9352, -1.2982, -2.0421)
(1.6351, -1.6247, -1.8936)
(2.1184, -1.2061, -1.6429)
(2.3463, -0.8256, -1.7763)
(2.4989, -0.7057, -1.3804)
(2.6011, -0.2696, -1.4935)
(2.7478, -0.1491, -1.1059)
(2.7799, 0.2919, -1.211)
(2.8599, 0.3901, -0.8145)
(2.7837, 0.805, -0.912)
(2.6925, 0.8796, -0.5028)
(2.5208, 1.2642, -0.6101)
(2.4279, 1.3265, -0.2151)
(2.2764, 1.661, -0.3589)
(2.2824, 1.7078, 0.0191)
(2.0167, -1.0181, -2.5759)
(1.7302, -1.3612, -2.4372)
(2.1922, -0.9349, -2.1769)
(2.3765, -0.526, -2.2927)
(2.4819, -0.3988, -1.8894)
(2.5256, 0.0534, -1.9902)
(2.6334, 0.1819, -1.597)
(2.6714, 0.6219, -1.7122)
(2.7837, 0.7203, -1.3193)
(2.7236, 1.1422, -1.4198)
(2.6443, 1.2076, -1.0104)
(2.4358, 1.5801, -1.1276)
(2.3195, 1.6172, -0.7414)
(2.1249, 1.9394, -0.8955)
(2.1262, 1.9826, -0.5177)
(2.0852, -0.7128, -3.097)
(1.811, -1.0704, -2.9685)
(2.2525, -0.6352, -2.6976)
(2.4116, -0.2112, -2.7996)
(2.4765, -0.085, -2.3937)
(2.4587, 0.3658, -2.4902)
(2.5291, 0.5032, -2.0981)
(2.5241, 0.9284, -2.202)
(2.695, 1.0509, -1.8269)
(2.5975, 1.4606, -1.8863)
(2.5782, 1.5466, -1.5145)
(2.3138, 1.9011, -1.6176)
(2.1807, 1.9081, -1.2703)
(1.9455, 2.2207, -1.4257)
(1.9095, 2.2249, -1.0637)
(2.1433, -0.3894, -3.6068)
(1.8867, -0.7633, -3.4903)
(2.2965, -0.3126, -3.205)
(2.4074, 0.129, -3.2899)
(2.4423, 0.2384, -2.8862)
(2.3362, 0.6852, -2.9622)
(2.3427, 0.7956, -2.574)
(2.2514, 1.1995, -2.6043)
(2.4303, 1.3162, -2.2322)
(2.2699, 1.7093, -2.2134)
(2.3524, 1.8328, -1.9043)
(2.1276, 2.2477, -2.0171)
(2.0522, 2.2655, -1.7552)
(1.9017, 2.6644, -1.8993)
(1.7807, 2.5674, -1.5631)
(2.1953, -0.0503, -4.1042)
(1.9643, -0.4451, -4.0028)
(2.3207, 0.0321, -3.6983)
(2.4084, 0.4877, -3.7697)
(2.4143, 0.5889, -3.3591)
(2.3506, 1.0535, -3.4102)
(2.2493, 1.1279, -3.006)
(2.2374, 1.5842, -3.0349)
(2.226, 1.6323, -2.6102)
(2.2076, 2.1115, -2.6555)
(2.1714, 2.1732, -2.2862)
(2.1412, 2.6741, -2.4326)
(2.0153, 2.7117, -2.201)
(1.9782, 3.11, -2.2742)
(1.7867, 3.0503, -2.0089)
(2.2423, 0.3066, -4.5852)
(2.0323, -0.0957, -4.4859)
(2.3442, 0.3873, -4.1826)
(2.4107, 0.8476, -4.2435)
(2.3979, 0.9572, -3.8256)
(2.3583, 1.4281, -3.8652)
(2.2761, 1.5234, -3.4519)
(2.2716, 1.9764, -3.4965)
(2.2169, 2.0492, -3.0848)
(2.2343, 2.5158, -3.0997)
(2.1987, 2.5995, -2.7096)
(2.2874, 3.034, -2.6988)
(2.2144, 3.0978, -2.4523)
(2.2729, 3.4028, -2.3453)
(2.0502, 3.4143, -2.162)
(2.2197, 0.6989, -5.0295)
(2.0373, 0.3119, -4.8968)
(2.3817, 0.7492, -4.6576)
(2.4811, 1.2036, -4.7102)
(2.4632, 1.3093, -4.2854)
(2.5196, 1.7623, -4.306)
(2.4069, 1.8764, -3.8872)
(2.4893, 2.3133, -3.888)
(2.366, 2.4163, -3.4964)
(2.4424, 2.8582, -3.4649)
(2.327, 2.9524, -3.065)
(2.2844, 3.331, -3.0397)
(2.2712, 3.3703, -2.6593)
(2.0708, 3.6685, -2.6657)
(2.1234, 3.6557, -2.2985)
(2.1018, 1.0918, -5.4186)
(1.9295, 0.7554, -5.2524)
(2.3555, 1.1265, -5.1116)
(2.4171, 1.5576, -5.1452)
(2.5123, 1.6622, -4.7384)
(2.4741, 2.1071, -4.7344)
(2.5165, 2.2145, -4.3144)
(2.4516, 2.6542, -4.3039)
(2.4767, 2.7598, -3.8835)
(2.3634, 3.1871, -3.8678)
(2.3522, 3.279, -3.4512)
(2.1914, 3.6812, -3.4249)
(2.1122, 3.7004, -3.0356)
(1.9969, 4.0665, -3.0392)
(1.9132, 4.0112, -2.6971)
(1.9751, 1.3989, -5.7166)
(1.7733, 1.1353, -5.5553)
(2.2511, 1.4522, -5.4835)
(2.3063, 1.8269, -5.4743)
(2.4005, 1.9728, -5.1181)
(2.3398, 2.3701, -5.0579)
(2.4028, 2.5209, -4.692)
(2.3191, 2.9161, -4.628)
(2.3571, 3.0635, -4.2592)
(2.2723, 3.4587, -4.1922)
(2.2473, 3.5876, -3.8154)
(2.1715, 3.9744, -3.7384)
(2.0915, 4.0529, -3.3782)
(2.0273, 4.3536, -3.3442)
(1.9232, 4.3673, -3.0365)
(1.6189, -1.0443, 4.1283)
(1.7021, -0.7768, 4.3297)
(1.8765, -0.721, 4.2318)
(2.051, -0.4397, 4.4543)
(2.3828, -0.3305, 4.2767)
(2.6193, -0.0359, 4.4563)
(2.9565, 0.0579, 4.2471)
(3.1834, 0.3664, 4.3552)
(3.5456, 0.4079, 4.1699)
(3.7547, 0.733, 4.1863)
(4.1212, 0.7305, 4.0308)
(4.3358, 1.05, 3.9621)
(4.6204, 1.0475, 3.7441)
(4.903, 1.3409, 3.7475)
(5.156, 1.3852, 3.544)
(5.5051, 1.6676, 3.6114)
(5.7707, 2.0331, 3.743)
(5.8861, 2.3531, 3.8053)
(6.0975, 2.291, 3.7494)
(6.001, 2.0068, 3.669)
(4.5945, 1.9974, 2.5528)
(4.5758, 1.9658, 2.5159)
(4.5426, 2.2626, 2.3636)
(4.6695, 2.2941, 2.4733)
(4.7239, 2.358, 2.5987)
(4.6199, 2.6691, 2.4515)
(4.8023, 2.7351, 2.654)
(4.841, 2.7539, 2.8982)
(4.8657, 3.086, 2.7622)
(5.0229, 3.0467, 3.0606)
(5.0065, 2.9757, 3.3838)
(5.2659, 3.2552, 3.1749)
(5.3163, 3.1163, 3.5254)
(5.2722, 2.8862, 3.7965)
(5.6397, 3.123, 3.6223)
(5.6328, 2.8312, 3.8385)
(5.5549, 2.4568, 3.9079)
(5.9542, 2.7195, 3.8006)
(0.9975, -0.2966, 4.63)
(1.0133, 0.0374, 4.6335)
(1.4303, -0.0191, 4.7049)
(1.3626, -0.3674, 4.6469)
(1.5286, 0.3994, 4.7089)
(1.9883, 0.3587, 4.7432)
(1.8469, -0.0638, 4.6914)
(2.1222, 0.8053, 4.6979)
(2.5805, 0.7529, 4.682)
(2.4265, 0.3269, 4.6868)
(2.7251, 1.1796, 4.582)
(3.1782, 1.1228, 4.5344)
(3.0134, 0.7119, 4.5718)
(3.3352, 1.5324, 4.4371)
(3.7837, 1.4818, 4.3709)
(3.602, 1.075, 4.3941)
(3.9496, 1.9036, 4.2682)
(4.3965, 1.8355, 4.1749)
(4.2192, 1.4143, 4.1868)
(4.5365, 2.2337, 4.0848)
(4.9618, 2.1557, 4.0248)
(4.8086, 1.7586, 4.0078)
(5.1365, 2.5406, 3.9599)
(5.3949, 2.0812, 3.8873)
(0.5463, 0.0032, 4.4745)
(0.6154, 0.369, 4.3685)
(1.0745, 0.4116, 4.5757)
(1.2098, 0.826, 4.4424)
(1.6608, 0.8354, 4.6154)
(1.818, 1.2276, 4.4128)
(2.2669, 1.2188, 4.5355)
(2.4327, 1.5605, 4.2631)
(2.8809, 1.5573, 4.3758)
(3.0479, 1.8729, 4.0741)
(3.4975, 1.9008, 4.2133)
(3.6652, 2.2081, 3.8739)
(4.1073, 2.2652, 4.0198)
(4.2756, 2.5116, 3.7073)
(4.7007, 2.5572, 3.8803)
(4.8749, 2.8226, 3.6447)
(-0.9606, -0.3169, 3.6909)
(-0.7606, 0.0333, 3.6702)
(-0.4, 0.0271, 3.9059)
(-0.6163, -0.2909, 3.9021)
(-0.1968, 0.3757, 3.8286)
(0.1777, 0.3521, 4.1103)
(-0.0257, -0.0218, 4.1812)
(0.3774, 0.7656, 3.945)
(0.7808, 0.7914, 4.2074)
(0.981, 1.1536, 3.9827)
(1.3882, 1.1995, 4.2234)
(1.5997, 1.4615, 3.9137)
(2.0035, 1.5297, 4.1095)
(2.2182, 1.726, 3.7476)
(2.6162, 1.8246, 3.9202)
(2.8162, 2.0137, 3.5458)
(3.223, 2.1248, 3.7151)
(3.4258, 2.2507, 3.341)
(3.8459, 2.3929, 3.519)
(4.0553, 2.4548, 3.2055)
(4.4611, 2.6584, 3.423)
(4.6736, 2.732, 3.1695)
(-1.1256, 0.0677, 3.428)
(-0.9424, 0.4376, 3.301)
(-0.5577, 0.3872, 3.551)
(-0.3413, 0.7254, 3.3518)
(0.0108, 0.7441, 3.6548)
(0.2297, 1.0918, 3.4309)
(0.5907, 1.1245, 3.7197)
(0.8372, 1.3558, 3.4358)
(1.2152, 1.3875, 3.6855)
(1.4873, 1.4697, 3.335)
(1.8487, 1.5884, 3.5512)
(2.1267, 1.6065, 3.1809)
(2.4628, 1.8225, 3.3677)
(2.7221, 1.8583, 2.9833)
(3.0462, 2.0957, 3.1585)
(3.3214, 2.0417, 2.7989)
(3.6743, 2.2359, 3.0022)
(3.9554, 2.1752, 2.7548)
(4.3132, 2.4642, 2.9522)
(4.5839, 2.4279, 2.7464)
(-1.3076, 0.5122, 3.0441)
(-1.1088, 0.8205, 2.849)
(-0.7168, 0.7391, 3.0779)
(-0.4759, 1.0106, 2.8299)
(-0.1154, 1.0415, 3.1244)
(0.1308, 1.3069, 2.8687)
(0.4749, 1.3487, 3.165)
(0.763, 1.4461, 2.8449)
(1.1251, 1.4246, 3.0992)
(1.4255, 1.3695, 2.7508)
(1.7803, 1.4337, 2.9788)
(2.0795, 1.3675, 2.6284)
(2.4138, 1.581, 2.8183)
(2.7113, 1.5371, 2.4664)
(3.008, 1.8183, 2.623)
(3.3265, 1.7056, 2.3388)
(3.6253, 1.9273, 2.5259)
(3.8987, 1.8282, 2.4457)
(4.2314, 2.0826, 2.6336)
(4.4627, 2.0212, 2.587)
(-1.4541, 0.9157, 2.5935)
(-1.2456, 1.1901, 2.3734)
(-0.8585, 1.0559, 2.5785)
(-0.5876, 1.2636, 2.3009)
(-0.2166, 1.2462, 2.5673)
(0.0586, 1.4269, 2.2817)
(0.4086, 1.4635, 2.5719)
(0.7042, 1.4747, 2.2417)
(1.0647, 1.4089, 2.5001)
(1.3625, 1.331, 2.1538)
(1.7236, 1.2851, 2.4023)
(2.0212, 1.2371, 2.0546)
(2.3825, 1.3149, 2.2792)
(2.6856, 1.2529, 1.9454)
(3.0376, 1.4448, 2.1689)
(3.367, 1.3172, 2.0708)
(3.6224, 1.6047, 2.2636)
(3.8252, 1.6835, 2.3476)
(4.1108, 1.8579, 2.4909)
(4.3198, 1.8962, 2.5334)
(-1.5741, 1.3002, 2.1188)
(-1.3442, 1.5841, 1.9115)
(-0.9741, 1.4059, 2.0998)
(-0.6849, 1.5943, 1.8197)
(-0.3096, 1.4368, 2.0148)
(-0.0202, 1.5741, 1.7278)
(0.3449, 1.5089, 1.9761)
(0.6457, 1.5381, 1.6624)
(1.0037, 1.4248, 1.9016)
(1.302, 1.4424, 1.5832)
(1.6582, 1.2993, 1.8144)
(1.9442, 1.3316, 1.4945)
(2.2995, 1.2191, 1.7167)
(2.4987, 1.2264, 1.3976)
(2.8943, 1.1876, 1.6244)
(-1.6492, 1.6757, 1.6351)
(-1.3925, 1.9832, 1.4521)
(-1.0472, 1.8195, 1.6633)
(-0.735, 2.0245, 1.3994)
(-0.3822, 1.7665, 1.5412)
(-0.0646, 1.9435, 1.2746)
(0.2886, 1.7079, 1.4498)
(0.6013, 1.8674, 1.1849)
(0.9501, 1.6359, 1.3741)
(1.2466, 1.7855, 1.1127)
(1.5939, 1.5428, 1.2984)
(1.867, 1.6594, 1.0205)
(2.1884, 1.4076, 1.1973)
(2.3516, 1.4688, 0.8904)
(2.6205, 1.2466, 1.0826)
(-1.6821, 2.0361, 1.1414)
(-1.4282, 2.3567, 0.9707)
(-1.0866, 2.2394, 1.2238)
(-0.7705, 2.4411, 0.9582)
(-0.415, 2.2063, 1.1262)
(-0.0928, 2.3735, 0.8513)
(0.2561, 2.1211, 1.0157)
(0.5651, 2.2845, 0.7543)
(0.905, 2.0356, 0.9327)
(1.1905, 2.178, 0.6658)
(1.5267, 1.9207, 0.8451)
(1.7775, 2.001, 0.5439)
(2.0805, 1.7281, 0.7154)
(2.2081, 1.7414, 0.3795)
(2.4431, 1.4754, 0.5534)
(-1.7112, 2.3832, 0.6429)
(-1.4811, 2.6863, 0.4606)
(-1.1313, 2.6042, 0.736)
(-0.8215, 2.7668, 0.4474)
(-0.4528, 2.5932, 0.6646)
(-0.1437, 2.6986, 0.3497)
(0.2177, 2.5099, 0.561)
(0.5095, 2.6151, 0.2577)
(0.8545, 2.4148, 0.4726)
(1.1268, 2.5176, 0.1731)
(1.4556, 2.273, 0.3676)
(1.6811, 2.3067, 0.0423)
(1.9695, 2.0268, 0.2119)
(2.068, 2.0091, -0.1396)
(2.2763, 1.7259, 0.0262)
(-1.7377, 2.682, 0.127)
(-1.5444, 2.9353, -0.0871)
(-1.1924, 2.885, 0.1976)
(-0.8891, 2.9772, -0.1176)
(-0.5153, 2.8519, 0.1234)
(-0.2182, 2.881, -0.2205)
(0.15, 2.7619, 0.0216)
(0.4226, 2.7937, -0.2872)
(0.7842, 2.703, -0.0442)
(1.022, 2.7045, -0.3155)
(1.3648, 2.5677, -0.1351)
(1.5021, 2.4707, -0.4456)
(1.8069, 2.2578, -0.3028)
(1.8649, 2.2096, -0.6633)
(2.1275, 1.9998, -0.5048)
(-1.802, 2.8997, -0.4175)
(-1.6142, 3.0987, -0.6623)
(-1.2591, 3.0651, -0.378)
(-0.9539, 3.0814, -0.7107)
(-0.5881, 2.987, -0.4621)
(-0.2832, 2.9785, -0.8141)
(0.0657, 2.8761, -0.5516)
(0.3167, 2.7795, -0.821)
(0.6489, 2.6998, -0.5339)
(0.8421, 2.5251, -0.706)
(1.174, 2.5374, -0.5408)
(1.2811, 2.4387, -0.8485)
(1.5608, 2.3552, -0.7933)
(1.6403, 2.4153, -1.1788)
(1.9239, 2.2351, -1.0321)
(-1.896, 3.0601, -0.9756)
(-1.624, 3.2269, -1.1922)
(-1.3135, 3.1598, -0.9626)
(-0.9798, 3.2254, -1.2186)
(-0.6368, 3.073, -1.0492)
(-0.2937, 3.1312, -1.3083)
(0.0206, 2.9469, -1.1236)
(0.3145, 2.9386, -1.288)
(0.5598, 2.6731, -1.0032)
(0.8488, 2.6895, -1.1408)
(1.0553, 2.505, -0.925)
(1.2641, 2.7505, -1.3097)
(1.4182, 2.6205, -1.2753)
(1.5836, 2.9061, -1.6938)
(1.7704, 2.6223, -1.5812)
(-1.7694, 3.1713, -1.4451)
(-1.4637, 3.4677, -1.5417)
(-1.2742, 3.4202, -1.3348)
(-0.9216, 3.6779, -1.4304)
(-0.6167, 3.4016, -1.3529)
(-0.24, 3.6154, -1.4242)
(0.0567, 3.2633, -1.4005)
(0.4038, 3.4088, -1.4508)
(0.6353, 3.0096, -1.3592)
(0.9763, 3.1352, -1.5059)
(1.144, 2.8653, -1.3821)
(1.3894, 3.2043, -1.7198)
(1.4482, 3.1155, -1.7407)
(1.6915, 3.3431, -2.0172)
(1.7691, 3.1111, -2.035)
(-1.6418, 3.3709, -1.8732)
(-1.4236, 3.7397, -2.0188)
(-1.1828, 3.787, -1.671)
(-0.8468, 4.0135, -1.8541)
(-0.5508, 3.8909, -1.5681)
(-0.1937, 4.0115, -1.7302)
(0.1239, 3.7892, -1.5313)
(0.4504, 3.8704, -1.6952)
(0.7446, 3.5422, -1.5886)
(1.0285, 3.6563, -1.7811)
(1.2747, 3.3398, -1.7327)
(1.5725, 3.5922, -1.8502)
(1.6987, 3.4832, -1.8958)
(2.0176, 3.6041, -2.0031)
(2.0458, 3.4254, -2.14)
(-1.6789, 3.658, -2.3821)
(-1.3998, 3.9279, -2.5645)
(-1.1264, 4.0067, -2.2059)
(-0.789, 4.0752, -2.385)
(-0.4971, 4.0935, -2.0431)
(-0.2193, 3.9788, -2.1868)
(0.0998, 3.9549, -1.9029)
(0.3286, 3.9669, -2.0717)
(0.7054, 3.9098, -1.8914)
(0.8928, 4.0265, -1.9722)
(1.2573, 3.8115, -1.8762)
(1.4503, 3.992, -2.0146)
(1.7991, 3.7926, -1.985)
(1.8559, 3.9034, -2.3145)
(2.1127, 3.6651, -2.284)
(-1.6439, 3.8091, -2.9267)
(-1.3694, 3.864, -3.042)
(-1.0799, 3.971, -2.7235)
(-0.8146, 3.835, -2.7506)
(-0.5089, 3.9431, -2.4755)
(-0.327, 3.97, -2.4915)
(-0.0169, 3.9989, -2.2747)
(0.1489, 4.2427, -2.2672)
(0.5077, 4.1754, -2.1196)
(0.6815, 4.2812, -2.1824)
(1.0589, 4.1402, -2.0879)
(1.2579, 4.2525, -2.3612)
(1.5873, 4.1237, -2.3499)
(1.7236, 4.2704, -2.6485)
(1.906, 4.022, -2.6817)
(-1.604, 3.6948, -3.2836)
(-1.4305, 3.5963, -3.2404)
(-1.1392, 3.7375, -2.9967)
(-0.9883, 3.7541, -2.87)
(-0.6514, 3.8801, -2.6838)
(-0.547, 4.184, -2.5947)
(-0.1966, 4.2255, -2.4429)
(-0.0268, 4.3178, -2.3952)
(0.338, 4.3284, -2.2718)
(0.6017, 4.3495, -2.4159)
(0.9279, 4.3488, -2.3693)
(1.2421, 4.5513, -2.4634)
(1.5061, 4.4382, -2.5286)
(1.7287, 4.6229, -2.5918)
(1.8866, 4.4372, -2.8095)
(1.3067, -0.6039, 4.596)
(1.7015, -0.4147, 4.5846)
(1.5997, -0.6535, 4.5028)
(2.2458, -0.0587, 4.6144)
(2.0513, -0.4171, 4.4884)
(2.8229, 0.3352, 4.5529)
(2.6209, -0.0217, 4.484)
(3.4009, 0.7106, 4.399)
(3.1879, 0.3682, 4.3745)
(3.9925, 1.0538, 4.199)
(3.7634, 0.726, 4.2054)
(4.6149, 1.3718, 3.973)
(4.3635, 1.0328, 3.9764)
(5.2166, 1.7385, 3.8202)
(5.013, 1.3791, 3.7504)
(5.627, 1.7375, 3.637)
(-2.2733, -1.1232, -1.6838)
(-2.0324, 0.2854, -4.5633)
(-2.2784, -3.1172, 2.8768)
(-1.6132, -0.0933, -3.1048)
(-2.8627, -3.335, 2.5586)
(-3.4333, -3.4562, 2.1634)
(-2.4592, -1.4353, -1.1969)
(-3.9637, -3.5444, 1.7116)
(-4.4895, -3.6297, 1.2631)
(-4.9125, -3.4892, 0.7241)
(-5.5151, -3.5231, 0.3996)
(-1.908, -0.059, -4.0784)
(-6.1943, -3.6415, 0.1486)
(-1.8805, -0.4352, -2.6421)
(-2.0881, -0.8051, -2.1758)
(-3.7661, -2.0122, -0.5099)
(-2.6608, -1.7182, -0.6978)
(-3.1073, -1.9766, -0.2538)
(-4.1477, -2.3237, 0.0021)
(-4.7287, -2.6461, -0.3139)
(-2.0596, 0.7045, -5.0123)
(-1.6357, 0.517, -4.0872)
(-1.3584, 0.2067, -3.7056)
(-6.1833, -3.671, -0.3682)
(-6.0594, -3.6785, -0.048)
(-6.2954, -3.6555, 2.300739288330078e-05)
(-6.4087, -3.6733, -0.3028)
(-4.7834, -2.5648, -0.43)
(-4.7663, -2.5298, -0.364)
(-5.0085, -2.5172, -0.5762)
(-4.9554, -2.5555, -0.6228)
(-4.9531, -2.4511, -0.6696)
(-5.2519, -2.4542, -0.9331)
(-5.2709, -2.5118, -0.8078)
(-5.0897, -2.5906, -1.132)
(-5.3988, -2.6938, -1.3055)
(-5.5535, -2.4975, -1.1603)
(-5.2873, -2.91, -1.1756)
(-5.6141, -3.1079, -1.1704)
(-5.6879, -2.892, -1.3775)
(-5.5565, -3.2642, -0.8454)
(-5.9172, -3.4516, -0.8012)
(-5.9445, -3.3107, -1.1378)
(-5.8442, -3.5907, -0.457)
(-6.2632, -3.5692, -0.7016)
(-1.4858, -3.2798, 2.2152)
(-1.4692, -3.2072, 2.539)
(-1.8412, -3.2515, 2.6289)
(-1.9059, -3.3556, 2.305)
(-2.0102, -3.41, 1.9057)
(-2.3299, -3.3884, 2.3658)
(-2.4671, -3.4701, 1.9623)
(-2.6001, -3.4397, 1.5242)
(-2.908, -3.4908, 1.9909)
(-3.0453, -3.4913, 1.5593)
(-3.1728, -3.3871, 1.1213)
(-3.4709, -3.5311, 1.5657)
(-3.6031, -3.4806, 1.13)
(-3.73, -3.3362, 0.6951)
(-4.0134, -3.5791, 1.1121)
(-4.1539, -3.4926, 0.6708)
(-4.3026, -3.3328, 0.2445)
(-4.5689, -3.5857, 0.6383)
(-4.733, -3.5004, 0.2104)
(-4.8802, -3.364, -0.1627)
(-5.1387, -3.5859, 0.2125)
(-5.298, -3.543, -0.1615)
(-5.4418, -3.4194, -0.5074)
(-5.7085, -3.6506, -0.1112)
(-1.0861, -3.1701, 1.7888)
(-1.0098, -3.1369, 2.1739)
(-1.5558, -3.308, 1.843)
(-1.7008, -3.2863, 1.4177)
(-2.1519, -3.3622, 1.4793)
(-2.3076, -3.2717, 1.0596)
(-2.7391, -3.3046, 1.1018)
(-2.8913, -3.1885, 0.6971)
(-3.309, -3.2104, 0.7077)
(-3.4681, -3.0861, 0.3162)
(-3.88, -3.1436, 0.2975)
(-4.0615, -3.0187, -0.0604)
(-4.4752, -3.1414, -0.1057)
(-4.6636, -3.0025, -0.4224)
(-5.0513, -3.1795, -0.4725)
(-5.1971, -3.0435, -0.8209)
(0.3292, -2.5765, 1.6987)
(0.2016, -2.6133, 2.1046)
(-0.0258, -2.7588, 1.8316)
(-0.227, -2.8981, 1.4916)
(-0.4129, -2.9184, 2.0278)
(-0.6277, -3.0284, 1.6705)
(-0.8184, -3.1397, 1.2258)
(-1.254, -3.212, 1.3335)
(-1.4324, -3.2908, 0.8917)
(-1.8719, -3.2822, 0.9813)
(-2.0446, -3.3721, 0.5703)
(-2.4752, -3.2803, 0.6515)
(-2.6463, -3.3611, 0.245)
(-3.0634, -3.2062, 0.2967)
(-3.2343, -3.2565, -0.106)
(-3.6499, -3.1026, -0.0692)
(-3.8182, -3.1341, -0.4619)
(-4.2456, -3.0266, -0.4287)
(-4.3983, -3.0032, -0.7928)
(-4.8173, -2.9628, -0.7986)
(-4.9344, -2.8304, -1.1111)
(0.506, -2.5387, 1.1428)
(0.1459, -2.7391, 1.3214)
(-0.0206, -2.9154, 0.9127)
(-0.4043, -3.0589, 1.0838)
(-0.5756, -3.2425, 0.6697)
(-0.9954, -3.2977, 0.7991)
(-1.1714, -3.4354, 0.4233)
(-1.6047, -3.4332, 0.4945)
(-1.7842, -3.4617, 0.159)
(-2.2109, -3.4546, 0.1785)
(-2.3862, -3.3492, -0.1355)
(-2.8009, -3.3418, -0.153)
(-2.9672, -3.152, -0.4517)
(-3.3806, -3.1779, -0.4937)
(-3.5442, -2.942, -0.763)
(-3.9601, -3.0008, -0.7994)
(-4.1307, -2.7283, -0.8907)
(-4.5388, -2.7865, -0.9841)
(-4.7392, -2.5389, -0.8939)
(0.6975, -2.4903, 0.5559)
(0.3421, -2.7126, 0.7347)
(0.1782, -2.8846, 0.3278)
(-0.1863, -3.0909, 0.5036)
(-0.3689, -3.2276, 0.1033)
(-0.7558, -3.3596, 0.288)
(-0.969, -3.2781, -0.02)
(-1.3693, -3.3577, 0.1362)
(-1.6078, -3.0988, -0.0605)
(-1.9994, -3.2465, -0.0443)
(-2.2525, -2.9125, -0.1495)
(-2.6101, -3.0575, -0.2793)
(-2.8591, -2.6848, -0.346)
(-3.186, -2.8307, -0.583)
(-3.4522, -2.4806, -0.5954)
(-3.7737, -2.637, -0.7843)
(-4.0357, -2.4438, -0.5577)
(-4.3709, -2.5278, -0.6804)
(-4.6244, -2.4717, -0.4231)
(0.889, -2.4327, -0.0272)
(0.532, -2.6605, 0.1496)
(0.3567, -2.821, -0.2594)
(-0.0017, -3.0375, -0.0793)
(-0.2231, -3.116, -0.4769)
(-0.5941, -3.2387, -0.2611)
(-0.858, -3.0719, -0.5579)
(-1.2259, -3.0524, -0.2711)
(-1.4884, -2.7755, -0.4972)
(-1.8667, -2.8034, -0.244)
(-2.1059, -2.4706, -0.4212)
(-2.4981, -2.5497, -0.2682)
(-2.7267, -2.1732, -0.3705)
(-3.1222, -2.3014, -0.3851)
(-3.425, -2.0037, -0.3802)
(-3.7353, -2.2436, -0.5087)
(-3.9661, -2.1808, -0.2596)
(-4.2644, -2.4062, -0.2723)
(-4.4363, -2.4986, -0.1742)
(1.0622, -2.3317, -0.6067)
(0.7105, -2.5838, -0.4356)
(0.5136, -2.703, -0.8433)
(0.1526, -2.9337, -0.666)
(-0.1012, -2.913, -1.0368)
(-0.4842, -3.0351, -0.8203)
(-0.748, -2.7742, -1.0699)
(-1.1181, -2.7804, -0.7862)
(-1.3517, -2.4395, -0.9698)
(-1.7239, -2.4467, -0.6839)
(-1.9393, -2.1123, -0.8553)
(-2.3157, -2.1299, -0.5805)
(-2.4582, -1.8362, -0.7556)
(-2.872, -1.8522, -0.4847)
(1.1958, -2.1489, -1.1759)
(0.8595, -2.4317, -1.0105)
(0.6319, -2.4755, -1.4011)
(0.275, -2.7193, -1.2242)
(-0.0034, -2.5944, -1.5497)
(-0.3785, -2.7156, -1.3251)
(-0.6344, -2.4123, -1.5422)
(-0.9875, -2.4294, -1.2563)
(-1.2103, -2.1013, -1.4393)
(-1.5685, -2.1063, -1.1443)
(-1.7787, -1.8045, -1.3322)
(-2.1221, -1.8115, -1.038)
(-2.2574, -1.547, -1.2393)
(-2.5494, -1.5811, -0.9529)
(1.3138, -1.9268, -1.7361)
(0.9783, -2.2092, -1.5715)
(0.7316, -2.2142, -1.9507)
(0.3701, -2.4301, -1.7601)
(0.0844, -2.29, -2.0757)
(-0.2825, -2.3739, -1.821)
(-0.5418, -2.1124, -2.0578)
(-0.8705, -2.1038, -1.7449)
(-1.1086, -1.833, -1.9621)
(-1.4339, -1.8128, -1.6409)
(-1.6565, -1.5457, -1.8523)
(-1.9646, -1.5319, -1.5357)
(-2.0961, -1.2623, -1.7414)
(-2.3578, -1.2841, -1.4452)
(1.415, -1.6728, -2.2858)
(1.0807, -1.9571, -2.1236)
(0.8184, -1.9323, -2.4917)
(0.4557, -2.1429, -2.2988)
(0.1617, -1.9969, -2.6091)
(-0.2018, -2.0873, -2.3525)
(-0.4795, -1.8622, -2.6062)
(-0.7985, -1.8605, -2.2899)
(-1.058, -1.6227, -2.5265)
(-1.3518, -1.5839, -2.1873)
(-1.571, -1.3067, -2.396)
(-1.8392, -1.27, -2.0576)
(-1.9437, -0.9647, -2.247)
(-2.1743, -0.9704, -1.9359)
(1.502, -1.3916, -2.8241)
(1.169, -1.6785, -2.6649)
(0.8976, -1.6331, -3.0233)
(0.5326, -1.8421, -2.83)
(0.2333, -1.6897, -3.1348)
(-0.1339, -1.8039, -2.8887)
(-0.4222, -1.5817, -3.1444)
(-0.7522, -1.6278, -2.8495)
(-1.0063, -1.3515, -3.0664)
(-1.2964, -1.3489, -2.7424)
(-1.461, -0.9889, -2.8813)
(-1.7157, -0.975, -2.5685)
(-1.7581, -0.608, -2.7046)
(-1.9796, -0.626, -2.4173)
(1.5831, -1.0935, -3.3532)
(1.2505, -1.3829, -3.1971)
(0.9781, -1.3299, -3.5501)
(0.6074, -1.5312, -3.3536)
(0.3104, -1.3828, -3.6555)
(-0.0658, -1.4913, -3.4089)
(-0.334, -1.253, -3.6379)
(-0.6894, -1.3108, -3.3626)
(-0.8648, -0.957, -3.4736)
(-1.1849, -0.9785, -3.1868)
(-1.2284, -0.5552, -3.1729)
(-1.5025, -0.5687, -2.9259)
(-1.4926, -0.2172, -3.0749)
(-1.7506, -0.2635, -2.8914)
(1.6694, -0.7884, -3.8756)
(1.336, -1.083, -3.7244)
(1.0687, -1.0217, -4.0649)
(0.693, -1.2357, -3.8782)
(0.4052, -1.0864, -4.1481)
(0.0363, -1.2018, -3.9143)
(-0.1789, -0.9255, -4.0546)
(-0.5002, -0.9386, -3.7475)
(-0.5863, -0.5787, -3.7365)
(-0.9038, -0.5705, -3.4426)
(-0.9715, -0.2464, -3.4726)
(-1.2391, -0.2231, -3.25)
(-1.3153, 0.0635, -3.5878)
(-1.4871, 0.0702, -3.4659)
(1.7525, -0.4543, -4.3687)
(1.4279, -0.7633, -4.2303)
(1.1482, -0.6215, -4.4621)
(0.7816, -0.8693, -4.3171)
(0.5019, -0.6203, -4.374)
(0.134, -0.8289, -4.2801)
(-0.1212, -0.524, -4.2969)
(-0.3821, -0.5922, -4.1091)
(-0.5691, -0.2869, -4.1074)
(-0.7266, -0.2537, -3.7571)
(-1.0003, -0.0132, -3.9296)
(-1.1818, 0.0469, -3.724)
(-1.4753, 0.2656, -4.0187)
(-1.5144, 0.3927, -3.9787)
(1.7811, -0.024, -4.7436)
(1.4777, -0.3395, -4.601)
(1.191, -0.0856, -4.5788)
(0.868, -0.3669, -4.4498)
(0.6239, -0.1146, -4.2766)
(0.2607, -0.3547, -4.2496)
(0.0236, -0.0982, -4.2019)
(-0.3323, -0.2397, -4.2537)
(-0.5724, -0.002, -4.3181)
(-0.8078, -0.0782, -4.1754)
(-1.1778, -0.0241, -4.3444)
(-1.3651, 0.035, -4.1395)
(-1.6949, -0.0026, -4.2394)
(-1.7887, 0.25, -4.1201)
(1.7397, 0.4713, -4.9899)
(1.4851, 0.1996, -4.7527)
(1.193, 0.4829, -4.617)
(0.9318, 0.1938, -4.4136)
(0.6491, 0.3562, -4.4387)
(0.3608, 0.0866, -4.2785)
(0.0403, 0.2576, -4.5411)
(-0.2771, 0.151, -4.3846)
(-0.6302, 0.3271, -4.6578)
(-0.9223, 0.1627, -4.5093)
(-1.2826, 0.2627, -4.7132)
(-1.5318, 0.0418, -4.4911)
(-1.8054, 0.2323, -4.6455)
(-1.9615, 0.1126, -4.3273)
(1.5937, 0.929, -5.2741)
(1.4085, 0.7234, -4.9287)
(1.0531, 0.9176, -4.8959)
(0.8664, 0.6615, -4.6262)
(0.5634, 0.6563, -4.8644)
(0.3428, 0.3928, -4.7265)
(0.0346, 0.3934, -5.0665)
(-0.301, 0.3505, -4.8719)
(-0.6334, 0.4091, -5.1679)
(-0.9755, 0.4046, -4.9343)
(-1.3025, 0.4921, -5.1775)
(-1.5916, 0.3825, -4.9288)
(-1.8388, 0.5961, -5.0823)
(-2.038, 0.4936, -4.7947)
(1.4423, 1.2682, -5.526)
(1.2546, 1.1128, -5.203)
(0.9023, 1.21, -5.1773)
(0.7212, 0.96, -4.9852)
(0.4948, 0.8665, -5.2257)
(0.3219, 0.574, -5.1814)
(0.0584, 0.5532, -5.4639)
(-0.2837, 0.4382, -5.343)
(-0.6093, 0.5541, -5.5646)
(-0.9606, 0.5294, -5.3904)
(-1.2749, 0.7105, -5.5313)
(-1.5891, 0.6679, -5.3206)
(-1.8077, 0.8557, -5.4063)
(-2.0337, 0.8015, -5.1804)
(-1.7927, -3.1788, 2.8471)
(-2.1036, -3.1446, 2.9034)
(-2.1948, -3.2447, 2.6875)
(-2.5693, -3.2329, 2.7076)
(-2.7465, -3.3993, 2.3742)
(-3.1481, -3.3999, 2.3486)
(-3.3177, -3.4942, 1.9727)
(-3.6996, -3.5038, 1.9236)
(-3.8611, -3.5674, 1.5284)
(-4.2284, -3.5937, 1.474)
(-4.3929, -3.6217, 1.0655)
(-4.7179, -3.5645, 0.9991)
(-4.9252, -3.5684, 0.5976)
(-5.2454, -3.5125, 0.5793)
(-5.5024, -3.6024, 0.2328)
(-5.8642, -3.5922, 0.2743)
(-6.2275, -3.4615, 0.2859)
(-6.55, -3.2745, 0.2395)
(-6.6441, -3.4486, 0.1481)
(-6.3775, -3.6095, 0.1559)
(-4.7891, -2.5844, -0.3355)
(-4.8467, -2.6479, -0.4299)
(-5.057, -2.6304, -0.6583)
(-5.0704, -2.5661, -0.5511)
(-5.1116, -2.427, -0.3973)
(-5.4269, -2.4303, -0.7898)
(-5.5216, -2.3053, -0.5781)
(-5.6186, -2.2195, -0.302)
(-5.9332, -2.1342, -0.6871)
(-6.0616, -2.142, -0.3639)
(-6.1486, -2.1919, -0.0242)
(-6.4476, -2.115, -0.3861)
(-6.531, -2.2689, -0.0481)
(-6.4897, -2.4783, 0.2497)
(-6.807, -2.4824, -0.0819)
(-6.7096, -2.74, 0.1797)
(-6.4395, -3.0237, 0.3709)
(-6.8272, -3.0242, 0.0986)
(-2.1206, -2.3363, 3.3496)
(-2.3269, -2.1252, 3.2515)
(-2.5376, -2.4999, 3.0961)
(-2.28, -2.6665, 3.176)
(-2.8406, -2.3041, 2.946)
(-3.0871, -2.6816, 2.77)
(-2.739, -2.8496, 2.8963)
(-3.4136, -2.466, 2.5746)
(-3.646, -2.8129, 2.3707)
(-3.3038, -3.013, 2.5338)
(-3.9606, -2.5816, 2.1549)
(-4.1773, -2.9183, 1.9384)
(-3.8383, -3.1166, 2.1002)
(-4.5056, -2.6932, 1.7512)
(-4.7128, -3.0409, 1.5364)
(-4.3636, -3.2389, 1.6832)
(-5.0657, -2.7706, 1.3279)
(-5.2439, -3.0547, 1.0755)
(-4.8568, -3.2978, 1.2325)
(-5.6567, -2.7865, 0.8813)
(-5.8503, -3.0372, 0.6899)
(-5.3856, -3.2644, 0.7962)
(-6.2602, -2.7599, 0.5004)
(-6.0254, -3.2656, 0.4863)
(-2.03, -1.7356, 3.4188)
(-2.253, -1.5381, 3.176)
(-2.565, -1.9213, 3.069)
(-2.8343, -1.7445, 2.7842)
(-3.1399, -2.1043, 2.7081)
(-3.382, -1.919, 2.3802)
(-3.6881, -2.245, 2.2966)
(-3.9001, -2.0484, 1.9475)
(-4.2287, -2.3529, 1.8823)
(-4.4577, -2.1263, 1.5844)
(-4.7978, -2.4384, 1.5087)
(-5.0253, -2.2177, 1.1765)
(-5.3723, -2.5137, 1.044)
(-5.5685, -2.3123, 0.6872)
(-5.9602, -2.5287, 0.5998)
(-6.1211, -2.3055, 0.2946)
(-1.2881, -0.3347, 3.4602)
(-1.473, -0.7264, 3.4697)
(-1.1656, -0.6754, 3.6838)
(-1.7514, -0.722, 3.1721)
(-1.967, -1.1277, 3.2111)
(-1.6712, -1.1615, 3.518)
(-2.2467, -1.0249, 2.8168)
(-2.5289, -1.3832, 2.8198)
(-2.7449, -1.2915, 2.4117)
(-3.0555, -1.6112, 2.4148)
(-3.1978, -1.5388, 1.9876)
(-3.5528, -1.7743, 1.9829)
(-3.6699, -1.6707, 1.562)
(-4.065, -1.8808, 1.5727)
(-4.1939, -1.7351, 1.2197)
(-4.634, -1.9389, 1.241)
(-4.7048, -1.8774, 0.8313)
(-5.1451, -2.0915, 0.7658)
(-5.1617, -2.051, 0.4011)
(-5.6453, -2.1828, 0.3456)
(-5.6584, -2.1644, 0.0222)
(-1.445, 0.1093, 3.1191)
(-1.5772, -0.319, 3.1425)
(-1.7885, -0.305, 2.7341)
(-1.9886, -0.678, 2.7735)
(-2.1919, -0.631, 2.333)
(-2.4701, -0.9533, 2.3842)
(-2.5991, -0.963, 1.9309)
(-2.871, -1.2863, 1.9659)
(-2.9221, -1.3587, 1.5108)
(-3.2794, -1.5291, 1.5468)
(-3.344, -1.4648, 1.1344)
(-3.7593, -1.5575, 1.1814)
(-3.7972, -1.5611, 0.8321)
(-4.2369, -1.7191, 0.8671)
(-4.2098, -1.8335, 0.4848)
(-4.6835, -1.9299, 0.4513)
(-4.6831, -2.0384, 0.1375)
(-5.1565, -2.1021, 0.0941)
(-5.1553, -2.243, -0.1879)
(-1.5764, 0.539, 2.6953)
(-1.664, 0.1108, 2.7199)
(-1.7743, 0.0815, 2.2718)
(-1.9301, -0.3019, 2.2876)
(-2.0548, -0.2952, 1.8404)
(-2.3399, -0.6198, 1.8869)
(-2.395, -0.6853, 1.4323)
(-2.6351, -1.0513, 1.4731)
(-2.6217, -1.1715, 1.0271)
(-2.9441, -1.4063, 1.0745)
(-2.9961, -1.3683, 0.6496)
(-3.4027, -1.4198, 0.7415)
(-3.4044, -1.5876, 0.3588)
(-3.7824, -1.7433, 0.4564)
(-3.8037, -1.9022, 0.0499)
(-4.2317, -1.9591, 0.107)
(-4.3103, -2.133, -0.1199)
(-4.7302, -2.2275, -0.094)
(-4.7453, -2.4434, -0.2256)
(-1.6907, 0.9296, 2.2298)
(-1.7269, 0.5047, 2.2634)
(-1.7747, 0.4509, 1.8037)
(-1.8257, 0.0514, 1.8128)
(-1.8977, 0.0199, 1.3565)
(-2.1464, -0.3247, 1.3894)
(-2.1596, -0.4228, 0.9359)
(-2.3829, -0.8059, 0.981)
(-2.3391, -0.9419, 0.5433)
(-2.6153, -1.2453, 0.5923)
(-2.6573, -1.2692, 0.1598)
(-3.0434, -1.409, 0.2364)
(-3.0094, -1.6246, -0.136)
(-3.381, -1.8372, -0.0175)
(-3.4484, -1.985, -0.3835)
(-3.8935, -2.0159, -0.2556)
(-3.9477, -2.1552, -0.2482)
(-4.3538, -2.3226, -0.1284)
(-4.4402, -2.4712, -0.1376)
(-1.7984, 1.3011, 1.7474)
(-1.8222, 0.8776, 1.7911)
(-1.8849, 0.8082, 1.3317)
(-1.8072, 0.3949, 1.3408)
(-1.8473, 0.3177, 0.879)
(-1.9342, -0.0594, 0.9003)
(-1.9318, -0.1733, 0.4487)
(-2.1231, -0.558, 0.4921)
(-2.0894, -0.6856, 0.0601)
(-2.3197, -1.0442, 0.1132)
(-2.3479, -1.1244, -0.3103)
(-2.6775, -1.3663, -0.2439)
(-2.619, -1.5053, -0.5978)
(-2.8961, -1.8426, -0.4669)
(-1.8577, 1.6551, 1.2489)
(-1.9312, 1.2341, 1.3067)
(-2.0144, 1.1465, 0.8483)
(-1.9351, 0.7244, 0.868)
(-1.9837, 0.6341, 0.4036)
(-1.8805, 0.2249, 0.4188)
(-1.9234, 0.1341, -0.0333)
(-1.9407, -0.2794, 0.0058)
(-1.9659, -0.3734, -0.4233)
(-2.0978, -0.7838, -0.365)
(-2.1328, -0.8684, -0.7814)
(-2.3579, -1.2142, -0.7064)
(-2.3571, -1.2668, -1.0746)
(-2.5706, -1.5724, -0.9418)
(-1.8753, 1.9989, 0.7451)
(-1.9865, 1.5778, 0.807)
(-2.0507, 1.4823, 0.3486)
(-2.07, 1.0522, 0.3848)
(-2.112, 0.9554, -0.0777)
(-2.0362, 0.5426, -0.0546)
(-2.0863, 0.4557, -0.5014)
(-1.9735, 0.0476, -0.4703)
(-2.0354, -0.0313, -0.8959)
(-2.0177, -0.456, -0.8426)
(-2.0699, -0.5333, -1.257)
(-2.1659, -0.9315, -1.1788)
(-2.1974, -0.9526, -1.5549)
(-2.3747, -1.2745, -1.4354)
(-1.8482, 2.3233, 0.2427)
(-1.9576, 1.9092, 0.3013)
(-1.9405, 1.7917, -0.1512)
(-2.0648, 1.3777, -0.113)
(-2.048, 1.2687, -0.5708)
(-2.1393, 0.8622, -0.5349)
(-2.1638, 0.7765, -0.9821)
(-2.1371, 0.3766, -0.9387)
(-2.1825, 0.3, -1.3751)
(-2.0934, -0.1095, -1.3194)
(-2.1357, -0.1907, -1.7451)
(-2.114, -0.5918, -1.6588)
(-2.1059, -0.6177, -2.0421)
(-2.1871, -0.958, -1.9236)
(-1.8071, 2.5784, -0.2673)
(-1.8153, 2.1959, -0.1933)
(-1.7392, 2.0417, -0.6293)
(-1.8689, 1.6578, -0.5963)
(-1.7998, 1.5297, -1.0454)
(-2.0234, 1.1629, -1.0221)
(-1.9965, 1.0504, -1.4434)
(-2.1869, 0.6946, -1.4211)
(-2.1369, 0.5852, -1.8352)
(-2.1932, 0.2145, -1.8173)
(-2.1039, 0.11, -2.2143)
(-2.1175, -0.2582, -2.1528)
(-1.9636, -0.2842, -2.5053)
(-1.989, -0.6143, -2.4006)
(-1.9462, 2.7597, -0.7962)
(-1.8091, 2.4064, -0.6903)
(-1.7963, 2.2543, -1.1285)
(-1.6763, 1.9044, -1.0762)
(-1.6169, 1.7617, -1.5218)
(-1.7255, 1.3885, -1.4694)
(-1.6712, 1.2005, -1.8161)
(-1.9015, 0.8878, -1.7932)
(-1.7798, 0.7419, -2.1388)
(-1.9568, 0.4524, -2.1931)
(-1.742, 0.3413, -2.5333)
(-1.8625, 0.0248, -2.5368)
(-1.6411, 0.0057, -2.8972)
(-1.7432, -0.265, -2.8555)
(-2.0308, 2.9029, -1.3194)
(-2.018, 2.5777, -1.2035)
(-2.001, 2.4089, -1.629)
(-1.7592, 2.1214, -1.5782)
(-1.7992, 1.9234, -2.0215)
(-1.6415, 1.574, -1.9287)
(-1.7691, 1.3642, -2.2713)
(-1.7088, 1.0385, -2.1536)
(-1.8275, 0.9483, -2.5592)
(-1.7496, 0.664, -2.5513)
(-1.7446, 0.5863, -3.002)
(-1.6206, 0.2731, -2.9458)
(-1.537, 0.2731, -3.3998)
(-1.4845, 0.0431, -3.3445)
(-1.8414, 2.995, -1.7777)
(-2.0348, 2.6767, -1.6968)
(-2.116, 2.4853, -2.0806)
(-2.0252, 2.1963, -2.0561)
(-2.1475, 1.9791, -2.4619)
(-1.9226, 1.6732, -2.418)
(-2.1453, 1.4301, -2.6873)
(-1.972, 1.1685, -2.5794)
(-2.1336, 1.0458, -2.9526)
(-1.9092, 0.8843, -3.0101)
(-1.9398, 0.7234, -3.4091)
(-1.7123, 0.5112, -3.4307)
(-1.7166, 0.4274, -3.7887)
(-1.4797, 0.331, -3.8141)
(-1.8933, 3.2868, -2.2304)
(-2.0376, 2.874, -2.1325)
(-2.2552, 2.7755, -2.4601)
(-2.3103, 2.3534, -2.4335)
(-2.3942, 2.1983, -2.7189)
(-2.3176, 1.7956, -2.7561)
(-2.4069, 1.5839, -2.9775)
(-2.3498, 1.2359, -2.9431)
(-2.3809, 1.0114, -3.2488)
(-2.2231, 0.8374, -3.3138)
(-2.2483, 0.5282, -3.6339)
(-1.9952, 0.4341, -3.7178)
(-2.0231, 0.1855, -3.9966)
(-1.755, 0.208, -4.0454)
(-1.8909, 3.5364, -2.7543)
(-2.0903, 3.1755, -2.5789)
(-2.094, 2.9624, -2.8755)
(-2.2519, 2.5894, -2.7287)
(-2.1329, 2.3193, -2.963)
(-2.2852, 1.9555, -2.9463)
(-2.1887, 1.6949, -3.191)
(-2.2931, 1.3387, -3.2386)
(-2.1858, 1.118, -3.5298)
(-2.2711, 0.773, -3.5751)
(-2.2167, 0.6879, -3.9839)
(-2.2138, 0.3844, -4.0147)
(-2.1492, 0.4138, -4.4031)
(-1.9789, 0.1138, -4.3143)
(-1.7918, 3.5866, -3.2216)
(-1.9676, 3.3094, -3.0925)
(-1.9951, 2.9959, -3.2957)
(-2.0581, 2.6704, -3.13)
(-2.2371, 2.4115, -3.326)
(-2.2209, 2.06, -3.2011)
(-2.4302, 1.8274, -3.4105)
(-2.287, 1.4716, -3.4469)
(-2.3665, 1.356, -3.7408)
(-2.2122, 1.032, -3.8836)
(-2.2696, 1.0443, -4.291)
(-2.2128, 0.7329, -4.4067)
(-2.1861, 0.78, -4.7729)
(-2.054, 0.4963, -4.7809)
(-1.7172, 3.3912, -3.3141)
(-1.8733, 3.2467, -3.291)
(-2.0755, 2.9685, -3.2437)
(-2.1921, 2.7304, -3.3729)
(-2.4913, 2.5336, -3.4961)
(-2.4747, 2.1941, -3.4823)
(-2.4694, 1.987, -3.6324)
(-2.4424, 1.6531, -3.6189)
(-2.38, 1.5908, -3.9187)
(-2.3806, 1.3304, -4.1118)
(-2.4979, 1.2597, -4.484)
(-2.3529, 1.0091, -4.655)
(-2.4703, 0.945, -4.9318)
(-2.2336, 0.7763, -5.0613)
(-2.1035, -2.7641, 3.2148)
(-2.4133, -2.9508, 2.969)
(-2.195, -3.0075, 3.0054)
(-2.9443, -3.1444, 2.6495)
(-2.5719, -3.2193, 2.7279)
(-3.5023, -3.2749, 2.2526)
(-3.148, -3.3913, 2.3734)
(-4.0263, -3.3701, 1.8072)
(-3.6975, -3.4969, 1.9514)
(-4.5395, -3.4651, 1.3769)
(-4.2248, -3.5804, 1.5007)
(-4.9929, -3.4194, 0.8728)
(-4.684, -3.5544, 0.9881)
(-5.5855, -3.4133, 0.5286)
(-5.1822, -3.4998, 0.5444)
(-5.8452, -3.5725, 0.2739)
(5.9073, 1.7869, 3.2731)
(4.7595, 1.81, 2.6029)
(4.7063, 1.9965, 2.4979)
(4.8485, 2.0773, 2.1912)
(5.0816, 2.0003, 2.2209)
(5.369, 1.8606, 2.5407)
(5.7051, 1.6839, 2.8752)
(1.7771, -1.1189, 3.7706)
(2.2184, -0.7446, 3.804)
(2.7947, -0.3692, 3.8285)
(3.4023, -0.0412, 3.8279)
(4.0059, 0.2716, 3.8062)
(4.3681, 0.6461, 3.5923)
(4.6959, 1.0462, 3.3004)
(5.2401, 1.4221, 3.0987)
(1.7974, -1.367, 3.2215)
(2.353, -0.9884, 3.2666)
(2.9516, -0.6187, 3.2983)
(3.5426, -0.2631, 3.2984)
(4.1214, 0.0936, 3.2703)
(4.4542, 0.5528, 3.1413)
(4.6103, 1.0721, 2.9334)
(4.9533, 1.5393, 2.7386)
(0.8048, -2.2395, 2.1417)
(1.3147, -1.8872, 2.4312)
(1.8963, -1.5527, 2.6399)
(2.5388, -1.2223, 2.7311)
(3.1309, -0.8482, 2.768)
(3.6746, -0.4297, 2.744)
(4.1881, 0.014, 2.6913)
(4.6097, 0.5265, 2.6322)
(4.8201, 1.1027, 2.6034)
(4.9046, 1.6208, 2.4573)
(0.9424, -2.1816, 1.6568)
(1.491, -1.8447, 1.8687)
(2.1063, -1.6233, 2.0453)
(2.7203, -1.3653, 2.1693)
(3.2297, -0.9374, 2.2251)
(3.6626, -0.4299, 2.2255)
(4.0518, 0.1138, 2.2181)
(4.4374, 0.6585, 2.1806)
(4.7322, 1.152, 2.3273)
(4.7851, 1.6363, 2.382)
(1.1243, -2.1235, 1.0696)
(1.6837, -1.7865, 1.2775)
(2.2994, -1.5869, 1.4605)
(2.7996, -1.2781, 1.6176)
(3.0897, -0.7401, 1.7796)
(3.35, -0.1691, 1.9419)
(3.6493, 0.4029, 1.9816)
(3.9958, 0.9471, 1.9438)
(4.2565, 1.3465, 2.2125)
(4.4655, 1.6515, 2.508)
(1.3243, -2.0772, 0.4887)
(1.8771, -1.7227, 0.7023)
(2.4635, -1.4393, 0.8982)
(2.9108, -1.0433, 1.1035)
(3.0632, -0.4673, 1.3719)
(3.1303, 0.1262, 1.6648)
(3.262, 0.7146, 1.8265)
(3.5669, 1.198, 1.9597)
(3.9261, 1.5628, 2.2572)
(4.3443, 1.7378, 2.5295)
(1.5207, -2.0105, -0.0865)
(2.0644, -1.6294, 0.1342)
(2.6165, -1.2556, 0.3422)
(3.0426, -0.7971, 0.5763)
(3.1334, -0.224, 0.8622)
(3.0268, 0.3644, 1.1707)
(2.9408, 0.9114, 1.467)
(1.6615, -1.8599, -0.6553)
(2.175, -1.4488, -0.4234)
(2.6781, -1.0193, -0.2029)
(3.0111, -0.5117, 0.0499)
(2.9956, 0.0451, 0.3524)
(2.8127, 0.5837, 0.6693)
(2.6802, 1.0442, 0.9525)
(1.7734, -1.6519, -1.2166)
(2.2479, -1.2134, -0.9729)
(2.667, -0.7305, -0.7316)
(2.9166, -0.1982, -0.4603)
(2.8611, 0.327, -0.1514)
(2.6432, 0.8259, 0.161)
(2.494, 1.2683, 0.4317)
(1.8869, -1.4255, -1.77)
(2.3245, -0.9657, -1.5131)
(2.6375, -0.43, -1.2448)
(2.8319, 0.1261, -0.9631)
(2.8061, 0.6403, -0.6591)
(2.5538, 1.1104, -0.3527)
(2.3425, 1.5231, -0.0935)
(1.9781, -1.1619, -2.3107)
(2.3612, -0.6781, -2.0358)
(2.5606, -0.1074, -1.7411)
(2.7249, 0.4576, -1.4601)
(2.7547, 0.9722, -1.1654)
(2.481, 1.4212, -0.8685)
(2.2062, 1.8022, -0.6264)
(2.0523, -0.868, -2.8379)
(2.3968, -0.371, -2.5478)
(2.4992, 0.2108, -2.2415)
(2.6163, 0.782, -1.9654)
(2.6868, 1.3117, -1.6697)
(2.3856, 1.7403, -1.3833)
(2.028, 2.0686, -1.1649)
(2.1155, -0.5531, -3.3533)
(2.4118, -0.0443, -3.0466)
(2.3899, 0.5213, -2.7307)
(2.376, 1.0578, -2.4087)
(2.4278, 1.5783, -2.0515)
(2.2128, 2.0652, -1.8192)
(1.9106, 2.4286, -1.6676)
(2.1691, -0.2216, -3.857)
(2.4086, 0.3071, -3.5307)
(2.3361, 0.8642, -3.1866)
(2.2229, 1.3803, -2.8113)
(2.2122, 1.8954, -2.4205)
(2.1043, 2.4587, -2.2349)
(1.9087, 2.8996, -2.1187)
(2.2226, 0.1247, -4.348)
(2.4018, 0.6685, -4.0074)
(2.3422, 1.2452, -3.6382)
(2.2374, 1.7872, -3.2709)
(2.2002, 2.322, -2.8881)
(2.2179, 2.8673, -2.5737)
(2.1493, 3.2715, -2.3136)
(2.2437, 0.4985, -4.8125)
(2.4501, 1.0243, -4.4777)
(2.4403, 1.5958, -4.0859)
(2.3835, 2.1469, -3.6945)
(2.3464, 2.6909, -3.2832)
(2.3079, 3.1804, -2.855)
(2.2034, 3.5242, -2.478)
(2.1676, 0.9023, -5.2345)
(2.4649, 1.3869, -4.9379)
(2.5237, 1.939, -4.5286)
(2.5022, 2.4882, -4.0991)
(2.4308, 3.0269, -3.6676)
(2.2362, 3.5051, -3.2366)
(2.0082, 3.8646, -2.8585)
(2.0372, 1.2537, -5.5755)
(2.3623, 1.7007, -5.3196)
(2.4091, 2.2474, -4.9065)
(2.3866, 2.7935, -4.4764)
(2.31, 3.3287, -4.0394)
(2.1729, 3.8352, -3.5893)
(2.0077, 4.2254, -3.1974)
(1.7269, -0.8885, 4.1837)
(2.1083, -0.5305, 4.2626)
(2.6674, -0.1324, 4.2693)
(3.2495, 0.2373, 4.212)
(3.8413, 0.571, 4.1173)
(4.3747, 0.8877, 3.8922)
(4.8788, 1.2128, 3.6311)
(5.4492, 1.5623, 3.467)
(5.9551, 2.163, 3.7403)
(4.6157, 2.1184, 2.4756)
(4.7289, 2.5126, 2.5313)
(4.9009, 2.9164, 2.8377)
(5.1632, 3.1206, 3.2972)
(5.476, 3.0154, 3.7196)
(5.7751, 2.5917, 3.8538)
(1.2022, -0.1673, 4.6691)
(1.6974, 0.1606, 4.733)
(2.2837, 0.5582, 4.7265)
(2.8789, 0.9405, 4.6135)
(3.4785, 1.3025, 4.4559)
(4.095, 1.6614, 4.2725)
(4.677, 1.9989, 4.0931)
(5.2693, 2.3099, 3.9642)
(0.807, 0.2084, 4.5282)
(1.3614, 0.6236, 4.6081)
(1.963, 1.0343, 4.5901)
(2.5731, 1.3912, 4.4591)
(3.1892, 1.7244, 4.2968)
(3.8049, 2.0886, 4.1166)
(4.4029, 2.4126, 3.9389)
(5.003, 2.7238, 3.8419)
(-0.6844, -0.1373, 3.7979)
(-0.1135, 0.1836, 4.0154)
(0.4789, 0.5682, 4.1698)
(1.0834, 1.0041, 4.2289)
(1.6953, 1.3729, 4.1812)
(2.311, 1.6775, 4.0194)
(2.9185, 1.9761, 3.8188)
(3.5337, 2.2631, 3.6104)
(4.1543, 2.5203, 3.4554)
(4.7602, 2.8158, 3.4134)
(-0.8495, 0.2309, 3.5018)
(-0.2714, 0.5572, 3.6029)
(0.296, 0.9416, 3.6967)
(0.8989, 1.2707, 3.7166)
(1.5327, 1.4894, 3.6276)
(2.1606, 1.6958, 3.4642)
(2.7531, 1.969, 3.2625)
(3.3556, 2.171, 3.0677)
(3.9928, 2.336, 2.9687)
(4.623, 2.6037, 2.9335)
(-1.0293, 0.6338, 3.0809)
(-0.4106, 0.8761, 3.0931)
(0.1752, 1.2135, 3.1543)
(0.7947, 1.4119, 3.1437)
(1.4543, 1.4214, 3.0435)
(2.1023, 1.4863, 2.9046)
(2.7114, 1.706, 2.7199)
(3.3157, 1.8827, 2.5475)
(3.9271, 1.9895, 2.5748)
(4.5302, 2.2098, 2.6398)
(-1.181, 1.0038, 2.6111)
(-0.5337, 1.1344, 2.5632)
(0.0944, 1.3746, 2.5758)
(0.7338, 1.4658, 2.5436)
(1.3946, 1.3368, 2.4533)
(2.0532, 1.2795, 2.3443)
(2.7112, 1.3764, 2.2117)
(3.3434, 1.5171, 2.1892)
(3.8644, 1.7333, 2.378)
(4.3895, 1.9272, 2.5541)
(-1.301, 1.3843, 2.1405)
(-0.6403, 1.4146, 2.0515)
(0.0178, 1.481, 1.9948)
(0.6741, 1.484, 1.9433)
(1.3314, 1.3594, 1.8589)
(1.9835, 1.2511, 1.7661)
(2.6, 1.2028, 1.6694)
(-1.3729, 1.7852, 1.6833)
(-0.7149, 1.8029, 1.6063)
(-0.047, 1.7359, 1.4903)
(0.6214, 1.6744, 1.4113)
(1.2739, 1.5935, 1.338)
(1.9065, 1.4796, 1.2509)
(2.4204, 1.3303, 1.1408)
(-1.4093, 2.1741, 1.2147)
(-0.7521, 2.2408, 1.186)
(-0.0779, 2.1639, 1.0674)
(0.584, 2.0793, 0.972)
(1.2191, 1.9855, 0.8924)
(1.8227, 1.8344, 0.7858)
(2.2794, 1.6061, 0.6366)
(-1.4526, 2.5294, 0.7199)
(-0.7935, 2.6176, 0.7113)
(-0.1144, 2.5542, 0.6119)
(0.5405, 2.4645, 0.5159)
(1.16, 2.3547, 0.4251)
(1.7342, 2.1613, 0.2956)
(2.1418, 1.8796, 0.1208)
(-1.5117, 2.8219, 0.1912)
(-0.8542, 2.8868, 0.1701)
(-0.1795, 2.8049, 0.0699)
(0.4713, 2.7318, -0.0137)
(1.0867, 2.6569, -0.0815)
(1.6051, 2.4213, -0.211)
(1.9754, 2.1191, -0.4021)
(-1.5794, 3.0273, -0.3724)
(-0.9234, 3.0395, -0.4122)
(-0.2548, 2.9365, -0.5155)
(0.3644, 2.7914, -0.5543)
(0.9251, 2.619, -0.5136)
(1.3793, 2.4436, -0.6493)
(1.7418, 2.2896, -0.9205)
(-1.6398, 3.1561, -0.9479)
(-0.9761, 3.1226, -0.999)
(-0.2974, 3.0236, -1.1023)
(0.2998, 2.8195, -1.0843)
(0.819, 2.5531, -0.922)
(1.2475, 2.551, -1.0711)
(1.5934, 2.6404, -1.4426)
(-1.547, 3.3349, -1.3715)
(-0.958, 3.4338, -1.3321)
(-0.2715, 3.3466, -1.3828)
(0.3543, 3.1453, -1.3894)
(0.9099, 2.8904, -1.3356)
(1.3095, 2.9807, -1.542)
(1.6045, 3.1468, -1.8993)
(-1.4289, 3.6061, -1.7612)
(-0.8836, 3.8756, -1.609)
(-0.2106, 3.8604, -1.5406)
(0.4439, 3.6794, -1.5465)
(1.0224, 3.4038, -1.6557)
(1.4999, 3.4002, -1.808)
(1.8756, 3.4826, -2.0102)
(-1.4162, 3.8563, -2.2898)
(-0.813, 4.0889, -2.1253)
(-0.197, 4.028, -1.9606)
(0.4062, 3.9279, -1.8893)
(0.9822, 3.8595, -1.8809)
(1.5454, 3.8013, -1.905)
(1.9763, 3.7437, -2.1215)
(-1.3779, 3.9295, -2.8298)
(-0.7845, 3.9629, -2.5999)
(-0.2597, 3.9477, -2.3679)
(0.2398, 4.0976, -2.1909)
(0.7801, 4.1734, -2.0726)
(1.34, 4.1314, -2.1934)
(1.7689, 4.0843, -2.5133)
(-1.3908, 3.7444, -3.1672)
(-0.8887, 3.772, -2.8304)
(-0.4274, 4.058, -2.5587)
(0.0602, 4.3077, -2.3324)
(0.6276, 4.3321, -2.2978)
(1.2326, 4.394, -2.441)
(1.7175, 4.45, -2.6552)
(1.4911, -0.5244, 4.5855)
(1.9612, -0.2505, 4.6022)
(2.5343, 0.139, 4.597)
(3.1117, 0.526, 4.4838)
(3.6928, 0.887, 4.304)
(4.3039, 1.2096, 4.0827)
(4.9175, 1.5561, 3.8871)
(5.511, 1.8945, 3.7721)
(-6.2526, -3.6835, -0.1764)
(-4.8896, -2.5446, -0.4854)
(-5.1381, -2.468, -0.7283)
(-5.3296, -2.5345, -1.158)
(-5.492, -2.8978, -1.2942)
(-5.7605, -3.2924, -1.0001)
(-6.0662, -3.5868, -0.583)
(-1.6756, -3.2826, 2.4314)
(-2.1756, -3.422, 2.1461)
(-2.7586, -3.4905, 1.765)
(-3.3268, -3.4846, 1.3479)
(-3.8761, -3.4856, 0.904)
(-4.4426, -3.4951, 0.4345)
(-5.0162, -3.5169, 0.0125)
(-5.5815, -3.5723, -0.3172)
(-1.2797, -3.2326, 2.0084)
(-1.8499, -3.3515, 1.6654)
(-2.4486, -3.3432, 1.2917)
(-3.0254, -3.2577, 0.9072)
(-3.5921, -3.1699, 0.5039)
(-4.1764, -3.136, 0.0916)
(-4.7685, -3.154, -0.2897)
(-5.3177, -3.2214, -0.6637)
(0.2608, -2.5947, 1.9158)
(-0.3225, -2.9036, 1.7605)
(-0.9418, -3.1343, 1.5132)
(-1.5642, -3.2587, 1.1543)
(-2.1757, -3.29, 0.8166)
(-2.7705, -3.2509, 0.4775)
(-3.3558, -3.1536, 0.1135)
(-3.9472, -3.0612, -0.2498)
(-4.5402, -2.9942, -0.6087)
(-5.065, -2.9331, -0.9996)
(0.4128, -2.5584, 1.4344)
(-0.1249, -2.9073, 1.2068)
(-0.6955, -3.1902, 0.9463)
(-1.2993, -3.3786, 0.6481)
(-1.9093, -3.4607, 0.3382)
(-2.5079, -3.4108, 0.0146)
(-3.0913, -3.2618, -0.3232)
(-3.6701, -3.0927, -0.6589)
(-4.25, -2.897, -0.9011)
(-4.8229, -2.6787, -1.0674)
(0.6013, -2.5155, 0.8486)
(0.0811, -2.9065, 0.6197)
(-0.4649, -3.253, 0.389)
(-1.0583, -3.3851, 0.2089)
(-1.6845, -3.3109, 0.0522)
(-2.3095, -3.1604, -0.1527)
(-2.8993, -2.9449, -0.4279)
(-3.4786, -2.7241, -0.7183)
(-4.0679, -2.5767, -0.7496)
(-4.6827, -2.4783, -0.6506)
(0.7939, -2.4639, 0.2641)
(0.2698, -2.8563, 0.0348)
(-0.2906, -3.1811, -0.1866)
(-0.9073, -3.1775, -0.2823)
(-1.5465, -2.9256, -0.2549)
(-2.1846, -2.6788, -0.2455)
(-2.808, -2.4173, -0.3166)
(-3.4359, -2.2425, -0.4791)
(-4.0022, -2.314, -0.3961)
(-4.5381, -2.4801, -0.2765)
(0.9799, -2.3913, -0.3179)
(0.4392, -2.774, -0.5536)
(-0.1596, -3.0299, -0.7626)
(-0.8051, -2.9372, -0.8218)
(-1.4231, -2.6131, -0.7374)
(-2.0233, -2.2836, -0.6302)
(-2.5964, -1.9891, -0.5354)
(1.1327, -2.2484, -0.8926)
(0.5767, -2.5992, -1.1247)
(-0.05, -2.7604, -1.2957)
(-0.69, -2.5924, -1.3053)
(-1.2787, -2.2653, -1.2008)
(-1.8561, -1.9524, -1.0889)
(-2.349, -1.6902, -0.9937)
(1.2564, -2.0415, -1.4572)
(0.6834, -2.3468, -1.6765)
(0.0416, -2.4379, -1.8101)
(-0.5842, -2.2524, -1.7934)
(-1.1525, -1.9567, -1.6933)
(-1.7119, -1.6696, -1.5873)
(-2.1743, -1.4047, -1.4889)
(1.3666, -1.8037, -2.0124)
(0.7764, -2.0759, -2.2225)
(0.1243, -2.1442, -2.3427)
(-0.5082, -1.9861, -2.3307)
(-1.0794, -1.7269, -2.2423)
(-1.6115, -1.4286, -2.1237)
(-2.0204, -1.1176, -1.9953)
(1.4598, -1.535, -2.5563)
(0.8585, -1.7842, -2.7585)
(0.1977, -1.8455, -2.8733)
(-0.4513, -1.7292, -2.8788)
(-1.0358, -1.5024, -2.8055)
(-1.5264, -1.1662, -2.6582)
(-1.86, -0.7959, -2.4891)
(1.5425, -1.2438, -3.0895)
(0.9368, -1.4807, -3.2868)
(0.2697, -1.5317, -3.3941)
(-0.3886, -1.4188, -3.3993)
(-0.9588, -1.1628, -3.2946)
(-1.3608, -0.7694, -3.044)
(-1.6292, -0.4047, -2.8854)
(1.6251, -0.9419, -3.6154)
(1.0228, -1.1809, -3.8126)
(0.3573, -1.2465, -3.9172)
(-0.2509, -1.0937, -3.856)
(-0.7139, -0.7583, -3.6014)
(-1.0803, -0.3899, -3.3054)
(-1.3736, -0.0721, -3.32)
(1.7147, -0.6297, -4.1308)
(1.1124, -0.8383, -4.2918)
(0.4503, -0.8701, -4.3112)
(-0.1506, -0.733, -4.2229)
(-0.5544, -0.4239, -3.9253)
(-0.9505, -0.101, -3.6915)
(-1.3668, 0.2093, -3.8286)
(1.7744, -0.2515, -4.5761)
(1.1725, -0.3671, -4.5515)
(0.5661, -0.3673, -4.3308)
(-0.0486, -0.3106, -4.243)
(-0.57, -0.1546, -4.2224)
(-1.0875, -0.0248, -4.1496)
(-1.5923, 0.1309, -4.1309)
(1.773, 0.221, -4.871)
(1.2055, 0.2062, -4.5799)
(0.6538, 0.1351, -4.3096)
(0.0469, 0.1032, -4.3136)
(-0.5996, 0.18, -4.4578)
(-1.2433, 0.095, -4.521)
(-1.7629, 0.0602, -4.4228)
(1.6743, 0.7128, -5.1292)
(1.1346, 0.7216, -4.7366)
(0.6117, 0.5259, -4.6421)
(0.0336, 0.34, -4.8093)
(-0.6397, 0.3843, -4.9113)
(-1.301, 0.3906, -4.9452)
(-1.8296, 0.4218, -4.8726)
(1.5161, 1.1092, -5.405)
(0.9752, 1.0745, -5.0429)
(0.5252, 0.7661, -5.0562)
(0.0441, 0.4655, -5.2794)
(-0.6221, 0.4683, -5.3809)
(-1.2919, 0.5983, -5.3683)
(-1.8303, 0.7359, -5.2555)
(-1.9806, -3.2034, 2.7806)
(-2.4587, -3.3204, 2.5467)
(-3.0348, -3.4541, 2.1803)
(-3.5921, -3.5303, 1.7538)
(-4.1276, -3.6046, 1.2996)
(-4.6561, -3.5972, 0.8256)
(-5.2096, -3.5732, 0.4021)
(-5.7965, -3.645, 0.0858)
(-6.4568, -3.4621, 0.2094)
(-4.9355, -2.6252, -0.4942)
(-5.2726, -2.4457, -0.5886)
(-5.7902, -2.196, -0.4974)
(-6.3186, -2.1606, -0.2053)
(-6.668, -2.4736, 0.0842)
(-6.6525, -3.0227, 0.2312)
(-2.3163, -2.4152, 3.2285)
(-2.8012, -2.5927, 2.9433)
(-3.3708, -2.7545, 2.5784)
(-3.9125, -2.863, 2.152)
(-4.446, -2.986, 1.7405)
(-4.9737, -3.0594, 1.3065)
(-5.5383, -3.046, 0.8709)
(-6.1627, -3.0291, 0.5236)
(-2.2956, -1.8278, 3.2411)
(-2.8505, -2.0158, 2.8939)
(-3.4183, -2.1801, 2.5075)
(-3.956, -2.3025, 2.0836)
(-4.5109, -2.3969, 1.6996)
(-5.084, -2.4796, 1.2847)
(-5.6656, -2.5321, 0.811)
(-6.2455, -2.5035, 0.4168)
(-1.2228, -0.5156, 3.5819)
(-1.7163, -0.9381, 3.3518)
(-2.2477, -1.266, 3.0219)
(-2.7976, -1.5014, 2.619)
(-3.3059, -1.7008, 2.2018)
(-3.8017, -1.8367, 1.766)
(-4.3494, -1.9044, 1.4136)
(-4.8972, -2.0105, 1.0129)
(-5.3902, -2.149, 0.5441)
(-5.9119, -2.1984, 0.1582)
(-1.3657, -0.1199, 3.3042)
(-1.7764, -0.5103, 2.9623)
(-2.2298, -0.8162, 2.5817)
(-2.6794, -1.1156, 2.1779)
(-3.067, -1.436, 1.7534)
(-3.5138, -1.5486, 1.3534)
(-4.0025, -1.6191, 1.0308)
(-4.4607, -1.8275, 0.6625)
(-4.9153, -2.0194, 0.269)
(-5.4, -2.1793, -0.0997)
(-1.5148, 0.3301, 2.9145)
(-1.7857, -0.1084, 2.5033)
(-2.1314, -0.4593, 2.0852)
(-2.5024, -0.8216, 1.6816)
(-2.7714, -1.2721, 1.2685)
(-3.17, -1.4105, 0.8971)
(-3.5978, -1.5602, 0.6051)
(-3.9931, -1.8635, 0.2741)
(-4.4871, -2.0861, -0.0005)
(-4.9357, -2.3496, -0.2272)
(-1.6338, 0.7377, 2.4657)
(-1.7645, 0.2675, 2.0384)
(-1.9718, -0.135, 1.5976)
(-2.2818, -0.5512, 1.1832)
(-2.478, -1.0601, 0.7852)
(-2.8249, -1.3222, 0.4024)
(-3.2111, -1.6141, 0.1081)
(-3.6249, -1.9418, -0.166)
(-4.1308, -2.1542, -0.1973)
(-4.5837, -2.4756, -0.194)
(-1.748, 1.1175, 1.9905)
(-1.8187, 0.6318, 1.5685)
(-1.8499, 0.1685, 1.1172)
(-2.0312, -0.3014, 0.6915)
(-2.2056, -0.819, 0.3018)
(-2.4956, -1.2072, -0.0766)
(-2.8061, -1.583, -0.3684)
(-1.8345, 1.4799, 1.4997)
(-1.9554, 0.9786, 1.092)
(-1.9006, 0.4738, 0.6414)
(-1.8961, -0.0255, 0.2062)
(-2.0051, -0.5361, -0.1824)
(-2.224, -1.0104, -0.5451)
(-2.4726, -1.3983, -0.8344)
(-1.8711, 1.828, 0.997)
(-2.0482, 1.3152, 0.6001)
(-2.0633, 0.7945, 0.1647)
(-1.9989, 0.2949, -0.2676)
(-1.9799, -0.2029, -0.6606)
(-2.0812, -0.706, -1.0186)
(-2.2663, -1.1153, -1.3143)
(-1.8694, 2.1665, 0.494)
(-2.017, 1.6432, 0.0963)
(-2.1083, 1.1164, -0.3248)
(-2.1483, 0.6169, -0.7396)
(-2.113, 0.1361, -1.1323)
(-2.0942, -0.3597, -1.4976)
(-2.1471, -0.7861, -1.7976)
(-1.8145, 2.4616, -0.0103)
(-1.8278, 1.9234, -0.3904)
(-1.9365, 1.4049, -0.8102)
(-2.1171, 0.928, -1.2234)
(-2.2077, 0.4575, -1.6218)
(-2.1626, -0.0314, -1.9966)
(-2.057, -0.4476, -2.2837)
(-1.8594, 2.6743, -0.5296)
(-1.7318, 2.1515, -0.876)
(-1.6745, 1.6492, -1.2809)
(-1.8139, 1.1306, -1.6295)
(-1.9516, 0.6675, -1.9896)
(-1.9205, 0.2293, -2.3733)
(-1.8022, -0.1346, -2.6968)
(-2.0237, 2.8414, -1.0633)
(-1.9021, 2.3468, -1.3815)
(-1.6693, 1.8602, -1.7711)
(-1.6635, 1.2888, -2.0363)
(-1.7475, 0.8439, -2.3366)
(-1.6973, 0.4613, -2.7529)
(-1.5516, 0.1402, -3.143)
(-1.9359, 2.9365, -1.5552)
(-2.0588, 2.4338, -1.8643)
(-1.9628, 1.9434, -2.2601)
(-1.9408, 1.3978, -2.493)
(-1.963, 1.0201, -2.7691)
(-1.82, 0.6966, -3.2316)
(-1.5998, 0.3938, -3.6212)
(-1.8451, 3.1246, -1.9984)
(-2.2056, 2.6173, -2.2748)
(-2.3277, 2.0809, -2.6081)
(-2.3373, 1.5014, -2.8471)
(-2.3086, 1.0279, -3.1068)
(-2.1144, 0.6265, -3.5234)
(-1.8745, 0.3022, -3.8889)
(-1.9111, 3.4303, -2.484)
(-2.1982, 2.893, -2.654)
(-2.2754, 2.2734, -2.8253)
(-2.2923, 1.6441, -3.0876)
(-2.2835, 1.041, -3.3937)
(-2.2582, 0.5552, -3.7969)
(-2.112, 0.2463, -4.183)
(-1.8444, 3.5935, -3.0216)
(-2.0196, 2.9925, -3.1211)
(-2.1341, 2.3623, -3.1498)
(-2.2777, 1.7559, -3.2991)
(-2.2491, 1.2302, -3.6435)
(-2.2155, 0.87, -4.1529)
(-2.1533, 0.6101, -4.6083)
(-1.7504, 3.5089, -3.3035)
(-2.0212, 2.9854, -3.3169)
(-2.3624, 2.4699, -3.4334)
(-2.4856, 1.9056, -3.5217)
(-2.4032, 1.476, -3.8312)
(-2.3711, 1.1683, -4.3966)
(-2.3055, 0.8807, -4.8717)
(-2.239, -2.856, 3.0976)
(-2.6616, -3.0508, 2.8189)
(-3.2274, -3.2176, 2.4599)
(-3.7657, -3.3213, 2.0291)
(-4.2894, -3.4276, 1.598)
(-4.7621, -3.4513, 1.1207)
(-5.2711, -3.4067, 0.682)
(-5.9207, -3.4382, 0.3961)
