(3.0168, 1.8895, -5.4079)
(3.1776, 2.3958, -4.9841)
(3.1758, 2.938, -4.5559)
(3.1072, 3.4802, -4.1282)
(3.0352, 4.022, -3.6999)
(2.951, 1.6239, -5.0575)
(3.1419, 2.1247, -4.6389)
(2.9994, 4.5333, -3.2943)
(3.1674, 2.6648, -4.2105)
(3.0138, 4.8189, -2.9793)
(3.1142, 3.2075, -3.7821)
(3.048, 3.7494, -3.3536)
(3.0117, 4.2627, -2.9484)
(3.0238, 4.6816, -2.6673)
(2.8636, 1.2801, -4.6024)
(3.09, 1.7707, -4.1877)
(3.1496, 2.307, -3.7593)
(3.1173, 2.85, -3.3301)
(3.0595, 3.3924, -2.9013)
(3.0234, 3.9053, -2.4959)
(3.0245, 4.2966, -2.1879)
(2.7683, 0.9185, -4.1201)
(3.0296, 1.3967, -3.7099)
(3.1234, 1.9279, -3.2822)
(3.1116, 2.4704, -2.8524)
(3.0622, 3.0128, -2.4234)
(3.0294, 3.5244, -2.0182)
(3.0382, 3.9163, -1.7094)
(2.6698, 0.5594, -3.6362)
(2.9647, 1.0239, -3.2315)
(3.0906, 1.5484, -2.8055)
(3.0961, 2.0887, -2.3758)
(3.0511, 2.6268, -1.9485)
(3.0171, 3.1321, -1.5457)
(3.0318, 3.524, -1.2356)
(2.5677, 0.2035, -3.1504)
(2.8957, 0.6524, -2.7526)
(3.0522, 1.1682, -2.3295)
(3.0714, 1.6999, -1.9025)
(3.025, 2.2215, -1.482)
(2.9764, 2.7128, -1.0857)
(2.9604, 3.0967, -0.7795)
(2.4614, -0.1484, -2.6623)
(2.8229, 0.2825, -2.2728)
(3.0095, 0.7856, -1.8546)
(3.0387, 1.3002, -1.4341)
(2.9863, 1.8011, -1.0225)
(2.9155, 2.2769, -0.6344)
(2.8597, 2.651, -0.3362)
(2.3501, -0.4953, -2.1716)
(2.7459, -0.0859, -1.7923)
(2.9637, 0.401, -1.381)
(2.9991, 0.8989, -0.9673)
(2.9381, 1.3834, -0.5634)
(2.8469, 1.8462, -0.1823)
(2.7535, 2.2082, 0.1073)
(2.2328, -0.8358, -1.6774)
(2.6646, -0.4516, -1.3103)
(2.9175, 0.0174, -0.9077)
(2.9547, 0.5071, -0.4984)
(2.8855, 0.9852, -0.098)
(2.785, 1.4417, 0.2809)
(2.6722, 1.7944, 0.5673)
(2.1114, -1.1706, -1.1803)
(2.5811, -0.814, -0.8264)
(2.8778, -0.364, -0.434)
(2.9155, 0.129, -0.0254)
(2.8432, 0.6142, 0.3778)
(2.7479, 1.0757, 0.7621)
(2.643, 1.4326, 1.0552)
(1.9955, -1.5082, -0.6842)
(2.5049, -1.1783, -0.342)
(2.8585, -0.7471, 0.0389)
(2.9195, -0.2384, 0.45)
(2.8497, 0.2678, 0.8625)
(2.7567, 0.7434, 1.2576)
(2.6615, 1.1075, 1.5611)
(1.8853, -1.8518, -0.1925)
(2.4231, -1.5416, 0.1427)
(2.83, -1.1209, 0.5159)
(2.9839, -0.5976, 0.9246)
(2.9322, -0.0632, 1.3471)
(2.8412, 0.4409, 1.7581)
(2.7297, 0.819, 2.0861)
(1.7408, -2.162, 0.3122)
(2.2818, -1.8607, 0.6439)
(2.717, -1.458, 1.0082)
(2.9585, -0.9505, 1.4073)
(2.9853, -0.4, 1.8275)
(2.9851, 0.1502, 2.2467)
(3.0389, 0.7661, 2.6908)
(1.5705, -2.4451, 0.8282)
(2.1026, -2.1431, 1.1572)
(2.5612, -1.7678, 1.5082)
(2.8584, -1.296, 1.8899)
(3.5579, 1.0184, 3.0889)
(2.9349, -0.755, 2.2955)
(3.0516, -0.2121, 2.6968)
(4.0281, 0.9271, 3.5906)
(3.3501, 0.3007, 3.0087)
(4.4808, 0.7604, 4.0882)
(3.8296, 0.7108, 3.2226)
(1.3898, -2.7165, 1.3525)
(1.9103, -2.409, 1.681)
(2.4132, -2.0703, 2.0147)
(4.712, 0.8708, 4.3071)
(2.8125, -1.6541, 2.3665)
(4.2785, 1.0182, 3.5424)
(3.0295, -1.1373, 2.735)
(3.2476, -0.6052, 3.0996)
(4.6129, 1.1035, 4.0146)
(3.5975, -0.1026, 3.3783)
(4.8752, 1.1451, 4.3835)
(4.105, 0.3254, 3.5199)
(1.1899, -2.9502, 1.8643)
(1.6643, -2.6333, 2.2186)
(2.2008, -2.2955, 2.5457)
(4.5999, 0.7463, 3.7166)
(2.7201, -1.9499, 2.8661)
(3.1236, -1.5034, 3.1781)
(5.0014, 1.1102, 3.9963)
(3.4641, -1.0018, 3.4882)
(1.0202, -3.1228, 2.2753)
(5.2071, 1.394, 4.2937)
(3.8269, -0.5072, 3.7665)
(4.3206, -0.0725, 3.9217)
(1.9158, -2.374, 3.0849)
(1.261, -2.8009, 2.7933)
(4.8078, 0.3731, 4.1163)
(2.4866, -2.0624, 3.393)
(3.0098, -1.7137, 3.6884)
(5.2391, 0.8046, 4.3406)
(3.4879, -1.3014, 3.9568)
(5.5271, 1.1432, 4.5472)
(3.9443, -0.8512, 4.1978)
(4.4115, -0.3931, 4.4033)
(1.2049, -2.5585, 3.3697)
(1.6379, -2.286, 3.6068)
(4.8807, 0.0616, 4.6222)
(2.1733, -1.9818, 3.8959)
(2.7189, -1.6608, 4.1917)
(5.3195, 0.4864, 4.8457)
(3.2501, -1.3094, 4.4683)
(5.6744, 0.7931, 5.0091)
(3.7664, -0.9196, 4.7161)
(4.2696, -0.5044, 4.9442)
(1.0104, -2.4023, 3.8544)
(1.3522, -2.1334, 4.0666)
(4.773, -0.0907, 5.1714)
(1.8528, -1.811, 4.3344)
(2.3901, -1.4709, 4.6152)
(5.2546, 0.2842, 5.3952)
(2.926, -1.126, 4.8936)
(0.9356, -2.1996, 4.132)
(5.6358, 0.5603, 5.5552)
(3.4565, -0.7624, 5.1562)
(1.0441, -1.9549, 4.3503)
(1.5918, -1.6192, 4.6191)
(3.979, -0.3778, 5.4004)
(2.1275, -1.2851, 4.9039)
(4.5037, 0.0024, 5.6417)
(2.6649, -0.9477, 5.189)
(3.1985, -0.5896, 5.4562)
(5.0137, 0.323, 5.8798)
(3.7221, -0.2031, 5.7016)
(5.4156, 0.5244, 6.0435)
(4.2456, 0.1941, 5.9301)
(5.1253, 0.5843, 6.2098)
(4.7854, 0.571, 6.1671)
(-0.5417, 5.9224, -2.4871)
(0.1132, 5.9875, -2.2838)
(0.797, 5.9054, -2.2646)
(1.4581, 5.7253, -2.3694)
(2.0832, 5.4836, -2.5441)
(-0.588, 5.5978, -2.1982)
(0.0819, 5.617, -2.0569)
(2.6267, 5.199, -2.7664)
(0.766, 5.554, -2.0069)
(2.9525, 4.9486, -2.8768)
(1.4365, 5.4119, -2.0635)
(2.0709, 5.1903, -2.2159)
(2.6213, 4.9147, -2.4316)
(3.011, 4.6944, -2.6585)
(-0.6467, 5.1782, -1.8167)
(0.0324, 5.1414, -1.7446)
(0.7183, 5.0773, -1.6931)
(1.3989, 4.977, -1.693)
(2.051, 4.7946, -1.7993)
(2.6164, 4.5406, -1.9928)
(3.0092, 4.3071, -2.1803)
(-0.7008, 4.7219, -1.4263)
(-0.0239, 4.6293, -1.4285)
(0.6608, 4.5507, -1.3955)
(1.3462, 4.48, -1.3498)
(2.0167, 4.3491, -1.3878)
(2.6069, 4.1355, -1.5363)
(3.0227, 3.9277, -1.703)
(-0.7467, 4.2789, -1.0181)
(-0.0799, 4.1447, -1.0729)
(0.5996, 4.0309, -1.0879)
(1.2843, 3.9587, -1.0423)
(1.9608, 3.8683, -1.019)
(2.5719, 3.7068, -1.1)
(3.0178, 3.5378, -1.2298)
(-0.7848, 3.8646, -0.5798)
(-0.1245, 3.7226, -0.6469)
(0.544, 3.5653, -0.7106)
(1.2155, 3.4518, -0.7141)
(1.8764, 3.3627, -0.6786)
(2.4907, 3.2474, -0.6896)
(2.9461, 3.111, -0.7751)
(-0.8089, 3.4745, -0.1229)
(-0.1418, 3.3953, -0.1431)
(0.5147, 3.2132, -0.2258)
(1.152, 3.0298, -0.2882)
(1.7812, 2.8856, -0.3044)
(2.3819, 2.7723, -0.2951)
(2.8457, 2.6654, -0.3318)
(-0.8078, 3.052, 0.301)
(-0.1408, 3.0919, 0.3739)
(0.5173, 2.9574, 0.323)
(1.1258, 2.7385, 0.2425)
(1.718, 2.5292, 0.1836)
(2.2851, 2.341, 0.1401)
(2.7387, 2.223, 0.1096)
(-0.7751, 2.5788, 0.6681)
(-0.1358, 2.7227, 0.8413)
(0.5274, 2.6952, 0.8659)
(1.1389, 2.5111, 0.8055)
(1.7044, 2.2548, 0.7254)
(2.2342, 1.9917, 0.6387)
(2.6576, 1.8091, 0.5698)
(-0.7147, 2.0701, 0.9846)
(-0.1176, 2.2825, 1.2435)
(0.5284, 2.3684, 1.3666)
(1.1566, 2.255, 1.3486)
(1.7237, 1.9929, 1.2661)
(2.2362, 1.6889, 1.1602)
(2.6293, 1.446, 1.0614)
(-0.7098, 1.6037, 1.3539)
(-0.1171, 1.8266, 1.624)
(0.5074, 1.9767, 1.8151)
(1.1519, 1.9394, 1.8532)
(1.746, 1.7087, 1.7886)
(2.2647, 1.3919, 1.6776)
(2.6497, 1.1211, 1.5698)
(-0.8099, 1.253, 1.8278)
(-0.2022, 1.4531, 2.076)
(0.4522, 1.559, 2.2322)
(1.1156, 1.5888, 2.3289)
(1.7462, 1.416, 2.3037)
(2.2961, 1.1085, 2.1983)
(2.7179, 0.8346, 2.099)
(-0.895, 0.8763, 2.2943)
(-0.2783, 1.0687, 2.5336)
(0.3723, 1.2044, 2.7073)
(1.0362, 1.2697, 2.8273)
(1.6896, 1.138, 2.8205)
(2.3072, 0.9148, 2.7426)
(3.0309, 0.78, 2.7057)
(-0.9287, 0.4429, 2.7172)
(-0.3315, 0.664, 2.9802)
(0.2909, 0.8602, 3.1945)
(0.9356, 0.9823, 3.3429)
(3.5468, 1.0247, 3.105)
(1.5964, 0.9355, 3.3543)
(2.2556, 0.8845, 3.3112)
(4.0148, 0.9253, 3.606)
(2.9001, 0.863, 3.3475)
(4.4673, 0.7524, 4.1036)
(3.4556, 1.1331, 3.5046)
(-0.9073, -0.0452, 3.0807)
(-0.3506, 0.2076, 3.3857)
(0.2367, 0.4603, 3.6435)
(4.7135, 0.8182, 4.326)
(0.8496, 0.6736, 3.8387)
(4.0212, 1.257, 3.7838)
(1.5016, 0.7626, 3.885)
(2.1459, 0.777, 3.8611)
(4.4992, 1.1825, 4.1715)
(2.7843, 0.8679, 3.9302)
(4.8478, 1.0977, 4.4836)
(3.3486, 1.1943, 4.0541)
(-0.855, -0.5513, 3.3824)
(-0.3426, -0.3131, 3.7372)
(0.2298, -0.0165, 4.0303)
(3.9199, 1.4944, 4.2289)
(0.8128, 0.262, 4.2666)
(1.4398, 0.4358, 4.329)
(4.4929, 1.6046, 4.4461)
(2.0288, 0.6837, 4.3843)
(-0.8059, -0.9711, 3.6035)
(4.9365, 1.5742, 4.6357)
(2.6379, 0.9126, 4.4942)
(3.2322, 1.1867, 4.6442)
(0.3137, -0.5498, 4.318)
(-0.3273, -0.9872, 4.0225)
(3.792, 1.5292, 4.8068)
(0.867, -0.2123, 4.592)
(1.4499, 0.0736, 4.7575)
(4.3754, 1.7393, 4.9739)
(2.0382, 0.3646, 4.8388)
(4.843, 1.8247, 5.1072)
(2.5724, 0.7235, 5.0029)
(3.1298, 1.064, 5.1899)
(0.0796, -1.3318, 4.3026)
(0.5425, -1.0681, 4.4736)
(3.7001, 1.3922, 5.3752)
(1.0814, -0.7414, 4.6934)
(1.6156, -0.4185, 4.9668)
(4.2662, 1.6502, 5.5545)
(2.1719, -0.0853, 5.1572)
(4.7128, 1.8167, 5.6901)
(2.7198, 0.2817, 5.3123)
(3.24, 0.6534, 5.548)
(0.4014, -1.7559, 4.3648)
(0.8235, -1.5505, 4.4813)
(3.7644, 1.0149, 5.8016)
(1.3517, -1.2412, 4.6928)
(1.8881, -0.9087, 4.9685)
(4.2766, 1.3374, 6.037)
(2.4316, -0.5657, 5.2156)
(0.6918, -1.9497, 4.3423)
(4.6745, 1.5784, 6.2098)
(2.9772, -0.2045, 5.4233)
(1.0343, -1.9397, 4.3603)
(1.5823, -1.6037, 4.6288)
(3.4849, 0.1701, 5.6942)
(2.1225, -1.2697, 4.9198)
(3.9888, 0.5445, 5.9793)
(2.6612, -0.9365, 5.2084)
(3.1962, -0.5827, 5.4774)
(4.4713, 0.8875, 6.2466)
(3.7181, -0.1941, 5.7211)
(4.8226, 1.1489, 6.4476)
(4.2395, 0.2047, 5.9478)
(4.8988, 0.8324, 6.3707)
(4.773, 0.5841, 6.177)
(2.6067, 1.5271, -5.7842)
(1.9909, 1.3995, -5.9978)
(1.3223, 1.5093, -6.0508)
(0.6741, 1.7418, -5.9943)
(0.0444, 2.0144, -5.89)
(-0.5856, 2.2867, -5.7849)
(2.5262, 1.2599, -5.4223)
(1.914, 1.128, -5.6543)
(1.2441, 1.2172, -5.7307)
(-1.1909, 2.5216, -5.7109)
(0.5894, 1.4315, -5.6933)
(-1.6041, 2.5989, -5.6454)
(-0.0453, 1.6948, -5.6)
(-0.6769, 1.9641, -5.4986)
(-1.2828, 2.2014, -5.4244)
(-1.7523, 2.3861, -5.4238)
(2.4233, 0.9218, -4.9627)
(1.8138, 0.7776, -5.207)
(1.1432, 0.8388, -5.3085)
(0.4812, 1.0296, -5.2951)
(-0.1599, 1.2803, -5.2165)
(-0.7942, 1.5449, -5.1208)
(-1.3996, 1.7824, -5.0457)
(-1.869, 1.9454, -5.0116)
(2.3132, 0.5678, -4.4772)
(1.7067, 0.4097, -4.7319)
(1.0372, 0.4421, -4.8577)
(0.3694, 0.6085, -4.8681)
(-0.2776, 0.8463, -4.804)
(-0.914, 1.1061, -4.7139)
(-1.5192, 1.3412, -4.6403)
(-1.9914, 1.5002, -4.6107)
(2.2003, 0.2169, -3.9897)
(1.5978, 0.045, -4.2545)
(0.9314, 0.0488, -4.4037)
(0.2599, 0.1913, -4.4366)
(-0.3904, 0.4172, -4.3843)
(-1.0239, 0.6724, -4.2963)
(-1.6227, 0.9052, -4.2203)
(-2.0973, 1.0603, -4.1938)
(2.0841, -0.13, -3.4998)
(1.4865, -0.3159, -3.7744)
(0.8255, -0.3413, -3.9468)
(0.1529, -0.2228, -4.001)
(-0.4938, -0.0102, -3.9572)
(-1.1115, 0.2371, -3.8658)
(-1.6925, 0.4719, -3.777)
(-2.1506, 0.6425, -3.7266)
(1.964, -0.472, -3.007)
(1.3722, -0.6721, -3.2913)
(0.7192, -0.7281, -3.4869)
(0.0495, -0.6354, -3.5619)
(-0.5848, -0.4386, -3.5232)
(-1.1812, -0.1988, -3.4248)
(-1.7403, 0.0423, -3.3183)
(-2.175, 0.234, -3.2388)
(1.8389, -0.808, -2.511)
(1.2541, -1.0225, -2.8046)
(0.6123, -1.1114, -3.0241)
(-0.051, -1.047, -3.1206)
(-0.6717, -0.8634, -3.0844)
(-1.2499, -0.6268, -2.9781)
(-1.7897, -0.3794, -2.8556)
(-2.1997, -0.1695, -2.7483)
(1.7084, -1.1367, -2.0112)
(1.1312, -1.3656, -2.3137)
(0.5039, -1.4904, -2.5579)
(-0.1519, -1.4575, -2.6793)
(-0.7648, -1.2794, -2.6442)
(-1.334, -1.0409, -2.5316)
(-1.8656, -0.7911, -2.401)
(-2.2618, -0.5744, -2.2776)
(1.5741, -1.4606, -1.5092)
(1.0036, -1.7032, -1.8198)
(0.3925, -1.8661, -2.0899)
(-0.2562, -1.8704, -2.2432)
(-0.8708, -1.6903, -2.2105)
(-1.4458, -1.4461, -2.0968)
(-1.986, -1.1979, -1.969)
(-2.392, -0.9855, -1.849)
(1.4445, -1.7897, -1.0106)
(0.877, -2.0457, -1.3297)
(0.2799, -2.2476, -1.6262)
(-0.3645, -2.2964, -1.822)
(-0.9974, -2.1212, -1.8113)
(-1.5933, -1.8674, -1.7022)
(-2.1511, -1.6148, -1.5753)
(-2.5723, -1.4074, -1.4599)
(1.3215, -2.126, -0.5175)
(0.7559, -2.3944, -0.8442)
(0.1682, -2.6255, -1.1588)
(-0.479, -2.7116, -1.3945)
(-1.1451, -2.5826, -1.4596)
(-1.7712, -2.3241, -1.369)
(-2.3591, -2.0587, -1.2455)
(-2.8028, -1.8402, -1.1094)
(1.1773, -2.4334, -0.0118)
(0.6142, -2.7033, -0.3378)
(0.0334, -2.9409, -0.6534)
(-0.6041, -3.0539, -0.9086)
(-1.2781, -2.9865, -1.0384)
(-1.9344, -2.7648, -1.0138)
(-2.582, -2.5253, -0.9697)
(-3.3031, -2.2827, -0.9758)
(1.0136, -2.7149, 0.5064)
(0.455, -2.981, 0.1846)
(-0.122, -3.2117, -0.1263)
(-0.74, -3.3528, -0.396)
(-1.3952, -3.3372, -0.5621)
(-3.8968, -2.5661, -1.2181)
(-2.049, -3.1458, -0.5757)
(-2.7102, -2.9777, -0.628)
(-4.3419, -3.0974, -1.2442)
(-3.338, -2.9132, -0.8536)
(-4.7344, -3.6684, -1.2326)
(0.8398, -2.9847, 1.0325)
(-3.8809, -2.9971, -1.231)
(0.2853, -3.2472, 0.7152)
(-0.2914, -3.4667, 0.4108)
(-0.8869, -3.6542, 0.1118)
(-5.0281, -3.81, -1.3179)
(-1.5146, -3.7268, -0.122)
(-4.4303, -3.1711, -1.4891)
(-2.1646, -3.6176, -0.238)
(-2.8192, -3.5145, -0.3954)
(-4.9253, -3.4831, -1.4962)
(-3.431, -3.4797, -0.6782)
(-5.2969, -3.7448, -1.4942)
(-3.94, -3.5427, -1.1237)
(0.6646, -3.2195, 1.532)
(0.1076, -3.4707, 1.2397)
(-0.4809, -3.6644, 0.9809)
(-1.0797, -3.8715, 0.6535)
(-4.4806, -3.6222, -1.5268)
(-1.6734, -4.059, 0.3339)
(-2.2913, -4.0979, 0.0632)
(-5.0215, -3.7131, -1.7941)
(-2.9229, -4.0663, -0.1921)
(0.5397, -3.3831, 1.8848)
(-0.0419, -3.6344, 1.6621)
(-5.4724, -3.7445, -1.8795)
(-3.5332, -4.0429, -0.4787)
(-4.0525, -4.0971, -0.9086)
(-1.3495, -3.9433, 1.2013)
(-0.689, -3.7394, 1.6679)
(-4.6051, -4.1533, -1.3153)
(-1.9276, -4.1834, 0.8468)
(-2.5058, -4.3637, 0.5077)
(-5.1552, -4.1952, -1.6591)
(-3.0909, -4.4614, 0.1629)
(-5.5957, -4.207, -1.8745)
(-3.6728, -4.5108, -0.1953)
(-4.2363, -4.5492, -0.5846)
(-1.2475, -3.738, 1.9548)
(-1.711, -3.8956, 1.675)
(-4.8081, -4.5956, -0.9664)
(-2.2607, -4.1126, 1.3382)
(-2.8284, -4.3268, 0.9919)
(-5.3564, -4.6454, -1.3128)
(-3.3967, -4.5036, 0.6344)
(-5.7644, -4.7056, -1.5896)
(-3.9634, -4.634, 0.2579)
(-4.5274, -4.7319, -0.1295)
(-1.6469, -3.68, 2.3213)
(-2.0642, -3.7753, 2.0959)
(-5.0899, -4.8303, -0.517)
(-2.5997, -3.9505, 1.766)
(-3.1658, -4.1405, 1.4103)
(-5.6201, -4.941, -0.8765)
(-3.7327, -4.3256, 1.0526)
(-1.9555, -3.5895, 2.4641)
(-6.0146, -5.0374, -1.1633)
(-4.2981, -4.4883, 0.6833)
(-2.2973, -3.5607, 2.4231)
(-2.8547, -3.7556, 2.0541)
(-4.8606, -4.6248, 0.3018)
(-3.4199, -3.95, 1.7038)
(-5.4188, -4.7649, -0.0813)
(-3.9874, -4.1437, 1.3512)
(-4.5538, -4.3135, 0.9843)
(-5.9341, -4.9365, -0.4341)
(-5.1184, -4.4497, 0.6018)
(-6.2914, -5.0997, -0.7075)
(-5.6771, -4.5727, 0.2062)
(-6.3697, -4.9366, -0.4203)
(-6.2344, -4.7227, -0.1893)
(-1.1259, 5.7064, -2.8042)
(-1.6558, 5.3895, -3.1315)
(-2.028, 4.9622, -3.5232)
(-2.1817, 4.4769, -3.9873)
(-2.1772, 3.9799, -4.4705)
(-2.0749, 3.4864, -4.9457)
(-1.1915, 5.4234, -2.4574)
(-1.6623, 5.088, -2.8147)
(-1.9658, 4.6412, -3.2352)
(-1.8887, 3.0298, -5.373)
(-2.15, 4.1579, -3.6902)
(-1.7444, 2.6919, -5.5876)
(-2.2042, 3.6646, -4.1669)
(-2.1321, 3.1716, -4.6432)
(-1.9575, 2.7147, -5.0748)
(-1.7632, 2.3999, -5.4139)
(-1.264, 5.05, -2.024)
(-1.679, 4.6956, -2.4007)
(-1.9018, 4.2279, -2.8464)
(-2.0825, 3.7414, -3.3027)
(-2.2021, 3.2509, -3.7707)
(-2.1901, 2.7582, -4.2477)
(-2.0486, 2.2995, -4.6852)
(-1.8768, 1.9594, -4.9995)
(-1.3216, 4.6373, -1.5817)
(-1.678, 4.2706, -1.9726)
(-1.8112, 3.791, -2.4387)
(-1.9693, 3.3015, -2.8993)
(-2.1399, 2.8125, -3.3562)
(-2.2114, 2.3204, -3.8269)
(-2.1331, 1.8589, -4.2712)
(-1.9989, 1.5154, -4.5998)
(-1.3645, 4.2123, -1.1479)
(-1.6885, 3.8424, -1.5466)
(-1.7573, 3.3582, -2.021)
(-1.862, 2.8647, -2.4911)
(-2.0338, 2.3753, -2.9465)
(-2.1751, 1.8861, -3.4018)
(-2.1819, 1.4245, -3.8418)
(-2.1061, 1.0766, -4.1851)
(-1.4013, 3.7787, -0.7223)
(-1.7441, 3.4182, -1.1202)
(-1.7963, 2.9368, -1.5939)
(-1.8387, 2.4373, -2.0677)
(-1.9482, 1.945, -2.5255)
(-2.0957, 1.4621, -2.9627)
(-2.1809, 1.0061, -3.3822)
(-2.1586, 0.6598, -3.7186)
(-1.4228, 3.3308, -0.3144)
(-1.8346, 2.9959, -0.7024)
(-1.9607, 2.5378, -1.1758)
(-1.971, 2.0349, -1.6426)
(-1.9854, 1.5359, -2.0836)
(-2.0532, 1.0525, -2.5065)
(-2.1509, 0.5992, -2.9056)
(-2.183, 0.2514, -3.2311)
(-1.4108, 2.8531, 0.0587)
(-1.89, 2.5463, -0.3119)
(-2.1585, 2.1404, -0.7734)
(-2.2172, 1.6568, -1.2382)
(-2.1875, 1.1566, -1.6555)
(-2.1721, 0.6658, -2.0523)
(-2.1793, 0.2006, -2.4305)
(-2.2063, -0.1507, -2.7414)
(-1.3605, 2.3462, 0.3862)
(-1.8891, 2.0649, 0.0451)
(-2.2856, 1.7154, -0.3745)
(-2.4563, 1.2721, -0.8383)
(-2.4592, 0.7849, -1.2582)
(-2.3981, 0.287, -1.6343)
(-2.3178, -0.1919, -1.9835)
(-2.2686, -0.556, -2.2706)
(-1.2843, 1.8238, 0.6785)
(-1.8408, 1.5585, 0.3652)
(-2.3362, 1.2601, 0.0074)
(-2.6324, 0.8662, -0.4323)
(-2.7027, 0.3979, -0.8662)
(-2.6398, -0.1033, -1.2459)
(-2.5174, -0.5929, -1.5802)
(-2.401, -0.9697, -1.8401)
(-1.2868, 1.3665, 1.0598)
(-1.833, 1.0949, 0.738)
(-2.3486, 0.8051, 0.3893)
(-2.7367, 0.4472, -0.0196)
(-2.8899, -0.0014, -0.4631)
(-2.8568, -0.5046, -0.8635)
(-2.7245, -1.0049, -1.2013)
(-2.5838, -1.3935, -1.4512)
(-1.3892, 1.0132, 1.5354)
(-1.9344, 0.7397, 1.2084)
(-2.4249, 0.4279, 0.8435)
(-2.7869, 0.0417, 0.4149)
(-3.0274, -0.3929, -0.0374)
(-3.0554, -0.8941, -0.4635)
(-2.9413, -1.4097, -0.8259)
(-2.8188, -1.8263, -1.0988)
(-1.4735, 0.6348, 2.0008)
(-2.0159, 0.3578, 1.671)
(-2.4994, 0.0382, 1.2986)
(-2.8866, -0.3348, 0.8724)
(-3.1703, -0.7527, 0.4185)
(-3.2524, -1.2417, -0.0313)
(-3.2311, -1.7476, -0.4574)
(-3.3206, -2.2737, -0.9663)
(-1.4893, 0.1871, 2.4065)
(-2.0373, -0.0841, 2.0843)
(-2.5528, -0.3782, 1.7342)
(-2.9993, -0.7068, 1.3333)
(-3.321, -1.0946, 0.8832)
(-3.9095, -2.5605, -1.203)
(-3.4917, -1.5233, 0.4095)
(-3.6186, -1.9397, -0.0846)
(-4.3486, -3.0957, -1.2249)
(-3.8071, -2.3649, -0.5285)
(-4.7373, -3.671, -1.211)
(-1.4301, -0.3198, 2.7357)
(-4.2439, -2.5707, -0.9422)
(-1.9907, -0.5776, 2.4383)
(-2.5478, -0.8372, 2.1367)
(-3.0518, -1.1197, 1.7732)
(-5.0098, -3.8555, -1.2891)
(-3.4274, -1.4585, 1.328)
(-4.6851, -2.9286, -1.2438)
(-3.7353, -1.7766, 0.8471)
(-3.9221, -2.1401, 0.3548)
(-5.0589, -3.4122, -1.3507)
(-4.2059, -2.4942, -0.1078)
(-5.335, -3.7964, -1.3979)
(-4.6561, -2.6553, -0.5675)
(-1.3515, -0.8115, 3.0191)
(-1.9116, -1.0679, 2.7606)
(-2.4738, -1.3336, 2.5156)
(-3.0438, -1.574, 2.1769)
(-5.1301, -2.8564, -0.9946)
(-3.5238, -1.8352, 1.7632)
(-3.8565, -2.1145, 1.2712)
(-5.5192, -3.207, -1.3324)
(-4.2155, -2.3206, 0.7785)
(-1.2988, -1.1581, 3.2202)
(-1.834, -1.4664, 3.0113)
(-5.7659, -3.5668, -1.5406)
(-4.6079, -2.5709, 0.3095)
(-5.0545, -2.7956, -0.139)
(-2.9371, -2.1059, 2.451)
(-2.2681, -1.9192, 2.9055)
(-5.542, -2.9565, -0.5793)
(-3.4983, -2.3078, 2.0775)
(-3.9574, -2.5251, 1.64)
(-5.9581, -3.2257, -0.988)
(-4.3598, -2.7113, 1.1487)
(-6.2406, -3.4992, -1.2869)
(-4.8492, -2.844, 0.7187)
(-5.353, -3.012, 0.2943)
(-2.3767, -2.5111, 2.8871)
(-2.7918, -2.6693, 2.5473)
(-5.8514, -3.1968, -0.1358)
(-3.3067, -2.8493, 2.1624)
(-3.8569, -3.048, 1.8126)
(-6.3006, -3.4265, -0.5417)
(-4.3572, -3.2226, 1.3932)
(-6.628, -3.6319, -0.8521)
(-4.8493, -3.3549, 0.9464)
(-5.3965, -3.4956, 0.5655)
(-2.2521, -3.0299, 2.8356)
(-2.5808, -3.1859, 2.517)
(-5.9523, -3.6527, 0.1959)
(-3.0743, -3.3675, 2.1391)
(-3.6325, -3.5611, 1.7853)
(-6.4672, -3.8239, -0.1611)
(-4.1767, -3.7407, 1.4038)
(-2.1973, -3.337, 2.6769)
(-6.854, -3.9601, -0.4407)
(-4.7035, -3.8945, 0.9914)
(-2.3115, -3.5474, 2.431)
(-2.8689, -3.7425, 2.0613)
(-5.2757, -4.0382, 0.6402)
(-3.4397, -3.9421, 1.7114)
(-5.8569, -4.1851, 0.2994)
(-4.0075, -4.1406, 1.3612)
(-4.573, -4.3149, 0.9958)
(-6.3996, -4.3348, -0.0248)
(-5.1371, -4.4478, 0.6129)
(-6.8065, -4.4381, -0.2616)
(-5.6949, -4.5677, 0.2171)
(-6.5766, -4.6805, -0.2501)
(-6.2463, -4.7093, -0.1793)
(2.6361, 1.4393, 1.0583)
(3.0168, 4.3019, -2.1841)
(1.0392, -1.9473, 4.3553)
(2.8527, 2.6582, -0.334)
(1.587, -1.6115, 4.624)
(2.125, -1.2774, 4.9119)
(2.6556, 1.1143, 1.5654)
(2.663, -0.9421, 5.1987)
(3.1974, -0.5861, 5.4668)
(3.7201, -0.1986, 5.7114)
(4.2426, 0.1994, 5.9389)
(3.0304, 3.922, -1.7062)
(4.7792, 0.5775, 6.172)
(2.7461, 2.2156, 0.1084)
(2.6649, 1.8018, 0.5685)
(3.5524, 1.0215, 3.097)
(2.7238, 0.8268, 2.0925)
(3.0349, 0.7731, 2.6982)
(4.0215, 0.9262, 3.5983)
(4.4741, 0.7564, 4.0959)
(3.0174, 4.688, -2.6629)
(3.0248, 3.5309, -1.2327)
(2.9532, 3.1039, -0.7773)
(5.2251, 0.4341, 5.969)
(4.8844, 0.4137, 6.0328)
(4.9593, 0.5861, 6.2009)
(5.2766, 0.5554, 6.1662)
(4.6073, 0.8022, 4.2052)
(4.5079, 0.9702, 4.0409)
(4.7487, 1.1232, 4.2126)
(4.7853, 0.9881, 4.3754)
(4.8, 1.1532, 3.9785)
(5.1217, 1.2585, 4.1449)
(5.0247, 1.3118, 4.3257)
(5.1469, 0.9785, 4.1284)
(5.3963, 0.9826, 4.446)
(5.3826, 1.3162, 4.3757)
(5.2953, 0.6365, 4.5843)
(5.5046, 0.6508, 4.9334)
(5.6243, 0.96, 4.7633)
(5.3099, 0.3612, 5.119)
(5.4547, 0.4312, 5.4815)
(5.6796, 0.6548, 5.2766)
(5.1472, 0.2751, 5.6598)
(5.5416, 0.5201, 5.8265)
(1.4114, -2.4251, 3.4833)
(1.1076, -2.4785, 3.6352)
(1.1663, -2.2727, 3.9553)
(1.4928, -2.215, 3.8536)
(1.897, -2.1371, 3.7467)
(1.5878, -1.9775, 4.1954)
(2.0084, -1.902, 4.1308)
(2.4482, -1.8237, 4.0453)
(2.1218, -1.6414, 4.4749)
(2.55, -1.5719, 4.4193)
(2.9862, -1.4899, 4.3333)
(2.6584, -1.2998, 4.7555)
(3.0859, -1.2273, 4.6981)
(3.5102, -1.1189, 4.5956)
(3.1923, -0.9472, 5.0274)
(3.6126, -0.8551, 4.9547)
(4.0188, -0.7136, 4.8316)
(3.7183, -0.5717, 5.28)
(4.1294, -0.4599, 5.1917)
(4.5208, -0.296, 5.0566)
(4.24, -0.1846, 5.5198)
(4.6471, -0.0679, 5.4268)
(5.023, 0.107, 5.2883)
(4.7679, 0.1761, 5.7665)
(1.6278, -2.5494, 2.9354)
(1.2644, -2.6644, 3.0821)
(1.7766, -2.3448, 3.3489)
(2.2032, -2.2176, 3.2387)
(2.3354, -2.0406, 3.6489)
(2.7553, -1.8959, 3.5437)
(2.8785, -1.7159, 3.9456)
(3.2532, -1.5144, 3.8257)
(3.3938, -1.3416, 4.215)
(3.7164, -1.0789, 4.082)
(3.8879, -0.9234, 4.4543)
(4.1764, -0.622, 4.3023)
(4.3691, -0.4816, 4.674)
(4.647, -0.1654, 4.5095)
(4.8521, -0.0433, 4.8974)
(5.1087, 0.285, 4.7385)
(0.9345, -3.0883, 1.6938)
(0.5971, -3.3076, 1.7224)
(0.7998, -3.2571, 2.0616)
(1.1015, -3.0417, 2.0795)
(1.4259, -2.7975, 2.0423)
(1.1781, -2.963, 2.5213)
(1.513, -2.7131, 2.4869)
(1.9259, -2.4639, 2.385)
(2.0616, -2.3568, 2.8161)
(2.4712, -2.13, 2.7064)
(2.619, -2.0328, 3.1292)
(2.935, -1.7386, 3.023)
(3.0951, -1.6383, 3.4277)
(3.2976, -1.2556, 3.3329)
(3.5094, -1.1783, 3.7115)
(3.6326, -0.7484, 3.6403)
(3.9144, -0.7013, 3.9711)
(4.0642, -0.2861, 3.8508)
(4.3898, -0.2503, 4.1517)
(4.5689, 0.1476, 4.0107)
(4.863, 0.2044, 4.3603)
(5.0376, 0.5974, 4.2289)
(1.1171, -2.853, 1.1919)
(0.7485, -3.11, 1.2953)
(1.2891, -2.8407, 1.617)
(1.6526, -2.5674, 1.516)
(1.7948, -2.5303, 1.9498)
(2.167, -2.2454, 1.8465)
(2.3183, -2.1974, 2.2774)
(2.6348, -1.8755, 2.1881)
(2.781, -1.8181, 2.6118)
(2.9351, -1.4035, 2.5491)
(3.0932, -1.3296, 2.9505)
(3.1281, -0.87, 2.9215)
(3.3678, -0.806, 3.2891)
(3.4005, -0.3457, 3.2572)
(3.7174, -0.3049, 3.5705)
(3.8414, 0.1165, 3.4555)
(4.2233, 0.1218, 3.7113)
(4.3597, 0.5379, 3.6052)
(4.7219, 0.5576, 3.8957)
(4.8216, 0.939, 3.8503)
(1.2929, -2.5813, 0.6672)
(0.9283, -2.8517, 0.7682)
(1.4828, -2.5831, 1.0889)
(1.8422, -2.3008, 0.9909)
(2.0104, -2.2785, 1.4171)
(2.3453, -1.9667, 1.3291)
(2.4896, -1.9231, 1.7593)
(2.7388, -1.5435, 1.6954)
(2.8312, -1.4759, 2.1275)
(2.9107, -1.0296, 2.0904)
(2.9653, -0.9436, 2.5184)
(2.9756, -0.4823, 2.5015)
(3.1331, -0.4068, 2.9037)
(3.1739, 0.0536, 2.8686)
(3.4729, 0.0989, 3.1891)
(3.5792, 0.517, 3.1169)
(3.9709, 0.5299, 3.3508)
(4.067, 0.8873, 3.3584)
(4.4413, 0.9188, 3.5969)
(4.4588, 1.0803, 3.7765)
(1.4593, -2.2984, 0.1503)
(1.097, -2.5761, 0.2462)
(1.6572, -2.3054, 0.5692)
(2.0185, -2.0198, 0.4755)
(2.1941, -2.0047, 0.8995)
(2.5183, -1.6741, 0.8213)
(2.6392, -1.6138, 1.2578)
(2.8672, -1.214, 1.204)
(2.9076, -1.1222, 1.6496)
(2.9884, -0.6769, 1.6159)
(2.9567, -0.5743, 2.0643)
(2.9801, -0.1244, 2.0389)
(3.0162, -0.023, 2.4776)
(3.0064, 0.4297, 2.4515)
(3.2263, 0.5077, 2.8422)
(3.2984, 0.8922, 2.8899)
(3.6897, 0.8537, 3.1471)
(3.793, 0.9727, 3.3398)
(4.1429, 1.0022, 3.5493)
(4.2545, 0.8437, 3.8394)
(1.6038, -1.9902, -0.355)
(1.2526, -2.284, -0.2666)
(1.8178, -2.0117, 0.058)
(2.1623, -1.7062, -0.0281)
(2.3599, -1.7073, 0.3912)
(2.6523, -1.3471, 0.324)
(2.7837, -1.2944, 0.7603)
(2.9397, -0.8663, 0.7172)
(2.9865, -0.7754, 1.1651)
(2.9732, -0.329, 1.1348)
(2.9734, -0.23, 1.588)
(2.8852, 0.1975, 1.5588)
(2.9184, 0.3002, 2.0056)
(2.8003, 0.6543, 1.9342)
(2.8843, 0.7926, 2.3884)
(1.7224, -1.6525, -0.8484)
(1.3839, -1.9592, -0.7644)
(1.9423, -1.6817, -0.4389)
(2.2601, -1.3531, -0.5166)
(2.4685, -1.3629, -0.1007)
(2.7138, -0.976, -0.1567)
(2.851, -0.937, 0.276)
(2.9189, -0.4968, 0.2428)
(2.953, -0.4187, 0.6868)
(2.8916, 0.0163, 0.6562)
(2.8853, 0.1017, 1.1052)
(2.8033, 0.5155, 1.0679)
(2.7868, 0.5881, 1.508)
(2.7117, 0.9379, 1.4191)
(2.6956, 0.9632, 1.8236)
(1.8478, -1.3219, -1.347)
(1.508, -1.6236, -1.2589)
(2.0519, -1.3381, -0.9315)
(2.3599, -1.0033, -1.0077)
(2.5418, -0.9953, -0.5839)
(2.7602, -0.5988, -0.6342)
(2.8659, -0.5555, -0.1975)
(2.922, -0.1186, -0.2298)
(2.908, -0.0559, 0.2124)
(2.8852, 0.3726, 0.1766)
(2.837, 0.4382, 0.6196)
(2.7964, 0.8538, 0.5778)
(2.745, 0.9058, 1.0086)
(2.6987, 1.2661, 0.9183)
(2.6523, 1.2701, 1.3081)
(1.9785, -0.9954, -1.848)
(1.6413, -1.2988, -1.7602)
(2.1721, -1.0036, -1.4291)
(2.4653, -0.6554, -1.4987)
(2.6225, -0.6331, -1.0686)
(2.8185, -0.2242, -1.112)
(2.8957, -0.1733, -0.6708)
(2.9577, 0.263, -0.7022)
(2.9328, 0.3165, -0.2624)
(2.9273, 0.7469, -0.2975)
(2.8612, 0.7963, 0.1385)
(2.8368, 1.2219, 0.0995)
(2.7622, 1.2539, 0.5193)
(2.7322, 1.6307, 0.4344)
(2.6576, 1.6135, 0.8112)
(2.1056, -0.6636, -2.3464)
(1.7743, -0.9733, -2.2615)
(2.2922, -0.6664, -1.9249)
(2.5666, -0.3026, -1.9868)
(2.7058, -0.2692, -1.5515)
(2.8794, 0.1519, -1.5889)
(2.9405, 0.2089, -1.1444)
(2.9996, 0.6514, -1.1731)
(2.9772, 0.7014, -0.7333)
(2.9756, 1.1419, -0.7646)
(2.9118, 1.1811, -0.3318)
(2.8935, 1.6233, -0.3647)
(2.8141, 1.6396, 0.0473)
(2.8014, 2.0384, -0.028)
(2.7129, 2.0013, 0.3373)
(2.2269, -0.3247, -2.8411)
(1.9021, -0.6409, -2.7595)
(2.4065, -0.3226, -2.4173)
(2.6622, 0.0551, -2.4724)
(2.7849, 0.098, -2.0327)
(2.9385, 0.5288, -2.0657)
(2.9869, 0.5934, -1.6177)
(3.0395, 1.0442, -1.6434)
(3.0197, 1.099, -1.2007)
(3.0182, 1.5517, -1.2276)
(2.9631, 1.5907, -0.7933)
(2.9503, 2.0482, -0.8201)
(2.8814, 2.0595, -0.4092)
(2.8857, 2.4738, -0.4768)
(2.8066, 2.4296, -0.1144)
(2.3431, 0.02, -3.3327)
(2.0246, -0.3017, -3.2538)
(2.5152, 0.027, -2.9067)
(2.753, 0.4163, -2.956)
(2.8598, 0.4673, -2.5128)
(2.9944, 0.9053, -2.5427)
(3.0313, 0.9772, -2.0919)
(3.0748, 1.4345, -2.1155)
(3.056, 1.5011, -1.6678)
(3.052, 1.9619, -1.6916)
(3.007, 2.0122, -1.2517)
(2.998, 2.4775, -1.2752)
(2.9477, 2.4956, -0.8595)
(2.9638, 2.9138, -0.9248)
(2.91, 2.8739, -0.5578)
(2.4551, 0.3692, -3.8217)
(2.1427, 0.0429, -3.7451)
(2.6192, 0.381, -3.3935)
(2.8397, 0.7804, -3.4381)
(2.9307, 0.838, -2.9921)
(3.0464, 1.282, -3.0198)
(3.072, 1.3585, -2.5674)
(3.1041, 1.8182, -2.5905)
(3.0848, 1.8957, -2.1386)
(3.0757, 2.3583, -2.1619)
(3.0398, 2.4268, -1.7141)
(3.0298, 2.8908, -1.7381)
(3.0, 2.9257, -1.3142)
(3.0166, 3.3368, -1.3829)
(2.9961, 3.3103, -1.0075)
(2.5638, 0.7222, -4.3084)
(2.2571, 0.3919, -4.2338)
(2.7195, 0.7386, -3.8783)
(2.9227, 1.1468, -3.9189)
(2.9977, 1.2102, -3.4708)
(3.0939, 1.6591, -3.4969)
(3.1077, 1.7382, -3.0438)
(3.1263, 2.1988, -3.0672)
(3.105, 2.28, -2.6139)
(3.0878, 2.7417, -2.6378)
(3.0585, 2.8215, -2.1852)
(3.0413, 3.28, -2.2117)
(3.0265, 3.3309, -1.7808)
(3.0291, 3.7309, -1.855)
(3.035, 3.7201, -1.4725)
(2.6694, 1.0782, -4.7933)
(2.3685, 0.7445, -4.7202)
(2.8164, 1.099, -4.3614)
(3.0019, 1.515, -4.3987)
(3.0605, 1.5836, -3.9488)
(3.136, 2.0365, -3.974)
(3.1374, 2.1175, -3.5207)
(3.1404, 2.5785, -3.5446)
(3.1156, 2.6603, -3.0911)
(3.0882, 3.1212, -3.1157)
(3.0624, 3.2029, -2.6621)
(3.0366, 3.6601, -2.6895)
(3.0278, 3.7154, -2.2568)
(3.0215, 4.1126, -2.3328)
(3.0313, 4.1065, -1.9487)
(2.7676, 1.4175, -5.2517)
(2.4769, 1.0974, -5.2017)
(2.9095, 1.4592, -4.8398)
(3.0729, 1.8643, -4.8512)
(3.1177, 1.9554, -4.4233)
(3.1696, 2.3933, -4.4249)
(3.1597, 2.4938, -3.9947)
(3.146, 2.9363, -3.9962)
(3.1166, 3.0367, -3.566)
(3.0797, 3.4784, -3.568)
(3.0543, 3.5789, -3.1373)
(3.0239, 4.0172, -3.1419)
(3.0178, 4.0922, -2.7321)
(3.0134, 4.4728, -2.7874)
(3.0241, 4.4891, -2.4276)
(2.8435, 1.6834, -5.6097)
(2.5685, 1.4002, -5.6124)
(2.9859, 1.764, -5.2425)
(3.1244, 2.1322, -5.1974)
(3.1612, 2.2681, -4.8214)
(3.1905, 2.6661, -4.77)
(3.1723, 2.8093, -4.3931)
(3.1452, 3.2094, -4.342)
(3.1109, 3.3518, -3.9651)
(3.0689, 3.7509, -3.9142)
(3.0416, 3.8936, -3.5367)
(3.0105, 4.2897, -3.4882)
(3.0056, 4.4061, -3.1313)
(3.0036, 4.7239, -3.1298)
(3.0203, 4.7858, -2.8252)
(0.9486, -2.3091, 4.0121)
(0.9756, -2.0797, 4.2423)
(1.2211, -2.0415, 4.2274)
(1.3179, -1.7871, 4.4847)
(1.7158, -1.716, 4.4916)
(1.8596, -1.4521, 4.7615)
(2.2521, -1.3753, 4.7712)
(2.3962, -1.1164, 5.0465)
(2.7882, -1.032, 5.0509)
(2.9317, -0.7687, 5.3226)
(3.3201, -0.6719, 5.3165)
(3.4603, -0.3964, 5.5789)
(3.8446, -0.2897, 5.5631)
(3.9839, -0.0045, 5.8158)
(4.3711, 0.0929, 5.8023)
(4.5155, 0.3825, 6.0486)
(4.5964, 0.7114, 6.232)
(4.6595, 1.0256, 6.3533)
(4.8845, 0.9735, 6.4373)
(4.8526, 0.7056, 6.2788)
(4.4749, 0.9723, 4.1092)
(4.6013, 0.7708, 4.2189)
(4.7887, 0.923, 4.4162)
(4.6839, 1.1374, 4.3374)
(4.5098, 1.4111, 4.2778)
(4.907, 1.338, 4.5359)
(4.7276, 1.599, 4.5445)
(4.4425, 1.7091, 4.6881)
(4.9075, 1.7373, 4.8373)
(4.6216, 1.7906, 5.044)
(4.3123, 1.7204, 5.268)
(4.7738, 1.8492, 5.3972)
(4.5013, 1.7407, 5.6265)
(4.249, 1.5217, 5.8194)
(4.6713, 1.729, 5.9718)
(4.4866, 1.4651, 6.1292)
(4.358, 1.1104, 6.1825)
(4.7374, 1.3675, 6.3721)
(0.2492, -1.5577, 4.3555)
(0.3031, -1.2064, 4.3851)
(0.6843, -1.322, 4.4936)
(0.602, -1.6631, 4.4153)
(0.8072, -0.909, 4.5741)
(1.218, -1.0047, 4.7014)
(1.0792, -1.4052, 4.5746)
(1.3486, -0.5785, 4.8323)
(1.749, -0.676, 4.9834)
(1.621, -1.0752, 4.8286)
(1.8916, -0.2557, 5.0739)
(2.2958, -0.3328, 5.2099)
(2.1579, -0.7392, 5.0996)
(2.4493, 0.0954, 5.2296)
(2.8467, 0.0298, 5.3843)
(2.7074, -0.3873, 5.3171)
(2.9818, 0.4682, 5.4221)
(3.3569, 0.4031, 5.6434)
(3.2345, -0.0182, 5.552)
(3.5001, 0.8364, 5.6753)
(3.8648, 0.7734, 5.923)
(3.7355, 0.3584, 5.8372)
(4.0302, 1.1851, 5.9253)
(4.2416, 0.7245, 6.1191)
(-0.1124, -1.1271, 4.1887)
(0.0262, -0.7264, 4.1787)
(0.4134, -0.811, 4.4144)
(0.5895, -0.3775, 4.461)
(0.9579, -0.4729, 4.6655)
(1.1542, -0.0641, 4.6917)
(1.5126, -0.1596, 4.8951)
(1.7491, 0.2118, 4.7965)
(2.0873, 0.1496, 5.0266)
(2.3078, 0.5406, 4.9112)
(2.6216, 0.5232, 5.1868)
(2.8477, 0.8966, 5.0969)
(3.1575, 0.8874, 5.3972)
(3.4127, 1.2321, 5.2822)
(3.7086, 1.2298, 5.6146)
(3.9923, 1.5335, 5.4685)
(-1.3225, -0.9987, 3.1272)
(-1.0981, -0.6792, 3.1926)
(-0.8296, -0.77, 3.4997)
(-1.0483, -1.0474, 3.395)
(-0.6062, -0.4345, 3.5672)
(-0.3237, -0.5958, 3.8843)
(-0.5624, -0.9417, 3.8203)
(-0.0601, -0.1712, 3.8889)
(0.2552, -0.2812, 4.1887)
(0.5171, 0.1356, 4.1652)
(0.8223, 0.0321, 4.452)
(1.1262, 0.3501, 4.3122)
(1.43, 0.2638, 4.5559)
(1.7366, 0.5538, 4.3502)
(2.0166, 0.5522, 4.6222)
(2.3309, 0.8002, 4.4327)
(2.5839, 0.8561, 4.7644)
(2.9408, 1.0376, 4.5662)
(3.1659, 1.1542, 4.9316)
(3.5102, 1.3617, 4.7241)
(3.7341, 1.4869, 5.1003)
(4.0897, 1.6552, 4.8926)
(-1.3892, -0.5785, 2.8858)
(-1.1679, -0.1821, 2.907)
(-0.8824, -0.3041, 3.2414)
(-0.6345, 0.083, 3.2405)
(-0.3511, -0.0466, 3.5701)
(-0.0596, 0.3343, 3.5196)
(0.2256, 0.2317, 3.8468)
(0.5382, 0.5784, 3.7553)
(0.8235, 0.4792, 4.0614)
(1.1739, 0.7333, 3.8798)
(1.4651, 0.6119, 4.1114)
(1.824, 0.7721, 3.8694)
(2.0789, 0.7422, 4.1282)
(2.4711, 0.7971, 3.884)
(2.7105, 0.9001, 4.215)
(3.0724, 1.0132, 3.9869)
(3.2933, 1.1975, 4.3498)
(3.6294, 1.3632, 4.1341)
(3.8554, 1.5349, 4.5115)
(4.2163, 1.5733, 4.3371)
(-1.4665, -0.0612, 2.578)
(-1.212, 0.3183, 2.5653)
(-0.924, 0.2054, 2.9062)
(-0.6344, 0.5574, 2.8555)
(-0.3448, 0.4442, 3.189)
(-0.023, 0.7656, 3.093)
(0.2591, 0.6693, 3.4253)
(0.6104, 0.9404, 3.2825)
(0.8885, 0.8372, 3.5969)
(1.2655, 0.97, 3.3637)
(1.5469, 0.8603, 3.6278)
(1.9255, 0.9115, 3.3303)
(2.2069, 0.8345, 3.5891)
(2.5864, 0.8471, 3.3149)
(2.8469, 0.8608, 3.6393)
(3.1827, 0.9828, 3.4113)
(3.4039, 1.176, 3.7636)
(3.7402, 1.2282, 3.6265)
(3.9809, 1.3974, 3.9763)
(4.2775, 1.2317, 3.9765)
(-1.4914, 0.4197, 2.2133)
(-1.1887, 0.7606, 2.1529)
(-0.9188, 0.6665, 2.5124)
(-0.5916, 0.9798, 2.4223)
(-0.3084, 0.8702, 2.76)
(0.044, 1.1422, 2.6267)
(0.3299, 1.036, 2.9534)
(0.7036, 1.2549, 2.7787)
(0.9864, 1.1241, 3.0847)
(1.3674, 1.2273, 2.8396)
(1.6454, 1.0255, 3.0844)
(1.9983, 1.0228, 2.7816)
(2.2898, 0.8961, 3.0266)
(2.6349, 0.8413, 2.7207)
(2.9506, 0.8473, 3.054)
(3.2889, 0.9023, 2.9054)
(3.5003, 1.064, 3.2962)
(3.7808, 0.975, 3.3555)
(4.0272, 1.0922, 3.6713)
(4.241, 0.8389, 3.8548)
(-1.4384, 0.8321, 1.7736)
(-1.103, 1.1367, 1.6856)
(-0.8586, 1.0725, 2.066)
(-0.5111, 1.3624, 1.9615)
(-0.2438, 1.2644, 2.3062)
(0.1207, 1.5154, 2.1632)
(0.4142, 1.3748, 2.4632)
(0.7854, 1.591, 2.2914)
(1.0805, 1.4239, 2.5744)
(1.4381, 1.5294, 2.3319)
(1.7247, 1.2713, 2.5611)
(2.0334, 1.2638, 2.2537)
(2.3071, 0.9899, 2.4664)
(2.5308, 0.9781, 2.1508)
(2.8744, 0.8073, 2.4024)
(-1.3322, 1.1839, 1.2921)
(-1.0013, 1.4881, 1.2097)
(-0.7532, 1.4213, 1.5839)
(-0.416, 1.7183, 1.4939)
(-0.1537, 1.6339, 1.8437)
(0.1904, 1.9186, 1.7356)
(0.484, 1.7643, 2.021)
(0.8318, 1.9846, 1.8518)
(1.1387, 1.764, 2.0913)
(1.4567, 1.8436, 1.83)
(1.7516, 1.5626, 2.0465)
(2.0196, 1.5502, 1.7349)
(2.2811, 1.246, 1.9362)
(2.4715, 1.2527, 1.6237)
(2.6838, 0.9779, 1.8344)
(-1.2709, 1.5813, 0.8541)
(-1.0012, 1.9491, 0.8332)
(-0.699, 1.8236, 1.156)
(-0.4222, 2.1852, 1.1259)
(-0.1088, 2.0479, 1.4288)
(0.2023, 2.3478, 1.3248)
(0.5217, 2.1797, 1.5978)
(0.8491, 2.3355, 1.3708)
(1.1577, 2.1044, 1.6062)
(1.4465, 2.1368, 1.3122)
(1.7358, 1.8532, 1.5292)
(1.9914, 1.8371, 1.2135)
(2.2489, 1.5403, 1.4195)
(2.4462, 1.563, 1.1106)
(2.6395, 1.2836, 1.3156)
(-1.3197, 2.0828, 0.5293)
(-1.0741, 2.4695, 0.5363)
(-0.7445, 2.3256, 0.8274)
(-0.4617, 2.6676, 0.7725)
(-0.1282, 2.5099, 1.0498)
(0.198, 2.7319, 0.8697)
(0.5298, 2.5406, 1.1224)
(0.8409, 2.6175, 0.8412)
(1.1493, 2.3899, 1.0812)
(1.425, 2.3885, 0.7669)
(1.7119, 2.1256, 0.9977)
(1.9787, 2.1164, 0.6807)
(2.2299, 1.8377, 0.899)
(2.4586, 1.8951, 0.604)
(2.6434, 1.6276, 0.8156)
(-1.3912, 2.6034, 0.2296)
(-1.1207, 2.9688, 0.1992)
(-0.7963, 2.8217, 0.4928)
(-0.4779, 3.0947, 0.3577)
(-0.1393, 2.9174, 0.6157)
(0.1934, 3.0425, 0.358)
(0.5227, 2.8323, 0.5983)
(0.8264, 2.851, 0.2818)
(1.1293, 2.6233, 0.5241)
(1.4221, 2.6319, 0.2103)
(1.7055, 2.3864, 0.4521)
(2.0115, 2.4283, 0.1599)
(2.2527, 2.1572, 0.3834)
(2.524, 2.2768, 0.1247)
(2.6982, 2.0161, 0.3397)
(-1.4214, 3.0958, -0.1229)
(-1.1308, 3.4309, -0.1895)
(-0.8119, 3.2694, 0.0952)
(-0.4763, 3.457, -0.1147)
(-0.1424, 3.2473, 0.1184)
(0.189, 3.3094, -0.1838)
(0.5133, 3.0793, 0.0453)
(0.8353, 3.118, -0.2619)
(1.1332, 2.8701, -0.0321)
(1.4664, 2.9526, -0.3024)
(1.7437, 2.6924, -0.0728)
(2.0939, 2.8267, -0.2976)
(2.3295, 2.5474, -0.0855)
(2.6265, 2.7189, -0.3085)
(2.7922, 2.4442, -0.1111)
(-1.4153, 3.5576, -0.515)
(-1.112, 3.8585, -0.616)
(-0.7993, 3.6698, -0.3506)
(-0.4545, 3.8085, -0.601)
(-0.1365, 3.5496, -0.4017)
(0.2085, 3.6388, -0.6859)
(0.5251, 3.3739, -0.4803)
(0.8805, 3.5033, -0.7199)
(1.181, 3.2255, -0.5159)
(1.5472, 3.4076, -0.6963)
(1.8275, 3.1136, -0.5025)
(2.1991, 3.3093, -0.6742)
(2.4374, 3.0086, -0.4936)
(2.7317, 3.1796, -0.7269)
(2.8959, 2.8882, -0.5534)
(-1.3838, 3.9966, -0.9337)
(-1.077, 4.2833, -1.0482)
(-0.7669, 4.0675, -0.8028)
(-0.4133, 4.2212, -1.038)
(-0.1049, 3.9226, -0.8702)
(0.2581, 4.0801, -1.0908)
(0.5698, 3.7871, -0.9116)
(0.9421, 3.9927, -1.0685)
(1.2505, 3.6994, -0.886)
(1.6249, 3.9209, -1.0208)
(1.9217, 3.6167, -0.8479)
(2.2844, 3.7938, -1.048)
(2.5367, 3.4809, -0.8913)
(2.8063, 3.6194, -1.1635)
(2.9819, 3.3244, -1.0024)
(-1.3441, 4.4259, -1.364)
(-1.0316, 4.7138, -1.4739)
(-0.7246, 4.4974, -1.2258)
(-0.3631, 4.6835, -1.4217)
(-0.0524, 4.3814, -1.2582)
(0.3177, 4.5852, -1.4191)
(0.6303, 4.2875, -1.2467)
(1.004, 4.5187, -1.3679)
(1.3163, 4.2207, -1.1942)
(1.6854, 4.4259, -1.3539)
(1.9921, 4.113, -1.1982)
(2.331, 4.2474, -1.4535)
(2.5944, 3.9248, -1.3151)
(2.8293, 4.0286, -1.6204)
(3.0203, 3.7327, -1.4664)
(-1.2952, 4.8458, -1.8013)
(-0.9723, 5.1423, -1.8979)
(-0.6749, 4.9504, -1.6213)
(-0.3094, 5.1704, -1.7721)
(0.0045, 4.8848, -1.5872)
(0.3753, 5.1107, -1.7169)
(0.6904, 4.8156, -1.5417)
(1.0604, 5.035, -1.6823)
(1.374, 4.7329, -1.5151)
(1.7306, 4.8976, -1.7319)
(2.036, 4.576, -1.5887)
(2.3526, 4.6702, -1.8915)
(2.6132, 4.3401, -1.7627)
(2.8288, 4.4208, -2.0889)
(3.0159, 4.1174, -1.9416)
(-1.2282, 5.2463, -2.2479)
(-0.9022, 5.5321, -2.3133)
(-0.6167, 5.3981, -2.0147)
(-0.2576, 5.622, -2.1146)
(0.059, 5.3902, -1.9068)
(0.4242, 5.5944, -2.0198)
(0.7441, 5.3289, -1.8529)
(1.1043, 5.4932, -2.0219)
(1.4199, 5.2079, -1.8816)
(1.7597, 5.311, -2.1286)
(2.0623, 5.0034, -2.0145)
(2.3641, 5.053, -2.3216)
(2.6188, 4.7364, -2.2216)
(2.83, 4.7911, -2.5355)
(3.0101, 4.5007, -2.4194)
(-1.1577, 5.573, -2.6392)
(-0.8407, 5.8297, -2.6401)
(-0.5635, 5.7686, -2.3518)
(-0.2219, 5.9752, -2.3642)
(0.0992, 5.8117, -2.179)
(0.4554, 5.9621, -2.2534)
(0.7829, 5.741, -2.1418)
(1.1316, 5.8245, -2.306)
(1.4485, 5.5793, -2.2234)
(1.7763, 5.612, -2.4485)
(2.0775, 5.3461, -2.3888)
(2.3728, 5.341, -2.655)
(2.6239, 5.0651, -2.6089)
(2.8247, 5.0706, -2.8549)
(3.0026, 4.823, -2.7965)
(0.544, -1.8862, 4.3536)
(0.9465, -1.7385, 4.443)
(0.8576, -1.9585, 4.3464)
(1.4711, -1.4352, 4.6671)
(1.3083, -1.7717, 4.4946)
(2.0109, -1.1012, 4.9451)
(1.8524, -1.4367, 4.7743)
(2.552, -0.7613, 5.2114)
(2.3919, -1.1031, 5.0641)
(3.0915, -0.4025, 5.4508)
(2.9287, -0.7596, 5.3429)
(3.6047, -0.0235, 5.7143)
(3.4572, -0.3884, 5.5993)
(4.1154, 0.3594, 5.979)
(3.9788, 0.0053, 5.8344)
(4.5063, 0.3944, 6.0624)
(-2.3965, -0.9776, -1.8446)
(-1.8729, 1.9524, -5.0056)
(-2.3044, -3.554, 2.427)
(-2.179, 0.2427, -3.2349)
(-2.8618, -3.7491, 2.0577)
(-3.4298, -3.9461, 1.7076)
(-2.5781, -1.4004, -1.4556)
(-3.9974, -4.1421, 1.3562)
(-4.5634, -4.3142, 0.9901)
(-5.1277, -4.4488, 0.6074)
(-5.686, -4.5702, 0.2117)
(-1.9951, 1.5078, -4.6053)
(-6.2404, -4.716, -0.1843)
(-2.203, -0.1601, -2.7448)
(-2.2652, -0.5652, -2.2741)
(-3.9031, -2.5633, -1.2105)
(-2.8108, -1.8333, -1.1041)
(-3.3118, -2.2782, -0.971)
(-4.3453, -3.0965, -1.2346)
(-4.7359, -3.6697, -1.2218)
(-1.7577, 2.393, -5.4189)
(-2.1017, 1.0685, -4.1894)
(-2.1546, 0.6512, -3.7226)
(-6.1275, -5.0197, -0.5779)
(-6.0666, -4.847, -0.2833)
(-6.3177, -4.8304, -0.3037)
(-6.3621, -5.0351, -0.5461)
(-4.8817, -3.758, -1.2741)
(-4.8348, -3.5209, -1.3556)
(-5.1218, -3.6223, -1.4904)
(-5.1705, -3.7966, -1.3755)
(-4.9797, -3.5517, -1.6723)
(-5.2556, -3.7351, -1.8519)
(-5.3962, -3.7002, -1.6979)
(-5.0788, -3.9419, -1.7768)
(-5.386, -4.2039, -1.7784)
(-5.5341, -3.9363, -1.9314)
(-5.2483, -4.4332, -1.4993)
(-5.5738, -4.6745, -1.4573)
(-5.6708, -4.4714, -1.7546)
(-5.4789, -4.8236, -1.1036)
(-5.8301, -4.9909, -1.0265)
(-5.879, -4.8999, -1.3898)
(-5.7798, -4.9746, -0.6419)
(-6.1638, -5.1036, -0.9235)
(-1.4711, -3.8109, 1.8205)
(-1.4655, -3.7158, 2.1507)
(-1.8445, -3.7201, 2.2184)
(-1.8962, -3.8439, 1.8987)
(-1.9781, -3.9993, 1.5114)
(-2.3208, -3.8558, 1.9408)
(-2.437, -4.0382, 1.5666)
(-2.5447, -4.2233, 1.1652)
(-2.8826, -4.046, 1.5881)
(-3.0038, -4.2407, 1.2157)
(-3.1125, -4.4208, 0.8155)
(-3.4493, -4.2345, 1.2322)
(-3.5709, -4.4262, 0.8584)
(-3.6804, -4.5743, 0.4482)
(-4.0157, -4.4106, 0.8697)
(-4.136, -4.5785, 0.4854)
(-4.2457, -4.685, 0.0649)
(-4.5798, -4.5586, 0.4937)
(-4.6981, -4.7016, 0.1002)
(-4.8086, -4.7793, -0.3242)
(-5.1402, -4.6915, 0.1093)
(-5.2571, -4.8269, -0.2855)
(-5.3676, -4.8859, -0.7043)
(-5.6915, -4.8489, -0.266)
(-1.051, -3.8373, 1.39)
(-0.9869, -3.7474, 1.7831)
(-1.5233, -3.9308, 1.4453)
(-1.6393, -4.0638, 1.0221)
(-2.0876, -4.166, 1.0976)
(-2.216, -4.2846, 0.6765)
(-2.6575, -4.3765, 0.7524)
(-2.7977, -4.4212, 0.3364)
(-3.2303, -4.5244, 0.3944)
(-3.3838, -4.4896, -0.0128)
(-3.8019, -4.6183, 0.0192)
(-3.9555, -4.5296, -0.3879)
(-4.3698, -4.6813, -0.3663)
(-4.5202, -4.5716, -0.7781)
(-4.9388, -4.7489, -0.7497)
(-5.0947, -4.6196, -1.1472)
(0.3894, -3.3504, 1.3792)
(0.2596, -3.5174, 1.7496)
(0.0298, -3.5574, 1.4609)
(-0.1834, -3.5712, 1.1137)
(-0.3656, -3.7062, 1.6303)
(-0.5874, -3.7231, 1.2749)
(-0.7809, -3.7645, 0.8235)
(-1.2025, -3.9253, 0.9332)
(-1.3754, -3.9777, 0.4879)
(-1.7881, -4.1499, 0.5875)
(-1.9793, -4.095, 0.1942)
(-2.384, -4.2682, 0.2701)
(-2.6062, -4.0857, -0.0655)
(-2.9918, -4.2994, -0.0362)
(-3.2377, -4.0472, -0.3211)
(-3.5894, -4.306, -0.3565)
(-3.7974, -4.0639, -0.6841)
(-4.1324, -4.3462, -0.7639)
(-4.3223, -4.1271, -1.119)
(-4.6973, -4.3919, -1.155)
(-4.8896, -4.1772, -1.5004)
(0.5638, -3.1188, 0.8727)
(0.1949, -3.3667, 0.9856)
(-0.0003, -3.3616, 0.5623)
(-0.3826, -3.5766, 0.6936)
(-0.586, -3.5673, 0.2586)
(-0.9756, -3.779, 0.3778)
(-1.1969, -3.7135, -0.02)
(-1.585, -3.9113, 0.0989)
(-1.8378, -3.6847, -0.1864)
(-2.2225, -3.8707, -0.0974)
(-2.4929, -3.559, -0.3049)
(-2.8692, -3.7973, -0.3036)
(-3.1372, -3.4852, -0.515)
(-3.482, -3.7638, -0.5832)
(-3.6907, -3.5039, -0.8917)
(-3.9893, -3.8262, -1.0274)
(-4.2041, -3.5808, -1.3386)
(-4.5312, -3.8932, -1.4454)
(-4.7589, -3.671, -1.6831)
(0.7349, -2.8494, 0.3452)
(0.3719, -3.1168, 0.4479)
(0.1704, -3.104, 0.0263)
(-0.2049, -3.3426, 0.1391)
(-0.4251, -3.2972, -0.2692)
(-0.8102, -3.5069, -0.1437)
(-1.0657, -3.3697, -0.4987)
(-1.453, -3.5293, -0.3385)
(-1.722, -3.2522, -0.5787)
(-2.1062, -3.3697, -0.3916)
(-2.3796, -3.0516, -0.5858)
(-2.7653, -3.2362, -0.4966)
(-3.034, -2.9278, -0.7155)
(-3.3809, -3.1944, -0.7677)
(-3.6144, -2.9413, -1.0378)
(-3.9035, -3.2567, -1.1959)
(-4.1553, -3.0677, -1.3915)
(-4.4543, -3.3608, -1.5414)
(-4.6918, -3.3208, -1.5104)
(0.8961, -2.569, -0.1746)
(0.536, -2.8441, -0.0777)
(0.3289, -2.8316, -0.4994)
(-0.0423, -3.079, -0.3909)
(-0.278, -3.0177, -0.7924)
(-0.6712, -3.204, -0.6523)
(-0.9405, -3.0438, -0.9937)
(-1.3377, -3.1613, -0.8001)
(-1.6088, -2.8866, -1.0385)
(-1.9949, -2.9533, -0.7941)
(-2.2585, -2.6422, -0.9872)
(-2.6549, -2.747, -0.7975)
(-2.9108, -2.4143, -0.9678)
(-3.3082, -2.6329, -0.933)
(-3.5999, -2.4244, -1.097)
(-3.8746, -2.7838, -1.2229)
(-4.1193, -2.8318, -1.2312)
(-4.3887, -3.1009, -1.3796)
(-4.5381, -3.3829, -1.2384)
(1.0394, -2.2613, -0.6807)
(0.6881, -2.5545, -0.5939)
(0.4679, -2.5205, -1.006)
(0.1041, -2.7914, -0.9107)
(-0.1489, -2.6937, -1.293)
(-0.54, -2.892, -1.1583)
(-0.8146, -2.6711, -1.4505)
(-1.2143, -2.7948, -1.2604)
(-1.4625, -2.4613, -1.4265)
(-1.8584, -2.5528, -1.2025)
(-2.0746, -2.1866, -1.3057)
(-2.4773, -2.2934, -1.1117)
(-2.6089, -1.9456, -1.1901)
(-3.0529, -2.0614, -1.0426)
(1.163, -1.9213, -1.1713)
(0.8173, -2.2222, -1.088)
(0.5843, -2.1583, -1.4837)
(0.2254, -2.441, -1.3954)
(-0.0393, -2.2993, -1.746)
(-0.4207, -2.5099, -1.613)
(-0.6855, -2.2296, -1.8383)
(-1.0708, -2.3531, -1.6365)
(-1.2983, -1.9974, -1.7625)
(-1.6805, -2.0929, -1.531)
(-1.884, -1.7369, -1.6378)
(-2.2493, -1.8323, -1.3998)
(-2.3772, -1.5073, -1.5183)
(-2.6875, -1.6238, -1.2847)
(1.293, -1.5886, -1.6673)
(0.9394, -1.8728, -1.5737)
(0.7043, -1.7993, -1.9635)
(0.3357, -2.0556, -1.8573)
(0.0685, -1.8926, -2.1882)
(-0.3098, -2.082, -2.031)
(-0.5699, -1.7968, -2.2454)
(-0.9308, -1.9008, -2.0034)
(-1.1608, -1.5712, -2.1581)
(-1.5148, -1.6527, -1.8918)
(-1.7273, -1.319, -2.0321)
(-2.0632, -1.404, -1.7661)
(-2.2044, -1.0887, -1.9102)
(-2.4822, -1.1964, -1.6545)
(1.4259, -1.2612, -2.1672)
(1.0678, -1.5347, -2.0668)
(0.8237, -1.4448, -2.4467)
(0.4486, -1.6782, -2.3238)
(0.1749, -1.4949, -2.6381)
(-0.2036, -1.6628, -2.4599)
(-0.4654, -1.3815, -2.6776)
(-0.8158, -1.4843, -2.4254)
(-1.0523, -1.1641, -2.593)
(-1.3858, -1.2434, -2.3114)
(-1.6113, -0.9137, -2.4658)
(-1.92, -0.9943, -2.1813)
(-2.0801, -0.6797, -2.3406)
(-2.3269, -0.78, -2.0633)
(1.5546, -0.9287, -2.6647)
(1.1933, -1.195, -2.5596)
(0.939, -1.0851, -2.9267)
(0.5584, -1.3015, -2.7914)
(0.2789, -1.0976, -3.0899)
(-0.1012, -1.2524, -2.8998)
(-0.3682, -0.9658, -3.1159)
(-0.717, -1.0726, -2.8642)
(-0.9638, -0.7491, -3.0362)
(-1.2891, -0.8357, -2.7543)
(-1.5313, -0.5006, -2.9158)
(-1.8229, -0.5864, -2.6264)
(-2.0089, -0.2706, -2.8013)
(-2.2307, -0.3719, -2.513)
(1.6778, -0.5888, -3.1582)
(1.3137, -0.8481, -3.0485)
(1.051, -0.7192, -3.4025)
(0.6659, -0.9202, -3.2559)
(0.3827, -0.6984, -3.5402)
(-0.001, -0.8413, -3.3414)
(-0.2735, -0.5459, -3.5538)
(-0.6281, -0.6519, -3.3042)
(-0.8857, -0.3216, -3.478)
(-1.2146, -0.4143, -3.2018)
(-1.4723, -0.0743, -3.3695)
(-1.7632, -0.1698, -3.0867)
(-1.9693, 0.1432, -3.2758)
(-2.1873, 0.0323, -2.9935)
(1.7965, -0.2427, -3.6482)
(1.4298, -0.4946, -3.5333)
(1.1606, -0.3483, -3.8749)
(0.7724, -0.5351, -3.7172)
(0.4878, -0.2975, -3.9882)
(0.1007, -0.4292, -3.7818)
(-0.1747, -0.1243, -3.9885)
(-0.5405, -0.2245, -3.7409)
(-0.8048, 0.1118, -3.9142)
(-1.1477, 0.0187, -3.6463)
(-1.4139, 0.3604, -3.818)
(-1.7178, 0.2564, -3.5489)
(-1.9316, 0.5637, -3.7471)
(-2.1628, 0.4383, -3.4827)
(1.9115, 0.1083, -4.1353)
(1.5425, -0.1359, -4.0148)
(1.2684, 0.0266, -4.3443)
(0.8785, -0.1467, -4.1756)
(0.5939, 0.106, -4.4333)
(0.2061, -0.016, -4.2192)
(-0.0681, 0.2974, -4.4181)
(-0.4436, 0.2036, -4.1717)
(-0.7081, 0.5439, -4.3417)
(-1.0706, 0.4551, -4.0826)
(-1.3356, 0.7963, -4.2539)
(-1.6617, 0.6882, -4.0013)
(-1.8689, 0.991, -4.1999)
(-2.1239, 0.8514, -3.9602)
(2.0236, 0.4633, -4.6198)
(1.6525, 0.2269, -4.4935)
(1.3749, 0.405, -4.8109)
(0.9843, 0.245, -4.6311)
(0.701, 0.5126, -4.8752)
(0.3144, 0.3995, -4.6529)
(0.0436, 0.7218, -4.8423)
(-0.3348, 0.6313, -4.5951)
(-0.596, 0.9759, -4.7594)
(-0.9711, 0.889, -4.5067)
(-1.229, 1.2314, -4.6724)
(-1.5744, 1.1227, -4.4329)
(-1.767, 1.4279, -4.6208)
(-2.0444, 1.2803, -4.4023)
(2.1332, 0.8214, -5.1021)
(1.7605, 0.5933, -4.9697)
(1.4804, 0.7867, -5.2747)
(1.0901, 0.64, -5.0836)
(0.8094, 0.9229, -5.3132)
(0.425, 0.8185, -5.0822)
(0.1587, 1.1507, -5.2607)
(-0.2193, 1.0626, -5.0111)
(-0.4769, 1.4129, -5.1683)
(-0.8548, 1.3247, -4.9185)
(-1.1091, 1.6715, -5.0783)
(-1.4604, 1.5613, -4.844)
(-1.6475, 1.8704, -5.0257)
(-1.9302, 1.7228, -4.8112)
(2.2356, 1.1631, -5.5579)
(1.8661, 0.9601, -5.4405)
(1.5799, 1.1504, -5.7102)
(1.1957, 1.0359, -5.5294)
(0.9136, 1.3143, -5.7226)
(0.5374, 1.2389, -5.5036)
(0.2705, 1.5602, -5.6504)
(-0.1005, 1.4962, -5.4174)
(-0.3604, 1.8305, -5.5481)
(-0.7333, 1.7633, -5.3186)
(-0.9916, 2.0912, -5.4558)
(-1.3389, 2.0011, -5.2438)
(-1.5318, 2.2896, -5.4095)
(-1.8106, 2.1657, -5.2177)
(2.3152, 1.4311, -5.9136)
(1.9546, 1.2712, -5.8357)
(1.6564, 1.4309, -6.0415)
(1.2854, 1.3714, -5.9003)
(0.9949, 1.6166, -6.0323)
(0.634, 1.5953, -5.8529)
(0.3582, 1.8762, -5.9448)
(0.002, 1.8636, -5.7537)
(-0.2695, 2.1521, -5.8355)
(-0.6287, 2.1345, -5.6502)
(-0.9003, 2.4138, -5.7419)
(-1.2345, 2.3708, -5.5763)
(-1.4315, 2.593, -5.6893)
(-1.6992, 2.5169, -5.5498)
(-1.8033, -3.6322, 2.4244)
(-2.1217, -3.5685, 2.4555)
(-2.2028, -3.687, 2.2524)
(-2.576, -3.6581, 2.2386)
(-2.7358, -3.8549, 1.9237)
(-3.1373, -3.8528, 1.879)
(-3.3011, -4.0434, 1.5677)
(-3.7036, -4.0469, 1.5275)
(-3.8681, -4.2301, 1.2112)
(-4.2706, -4.2286, 1.1678)
(-4.434, -4.3971, 0.8437)
(-4.8361, -4.3816, 0.7931)
(-4.9972, -4.5374, 0.4629)
(-5.3978, -4.5112, 0.404)
(-5.5558, -4.6762, 0.0764)
(-5.9558, -4.6477, 0.0084)
(-6.3157, -4.5306, -0.0629)
(-6.6157, -4.3911, -0.1515)
(-6.7084, -4.596, -0.2513)
(-6.4182, -4.7088, -0.2233)
(-4.8775, -3.5232, -1.2936)
(-4.8707, -3.7817, -1.2504)
(-5.1614, -3.8598, -1.3309)
(-5.2054, -3.6161, -1.3758)
(-5.2807, -3.2948, -1.3761)
(-5.5384, -3.6809, -1.4949)
(-5.6546, -3.3894, -1.4474)
(-5.7477, -3.1875, -1.1916)
(-6.0065, -3.505, -1.4595)
(-6.1107, -3.3653, -1.1477)
(-6.1456, -3.304, -0.7655)
(-6.4495, -3.5424, -1.0773)
(-6.4753, -3.5328, -0.7058)
(-6.4122, -3.6001, -0.3311)
(-6.7702, -3.7679, -0.6284)
(-6.6724, -3.8958, -0.3083)
(-6.4578, -4.0854, -0.0571)
(-6.8615, -4.2049, -0.3193)
(-2.3244, -2.7934, 2.8722)
(-2.5755, -2.5886, 2.7231)
(-2.6905, -2.9431, 2.5446)
(-2.4017, -3.1057, 2.683)
(-3.0381, -2.7559, 2.3541)
(-3.1888, -3.1217, 2.159)
(-2.8101, -3.2737, 2.3301)
(-3.5845, -2.9486, 1.9885)
(-3.748, -3.3172, 1.8146)
(-3.352, -3.4645, 1.9604)
(-4.113, -3.141, 1.6129)
(-4.2783, -3.4914, 1.419)
(-3.9085, -3.654, 1.6012)
(-4.5987, -3.2911, 1.1653)
(-4.7828, -3.6356, 0.983)
(-4.4377, -3.8201, 1.1946)
(-5.1178, -3.423, 0.7496)
(-5.3458, -3.7775, 0.6229)
(-4.985, -3.9667, 0.8096)
(-5.6756, -3.5714, 0.3818)
(-5.9215, -3.9276, 0.2773)
(-5.567, -4.1102, 0.4708)
(-6.2224, -3.74, 0.0106)
(-6.1413, -4.2632, 0.1294)
(-2.3649, -2.2085, 2.8915)
(-2.6446, -2.0054, 2.6443)
(-2.871, -2.3872, 2.5192)
(-3.2244, -2.2055, 2.2675)
(-3.4169, -2.5741, 2.1432)
(-3.7421, -2.4163, 1.8694)
(-3.9338, -2.7769, 1.7556)
(-4.1544, -2.626, 1.3925)
(-4.3811, -2.9591, 1.2973)
(-4.5958, -2.7784, 0.9275)
(-4.8767, -3.0803, 0.8604)
(-5.102, -2.924, 0.508)
(-5.4056, -3.2267, 0.4563)
(-5.6039, -3.1, 0.0794)
(-5.9307, -3.4009, 0.0533)
(-6.0889, -3.3099, -0.3478)
(-1.6268, -0.9394, 2.879)
(-1.8722, -1.276, 2.8927)
(-1.5655, -1.2969, 3.0969)
(-2.1922, -1.2019, 2.6455)
(-2.4099, -1.5962, 2.6857)
(-2.0806, -1.6717, 2.9465)
(-2.7617, -1.4553, 2.3577)
(-2.9989, -1.8318, 2.3354)
(-3.3033, -1.6991, 1.9802)
(-3.5329, -2.0589, 1.946)
(-3.6982, -1.9808, 1.5227)
(-3.9192, -2.3075, 1.4713)
(-4.0295, -2.22, 1.0221)
(-4.3077, -2.4899, 0.9725)
(-4.4071, -2.4407, 0.541)
(-4.7574, -2.6732, 0.5253)
(-4.8232, -2.694, 0.0835)
(-5.2279, -2.8791, 0.0869)
(-5.299, -2.8717, -0.3598)
(-5.7163, -3.0539, -0.3527)
(-5.7662, -3.0809, -0.7942)
(-1.7067, -0.4505, 2.582)
(-1.9525, -0.8306, 2.6062)
(-2.2722, -0.7063, 2.2923)
(-2.5187, -1.0818, 2.3318)
(-2.8132, -0.9717, 1.9653)
(-3.0587, -1.339, 1.9846)
(-3.2512, -1.2874, 1.5582)
(-3.4818, -1.6402, 1.5511)
(-3.595, -1.6176, 1.0905)
(-3.8035, -1.9351, 1.0615)
(-3.8332, -1.9507, 0.5991)
(-4.0771, -2.2185, 0.5721)
(-4.0415, -2.3343, 0.1211)
(-4.4147, -2.526, 0.0996)
(-4.4176, -2.5895, -0.3385)
(-4.8609, -2.7225, -0.3574)
(-4.8979, -2.7371, -0.7882)
(-5.3453, -2.8876, -0.7982)
(-5.3417, -3.0209, -1.1795)
(-1.7653, 0.0534, 2.2469)
(-2.021, -0.3262, 2.2662)
(-2.3012, -0.2277, 1.9145)
(-2.5591, -0.6022, 1.9384)
(-2.7878, -0.5366, 1.5408)
(-3.0331, -0.9082, 1.5559)
(-3.1799, -0.8927, 1.1124)
(-3.3769, -1.2753, 1.1065)
(-3.4194, -1.3094, 0.65)
(-3.6243, -1.6452, 0.6293)
(-3.5563, -1.727, 0.1601)
(-3.7769, -2.0419, 0.1304)
(-3.6884, -2.171, -0.3119)
(-4.0052, -2.4363, -0.3197)
(-4.006, -2.4766, -0.7417)
(-4.4463, -2.6003, -0.7694)
(-4.4724, -2.721, -1.1157)
(-4.9016, -2.873, -1.1518)
(-4.8834, -3.1721, -1.315)
(-1.7499, 0.5007, 1.8403)
(-2.0351, 0.1442, 1.8853)
(-2.2681, 0.2044, 1.4913)
(-2.5308, -0.1659, 1.52)
(-2.7042, -0.1427, 1.0911)
(-2.9472, -0.5179, 1.1044)
(-3.0482, -0.536, 0.647)
(-3.2491, -0.9225, 0.6524)
(-3.2357, -0.9904, 0.1904)
(-3.3657, -1.3907, 0.189)
(-3.2391, -1.4965, -0.2438)
(-3.4258, -1.8517, -0.2769)
(-3.2605, -1.9928, -0.6863)
(-3.5961, -2.3023, -0.7297)
(-3.615, -2.4171, -1.0846)
(-4.0609, -2.5726, -1.0715)
(-4.1291, -2.8281, -1.2139)
(-4.5028, -3.0087, -1.2553)
(-4.543, -3.3834, -1.218)
(-1.6662, 0.8804, 1.376)
(-1.9822, 0.5566, 1.4448)
(-2.192, 0.5914, 1.0328)
(-2.4646, 0.2371, 1.0734)
(-2.6211, 0.2427, 0.6358)
(-2.8299, -0.1496, 0.6416)
(-2.928, -0.1687, 0.1884)
(-3.096, -0.577, 0.1874)
(-3.0683, -0.6358, -0.2567)
(-3.1513, -1.0751, -0.2503)
(-3.0031, -1.1591, -0.6531)
(-3.071, -1.5959, -0.64)
(-2.8925, -1.6287, -0.9814)
(-3.0697, -2.05, -1.0325)
(-1.563, 1.2338, 0.902)
(-1.8767, 0.9108, 0.9667)
(-2.0986, 0.9545, 0.5691)
(-2.3811, 0.6111, 0.6104)
(-2.5675, 0.6375, 0.1926)
(-2.7615, 0.2412, 0.1944)
(-2.842, 0.2325, -0.2423)
(-2.9616, -0.1999, -0.2539)
(-2.8917, -0.2483, -0.6705)
(-2.9578, -0.7026, -0.6672)
(-2.7958, -0.7639, -1.0424)
(-2.8289, -1.2102, -1.0134)
(-2.656, -1.2106, -1.3357)
(-2.7013, -1.6099, -1.275)
(-1.565, 1.6934, 0.5238)
(-1.8241, 1.3141, 0.5391)
(-2.1048, 1.4178, 0.1961)
(-2.3392, 1.0257, 0.1923)
(-2.5143, 1.0754, -0.2064)
(-2.6942, 0.6568, -0.2276)
(-2.6908, 0.6383, -0.6548)
(-2.8039, 0.1988, -0.6667)
(-2.6831, 0.1501, -1.0621)
(-2.7515, -0.3037, -1.0554)
(-2.5805, -0.3576, -1.4207)
(-2.6212, -0.7983, -1.3894)
(-2.4603, -0.7927, -1.7189)
(-2.4924, -1.1816, -1.6457)
(-1.6349, 2.2119, 0.2238)
(-1.8669, 1.8121, 0.2054)
(-2.1115, 1.9014, -0.1551)
(-2.3198, 1.4913, -0.1807)
(-2.3984, 1.5033, -0.6069)
(-2.553, 1.0718, -0.6359)
(-2.4714, 1.031, -1.0554)
(-2.5874, 0.5936, -1.0628)
(-2.4337, 0.5371, -1.4497)
(-2.5208, 0.0938, -1.4378)
(-2.3557, 0.0376, -1.8145)
(-2.4141, -0.3907, -1.777)
(-2.2935, -0.3854, -2.1349)
(-2.3348, -0.7628, -2.0553)
(-1.6716, 2.712, -0.1125)
(-1.8971, 2.3097, -0.1278)
(-2.0533, 2.3553, -0.5362)
(-2.2326, 1.932, -0.573)
(-2.2078, 1.9046, -1.0103)
(-2.3428, 1.4667, -1.0387)
(-2.2051, 1.406, -1.4519)
(-2.322, 0.9716, -1.4543)
(-2.1765, 0.9106, -1.8548)
(-2.2781, 0.4769, -1.8383)
(-2.1725, 0.423, -2.2474)
(-2.2365, 0.0045, -2.2019)
(-2.1933, 0.014, -2.5933)
(-2.2374, -0.3533, -2.506)
(-1.6638, 3.1831, -0.4902)
(-1.869, 2.7752, -0.5034)
(-1.9254, 2.7772, -0.9355)
(-2.0634, 2.3411, -0.9735)
(-1.9705, 2.2881, -1.4124)
(-2.0874, 1.8446, -1.4383)
(-1.9735, 1.7834, -1.8661)
(-2.0699, 1.3434, -1.8658)
(-2.0118, 1.2929, -2.2965)
(-2.0928, 0.8567, -2.2767)
(-2.1055, 0.8158, -2.7132)
(-2.1526, 0.3988, -2.6663)
(-2.1739, 0.4157, -3.0751)
(-2.1946, 0.0503, -2.9862)
(-1.616, 3.6247, -0.8995)
(-1.7893, 3.2086, -0.9089)
(-1.7896, 3.1841, -1.3551)
(-1.8665, 2.7352, -1.3828)
(-1.8093, 2.6868, -1.8321)
(-1.8853, 2.2323, -1.8535)
(-1.8854, 2.1898, -2.2995)
(-1.9461, 1.7368, -2.3054)
(-2.0228, 1.7031, -2.7451)
(-2.0602, 1.2548, -2.7361)
(-2.1521, 1.2239, -3.1799)
(-2.1647, 0.8015, -3.1449)
(-2.1773, 0.823, -3.5573)
(-2.1708, 0.4556, -3.4748)
(-1.5694, 4.0559, -1.324)
(-1.7098, 3.6294, -1.3332)
(-1.7357, 3.6049, -1.7825)
(-1.7615, 3.1451, -1.8076)
(-1.7977, 3.1109, -2.2579)
(-1.8341, 2.6489, -2.281)
(-1.9444, 2.6197, -2.72)
(-1.9821, 2.1586, -2.7388)
(-2.1166, 2.1309, -3.173)
(-2.1378, 1.6727, -3.1845)
(-2.1952, 1.6444, -3.6309)
(-2.1877, 1.2134, -3.6154)
(-2.1461, 1.241, -4.02)
(-2.1324, 0.8682, -3.9518)
(-1.5377, 4.4812, -1.7559)
(-1.6792, 4.0564, -1.7597)
(-1.7557, 4.0356, -2.2041)
(-1.7758, 3.5738, -2.2316)
(-1.8826, 3.5458, -2.6705)
(-1.9104, 3.0825, -2.6968)
(-2.06, 3.0573, -3.1267)
(-2.0894, 2.5936, -3.1515)
(-2.1941, 2.5666, -3.5902)
(-2.2005, 2.1023, -3.6154)
(-2.1865, 2.0783, -4.0602)
(-2.1632, 1.6401, -4.0598)
(-2.0675, 1.6764, -4.4455)
(-2.0525, 1.296, -4.3924)
(-1.5008, 4.8959, -2.1965)
(-1.6799, 4.4842, -2.1857)
(-1.8043, 4.4683, -2.6203)
(-1.857, 4.0093, -2.6426)
(-1.9952, 3.9851, -3.0737)
(-2.0294, 3.5212, -3.1005)
(-2.1549, 3.4967, -3.5349)
(-2.1786, 3.0317, -3.5626)
(-2.2149, 3.0043, -4.0095)
(-2.2073, 2.5392, -4.0376)
(-2.1294, 2.5174, -4.4787)
(-2.0938, 2.079, -4.479)
(-1.9635, 2.1183, -4.8544)
(-1.9378, 1.7374, -4.7997)
(-1.4474, 5.2737, -2.6259)
(-1.6714, 4.9011, -2.616)
(-1.8321, 4.8735, -3.0192)
(-1.9366, 4.4433, -3.0496)
(-2.0727, 4.4015, -3.4593)
(-2.1224, 3.9588, -3.5044)
(-2.1936, 3.9118, -3.9271)
(-2.2092, 3.467, -3.9772)
(-2.1838, 3.4174, -4.4066)
(-2.163, 2.9742, -4.4543)
(-2.0517, 2.9317, -4.8712)
(-2.0014, 2.5166, -4.8885)
(-1.8632, 2.5359, -5.2444)
(-1.82, 2.1797, -5.2067)
(-1.4025, 5.561, -2.9649)
(-1.6576, 5.2471, -2.9825)
(-1.868, 5.1875, -3.3168)
(-1.9962, 4.8103, -3.3889)
(-2.13, 4.7232, -3.7494)
(-2.1683, 4.3265, -3.8475)
(-2.1942, 4.2285, -4.2289)
(-2.1924, 3.8314, -4.3275)
(-2.1382, 3.7321, -4.7102)
(-2.1027, 3.3382, -4.8031)
(-1.9868, 3.2468, -5.1722)
(-1.9208, 2.8816, -5.2325)
(-1.8001, 2.8487, -5.5243)
(-1.7395, 2.5443, -5.5334)
(-2.2036, -3.2053, 2.77)
(-2.4718, -3.3807, 2.4715)
(-2.2408, -3.4468, 2.56)
(-2.9695, -3.5687, 2.1052)
(-2.5902, -3.645, 2.2461)
(-3.5309, -3.7639, 1.749)
(-3.1543, -3.8423, 1.8864)
(-4.0868, -3.951, 1.3816)
(-3.7236, -4.0413, 1.5363)
(-4.6341, -4.114, 0.9931)
(-4.2902, -4.2278, 1.1785)
(-5.2051, -4.2555, 0.632)
(-4.855, -4.3814, 0.8044)
(-5.7783, -4.3933, 0.2716)
(-5.416, -4.5078, 0.415)
(-5.9706, -4.6385, 0.0189)
(5.0913, 0.4994, 6.109)
(4.653, 0.971, 4.2245)
(4.9232, 1.2361, 4.1584)
(5.2821, 1.1551, 4.2513)
(5.4692, 0.8085, 4.6784)
(5.5029, 0.5183, 5.2042)
(5.3545, 0.4062, 5.7497)
(1.2879, -2.3513, 3.7388)
(1.7388, -2.0633, 3.9869)
(2.28, -1.738, 4.2757)
(2.8188, -1.4023, 4.5608)
(3.3507, -1.0449, 4.8294)
(3.8718, -0.6591, 5.0748)
(4.3873, -0.2613, 5.3079)
(4.9064, 0.1146, 5.5484)
(1.5185, -2.5004, 3.212)
(2.0524, -2.1931, 3.4963)
(2.6112, -1.8831, 3.7998)
(3.1391, -1.5351, 4.0842)
(3.6432, -1.1369, 4.3381)
(4.129, -0.7035, 4.5652)
(4.6105, -0.2614, 4.784)
(5.0896, 0.1696, 5.0132)
(0.8622, -3.1784, 1.8905)
(1.3064, -2.8851, 2.2851)
(1.777, -2.5297, 2.6581)
(2.3467, -2.1972, 2.9734)
(2.8675, -1.8463, 3.2808)
(3.3077, -1.4138, 3.5706)
(3.7062, -0.9381, 3.8497)
(4.1464, -0.4738, 4.0656)
(4.6292, -0.0242, 4.2501)
(5.0896, 0.4305, 4.4754)
(1.0227, -2.9783, 1.4547)
(1.5426, -2.6902, 1.7832)
(2.0563, -2.3663, 2.1138)
(2.566, -2.0191, 2.4437)
(2.9513, -1.5844, 2.7807)
(3.228, -1.0684, 3.1212)
(3.5242, -0.5475, 3.4461)
(3.9596, -0.0868, 3.6483)
(4.4782, 0.3371, 3.7938)
(4.9534, 0.7759, 4.0087)
(1.2069, -2.7192, 0.9283)
(1.7508, -2.4363, 1.2517)
(2.2598, -2.1095, 1.5856)
(2.6869, -1.7125, 1.94)
(2.9121, -1.2154, 2.3207)
(3.0326, -0.6733, 2.7168)
(3.2784, -0.1459, 3.0649)
(3.7131, 0.3202, 3.274)
(4.2169, 0.7369, 3.4537)
(4.6382, 1.0535, 3.7817)
(1.3776, -2.4417, 0.4077)
(1.9323, -2.1628, 0.7321)
(2.4329, -1.8226, 1.0744)
(2.8027, -1.3787, 1.4499)
(2.9474, -0.8512, 1.8551)
(2.9745, -0.2986, 2.2741)
(3.0928, 0.2525, 2.6682)
(3.4422, 0.7036, 2.9938)
(3.9262, 0.9531, 3.3304)
(4.3366, 0.9953, 3.8003)
(1.5353, -2.1486, -0.1042)
(2.0966, -1.8685, 0.2217)
(2.5939, -1.5166, 0.5707)
(2.9163, -1.0434, 0.9592)
(2.9968, -0.5027, 1.3753)
(2.9439, 0.0395, 1.8003)
(2.9003, 0.549, 2.1993)
(1.6643, -1.8227, -0.6021)
(2.2142, -1.5319, -0.2731)
(2.6893, -1.1649, 0.0823)
(2.9341, -0.6835, 0.479)
(2.9301, -0.1567, 0.8955)
(2.8353, 0.355, 1.3141)
(2.7418, 0.7873, 1.6746)
(1.7837, -1.4857, -1.0968)
(2.3085, -1.1771, -0.7617)
(2.736, -0.7869, -0.3953)
(2.9145, -0.3083, 0.0066)
(2.878, 0.1925, 0.4162)
(2.7916, 0.6813, 0.8219)
(2.699, 1.0981, 1.1671)
(1.9132, -1.1589, -1.5976)
(2.4126, -0.8298, -1.2535)
(2.7882, -0.4115, -0.8731)
(2.9377, 0.0716, -0.4661)
(2.9036, 0.5572, -0.0614)
(2.8129, 1.0337, 0.3368)
(2.7106, 1.4435, 0.6739)
(2.0428, -0.8304, -2.0976)
(2.5167, -0.4797, -1.7431)
(2.8491, -0.0364, -1.3505)
(2.9787, 0.4564, -0.9378)
(2.9518, 0.942, -0.5318)
(2.8644, 1.4188, -0.1341)
(2.7638, 1.83, 0.2009)
(2.1669, -0.495, -2.5942)
(2.6151, -0.1243, -2.2299)
(2.9093, 0.3404, -1.8273)
(3.02, 0.8477, -1.4082)
(2.9979, 1.3457, -0.9963)
(2.9226, 1.8339, -0.593)
(2.8431, 2.2541, -0.2533)
(2.2855, -0.153, -3.0873)
(2.7081, 0.2353, -2.7144)
(2.9669, 0.7171, -2.3042)
(3.0578, 1.24, -1.8791)
(3.0363, 1.7578, -1.4591)
(2.9757, 2.2636, -1.0472)
(2.9266, 2.6946, -0.7002)
(2.3996, 0.1941, -3.5775)
(2.7969, 0.598, -3.1973)
(3.0209, 1.0936, -2.7813)
(3.0903, 1.627, -2.3527)
(3.0652, 2.1621, -1.9259)
(3.0163, 2.6871, -1.5053)
(2.9944, 3.1284, -1.1522)
(2.5099, 0.5453, -4.0653)
(2.8817, 0.9633, -3.6787)
(3.0708, 1.4705, -3.2584)
(3.1162, 2.0087, -2.8288)
(3.0832, 2.551, -2.3994)
(3.038, 3.0877, -1.9739)
(3.0268, 3.5365, -1.6177)
(2.6169, 0.8999, -4.5511)
(2.9628, 1.3307, -4.1589)
(3.1157, 1.8478, -3.7354)
(3.1344, 2.3888, -3.3058)
(3.0894, 2.9316, -2.8767)
(3.0405, 3.4705, -2.4504)
(3.0263, 3.9223, -2.0936)
(2.7207, 1.2546, -5.032)
(3.0395, 1.6972, -4.6349)
(3.1543, 2.2228, -4.2094)
(3.1442, 2.7654, -3.7803)
(3.0847, 3.3078, -3.3517)
(3.0307, 3.8466, -2.9256)
(3.0174, 4.3008, -2.5696)
(2.8076, 1.5574, -5.4401)
(3.1004, 2.0059, -5.0343)
(3.1811, 2.5376, -4.6074)
(3.1461, 3.0808, -4.1791)
(3.0743, 3.6225, -3.751)
(3.0172, 4.1614, -3.3251)
(3.0088, 4.6106, -2.9683)
(1.0652, -2.1803, 4.1157)
(1.4508, -1.8838, 4.355)
(1.9843, -1.5458, 4.6309)
(2.5203, -1.2046, 4.9118)
(3.055, -0.8546, 5.1859)
(3.5829, -0.4825, 5.4416)
(4.1067, -0.0962, 5.6821)
(4.637, 0.2695, 5.9244)
(4.7579, 0.8496, 6.3394)
(4.6427, 0.9385, 4.2755)
(4.72, 1.3789, 4.413)
(4.688, 1.7334, 4.7657)
(4.5552, 1.7924, 5.3364)
(4.4717, 1.6326, 5.9005)
(4.5587, 1.2461, 6.2838)
(0.4567, -1.4478, 4.4198)
(0.9444, -1.17, 4.5856)
(1.4847, -0.8405, 4.8408)
(2.0194, -0.5071, 5.108)
(2.5745, -0.1535, 5.2935)
(3.1055, 0.2159, 5.5048)
(3.6091, 0.5897, 5.7837)
(4.1212, 0.9504, 6.0594)
(0.1508, -0.9688, 4.3)
(0.6835, -0.643, 4.5374)
(1.2326, -0.3119, 4.7907)
(1.8016, -0.0106, 4.9668)
(2.3582, 0.3319, 5.0987)
(2.8877, 0.7085, 5.2886)
(3.4307, 1.0621, 5.506)
(3.9886, 1.3857, 5.7218)
(-1.0709, -0.8759, 3.3011)
(-0.5844, -0.6863, 3.6998)
(-0.035, -0.448, 4.0425)
(0.5367, -0.1153, 4.3335)
(1.1237, 0.1499, 4.5206)
(1.7279, 0.4002, 4.5833)
(2.2994, 0.7061, 4.6853)
(2.8754, 1.0012, 4.8476)
(3.4484, 1.3235, 5.0152)
(4.0305, 1.6202, 5.187)
(-1.1324, -0.4413, 3.0592)
(-0.6234, -0.1752, 3.413)
(-0.0661, 0.0904, 3.7133)
(0.5194, 0.3675, 3.9702)
(1.1439, 0.5539, 4.1023)
(1.7728, 0.6754, 4.1146)
(2.3956, 0.81, 4.1629)
(3.0092, 1.0323, 4.2784)
(3.5704, 1.3758, 4.4274)
(4.1558, 1.646, 4.6011)
(-1.1966, 0.0739, 2.7435)
(-0.6392, 0.3277, 3.0546)
(-0.0453, 0.5589, 3.3124)
(0.5698, 0.7683, 3.5248)
(1.2158, 0.8623, 3.6294)
(1.8769, 0.8508, 3.6055)
(2.5355, 0.8194, 3.6018)
(3.1297, 1.0002, 3.6928)
(3.6904, 1.3146, 3.8561)
(4.2598, 1.4238, 4.1247)
(-1.2092, 0.5476, 2.3677)
(-0.618, 0.7736, 2.6434)
(0.008, 0.9577, 2.8625)
(0.6564, 1.0997, 3.032)
(1.3179, 1.0907, 3.0994)
(1.9661, 0.9589, 3.054)
(2.6244, 0.8439, 3.0203)
(3.2344, 0.9478, 3.154)
(3.7671, 1.1083, 3.4699)
(4.2664, 1.0352, 3.8953)
(-1.1526, 0.9567, 1.9246)
(-0.5566, 1.1777, 2.1958)
(0.0815, 1.3266, 2.3918)
(0.748, 1.4154, 2.5289)
(1.4088, 1.3749, 2.5841)
(2.0218, 1.1292, 2.5154)
(2.59, 0.8879, 2.4305)
(-1.046, 1.3059, 1.4415)
(-0.4569, 1.5336, 1.7205)
(0.1604, 1.7121, 1.9448)
(0.8129, 1.7861, 2.0707)
(1.4528, 1.6871, 2.0815)
(2.031, 1.4059, 1.9939)
(2.4947, 1.1065, 1.8839)
(-0.9869, 1.7047, 1.0067)
(-0.4079, 1.9405, 1.2998)
(0.2021, 2.134, 1.5321)
(0.8439, 2.1689, 1.6187)
(1.454, 1.9948, 1.5743)
(2.0052, 1.6948, 1.4754)
(2.4556, 1.4059, 1.3666)
(-1.0355, 2.2081, 0.6829)
(-0.4431, 2.4308, 0.9539)
(0.2002, 2.5485, 1.1047)
(0.8474, 2.4848, 1.111)
(1.4356, 2.2671, 1.0426)
(1.981, 1.9761, 0.9479)
(2.4468, 1.7252, 0.8558)
(-1.1028, 2.7237, 0.3754)
(-0.4729, 2.8898, 0.5738)
(0.196, 2.8962, 0.6201)
(0.8325, 2.7363, 0.5632)
(1.419, 2.5065, 0.4876)
(1.9884, 2.2645, 0.4158)
(2.4854, 2.0784, 0.3593)
(-1.1298, 3.2048, 0.0106)
(-0.4792, 3.2818, 0.1267)
(0.1898, 3.1752, 0.0871)
(0.8264, 2.9737, 0.0035)
(1.4381, 2.7767, -0.0576)
(2.0476, 2.6149, -0.0798)
(2.5727, 2.4924, -0.0964)
(-1.1243, 3.6472, -0.4)
(-0.4681, 3.6286, -0.3607)
(0.1947, 3.4609, -0.4447)
(0.8542, 3.2947, -0.5048)
(1.5048, 3.1664, -0.5133)
(2.1464, 3.0623, -0.4918)
(2.6808, 2.9499, -0.5171)
(-1.0959, 4.0702, -0.8326)
(-0.4357, 4.0067, -0.8269)
(0.2306, 3.8476, -0.9004)
(0.9105, 3.7391, -0.9052)
(1.588, 3.6622, -0.8618)
(2.2462, 3.5546, -0.858)
(2.7745, 3.4031, -0.9424)
(-1.0557, 4.4981, -1.2619)
(-0.3888, 4.4475, -1.236)
(0.2877, 4.3277, -1.2621)
(0.9735, 4.2546, -1.2199)
(1.6573, 4.1766, -1.1831)
(2.3121, 4.0248, -1.2463)
(2.8227, 3.8271, -1.39)
(-1.0039, 4.9296, -1.6848)
(-0.3366, 4.9266, -1.5975)
(0.3471, 4.8481, -1.5675)
(1.0333, 4.78, -1.5203)
(1.7099, 4.6664, -1.5367)
(2.3438, 4.462, -1.6692)
(2.8299, 4.2257, -1.8537)
(-0.9372, 5.347, -2.1128)
(-0.2821, 5.4066, -1.9503)
(0.4017, 5.3647, -1.8727)
(1.0845, 5.2778, -1.8547)
(1.7471, 5.1167, -1.9352)
(2.359, 4.8713, -2.1148)
(2.829, 4.6136, -2.322)
(-0.8704, 5.6891, -2.4854)
(-0.2382, 5.8074, -2.2486)
(0.4414, 5.7887, -2.1438)
(1.1193, 5.6701, -2.1701)
(1.7689, 5.4714, -2.2965)
(2.3686, 5.2056, -2.4976)
(2.8298, 4.9387, -2.7084)
(0.7343, -1.8263, 4.3874)
(1.1995, -1.5991, 4.542)
(1.7418, -1.2684, 4.8044)
(2.2807, -0.9328, 5.0823)
(2.8238, -0.5845, 5.3308)
(3.3505, -0.2145, 5.5799)
(3.8591, 0.1688, 5.8472)
(4.3706, 0.5439, 6.1096)
(-6.2335, -4.9405, -0.4225)
(-5.0116, -3.6742, -1.3579)
(-5.1979, -3.6324, -1.6907)
(-5.3154, -3.9442, -1.87)
(-5.4718, -4.4525, -1.6349)
(-5.6922, -4.8617, -1.2528)
(-5.9848, -5.0416, -0.7894)
(-1.6705, -3.7735, 2.0323)
(-2.1564, -3.9353, 1.74)
(-2.7205, -4.1409, 1.3912)
(-3.2874, -4.3367, 1.0386)
(-3.8538, -4.5069, 0.6739)
(-4.4175, -4.6422, 0.2937)
(-4.978, -4.7615, -0.0936)
(-5.5316, -4.9005, -0.4715)
(-1.2546, -3.8337, 1.6123)
(-1.8023, -4.0455, 1.2727)
(-2.3726, -4.2782, 0.9251)
(-2.9436, -4.4582, 0.5758)
(-3.5165, -4.577, 0.2086)
(-4.0861, -4.6512, -0.1729)
(-4.6536, -4.7138, -0.5593)
(-5.2215, -4.7858, -0.934)
(0.32, -3.4394, 1.5775)
(-0.2752, -3.646, 1.3723)
(-0.9002, -3.8165, 1.1136)
(-1.4961, -4.0436, 0.7567)
(-2.084, -4.2238, 0.4263)
(-2.6868, -4.291, 0.1157)
(-3.2963, -4.3009, -0.188)
(-3.8636, -4.3227, -0.5544)
(-4.4105, -4.3696, -0.9645)
(-4.9841, -4.413, -1.3367)
(0.4735, -3.2423, 1.1378)
(-0.091, -3.4753, 0.8406)
(-0.6776, -3.6795, 0.5367)
(-1.2772, -3.8637, 0.2283)
(-1.901, -3.9061, -0.0046)
(-2.5459, -3.8322, -0.196)
(-3.1873, -3.7701, -0.4248)
(-3.7412, -3.7877, -0.7948)
(-4.2532, -3.8616, -1.245)
(-4.8126, -3.9226, -1.6297)
(0.651, -2.9863, 0.6076)
(0.0867, -3.2358, 0.2915)
(-0.5029, -3.4361, -0.008)
(-1.1285, -3.5429, -0.2592)
(-1.7786, -3.4605, -0.373)
(-2.4366, -3.2926, -0.4278)
(-3.0846, -3.2015, -0.6076)
(-3.6464, -3.2176, -0.975)
(-4.1748, -3.2995, -1.3926)
(-4.7281, -3.4528, -1.6295)
(0.817, -2.711, 0.0842)
(0.2514, -2.9703, -0.2377)
(-0.3499, -3.1594, -0.5313)
(-1.0032, -3.2067, -0.746)
(-1.6674, -3.0682, -0.8083)
(-2.3241, -2.8438, -0.7852)
(-2.986, -2.668, -0.8431)
(-3.6004, -2.6822, -1.075)
(-4.1365, -2.9246, -1.3277)
(-4.6242, -3.3133, -1.3761)
(0.9707, -2.4198, -0.43)
(0.4016, -2.683, -0.7565)
(-0.2107, -2.8646, -1.0481)
(-0.8781, -2.8673, -1.2313)
(-1.5401, -2.6838, -1.2446)
(-2.1726, -2.42, -1.1552)
(-2.7681, -2.1758, -1.0759)
(1.102, -2.0929, -0.9266)
(0.5273, -2.3426, -1.2467)
(-0.0928, -2.5022, -1.5238)
(-0.7495, -2.4543, -1.6479)
(-1.3795, -2.2283, -1.5928)
(-1.9765, -1.9576, -1.4641)
(-2.4823, -1.7233, -1.3418)
(1.2269, -1.7534, -1.4182)
(0.6436, -1.9772, -1.7226)
(0.0145, -2.095, -1.9665)
(-0.6258, -2.01, -2.0372)
(-1.2253, -1.7793, -1.952)
(-1.8006, -1.5249, -1.8281)
(-2.2854, -1.2964, -1.7091)
(1.3597, -1.4251, -1.9172)
(0.7644, -1.6223, -2.2052)
(0.122, -1.6931, -2.4124)
(-0.5166, -1.5882, -2.4597)
(-1.1036, -1.3675, -2.3732)
(-1.6643, -1.1163, -2.2457)
(-2.136, -0.8837, -2.1213)
(1.4909, -1.0959, -2.4164)
(0.8818, -1.2658, -2.6872)
(0.2271, -1.2965, -2.8641)
(-0.4161, -1.1742, -2.8966)
(-1.0061, -0.9583, -2.8144)
(-1.5675, -0.7087, -2.6897)
(-2.0392, -0.4756, -2.5683)
(1.6168, -0.7596, -2.9119)
(0.9954, -0.9029, -3.1651)
(0.3307, -0.8982, -3.3153)
(-0.3209, -0.7562, -3.3351)
(-0.9242, -0.5366, -3.2576)
(-1.5004, -0.2889, -3.1428)
(-1.9871, -0.0645, -3.038)
(1.7377, -0.4164, -3.4036)
(1.1061, -0.5343, -3.6391)
(0.4351, -0.4982, -3.7645)
(-0.225, -0.3351, -3.7717)
(-0.8466, -0.1051, -3.697)
(-1.4444, 0.1425, -3.5949)
(-1.9519, 0.3527, -3.5127)
(1.8544, -0.0677, -3.8921)
(1.2147, -0.1614, -4.1099)
(0.5408, -0.0961, -4.2111)
(-0.1223, 0.0864, -4.204)
(-0.7587, 0.3281, -4.1292)
(-1.3783, 0.5785, -4.038)
(-1.9045, 0.7764, -3.9767)
(1.9679, 0.2854, -4.3779)
(1.3218, 0.2154, -4.5779)
(0.6473, 0.3089, -4.6547)
(-0.0127, 0.5091, -4.6309)
(-0.6535, 0.7596, -4.5518)
(-1.2851, 1.0136, -4.4652)
(-1.8216, 1.2085, -4.4134)
(2.0786, 0.642, -4.8612)
(1.4277, 0.5954, -5.0432)
(0.755, 0.7172, -5.0947)
(0.1007, 0.9357, -5.0523)
(-0.5371, 1.1936, -4.9649)
(-1.1699, 1.4508, -4.8765)
(-1.7081, 1.6488, -4.824)
(2.1866, 0.9991, -5.3395)
(1.5324, 0.9762, -5.5024)
(0.8636, 1.1267, -5.5275)
(0.2167, 1.364, -5.4648)
(-0.4164, 1.6305, -5.3672)
(-1.0481, 1.8902, -5.2759)
(-1.5877, 2.0891, -5.2258)
(2.2775, 1.3041, -5.7451)
(1.6203, 1.2985, -5.8856)
(0.9564, 1.4739, -5.8867)
(0.3167, 1.7271, -5.8064)
(-0.3125, 2.0004, -5.7003)
(-0.9435, 2.2616, -5.6073)
(-1.4821, 2.4532, -5.5595)
(-1.9915, -3.6497, 2.3524)
(-2.458, -3.7621, 2.1003)
(-3.0181, -3.9492, 1.7453)
(-3.5846, -4.1378, 1.3901)
(-4.1512, -4.3168, 1.029)
(-4.716, -4.4695, 0.6546)
(-5.277, -4.6043, 0.2694)
(-5.8288, -4.7582, -0.1121)
(-6.5248, -4.5707, -0.1697)
(-5.0263, -3.7093, -1.31)
(-5.4199, -3.4942, -1.4424)
(-5.8893, -3.3481, -1.337)
(-6.3085, -3.4267, -0.9308)
(-6.6025, -3.6877, -0.488)
(-6.6719, -4.1492, -0.1951)
(-2.496, -2.8659, 2.7156)
(-2.9246, -3.0286, 2.352)
(-3.4676, -3.2198, 1.9852)
(-4.0192, -3.4086, 1.6267)
(-4.5275, -3.5656, 1.1971)
(-5.0582, -3.7059, 0.7951)
(-5.6345, -3.8506, 0.4512)
(-6.2025, -4.0088, 0.1038)
(-2.6168, -2.297, 2.7037)
(-3.1406, -2.4789, 2.3315)
(-3.685, -2.6746, 1.9559)
(-4.159, -2.8752, 1.5309)
(-4.6212, -3.0224, 1.0731)
(-5.1399, -3.1489, 0.6564)
(-5.6698, -3.3099, 0.2554)
(-6.1839, -3.5012, -0.1469)
(-1.5941, -1.1307, 2.9953)
(-2.1411, -1.4375, 2.7987)
(-2.7045, -1.7213, 2.5197)
(-3.2817, -1.9415, 2.148)
(-3.7376, -2.1867, 1.718)
(-4.1059, -2.4051, 1.2182)
(-4.5274, -2.5771, 0.744)
(-4.9901, -2.7789, 0.3066)
(-5.473, -2.9632, -0.1331)
(-5.9453, -3.173, -0.5687)
(-1.6658, -0.7068, 2.7381)
(-2.2367, -0.9561, 2.4746)
(-2.7979, -1.2065, 2.1693)
(-3.2859, -1.4861, 1.7776)
(-3.653, -1.791, 1.3096)
(-3.9396, -2.0734, 0.8148)
(-4.2327, -2.3776, 0.3337)
(-4.6267, -2.6388, -0.1308)
(-5.1056, -2.7948, -0.5801)
(-5.564, -3.0254, -1.0077)
(-1.7427, -0.1938, 2.4205)
(-2.2945, -0.462, 2.1072)
(-2.8096, -0.7483, 1.7559)
(-3.2196, -1.0875, 1.3369)
(-3.5137, -1.4604, 0.8718)
(-3.7051, -1.8361, 0.3773)
(-3.8671, -2.2596, -0.0982)
(-4.2089, -2.531, -0.546)
(-4.6804, -2.7107, -0.9766)
(-5.1055, -3.0782, -1.2829)
(-1.7674, 0.2855, 2.0528)
(-2.2911, -0.006, 1.7085)
(-2.7499, -0.3365, 1.3181)
(-3.1191, -0.7114, 0.8812)
(-3.3254, -1.1538, 0.4214)
(-3.3936, -1.62, -0.0441)
(-3.4805, -2.0919, -0.5083)
(-3.8101, -2.4412, -0.9165)
(-4.2912, -2.7665, -1.1842)
(-4.7, -3.275, -1.2839)
(-1.7154, 0.6988, 1.6137)
(-2.2358, 0.4045, 1.2661)
(-2.6596, 0.0502, 0.8634)
(-2.982, -0.3565, 0.4149)
(-3.1512, -0.8178, -0.0367)
(-3.1118, -1.3403, -0.4485)
(-3.0611, -1.8285, -0.8344)
(-1.6083, 1.0509, 1.1331)
(-2.1384, 0.7667, 0.7943)
(-2.5912, 0.4358, 0.4097)
(-2.8869, 0.0291, -0.0301)
(-2.9828, -0.445, -0.4675)
(-2.8993, -0.9649, -0.8507)
(-2.7643, -1.4208, -1.1524)
(-1.5496, 1.45, 0.6986)
(-2.0926, 1.1758, 0.3732)
(-2.5451, 0.8536, -0.0101)
(-2.7765, 0.4363, -0.4503)
(-2.7924, -0.0488, -0.8679)
(-2.69, -0.5603, -1.2313)
(-2.5558, -1.0008, -1.5246)
(-1.5987, 1.9513, 0.3718)
(-2.1141, 1.6619, 0.0228)
(-2.4659, 1.2926, -0.4053)
(-2.5888, 0.837, -0.8564)
(-2.5627, 0.3457, -1.2552)
(-2.4672, -0.1582, -1.6138)
(-2.3717, -0.5877, -1.922)
(-1.6594, 2.4658, 0.0624)
(-2.092, 2.1327, -0.3423)
(-2.3123, 1.7072, -0.8091)
(-2.3405, 1.2199, -1.2529)
(-2.3009, 0.7244, -1.6482)
(-2.2538, 0.2305, -2.0257)
(-2.2333, -0.1854, -2.3598)
(-1.6734, 2.9514, -0.2969)
(-1.9957, 2.5697, -0.7336)
(-2.0883, 2.0966, -1.2102)
(-2.0772, 1.5924, -1.6558)
(-2.0747, 1.0989, -2.0722)
(-2.1219, 0.6177, -2.4781)
(-2.1763, 0.2143, -2.8328)
(-1.6426, 3.4065, -0.6918)
(-1.8518, 2.9804, -1.1432)
(-1.8732, 2.4841, -1.6201)
(-1.9086, 1.9827, -2.0823)
(-1.9986, 1.4947, -2.5223)
(-2.1214, 1.0181, -2.9478)
(-2.1769, 0.6185, -3.3173)
(-1.5907, 3.8409, -1.1106)
(-1.7512, 3.3925, -1.5688)
(-1.7865, 2.8964, -2.0457)
(-1.9014, 2.4029, -2.5122)
(-2.0667, 1.9155, -2.9616)
(-2.179, 1.4325, -3.408)
(-2.1674, 1.0302, -3.7924)
(-1.5526, 4.2695, -1.5391)
(-1.7388, 3.8196, -1.9944)
(-1.8323, 3.3276, -2.4662)
(-2.0008, 2.8381, -2.9241)
(-2.161, 2.3482, -3.3819)
(-2.1977, 1.8601, -3.8478)
(-2.1114, 1.4571, -4.2364)
(-1.5214, 4.6905, -1.9747)
(-1.7806, 4.2523, -2.4118)
(-1.9404, 3.7652, -2.8721)
(-2.1133, 3.2769, -3.33)
(-2.2122, 2.7854, -3.7995)
(-2.1627, 2.2977, -4.2702)
(-2.017, 1.8972, -4.6505)
(-1.4746, 5.0942, -2.4189)
(-1.8196, 4.6798, -2.8285)
(-2.0385, 4.2022, -3.2748)
(-2.181, 3.7135, -3.739)
(-2.2035, 3.2201, -4.2168)
(-2.0905, 2.7339, -4.6836)
(-1.9107, 2.3362, -5.0575)
(-1.4237, 5.4255, -2.8042)
(-1.8486, 5.0389, -3.1777)
(-2.1023, 4.5712, -3.6135)
(-2.1964, 4.0794, -4.0866)
(-2.1614, 3.584, -4.5672)
(-2.0177, 3.0985, -5.0302)
(-1.8273, 2.7011, -5.3965)
(-2.318, -3.2923, 2.6276)
(-2.7008, -3.473, 2.292)
(-3.2491, -3.6663, 1.9256)
(-3.8108, -3.8596, 1.5688)
(-4.3592, -4.0355, 1.1864)
(-4.9173, -4.1863, 0.8098)
(-5.4924, -4.3234, 0.4526)
(-6.0594, -4.4665, 0.0929)
