(2.197, -1.5421, -5.647)
(2.3373, -0.9154, -5.5987)
(2.3314, -0.2271, -5.5124)
(2.3008, 0.463, -5.4238)
(2.2299, 1.1498, -5.3174)
(2.3052, -1.6177, -5.226)
(2.4616, -0.9753, -5.1822)
(2.1015, 1.7805, -5.1809)
(2.4687, -0.2849, -5.1011)
(1.9637, 2.1498, -5.0065)
(2.4184, 0.403, -5.0084)
(2.2865, 1.0736, -4.898)
(2.0913, 1.6802, -4.762)
(1.8962, 2.1547, -4.6653)
(2.3853, -1.7135, -4.6733)
(2.5194, -1.0521, -4.6321)
(2.5038, -0.3597, -4.5618)
(2.4724, 0.3238, -4.4849)
(2.3828, 0.9952, -4.3884)
(2.1731, 1.5507, -4.2466)
(1.9303, 1.9467, -4.0889)
(2.3614, -1.7903, -4.0828)
(2.4035, -1.1133, -4.0637)
(2.3057, -0.4266, -4.0324)
(2.2501, 0.2184, -3.9902)
(2.2435, 0.9018, -3.9116)
(2.3104, 1.4808, -3.832)
(2.3166, 1.9555, -3.6158)
(2.3316, -1.8491, -3.4867)
(2.4146, -1.1868, -3.4776)
(2.2736, -0.5238, -3.446)
(2.225, 0.1165, -3.3858)
(2.1802, 0.7582, -3.3832)
(2.0792, 1.2859, -3.536)
(1.7838, 1.6732, -3.6064)
(2.3097, -1.8999, -2.8873)
(2.416, -1.2566, -2.8897)
(2.2553, -0.6242, -2.8823)
(2.2777, 0.0046, -2.808)
(2.2178, 0.6285, -2.7969)
(2.0166, 1.111, -2.9768)
(1.7897, 1.4889, -2.9786)
(2.2781, -1.9289, -2.2864)
(2.4705, -1.2971, -2.304)
(2.455, -0.6463, -2.3457)
(2.5993, -0.0304, -2.3751)
(2.4988, 0.5666, -2.3615)
(2.1098, 0.9913, -2.3709)
(1.7717, 1.3041, -2.3448)
(2.2228, -1.9307, -1.6853)
(2.4744, -1.3094, -1.7116)
(2.5794, -0.6545, -1.7602)
(2.7419, -0.05, -1.8061)
(2.6137, 0.5291, -1.7931)
(2.2538, 0.9934, -1.7704)
(2.0473, 1.4159, -1.7696)
(2.1584, -1.9056, -1.0858)
(2.4936, -1.3179, -1.1175)
(2.6917, -0.6813, -1.1669)
(2.8243, -0.0735, -1.1998)
(2.6719, 0.504, -1.1848)
(2.3766, 1.0149, -1.1663)
(2.2051, 1.4507, -1.1591)
(2.0706, -1.8431, -0.4918)
(2.4908, -1.3027, -0.5235)
(2.7936, -0.7089, -0.5745)
(2.893, -0.0933, -0.5993)
(2.715, 0.4919, -0.5857)
(2.484, 1.0431, -0.573)
(2.3597, 1.4973, -0.5664)
(1.9635, -1.7463, 0.096)
(2.4432, -1.2476, 0.0698)
(2.8525, -0.7145, 0.0266)
(2.9788, -0.0972, -0.0047)
(2.8127, 0.5108, -0.0038)
(2.64, 1.0981, -0.0027)
(2.5388, 1.5644, 0.0061)
(1.868, -1.6356, 0.6814)
(2.403, -1.1814, 0.6635)
(2.8953, -0.7001, 0.6297)
(3.1086, -0.0884, 0.5814)
(3.0008, 0.5589, 0.5527)
(2.8525, 1.1812, 0.542)
(2.7191, 1.6513, 0.5721)
(1.6979, -1.4373, 1.2258)
(2.2559, -1.0267, 1.2235)
(2.798, -0.6217, 1.2201)
(3.106, -0.0526, 1.169)
(3.1121, 0.6125, 1.1171)
(3.098, 1.2718, 1.0541)
(3.0839, 2.0191, 0.996)
(1.4944, -1.1882, 1.7456)
(2.0794, -0.8363, 1.7689)
(2.6503, -0.5367, 1.7985)
(2.9506, -0.0016, 1.7126)
(3.6729, 2.3321, 1.1744)
(3.0938, 0.6312, 1.637)
(3.311, 1.221, 1.5046)
(4.0167, 2.918, 1.0806)
(3.5872, 1.686, 1.196)
(4.6677, 2.9233, 1.2403)
(3.9348, 2.1482, 1.0646)
(1.3023, -0.9329, 2.2745)
(1.8901, -0.5989, 2.3023)
(2.5099, -0.3693, 2.349)
(4.9151, 2.9275, 1.2867)
(2.9972, 0.029, 2.2408)
(4.1823, 2.5907, 1.2682)
(3.3629, 0.5215, 2.0284)
(3.7041, 1.0313, 1.7826)
(4.5758, 2.8066, 1.3255)
(4.0409, 1.5187, 1.4885)
(4.8003, 3.034, 1.1595)
(4.3959, 1.9632, 1.2532)
(1.1303, -0.6934, 2.7965)
(1.6861, -0.3148, 2.8279)
(2.326, -0.021, 2.8171)
(4.564, 2.4781, 1.3221)
(2.9323, 0.31, 2.7179)
(3.4625, 0.6786, 2.5028)
(4.6658, 2.8758, 1.0807)
(3.9427, 1.0662, 2.2232)
(1.0039, -0.5006, 3.2175)
(4.8628, 3.1607, 0.8026)
(4.3767, 1.482, 1.9131)
(4.7425, 1.9419, 1.6199)
(2.1288, 0.4212, 3.2101)
(1.413, 0.0342, 3.4025)
(4.9105, 2.4368, 1.4157)
(2.7436, 0.763, 3.066)
(3.3225, 1.0963, 2.873)
(4.9038, 2.6967, 0.9764)
(3.8865, 1.4168, 2.6498)
(5.0658, 2.9151, 0.6198)
(4.3929, 1.7518, 2.3849)
(4.6534, 2.1668, 2.0129)
(1.6018, 0.5749, 3.7242)
(2.016, 0.9052, 3.5566)
(4.762, 2.5669, 1.5961)
(2.5741, 1.2475, 3.3979)
(3.1743, 1.5563, 3.2338)
(5.0461, 2.8579, 1.1987)
(3.7844, 1.829, 3.0648)
(5.3759, 2.9937, 0.8945)
(4.2824, 2.1012, 2.8105)
(4.4447, 2.3622, 2.3424)
(1.6098, 1.0444, 4.0147)
(1.9264, 1.3677, 3.8794)
(4.8307, 2.6096, 1.9363)
(2.4363, 1.7216, 3.7076)
(3.0194, 2.0344, 3.5101)
(5.3354, 2.8145, 1.5656)
(3.627, 2.2949, 3.3199)
(1.6497, 1.3964, 4.0995)
(5.7193, 2.8698, 1.268)
(4.1866, 2.5162, 3.0707)
(1.7661, 1.7307, 4.122)
(2.336, 2.1009, 3.9684)
(4.5805, 2.6523, 2.6196)
(2.9026, 2.4252, 3.7097)
(5.085, 2.854, 2.2424)
(3.4642, 2.6865, 3.3809)
(4.0451, 2.8801, 3.0428)
(5.6272, 3.0416, 1.9078)
(4.6265, 2.9991, 2.67)
(6.0086, 3.0581, 1.6298)
(5.1795, 3.1582, 2.3754)
(6.0353, 3.296, 1.8711)
(5.8308, 3.419, 2.1003)
(-1.2189, 1.5432, -4.4655)
(-0.7609, 1.9919, -4.3855)
(-0.3127, 2.4314, -4.3424)
(0.2875, 2.4536, -4.2468)
(0.9196, 2.5576, -4.4018)
(-1.0868, 1.8105, -4.4761)
(-0.5621, 1.9687, -4.2208)
(1.5263, 2.67, -4.5076)
(-0.0948, 2.3027, -4.1645)
(1.8458, 2.5195, -4.6836)
(0.4077, 2.5648, -4.087)
(0.968, 2.4801, -4.1136)
(1.5188, 2.3803, -4.341)
(1.8882, 2.1712, -4.6569)
(-1.1006, 2.1839, -4.2007)
(-0.4897, 2.2961, -4.0453)
(0.0455, 2.2847, -3.8329)
(0.6164, 2.4005, -3.8146)
(1.169, 2.4328, -3.7294)
(1.6937, 2.2932, -3.8871)
(1.9238, 1.9646, -4.082)
(-1.1533, 2.3614, -3.6691)
(-0.5207, 2.5454, -3.6133)
(0.1307, 2.5114, -3.485)
(0.7526, 2.346, -3.4235)
(1.2972, 2.1286, -3.4096)
(1.8194, 2.132, -3.4916)
(2.3017, 1.9686, -3.6076)
(-1.2225, 2.3508, -3.1219)
(-0.584, 2.4096, -3.1042)
(0.0929, 2.2895, -3.0482)
(0.6977, 2.0411, -2.9426)
(1.2135, 1.8431, -2.9514)
(1.5382, 1.8857, -3.3224)
(1.7899, 1.7019, -3.5883)
(-1.3124, 2.1693, -2.6943)
(-0.6375, 2.0807, -2.7197)
(0.0292, 1.9349, -2.7093)
(0.5819, 1.7816, -2.4833)
(1.0851, 1.684, -2.3582)
(1.4182, 1.6759, -2.7789)
(1.7484, 1.5376, -3.1039)
(-1.2898, 2.3261, -2.1829)
(-0.6181, 2.2033, -2.2108)
(0.0333, 2.0577, -2.217)
(0.5816, 1.8674, -2.0137)
(1.0807, 1.7389, -1.8796)
(1.4613, 1.5583, -2.1371)
(1.7924, 1.3311, -2.307)
(-1.2261, 2.5173, -1.6122)
(-0.5522, 2.4283, -1.6519)
(0.108, 2.2933, -1.6853)
(0.7276, 2.208, -1.6741)
(1.2857, 2.0569, -1.6544)
(1.6877, 1.7029, -1.669)
(2.0553, 1.439, -1.7637)
(-1.1601, 2.6064, -1.0139)
(-0.4811, 2.5562, -1.0657)
(0.1874, 2.4303, -1.1096)
(0.8228, 2.3184, -1.1374)
(1.416, 2.145, -1.1526)
(1.9027, 1.828, -1.1494)
(2.1996, 1.4703, -1.1606)
(-1.1068, 2.592, -0.4052)
(-0.431, 2.5357, -0.4651)
(0.2403, 2.4091, -0.5134)
(0.8817, 2.2828, -0.5409)
(1.4911, 2.1173, -0.558)
(2.0234, 1.8499, -0.568)
(2.353, 1.5161, -0.5713)
(-1.0681, 2.4893, 0.1948)
(-0.4006, 2.3882, 0.1215)
(0.2704, 2.2641, 0.0705)
(0.9269, 2.1591, 0.0434)
(1.5614, 2.0357, 0.0278)
(2.1373, 1.8408, 0.0138)
(2.5331, 1.5834, 0.0012)
(-1.0175, 2.344, 0.7827)
(-0.3532, 2.2603, 0.7011)
(0.3133, 2.2185, 0.6491)
(0.9756, 2.1147, 0.6228)
(1.6256, 1.9843, 0.6068)
(2.2406, 1.8387, 0.5818)
(2.7078, 1.6686, 0.5717)
(-0.9198, 2.2487, 1.3715)
(-0.261, 2.3198, 1.2734)
(0.3782, 2.4468, 1.1807)
(1.0337, 2.339, 1.1606)
(1.6912, 2.1719, 1.1527)
(2.3512, 2.0885, 1.0787)
(3.0807, 2.0401, 0.991)
(-0.7908, 2.2265, 1.963)
(-0.1704, 2.4566, 1.8486)
(0.439, 2.693, 1.7318)
(1.0951, 2.6564, 1.6719)
(3.6533, 2.3504, 1.2037)
(1.7535, 2.5384, 1.6187)
(2.3998, 2.5461, 1.4474)
(3.9971, 2.9531, 1.0886)
(3.0191, 2.6307, 1.2061)
(4.6425, 2.9064, 1.3034)
(3.6222, 2.7227, 1.1093)
(-0.6383, 2.1978, 2.5538)
(-0.0541, 2.5217, 2.4435)
(0.5234, 2.8491, 2.3128)
(4.5358, 3.0596, 0.9944)
(1.1623, 2.9644, 2.1799)
(4.1778, 2.951, 1.2008)
(1.8094, 2.9882, 2.0112)
(2.4321, 3.0628, 1.7631)
(4.655, 3.1603, 1.0848)
(3.0133, 3.1794, 1.4515)
(4.5757, 3.3109, 0.7674)
(3.6388, 3.2101, 1.2856)
(-0.4776, 2.1041, 3.1112)
(0.0861, 2.4877, 3.0515)
(0.6765, 2.876, 2.908)
(4.275, 3.3883, 1.1898)
(1.2893, 3.17, 2.7213)
(1.9102, 3.3426, 2.4693)
(4.7859, 3.6016, 0.9935)
(2.5205, 3.477, 2.1686)
(-0.3241, 1.9556, 3.533)
(4.707, 3.8226, 0.7348)
(3.115, 3.6137, 1.8443)
(3.7418, 3.6862, 1.5874)
(0.9118, 2.7883, 3.4724)
(0.2686, 2.2613, 3.6947)
(4.3687, 3.8541, 1.3949)
(1.5127, 3.1775, 3.2778)
(2.1248, 3.4388, 3.0076)
(4.9084, 4.0911, 1.2056)
(2.7406, 3.6166, 2.6905)
(5.065, 4.2702, 0.8788)
(3.3558, 3.7933, 2.361)
(3.9727, 3.9772, 2.0198)
(0.7929, 2.2588, 3.9881)
(1.254, 2.5848, 3.9047)
(4.5775, 4.163, 1.7747)
(1.8236, 2.9464, 3.7336)
(2.4223, 3.2491, 3.474)
(5.1312, 4.4178, 1.5579)
(3.0297, 3.4824, 3.1658)
(5.4584, 4.5207, 1.2631)
(3.6422, 3.7149, 2.8567)
(4.2493, 3.9313, 2.5043)
(1.1649, 1.9726, 4.2146)
(1.5846, 2.202, 4.1227)
(4.8289, 4.1075, 2.2171)
(2.1341, 2.5316, 3.9651)
(2.7197, 2.837, 3.7113)
(5.4175, 4.3228, 1.9597)
(3.3071, 3.0775, 3.3847)
(1.4451, 1.7744, 4.2409)
(5.8072, 4.4665, 1.7081)
(3.9051, 3.2801, 3.0397)
(1.7649, 1.771, 4.1363)
(2.3377, 2.1346, 3.9893)
(4.5254, 3.4607, 2.6887)
(2.9041, 2.4442, 3.7217)
(5.0925, 3.684, 2.3888)
(3.4716, 2.6905, 3.4002)
(4.0552, 2.8838, 3.0634)
(5.6732, 3.8799, 2.1492)
(4.6717, 2.9808, 2.6916)
(6.0579, 4.0742, 1.9612)
(5.3543, 3.245, 2.3195)
(6.0755, 3.7449, 2.0852)
(5.8998, 3.4786, 2.1282)
(1.7018, -1.818, -5.5381)
(1.1815, -1.6573, -5.2163)
(0.6596, -1.7212, -4.9587)
(0.3233, -2.1908, -4.9395)
(-0.2693, -2.3943, -5.0092)
(-0.9473, -2.3337, -5.0938)
(1.8492, -1.9636, -5.1363)
(1.3309, -1.8056, -4.8305)
(0.79, -1.7699, -4.5542)
(-1.57, -2.1329, -5.1018)
(0.3272, -2.1444, -4.514)
(-1.9665, -1.9971, -5.0014)
(-0.2954, -2.3173, -4.5922)
(-0.9715, -2.2772, -4.6787)
(-1.5987, -2.1921, -4.6843)
(-2.0511, -1.9801, -4.6652)
(1.9977, -2.1562, -4.6276)
(1.4659, -2.0721, -4.3702)
(0.9223, -1.9157, -4.0687)
(0.3588, -2.0748, -3.9763)
(-0.2945, -2.1185, -4.1009)
(-0.9619, -2.1413, -4.1892)
(-1.5693, -2.2359, -4.1404)
(-2.0248, -2.1096, -4.0643)
(2.0473, -2.3346, -4.0834)
(1.4828, -2.4859, -3.9897)
(0.9073, -2.3515, -3.7448)
(0.331, -2.2698, -3.5287)
(-0.282, -2.2307, -3.6302)
(-0.8665, -2.2342, -3.7328)
(-1.4662, -2.25, -3.6721)
(-1.8983, -2.1522, -3.4717)
(2.0015, -2.425, -3.5017)
(1.4625, -2.7766, -3.5156)
(0.8241, -2.822, -3.4764)
(0.1844, -2.7288, -3.4022)
(-0.3793, -2.5456, -3.4187)
(-0.7558, -2.1683, -3.3344)
(-1.2578, -1.9385, -3.4489)
(-1.679, -1.6607, -3.8505)
(1.9252, -2.4487, -2.9015)
(1.3822, -2.8467, -2.9369)
(0.7386, -3.0409, -2.9805)
(0.092, -3.0203, -3.0054)
(-0.4027, -2.6686, -2.9678)
(-0.7663, -2.1821, -2.8515)
(-1.1692, -1.8715, -2.931)
(-1.3497, -1.762, -3.376)
(1.8488, -2.45, -2.2969)
(1.2919, -2.8387, -2.3329)
(0.648, -3.0449, -2.3896)
(-0.0214, -3.0343, -2.4521)
(-0.6178, -2.8044, -2.4859)
(-1.0687, -2.3692, -2.4667)
(-1.363, -1.8924, -2.4398)
(-1.6245, -1.6857, -2.6392)
(1.7719, -2.4367, -1.6913)
(1.2101, -2.8227, -1.7251)
(0.5697, -3.0381, -1.7829)
(-0.1008, -3.0376, -1.852)
(-0.7257, -2.875, -1.9084)
(-1.2543, -2.5549, -1.9517)
(-1.6269, -2.1049, -1.9752)
(-1.8767, -1.7427, -2.0474)
(1.685, -2.3989, -1.0873)
(1.1262, -2.794, -1.1167)
(0.4949, -3.0305, -1.173)
(-0.1673, -3.02, -1.2448)
(-0.7755, -2.8246, -1.3038)
(-1.325, -2.5355, -1.3569)
(-1.7806, -2.1635, -1.4056)
(-2.0825, -1.8193, -1.4531)
(1.5802, -2.3273, -0.4889)
(1.0316, -2.7409, -0.511)
(0.4143, -3.0064, -0.5628)
(-0.2397, -2.9819, -0.6408)
(-0.8282, -2.7275, -0.7092)
(-1.3859, -2.433, -0.7662)
(-1.899, -2.125, -0.818)
(-2.2661, -1.8376, -0.8674)
(1.4597, -2.2228, 0.1018)
(0.921, -2.658, 0.0888)
(0.3238, -2.9745, 0.0464)
(-0.3292, -2.9814, -0.0382)
(-0.9247, -2.7028, -0.1184)
(-1.4956, -2.386, -0.1836)
(-2.0385, -2.0901, -0.2411)
(-2.4495, -1.852, -0.2888)
(1.3322, -2.0875, 0.683)
(0.7903, -2.5346, 0.6756)
(0.2193, -2.9292, 0.649)
(-0.4302, -3.0335, 0.5609)
(-1.0538, -2.7647, 0.4645)
(-1.6465, -2.4186, 0.3881)
(-2.2152, -2.0973, 0.3231)
(-2.6494, -1.8401, 0.2825)
(1.1565, -1.8759, 1.2284)
(0.6232, -2.3262, 1.2296)
(0.0779, -2.7583, 1.2208)
(-0.5387, -2.9814, 1.1541)
(-1.1756, -2.7858, 1.05)
(-1.7978, -2.4842, 0.9575)
(-2.4135, -2.193, 0.8575)
(-3.0947, -1.8348, 0.7931)
(0.9582, -1.6221, 1.7532)
(0.4382, -2.0772, 1.7629)
(-0.0888, -2.5227, 1.7632)
(-0.6627, -2.826, 1.72)
(-1.2851, -2.7534, 1.6088)
(-3.7553, -1.9924, 0.6178)
(-1.9321, -2.6302, 1.4672)
(-2.5626, -2.5223, 1.2449)
(-4.1769, -2.0143, 1.1821)
(-3.1526, -2.4503, 0.9141)
(-4.6957, -2.4494, 1.0916)
(0.7674, -1.3637, 2.2825)
(-3.7492, -2.4143, 0.7084)
(0.2441, -1.8113, 2.2873)
(-0.2925, -2.2396, 2.27)
(-0.8693, -2.6018, 2.1983)
(-4.8683, -2.4335, 0.8423)
(-1.4778, -2.8191, 2.0385)
(-4.3262, -2.3498, 0.8817)
(-2.0878, -2.927, 1.7731)
(-2.6791, -2.9398, 1.4267)
(-4.8696, -2.3669, 0.8718)
(-3.2543, -2.9282, 1.0419)
(-5.0823, -2.5763, 0.7172)
(-3.8364, -2.876, 0.7195)
(0.5992, -1.1232, 2.7836)
(0.0542, -1.5338, 2.7803)
(-0.5173, -1.8906, 2.7373)
(-1.1252, -2.2207, 2.5695)
(-4.4319, -2.7073, 0.5923)
(-1.739, -2.4873, 2.3423)
(-2.3475, -2.6883, 2.0944)
(-5.0214, -2.5957, 0.4931)
(-2.9415, -2.8055, 1.7675)
(0.4855, -0.961, 3.1413)
(-0.0986, -1.3255, 3.184)
(-5.4506, -2.5898, 0.4447)
(-3.5262, -2.885, 1.4003)
(-4.1097, -2.9597, 1.0392)
(-1.3937, -1.9607, 3.044)
(-0.7233, -1.5437, 3.3349)
(-4.6758, -2.9951, 0.6885)
(-2.0075, -2.1858, 2.7543)
(-2.6016, -2.3194, 2.421)
(-5.1744, -2.9938, 0.3525)
(-3.1792, -2.4286, 2.05)
(-5.6149, -2.9652, 0.2228)
(-3.7615, -2.5449, 1.675)
(-4.3646, -2.7022, 1.3395)
(-1.2607, -1.5345, 3.6519)
(-1.7312, -1.8085, 3.5046)
(-4.9451, -2.8992, 1.0256)
(-2.3062, -2.0641, 3.2442)
(-2.8886, -2.249, 2.8954)
(-5.4187, -3.1632, 0.714)
(-3.4528, -2.4082, 2.5096)
(-5.7954, -3.3525, 0.4978)
(-4.0114, -2.6111, 2.1173)
(-4.5951, -2.8535, 1.7472)
(-1.6424, -1.3373, 3.9775)
(-2.0649, -1.548, 3.8632)
(-5.162, -3.0797, 1.454)
(-2.6184, -1.8338, 3.6522)
(-3.1927, -2.0942, 3.3363)
(-5.6994, -3.2941, 1.2038)
(-3.7436, -2.3553, 2.9794)
(-1.9404, -1.216, 4.1204)
(-6.111, -3.4346, 0.9796)
(-4.2868, -2.6301, 2.6014)
(-2.2767, -1.2023, 4.0659)
(-2.8618, -1.5537, 3.905)
(-4.8547, -2.8531, 2.1938)
(-3.4343, -1.8583, 3.6224)
(-5.4237, -3.0788, 1.8943)
(-3.9648, -2.1693, 3.2831)
(-4.492, -2.4753, 2.9439)
(-5.9686, -3.2762, 1.6813)
(-4.9438, -2.6082, 2.4388)
(-6.3705, -3.3804, 1.4623)
(-5.547, -2.8183, 2.1705)
(-6.3804, -3.2158, 1.7621)
(-6.1814, -3.0588, 1.9979)
(-1.5987, 1.317, -4.717)
(-1.8563, 1.0562, -4.3924)
(-2.3148, 0.6482, -4.3044)
(-2.5482, 0.0886, -4.2497)
(-2.3749, -0.4053, -4.0794)
(-2.4441, -0.9267, -4.3507)
(-1.6177, 1.6284, -4.6502)
(-1.9071, 1.1484, -4.501)
(-2.0969, 0.6063, -4.2276)
(-2.5117, -1.5115, -4.6086)
(-2.3665, 0.097, -3.968)
(-2.3753, -1.8699, -4.7716)
(-2.4247, -0.4826, -3.8309)
(-2.3022, -1.0374, -4.0507)
(-2.243, -1.5704, -4.369)
(-2.0681, -1.972, -4.6546)
(-1.6693, 1.8564, -4.212)
(-2.0373, 1.3419, -4.1118)
(-2.1091, 0.7681, -3.8512)
(-2.164, 0.1437, -3.6521)
(-2.1965, -0.527, -3.5933)
(-2.1862, -1.1732, -3.6559)
(-2.2217, -1.7089, -3.8963)
(-2.04, -2.0988, -4.0541)
(-1.6667, 1.9279, -3.6298)
(-2.0943, 1.3985, -3.5751)
(-2.3579, 0.8094, -3.4985)
(-2.399, 0.1527, -3.4211)
(-2.4068, -0.4938, -3.3223)
(-2.3273, -1.1137, -3.3277)
(-2.1451, -1.6855, -3.4633)
(-1.9177, -2.1476, -3.4608)
(-1.6627, 1.9333, -3.0839)
(-1.9968, 1.3579, -3.0575)
(-2.1703, 0.7516, -3.089)
(-2.1185, 0.1183, -3.1249)
(-2.172, -0.3996, -2.9873)
(-2.0458, -0.8613, -3.2049)
(-1.8284, -1.3941, -3.3652)
(-1.5923, -1.6604, -3.69)
(-1.8765, 2.0428, -2.6612)
(-2.0707, 1.5156, -2.6078)
(-1.8874, 0.9309, -2.6871)
(-1.7587, 0.2879, -2.7131)
(-1.8032, -0.2584, -2.615)
(-1.8135, -0.7614, -2.7922)
(-1.6451, -1.3068, -2.952)
(-1.367, -1.6985, -3.1907)
(-1.8548, 2.2003, -2.1343)
(-1.9102, 1.6502, -2.0947)
(-1.6773, 1.0509, -2.1777)
(-1.6198, 0.4004, -2.2109)
(-1.7362, -0.1914, -2.1606)
(-1.7835, -0.7365, -2.2945)
(-1.6848, -1.2681, -2.4007)
(-1.602, -1.6706, -2.5885)
(-1.7596, 2.3276, -1.5634)
(-1.7675, 1.7553, -1.5657)
(-1.7483, 1.0984, -1.6306)
(-1.8874, 0.4584, -1.7364)
(-2.0906, -0.1394, -1.8207)
(-2.1378, -0.7485, -1.9246)
(-2.043, -1.3124, -1.9762)
(-1.8844, -1.7235, -2.035)
(-1.7257, 2.3802, -0.9755)
(-1.8989, 1.7936, -1.0167)
(-1.9894, 1.1238, -1.0934)
(-2.1098, 0.4721, -1.1936)
(-2.192, -0.1457, -1.2879)
(-2.1561, -0.757, -1.3719)
(-2.1206, -1.3423, -1.4163)
(-2.0937, -1.8013, -1.4489)
(-1.6956, 2.3556, -0.3731)
(-1.9846, 1.7823, -0.4238)
(-2.0898, 1.114, -0.509)
(-2.112, 0.4509, -0.611)
(-2.0538, -0.1789, -0.7131)
(-2.0396, -0.7974, -0.7813)
(-2.1241, -1.3842, -0.8223)
(-2.2804, -1.8217, -0.8634)
(-1.6682, 2.3078, 0.2348)
(-1.9675, 1.7507, 0.1832)
(-2.0141, 1.0842, 0.0822)
(-1.9461, 0.4226, -0.043)
(-1.9276, -0.2225, -0.1404)
(-2.0362, -0.8477, -0.1959)
(-2.2436, -1.4153, -0.2488)
(-2.4689, -1.8414, -0.2859)
(-1.6193, 2.2441, 0.8436)
(-1.881, 1.7058, 0.7851)
(-1.8578, 1.0499, 0.6584)
(-1.8708, 0.4029, 0.5269)
(-2.0101, -0.2382, 0.4337)
(-2.1953, -0.8569, 0.3681)
(-2.5049, -1.3665, 0.2677)
(-2.6723, -1.8244, 0.2898)
(-1.5174, 2.1637, 1.4502)
(-1.7673, 1.6378, 1.3822)
(-1.7954, 1.0043, 1.236)
(-2.0386, 0.4274, 1.077)
(-2.2547, -0.205, 0.9811)
(-2.4621, -0.8041, 0.8934)
(-2.8613, -1.2012, 0.7102)
(-3.12, -1.8157, 0.8065)
(-1.3845, 2.0696, 2.0516)
(-1.6955, 1.5513, 1.9785)
(-1.8782, 0.9484, 1.8212)
(-2.248, 0.4404, 1.6456)
(-2.5083, -0.1664, 1.5313)
(-3.7769, -1.9828, 0.5794)
(-2.7766, -0.7126, 1.3999)
(-3.2232, -0.9601, 1.1473)
(-4.1186, -1.9681, 1.2137)
(-3.5815, -1.4197, 1.1095)
(-4.7617, -2.4109, 1.0943)
(-1.2211, 1.924, 2.6327)
(-4.0563, -1.7498, 0.9535)
(-1.6258, 1.4261, 2.5695)
(-1.9694, 0.8863, 2.418)
(-2.4156, 0.432, 2.2329)
(-4.941, -2.5581, 0.8933)
(-2.7582, -0.1161, 2.0755)
(-4.5447, -2.0431, 1.0655)
(-3.1137, -0.584, 1.8823)
(-3.5822, -0.7484, 1.5875)
(-4.9172, -2.3663, 0.9854)
(-4.0001, -1.1207, 1.4603)
(-5.2142, -2.5771, 0.6812)
(-4.4367, -1.5062, 1.2481)
(-1.0346, 1.7185, 3.1406)
(-1.524, 1.2544, 3.1231)
(-1.9882, 0.7842, 3.0331)
(-2.5061, 0.3593, 2.8367)
(-4.9297, -1.8463, 1.0933)
(-2.9711, -0.0904, 2.6225)
(-3.4297, -0.4766, 2.353)
(-5.3527, -2.1705, 0.859)
(-3.9242, -0.7527, 2.056)
(-0.8975, 1.5472, 3.4852)
(-1.424, 1.0718, 3.5508)
(-5.6748, -2.3487, 0.5043)
(-4.4601, -0.9922, 1.8216)
(-4.9344, -1.3842, 1.531)
(-2.5471, 0.1234, 3.3959)
(-1.8821, 0.5479, 3.7036)
(-5.4017, -1.6992, 1.273)
(-3.1147, -0.2442, 3.1657)
(-3.641, -0.5906, 2.8781)
(-5.8908, -1.961, 0.9729)
(-4.1702, -0.8948, 2.58)
(-6.1939, -2.0537, 0.5958)
(-4.7478, -1.1299, 2.3175)
(-5.2959, -1.475, 1.9643)
(-2.1077, -0.0073, 3.9567)
(-2.5669, -0.2973, 3.8017)
(-5.8457, -1.7451, 1.6033)
(-3.1298, -0.6257, 3.605)
(-3.6896, -0.948, 3.3311)
(-6.3592, -1.8922, 1.2823)
(-4.2313, -1.2575, 3.026)
(-6.6629, -2.0562, 0.971)
(-4.7837, -1.5531, 2.7404)
(-5.3558, -1.8206, 2.3747)
(-2.106, -0.5205, 4.1538)
(-2.4844, -0.7931, 4.0299)
(-5.9625, -2.0317, 2.0145)
(-3.0215, -1.1181, 3.8493)
(-3.5767, -1.4354, 3.5727)
(-6.5175, -2.1792, 1.6989)
(-4.0983, -1.7492, 3.2453)
(-2.1305, -0.8785, 4.1633)
(-6.8627, -2.3393, 1.4394)
(-4.6199, -2.0625, 2.9586)
(-2.2802, -1.1811, 4.076)
(-2.8636, -1.5307, 3.9156)
(-5.1024, -2.3007, 2.5394)
(-3.4324, -1.8409, 3.6454)
(-5.7001, -2.4688, 2.2207)
(-3.9627, -2.1463, 3.3007)
(-4.4869, -2.4481, 2.9586)
(-6.3196, -2.6239, 1.989)
(-4.8811, -2.6293, 2.3948)
(-6.7411, -2.7356, 1.7982)
(-5.4832, -2.8114, 2.1417)
(-6.528, -2.9715, 1.9624)
(-6.2073, -3.0323, 2.0057)
(2.3564, 1.5067, -0.5688)
(1.927, 1.9557, -4.0854)
(1.7655, 1.7508, 4.1291)
(1.782, 1.3176, -2.3259)
(2.3368, 2.1178, 3.9789)
(2.9033, 2.4347, 3.7157)
(2.536, 1.5739, 0.0037)
(3.4679, 2.6885, 3.3905)
(4.0502, 2.882, 3.0531)
(4.6491, 2.9899, 2.6808)
(5.2669, 3.2016, 2.3474)
(2.3092, 1.9621, -3.6117)
(5.8653, 3.4488, 2.1142)
(2.0513, 1.4274, -1.7667)
(2.2023, 1.4605, -1.1598)
(3.6631, 2.3412, 1.189)
(2.7134, 1.66, 0.5719)
(3.0823, 2.0296, 0.9935)
(4.0069, 2.9355, 1.0846)
(4.6551, 2.9149, 1.2718)
(1.8922, 2.163, -4.6611)
(1.7868, 1.6876, -3.5973)
(1.769, 1.5133, -3.0412)
(5.834, 3.066, 1.7634)
(5.7153, 3.2059, 2.0201)
(5.9491, 3.3672, 1.9838)
(6.0586, 3.1898, 1.7609)
(4.8305, 2.9193, 1.274)
(4.5926, 2.8357, 1.3133)
(4.7098, 2.9133, 1.259)
(4.8715, 2.9614, 1.2555)
(4.5962, 2.8567, 1.2234)
(4.7543, 3.0258, 0.9349)
(4.8016, 3.1358, 0.9912)
(4.7862, 2.7767, 0.9878)
(4.9645, 2.8036, 0.7828)
(4.951, 3.0356, 0.6592)
(4.9742, 2.7656, 1.0552)
(5.2118, 2.9387, 1.0379)
(5.2112, 2.9431, 0.7182)
(5.1731, 2.8418, 1.3755)
(5.5405, 2.8561, 1.4096)
(5.5468, 2.9337, 1.0803)
(5.4964, 2.8927, 1.7508)
(5.8847, 2.9264, 1.4589)
(1.7955, 0.7383, 3.6393)
(1.6149, 0.8241, 3.8894)
(1.7505, 1.2022, 3.95)
(1.971, 1.1457, 3.7272)
(2.2813, 1.0774, 3.477)
(2.1618, 1.5446, 3.7985)
(2.5008, 1.493, 3.5598)
(2.8727, 1.4077, 3.3163)
(2.724, 1.8857, 3.6096)
(3.0955, 1.8009, 3.3859)
(3.4794, 1.6946, 3.1515)
(3.3216, 2.1688, 3.4141)
(3.7107, 2.0638, 3.2198)
(4.0729, 1.9652, 2.9625)
(3.926, 2.4158, 3.2176)
(4.2355, 2.3082, 2.9744)
(4.3732, 2.2337, 2.587)
(4.3884, 2.5858, 2.8546)
(4.4915, 2.4931, 2.4996)
(4.6017, 2.4871, 2.129)
(4.8146, 2.7441, 2.4189)
(4.9608, 2.707, 2.1077)
(5.0889, 2.7263, 1.7452)
(5.3682, 2.9634, 2.0702)
(1.8145, 0.2427, 3.2806)
(1.5374, 0.3085, 3.5527)
(2.0639, 0.6608, 3.3856)
(2.4384, 0.5933, 3.1423)
(2.6539, 1.0038, 3.2312)
(3.0371, 0.931, 2.9751)
(3.2467, 1.3234, 3.0562)
(3.6053, 1.2579, 2.7641)
(3.8383, 1.6173, 2.8655)
(4.1595, 1.5767, 2.5278)
(4.3396, 1.9197, 2.609)
(4.5569, 1.9531, 2.2101)
(4.5212, 2.265, 2.1825)
(4.7019, 2.3752, 1.8063)
(4.7517, 2.5842, 1.7543)
(4.8846, 2.7319, 1.3886)
(0.8654, -0.9066, 2.787)
(0.5374, -1.0347, 2.9761)
(0.7538, -0.7418, 3.1656)
(1.063, -0.5927, 3.0168)
(1.399, -0.4926, 2.813)
(1.2296, -0.239, 3.2931)
(1.5817, -0.1542, 3.083)
(2.0012, -0.1645, 2.8311)
(2.2213, 0.1928, 3.0217)
(2.6387, 0.1374, 2.7814)
(2.843, 0.5262, 2.9022)
(3.2054, 0.4915, 2.6225)
(3.4064, 0.8707, 2.698)
(3.7083, 0.8696, 2.368)
(3.9361, 1.2185, 2.4405)
(4.1651, 1.2707, 2.0717)
(4.4179, 1.5903, 2.149)
(4.5753, 1.7014, 1.7523)
(4.7465, 2.042, 1.8218)
(4.8581, 2.205, 1.5314)
(4.8608, 2.4999, 1.4878)
(4.9049, 2.5893, 1.2107)
(1.0309, -1.1421, 2.2768)
(0.6777, -1.2363, 2.546)
(1.2116, -0.8085, 2.5438)
(1.5876, -0.7473, 2.2813)
(1.7883, -0.4624, 2.5681)
(2.2066, -0.4892, 2.3351)
(2.4244, -0.2142, 2.594)
(2.7737, -0.1923, 2.3152)
(2.9886, 0.1361, 2.4932)
(3.1883, 0.2703, 2.1414)
(3.4518, 0.5564, 2.265)
(3.5353, 0.7763, 1.9098)
(3.8624, 1.0047, 1.9882)
(3.8679, 1.2823, 1.6426)
(4.2417, 1.4689, 1.6888)
(4.2298, 1.7364, 1.3348)
(4.6113, 1.9199, 1.424)
(4.5023, 2.2213, 1.2887)
(4.7879, 2.4376, 1.3604)
(4.6091, 2.6964, 1.2353)
(1.2222, -1.3993, 1.7476)
(0.8612, -1.4929, 2.0166)
(1.3965, -1.0601, 2.0076)
(1.7797, -0.9976, 1.7519)
(1.9871, -0.724, 2.0363)
(2.3846, -0.7005, 1.7932)
(2.5819, -0.4723, 2.081)
(2.8352, -0.2965, 1.7638)
(2.9616, -0.0009, 1.9784)
(3.0238, 0.3131, 1.6719)
(3.2117, 0.57, 1.8331)
(3.1924, 0.9398, 1.5919)
(3.4986, 1.1228, 1.6429)
(3.4377, 1.4634, 1.3564)
(3.8134, 1.591, 1.3231)
(3.768, 1.9117, 1.0845)
(4.1548, 2.0449, 1.1268)
(4.053, 2.3897, 1.1516)
(4.3447, 2.5245, 1.2996)
(4.3772, 2.7155, 1.3311)
(1.4259, -1.6546, 1.2275)
(1.0577, -1.7512, 1.4915)
(1.5964, -1.3155, 1.4865)
(1.9737, -1.2266, 1.2237)
(2.1683, -0.9354, 1.4976)
(2.5408, -0.8353, 1.2257)
(2.7239, -0.5816, 1.5108)
(2.9935, -0.3577, 1.1984)
(3.0198, -0.0218, 1.4452)
(3.1301, 0.2756, 1.1421)
(3.0861, 0.639, 1.3934)
(3.1002, 0.9466, 1.0901)
(3.1917, 1.2717, 1.3009)
(3.0991, 1.5959, 1.0093)
(3.3726, 1.814, 1.1018)
(3.3784, 2.1756, 1.0852)
(3.7706, 2.2572, 1.0797)
(3.8448, 2.625, 1.1275)
(4.0969, 2.7026, 1.2019)
(4.3422, 2.9206, 1.1605)
(1.6007, -1.8622, 0.6839)
(1.25, -1.9905, 0.9601)
(1.792, -1.5471, 0.9589)
(2.1346, -1.4082, 0.6745)
(2.3404, -1.1131, 0.9471)
(2.6681, -0.9525, 0.6491)
(2.862, -0.6654, 0.9267)
(3.0475, -0.4068, 0.6052)
(3.1355, -0.0753, 0.8782)
(3.0786, 0.2349, 0.5642)
(3.0811, 0.5846, 0.834)
(2.9212, 0.8799, 0.5452)
(2.9804, 1.2338, 0.8005)
(2.7947, 1.4457, 0.5458)
(2.9015, 1.8352, 0.7841)
(1.7151, -1.9882, 0.1012)
(1.3995, -2.1622, 0.3954)
(1.9197, -1.6975, 0.3915)
(2.206, -1.4991, 0.0856)
(2.4296, -1.2212, 0.369)
(2.6695, -0.9904, 0.0489)
(2.8843, -0.7136, 0.329)
(2.9593, -0.411, 0.0072)
(3.0467, -0.0949, 0.288)
(2.9152, 0.2085, -0.0063)
(2.9024, 0.533, 0.2755)
(2.7168, 0.8142, -0.0031)
(2.7384, 1.1354, 0.2738)
(2.5837, 1.3441, 0.0004)
(2.629, 1.6078, 0.2891)
(1.8327, -2.0924, -0.4871)
(1.5206, -2.2781, -0.193)
(2.0158, -1.7963, -0.1981)
(2.2918, -1.58, -0.5039)
(2.4672, -1.277, -0.2275)
(2.661, -1.0115, -0.5492)
(2.8248, -0.7136, -0.275)
(2.8775, -0.3997, -0.5923)
(2.9291, -0.097, -0.3007)
(2.8286, 0.2028, -0.595)
(2.7516, 0.4969, -0.2913)
(2.5906, 0.7765, -0.5779)
(2.5547, 1.0672, -0.2849)
(2.4126, 1.2804, -0.5704)
(2.4493, 1.5308, -0.2801)
(1.9352, -2.1641, -1.0826)
(1.6351, -2.3676, -0.7872)
(2.1184, -1.8797, -0.7877)
(2.3463, -1.6221, -1.098)
(2.4989, -1.3156, -0.8202)
(2.6011, -0.9999, -1.1417)
(2.7478, -0.6971, -0.8714)
(2.7799, -0.3731, -1.1885)
(2.8599, -0.0848, -0.8991)
(2.7837, 0.2207, -1.1962)
(2.6925, 0.4953, -0.8839)
(2.5208, 0.7698, -1.1738)
(2.4279, 1.0266, -0.8672)
(2.2764, 1.2393, -1.1627)
(2.2824, 1.474, -0.8627)
(2.0167, -2.1988, -1.6844)
(1.7302, -2.4216, -1.3889)
(2.1922, -1.922, -1.3852)
(2.3765, -1.6311, -1.6949)
(2.4819, -1.3145, -1.4146)
(2.5256, -0.9786, -1.7337)
(2.6334, -0.666, -1.4628)
(2.6714, -0.3482, -1.788)
(2.7837, -0.0616, -1.5019)
(2.7236, 0.2485, -1.8052)
(2.6443, 0.5152, -1.4878)
(2.4358, 0.7743, -1.7801)
(2.3195, 1.0049, -1.4681)
(2.1249, 1.2017, -1.7661)
(2.1262, 1.4333, -1.4643)
(2.0852, -2.2052, -2.2883)
(1.811, -2.4457, -1.9941)
(2.2525, -1.9331, -1.9858)
(2.4116, -1.6221, -2.2915)
(2.4765, -1.305, -2.0085)
(2.4587, -0.9682, -2.3233)
(2.5291, -0.6486, -2.0578)
(2.5241, -0.3375, -2.3658)
(2.695, -0.0394, -2.1072)
(2.5975, 0.2813, -2.369)
(2.5782, 0.5464, -2.0946)
(2.3138, 0.7973, -2.3654)
(2.1807, 0.982, -2.0712)
(1.9455, 1.17, -2.3654)
(1.9095, 1.36, -2.0572)
(2.1433, -2.1904, -2.8918)
(1.8867, -2.451, -2.5995)
(2.2965, -1.9178, -2.5869)
(2.4074, -1.5828, -2.8869)
(2.4423, -1.2812, -2.5973)
(2.3362, -0.9373, -2.8924)
(2.3427, -0.6428, -2.6164)
(2.2514, -0.3121, -2.8502)
(2.4303, -0.0205, -2.5913)
(2.2699, 0.3262, -2.7775)
(2.3524, 0.5911, -2.5761)
(2.1276, 0.8888, -2.8864)
(2.0522, 1.0388, -2.6709)
(1.9017, 1.3067, -2.9998)
(1.7807, 1.3965, -2.6617)
(2.1953, -2.1557, -3.4928)
(1.9643, -2.442, -3.2027)
(2.3207, -1.8761, -3.1873)
(2.4084, -1.5223, -3.483)
(2.4143, -1.2241, -3.1831)
(2.3506, -0.8521, -3.466)
(2.2493, -0.5803, -3.1578)
(2.2374, -0.2039, -3.4174)
(2.226, 0.0558, -3.078)
(2.2076, 0.4434, -3.3635)
(2.1714, 0.6864, -3.0787)
(2.1412, 1.0405, -3.462)
(2.0153, 1.1919, -3.2829)
(1.9782, 1.4957, -3.5506)
(1.7867, 1.5811, -3.2925)
(2.2423, -2.0973, -4.0889)
(2.0323, -2.3911, -3.7967)
(2.3442, -1.8209, -3.7853)
(2.4107, -1.4576, -4.0744)
(2.3979, -1.1485, -3.7726)
(2.3583, -0.7652, -4.0489)
(2.2761, -0.4707, -3.7436)
(2.2716, -0.1053, -4.0151)
(2.2169, 0.169, -3.6995)
(2.2343, 0.5614, -3.9525)
(2.1987, 0.8339, -3.6611)
(2.2874, 1.2121, -3.8755)
(2.2144, 1.3936, -3.6971)
(2.2729, 1.7101, -3.7623)
(2.0502, 1.8144, -3.6111)
(2.2197, -1.9897, -4.6718)
(2.0373, -2.2531, -4.3588)
(2.3817, -1.7552, -4.3788)
(2.4811, -1.3926, -4.6578)
(2.4632, -1.0833, -4.348)
(2.5196, -0.7055, -4.5989)
(2.4069, -0.3922, -4.2986)
(2.4893, -0.018, -4.5241)
(2.366, 0.2718, -4.2414)
(2.4424, 0.667, -4.4418)
(2.327, 0.9536, -4.1475)
(2.2844, 1.2912, -4.3207)
(2.2712, 1.5207, -4.0148)
(2.0708, 1.7731, -4.1737)
(2.1234, 1.9511, -3.8524)
(2.1018, -1.8531, -5.2076)
(1.9295, -2.056, -4.892)
(2.3555, -1.6653, -4.9623)
(2.4171, -1.3131, -5.213)
(2.5123, -1.014, -4.9181)
(2.4741, -0.6305, -5.1437)
(2.5165, -0.3222, -4.8388)
(2.4516, 0.0602, -5.0562)
(2.4767, 0.3671, -4.7501)
(2.3634, 0.7416, -4.9566)
(2.3522, 1.0347, -4.6467)
(2.1914, 1.3931, -4.8312)
(2.1122, 1.61, -4.5073)
(1.9969, 1.922, -4.6989)
(1.9132, 2.0507, -4.3771)
(1.9751, -1.7433, -5.6212)
(1.7733, -1.8862, -5.3472)
(2.2511, -1.5775, -5.4488)
(2.3063, -1.2516, -5.6338)
(2.4005, -0.9431, -5.4035)
(2.3398, -0.5715, -5.5564)
(2.4028, -0.2539, -5.3203)
(2.3191, 0.1179, -5.4688)
(2.3571, 0.4341, -5.2285)
(2.2723, 0.8075, -5.3745)
(2.2473, 1.1119, -5.1178)
(2.1715, 1.4831, -5.2509)
(2.0915, 1.7359, -4.9825)
(2.0273, 2.0112, -5.1081)
(1.9232, 2.1813, -4.8514)
(1.6189, 1.2297, 4.0769)
(1.7021, 1.5626, 4.1119)
(1.8765, 1.5602, 3.9992)
(2.051, 1.9158, 4.0452)
(2.3828, 1.918, 3.8367)
(2.6193, 2.2631, 3.839)
(2.9565, 2.2358, 3.6115)
(3.1834, 2.5559, 3.5453)
(3.5456, 2.4961, 3.365)
(3.7547, 2.7833, 3.2119)
(4.1212, 2.7011, 3.0798)
(4.3358, 2.9396, 2.8564)
(4.6204, 2.8253, 2.6708)
(4.903, 3.0786, 2.5227)
(5.156, 3.0118, 2.3254)
(5.5051, 3.2886, 2.2378)
(5.7707, 3.6698, 2.1626)
(5.8861, 3.9761, 2.0513)
(6.0975, 3.8941, 2.0353)
(6.001, 3.6091, 2.1126)
(4.5945, 3.0265, 1.1605)
(4.5758, 2.9804, 1.1451)
(4.5426, 3.1564, 0.8618)
(4.6695, 3.24, 0.9396)
(4.7239, 3.3593, 1.0143)
(4.6199, 3.5502, 0.7279)
(4.8023, 3.711, 0.8675)
(4.841, 3.8528, 1.0672)
(4.8657, 4.0676, 0.7797)
(5.0229, 4.1875, 1.0558)
(5.0065, 4.293, 1.3694)
(5.2659, 4.4251, 1.0464)
(5.3163, 4.4864, 1.4184)
(5.2722, 4.4287, 1.7693)
(5.6397, 4.5421, 1.498)
(5.6328, 4.4031, 1.8336)
(5.5549, 4.1179, 2.0858)
(5.9542, 4.2879, 1.8586)
(0.9975, 2.129, 4.1222)
(1.0133, 2.4171, 3.9532)
(1.4303, 2.4054, 4.0436)
(1.3626, 2.077, 4.1731)
(1.5286, 2.7663, 3.8316)
(1.9883, 2.749, 3.882)
(1.8469, 2.3601, 4.055)
(2.1222, 3.1086, 3.6132)
(2.5805, 3.0555, 3.6266)
(2.4265, 2.6927, 3.8499)
(2.7251, 3.3699, 3.3211)
(3.1782, 3.2966, 3.3096)
(3.0134, 2.9636, 3.5532)
(3.3352, 3.5977, 3.0153)
(3.7837, 3.5203, 2.9846)
(3.602, 3.1835, 3.2139)
(3.9496, 3.829, 2.6795)
(4.3965, 3.7226, 2.6345)
(4.2192, 3.3677, 2.8615)
(4.5365, 4.0177, 2.3523)
(4.9618, 3.9199, 2.3411)
(4.8086, 3.5707, 2.5309)
(5.1365, 4.2165, 2.0873)
(5.3949, 3.7853, 2.2615)
(0.5463, 2.3059, 3.8346)
(0.6154, 2.5649, 3.5554)
(1.0745, 2.7081, 3.7111)
(1.2098, 2.9948, 3.3835)
(1.6608, 3.0919, 3.527)
(1.818, 3.3239, 3.1514)
(2.2669, 3.3795, 3.2611)
(2.4327, 3.5323, 2.8517)
(2.8809, 3.5875, 2.9499)
(3.0479, 3.7028, 2.5288)
(3.4975, 3.7983, 2.6339)
(3.6652, 3.8871, 2.1847)
(4.1073, 4.0112, 2.2804)
(4.2756, 4.0616, 1.8856)
(4.7007, 4.1897, 2.0105)
(4.8749, 4.296, 1.6719)
(-0.9606, 1.6282, 3.3275)
(-0.7606, 1.9177, 3.1295)
(-0.4, 2.0338, 3.3348)
(-0.6163, 1.7591, 3.4952)
(-0.1968, 2.2928, 3.089)
(0.1777, 2.4176, 3.3427)
(-0.0257, 2.1336, 3.596)
(0.3774, 2.687, 2.9882)
(0.7808, 2.8442, 3.1998)
(0.981, 3.0391, 2.8208)
(1.3882, 3.2023, 3.0035)
(1.5997, 3.2675, 2.6031)
(2.0035, 3.4268, 2.7359)
(2.2182, 3.4088, 2.3246)
(2.6162, 3.5822, 2.4218)
(2.8162, 3.5516, 2.0035)
(3.223, 3.734, 2.0914)
(3.4258, 3.6494, 1.7059)
(3.8459, 3.8629, 1.7853)
(4.0553, 3.7546, 1.4846)
(4.4611, 4.0411, 1.5663)
(4.6736, 3.9737, 1.3111)
(-1.1256, 1.8225, 2.9042)
(-0.9424, 2.0743, 2.6049)
(-0.5577, 2.1598, 2.8451)
(-0.3413, 2.3472, 2.5002)
(0.0108, 2.5192, 2.7504)
(0.2297, 2.7021, 2.3795)
(0.5907, 2.8788, 2.6102)
(0.8372, 2.931, 2.2478)
(1.2152, 3.0866, 2.4456)
(1.4873, 2.9767, 2.1027)
(1.8487, 3.1897, 2.227)
(2.1267, 3.0147, 1.9002)
(2.4628, 3.296, 1.9492)
(2.7221, 3.1288, 1.6012)
(3.0462, 3.4226, 1.6292)
(3.3214, 3.1912, 1.3487)
(3.6743, 3.4622, 1.423)
(3.9554, 3.2829, 1.2422)
(4.3132, 3.6323, 1.2627)
(4.5839, 3.4953, 1.1049)
(-1.3076, 2.0061, 2.3462)
(-1.1088, 2.1699, 2.0202)
(-0.7168, 2.218, 2.2584)
(-0.4759, 2.3231, 1.906)
(-0.1154, 2.5011, 2.1426)
(0.1308, 2.5971, 1.7868)
(0.4749, 2.7854, 2.0193)
(0.763, 2.7042, 1.6947)
(1.1251, 2.8167, 1.9238)
(1.4255, 2.5901, 1.6534)
(1.7803, 2.7625, 1.8159)
(2.0795, 2.5253, 1.5496)
(2.4138, 2.8062, 1.6024)
(2.7113, 2.5874, 1.3233)
(3.008, 2.909, 1.3129)
(3.3265, 2.6661, 1.1272)
(3.6253, 2.9525, 1.1735)
(3.8987, 2.8263, 1.1558)
(4.2314, 3.1411, 1.1859)
(4.4627, 3.0645, 1.1775)
(-1.4541, 2.1201, 1.7522)
(-1.2456, 2.242, 1.4222)
(-0.8585, 2.2325, 1.6672)
(-0.5876, 2.2677, 1.3223)
(-0.2166, 2.39, 1.5596)
(0.0586, 2.3979, 1.2217)
(0.4086, 2.5786, 1.4517)
(0.7042, 2.4182, 1.1628)
(1.0647, 2.4948, 1.4183)
(1.3625, 2.2498, 1.1615)
(1.7236, 2.3383, 1.3981)
(2.0212, 2.1182, 1.1247)
(2.3825, 2.3005, 1.2772)
(2.6856, 2.0755, 1.0229)
(3.0376, 2.3551, 1.1158)
(3.367, 2.1952, 1.0973)
(3.6224, 2.541, 1.1147)
(3.8252, 2.6517, 1.1462)
(4.1108, 2.8751, 1.1793)
(4.3198, 2.9297, 1.196)
(-1.5741, 2.2053, 1.1473)
(-1.3442, 2.342, 0.8234)
(-0.9741, 2.2862, 1.0766)
(-0.6849, 2.3036, 0.7395)
(-0.3096, 2.2689, 0.9878)
(-0.0202, 2.2389, 0.6711)
(0.3449, 2.3108, 0.9176)
(0.6457, 2.1745, 0.6336)
(1.0037, 2.2004, 0.8969)
(1.302, 2.0516, 0.6149)
(1.6582, 2.0479, 0.8868)
(1.9442, 1.9109, 0.5959)
(2.2995, 1.9289, 0.8443)
(2.4987, 1.7708, 0.567)
(2.8943, 1.8543, 0.7814)
(-1.6492, 2.2783, 0.5393)
(-1.3925, 2.4478, 0.2241)
(-1.0472, 2.4161, 0.4895)
(-0.735, 2.456, 0.1577)
(-0.3822, 2.3078, 0.4121)
(-0.0646, 2.3224, 0.0923)
(0.2886, 2.2106, 0.3639)
(0.6013, 2.211, 0.0547)
(0.9501, 2.1098, 0.336)
(1.2466, 2.1036, 0.0349)
(1.5939, 1.991, 0.319)
(1.867, 1.948, 0.0208)
(2.1884, 1.8231, 0.302)
(2.3516, 1.7176, 0.0073)
(2.6205, 1.626, 0.2865)
(-1.6821, 2.3332, -0.0695)
(-1.4282, 2.5202, -0.3809)
(-1.0866, 2.5499, -0.1035)
(-0.7705, 2.5861, -0.435)
(-0.415, 2.4713, -0.1701)
(-0.0928, 2.4732, -0.4918)
(0.2561, 2.3413, -0.221)
(0.5651, 2.3469, -0.5292)
(0.905, 2.2253, -0.2482)
(1.1905, 2.21, -0.5503)
(1.5267, 2.0817, -0.2641)
(1.7775, 1.9955, -0.5637)
(2.0805, 1.8498, -0.2761)
(2.2081, 1.6883, -0.571)
(2.4431, 1.5498, -0.285)
(-1.7112, 2.3742, -0.6755)
(-1.4811, 2.5402, -0.9878)
(-1.1313, 2.6115, -0.7095)
(-0.8215, 2.6025, -1.0406)
(-0.4528, 2.5653, -0.765)
(-0.1437, 2.4937, -1.0893)
(0.2177, 2.4407, -0.811)
(0.5095, 2.3747, -1.1251)
(0.8545, 2.3136, -0.8378)
(1.1268, 2.2476, -1.1475)
(1.4556, 2.138, -0.8549)
(1.6811, 1.9995, -1.1511)
(1.9695, 1.8468, -0.8616)
(2.068, 1.6506, -1.1538)
(2.2763, 1.4932, -0.8659)
(-1.7377, 2.3648, -1.2716)
(-1.5444, 2.4718, -1.5856)
(-1.1924, 2.5751, -1.3156)
(-0.8891, 2.4919, -1.6332)
(-0.5153, 2.5086, -1.3622)
(-0.2182, 2.3565, -1.672)
(0.15, 2.3791, -1.4031)
(0.4226, 2.2473, -1.6843)
(0.7842, 2.2947, -1.4293)
(1.022, 2.1563, -1.6626)
(1.3648, 2.1319, -1.4375)
(1.5021, 1.8889, -1.6538)
(1.8069, 1.7799, -1.4217)
(1.8649, 1.5529, -1.7061)
(2.1275, 1.4546, -1.4621)
(-1.802, 2.2711, -1.8506)
(-1.6142, 2.3157, -2.1629)
(-1.2591, 2.4332, -1.9018)
(-0.9539, 2.276, -2.1955)
(-0.5881, 2.3231, -1.9337)
(-0.2832, 2.1345, -2.2311)
(0.0657, 2.1819, -1.9533)
(0.3167, 1.9603, -2.1346)
(0.6489, 2.0398, -1.8474)
(0.8421, 1.8015, -1.9051)
(1.174, 1.8971, -1.7698)
(1.2811, 1.654, -1.9828)
(1.5608, 1.6109, -1.8924)
(1.6403, 1.464, -2.2539)
(1.9239, 1.385, -2.0354)
(-1.896, 2.1214, -2.4116)
(-1.624, 2.1529, -2.6832)
(-1.3135, 2.2136, -2.4517)
(-0.9798, 2.138, -2.705)
(-0.6368, 2.0946, -2.4813)
(-0.2937, 2.0111, -2.7334)
(0.0206, 1.9482, -2.4802)
(0.3145, 1.8564, -2.6169)
(0.5598, 1.7754, -2.236)
(0.8488, 1.7186, -2.3624)
(1.0553, 1.6715, -2.0825)
(1.2641, 1.684, -2.5387)
(1.4182, 1.5902, -2.4422)
(1.5836, 1.6196, -2.9481)
(1.7704, 1.4343, -2.7054)
(-1.7694, 1.975, -2.8713)
(-1.4637, 2.1795, -3.1067)
(-1.2742, 2.2452, -2.9049)
(-0.9216, 2.4169, -3.1194)
(-0.6167, 2.22, -2.9108)
(-0.24, 2.3666, -3.0821)
(0.0567, 2.0769, -2.8805)
(0.4038, 2.1757, -2.9984)
(0.6353, 1.8806, -2.7145)
(0.9763, 1.9128, -2.9049)
(1.144, 1.7452, -2.6598)
(1.3894, 1.862, -3.1238)
(1.4482, 1.775, -3.096)
(1.6915, 1.8278, -3.4503)
(1.7691, 1.6198, -3.3461)
(-1.6418, 1.9258, -3.3411)
(-1.4236, 2.1671, -3.6558)
(-1.1828, 2.3867, -3.3819)
(-0.8468, 2.4866, -3.6556)
(-0.5508, 2.5287, -3.3472)
(-0.1937, 2.5486, -3.5483)
(0.1239, 2.4605, -3.2633)
(0.4504, 2.4457, -3.4457)
(0.7446, 2.2192, -3.1853)
(1.0285, 2.218, -3.4091)
(1.2747, 1.9715, -3.2046)
(1.5725, 2.1274, -3.4353)
(1.6987, 2.0105, -3.4184)
(2.0176, 2.0589, -3.5725)
(2.0458, 1.8352, -3.5979)
(-1.6789, 1.91, -3.9252)
(-1.3998, 2.0476, -4.2205)
(-1.1264, 2.2997, -3.9537)
(-0.789, 2.2662, -4.1424)
(-0.4971, 2.4579, -3.8588)
(-0.2193, 2.2855, -3.9229)
(0.0998, 2.4112, -3.6672)
(0.3286, 2.3347, -3.8181)
(0.7054, 2.3785, -3.6341)
(0.8928, 2.4369, -3.7635)
(1.2573, 2.302, -3.5705)
(1.4503, 2.3856, -3.7821)
(1.7991, 2.2298, -3.654)
(1.8559, 2.1553, -3.9935)
(2.1127, 1.9666, -3.8448)
(-1.6439, 1.7592, -4.4699)
(-1.3694, 1.747, -4.597)
(-1.0799, 2.0026, -4.379)
(-0.8146, 1.8721, -4.3323)
(-0.5089, 2.1064, -4.152)
(-0.327, 2.1212, -4.1796)
(-0.0169, 2.2576, -4.0086)
(0.1489, 2.4705, -4.1276)
(0.5077, 2.4887, -3.9665)
(0.6815, 2.5471, -4.0747)
(1.0589, 2.4748, -3.9212)
(1.2579, 2.4305, -4.2132)
(1.5873, 2.3258, -4.1373)
(1.7236, 2.2979, -4.4688)
(1.906, 2.0679, -4.3694)
(-1.604, 1.4775, -4.7171)
(-1.4305, 1.4153, -4.6293)
(-1.1392, 1.6618, -4.4931)
(-0.9883, 1.7413, -4.3929)
(-0.6514, 1.9451, -4.2982)
(-0.547, 2.2516, -4.3782)
(-0.1966, 2.3653, -4.2694)
(-0.0268, 2.469, -4.276)
(0.338, 2.5416, -4.1757)
(0.6017, 2.4855, -4.3101)
(0.9279, 2.5089, -4.2698)
(1.2421, 2.634, -4.4547)
(1.5061, 2.5035, -4.4524)
(1.7287, 2.6293, -4.6017)
(1.8866, 2.3581, -4.6927)
(1.3067, 1.848, 4.2513)
(1.7015, 2.0044, 4.1441)
(1.5997, 1.7575, 4.1968)
(2.2458, 2.3249, 3.9864)
(2.0513, 1.9528, 4.0628)
(2.8229, 2.631, 3.7309)
(2.6209, 2.2894, 3.8555)
(3.4009, 2.8736, 3.4057)
(3.1879, 2.5674, 3.5609)
(3.9925, 3.0648, 3.0576)
(3.7634, 2.7872, 3.2318)
(4.6149, 3.2211, 2.7001)
(4.3635, 2.9323, 2.8775)
(5.2166, 3.4569, 2.3804)
(5.013, 3.1129, 2.5055)
(5.627, 3.3618, 2.2238)
(-2.2733, -1.8297, -0.8654)
(-2.0324, -2.1042, -4.0592)
(-2.2784, -1.1917, 4.071)
(-1.6132, -1.6782, -2.6138)
(-2.8627, -1.5422, 3.9103)
(-3.4333, -1.8496, 3.6339)
(-2.4592, -1.8467, -0.2874)
(-3.9637, -2.1578, 3.2919)
(-4.4895, -2.4617, 2.9513)
(-4.9125, -2.6188, 2.4168)
(-5.5151, -2.8148, 2.1561)
(-1.908, -2.1499, -3.4662)
(-6.1943, -3.0455, 2.0018)
(-1.8805, -1.7331, -2.0412)
(-2.0881, -1.8103, -1.451)
(-3.7661, -1.9876, 0.5986)
(-2.6608, -1.8323, 0.2862)
(-3.1073, -1.8252, 0.7998)
(-4.1477, -1.9912, 1.1979)
(-4.7287, -2.4302, 1.0929)
(-2.0596, -1.976, -4.6599)
(-1.6357, -1.6605, -3.7703)
(-1.3584, -1.7303, -3.2834)
(-6.1833, -3.3368, 1.5739)
(-6.0594, -3.1785, 1.8523)
(-6.2954, -3.1341, 1.8817)
(-6.4087, -3.3052, 1.6312)
(-4.7834, -2.4203, 0.9515)
(-4.7663, -2.3563, 0.9902)
(-5.0085, -2.4547, 0.8017)
(-4.9554, -2.5115, 0.7814)
(-4.9531, -2.4461, 0.6875)
(-5.2519, -2.5844, 0.4632)
(-5.2709, -2.5694, 0.6003)
(-5.0897, -2.8037, 0.363)
(-5.3988, -2.9815, 0.2673)
(-5.5535, -2.7385, 0.2908)
(-5.2873, -3.1, 0.49)
(-5.6141, -3.267, 0.5963)
(-5.6879, -3.1885, 0.3076)
(-5.5565, -3.2337, 0.9554)
(-5.9172, -3.3716, 1.0897)
(-5.9445, -3.4241, 0.7287)
(-5.8442, -3.3137, 1.4565)
(-6.2632, -3.4212, 1.2357)
(-1.4858, -1.6717, 3.5875)
(-1.4692, -1.4428, 3.8277)
(-1.8412, -1.4344, 3.9275)
(-1.9059, -1.6904, 3.7034)
(-2.0102, -1.9426, 3.3891)
(-2.3299, -1.6873, 3.7725)
(-2.4671, -1.965, 3.4686)
(-2.6001, -2.1645, 3.0773)
(-2.908, -1.968, 3.5037)
(-3.0453, -2.1906, 3.1339)
(-3.1728, -2.3267, 2.7048)
(-3.4709, -2.2215, 3.1599)
(-3.6031, -2.4025, 2.7604)
(-3.73, -2.5025, 2.3132)
(-4.0134, -2.4961, 2.7957)
(-4.1539, -2.6491, 2.3728)
(-4.3026, -2.7316, 1.9251)
(-4.5689, -2.7456, 2.3929)
(-4.733, -2.8928, 1.9822)
(-4.8802, -2.9679, 1.592)
(-5.1387, -2.9649, 2.028)
(-5.298, -3.1207, 1.6853)
(-5.4418, -3.1928, 1.325)
(-5.7085, -3.187, 1.7838)
(-1.0861, -1.7971, 3.1654)
(-1.0098, -1.5704, 3.4784)
(-1.5558, -1.8875, 3.2828)
(-1.7008, -2.0878, 2.907)
(-2.1519, -2.1212, 2.9989)
(-2.3076, -2.2596, 2.5925)
(-2.7391, -2.2661, 2.6456)
(-2.8913, -2.3748, 2.2389)
(-3.309, -2.3881, 2.2593)
(-3.4681, -2.4831, 1.8596)
(-3.88, -2.542, 1.8731)
(-4.0615, -2.6191, 1.502)
(-4.4752, -2.7477, 1.5264)
(-4.6636, -2.7916, 1.1833)
(-5.0513, -2.9691, 1.2315)
(-5.1971, -3.0319, 0.8628)
(0.3292, -1.3346, 2.7826)
(0.2016, -1.1572, 3.1495)
(-0.0258, -1.4224, 2.9903)
(-0.227, -1.7169, 2.7706)
(-0.4129, -1.4583, 3.2407)
(-0.6277, -1.7366, 2.9911)
(-0.8184, -2.0608, 2.6671)
(-1.254, -2.0674, 2.7966)
(-1.4324, -2.3623, 2.4584)
(-1.8719, -2.3088, 2.5308)
(-2.0446, -2.5975, 2.2247)
(-2.4752, -2.477, 2.2471)
(-2.6463, -2.7555, 1.9401)
(-3.0634, -2.5962, 1.9047)
(-3.2343, -2.8465, 1.5854)
(-3.6499, -2.6957, 1.5377)
(-3.8182, -2.9248, 1.2172)
(-4.2456, -2.8155, 1.1903)
(-4.3983, -2.9829, 0.8662)
(-4.8173, -2.9512, 0.8404)
(-4.9344, -2.9986, 0.5043)
(0.506, -1.5882, 2.2865)
(0.1459, -1.6682, 2.5428)
(-0.0206, -2.0297, 2.2831)
(-0.4043, -2.0647, 2.5037)
(-0.5756, -2.4352, 2.2432)
(-0.9954, -2.4159, 2.3826)
(-1.1714, -2.7274, 2.1313)
(-1.6047, -2.6889, 2.1911)
(-1.7842, -2.8861, 1.9182)
(-2.2109, -2.8699, 1.9312)
(-2.3862, -2.9412, 1.6078)
(-2.8009, -2.9438, 1.589)
(-2.9672, -2.9349, 1.2352)
(-3.3806, -2.9787, 1.2125)
(-3.5442, -2.9151, 0.8602)
(-3.9601, -2.9842, 0.8593)
(-4.1307, -2.7976, 0.6407)
(-4.5388, -2.8955, 0.5906)
(-4.7392, -2.6369, 0.5405)
(0.6975, -1.8489, 1.7585)
(0.3421, -1.9475, 2.0262)
(0.1782, -2.3044, 1.7658)
(-0.1863, -2.3907, 2.0227)
(-0.3689, -2.714, 1.7499)
(-0.7558, -2.7321, 1.9762)
(-0.969, -2.8207, 1.6702)
(-1.3693, -2.8086, 1.8451)
(-1.6078, -2.6879, 1.5432)
(-1.9994, -2.8062, 1.6331)
(-2.2525, -2.574, 1.371)
(-2.6101, -2.7651, 1.3343)
(-2.8591, -2.4799, 1.0854)
(-3.186, -2.727, 0.9573)
(-3.4522, -2.4332, 0.7663)
(-3.7737, -2.6645, 0.6849)
(-4.0357, -2.3823, 0.7798)
(-4.3709, -2.5174, 0.7179)
(-4.6244, -2.3368, 0.9096)
(0.889, -2.0997, 1.2289)
(0.532, -2.204, 1.4978)
(0.3567, -2.5521, 1.2297)
(-0.0017, -2.645, 1.4955)
(-0.2231, -2.9169, 1.195)
(-0.5941, -2.9111, 1.4432)
(-0.858, -2.9209, 1.1029)
(-1.2259, -2.7565, 1.3387)
(-1.4884, -2.6355, 1.0024)
(-1.8667, -2.5291, 1.2338)
(-2.1059, -2.335, 0.9106)
(-2.4981, -2.324, 1.0825)
(-2.7267, -2.0539, 0.801)
(-3.1222, -2.1713, 0.8545)
(-3.425, -1.9136, 0.7055)
(-3.7353, -2.1854, 0.7187)
(-3.9661, -2.0033, 0.8999)
(-4.2644, -2.2031, 1.0051)
(-4.4363, -2.2318, 1.1368)
(1.0622, -2.3114, 0.6801)
(0.7105, -2.4394, 0.9565)
(0.5136, -2.7515, 0.6683)
(0.1526, -2.858, 0.9391)
(-0.1012, -3.0311, 0.6105)
(-0.4842, -3.0244, 0.859)
(-0.748, -2.9291, 0.5107)
(-1.1181, -2.7884, 0.7571)
(-1.3517, -2.5908, 0.4242)
(-1.7239, -2.4497, 0.6731)
(-1.9393, -2.2512, 0.354)
(-2.3157, -2.1249, 0.5986)
(-2.4582, -1.9632, 0.2973)
(-2.872, -1.8375, 0.5378)
(1.1958, -2.4476, 0.0979)
(0.8595, -2.6049, 0.3853)
(0.6319, -2.8436, 0.073)
(0.275, -2.9615, 0.3501)
(-0.0034, -3.0219, 0.0068)
(-0.3785, -3.0103, 0.2618)
(-0.6344, -2.862, -0.0805)
(-0.9875, -2.7295, 0.1734)
(-1.2103, -2.5424, -0.1524)
(-1.5685, -2.3949, 0.1031)
(-1.7787, -2.2328, -0.2134)
(-2.1221, -2.0874, 0.0425)
(-2.2574, -1.9643, -0.2662)
(-2.5494, -1.8461, -0.0031)
(1.3138, -2.5456, -0.4967)
(0.9783, -2.703, -0.2102)
(0.7316, -2.9024, -0.5327)
(0.3701, -2.9895, -0.2582)
(0.0844, -3.0318, -0.6008)
(-0.2825, -2.9726, -0.3392)
(-0.5418, -2.8703, -0.677)
(-0.8705, -2.7019, -0.413)
(-1.1086, -2.5815, -0.7387)
(-1.4339, -2.3988, -0.4737)
(-1.6565, -2.2787, -0.7924)
(-1.9646, -2.1039, -0.528)
(-2.0961, -1.9786, -0.8432)
(-2.3578, -1.8448, -0.5781)
(1.415, -2.6108, -1.0987)
(1.0807, -2.771, -0.8133)
(0.8184, -2.9392, -1.1417)
(0.4557, -3.0205, -0.8678)
(0.1617, -3.055, -1.209)
(-0.2018, -3.0004, -0.9425)
(-0.4795, -2.938, -1.2759)
(-0.7985, -2.7738, -1.0056)
(-1.058, -2.6917, -1.3308)
(-1.3518, -2.4838, -1.06)
(-1.571, -2.3536, -1.3815)
(-1.8392, -2.1479, -1.1104)
(-1.9437, -1.9837, -1.4299)
(-2.1743, -1.8284, -1.1603)
(1.502, -2.6467, -1.7049)
(1.169, -2.8107, -1.4208)
(0.8976, -2.9563, -1.7514)
(0.5326, -3.036, -1.4781)
(0.2333, -3.0622, -1.8178)
(-0.1339, -3.0334, -1.5481)
(-0.4222, -2.9746, -1.8817)
(-0.7522, -2.8623, -1.6052)
(-1.0063, -2.7371, -1.9333)
(-1.2964, -2.5681, -1.6569)
(-1.461, -2.331, -1.9613)
(-1.7157, -2.1581, -1.7002)
(-1.7581, -1.9134, -2.0058)
(-1.9796, -1.781, -1.7503)
(1.5831, -2.6635, -2.312)
(1.2505, -2.8313, -2.0292)
(0.9781, -2.9676, -2.3592)
(0.6074, -3.039, -2.0871)
(0.3104, -3.0672, -2.4223)
(-0.0658, -3.0333, -2.155)
(-0.334, -2.9468, -2.474)
(-0.6894, -2.8547, -2.2082)
(-0.8648, -2.6084, -2.4855)
(-1.1849, -2.4793, -2.2285)
(-1.2284, -2.1092, -2.4345)
(-1.5025, -1.9936, -2.2158)
(-1.4926, -1.769, -2.5245)
(-1.7506, -1.7142, -2.3433)
(1.6694, -2.6708, -2.917)
(1.336, -2.8456, -2.6356)
(1.0687, -2.9683, -2.9592)
(0.693, -3.0557, -2.6889)
(0.4052, -3.0666, -2.9972)
(0.0363, -3.0452, -2.7373)
(-0.1789, -2.8806, -2.9998)
(-0.5002, -2.7337, -2.7298)
(-0.5863, -2.4195, -2.9056)
(-0.9038, -2.2612, -2.6579)
(-0.9715, -1.9987, -2.8504)
(-1.2391, -1.8641, -2.6715)
(-1.3153, -1.7924, -3.1087)
(-1.4871, -1.7239, -3.0076)
(1.7525, -2.6382, -3.5117)
(1.4279, -2.8319, -3.2339)
(1.1482, -2.8297, -3.5056)
(0.7816, -2.9675, -3.2538)
(0.5019, -2.7833, -3.4307)
(0.134, -2.9137, -3.2428)
(-0.1212, -2.661, -3.4142)
(-0.3821, -2.6229, -3.218)
(-0.5691, -2.3602, -3.3738)
(-0.7266, -2.1514, -3.0905)
(-1.0003, -2.034, -3.3622)
(-1.1818, -1.8767, -3.2169)
(-1.4753, -1.8409, -3.5822)
(-1.5144, -1.7113, -3.6133)
(1.7811, -2.4623, -4.0545)
(1.4777, -2.6594, -3.7699)
(1.191, -2.4303, -3.8815)
(0.868, -2.605, -3.6261)
(0.6239, -2.2996, -3.6076)
(0.2607, -2.4915, -3.4608)
(0.0236, -2.2471, -3.5519)
(-0.3323, -2.395, -3.5235)
(-0.5724, -2.2245, -3.7011)
(-0.8078, -2.2162, -3.5395)
(-1.1778, -2.2569, -3.7123)
(-1.3651, -2.1007, -3.567)
(-1.6949, -2.1844, -3.6333)
(-1.7887, -1.9065, -3.6611)
(1.7397, -2.1644, -4.5207)
(1.4851, -2.2753, -4.1775)
(1.193, -1.9625, -4.207)
(0.9318, -2.1057, -3.8837)
(0.6491, -1.9794, -3.9889)
(0.3608, -2.1281, -3.7128)
(0.0403, -2.1166, -4.0259)
(-0.2771, -2.1274, -3.8368)
(-0.6302, -2.1171, -4.1617)
(-0.9223, -2.1816, -3.9498)
(-1.2826, -2.2008, -4.176)
(-1.5318, -2.2759, -3.872)
(-1.8054, -2.1921, -4.1024)
(-1.9615, -2.1309, -3.768)
(1.5937, -1.9183, -4.9999)
(1.4085, -1.9167, -4.598)
(1.0531, -1.7334, -4.6698)
(0.8664, -1.8141, -4.3068)
(0.5634, -1.9412, -4.5083)
(0.3428, -2.0962, -4.2544)
(0.0346, -2.2707, -4.5462)
(-0.301, -2.2073, -4.3573)
(-0.6333, -2.3093, -4.6413)
(-0.9755, -2.193, -4.4387)
(-1.3025, -2.2432, -4.6922)
(-1.5916, -2.2091, -4.4226)
(-1.8388, -2.105, -4.6641)
(-2.038, -2.0448, -4.3648)
(1.4423, -1.7572, -5.3905)
(1.2546, -1.7241, -5.0336)
(0.9023, -1.6275, -5.0616)
(0.7212, -1.743, -4.7682)
(0.4948, -1.9469, -4.9262)
(0.3219, -2.175, -4.7377)
(0.0584, -2.3382, -4.9692)
(-0.2837, -2.3746, -4.8064)
(-0.6093, -2.3893, -5.056)
(-0.9606, -2.3208, -4.894)
(-1.2749, -2.238, -5.108)
(-1.5891, -2.1661, -4.9054)
(-1.8077, -2.0492, -5.0755)
(-2.0337, -1.9794, -4.854)
(-1.7927, -1.2598, 4.0772)
(-2.1036, -1.2016, 4.1079)
(-2.1948, -1.3985, 3.9743)
(-2.5693, -1.378, 3.9854)
(-2.7465, -1.6923, 3.7853)
(-3.1481, -1.706, 3.7637)
(-3.3177, -1.9803, 3.4899)
(-3.6996, -2.0138, 3.4527)
(-3.8611, -2.2717, 3.1467)
(-4.2284, -2.3223, 3.1135)
(-4.3929, -2.5566, 2.7778)
(-4.7179, -2.5418, 2.6914)
(-4.9252, -2.7518, 2.3491)
(-5.2454, -2.7133, 2.3046)
(-5.5024, -2.9687, 2.0539)
(-5.8642, -2.9385, 2.0842)
(-6.2275, -2.8206, 2.0268)
(-6.55, -2.6841, 1.8908)
(-6.6441, -2.8804, 1.9021)
(-6.3775, -3.0143, 1.9916)
(-4.7891, -2.3884, 1.0427)
(-4.8467, -2.4914, 0.9944)
(-5.057, -2.5941, 0.7895)
(-5.0704, -2.4837, 0.8484)
(-5.1116, -2.2853, 0.9086)
(-5.4269, -2.4902, 0.5738)
(-5.5216, -2.2741, 0.691)
(-5.6186, -2.0583, 0.8835)
(-5.9332, -2.1834, 0.5095)
(-6.0616, -2.0238, 0.7906)
(-6.1486, -1.8917, 1.1075)
(-6.4476, -2.012, 0.7577)
(-6.531, -1.97, 1.1266)
(-6.4897, -1.9963, 1.4898)
(-6.807, -2.1705, 1.2076)
(-6.7096, -2.2566, 1.5645)
(-6.4395, -2.4014, 1.8744)
(-6.8272, -2.542, 1.6412)
(-2.1206, -0.2788, 4.0744)
(-2.3269, -0.1483, 3.8816)
(-2.5376, -0.5496, 3.9412)
(-2.28, -0.6514, 4.0955)
(-2.8406, -0.459, 3.7117)
(-3.0871, -0.8733, 3.7551)
(-2.739, -0.9522, 3.95)
(-3.4136, -0.7889, 3.4767)
(-3.646, -1.1913, 3.4804)
(-3.3038, -1.279, 3.7232)
(-3.9606, -1.1042, 3.1764)
(-4.1773, -1.5042, 3.164)
(-3.8383, -1.591, 3.4048)
(-4.5056, -1.4076, 2.8877)
(-4.7128, -1.8163, 2.8825)
(-4.3636, -1.9104, 3.1103)
(-5.0657, -1.6919, 2.5646)
(-5.2439, -2.0654, 2.4944)
(-4.8568, -2.193, 2.7542)
(-5.6567, -1.9354, 2.1899)
(-5.8503, -2.2488, 2.1548)
(-5.3856, -2.3889, 2.363)
(-6.2602, -2.1086, 1.8496)
(-6.0254, -2.5495, 2.0978)
(-2.03, 0.2717, 3.8245)
(-2.253, 0.3161, 3.5146)
(-2.565, -0.0675, 3.6202)
(-2.8343, -0.0625, 3.285)
(-3.1399, -0.4101, 3.405)
(-3.382, -0.42, 3.0284)
(-3.6881, -0.7426, 3.1246)
(-3.9001, -0.7537, 2.7241)
(-4.2287, -1.0484, 2.8249)
(-4.4577, -1.0075, 2.4528)
(-4.7978, -1.3139, 2.5486)
(-5.0253, -1.2957, 2.1502)
(-5.3723, -1.6178, 2.189)
(-5.5685, -1.6287, 1.7794)
(-5.9602, -1.8592, 1.8159)
(-6.1211, -1.8249, 1.4393)
(-1.2881, 1.4941, 3.1389)
(-1.473, 1.1632, 3.3486)
(-1.1656, 1.3171, 3.5059)
(-1.7514, 1.0138, 3.0912)
(-1.967, 0.686, 3.3336)
(-1.6712, 0.8151, 3.614)
(-2.2467, 0.5713, 2.9426)
(-2.5289, 0.2655, 3.1296)
(-2.7449, 0.1341, 2.7325)
(-3.0555, -0.1384, 2.8997)
(-3.1978, -0.2962, 2.4962)
(-3.5528, -0.5005, 2.6133)
(-3.6699, -0.6284, 2.1991)
(-4.065, -0.8029, 2.3165)
(-4.1939, -0.8598, 1.9389)
(-4.634, -1.0235, 2.062)
(-4.7048, -1.1817, 1.6791)
(-5.1451, -1.399, 1.7331)
(-5.1617, -1.552, 1.3996)
(-5.6453, -1.6935, 1.4199)
(-5.6584, -1.8443, 1.1331)
(-1.445, 1.6992, 2.6179)
(-1.5772, 1.344, 2.8584)
(-1.7885, 1.1459, 2.5011)
(-1.9886, 0.8463, 2.7269)
(-2.1919, 0.6599, 2.3249)
(-2.4701, 0.4099, 2.5348)
(-2.5991, 0.1683, 2.1512)
(-2.871, -0.0909, 2.3476)
(-2.9221, -0.3872, 1.9947)
(-3.2794, -0.5148, 2.1132)
(-3.344, -0.672, 1.7266)
(-3.7593, -0.7272, 1.8145)
(-3.7972, -0.9101, 1.517)
(-4.2369, -1.0275, 1.6283)
(-4.2098, -1.3224, 1.3594)
(-4.6835, -1.4223, 1.3803)
(-4.6831, -1.6769, 1.1671)
(-5.1565, -1.7538, 1.1627)
(-5.1553, -2.0198, 0.9935)
(-1.5764, 1.8495, 2.0334)
(-1.664, 1.495, 2.2749)
(-1.7743, 1.2392, 1.9058)
(-1.9301, 0.9187, 2.1166)
(-2.0548, 0.6943, 1.7298)
(-2.3399, 0.4399, 1.9367)
(-2.395, 0.1497, 1.5807)
(-2.6351, -0.1431, 1.8041)
(-2.6217, -0.4757, 1.4836)
(-2.9441, -0.6526, 1.645)
(-2.9961, -0.8387, 1.2612)
(-3.4027, -0.8356, 1.3665)
(-3.4044, -1.1764, 1.1248)
(-3.7824, -1.2597, 1.2887)
(-3.8037, -1.6052, 1.022)
(-4.2317, -1.6245, 1.1002)
(-4.3103, -1.8904, 0.9951)
(-4.7302, -1.9581, 1.066)
(-4.7453, -2.211, 1.0643)
(-1.6907, 1.9447, 1.4332)
(-1.7269, 1.5978, 1.6807)
(-1.7747, 1.315, 1.3143)
(-1.8257, 0.9772, 1.5277)
(-1.8977, 0.7153, 1.1528)
(-2.1464, 0.4367, 1.3583)
(-2.1596, 0.1193, 1.02)
(-2.3829, -0.186, 1.2558)
(-2.3391, -0.5279, 0.9506)
(-2.6153, -0.7628, 1.1488)
(-2.6573, -1.0059, 0.7903)
(-3.0434, -1.0863, 0.9279)
(-3.0094, -1.4629, 0.7197)
(-3.381, -1.5841, 0.9307)
(-3.4484, -1.8993, 0.6929)
(-3.8935, -1.8599, 0.8185)
(-3.9477, -1.9755, 0.8965)
(-4.3538, -2.0574, 1.0855)
(-4.4402, -2.1895, 1.154)
(-1.7984, 2.015, 0.8284)
(-1.8222, 1.6743, 1.0839)
(-1.8849, 1.3784, 0.7257)
(-1.8072, 1.0287, 0.9463)
(-1.8473, 0.7248, 0.5901)
(-1.9342, 0.4125, 0.8025)
(-1.9318, 0.0824, 0.4739)
(-2.1231, -0.2251, 0.7091)
(-2.0894, -0.5569, 0.4044)
(-2.3197, -0.837, 0.6345)
(-2.3479, -1.1237, 0.3128)
(-2.6775, -1.297, 0.4942)
(-2.619, -1.5983, 0.2623)
(-2.8961, -1.82, 0.5482)
(-1.8577, 2.0619, 0.2188)
(-1.9312, 1.7307, 0.4851)
(-2.0144, 1.4196, 0.1371)
(-1.9351, 1.0679, 0.3714)
(-1.9837, 0.7514, 0.0196)
(-1.8805, 0.4084, 0.2433)
(-1.9234, 0.0979, -0.0976)
(-1.9407, -0.2365, 0.1488)
(-1.9659, -0.538, -0.1707)
(-2.0978, -0.8599, 0.0906)
(-2.1328, -1.1467, -0.223)
(-2.3579, -1.4046, 0.0194)
(-2.3571, -1.6392, -0.2692)
(-2.5706, -1.8329, 0.002)
(-1.8753, 2.0973, -0.3901)
(-1.9865, 1.7681, -0.1203)
(-2.0507, 1.4503, -0.4641)
(-2.07, 1.1002, -0.2117)
(-2.112, 0.7791, -0.5584)
(-2.0362, 0.4371, -0.3261)
(-2.0863, 0.1326, -0.6644)
(-1.9735, -0.2013, -0.4277)
(-2.0354, -0.488, -0.752)
(-2.0177, -0.8246, -0.4877)
(-2.0699, -1.1042, -0.8032)
(-2.1659, -1.4053, -0.5312)
(-2.1974, -1.6171, -0.8427)
(-2.3747, -1.8315, -0.5746)
(-1.8482, 2.1168, -0.9878)
(-1.9576, 1.7919, -0.7245)
(-1.9405, 1.4583, -1.0519)
(-2.0648, 1.123, -0.8061)
(-2.048, 0.7939, -1.1424)
(-2.1393, 0.4639, -0.9024)
(-2.1638, 0.1602, -1.2417)
(-2.1371, -0.1604, -0.9986)
(-2.1825, -0.4506, -1.3334)
(-2.0934, -0.773, -1.0749)
(-2.1357, -1.0618, -1.398)
(-2.114, -1.3612, -1.1175)
(-2.1059, -1.5808, -1.4328)
(-2.1871, -1.8115, -1.1561)
(-1.8071, 2.073, -1.5563)
(-1.8153, 1.7831, -1.2961)
(-1.7392, 1.4265, -1.5905)
(-1.8689, 1.1144, -1.3646)
(-1.7998, 0.7734, -1.6837)
(-2.0234, 0.4709, -1.4749)
(-1.9965, 0.1576, -1.7782)
(-2.1869, -0.136, -1.5759)
(-2.1369, -0.4429, -1.8746)
(-2.1932, -0.7515, -1.6684)
(-2.1039, -1.0455, -1.9551)
(-2.1175, -1.3295, -1.7128)
(-1.9636, -1.5332, -2.0016)
(-1.989, -1.7624, -1.742)
(-1.9462, 1.9562, -2.1032)
(-1.8091, 1.7077, -1.8305)
(-1.7963, 1.3518, -2.1279)
(-1.6763, 1.0788, -1.903)
(-1.6169, 0.7271, -2.2115)
(-1.7255, 0.4341, -1.9745)
(-1.6712, 0.0944, -2.175)
(-1.9015, -0.1619, -1.9943)
(-1.7798, -0.4649, -2.2155)
(-1.9568, -0.741, -2.1132)
(-1.742, -1.0113, -2.3476)
(-1.8625, -1.2846, -2.1877)
(-1.6411, -1.4864, -2.4868)
(-1.7432, -1.6971, -2.3118)
(-2.0308, 1.8096, -2.6254)
(-2.018, 1.5904, -2.3587)
(-2.001, 1.2268, -2.6366)
(-1.7592, 1.0064, -2.445)
(-1.7992, 0.6085, -2.7231)
(-1.6415, 0.3567, -2.4638)
(-1.7691, 0.0004, -2.6495)
(-1.7088, -0.2182, -2.3809)
(-1.8275, -0.5043, -2.6822)
(-1.7496, -0.7439, -2.5291)
(-1.7446, -1.0425, -2.8755)
(-1.6206, -1.2822, -2.6662)
(-1.537, -1.5158, -3.0554)
(-1.4845, -1.6846, -2.8896)
(-1.8414, 1.6527, -3.0658)
(-2.0348, 1.4214, -2.8326)
(-2.116, 1.0598, -3.063)
(-2.0252, 0.8246, -2.8933)
(-2.1475, 0.4295, -3.1294)
(-1.9226, 0.1898, -2.9343)
(-2.1453, -0.1572, -3.0401)
(-1.972, -0.3259, -2.8129)
(-2.1336, -0.6232, -3.0697)
(-1.9092, -0.7913, -3.0358)
(-1.9398, -1.1346, -3.2952)
(-1.7123, -1.3276, -3.2045)
(-1.7166, -1.5838, -3.4682)
(-1.4797, -1.6795, -3.4404)
(-1.8933, 1.6699, -3.6041)
(-2.0376, 1.3663, -3.3076)
(-2.2552, 1.1132, -3.5378)
(-2.3103, 0.7651, -3.2977)
(-2.3942, 0.4852, -3.4626)
(-2.3176, 0.1208, -3.2872)
(-2.4069, -0.1747, -3.368)
(-2.3498, -0.4553, -3.1594)
(-2.3809, -0.8052, -3.306)
(-2.2231, -0.9878, -3.2722)
(-2.2483, -1.4177, -3.3875)
(-1.9952, -1.5415, -3.4109)
(-2.0231, -1.8982, -3.522)
(-1.755, -1.904, -3.5754)
(-1.8909, 1.6142, -4.1817)
(-2.0903, 1.395, -3.8455)
(-2.094, 1.0597, -3.9902)
(-2.2519, 0.8154, -3.6723)
(-2.1329, 0.4632, -3.7342)
(-2.2852, 0.16, -3.5326)
(-2.1887, -0.1894, -3.6083)
(-2.2931, -0.5193, -3.4657)
(-2.1858, -0.8584, -3.6018)
(-2.2711, -1.1775, -3.463)
(-2.2167, -1.4609, -3.7697)
(-2.2138, -1.737, -3.6398)
(-2.1492, -1.9117, -3.988)
(-1.9789, -2.1232, -3.7574)
(-1.7918, 1.4166, -4.6082)
(-1.9676, 1.2455, -4.3549)
(-1.9951, 0.8721, -4.3677)
(-2.0581, 0.6784, -4.0581)
(-2.2371, 0.3555, -4.0929)
(-2.2209, 0.1184, -3.8048)
(-2.4302, -0.1888, -3.8646)
(-2.287, -0.5126, -3.7126)
(-2.3665, -0.763, -3.9051)
(-2.2122, -1.1143, -3.8608)
(-2.2696, -1.3134, -4.2164)
(-2.2128, -1.6399, -4.1554)
(-2.1861, -1.7881, -4.4935)
(-2.054, -2.0354, -4.3543)
(-1.7172, 1.2015, -4.5869)
(-1.8733, 1.0895, -4.4928)
(-2.0755, 0.8754, -4.309)
(-2.1921, 0.6048, -4.2972)
(-2.4913, 0.3726, -4.3016)
(-2.4747, 0.0887, -4.1149)
(-2.4694, -0.1662, -4.137)
(-2.4424, -0.4455, -3.9536)
(-2.38, -0.6533, -4.1785)
(-2.3806, -0.9759, -4.21)
(-2.4979, -1.2281, -4.4928)
(-2.3529, -1.5309, -4.5104)
(-2.4703, -1.7285, -4.7147)
(-2.2336, -1.9397, -4.7389)
(-2.1035, -0.715, 4.179)
(-2.4133, -1.0016, 4.0644)
(-2.195, -1.0315, 4.1248)
(-2.9443, -1.332, 3.89)
(-2.5719, -1.3559, 3.9958)
(-3.5023, -1.6482, 3.617)
(-3.148, -1.6858, 3.7805)
(-4.0263, -1.9591, 3.2842)
(-3.6975, -1.9936, 3.473)
(-4.5395, -2.2621, 2.9641)
(-4.2248, -2.2972, 3.1296)
(-4.9929, -2.4824, 2.5084)
(-4.684, -2.5387, 2.6767)
(-5.5855, -2.6542, 2.2101)
(-5.1822, -2.7203, 2.2683)
(-5.8452, -2.9218, 2.0737)
(5.9073, 3.2168, 1.8864)
(4.7595, 2.8917, 1.2999)
(4.7063, 2.9974, 1.1139)
(4.8485, 2.9089, 0.8094)
(5.0816, 2.8581, 0.8745)
(5.369, 2.903, 1.2205)
(5.7051, 2.9237, 1.5983)
(1.7771, 0.9816, 3.8086)
(2.2184, 1.3197, 3.6447)
(2.7947, 1.6541, 3.4724)
(3.4023, 1.935, 3.3031)
(4.0059, 2.192, 3.1235)
(4.3681, 2.403, 2.7473)
(4.6959, 2.5958, 2.2911)
(5.2401, 2.8143, 1.9246)
(1.7974, 0.4862, 3.4656)
(2.353, 0.834, 3.3094)
(2.9516, 1.1673, 3.1462)
(3.5426, 1.4723, 2.9633)
(4.1214, 1.7636, 2.7556)
(4.4542, 2.0909, 2.4086)
(4.6103, 2.4291, 1.9631)
(4.9533, 2.7294, 1.5556)
(0.8048, -0.8177, 2.9889)
(1.3147, -0.3665, 3.0558)
(1.8963, 0.0277, 3.0625)
(2.5388, 0.3578, 2.9707)
(3.1309, 0.6976, 2.8098)
(3.6746, 1.044, 2.5737)
(4.1881, 1.3973, 2.3001)
(4.6097, 1.8063, 1.9857)
(4.8201, 2.2855, 1.6644)
(4.9046, 2.6545, 1.2725)
(0.9424, -1.0176, 2.5434)
(1.491, -0.6197, 2.5517)
(2.1063, -0.339, 2.5891)
(2.7203, -0.0539, 2.5627)
(3.2297, 0.3416, 2.3902)
(3.6626, 0.7769, 2.1293)
(4.0518, 1.2393, 1.8431)
(4.4374, 1.687, 1.5306)
(4.7322, 2.1857, 1.4023)
(4.7851, 2.629, 1.1999)
(1.1243, -1.27, 2.0101)
(1.6837, -0.8741, 2.0149)
(2.2994, -0.6087, 2.069)
(2.7996, -0.2631, 2.0447)
(3.0897, 0.2815, 1.9067)
(3.35, 0.8546, 1.7519)
(3.6493, 1.3655, 1.4915)
(3.9958, 1.8126, 1.179)
(4.2565, 2.2933, 1.2038)
(4.4655, 2.7069, 1.3002)
(1.3243, -1.5293, 1.4882)
(1.8771, -1.1155, 1.4889)
(2.4635, -0.7717, 1.5109)
(2.9108, -0.3264, 1.4831)
(3.0632, 0.3056, 1.4168)
(3.1303, 0.9651, 1.3624)
(3.262, 1.5528, 1.1981)
(3.5669, 2.0358, 1.0635)
(3.9261, 2.5017, 1.1308)
(4.3443, 2.7919, 1.2741)
(1.5207, -1.7683, 0.9607)
(2.0644, -1.3279, 0.9538)
(2.6165, -0.9003, 0.9396)
(3.0426, -0.3867, 0.9043)
(3.1334, 0.2518, 0.8545)
(3.0268, 0.915, 0.8161)
(2.9408, 1.5365, 0.7886)
(1.6615, -1.9319, 0.3955)
(2.175, -1.4601, 0.3827)
(2.6781, -0.9783, 0.3507)
(3.0111, -0.4131, 0.3062)
(2.9956, 0.2201, 0.2789)
(2.8127, 0.8449, 0.2734)
(2.6802, 1.3856, 0.2791)
(1.7734, -2.0425, -0.1927)
(2.2479, -1.541, -0.2095)
(2.667, -1.0029, -0.2512)
(2.9166, -0.4069, -0.2927)
(2.8611, 0.2024, -0.2981)
(2.6432, 0.791, -0.2871)
(2.494, 1.3095, -0.2827)
(1.8869, -2.1332, -0.7837)
(2.3245, -1.6067, -0.8002)
(2.6375, -1.0094, -0.8459)
(2.8319, -0.3877, -0.8906)
(2.8061, 0.2097, -0.8947)
(2.5538, 0.7704, -0.8739)
(2.3425, 1.2577, -0.8642)
(1.9781, -2.1856, -1.383)
(2.3612, -1.6292, -1.3964)
(2.5606, -0.9883, -1.4375)
(2.7249, -0.3593, -1.4873)
(2.7547, 0.2336, -1.4996)
(2.481, 0.7714, -1.4762)
(2.2062, 1.2227, -1.4647)
(2.0523, -2.205, -1.9863)
(2.3968, -1.6295, -1.9934)
(2.4992, -0.973, -2.0303)
(2.6163, -0.3412, -2.0875)
(2.6868, 0.2651, -2.1067)
(2.3856, 0.78, -2.0817)
(2.028, 1.1739, -2.0635)
(2.1155, -2.2003, -2.5902)
(2.4118, -1.6062, -2.5892)
(2.3899, -0.9587, -2.6094)
(2.376, -0.333, -2.6095)
(2.4278, 0.2971, -2.5712)
(2.2128, 0.8342, -2.6227)
(1.9106, 1.2238, -2.6798)
(2.1691, -2.1753, -3.1927)
(2.4086, -1.5541, -3.1851)
(2.3361, -0.8994, -3.1768)
(2.2229, -0.2637, -3.1208)
(2.2122, 0.3791, -3.0508)
(2.1043, 0.9576, -3.1816)
(1.9087, 1.3954, -3.309)
(2.2226, -2.1312, -3.7919)
(2.4018, -1.4896, -3.7799)
(2.3422, -0.8052, -3.7602)
(2.2374, -0.1514, -3.7242)
(2.2002, 0.5042, -3.6713)
(2.2179, 1.1335, -3.6825)
(2.1493, 1.6139, -3.6675)
(2.2437, -2.0498, -4.3826)
(2.4501, -1.4267, -4.3662)
(2.4403, -0.735, -4.3244)
(2.3835, -0.0611, -4.2725)
(2.3464, 0.6171, -4.2)
(2.3079, 1.2571, -4.0848)
(2.2034, 1.746, -3.9385)
(2.1676, -1.9208, -4.9522)
(2.4649, -1.3527, -4.9474)
(2.5237, -0.6686, -4.8806)
(2.5022, 0.0233, -4.7951)
(2.4308, 0.7072, -4.7024)
(2.2362, 1.3392, -4.5791)
(2.0082, 1.8419, -4.44)
(2.0372, -1.795, -5.4255)
(2.3623, -1.2801, -5.4362)
(2.4091, -0.5988, -5.3634)
(2.3866, 0.0908, -5.2758)
(2.31, 0.7746, -5.1766)
(2.1729, 1.4406, -5.0514)
(2.0077, 1.9768, -4.9163)
(1.7269, 1.3917, 4.0442)
(2.1083, 1.7393, 3.9276)
(2.6674, 2.084, 3.7284)
(3.2495, 2.3715, 3.489)
(3.8413, 2.6088, 3.236)
(4.3747, 2.7646, 2.8801)
(4.8788, 2.9089, 2.4888)
(5.4492, 3.124, 2.1683)
(5.9551, 3.7797, 2.0934)
(4.6157, 3.0905, 1.032)
(4.7289, 3.4571, 0.8769)
(4.9009, 3.961, 0.9317)
(5.1632, 4.3727, 1.2206)
(5.476, 4.4999, 1.6368)
(5.7751, 4.2057, 1.97)
(1.2022, 2.2599, 4.0892)
(1.6974, 2.5739, 3.9751)
(2.2837, 2.9115, 3.765)
(2.8789, 3.1811, 3.4712)
(3.4785, 3.4103, 3.1499)
(4.095, 3.6237, 2.8078)
(4.677, 3.8206, 2.4803)
(5.2693, 4.0209, 2.2097)
(0.807, 2.5095, 3.775)
(1.3614, 2.9066, 3.6298)
(1.963, 3.2494, 3.403)
(2.5731, 3.488, 3.1069)
(3.1892, 3.6902, 2.7962)
(3.8049, 3.9097, 2.4543)
(4.4029, 4.0959, 2.1351)
(5.003, 4.3128, 1.8918)
(-0.6844, 1.8372, 3.3268)
(-0.1135, 2.2243, 3.3481)
(0.4789, 2.6335, 3.2825)
(1.0834, 3.0376, 3.1088)
(1.6953, 3.3293, 2.878)
(2.311, 3.5072, 2.5826)
(2.9185, 3.6599, 2.2569)
(3.5337, 3.7987, 1.9305)
(4.1543, 3.9394, 1.6652)
(4.7602, 4.1711, 1.4771)
(-0.8495, 2.0004, 2.8834)
(-0.2714, 2.3323, 2.8021)
(0.296, 2.7101, 2.6847)
(0.8989, 3.0025, 2.5324)
(1.5327, 3.1442, 2.3435)
(2.1606, 3.2371, 2.0972)
(2.7531, 3.3675, 1.7836)
(3.3556, 3.4404, 1.5126)
(3.9928, 3.5309, 1.3427)
(4.623, 3.7422, 1.1748)
(-1.0293, 2.1293, 2.3152)
(-0.4106, 2.3432, 2.2009)
(0.1752, 2.6641, 2.0797)
(0.7947, 2.8287, 1.9685)
(1.4543, 2.7853, 1.8777)
(2.1023, 2.7694, 1.7252)
(2.7114, 2.8627, 1.4538)
(3.3157, 2.9254, 1.215)
(3.9271, 3.031, 1.1834)
(4.5302, 3.2533, 1.1257)
(-1.181, 2.2046, 1.7219)
(-0.5337, 2.292, 1.6137)
(0.0944, 2.5044, 1.5008)
(0.7338, 2.566, 1.4262)
(1.3946, 2.4089, 1.4152)
(2.0532, 2.3037, 1.3513)
(2.7112, 2.3185, 1.1877)
(3.3434, 2.4276, 1.096)
(3.8644, 2.71, 1.1466)
(4.3895, 2.967, 1.1978)
(-1.301, 2.2886, 1.1226)
(-0.6403, 2.2688, 1.0307)
(0.0178, 2.2965, 0.9479)
(0.6741, 2.2726, 0.9022)
(1.3314, 2.1224, 0.894)
(1.9835, 1.9817, 0.8702)
(2.6, 1.8905, 0.8122)
(-1.3729, 2.397, 0.5242)
(-0.7149, 2.3725, 0.4491)
(-0.047, 2.2554, 0.3842)
(0.6214, 2.162, 0.3481)
(1.2739, 2.0549, 0.3269)
(1.9065, 1.9124, 0.3108)
(2.4204, 1.7277, 0.2933)
(-1.4093, 2.4892, -0.0777)
(-0.7521, 2.5316, -0.1366)
(-0.0779, 2.4046, -0.1987)
(0.584, 2.283, -0.2369)
(1.2191, 2.1616, -0.2569)
(1.8227, 1.9772, -0.2705)
(2.2794, 1.7047, -0.2809)
(-1.4526, 2.5391, -0.6847)
(-0.7935, 2.6104, -0.7375)
(-0.1144, 2.5048, -0.7902)
(0.5405, 2.3785, -0.8263)
(1.16, 2.2376, -0.8476)
(1.7342, 2.0052, -0.8591)
(2.1418, 1.6737, -0.8639)
(-1.5117, 2.5178, -1.2886)
(-0.8542, 2.5625, -1.3401)
(-0.1795, 2.4408, -1.3838)
(0.4713, 2.3351, -1.4179)
(1.0867, 2.236, -1.4375)
(1.6051, 1.9673, -1.4272)
(1.9754, 1.6098, -1.4355)
(-1.5794, 2.4037, -1.8775)
(-0.9234, 2.3937, -1.9179)
(-0.2548, 2.2523, -1.9535)
(0.3644, 2.1079, -1.9121)
(0.9251, 1.981, -1.7884)
(1.3793, 1.7608, -1.8145)
(1.7418, 1.4892, -1.9677)
(-1.6398, 2.218, -2.4372)
(-0.9761, 2.1629, -2.4638)
(-0.2974, 2.0248, -2.5014)
(0.2998, 1.8592, -2.3809)
(0.819, 1.7143, -2.1047)
(1.2475, 1.6358, -2.2314)
(1.5934, 1.5212, -2.596)
(-1.547, 2.1532, -2.8925)
(-0.958, 2.2583, -2.9096)
(-0.2715, 2.1574, -2.9081)
(0.3543, 1.9814, -2.8102)
(0.9099, 1.7906, -2.6329)
(1.3095, 1.7618, -2.8563)
(1.6045, 1.7202, -3.2482)
(-1.4289, 2.1851, -3.3662)
(-0.8836, 2.4946, -3.3744)
(-0.2106, 2.5167, -3.308)
(0.4439, 2.3585, -3.2198)
(1.0224, 2.066, -3.1716)
(1.4999, 1.9845, -3.3003)
(1.8756, 1.9511, -3.5161)
(-1.4162, 2.1276, -3.9481)
(-0.813, 2.4116, -3.9268)
(-0.197, 2.4442, -3.7543)
(0.4062, 2.3951, -3.6416)
(0.9822, 2.3408, -3.5992)
(1.5454, 2.2785, -3.5899)
(1.9763, 2.1177, -3.7458)
(-1.3779, 1.9124, -4.4487)
(-0.7845, 2.0593, -4.2689)
(-0.2597, 2.1658, -4.0621)
(0.2398, 2.3853, -3.9876)
(0.7801, 2.5112, -3.9252)
(1.34, 2.413, -4.0071)
(1.7689, 2.2079, -4.2571)
(-1.3908, 1.58, -4.6428)
(-0.8887, 1.777, -4.3682)
(-0.4274, 2.162, -4.2825)
(0.0602, 2.4926, -4.2171)
(0.6276, 2.5313, -4.1999)
(1.2326, 2.5107, -4.3546)
(1.7175, 2.4484, -4.567)
(1.4911, 1.9107, 4.2013)
(1.9612, 2.1542, 4.0746)
(2.5343, 2.4854, 3.8697)
(3.1117, 2.7589, 3.5734)
(3.6928, 2.9758, 3.2334)
(4.3039, 3.1386, 2.8777)
(4.9175, 3.3349, 2.5316)
(5.511, 3.5659, 2.2589)
(-6.2526, -3.2488, 1.7448)
(-4.8896, -2.4315, 0.8937)
(-5.1381, -2.4908, 0.646)
(-5.3296, -2.769, 0.3118)
(-5.492, -3.1506, 0.382)
(-5.7605, -3.3375, 0.8373)
(-6.0662, -3.3752, 1.3464)
(-1.6756, -1.5628, 3.7742)
(-2.1756, -1.8292, 3.6014)
(-2.7586, -2.084, 3.3099)
(-3.3268, -2.2937, 2.9493)
(-3.8761, -2.523, 2.5692)
(-4.4426, -2.7729, 2.1715)
(-5.0162, -3.0088, 1.821)
(-5.5815, -3.226, 1.5668)
(-1.2797, -1.7377, 3.3858)
(-1.8499, -2.0162, 3.1529)
(-2.4486, -2.2014, 2.8283)
(-3.0254, -2.326, 2.4547)
(-3.5921, -2.4583, 2.0637)
(-4.1764, -2.6415, 1.6928)
(-4.7685, -2.8532, 1.3751)
(-5.3177, -3.1035, 1.0892)
(0.2608, -1.2384, 2.9782)
(-0.3225, -1.5832, 3.0039)
(-0.9418, -1.9083, 2.9107)
(-1.5642, -2.1997, 2.667)
(-2.1757, -2.4003, 2.3936)
(-2.7705, -2.5413, 2.0827)
(-3.3558, -2.6453, 1.7206)
(-3.9472, -2.7531, 1.3615)
(-4.5402, -2.8804, 1.0194)
(-5.065, -3.0292, 0.6527)
(0.4128, -1.4551, 2.5467)
(-0.1249, -1.8714, 2.5311)
(-0.6955, -2.248, 2.4535)
(-1.2993, -2.5631, 2.2947)
(-1.9093, -2.7929, 2.0713)
(-2.5079, -2.9168, 1.7682)
(-3.0913, -2.9629, 1.4019)
(-3.6701, -2.9907, 1.027)
(-4.25, -2.9476, 0.7187)
(-4.8229, -2.846, 0.4637)
(0.6013, -1.7199, 2.0224)
(0.0811, -2.173, 2.0274)
(-0.4649, -2.5887, 2.008)
(-1.0583, -2.7947, 1.9215)
(-1.6845, -2.8117, 1.749)
(-2.3095, -2.7882, 1.4959)
(-2.8993, -2.745, 1.149)
(-3.4786, -2.7052, 0.7863)
(-4.0679, -2.595, 0.6836)
(-4.6827, -2.4597, 0.7179)
(0.7939, -1.9765, 1.4947)
(0.2698, -2.431, 1.5001)
(-0.2906, -2.8233, 1.4774)
(-0.9073, -2.8696, 1.3936)
(-1.5465, -2.6394, 1.2874)
(-2.1846, -2.423, 1.1684)
(-2.808, -2.2354, 0.9729)
(-3.4359, -2.1692, 0.7436)
(-4.0022, -2.1878, 0.8514)
(-4.5381, -2.2686, 1.0396)
(0.9799, -2.2138, 0.9584)
(0.4392, -2.6633, 0.9532)
(-0.1596, -2.9902, 0.9058)
(-0.8051, -2.9413, 0.8073)
(-1.4231, -2.6199, 0.7129)
(-2.0233, -2.2822, 0.6352)
(-2.5964, -1.9809, 0.5648)
(1.1327, -2.3872, 0.3921)
(0.5767, -2.8074, 0.3736)
(-0.05, -3.0335, 0.31)
(-0.69, -2.8944, 0.2153)
(-1.2787, -2.5602, 0.1366)
(-1.8561, -2.2344, 0.0714)
(-2.349, -1.9606, 0.018)
(1.2564, -2.5003, -0.1985)
(0.6834, -2.875, -0.2294)
(0.0416, -3.0219, -0.297)
(-0.5842, -2.8542, -0.3782)
(-1.1525, -2.5491, -0.4445)
(-1.7119, -2.2485, -0.5015)
(-2.1743, -1.9707, -0.5535)
(1.3666, -2.5823, -0.7969)
(0.7764, -2.9238, -0.8369)
(0.1243, -3.0442, -0.9048)
(-0.5082, -2.9025, -0.9759)
(-1.0794, -2.6347, -1.0335)
(-1.6115, -2.318, -1.0854)
(-2.0204, -1.9852, -1.1354)
(1.4598, -2.6319, -1.4015)
(0.8585, -2.9496, -1.4466)
(0.1977, -3.0612, -1.5135)
(-0.4513, -2.9643, -1.578)
(-1.0358, -2.7322, -1.6319)
(-1.5264, -2.3681, -1.6787)
(-1.86, -1.9636, -1.7244)
(1.5425, -2.6567, -2.0086)
(0.9368, -2.9613, -2.0557)
(0.2697, -3.0603, -2.1215)
(-0.3886, -2.9662, -2.184)
(-0.9588, -2.6928, -2.2261)
(-1.3608, -2.2265, -2.2137)
(-1.6292, -1.8321, -2.2655)
(1.6251, -2.6685, -2.6148)
(1.0228, -2.9749, -2.6609)
(0.3573, -3.085, -2.7168)
(-0.2509, -2.9225, -2.743)
(-0.7139, -2.5039, -2.6974)
(-1.0803, -2.0357, -2.6332)
(-1.3736, -1.7707, -2.8093)
(1.7147, -2.6662, -3.2174)
(1.1124, -2.9278, -3.248)
(0.4503, -2.9651, -3.2483)
(-0.1506, -2.8021, -3.2432)
(-0.5544, -2.384, -3.1471)
(-0.9505, -1.9867, -3.1129)
(-1.3668, -1.7913, -3.3901)
(1.7744, -2.5711, -3.7938)
(1.1725, -2.6576, -3.7133)
(0.5661, -2.5441, -3.5239)
(-0.0486, -2.4503, -3.4778)
(-0.57, -2.3059, -3.5405)
(-1.0875, -2.1572, -3.5449)
(-1.5923, -2.0141, -3.609)
(1.773, -2.3178, -4.2899)
(1.2055, -2.1807, -4.0327)
(0.6538, -2.1025, -3.7644)
(0.0469, -2.1319, -3.7513)
(-0.5996, -2.1403, -3.9146)
(-1.2433, -2.2457, -3.925)
(-1.7629, -2.225, -3.8228)
(1.6743, -2.0291, -4.7644)
(1.1346, -1.8194, -4.4324)
(0.6117, -1.9385, -4.2506)
(0.0336, -2.1841, -4.2982)
(-0.6397, -2.1986, -4.4085)
(-1.301, -2.2106, -4.4409)
(-1.8296, -2.1465, -4.3946)
(1.5161, -1.8312, -5.2049)
(0.9752, -1.6746, -4.8766)
(0.5252, -1.9458, -4.7293)
(0.0441, -2.3184, -4.7659)
(-0.6221, -2.3682, -4.8544)
(-1.2919, -2.2504, -4.9104)
(-1.8303, -2.0743, -4.8845)
(-1.9806, -1.3152, 4.0329)
(-2.4587, -1.5359, 3.8925)
(-3.0348, -1.8391, 3.6473)
(-3.5921, -2.1239, 3.3207)
(-4.1276, -2.4214, 2.9696)
(-4.6561, -2.6591, 2.5594)
(-5.2096, -2.8565, 2.184)
(-5.7965, -3.0808, 1.9498)
(-6.4568, -2.8605, 1.9616)
(-4.9355, -2.5051, 0.9276)
(-5.2726, -2.3998, 0.7543)
(-5.7902, -2.1388, 0.704)
(-6.3186, -1.958, 0.9361)
(-6.668, -2.0774, 1.3455)
(-6.6525, -2.4725, 1.7541)
(-2.3163, -0.4088, 4.0112)
(-2.8012, -0.7078, 3.8579)
(-3.3708, -1.0344, 3.6284)
(-3.9125, -1.3468, 3.3187)
(-4.446, -1.6641, 3.0292)
(-4.9737, -1.9504, 2.6949)
(-5.5383, -2.1632, 2.3145)
(-6.1627, -2.3275, 2.0081)
(-2.2956, 0.1013, 3.7196)
(-2.8505, -0.2387, 3.5187)
(-3.4183, -0.5783, 3.272)
(-3.956, -0.9015, 2.9715)
(-4.5109, -1.1801, 2.691)
(-5.084, -1.4646, 2.3777)
(-5.6656, -1.7534, 1.9987)
(-6.2455, -1.9318, 1.646)
(-1.2228, 1.4017, 3.3363)
(-1.7163, 0.921, 3.3565)
(-2.2477, 0.4701, 3.2425)
(-2.7976, 0.0609, 3.0182)
(-3.3059, -0.3248, 2.7632)
(-3.8017, -0.6657, 2.4595)
(-4.3494, -0.9051, 2.1922)
(-4.8972, -1.2023, 1.9033)
(-5.3902, -1.5624, 1.5726)
(-5.9119, -1.8034, 1.2672)
(-1.3657, 1.598, 2.8945)
(-1.7764, 1.0873, 2.8024)
(-2.2298, 0.6291, 2.6336)
(-2.6794, 0.1645, 2.4414)
(-3.067, -0.3286, 2.2424)
(-3.5138, -0.6311, 1.9574)
(-4.0025, -0.8575, 1.7172)
(-4.4607, -1.2258, 1.5087)
(-4.9153, -1.5929, 1.2701)
(-5.4, -1.9197, 1.0363)
(-1.5148, 1.7832, 2.3288)
(-1.7857, 1.1956, 2.202)
(-2.1314, 0.6796, 2.0242)
(-2.5024, 0.1612, 1.8647)
(-2.7714, -0.4377, 1.7424)
(-3.17, -0.7475, 1.4951)
(-3.5978, -1.0261, 1.3219)
(-3.9931, -1.4566, 1.1942)
(-4.4871, -1.7888, 1.0734)
(-4.9357, -2.1314, 1.0146)
(-1.6338, 1.9017, 1.7343)
(-1.7645, 1.2786, 1.6099)
(-1.9718, 0.7066, 1.4391)
(-2.2818, 0.1365, 1.2981)
(-2.478, -0.5047, 1.2188)
(-2.8249, -0.9265, 1.0256)
(-3.2111, -1.3282, 0.9236)
(-3.6249, -1.7502, 0.8572)
(-4.1308, -1.9485, 0.9397)
(-4.5837, -2.2223, 1.108)
(-1.748, 1.9827, 1.1313)
(-1.8187, 1.3491, 1.0195)
(-1.8499, 0.7195, 0.8711)
(-2.0312, 0.0975, 0.748)
(-2.2056, -0.5468, 0.6803)
(-2.4956, -1.0744, 0.5557)
(-2.8061, -1.5468, 0.4989)
(-1.8345, 2.0408, 0.524)
(-1.9554, 1.4011, 0.4325)
(-1.9006, 0.7364, 0.306)
(-1.8961, 0.0843, 0.1899)
(-2.0051, -0.5535, 0.1196)
(-2.224, -1.1468, 0.0527)
(-2.4726, -1.6284, 0.0044)
(-1.8711, 2.0804, -0.0862)
(-2.0482, 1.4365, -0.1625)
(-2.0633, 0.766, -0.2677)
(-1.9989, 0.1151, -0.3812)
(-1.9799, -0.514, -0.4619)
(-2.0812, -1.1296, -0.5099)
(-2.2663, -1.6327, -0.5528)
(-1.8694, 2.1118, -0.6916)
(-2.017, 1.4584, -0.7632)
(-2.1083, 0.7899, -0.8531)
(-2.1483, 0.1482, -0.9517)
(-2.113, -0.4661, -1.0408)
(-2.0942, -1.0793, -1.0988)
(-2.1471, -1.5993, -1.1365)
(-1.8145, 2.1052, -1.2759)
(-1.8278, 1.4481, -1.3247)
(-1.9365, 0.7874, -1.4178)
(-2.1171, 0.1659, -1.5266)
(-2.2077, -0.4425, -1.6259)
(-2.1626, -1.0547, -1.6956)
(-2.057, -1.5593, -1.7275)
(-1.8594, 2.0202, -1.8307)
(-1.7318, 1.3936, -1.8585)
(-1.6745, 0.7547, -1.9471)
(-1.8139, 0.1305, -1.979)
(-1.9516, -0.4519, -2.0494)
(-1.9205, -1.0251, -2.1528)
(-1.8022, -1.5036, -2.2428)
(-2.0237, 1.8888, -2.3742)
(-1.9021, 1.3009, -2.3925)
(-1.6693, 0.6832, -2.4759)
(-1.6635, 0.0568, -2.4092)
(-1.7475, -0.4793, -2.4377)
(-1.6973, -1.0215, -2.5977)
(-1.5516, -1.4976, -2.7668)
(-1.9359, 1.7171, -2.8449)
(-2.0588, 1.127, -2.8511)
(-1.9628, 0.5028, -2.938)
(-1.9408, -0.0848, -2.8569)
(-1.963, -0.5508, -2.8991)
(-1.8199, -1.0662, -3.1292)
(-1.5998, -1.5263, -3.3074)
(-1.8451, 1.6502, -3.3216)
(-2.2056, 1.073, -3.2975)
(-2.3277, 0.4415, -3.3071)
(-2.3373, -0.1783, -3.2138)
(-2.3086, -0.7179, -3.1927)
(-2.1144, -1.2765, -3.3433)
(-1.8745, -1.7427, -3.4898)
(-1.9111, 1.6624, -3.8953)
(-2.1982, 1.1141, -3.7645)
(-2.2754, 0.4948, -3.5925)
(-2.2923, -0.1797, -3.4935)
(-2.2835, -0.8543, -3.4455)
(-2.2582, -1.4784, -3.541)
(-2.112, -1.942, -3.7131)
(-1.8444, 1.5256, -4.4402)
(-2.0196, 0.959, -4.2162)
(-2.1341, 0.404, -3.9164)
(-2.2777, -0.1928, -3.7323)
(-2.2491, -0.8207, -3.757)
(-2.2155, -1.3918, -4.0083)
(-2.1533, -1.8491, -4.265)
(-1.7504, 1.3079, -4.6384)
(-2.0212, 0.8522, -4.3804)
(-2.3624, 0.3502, -4.215)
(-2.4856, -0.179, -4.0002)
(-2.4032, -0.7066, -4.0444)
(-2.3711, -1.2614, -4.3708)
(-2.3055, -1.7526, -4.6301)
(-2.239, -0.8541, 4.1258)
(-2.6616, -1.1646, 3.9872)
(-3.2274, -1.4924, 3.7652)
(-3.7657, -1.803, 3.4493)
(-4.2894, -2.1161, 3.1343)
(-4.7621, -2.3821, 2.7374)
(-5.2711, -2.5697, 2.3382)
(-5.9207, -2.7438, 2.1093)
