(0.6436, 1.7787, -6.1918)
(1.1622, 2.1113, -5.905)
(1.5667, 2.5303, -5.5333)
(1.9175, 2.9716, -5.1285)
(2.2656, 3.4135, -4.7215)
(0.6506, 1.4881, -5.8554)
(1.1888, 1.8066, -5.5883)
(2.6205, 3.8196, -4.3523)
(1.6143, 2.2145, -5.2298)
(2.8872, 4.018, -4.0867)
(1.978, 2.651, -4.8322)
(2.3309, 3.0911, -4.428)
(2.6861, 3.4993, -4.0588)
(2.9863, 3.828, -3.8214)
(0.6586, 1.1125, -5.4175)
(1.2194, 1.4104, -5.1715)
(1.6708, 1.8035, -4.8301)
(2.0516, 2.2331, -4.4422)
(2.4117, 2.6708, -4.0419)
(2.7668, 3.0785, -3.6728)
(3.0602, 3.3804, -3.4065)
(0.666, 0.7177, -4.9521)
(1.2479, 0.9935, -4.7274)
(1.7242, 1.3706, -4.4038)
(2.1215, 1.7928, -4.0256)
(2.4884, 2.2277, -3.6293)
(2.8457, 2.6332, -3.262)
(3.1457, 2.9328, -2.9989)
(0.6725, 0.3261, -4.4838)
(1.2734, 0.5791, -4.2806)
(1.7722, 0.9397, -3.9745)
(2.1824, 1.3541, -3.6051)
(2.5503, 1.7839, -3.2124)
(2.9031, 2.1844, -2.8466)
(3.2085, 2.4817, -2.5853)
(0.6782, -0.0618, -4.012)
(1.2965, 0.1671, -3.8313)
(1.815, 0.51, -3.543)
(2.2317, 0.9126, -3.1828)
(2.589, 1.3288, -2.7953)
(2.9216, 1.7225, -2.4277)
(3.1976, 2.0235, -2.1545)
(0.6831, -0.4451, -3.5361)
(1.3174, -0.2423, -3.3793)
(1.8529, 0.0798, -3.1103)
(2.2681, 0.4645, -2.7607)
(2.6084, 0.8653, -2.3779)
(2.9137, 1.2537, -2.0064)
(3.1504, 1.5604, -1.7202)
(0.6873, -0.8225, -3.0554)
(1.3361, -0.6491, -2.9246)
(1.8871, -0.351, -2.6772)
(2.2975, 0.0175, -2.3365)
(2.6212, 0.4076, -1.9562)
(2.9019, 0.792, -1.5806)
(3.0999, 1.1017, -1.283)
(0.6906, -1.1927, -2.5687)
(1.3529, -1.0522, -2.4665)
(1.9211, -0.7806, -2.2441)
(2.3278, -0.4195, -1.9082)
(2.6409, -0.032, -1.5268)
(2.9107, 0.3502, -1.1483)
(3.0882, 0.6584, -0.8439)
(0.6942, -1.5569, -2.0774)
(1.3701, -1.4519, -2.0056)
(1.9613, -1.2105, -1.8139)
(2.3694, -0.8463, -1.4788)
(2.684, -0.4517, -1.0935)
(2.9624, -0.0677, -0.713)
(3.1509, 0.2405, -0.4067)
(0.7007, -1.9252, -1.5898)
(1.3927, -1.8559, -1.5479)
(2.0169, -1.6485, -1.3947)
(2.4508, -1.2781, -1.0691)
(2.7798, -0.8668, -0.6769)
(3.0704, -0.4725, -0.2882)
(3.2742, -0.163, 0.0222)
(0.7074, -2.3001, -1.1088)
(1.4113, -2.2571, -1.0872)
(2.0705, -2.0757, -0.9673)
(2.5832, -1.7223, -0.6902)
(2.9421, -1.2928, -0.2984)
(3.2527, -0.876, 0.103)
(3.46, -0.5528, 0.4429)
(0.7055, -2.6354, -0.5994)
(1.4069, -2.6009, -0.5824)
(2.0778, -2.4439, -0.4844)
(2.65, -2.1323, -0.2594)
(3.0768, -1.7137, 0.0912)
(3.4814, -1.2861, 0.4544)
(3.966, -0.8206, 0.8122)
(0.6986, -2.9391, -0.0674)
(1.3919, -2.9005, -0.0484)
(2.0649, -2.774, 0.0265)
(2.6599, -2.5106, 0.2087)
(4.6617, -0.8369, 0.8977)
(3.116, -2.1145, 0.5218)
(3.603, -1.7292, 0.8111)
(5.2341, -1.174, 1.0973)
(4.1827, -1.415, 0.932)
(5.7616, -1.5741, 1.3021)
(4.8224, -1.237, 0.8777)
(0.6918, -3.2302, 0.4771)
(1.3777, -3.1826, 0.5015)
(2.0639, -3.1013, 0.5392)
(6.0899, -1.5912, 1.3762)
(2.7055, -2.9175, 0.6445)
(5.447, -1.164, 0.9304)
(3.2475, -2.5833, 0.8552)
(3.7946, -2.2347, 1.062)
(5.9651, -1.2872, 1.1724)
(4.3961, -1.9406, 1.1286)
(6.361, -1.4069, 1.3608)
(5.0318, -1.7415, 0.9976)
(0.6781, -3.4777, 1.0203)
(1.3427, -3.411, 1.0901)
(2.0525, -3.3405, 1.1054)
(5.68, -1.5554, 0.9207)
(2.7484, -3.2557, 1.1233)
(3.3866, -3.0377, 1.192)
(6.2699, -1.4068, 0.9624)
(3.9946, -2.7475, 1.2905)
(0.6657, -3.6595, 1.4611)
(6.6806, -1.2703, 1.1172)
(4.6032, -2.4651, 1.3502)
(5.2366, -2.2578, 1.2379)
(2.0432, -3.4217, 1.7148)
(1.221, -3.5419, 1.7894)
(5.8872, -2.0458, 1.163)
(2.7616, -3.3831, 1.6965)
(3.4501, -3.292, 1.6909)
(6.5014, -1.8341, 1.1418)
(4.1148, -3.1219, 1.6844)
(6.9572, -1.657, 1.1769)
(4.7639, -2.9045, 1.6651)
(5.4083, -2.6764, 1.6097)
(1.5351, -3.4101, 2.3168)
(2.0955, -3.3481, 2.3057)
(6.0593, -2.4549, 1.5649)
(2.774, -3.3009, 2.2886)
(3.4701, -3.243, 2.2722)
(6.6765, -2.2516, 1.5392)
(4.1575, -3.1484, 2.2463)
(7.1535, -2.118, 1.5034)
(4.8345, -3.008, 2.203)
(5.5016, -2.8359, 2.1491)
(1.6633, -3.2942, 2.8337)
(2.1378, -3.2004, 2.8468)
(6.168, -2.6651, 2.0944)
(2.7856, -3.1208, 2.8286)
(3.4755, -3.0395, 2.8033)
(6.8004, -2.5222, 2.0476)
(4.165, -2.9529, 2.7767)
(1.8094, -3.1355, 3.1116)
(7.2851, -2.4249, 1.9957)
(4.8501, -2.8442, 2.739)
(2.0909, -2.9875, 3.2465)
(2.7818, -2.9115, 3.2057)
(5.5283, -2.7098, 2.6895)
(3.4701, -2.836, 3.1847)
(6.2054, -2.5798, 2.6363)
(4.161, -2.7581, 3.163)
(4.8486, -2.6564, 3.1279)
(6.8462, -2.4992, 2.5877)
(5.529, -2.5209, 3.0787)
(7.3206, -2.4785, 2.5287)
(6.2057, -2.3723, 3.0151)
(7.1881, -2.3585, 2.8178)
(6.8915, -2.2495, 2.9507)
(0.6948, 6.1256, -1.8836)
(1.3374, 5.9287, -2.0348)
(1.8615, 5.6217, -2.3598)
(2.2727, 5.2555, -2.781)
(2.5992, 4.8579, -3.2447)
(0.6664, 5.7858, -1.6103)
(1.2746, 5.5535, -1.8226)
(2.8218, 4.4569, -3.7088)
(1.8206, 5.2581, -2.1211)
(2.9353, 4.1385, -3.9672)
(2.2761, 4.9146, -2.5052)
(2.628, 4.5282, -2.9543)
(2.8627, 4.1319, -3.4161)
(2.9851, 3.8424, -3.8074)
(0.6342, 5.3447, -1.2504)
(1.1964, 5.0709, -1.5274)
(1.7441, 4.7736, -1.8255)
(2.2499, 4.4545, -2.1656)
(2.6522, 4.0895, -2.5834)
(2.9175, 3.704, -3.0336)
(3.0554, 3.3937, -3.3923)
(0.5958, 4.8665, -0.8853)
(1.1005, 4.5562, -1.2254)
(1.6331, 4.2494, -1.539)
(2.1751, 3.9473, -1.8419)
(2.6435, 3.6106, -2.2099)
(2.9649, 3.2454, -2.6334)
(3.1407, 2.9472, -2.9856)
(0.5771, 4.3944, -0.5087)
(1.0335, 4.0591, -0.8894)
(1.5263, 3.7308, -1.242)
(2.0673, 3.4276, -1.5446)
(2.5842, 3.1145, -1.8625)
(2.9735, 2.7776, -2.238)
(3.2053, 2.498, -2.5733)
(0.5897, 3.9405, -0.1101)
(1.0322, 3.6025, -0.4981)
(1.4771, 3.247, -0.8873)
(1.9688, 2.9194, -1.2259)
(2.4794, 2.6104, -1.5254)
(2.9214, 2.3017, -1.842)
(3.1937, 2.0406, -2.1435)
(0.6313, 3.5006, 0.2977)
(1.1251, 3.2094, -0.0531)
(1.542, 2.8387, -0.4528)
(1.9523, 2.4692, -0.8253)
(2.3927, 2.1298, -1.1538)
(2.8338, 1.8234, -1.4459)
(3.1467, 1.5775, -1.7094)
(0.6655, 3.0288, 0.6644)
(1.2478, 2.8297, 0.3942)
(1.699, 2.4963, 0.0213)
(2.0644, 2.107, -0.3525)
(2.4303, 1.728, -0.6995)
(2.7915, 1.3739, -1.0205)
(3.0949, 1.1199, -1.2737)
(0.6791, 2.5106, 0.966)
(1.3257, 2.3974, 0.7966)
(1.8568, 2.1466, 0.4865)
(2.2472, 1.7847, 0.1286)
(2.564, 1.3752, -0.2234)
(2.8466, 0.9726, -0.5632)
(3.0833, 0.6764, -0.8345)
(0.678, 1.9601, 1.21)
(1.3566, 1.9077, 1.1359)
(1.963, 1.7483, 0.9197)
(2.4135, 1.438, 0.5902)
(2.7282, 1.0232, 0.2354)
(2.9724, 0.5923, -0.1125)
(3.148, 0.2562, -0.3945)
(0.6731, 1.4569, 1.5275)
(1.3573, 1.4136, 1.4652)
(2.0027, 1.3076, 1.3186)
(2.5213, 1.0514, 1.0296)
(2.878, 0.6531, 0.6768)
(3.1199, 0.2093, 0.3214)
(3.274, -0.1482, 0.0357)
(0.677, 1.0754, 1.988)
(1.3544, 1.0103, 1.8993)
(1.9905, 0.8603, 1.7075)
(2.577, 0.6485, 1.4598)
(3.0034, 0.2839, 1.1229)
(3.2763, -0.1628, 0.7568)
(3.4626, -0.537, 0.46)
(0.6794, 0.6664, 2.4346)
(1.357, 0.5928, 2.3337)
(2.0095, 0.4683, 2.159)
(2.6209, 0.2846, 1.9312)
(3.0896, -0.0532, 1.5988)
(3.4619, -0.4498, 1.2227)
(3.9718, -0.8081, 0.8291)
(0.6811, 0.1963, 2.8177)
(1.365, 0.1512, 2.7471)
(2.0369, 0.084, 2.6217)
(2.6679, -0.0462, 2.428)
(4.6626, -0.8305, 0.9172)
(3.1836, -0.3116, 2.1078)
(3.6713, -0.5698, 1.741)
(5.2298, -1.1741, 1.1173)
(4.1951, -0.8111, 1.4504)
(5.7548, -1.5799, 1.3222)
(4.8157, -0.7767, 1.3088)
(0.6784, -0.3313, 3.1219)
(1.3613, -0.3417, 3.1079)
(2.0471, -0.3533, 3.0377)
(6.0796, -1.6439, 1.3918)
(2.7093, -0.3979, 2.9005)
(5.4444, -0.9042, 1.2681)
(3.2862, -0.5416, 2.6148)
(3.796, -0.7382, 2.2722)
(5.9769, -1.2065, 1.365)
(4.3733, -0.8799, 2.013)
(6.3671, -1.4608, 1.4613)
(5.0071, -0.7901, 1.8383)
(0.6649, -0.8738, 3.357)
(1.3299, -0.8925, 3.4084)
(2.0368, -0.8655, 3.3762)
(5.6599, -0.7368, 1.7043)
(2.719, -0.8477, 3.2895)
(3.3161, -0.9079, 3.0303)
(6.2607, -0.8675, 1.6061)
(3.9079, -0.8857, 2.7838)
(0.6449, -1.3203, 3.524)
(6.6913, -1.0795, 1.5486)
(4.5336, -0.8982, 2.5747)
(5.1834, -0.8717, 2.4076)
(2.0317, -1.4411, 3.5835)
(1.2147, -1.5748, 3.6479)
(5.8376, -0.7731, 2.2688)
(2.7303, -1.3661, 3.5443)
(3.3827, -1.328, 3.3964)
(6.462, -0.8053, 2.122)
(4.0025, -1.2707, 3.1729)
(6.9303, -0.9077, 2.0038)
(4.6432, -1.1486, 3.048)
(5.3061, -1.0557, 2.9315)
(1.537, -2.0821, 3.6871)
(2.0874, -2.0255, 3.604)
(5.9738, -0.9781, 2.807)
(2.7453, -1.9454, 3.5251)
(3.4227, -1.8776, 3.4949)
(6.6083, -0.9627, 2.6794)
(4.0834, -1.7917, 3.3818)
(7.092, -0.9837, 2.5737)
(4.7342, -1.665, 3.2424)
(5.4017, -1.5402, 3.1866)
(1.66, -2.5927, 3.5802)
(2.1303, -2.5659, 3.4701)
(6.077, -1.4296, 3.1442)
(2.7691, -2.4968, 3.3895)
(3.453, -2.4212, 3.3603)
(6.7191, -1.3476, 3.0922)
(4.1335, -2.3328, 3.3027)
(1.8074, -2.864, 3.4156)
(7.2096, -1.2906, 3.043)
(4.8044, -2.2209, 3.21)
(2.0935, -2.9722, 3.2601)
(2.7847, -2.8959, 3.2188)
(5.4793, -2.0959, 3.1909)
(3.4794, -2.8232, 3.2009)
(6.1577, -1.9727, 3.186)
(4.1712, -2.7503, 3.1817)
(4.8592, -2.6533, 3.1474)
(6.7986, -1.868, 3.1764)
(5.5382, -2.515, 3.0977)
(7.2727, -1.7821, 3.175)
(6.213, -2.3639, 3.0334)
(7.1766, -2.0849, 3.0703)
(6.8912, -2.2351, 2.9654)
(0.0028, 1.6528, -6.3128)
(-0.6372, 1.781, -6.1902)
(-1.1542, 2.1151, -5.9019)
(-1.5571, 2.5346, -5.5291)
(-1.9079, 2.9758, -5.1241)
(-2.2586, 3.4167, -4.7183)
(0.0027, 1.3635, -5.9591)
(-0.6446, 1.4901, -5.8541)
(-1.1813, 1.81, -5.5856)
(-2.6183, 3.8209, -4.3517)
(-1.6053, 2.2185, -5.2261)
(-2.8888, 4.0172, -4.0885)
(-1.9686, 2.655, -4.8281)
(-2.3235, 3.0943, -4.4247)
(-2.6826, 3.5008, -4.0576)
(-2.9868, 3.8275, -3.8224)
(0.0026, 0.9974, -5.5096)
(-0.653, 1.114, -5.4166)
(-1.2126, 1.4132, -5.1695)
(-1.6625, 1.807, -4.827)
(-2.0426, 2.2367, -4.4386)
(-2.404, 2.6738, -4.0388)
(-2.7623, 3.0802, -3.6712)
(-3.0593, 3.3802, -3.4071)
(0.0025, 0.614, -5.0341)
(-0.6608, 0.7187, -4.9517)
(-1.2418, 0.9956, -4.726)
(-1.7167, 1.3735, -4.4014)
(-2.1132, 1.796, -4.0225)
(-2.4807, 2.2304, -3.6264)
(-2.8404, 2.6348, -3.2602)
(-3.1433, 2.9331, -2.9987)
(0.0023, 0.234, -4.5554)
(-0.6677, 0.3266, -4.4837)
(-1.268, 0.5805, -4.2799)
(-1.7654, 0.9419, -3.9728)
(-2.1746, 1.3568, -3.6026)
(-2.5426, 1.7864, -3.2098)
(-2.897, 2.186, -2.8447)
(-3.2047, 2.4821, -2.5846)
(0.0021, -0.1417, -4.0729)
(-0.6739, -0.0617, -4.0122)
(-1.2918, 0.1679, -3.8312)
(-1.8091, 0.5116, -3.542)
(-2.2245, 0.9147, -3.181)
(-2.5813, 1.331, -2.7931)
(-2.9148, 1.7241, -2.4259)
(-3.1922, 2.0244, -2.1533)
(0.0019, -0.5121, -3.5861)
(-0.6793, -0.4453, -3.5366)
(-1.3133, -0.2421, -3.3798)
(-1.8478, 0.0808, -3.1101)
(-2.2616, 0.4661, -2.7595)
(-2.601, 0.8671, -2.3763)
(-2.9064, 1.2553, -2.0047)
(-3.1436, 1.5617, -1.7186)
(0.0018, -0.8759, -3.0939)
(-0.6838, -0.8229, -3.056)
(-1.3325, -0.6493, -2.9254)
(-1.8828, -0.3506, -2.6776)
(-2.2919, 0.0186, -2.336)
(-2.6143, 0.409, -1.955)
(-2.8944, 0.7936, -1.5792)
(-3.0922, 1.1033, -1.2814)
(0.0016, -1.2319, -2.5958)
(-0.6874, -1.1931, -2.5694)
(-1.3497, -1.0526, -2.4674)
(-1.9176, -0.7807, -2.2449)
(-2.323, -0.419, -1.9083)
(-2.6347, -0.031, -1.5262)
(-2.9036, 0.3515, -1.1475)
(-3.0802, 0.6597, -0.8427)
(0.0014, -1.5826, -2.0938)
(-0.6914, -1.5571, -2.0779)
(-1.3673, -1.4523, -2.0064)
(-1.9584, -1.2109, -1.8151)
(-2.3656, -0.8463, -1.4796)
(-2.6792, -0.4513, -1.0938)
(-2.9569, -0.067, -0.7131)
(-3.1446, 0.2412, -0.4063)
(0.0013, -1.939, -1.5972)
(-0.6981, -1.9252, -1.59)
(-1.39, -1.856, -1.5484)
(-2.0144, -1.6491, -1.396)
(-2.4482, -1.2787, -1.0705)
(-2.777, -0.867, -0.6783)
(-3.0674, -0.4725, -0.2896)
(-3.2714, -0.163, 0.0208)
(0.0012, -2.3033, -1.1086)
(-0.7049, -2.3001, -1.1089)
(-1.4088, -2.2575, -1.0878)
(-2.0682, -2.0763, -0.9685)
(-2.5814, -1.723, -0.6921)
(-2.941, -1.2934, -0.3008)
(-3.2522, -0.8764, 0.1)
(-3.4602, -0.5532, 0.4396)
(0.0011, -2.6362, -0.5985)
(-0.7032, -2.6353, -0.5995)
(-1.4046, -2.6009, -0.5827)
(-2.0756, -2.444, -0.4851)
(-2.6486, -2.1326, -0.2608)
(-3.077, -1.7141, 0.0885)
(-3.4824, -1.286, 0.4503)
(-3.9688, -0.8209, 0.8053)
(0.0011, -2.9411, -0.0678)
(-0.6964, -2.9391, -0.0675)
(-1.3898, -2.9003, -0.0485)
(-2.0627, -2.7731, 0.0267)
(-2.6573, -2.5088, 0.2102)
(-4.6642, -0.8384, 0.8921)
(-3.1128, -2.1119, 0.5253)
(-3.6011, -1.7266, 0.8104)
(-5.2363, -1.1758, 1.0919)
(-4.1825, -1.4148, 0.9286)
(-5.7643, -1.5746, 1.2981)
(0.0012, -3.2333, 0.4747)
(-4.8231, -1.2392, 0.873)
(-0.6895, -3.2303, 0.4769)
(-1.3755, -3.1826, 0.5015)
(-2.0617, -3.1, 0.54)
(-6.0929, -1.5912, 1.371)
(-2.6995, -2.9133, 0.6512)
(-5.4483, -1.1674, 0.924)
(-3.2308, -2.5739, 0.8755)
(-3.7873, -2.2306, 1.0662)
(-5.9673, -1.2893, 1.1652)
(-4.3936, -1.9406, 1.1271)
(-6.3641, -1.4077, 1.3526)
(-5.0304, -1.7438, 0.9955)
(0.0013, -3.4877, 0.9949)
(-0.6755, -3.4781, 1.02)
(-1.3399, -3.4115, 1.0899)
(-2.0494, -3.3405, 1.1056)
(-5.6793, -1.5599, 0.9165)
(-2.7437, -3.2546, 1.1255)
(-3.3777, -3.033, 1.1997)
(-6.2701, -1.4125, 0.9552)
(-3.9885, -2.7445, 1.2942)
(0.0013, -3.6649, 1.3629)
(-0.6631, -3.6606, 1.4606)
(-6.6821, -1.275, 1.1066)
(-4.5997, -2.4648, 1.3509)
(-5.2341, -2.2596, 1.238)
(-2.0401, -3.4221, 1.7149)
(-1.2182, -3.5433, 1.7891)
(-5.8852, -2.0494, 1.1619)
(-2.7582, -3.3833, 1.6967)
(-3.4463, -3.2922, 1.6919)
(-6.4999, -1.839, 1.139)
(-4.1108, -3.1216, 1.6856)
(-6.9561, -1.662, 1.1725)
(-4.7603, -2.9047, 1.6662)
(-5.4053, -2.6779, 1.6105)
(-1.532, -3.4112, 2.3167)
(-2.0922, -3.3488, 2.3059)
(-6.0566, -2.4572, 1.5655)
(-2.7706, -3.3014, 2.2888)
(-3.4667, -3.2439, 2.2726)
(-6.674, -2.2542, 1.5395)
(-4.1541, -3.1493, 2.2469)
(-7.1512, -2.1209, 1.5036)
(-4.831, -3.0088, 2.2039)
(-5.4984, -2.8371, 2.1501)
(-1.66, -3.2952, 2.8337)
(-2.1344, -3.201, 2.847)
(-6.1648, -2.6664, 2.0956)
(-2.7821, -3.1211, 2.8288)
(-3.472, -3.0398, 2.8035)
(-6.7972, -2.5231, 2.0492)
(-4.1614, -2.9534, 2.777)
(-1.8062, -3.1363, 3.1115)
(-7.2821, -2.4258, 1.9978)
(-4.8465, -2.8446, 2.7396)
(-2.0874, -2.988, 3.2468)
(-2.7782, -2.9116, 3.2058)
(-5.5247, -2.7102, 2.6903)
(-3.4665, -2.8358, 3.1848)
(-6.2017, -2.5802, 2.6373)
(-4.1574, -2.7581, 3.1629)
(-4.8449, -2.6559, 3.1282)
(-6.8425, -2.4993, 2.5893)
(-5.5252, -2.5203, 3.079)
(-7.317, -2.4786, 2.531)
(-6.2018, -2.372, 3.0155)
(-7.1846, -2.3572, 2.819)
(-6.8876, -2.249, 2.9514)
(-0.0017, 6.1815, -1.8664)
(-0.6982, 6.1281, -1.8851)
(-1.3407, 5.9327, -2.0384)
(-1.8642, 5.6249, -2.3636)
(-2.2745, 5.2573, -2.7844)
(-2.6015, 4.8588, -3.2471)
(-0.0028, 5.8755, -1.5332)
(-0.673, 5.7911, -1.6074)
(-1.2815, 5.5603, -1.82)
(-2.8251, 4.4574, -3.7103)
(-1.8244, 5.2628, -2.1221)
(-2.9386, 4.1386, -3.9683)
(-2.2772, 4.9169, -2.5079)
(-2.6286, 4.5292, -2.9565)
(-2.8636, 4.1321, -3.4176)
(-2.9857, 3.8419, -3.8085)
(-0.0044, 5.4716, -1.1216)
(-0.6462, 5.3549, -1.2405)
(-1.2097, 5.0829, -1.5152)
(-1.7516, 4.7814, -1.8202)
(-2.2516, 4.4582, -2.1658)
(-2.6514, 4.0909, -2.585)
(-2.9163, 3.7043, -3.0346)
(-3.0546, 3.3935, -3.3927)
(-0.0049, 5.0249, -0.7096)
(-0.6112, 4.88, -0.8701)
(-1.117, 4.571, -1.2074)
(-1.6439, 4.2601, -1.5273)
(-2.1791, 3.9532, -1.8378)
(-2.6425, 3.613, -2.2098)
(-2.9621, 3.2461, -2.6338)
(-3.1384, 2.9475, -2.9855)
(-0.0024, 4.5634, -0.3125)
(-0.5875, 4.4064, -0.4959)
(-1.0475, 4.0733, -0.8725)
(-1.5377, 3.7428, -1.2273)
(-2.0732, 3.4356, -1.536)
(-2.5843, 3.1183, -1.8597)
(-2.97, 2.7789, -2.2375)
(-3.2014, 2.4984, -2.5726)
(-0.0021, 4.0937, 0.0746)
(-0.5982, 3.9514, -0.0988)
(-1.0436, 3.6152, -0.483)
(-1.4879, 3.2591, -0.8722)
(-1.9758, 2.929, -1.2141)
(-2.481, 2.6161, -1.519)
(-2.9179, 2.304, -1.8398)
(-3.1883, 2.0415, -2.1423)
(-0.0032, 3.609, 0.4387)
(-0.6402, 3.5113, 0.3084)
(-1.1354, 3.2213, -0.0387)
(-1.5522, 2.85, -0.4379)
(-1.9589, 2.4787, -0.8127)
(-2.394, 2.1362, -1.1452)
(-2.8304, 1.8269, -1.442)
(-3.1399, 1.5789, -1.7079)
(-0.005, 3.0924, 0.7559)
(-0.677, 3.0397, 0.6743)
(-1.2606, 2.843, 0.4087)
(-1.7078, 2.5052, 0.0354)
(-2.0688, 2.1136, -0.3409)
(-2.4281, 1.7316, -0.6922)
(-2.787, 1.3772, -1.0163)
(-3.087, 1.1214, -1.2721)
(-0.0084, 2.5447, 1.0143)
(-0.6966, 2.5264, 0.9831)
(-1.3415, 2.4163, 0.8178)
(-1.8623, 2.1529, 0.5013)
(-2.2456, 1.7847, 0.139)
(-2.5615, 1.3769, -0.2173)
(-2.8424, 0.975, -0.5599)
(-3.0753, 0.6776, -0.8332)
(-0.0133, 1.9809, 1.2295)
(-0.7048, 1.9814, 1.2362)
(-1.3808, 1.9395, 1.1738)
(-1.9717, 1.7588, 0.941)
(-2.4081, 1.4331, 0.6003)
(-2.7256, 1.0224, 0.2399)
(-2.97, 0.5938, -0.1108)
(-3.1416, 0.257, -0.3941)
(-0.0151, 1.4864, 1.561)
(-0.7047, 1.4792, 1.5553)
(-1.3893, 1.4502, 1.5108)
(-2.0258, 1.3274, 1.3506)
(-2.5253, 1.0494, 1.0429)
(-2.8768, 0.6507, 0.6796)
(-3.1191, 0.2095, 0.3209)
(-3.2712, -0.148, 0.0341)
(-0.0133, 1.1029, 2.0241)
(-0.7052, 1.0947, 2.0134)
(-1.3857, 1.0402, 1.9424)
(-2.0212, 0.8863, 1.752)
(-2.5893, 0.652, 1.4804)
(-3.0008, 0.2804, 1.1253)
(-3.2749, -0.1641, 0.7544)
(-3.4629, -0.5371, 0.4568)
(-0.0114, 0.6923, 2.4694)
(-0.7038, 0.6804, 2.4547)
(-1.385, 0.6177, 2.3738)
(-2.0346, 0.4841, 2.1981)
(-2.6314, 0.2798, 1.9467)
(-3.0925, -0.058, 1.5981)
(-3.4665, -0.4503, 1.2184)
(-3.9749, -0.8086, 0.8223)
(-0.0089, 0.2064, 2.8287)
(-0.7, 0.2002, 2.8235)
(-1.3868, 0.1674, 2.7778)
(-2.055, 0.0896, 2.6537)
(-2.669, -0.0749, 2.4245)
(-4.6652, -0.8319, 0.9116)
(-3.1887, -0.3229, 2.0995)
(-3.6781, -0.5703, 1.735)
(-5.2322, -1.1756, 1.112)
(-4.1971, -0.8149, 1.4447)
(-5.7577, -1.5802, 1.3183)
(-0.0044, -0.3445, 3.0843)
(-4.8163, -0.7801, 1.3046)
(-0.689, -0.3389, 3.1068)
(-1.3734, -0.3353, 3.124)
(-2.0527, -0.3585, 3.0609)
(-6.0824, -1.6448, 1.3868)
(-2.6887, -0.4609, 2.863)
(-5.4457, -0.9058, 1.2638)
(-3.279, -0.5598, 2.6003)
(-3.7951, -0.7386, 2.2672)
(-5.9798, -1.2073, 1.358)
(-4.3715, -0.8823, 2.0083)
(-6.37, -1.4611, 1.4551)
(-5.0056, -0.793, 1.8351)
(0.0003, -0.8791, 3.2905)
(-0.6654, -0.8797, 3.3465)
(-1.3301, -0.8909, 3.4151)
(-2.0345, -0.8582, 3.4066)
(-5.6589, -0.7389, 1.7021)
(-2.7097, -0.8601, 3.2881)
(-3.31, -0.9128, 3.0282)
(-6.2606, -0.8682, 1.6038)
(-3.9037, -0.889, 2.7809)
(0.002, -1.2553, 3.4383)
(-0.6408, -1.3216, 3.5248)
(-6.6922, -1.0783, 1.5468)
(-4.5299, -0.8995, 2.5707)
(-5.1804, -0.8722, 2.4054)
(-2.0272, -1.4374, 3.5907)
(-1.2108, -1.5749, 3.6501)
(-5.8351, -0.7739, 2.2675)
(-2.7259, -1.3653, 3.5476)
(-3.3784, -1.3291, 3.3981)
(-6.46, -0.8055, 2.1215)
(-3.9984, -1.2728, 3.1736)
(-6.9288, -0.9067, 2.0038)
(-4.6391, -1.1499, 3.0457)
(-5.3023, -1.0558, 2.9299)
(-1.5335, -2.0817, 3.6885)
(-2.083, -2.0244, 3.6015)
(-5.9703, -0.978, 2.8063)
(-2.7415, -1.9453, 3.5255)
(-3.4192, -1.8785, 3.4974)
(-6.6051, -0.9626, 2.6792)
(-4.08, -1.7926, 3.3841)
(-7.089, -0.9837, 2.574)
(-4.7304, -1.6652, 3.243)
(-5.3978, -1.5399, 3.1865)
(-1.6569, -2.5922, 3.5815)
(-2.1268, -2.5657, 3.4698)
(-6.0732, -1.429, 3.1441)
(-2.7655, -2.4966, 3.3891)
(-3.4495, -2.4217, 3.3616)
(-6.7154, -1.3472, 3.0921)
(-4.1298, -2.3331, 3.3031)
(-1.8043, -2.8636, 3.4167)
(-7.206, -1.2905, 3.0433)
(-4.8004, -2.2205, 3.2091)
(-2.0899, -2.9726, 3.2608)
(-2.7812, -2.8963, 3.2191)
(-5.4753, -2.0954, 3.1908)
(-3.4758, -2.8234, 3.2012)
(-6.1537, -1.9721, 3.1861)
(-4.1677, -2.7504, 3.1817)
(-4.8555, -2.653, 3.1477)
(-6.7947, -1.8675, 3.1765)
(-5.5343, -2.5145, 3.0979)
(-7.2691, -1.782, 3.1746)
(-6.2091, -2.3635, 3.0339)
(-7.1731, -2.0845, 3.0697)
(-6.8874, -2.2346, 2.966)
(3.1494, 0.2484, -0.4006)
(3.0578, 3.387, -3.3994)
(2.0922, -2.9799, 3.2533)
(3.1486, 1.5689, -1.7148)
(2.7833, -2.9037, 3.2122)
(3.4747, -2.8296, 3.1928)
(3.2741, -0.1556, 0.0289)
(4.1661, -2.7542, 3.1724)
(4.8539, -2.6548, 3.1376)
(5.5336, -2.5179, 3.0882)
(6.2094, -2.3681, 3.0242)
(3.1432, 2.94, -2.9922)
(6.8913, -2.2423, 2.958)
(3.0974, 1.1108, -1.2783)
(3.0857, 0.6674, -0.8392)
(4.6621, -0.8337, 0.9075)
(3.4613, -0.5449, 0.4515)
(3.9689, -0.8144, 0.8206)
(5.2319, -1.1741, 1.1073)
(5.7582, -1.577, 1.3122)
(2.9857, 3.8352, -3.8144)
(3.2069, 2.4899, -2.5793)
(3.1957, 2.032, -2.149)
(7.0991, -2.4841, 2.5594)
(6.8483, -2.4018, 2.7849)
(7.052, -2.2999, 2.893)
(7.2779, -2.4271, 2.7044)
(5.9327, -1.6, 1.3403)
(5.842, -1.3803, 1.2476)
(6.1727, -1.3522, 1.276)
(6.225, -1.5203, 1.3987)
(6.1172, -1.2966, 1.0476)
(6.4917, -1.3384, 1.031)
(6.5179, -1.2916, 1.236)
(6.3966, -1.6022, 1.004)
(6.7442, -1.7423, 1.1545)
(6.829, -1.4163, 1.1005)
(6.5942, -2.0548, 1.3248)
(6.9282, -2.1782, 1.5227)
(7.0642, -1.9, 1.3155)
(6.7468, -2.4165, 1.7807)
(7.0567, -2.4697, 2.0223)
(7.228, -2.2987, 1.7325)
(6.8331, -2.5456, 2.3304)
(7.3195, -2.4827, 2.2777)
(1.804, -3.3775, 2.3119)
(1.6106, -3.3548, 2.5953)
(1.8843, -3.2458, 2.8432)
(2.1207, -3.2816, 2.592)
(2.4245, -3.3237, 2.2974)
(2.4456, -3.1597, 2.8406)
(2.7811, -3.2175, 2.5745)
(3.1235, -3.2752, 2.2806)
(3.1306, -3.0807, 2.8159)
(3.4742, -3.1483, 2.5537)
(3.8148, -3.2013, 2.2612)
(3.8205, -2.9978, 2.7908)
(4.1637, -3.0621, 2.5275)
(4.4974, -3.0836, 2.2266)
(4.5084, -2.9021, 2.7595)
(4.8464, -2.943, 2.4865)
(5.1688, -2.9239, 2.1769)
(5.1899, -2.779, 2.7154)
(5.5208, -2.7956, 2.4335)
(5.8345, -2.7486, 2.121)
(5.8664, -2.6413, 2.6624)
(6.1939, -2.6511, 2.3785)
(6.4979, -2.5882, 2.0707)
(6.541, -2.5313, 2.6124)
(1.6765, -3.4591, 1.7292)
(1.4094, -3.4724, 2.0378)
(2.0649, -3.3991, 2.013)
(2.404, -3.4024, 1.7044)
(2.767, -3.3617, 1.9937)
(3.1099, -3.3477, 1.6927)
(3.463, -3.2997, 1.9792)
(3.7848, -3.2154, 1.6882)
(4.1432, -3.1773, 1.9551)
(4.4408, -3.0167, 1.6787)
(4.8094, -3.0016, 1.9155)
(5.0858, -2.7902, 1.6396)
(5.4653, -2.796, 1.8653)
(5.7331, -2.565, 1.584)
(6.123, -2.5951, 1.8175)
(6.3811, -2.3468, 1.5516)
(0.3422, -3.4874, 1.0002)
(0.0013, -3.5831, 1.1935)
(0.3393, -3.6691, 1.3861)
(0.6716, -3.5741, 1.2509)
(1.0077, -3.4494, 1.0565)
(0.9669, -3.6117, 1.5953)
(1.3149, -3.4858, 1.3981)
(1.6938, -3.3736, 1.1035)
(2.0424, -3.4027, 1.4091)
(2.4065, -3.3085, 1.1093)
(2.7571, -3.3491, 1.4018)
(3.0738, -3.1623, 1.1519)
(3.4271, -3.2007, 1.4225)
(3.6923, -2.8966, 1.2391)
(4.0661, -2.9684, 1.4613)
(4.2969, -2.5988, 1.338)
(4.693, -2.7126, 1.4838)
(4.9168, -2.356, 1.3047)
(5.3298, -2.4891, 1.4026)
(5.5608, -2.1543, 1.191)
(5.9791, -2.2669, 1.3468)
(6.2092, -1.9369, 1.1457)
(0.3471, -3.2346, 0.4743)
(0.0012, -3.3691, 0.748)
(0.6854, -3.3622, 0.7565)
(1.0346, -3.2114, 0.4873)
(1.3627, -3.3077, 0.7921)
(1.7221, -3.1487, 0.5166)
(2.0605, -3.2375, 0.8142)
(2.396, -3.0285, 0.5787)
(2.7304, -3.1055, 0.8727)
(2.984, -2.762, 0.7414)
(3.324, -2.8235, 1.01)
(3.5151, -2.4052, 0.9675)
(3.901, -2.4965, 1.1661)
(4.0893, -2.0762, 1.1221)
(4.5029, -2.2042, 1.2352)
(4.7109, -1.8343, 1.0736)
(5.1364, -2.0056, 1.1043)
(5.3564, -1.6464, 0.9443)
(5.7877, -1.8046, 1.0149)
(5.993, -1.477, 0.9257)
(0.35, -2.9416, -0.0682)
(0.0011, -3.0892, 0.2016)
(0.6957, -3.0874, 0.2022)
(1.0463, -2.9276, -0.0623)
(1.3861, -3.0448, 0.2229)
(1.7331, -2.8515, -0.0207)
(2.0638, -2.9418, 0.2798)
(2.3793, -2.662, 0.1)
(2.6786, -2.7133, 0.4281)
(2.8966, -2.3206, 0.3562)
(3.1707, -2.3415, 0.6996)
(3.3484, -1.9158, 0.6799)
(3.6889, -1.9758, 0.9495)
(3.8822, -1.5576, 0.8988)
(4.2866, -1.6767, 1.0269)
(4.499, -1.3123, 0.9113)
(4.925, -1.4756, 0.9182)
(5.1428, -1.1791, 0.8767)
(5.5642, -1.3203, 0.8963)
(5.7231, -1.2116, 1.0431)
(0.3533, -2.6365, -0.599)
(0.0011, -2.7908, -0.3349)
(0.7021, -2.7893, -0.335)
(1.0576, -2.6278, -0.5968)
(1.3994, -2.7537, -0.3173)
(1.7496, -2.5414, -0.547)
(2.0709, -2.6098, -0.2293)
(2.382, -2.3061, -0.3898)
(2.6551, -2.3204, -0.0241)
(2.8753, -1.9298, -0.0936)
(3.0963, -1.9106, 0.3106)
(3.2761, -1.4981, 0.2769)
(3.5463, -1.5007, 0.6388)
(3.7004, -1.0745, 0.6212)
(4.0864, -1.1507, 0.8497)
(4.3138, -0.8288, 0.8549)
(4.7307, -1.044, 0.8823)
(4.9479, -1.0055, 0.9975)
(5.3357, -1.135, 1.0042)
(5.4978, -1.3741, 1.1997)
(0.3541, -2.303, -1.1089)
(0.0012, -2.4744, -0.8569)
(0.7076, -2.4734, -0.8581)
(1.0608, -2.2895, -1.1048)
(1.4118, -2.4368, -0.8404)
(1.7529, -2.1886, -1.0447)
(2.0796, -2.2675, -0.7324)
(2.349, -1.9158, -0.8477)
(2.6279, -1.9335, -0.4832)
(2.7748, -1.5111, -0.5027)
(3.0221, -1.5068, -0.1103)
(3.1024, -1.0772, -0.0916)
(3.3745, -1.0791, 0.2789)
(3.3832, -0.6992, 0.2761)
(3.713, -0.6867, 0.6275)
(0.3511, -1.936, -1.5956)
(0.0013, -2.1226, -1.3537)
(0.7047, -2.1147, -1.3507)
(1.0492, -1.9022, -1.5769)
(1.404, -2.0605, -1.3208)
(1.723, -1.7741, -1.4918)
(2.0473, -1.8669, -1.1856)
(2.2554, -1.4768, -1.2483)
(2.5175, -1.5012, -0.8807)
(2.6214, -1.0732, -0.8765)
(2.8563, -1.0786, -0.4845)
(2.9325, -0.6621, -0.4758)
(3.1503, -0.6741, -0.0863)
(3.1837, -0.309, -0.1258)
(3.3671, -0.3579, 0.2325)
(0.3484, -1.5768, -2.0901)
(0.0014, -1.7592, -1.844)
(0.6971, -1.7394, -1.8322)
(1.0368, -1.5182, -2.0521)
(1.3809, -1.6527, -1.7759)
(1.6847, -1.3497, -1.9286)
(1.9873, -1.4287, -1.6032)
(2.1852, -1.0379, -1.6592)
(2.4021, -1.0602, -1.2691)
(2.532, -0.6501, -1.2888)
(2.723, -0.6585, -0.881)
(2.831, -0.2533, -0.8969)
(3.0085, -0.2709, -0.4981)
(3.0683, 0.0944, -0.5531)
(3.2125, 0.0388, -0.1923)
(0.3472, -1.2226, -2.5894)
(0.0015, -1.4074, -2.3448)
(0.6922, -1.3751, -2.3233)
(1.0283, -1.1378, -2.5301)
(1.3611, -1.2521, -2.2361)
(1.6548, -0.9315, -2.3716)
(1.9397, -0.9949, -2.028)
(2.1424, -0.6067, -2.0862)
(2.346, -0.6335, -1.6928)
(2.4907, -0.2275, -1.7205)
(2.658, -0.2436, -1.3098)
(2.784, 0.1649, -1.3314)
(2.9303, 0.1387, -0.9304)
(3.0119, 0.5129, -0.989)
(3.1195, 0.4494, -0.6253)
(0.3464, -0.8629, -3.0846)
(0.0017, -1.0549, -2.8456)
(0.689, -1.0085, -2.8128)
(1.0197, -0.7521, -3.0035)
(1.3447, -0.8512, -2.696)
(1.628, -0.513, -2.8152)
(1.9038, -0.566, -2.4606)
(2.1079, -0.1716, -2.5151)
(2.3121, -0.2025, -2.1229)
(2.4657, 0.2108, -2.1492)
(2.6294, 0.1851, -1.7424)
(2.7695, 0.6058, -1.7618)
(2.9022, 0.5681, -1.3652)
(3.0105, 0.955, -1.4241)
(3.0941, 0.8801, -1.0635)
(0.3453, -0.4954, -3.5737)
(0.0018, -0.6949, -3.3407)
(0.6853, -0.6346, -3.2964)
(1.0095, -0.3604, -3.4719)
(1.327, -0.4461, -3.1523)
(1.6001, -0.0931, -3.2576)
(1.8703, -0.1356, -2.8938)
(2.0737, 0.268, -2.9424)
(2.2832, 0.2402, -2.549)
(2.4435, 0.6638, -2.5715)
(2.6148, 0.6348, -2.1679)
(2.7679, 1.0666, -2.1847)
(2.9068, 1.0211, -1.7942)
(3.0382, 1.4151, -1.855)
(3.1252, 1.331, -1.5016)
(0.3439, -0.1215, -4.0576)
(0.002, -0.3276, -3.8301)
(0.6808, -0.2541, -3.7746)
(0.9978, 0.0357, -3.9362)
(1.3073, -0.0379, -3.6056)
(1.5694, 0.3275, -3.6988)
(1.8346, 0.295, -3.3267)
(2.0341, 0.7072, -3.3689)
(2.2512, 0.689, -2.9718)
(2.4141, 1.1203, -2.9904)
(2.6004, 1.0973, -2.5869)
(2.7611, 1.5344, -2.6027)
(2.9196, 1.4881, -2.2175)
(3.063, 1.8814, -2.2821)
(3.174, 1.7919, -1.9374)
(0.3421, 0.2576, -4.5372)
(0.0022, 0.0456, -4.3147)
(0.6754, 0.1316, -4.2483)
(0.9846, 0.4355, -4.3971)
(1.2853, 0.3728, -4.0563)
(1.5356, 0.7495, -4.1381)
(1.7942, 0.7248, -3.759)
(1.9858, 1.1429, -3.7951)
(2.2087, 1.1341, -3.394)
(2.3683, 1.5688, -3.4095)
(2.5726, 1.5579, -3.0037)
(2.7318, 1.9943, -3.0196)
(2.917, 1.955, -2.6374)
(3.0564, 2.3422, -2.7053)
(3.2031, 2.2526, -2.3699)
(0.3401, 0.6408, -5.0131)
(0.0024, 0.4235, -4.7952)
(0.6693, 0.5215, -4.7183)
(0.97, 0.8384, -4.855)
(1.261, 0.786, -4.5043)
(1.4984, 1.1734, -4.575)
(1.7488, 1.1549, -4.1895)
(1.9299, 1.5785, -4.219)
(2.1532, 1.5735, -3.8157)
(2.3058, 2.0101, -3.8279)
(2.5219, 2.0066, -3.4211)
(2.672, 2.4407, -3.4355)
(2.8785, 2.4099, -3.0548)
(3.0001, 2.7926, -3.1205)
(3.1771, 2.7073, -2.7921)
(0.3377, 1.0273, -5.4858)
(0.0025, 0.8053, -5.2722)
(0.6624, 0.9148, -5.1852)
(0.9535, 1.2442, -5.3102)
(1.2341, 1.2017, -4.9498)
(1.457, 1.5995, -5.0093)
(1.6983, 1.5868, -4.6174)
(1.8668, 2.016, -4.6396)
(2.0876, 2.0127, -4.2344)
(2.2314, 2.4521, -4.242)
(2.4514, 2.449, -3.8362)
(2.5938, 2.8849, -3.8471)
(2.8077, 2.8558, -3.4678)
(2.9202, 3.2393, -3.5306)
(3.1029, 3.1566, -3.2027)
(0.335, 1.3959, -5.932)
(0.0027, 1.1875, -5.7434)
(0.6546, 1.3082, -5.6461)
(0.9356, 1.6299, -5.7376)
(1.2039, 1.617, -5.3894)
(1.4129, 2.0043, -5.4167)
(1.642, 2.0178, -5.0392)
(1.8004, 2.4312, -5.0336)
(2.0139, 2.4511, -4.6462)
(2.1532, 2.8715, -4.6295)
(2.3702, 2.8901, -4.2438)
(2.5122, 3.3057, -4.2326)
(2.7252, 3.2983, -3.8745)
(2.8424, 3.6618, -3.9203)
(3.0232, 3.6042, -3.6139)
(0.3327, 1.6849, -6.28)
(0.0028, 1.5154, -6.1449)
(0.647, 1.6415, -6.0331)
(0.92, 1.9266, -6.0633)
(1.1751, 1.9676, -5.756)
(1.3752, 2.3155, -5.726)
(1.5896, 2.3814, -5.3905)
(1.7452, 2.75, -5.3328)
(1.9463, 2.8204, -4.9891)
(2.0896, 3.1931, -4.924)
(2.2967, 3.2615, -4.5834)
(2.4464, 3.6282, -4.5258)
(2.6518, 3.6689, -4.2142)
(2.7731, 3.9626, -4.2119)
(2.9507, 3.9557, -3.9564)
(1.7224, -3.2178, 3.0012)
(1.9383, -3.0593, 3.1871)
(2.1425, -3.1029, 3.0516)
(2.4364, -2.9495, 3.2261)
(2.7851, -3.0176, 3.0332)
(3.1259, -2.8737, 3.1952)
(3.4738, -2.9353, 3.0074)
(3.8155, -2.797, 3.1738)
(4.1634, -2.8504, 2.9819)
(4.5048, -2.7072, 3.1454)
(4.8498, -2.746, 2.946)
(5.1888, -2.5886, 3.1033)
(5.5298, -2.615, 2.8976)
(5.8674, -2.4466, 3.0469)
(6.2082, -2.483, 2.8417)
(6.5486, -2.3109, 2.9829)
(6.8243, -2.0694, 3.1013)
(7.0514, -1.8236, 3.1748)
(7.2501, -1.9627, 3.1352)
(7.0485, -2.169, 3.0139)
(5.8479, -1.3805, 1.3232)
(5.9223, -1.6297, 1.3551)
(6.2216, -1.5894, 1.4324)
(6.1838, -1.3415, 1.4164)
(6.1222, -1.0194, 1.4518)
(6.5309, -1.2686, 1.4769)
(6.4916, -0.9696, 1.5741)
(6.3722, -0.8007, 1.8409)
(6.8238, -0.9581, 1.7378)
(6.711, -0.8533, 2.0597)
(6.54, -0.8582, 2.4083)
(7.0181, -0.9177, 2.2895)
(6.8644, -0.9712, 2.6243)
(6.6674, -1.1265, 2.9175)
(7.1551, -1.1049, 2.8385)
(6.9786, -1.3173, 3.0671)
(6.7641, -1.6121, 3.1776)
(7.2537, -1.5375, 3.1522)
(1.6102, -2.3573, 3.6482)
(1.802, -2.0566, 3.6469)
(2.1124, -2.311, 3.5504)
(1.8794, -2.5835, 3.5237)
(2.4065, -1.9861, 3.5587)
(2.7571, -2.2356, 3.4637)
(2.4337, -2.5348, 3.4232)
(3.0856, -1.9107, 3.5118)
(3.4381, -2.163, 3.4426)
(3.1109, -2.4592, 3.3725)
(3.7553, -1.8397, 3.4497)
(4.1117, -2.0715, 3.3656)
(3.7944, -2.3797, 3.3389)
(4.4081, -1.7311, 3.3059)
(4.772, -1.9537, 3.2414)
(4.4693, -2.2794, 3.2527)
(5.0659, -1.6011, 3.2066)
(5.443, -1.8285, 3.2108)
(5.1411, -2.1592, 3.1928)
(5.7387, -1.4823, 3.1669)
(6.1204, -1.7093, 3.1992)
(5.818, -2.033, 3.1896)
(6.4119, -1.3847, 3.1186)
(6.4934, -1.9176, 3.1808)
(1.4095, -1.8074, 3.6844)
(1.6697, -1.4816, 3.6065)
(2.0556, -1.7339, 3.6172)
(2.3845, -1.4011, 3.5696)
(2.7368, -1.6511, 3.5626)
(3.0629, -1.344, 3.4872)
(3.4067, -1.5906, 3.4842)
(3.693, -1.3074, 3.2807)
(4.0458, -1.5216, 3.311)
(4.3191, -1.2119, 3.1009)
(4.6905, -1.3853, 3.1827)
(4.9732, -1.0985, 2.9919)
(5.3561, -1.2677, 3.0972)
(5.6395, -1.0124, 2.8701)
(6.0286, -1.1767, 3.0101)
(6.3048, -0.9628, 2.7418)
(0.0014, -1.0823, 3.3696)
(0.3338, -0.8746, 3.3141)
(0.6553, -1.1068, 3.446)
(0.3255, -1.27, 3.4646)
(0.9939, -0.8843, 3.3928)
(1.3042, -1.188, 3.5263)
(0.9509, -1.4157, 3.5902)
(1.6803, -0.8847, 3.3985)
(2.0285, -1.1488, 3.5007)
(2.3872, -0.8466, 3.3494)
(2.7239, -1.0988, 3.4454)
(3.0246, -0.8795, 3.1724)
(3.3468, -1.107, 3.2318)
(3.6086, -0.9019, 2.9003)
(3.9573, -1.0488, 2.9961)
(4.2165, -0.888, 2.6748)
(4.5933, -0.9843, 2.8357)
(4.8571, -0.8975, 2.4857)
(5.2504, -0.9348, 2.6897)
(5.5098, -0.818, 2.338)
(5.9105, -0.8491, 2.5519)
(6.1637, -0.7722, 2.1943)
(-0.0019, -0.6259, 3.1939)
(0.3372, -0.3375, 3.1016)
(0.6729, -0.6094, 3.2487)
(1.0194, -0.3343, 3.124)
(1.3483, -0.6116, 3.2678)
(1.7045, -0.3472, 3.0784)
(2.0442, -0.5998, 3.2194)
(2.3851, -0.3661, 2.9838)
(2.7164, -0.6114, 3.1065)
(3.0104, -0.4586, 2.7741)
(3.3035, -0.7121, 2.8292)
(3.5405, -0.6371, 2.4402)
(3.8523, -0.7992, 2.537)
(4.0743, -0.8322, 2.1295)
(4.4581, -0.8803, 2.2966)
(4.6857, -0.8526, 1.9181)
(5.1005, -0.8256, 2.1221)
(5.3335, -0.7431, 1.7673)
(5.7543, -0.7322, 1.9813)
(5.9773, -0.7833, 1.6498)
(-0.0069, -0.0634, 2.9659)
(0.3365, 0.2047, 2.8277)
(0.6808, -0.0608, 2.9791)
(1.0242, 0.1775, 2.7905)
(1.3662, -0.0874, 2.9346)
(1.7027, 0.1207, 2.6906)
(2.0447, -0.1259, 2.8375)
(2.3639, 0.0348, 2.5383)
(2.6916, -0.2133, 2.6717)
(2.9366, -0.1714, 2.2813)
(3.2413, -0.417, 2.3694)
(3.4265, -0.4387, 1.9225)
(3.7414, -0.6531, 2.0061)
(3.9232, -0.7151, 1.5789)
(4.2864, -0.8514, 1.7297)
(4.4966, -0.8067, 1.3645)
(4.9103, -0.7697, 1.5591)
(5.136, -0.807, 1.2723)
(5.5549, -0.7981, 1.455)
(5.7286, -1.0498, 1.3069)
(-0.0103, 0.4589, 2.6624)
(0.3348, 0.6845, 2.4588)
(0.6804, 0.4388, 2.6354)
(1.0209, 0.6364, 2.3938)
(1.361, 0.3761, 2.5448)
(1.6858, 0.5356, 2.2532)
(2.0244, 0.2797, 2.3934)
(2.3268, 0.3909, 2.0553)
(2.6439, 0.1173, 2.1791)
(2.8751, 0.1329, 1.7764)
(3.1328, -0.193, 1.8494)
(3.2743, -0.2548, 1.4108)
(3.5718, -0.5158, 1.4775)
(3.6856, -0.6225, 1.04)
(4.0941, -0.7861, 1.171)
(4.3172, -0.8193, 0.8732)
(4.7287, -0.8154, 1.1061)
(4.9462, -1.0023, 1.0173)
(5.334, -1.0368, 1.1676)
(5.4923, -1.377, 1.2197)
(-0.0123, 0.9064, 2.2551)
(0.3323, 1.0929, 2.0112)
(0.6786, 0.8792, 2.2186)
(1.0196, 1.0513, 1.9544)
(1.3547, 0.8057, 2.1194)
(1.6768, 0.9436, 1.8135)
(1.9958, 0.6585, 1.9266)
(2.2965, 0.7675, 1.5923)
(2.5989, 0.4607, 1.69)
(2.8135, 0.4857, 1.3013)
(3.0492, 0.1081, 1.3566)
(3.1514, 0.0574, 0.936)
(3.3633, -0.3274, 0.9835)
(3.392, -0.3521, 0.5983)
(3.7172, -0.6725, 0.6446)
(-0.0144, 1.2883, 1.7849)
(0.3291, 1.4749, 1.5482)
(0.6745, 1.2588, 1.7483)
(1.0167, 1.4381, 1.5019)
(1.3554, 1.2057, 1.6738)
(1.6901, 1.3747, 1.4082)
(1.9973, 1.0798, 1.5088)
(2.282, 1.2, 1.1884)
(2.5532, 0.8481, 1.2424)
(2.7175, 0.866, 0.8572)
(2.9453, 0.4668, 0.8974)
(3.0111, 0.426, 0.4936)
(3.1962, 0.0195, 0.5373)
(3.2069, 0.0223, 0.1714)
(3.3683, -0.3426, 0.2479)
(-0.0148, 1.7189, 1.3749)
(0.3326, 1.9727, 1.222)
(0.6749, 1.6943, 1.3507)
(1.0214, 1.9418, 1.1862)
(1.359, 1.6526, 1.292)
(1.675, 1.8459, 1.0464)
(1.9918, 1.532, 1.1233)
(2.2088, 1.6105, 0.763)
(2.4753, 1.2492, 0.8128)
(2.5832, 1.2395, 0.4138)
(2.8057, 0.8397, 0.4572)
(2.8582, 0.8004, 0.0561)
(3.0451, 0.4011, 0.1058)
(3.0691, 0.4157, -0.2604)
(3.211, 0.054, -0.1794)
(-0.0109, 2.2605, 1.1179)
(0.3373, 2.5345, 1.0013)
(0.6799, 2.236, 1.0887)
(1.0121, 2.4682, 0.8999)
(1.3461, 2.1583, 0.9734)
(1.6092, 2.2894, 0.6544)
(1.9176, 1.9538, 0.7075)
(2.0662, 1.9752, 0.3084)
(2.3362, 1.6163, 0.3622)
(2.4111, 1.5837, -0.0478)
(2.6459, 1.2012, 0.0087)
(2.7096, 1.1647, -0.3991)
(2.9041, 0.7819, -0.3355)
(2.973, 0.8154, -0.7054)
(3.1156, 0.4663, -0.6145)
(-0.0064, 2.8225, 0.894)
(0.3363, 3.0757, 0.7326)
(0.6747, 2.7755, 0.8248)
(0.9718, 2.9476, 0.5487)
(1.2936, 2.6216, 0.603)
(1.4888, 2.6759, 0.2135)
(1.7822, 2.3261, 0.257)
(1.8863, 2.303, -0.1688)
(2.1528, 1.9455, -0.1103)
(2.2455, 1.9162, -0.5284)
(2.4894, 1.5489, -0.4606)
(2.6154, 1.5418, -0.8666)
(2.8072, 1.1683, -0.7936)
(2.9508, 1.2381, -1.1532)
(3.0891, 0.8981, -1.0541)
(-0.0039, 3.3548, 0.6038)
(0.3265, 3.5803, 0.4009)
(0.6508, 3.2703, 0.4882)
(0.8944, 3.3722, 0.1386)
(1.1885, 3.0227, 0.1737)
(1.3378, 3.0278, -0.2536)
(1.6145, 2.6634, -0.2173)
(1.7452, 2.651, -0.6442)
(1.9941, 2.2788, -0.594)
(2.1676, 2.296, -0.9947)
(2.3953, 1.9194, -0.9344)
(2.6233, 1.97, -1.3041)
(2.8023, 1.593, -1.2381)
(3.0027, 1.6954, -1.5797)
(3.1208, 1.3487, -1.4915)
(-0.0025, 3.8544, 0.2611)
(0.309, 4.0507, 0.0221)
(0.609, 3.7215, 0.0957)
(0.8225, 3.7828, -0.2935)
(1.0693, 3.3997, -0.2797)
(1.2484, 3.4219, -0.6983)
(1.4946, 3.0324, -0.6784)
(1.718, 3.0796, -1.0635)
(1.9457, 2.684, -1.037)
(2.2253, 2.7648, -1.3762)
(2.4259, 2.3629, -1.3485)
(2.7191, 2.4528, -1.6829)
(2.8775, 2.0612, -1.6455)
(3.0708, 2.166, -1.9947)
(3.1702, 1.809, -1.9265)
(-0.0019, 4.3297, -0.1173)
(0.3009, 4.5142, -0.3697)
(0.5791, 4.1646, -0.3121)
(0.8124, 4.234, -0.6926)
(1.0217, 3.8235, -0.7014)
(1.2708, 3.8905, -1.0739)
(1.4902, 3.4818, -1.0743)
(1.7945, 3.5779, -1.3963)
(2.0126, 3.1694, -1.3924)
(2.335, 3.2751, -1.6962)
(2.5352, 2.8623, -1.6947)
(2.801, 2.9435, -2.0493)
(2.9548, 2.5406, -2.0397)
(3.098, 2.6311, -2.4101)
(3.1995, 2.2693, -2.3584)
(-0.0037, 4.7954, -0.5098)
(0.3062, 4.9783, -0.7612)
(0.5829, 4.6287, -0.6996)
(0.8532, 4.7178, -1.05)
(1.061, 4.3042, -1.0637)
(1.361, 4.4, -1.3879)
(1.5762, 3.988, -1.3949)
(1.908, 4.1003, -1.6866)
(2.1233, 3.6879, -1.6922)
(2.4237, 3.7852, -2.015)
(2.6206, 3.3644, -2.0334)
(2.8254, 3.4247, -2.4239)
(2.976, 3.0126, -2.4356)
(3.0629, 3.0889, -2.8174)
(3.173, 2.7226, -2.7794)
(-0.005, 5.2507, -0.9131)
(0.3226, 5.4356, -1.1581)
(0.6143, 5.1063, -1.0671)
(0.9215, 5.2168, -1.3804)
(1.1481, 4.8131, -1.3771)
(1.4716, 4.9231, -1.6747)
(1.691, 4.5122, -1.6804)
(2.0064, 4.6186, -1.9871)
(2.2183, 4.2033, -1.999)
(2.4667, 4.2783, -2.3649)
(2.6534, 3.8522, -2.3935)
(2.8031, 3.892, -2.814)
(2.9441, 3.4757, -2.8327)
(2.997, 3.5411, -3.2229)
(3.0981, 3.1704, -3.1889)
(-0.0036, 5.6839, -1.3334)
(0.3368, 5.8518, -1.553)
(0.6513, 5.5758, -1.437)
(0.9785, 5.6822, -1.7029)
(1.2385, 5.3229, -1.6811)
(1.5568, 5.4116, -1.9616)
(1.7877, 5.028, -1.9768)
(2.0608, 5.0922, -2.3032)
(2.2684, 4.6969, -2.3394)
(2.4657, 4.7264, -2.7231)
(2.6422, 4.3198, -2.7755)
(2.7609, 4.3242, -3.1923)
(2.8891, 3.9278, -3.233)
(2.9343, 3.9684, -3.6104)
(3.0202, 3.618, -3.5998)
(-0.0022, 6.0373, -1.7075)
(0.3495, 6.1689, -1.8668)
(0.6807, 5.9649, -1.7555)
(1.0275, 6.0443, -1.9369)
(1.307, 5.7509, -1.937)
(1.6153, 5.7855, -2.1794)
(1.8437, 5.451, -2.2464)
(2.0789, 5.4436, -2.5629)
(2.2763, 5.0959, -2.6497)
(2.4471, 5.0602, -3.0085)
(2.6134, 4.703, -3.1073)
(2.7248, 4.6511, -3.4854)
(2.8409, 4.304, -3.571)
(2.8901, 4.2895, -3.8844)
(2.9641, 3.9904, -3.9227)
(1.7189, -2.7583, 3.4993)
(2.1388, -2.7731, 3.3755)
(1.9386, -2.9281, 3.3363)
(2.7782, -2.7107, 3.3075)
(2.4391, -2.9341, 3.2394)
(3.4665, -2.6353, 3.2786)
(3.132, -2.8596, 3.2098)
(4.1526, -2.5528, 3.2389)
(3.8253, -2.7867, 3.1913)
(4.8324, -2.4469, 3.1766)
(4.5152, -2.7018, 3.1645)
(5.51, -2.3184, 3.1484)
(5.1987, -2.5841, 3.1225)
(6.1876, -2.1857, 3.1225)
(5.8756, -2.4394, 3.0656)
(6.5521, -2.2995, 2.9994)
(-3.1431, 0.2491, -0.4002)
(-3.0569, 3.3869, -3.3999)
(-2.0886, -2.9803, 3.2538)
(-3.1418, 1.5703, -1.7132)
(-2.7797, -2.9039, 3.2124)
(-3.4711, -2.8296, 3.193)
(-3.2713, -0.1555, 0.0275)
(-4.1625, -2.7542, 3.1723)
(-4.8502, -2.6544, 3.1379)
(-5.5298, -2.5174, 3.0885)
(-6.2055, -2.3678, 3.0247)
(-3.1409, 2.9403, -2.9921)
(-6.8875, -2.2418, 2.9587)
(-3.0896, 1.1123, -1.2767)
(-3.0778, 0.6687, -0.8379)
(-4.6647, -0.8352, 0.9018)
(-3.4615, -0.5451, 0.4482)
(-3.9718, -0.8147, 0.8138)
(-5.2342, -1.1757, 1.102)
(-5.761, -1.5774, 1.3082)
(-2.9862, 3.8347, -3.8155)
(-3.203, 2.4902, -2.5786)
(-3.1903, 2.033, -2.1478)
(-7.0955, -2.4842, 2.5613)
(-6.8445, -2.4016, 2.7861)
(-7.0483, -2.2988, 2.8939)
(-7.2743, -2.4265, 2.7062)
(-5.9356, -1.6003, 1.3358)
(-5.8447, -1.3813, 1.2417)
(-6.1753, -1.3536, 1.2684)
(-6.2282, -1.5203, 1.3923)
(-6.1185, -1.3007, 1.0398)
(-6.4924, -1.3438, 1.0221)
(-6.5204, -1.2943, 1.2258)
(-6.3958, -1.608, 0.9988)
(-6.7429, -1.7473, 1.151)
(-6.8291, -1.4216, 1.0924)
(-6.5922, -2.0584, 1.3239)
(-6.9257, -2.181, 1.5229)
(-7.0624, -1.904, 1.3139)
(-6.744, -2.4181, 1.7819)
(-7.0535, -2.4705, 2.0242)
(-7.2253, -2.3005, 1.7339)
(-6.8296, -2.546, 2.3322)
(-7.3162, -2.4833, 2.2801)
(-1.8008, -3.3784, 2.312)
(-1.6074, -3.3558, 2.5952)
(-1.8809, -3.2466, 2.8433)
(-2.1173, -3.2823, 2.5922)
(-2.4212, -3.3242, 2.2976)
(-2.4421, -3.1601, 2.8408)
(-2.7777, -3.2179, 2.5747)
(-3.1201, -3.2759, 2.2809)
(-3.1271, -3.081, 2.8161)
(-3.4707, -3.1489, 2.554)
(-3.8114, -3.2022, 2.2617)
(-3.8169, -2.9982, 2.791)
(-4.1602, -3.0628, 2.5279)
(-4.494, -3.0844, 2.2273)
(-4.5048, -2.9026, 2.76)
(-4.8428, -2.9438, 2.4872)
(-5.1654, -2.9249, 2.1778)
(-5.1862, -2.7794, 2.7161)
(-5.5174, -2.7965, 2.4345)
(-5.8313, -2.75, 2.122)
(-5.8628, -2.6417, 2.6633)
(-6.1904, -2.652, 2.3797)
(-6.4947, -2.5893, 2.0721)
(-6.5373, -2.5316, 2.6137)
(-1.6735, -3.4598, 1.7292)
(-1.4064, -3.4737, 2.0377)
(-2.0617, -3.3996, 2.0131)
(-2.4008, -3.4026, 1.7045)
(-2.7637, -3.3622, 1.9939)
(-3.1063, -3.3481, 1.6934)
(-3.4596, -3.3006, 1.9797)
(-3.7808, -3.2153, 1.6894)
(-4.1397, -3.1778, 1.9558)
(-4.4369, -3.0164, 1.6798)
(-4.806, -3.0022, 1.9164)
(-5.0825, -2.791, 1.6406)
(-5.4622, -2.7974, 1.8663)
(-5.7303, -2.567, 1.5848)
(-6.1201, -2.5968, 1.8185)
(-6.3785, -2.3493, 1.5521)
(-0.3396, -3.4877, 1.0001)
(-0.3367, -3.6697, 1.3858)
(-0.6689, -3.5748, 1.2505)
(-1.005, -3.4499, 1.0563)
(-0.9642, -3.6131, 1.5948)
(-1.312, -3.4867, 1.3978)
(-1.6909, -3.3738, 1.1035)
(-2.0392, -3.403, 1.4092)
(-2.4031, -3.3084, 1.1099)
(-2.7533, -3.3491, 1.4024)
(-3.0666, -3.1592, 1.1573)
(-3.4218, -3.1991, 1.4252)
(-3.6842, -2.8922, 1.2456)
(-4.0612, -2.9668, 1.4636)
(-4.2923, -2.5974, 1.3397)
(-4.6893, -2.7125, 1.4848)
(-4.9139, -2.3569, 1.305)
(-5.327, -2.4907, 1.4033)
(-5.5586, -2.157, 1.1906)
(-5.9767, -2.2697, 1.3467)
(-6.2074, -1.9412, 1.1437)
(-0.3447, -3.2346, 0.4742)
(-0.6829, -3.3623, 0.7563)
(-1.0324, -3.2115, 0.4872)
(-1.3602, -3.3079, 0.792)
(-1.7199, -3.1482, 0.5168)
(-2.0578, -3.2368, 0.8148)
(-2.3932, -3.0263, 0.5807)
(-2.7247, -3.1026, 0.8777)
(-2.9714, -2.7545, 0.7569)
(-3.3094, -2.8153, 1.0262)
(-3.5017, -2.3976, 0.9816)
(-3.8936, -2.4927, 1.1707)
(-4.0855, -2.0747, 1.1216)
(-4.4998, -2.2041, 1.2348)
(-4.7091, -1.8355, 1.0719)
(-5.1344, -2.0077, 1.1035)
(-5.3554, -1.6499, 0.9413)
(-5.7863, -1.8089, 1.0123)
(-5.9927, -1.4823, 0.9201)
(-0.3478, -2.9416, -0.0682)
(-0.6934, -3.0874, 0.2021)
(-1.0442, -2.9275, -0.0624)
(-1.384, -3.0446, 0.2228)
(-1.731, -2.851, -0.0207)
(-2.0616, -2.9405, 0.2804)
(-2.377, -2.6607, 0.1006)
(-2.6741, -2.7099, 0.4329)
(-2.8936, -2.3184, 0.3592)
(-3.1597, -2.3349, 0.7132)
(-3.3457, -1.913, 0.6817)
(-3.6839, -1.9722, 0.9517)
(-3.8813, -1.556, 0.8963)
(-4.2852, -1.6766, 1.0244)
(-4.4993, -1.3134, 0.9072)
(-4.9246, -1.478, 0.9147)
(-5.1437, -1.1822, 0.8711)
(-5.5645, -1.3245, 0.8907)
(-5.7248, -1.2145, 1.0362)
(-0.351, -2.6365, -0.5991)
(-0.6999, -2.7893, -0.3351)
(-1.0553, -2.6278, -0.597)
(-1.3972, -2.7536, -0.3175)
(-1.7474, -2.5414, -0.5474)
(-2.0687, -2.6095, -0.2296)
(-2.3801, -2.3063, -0.3908)
(-2.6535, -2.3199, -0.0246)
(-2.8747, -1.9302, -0.0956)
(-3.0964, -1.9102, 0.309)
(-3.2768, -1.4983, 0.2735)
(-3.5465, -1.4995, 0.6359)
(-3.7019, -1.0745, 0.6162)
(-4.0876, -1.1507, 0.8449)
(-4.3165, -0.8297, 0.8487)
(-4.7323, -1.0459, 0.8769)
(-4.9503, -1.0071, 0.992)
(-5.3376, -1.1375, 0.998)
(-5.5003, -1.3752, 1.195)
(-0.3517, -2.303, -1.109)
(-0.7052, -2.4734, -0.8583)
(-1.0583, -2.2896, -1.1052)
(-1.4094, -2.437, -0.8409)
(-1.7505, -2.1891, -1.0456)
(-2.0774, -2.2679, -0.7335)
(-2.3469, -1.9165, -0.8493)
(-2.6264, -1.9341, -0.485)
(-2.7734, -1.5118, -0.5049)
(-3.0217, -1.5075, -0.113)
(-3.1016, -1.0777, -0.0943)
(-3.3751, -1.0795, 0.2749)
(-3.383, -0.6995, 0.2728)
(-3.7145, -0.687, 0.6225)
(-0.3485, -1.936, -1.5957)
(-0.7021, -2.1148, -1.3509)
(-1.0465, -1.9023, -1.5772)
(-1.4014, -2.0608, -1.3213)
(-1.7204, -1.7745, -1.4927)
(-2.0449, -1.8676, -1.1869)
(-2.253, -1.4774, -1.2498)
(-2.5154, -1.5019, -0.8825)
(-2.6188, -1.0736, -0.8779)
(-2.8544, -1.079, -0.4864)
(-2.9296, -0.6622, -0.4772)
(-3.1486, -0.6743, -0.0885)
(-3.1807, -0.309, -0.1273)
(-3.3658, -0.3581, 0.2302)
(-0.3455, -1.5769, -2.0903)
(-0.6943, -1.7396, -1.8326)
(-1.034, -1.5185, -2.0527)
(-1.3781, -1.6529, -1.7765)
(-1.6819, -1.3501, -1.9296)
(-1.9847, -1.4292, -1.6044)
(-2.182, -1.0381, -1.6602)
(-2.399, -1.0605, -1.2702)
(-2.5276, -0.6499, -1.2893)
(-2.7191, -0.6585, -0.8818)
(-2.8257, -0.2527, -0.8971)
(-3.0042, -0.2705, -0.4988)
(-3.0625, 0.0952, -0.5531)
(-3.208, 0.0391, -0.1928)
(-0.3441, -1.2229, -2.5897)
(-0.6892, -1.3755, -2.3239)
(-1.0252, -1.1383, -2.5309)
(-1.3581, -1.2525, -2.237)
(-1.6516, -0.9318, -2.3725)
(-1.9365, -0.9951, -2.029)
(-2.1383, -0.6065, -2.0867)
(-2.3416, -0.6333, -1.6932)
(-2.4851, -0.2267, -1.7202)
(-2.6523, -0.2429, -1.3096)
(-2.7772, 0.1661, -1.3307)
(-2.9238, 0.1398, -0.93)
(-3.0045, 0.5142, -0.988)
(-3.1124, 0.4505, -0.6245)
(-0.3429, -0.8632, -3.0849)
(-0.6857, -1.009, -2.8135)
(-1.0162, -0.7524, -3.0043)
(-1.3413, -0.8515, -2.6969)
(-1.6242, -0.513, -2.8158)
(-1.8999, -0.5659, -2.4612)
(-2.103, -0.1709, -2.515)
(-2.3069, -0.2017, -2.1227)
(-2.4593, 0.2121, -2.1483)
(-2.6227, 0.1863, -1.7416)
(-2.7621, 0.6073, -1.7605)
(-2.8947, 0.5696, -1.3641)
(-3.0029, 0.9565, -1.4226)
(-3.0862, 0.8815, -1.062)
(-0.3415, -0.4956, -3.574)
(-0.6816, -0.6349, -3.297)
(-1.0056, -0.3605, -3.4725)
(-1.3232, -0.4461, -3.153)
(-1.5956, -0.0925, -3.2578)
(-1.8656, -0.1349, -2.8939)
(-2.068, 0.2693, -2.9417)
(-2.2771, 0.2415, -2.5482)
(-2.4365, 0.6656, -2.57)
(-2.6076, 0.6364, -2.1665)
(-2.7605, 1.0683, -2.1829)
(-2.8993, 1.0227, -1.7926)
(-3.0311, 1.4166, -1.8534)
(-3.1179, 1.3325, -1.5)
(-0.3397, -0.1215, -4.0578)
(-0.6767, -0.2541, -3.775)
(-0.9934, 0.0361, -3.9364)
(-1.3028, -0.0374, -3.6058)
(-1.5641, 0.3287, -3.6983)
(-1.8291, 0.2963, -3.3261)
(-2.0275, 0.7092, -3.3675)
(-2.2444, 0.6909, -2.9703)
(-2.4065, 1.1226, -2.9883)
(-2.5928, 1.0993, -2.5849)
(-2.7537, 1.5364, -2.6006)
(-2.9125, 1.4897, -2.2157)
(-3.0569, 1.8827, -2.2805)
(-3.1679, 1.793, -1.9359)
(-0.3375, 0.2578, -4.5372)
(-0.6709, 0.132, -4.2484)
(-0.9796, 0.4365, -4.3968)
(-1.2802, 0.3739, -4.0559)
(-1.5296, 0.7514, -4.1369)
(-1.7879, 0.7267, -3.7577)
(-1.9785, 1.1455, -3.7929)
(-2.2012, 1.1365, -3.3918)
(-2.3604, 1.5714, -3.4069)
(-2.5649, 1.5603, -3.0014)
(-2.7247, 1.9964, -3.0173)
(-2.9104, 1.9566, -2.6356)
(-3.0514, 2.3432, -2.704)
(-3.1984, 2.2532, -2.369)
(-0.3351, 0.6413, -5.0129)
(-0.6644, 0.5222, -4.7181)
(-0.9644, 0.84, -4.8542)
(-1.2552, 0.7878, -4.5033)
(-1.4916, 1.176, -4.5731)
(-1.7417, 1.1575, -4.1874)
(-1.9218, 1.5816, -4.2162)
(-2.1451, 1.5764, -3.8129)
(-2.2975, 2.0131, -3.8248)
(-2.5141, 2.0092, -3.4184)
(-2.6653, 2.443, -3.4331)
(-2.8728, 2.4115, -3.053)
(-2.9962, 2.7935, -3.1195)
(-3.174, 2.7076, -2.7917)
(-0.3324, 1.028, -5.4854)
(-0.657, 0.916, -5.1845)
(-0.9473, 1.2463, -5.3087)
(-1.2276, 1.2041, -4.9481)
(-1.4493, 1.6027, -5.0067)
(-1.6904, 1.59, -4.6146)
(-1.858, 2.0196, -4.6361)
(-2.079, 2.0161, -4.2311)
(-2.2229, 2.4554, -4.2385)
(-2.4437, 2.4519, -3.8332)
(-2.5876, 2.8873, -3.8446)
(-2.8028, 2.8575, -3.4661)
(-2.9175, 3.24, -3.53)
(-3.1013, 3.1566, -3.2029)
(-0.3294, 1.3969, -5.9314)
(-0.6487, 1.3099, -5.645)
(-0.9289, 1.6326, -5.7356)
(-1.1967, 1.62, -5.387)
(-1.4045, 2.008, -5.4134)
(-1.6334, 2.0216, -5.0357)
(-1.791, 2.4353, -5.0295)
(-2.0048, 2.4549, -4.6423)
(-2.1445, 2.8752, -4.6256)
(-2.3627, 2.8931, -4.2406)
(-2.5066, 3.3081, -4.2303)
(-2.7212, 3.2999, -3.8731)
(-2.841, 3.6623, -3.9203)
(-3.023, 3.6038, -3.6148)
(-0.3269, 1.6861, -6.2792)
(-0.6408, 1.6436, -6.0316)
(-0.9129, 1.9297, -6.0609)
(-1.1673, 1.9711, -5.7531)
(-1.3662, 2.3196, -5.7223)
(-1.5803, 2.3856, -5.3865)
(-1.7353, 2.7543, -5.3283)
(-1.9368, 2.8245, -4.9848)
(-2.0809, 3.197, -4.92)
(-2.2894, 3.2647, -4.5801)
(-2.4416, 3.6306, -4.5237)
(-2.6489, 3.6703, -4.2133)
(-2.7732, 3.9626, -4.2127)
(-2.9522, 3.9548, -3.9582)
(-1.7192, -3.2187, 3.0011)
(-1.935, -3.06, 3.1872)
(-2.139, -3.1034, 3.0518)
(-2.4328, -2.9498, 3.2263)
(-2.7815, -3.0178, 3.0334)
(-3.1224, -2.8737, 3.1953)
(-3.4702, -2.9354, 3.0075)
(-3.8119, -2.7969, 3.1739)
(-4.1598, -2.8506, 2.982)
(-4.5011, -2.707, 3.1455)
(-4.8461, -2.746, 2.9465)
(-5.1851, -2.5881, 3.1036)
(-5.5261, -2.6149, 2.8981)
(-5.8635, -2.4461, 3.0472)
(-6.2044, -2.483, 2.8424)
(-6.5447, -2.3105, 2.9834)
(-6.8205, -2.0689, 3.1015)
(-7.0476, -1.8233, 3.1747)
(-7.2466, -1.9624, 3.1345)
(-7.0449, -2.1686, 3.0137)
(-5.8511, -1.3812, 1.3168)
(-5.925, -1.6304, 1.3508)
(-6.2246, -1.5903, 1.4263)
(-6.1869, -1.3421, 1.4094)
(-6.1238, -1.0203, 1.4468)
(-6.5331, -1.2682, 1.4726)
(-6.4921, -0.9695, 1.5719)
(-6.3709, -0.8012, 1.84)
(-6.8235, -0.9568, 1.7373)
(-6.7093, -0.853, 2.0594)
(-6.5373, -0.8582, 2.4079)
(-7.0158, -0.9173, 2.2897)
(-6.8613, -0.9711, 2.6243)
(-6.6639, -1.1262, 2.9174)
(-7.1518, -1.1049, 2.8388)
(-6.975, -1.317, 3.0672)
(-6.7603, -1.6117, 3.1775)
(-7.2501, -1.5374, 3.1521)
(-1.607, -2.3568, 3.6494)
(-1.7979, -2.0556, 3.6457)
(-2.1085, -2.3103, 3.5486)
(-1.8761, -2.5831, 3.5241)
(-2.4024, -1.9853, 3.5572)
(-2.7534, -2.2354, 3.4636)
(-2.4301, -2.5346, 3.4226)
(-3.082, -1.9111, 3.5136)
(-3.4346, -2.1637, 3.4447)
(-3.1074, -2.4594, 3.3731)
(-3.7519, -1.8407, 3.4523)
(-4.1082, -2.0721, 3.367)
(-3.7909, -2.3802, 3.3401)
(-4.4045, -1.7317, 3.3073)
(-4.7682, -1.9535, 3.2415)
(-4.4655, -2.2794, 3.2523)
(-5.0621, -1.601, 3.2067)
(-5.4391, -1.828, 3.2109)
(-5.1371, -2.1587, 3.1922)
(-5.7349, -1.4818, 3.1668)
(-6.1165, -1.7087, 3.1992)
(-5.814, -2.0324, 3.1897)
(-6.4082, -1.3842, 3.1185)
(-6.4895, -1.917, 3.1809)
(-1.4058, -1.8071, 3.6864)
(-1.6655, -1.479, 3.612)
(-2.051, -1.7322, 3.6168)
(-2.3799, -1.3985, 3.5754)
(-2.7328, -1.6509, 3.5638)
(-3.0585, -1.3444, 3.4893)
(-3.4028, -1.5916, 3.4864)
(-3.6888, -1.3092, 3.2822)
(-4.0421, -1.523, 3.313)
(-4.3149, -1.2137, 3.0999)
(-4.6865, -1.3861, 3.1822)
(-4.9692, -1.0992, 2.9896)
(-5.3522, -1.2677, 3.0964)
(-5.6359, -1.0124, 2.8691)
(-6.0249, -1.1764, 3.0098)
(-6.3015, -0.9627, 2.7414)
(-0.3337, -0.8787, 3.3067)
(-0.6529, -1.1103, 3.4411)
(-0.3215, -1.2709, 3.4648)
(-0.9944, -0.888, 3.387)
(-1.3015, -1.1873, 3.5306)
(-0.9468, -1.4166, 3.5919)
(-1.68, -0.8771, 3.4223)
(-2.0246, -1.1415, 3.5215)
(-2.3809, -0.8495, 3.3659)
(-2.7186, -1.0987, 3.451)
(-3.016, -0.8903, 3.167)
(-3.342, -1.1086, 3.2328)
(-3.6039, -0.9048, 2.8989)
(-3.9529, -1.0519, 2.9949)
(-4.2126, -0.8906, 2.6709)
(-4.5893, -0.9856, 2.8322)
(-4.8537, -0.8981, 2.4825)
(-5.2469, -0.9349, 2.6877)
(-5.507, -0.8187, 2.3363)
(-5.9074, -0.8494, 2.5509)
(-6.1614, -0.7729, 2.1935)
(-0.3468, -0.3436, 3.0894)
(-0.6782, -0.6174, 3.2332)
(-1.0309, -0.3361, 3.121)
(-1.3541, -0.6082, 3.2784)
(-1.7164, -0.3382, 3.1081)
(-2.0449, -0.5993, 3.2475)
(-2.3758, -0.4058, 2.9744)
(-2.699, -0.6533, 3.0835)
(-2.9934, -0.5064, 2.7411)
(-3.2955, -0.7245, 2.8201)
(-3.5385, -0.6403, 2.4344)
(-3.849, -0.8012, 2.5329)
(-4.0731, -0.8334, 2.1245)
(-4.4551, -0.882, 2.2923)
(-4.6839, -0.8556, 1.9142)
(-5.0982, -0.8272, 2.1194)
(-5.3322, -0.7456, 1.7648)
(-5.7524, -0.7338, 1.9797)
(-5.9767, -0.7848, 1.6476)
(-0.3546, 0.2054, 2.8284)
(-0.696, -0.0636, 2.9729)
(-1.0445, 0.188, 2.8082)
(-1.3836, -0.0764, 2.9579)
(-1.7248, 0.1366, 2.7277)
(-2.0568, -0.1278, 2.8633)
(-2.3727, 0.0205, 2.5526)
(-2.68, -0.266, 2.6459)
(-2.9377, -0.1957, 2.2717)
(-3.2402, -0.4336, 2.3562)
(-3.4337, -0.4417, 1.9158)
(-3.7448, -0.6533, 2.0003)
(-3.9277, -0.717, 1.573)
(-4.2866, -0.8549, 1.7245)
(-4.4973, -0.811, 1.3594)
(-4.9098, -0.7732, 1.5554)
(-5.1368, -0.8095, 1.2685)
(-5.5551, -0.8001, 1.4517)
(-5.7307, -1.051, 1.3012)
(-0.358, 0.6913, 2.4685)
(-0.7023, 0.4484, 2.65)
(-1.0473, 0.6573, 2.4252)
(-1.3864, 0.3972, 2.5812)
(-1.714, 0.5588, 2.2964)
(-2.0464, 0.2907, 2.4293)
(-2.3451, 0.3954, 2.0836)
(-2.6518, 0.1043, 2.1887)
(-2.8803, 0.1259, 1.7818)
(-3.1387, -0.2001, 1.8456)
(-3.2778, -0.2569, 1.4074)
(-3.5788, -0.5163, 1.472)
(-3.6897, -0.6229, 1.0348)
(-4.0971, -0.7887, 1.1649)
(-4.32, -0.8202, 0.867)
(-4.7304, -0.818, 1.1011)
(-4.9487, -1.0038, 1.0118)
(-5.336, -1.0382, 1.1628)
(-5.4949, -1.3779, 1.2151)
(-0.3594, 1.1031, 2.0245)
(-0.7048, 0.8962, 2.242)
(-1.0492, 1.0772, 1.99)
(-1.3847, 0.833, 2.1613)
(-1.7095, 0.9743, 1.8605)
(-2.0246, 0.6805, 1.9699)
(-2.3194, 0.7825, 1.6263)
(-2.6112, 0.4617, 1.7094)
(-2.8164, 0.4834, 1.3109)
(-3.0486, 0.1042, 1.3579)
(-3.1483, 0.0547, 0.935)
(-3.3644, -0.3284, 0.9802)
(-3.3917, -0.3526, 0.5953)
(-3.7189, -0.6728, 0.6396)
(-0.3598, 1.4861, 1.5623)
(-0.7049, 1.2799, 1.7752)
(-1.049, 1.4704, 1.5417)
(-1.3878, 1.2395, 1.7186)
(-1.7194, 1.406, 1.4498)
(-2.0261, 1.1044, 1.5484)
(-2.2953, 1.207, 1.2103)
(-2.5624, 0.8498, 1.26)
(-2.7172, 0.8619, 0.8642)
(-2.9432, 0.4638, 0.9001)
(-3.0102, 0.4253, 0.4941)
(-3.1948, 0.0188, 0.5358)
(-3.2054, 0.0227, 0.1703)
(-3.367, -0.3425, 0.2454)
(-0.3592, 1.9837, 1.2358)
(-0.7052, 1.7168, 1.3785)
(-1.0481, 1.9718, 1.2217)
(-1.3878, 1.6886, 1.3355)
(-1.6927, 1.8692, 1.0776)
(-2.0073, 1.5467, 1.1492)
(-2.2087, 1.6106, 0.7774)
(-2.4735, 1.2447, 0.8236)
(-2.578, 1.2354, 0.4208)
(-2.804, 0.838, 0.4607)
(-2.8565, 0.8014, 0.0589)
(-3.0439, 0.4021, 0.1064)
(-3.0651, 0.417, -0.2595)
(-3.2064, 0.0545, -0.18)
(-0.3543, 2.5432, 1.0108)
(-0.702, 2.2549, 1.1108)
(-1.0296, 2.4879, 0.9208)
(-1.3656, 2.1835, 1.0027)
(-1.6205, 2.3026, 0.6728)
(-1.9233, 1.9613, 0.7249)
(-2.0672, 1.977, 0.3207)
(-2.3314, 1.6132, 0.3723)
(-2.4087, 1.5841, -0.0396)
(-2.6432, 1.2016, 0.0142)
(-2.7065, 1.1671, -0.3946)
(-2.9006, 0.7839, -0.3329)
(-2.9671, 0.8174, -0.7032)
(-3.1085, 0.4673, -0.6136)
(-0.3467, 3.0818, 0.7379)
(-0.6886, 2.7883, 0.8373)
(-0.9845, 2.9609, 0.5616)
(-1.3075, 2.6367, 0.6193)
(-1.4999, 2.6872, 0.2282)
(-1.7893, 2.3332, 0.271)
(-1.8931, 2.3107, -0.1557)
(-2.1546, 1.949, -0.0994)
(-2.2464, 1.9211, -0.519)
(-2.4868, 1.5514, -0.454)
(-2.6117, 1.5451, -0.8611)
(-2.8027, 1.1712, -0.7897)
(-2.945, 1.2407, -1.1503)
(-3.0812, 0.8995, -1.0526)
(-0.3337, 3.5866, 0.4068)
(-0.6607, 3.2808, 0.4979)
(-0.9043, 3.3844, 0.1518)
(-1.1998, 3.035, 0.1878)
(-1.3484, 3.0394, -0.2387)
(-1.6242, 2.6738, -0.2028)
(-1.7539, 2.6616, -0.6302)
(-2.0, 2.2874, -0.5818)
(-2.1716, 2.304, -0.9839)
(-2.3948, 1.9246, -0.9263)
(-2.6221, 1.9748, -1.298)
(-2.7983, 1.5965, -1.2339)
(-2.9975, 1.6977, -1.5773)
(-3.1134, 1.3502, -1.49)
(-0.3146, 4.057, 0.0284)
(-0.6175, 3.7324, 0.1068)
(-0.833, 3.7954, -0.2795)
(-1.0797, 3.4119, -0.265)
(-1.2599, 3.4344, -0.6828)
(-1.5051, 3.0443, -0.6634)
(-1.7273, 3.0907, -1.0496)
(-1.9527, 2.6938, -1.0245)
(-2.2297, 2.7726, -1.367)
(-2.4278, 2.3694, -1.3405)
(-2.7179, 2.4567, -1.679)
(-2.8741, 2.0642, -1.6424)
(-3.0661, 2.1674, -1.9933)
(-3.1641, 1.8102, -1.9251)
(-0.3076, 4.5211, -0.3626)
(-0.5879, 4.1758, -0.3004)
(-0.8254, 4.2481, -0.6766)
(-1.0342, 3.8369, -0.6855)
(-1.284, 3.9039, -1.0575)
(-1.5014, 3.4939, -1.0593)
(-1.8033, 3.588, -1.3844)
(-2.0193, 3.1783, -1.3819)
(-2.3379, 3.281, -1.6908)
(-2.5361, 2.8671, -1.6902)
(-2.7988, 2.9458, -2.0481)
(-2.9513, 2.5424, -2.0385)
(-3.0941, 2.6318, -2.4097)
(-3.1949, 2.27, -2.3575)
(-0.318, 4.9861, -0.7526)
(-0.5962, 4.6418, -0.6851)
(-0.8703, 4.7333, -1.0318)
(-1.0766, 4.319, -1.0457)
(-1.3752, 4.4129, -1.3725)
(-1.5876, 3.9995, -1.3813)
(-1.9153, 4.1085, -1.679)
(-2.1284, 3.6949, -1.6857)
(-2.4248, 3.7891, -2.0134)
(-2.62, 3.3674, -2.0321)
(-2.8232, 3.426, -2.4243)
(-2.9727, 3.0136, -2.4356)
(-3.0602, 3.0893, -2.8176)
(-3.1699, 2.7229, -2.7791)
(-0.3325, 5.4413, -1.1526)
(-0.6289, 5.1187, -1.0538)
(-0.935, 5.2289, -1.3681)
(-1.1638, 4.827, -1.3611)
(-1.4826, 4.9333, -1.6654)
(-1.7004, 4.5216, -1.6716)
(-2.0106, 4.6242, -1.9851)
(-2.221, 4.208, -1.9972)
(-2.4668, 4.2806, -2.3662)
(-2.6524, 3.854, -2.3944)
(-2.802, 3.8927, -2.8153)
(-2.942, 3.4762, -2.8334)
(-2.996, 3.5411, -3.2237)
(-3.0965, 3.1705, -3.1891)
(-0.3428, 5.8548, -1.5513)
(-0.6605, 5.5834, -1.4308)
(-0.9856, 5.6888, -1.6997)
(-1.2484, 5.3323, -1.6738)
(-1.5624, 5.4176, -1.9607)
(-1.7931, 5.0341, -1.9749)
(-2.063, 5.0956, -2.3055)
(-2.2696, 4.6997, -2.3411)
(-2.4664, 4.7279, -2.7257)
(-2.642, 4.3209, -2.7775)
(-2.7617, 4.3247, -3.1942)
(-2.8889, 3.928, -3.2343)
(-2.9352, 3.9683, -3.6116)
(-3.0201, 3.6177, -3.6006)
(-0.3529, 6.1702, -1.8674)
(-0.6855, 5.9686, -1.7551)
(-1.0309, 6.0478, -1.9395)
(-1.3117, 5.7561, -1.9379)
(-1.6184, 5.7894, -2.1833)
(-1.8467, 5.4548, -2.2492)
(-2.081, 5.4461, -2.5666)
(-2.2777, 5.0978, -2.6529)
(-2.449, 5.0616, -3.0115)
(-2.6149, 4.704, -3.1097)
(-2.7276, 4.6518, -3.4874)
(-2.8429, 4.3043, -3.5725)
(-2.8937, 4.2897, -3.8856)
(-2.9664, 3.9902, -3.9238)
(-1.7158, -2.7578, 3.5005)
(-2.1354, -2.7731, 3.376)
(-1.9353, -2.928, 3.3372)
(-2.7746, -2.7107, 3.3074)
(-2.4356, -2.9344, 3.2399)
(-3.4629, -2.6357, 3.2794)
(-3.1285, -2.8598, 3.2102)
(-4.1489, -2.5529, 3.2389)
(-3.8217, -2.7869, 3.1915)
(-4.8284, -2.4466, 3.1759)
(-4.5116, -2.7017, 3.1647)
(-5.506, -2.3179, 3.1484)
(-5.1949, -2.5838, 3.1228)
(-6.1837, -2.1852, 3.1227)
(-5.8717, -2.439, 3.0659)
(-6.5482, -2.2991, 2.9999)
(7.0818, -2.4062, 2.7474)
(6.0431, -1.4632, 1.3341)
(6.3306, -1.2956, 1.1418)
(6.6293, -1.5077, 1.043)
(6.8428, -1.9719, 1.3194)
(7.0008, -2.352, 1.758)
(7.0908, -2.5109, 2.3047)
(1.8514, -3.3173, 2.595)
(2.4372, -3.2491, 2.5845)
(3.1282, -3.1843, 2.5643)
(3.8195, -3.1084, 2.542)
(4.5061, -3.007, 2.5089)
(5.1843, -2.8713, 2.461)
(5.857, -2.7205, 2.4054)
(6.5275, -2.5923, 2.3542)
(1.7355, -3.4305, 2.0235)
(2.4117, -3.3791, 2.0029)
(3.1177, -3.3371, 1.9865)
(3.8048, -3.2462, 1.9691)
(4.4781, -3.095, 1.9371)
(5.1378, -2.9001, 1.8911)
(5.7937, -2.6942, 1.84)
(6.4482, -2.4997, 1.7991)
(0.3405, -3.5844, 1.2067)
(0.9905, -3.5371, 1.3265)
(1.6755, -3.4373, 1.4145)
(2.4043, -3.3804, 1.4029)
(3.0974, -3.2888, 1.4089)
(3.7493, -3.0916, 1.44)
(4.3795, -2.8386, 1.4826)
(5.0095, -2.5979, 1.4496)
(5.6536, -2.379, 1.3682)
(6.3003, -2.1556, 1.3333)
(0.3447, -3.3693, 0.749)
(1.0227, -3.3394, 0.7737)
(1.7105, -3.2749, 0.8034)
(2.4037, -3.1872, 0.8345)
(3.0343, -2.9789, 0.9338)
(3.611, -2.6599, 1.0905)
(4.1979, -2.3399, 1.224)
(4.8163, -2.0983, 1.1815)
(5.461, -1.9075, 1.0485)
(6.1088, -1.7018, 0.9971)
(0.3487, -3.0904, 0.201)
(1.0416, -3.0723, 0.2093)
(1.7282, -3.0041, 0.2442)
(2.3858, -2.8477, 0.3378)
(2.9325, -2.5368, 0.555)
(3.4199, -2.1525, 0.8379)
(3.9797, -1.8142, 1.0165)
(4.6029, -1.5687, 0.9805)
(5.2488, -1.3861, 0.8844)
(5.8587, -1.297, 0.958)
(0.3517, -2.791, -0.3352)
(1.052, -2.7804, -0.3314)
(1.741, -2.6986, -0.2851)
(2.3805, -2.4839, -0.1446)
(2.8859, -2.1229, 0.134)
(3.3132, -1.7022, 0.4835)
(3.8014, -1.3085, 0.7657)
(4.4042, -1.0708, 0.8731)
(5.0425, -1.0662, 0.9228)
(5.6037, -1.2539, 1.1248)
(0.3542, -2.4746, -0.8575)
(1.061, -2.4654, -0.8557)
(1.7549, -2.373, -0.8019)
(2.3739, -2.118, -0.6264)
(2.838, -1.7255, -0.3062)
(3.2, -1.2889, 0.0884)
(3.545, -0.8807, 0.4557)
(0.3529, -2.1211, -1.3532)
(1.0561, -2.0988, -1.343)
(1.7411, -1.9863, -1.2726)
(2.3048, -1.6995, -1.0513)
(2.6962, -1.2917, -0.6885)
(3.0101, -0.8681, -0.2785)
(3.2677, -0.5071, 0.0805)
(0.3496, -1.7547, -1.8414)
(1.0425, -1.7088, -1.8133)
(1.7033, -1.5611, -1.7096)
(2.2154, -1.2558, -1.4507)
(2.5676, -0.86, -1.0776)
(2.8734, -0.4578, -0.683)
(3.1187, -0.1085, -0.3378)
(0.3477, -1.3999, -2.3398)
(1.0323, -1.3283, -2.2914)
(1.6689, -1.1402, -2.1496)
(2.1618, -0.8221, -1.8717)
(2.5078, -0.4401, -1.5042)
(2.8021, -0.0464, -1.1139)
(3.0332, 0.3012, -0.7707)
(0.3468, -1.0438, -2.8377)
(1.0242, -0.9457, -2.7675)
(1.6414, -0.7225, -2.5935)
(2.1248, -0.3899, -2.3008)
(2.4772, -0.0106, -1.9357)
(2.7739, 0.3824, -1.5475)
(3.006, 0.7312, -1.207)
(0.3459, -0.6801, -3.3299)
(1.0148, -0.5569, -3.2383)
(1.6143, -0.3031, -3.0365)
(2.0912, 0.0479, -2.7289)
(2.4549, 0.436, -2.361)
(2.7682, 0.8344, -1.9741)
(3.0229, 1.1835, -1.6401)
(0.3447, -0.3092, -3.8163)
(1.0038, -0.1629, -3.7045)
(1.5851, 0.1171, -3.4784)
(2.0549, 0.488, -3.1557)
(2.4304, 0.8925, -2.7811)
(2.7663, 1.3006, -2.394)
(3.0527, 1.6482, -2.069)
(0.3431, 0.0675, -4.2979)
(0.9914, 0.2352, -4.1671)
(1.5529, 0.5383, -3.9187)
(2.0111, 0.9254, -3.5821)
(2.3935, 1.3458, -3.1999)
(2.7501, 1.7661, -2.8112)
(3.065, 2.113, -2.4944)
(0.3411, 0.4487, -4.7756)
(0.9775, 0.6366, -4.6264)
(1.5175, 0.9612, -4.3569)
(1.9587, 1.3606, -4.0074)
(2.3389, 1.7898, -3.619)
(2.7052, 2.2186, -3.2279)
(3.033, 2.5684, -2.9138)
(0.3389, 0.8337, -5.2498)
(0.962, 1.041, -5.083)
(1.4783, 1.3862, -4.7926)
(1.8993, 1.797, -4.4298)
(2.2698, 2.2307, -4.0355)
(2.6344, 2.6627, -3.6419)
(2.9613, 3.016, -3.3257)
(0.3363, 1.219, -5.7182)
(0.9444, 1.4452, -5.5336)
(1.4346, 1.8106, -5.2223)
(1.8329, 2.2325, -4.8456)
(2.1914, 2.6708, -4.4447)
(2.5519, 3.1045, -4.0486)
(2.88, 3.4599, -3.7336)
(0.3338, 1.5479, -6.1152)
(0.9276, 1.7866, -5.9099)
(1.3933, 2.1687, -5.5805)
(1.7716, 2.5997, -5.192)
(2.1199, 3.0415, -4.7854)
(2.4777, 3.4762, -4.3878)
(2.8082, 3.8253, -4.0746)
(1.9129, -3.1577, 3.0327)
(2.4457, -3.0582, 3.0473)
(3.1294, -2.9766, 3.0197)
(3.8187, -2.894, 2.9952)
(4.5073, -2.8014, 2.9655)
(5.1904, -2.6827, 2.9231)
(5.8686, -2.5464, 2.8697)
(6.545, -2.4318, 2.8146)
(7.0561, -2.0162, 3.1137)
(6.0459, -1.4995, 1.3834)
(6.3404, -1.1451, 1.4639)
(6.6137, -0.8748, 1.7855)
(6.7934, -0.8857, 2.3461)
(6.9255, -1.1138, 2.8765)
(7.0235, -1.5731, 3.165)
(1.848, -2.3373, 3.6002)
(2.4212, -2.2749, 3.5001)
(3.0978, -2.1995, 3.4511)
(3.7767, -2.1209, 3.4155)
(4.442, -2.0148, 3.2987)
(5.1061, -1.8911, 3.2164)
(5.7811, -1.7671, 3.2064)
(6.4564, -1.6574, 3.1893)
(1.7322, -1.7702, 3.6493)
(2.3928, -1.6922, 3.5887)
(3.0761, -1.6179, 3.5337)
(3.7281, -1.563, 3.4019)
(4.3656, -1.4573, 3.2381)
(5.0214, -1.3223, 3.138)
(5.6918, -1.2182, 3.055)
(6.3619, -1.1466, 2.9631)
(0.3301, -1.086, 3.3945)
(0.9759, -1.1495, 3.4968)
(1.6649, -1.1781, 3.5191)
(2.3841, -1.1171, 3.4854)
(3.0418, -1.1035, 3.3542)
(3.6501, -1.0855, 3.1066)
(4.2717, -1.0129, 2.9094)
(4.9207, -0.9633, 2.7621)
(5.58, -0.8886, 2.621)
(6.2388, -0.8414, 2.4789)
(0.3362, -0.6179, 3.2157)
(1.0088, -0.6096, 3.2679)
(1.695, -0.6075, 3.2495)
(2.3882, -0.5958, 3.1794)
(3.0202, -0.6569, 2.9818)
(3.5755, -0.7565, 2.6782)
(4.1476, -0.8487, 2.4088)
(4.7769, -0.8698, 2.2022)
(5.4265, -0.768, 2.0509)
(6.0785, -0.7468, 1.9088)
(0.3372, -0.0603, 2.9744)
(1.024, -0.0712, 2.9652)
(1.7067, -0.1049, 2.8919)
(2.377, -0.157, 2.7685)
(2.978, -0.3053, 2.5362)
(3.4913, -0.5314, 2.1851)
(4.0042, -0.7788, 1.8529)
(4.5908, -0.8271, 1.6347)
(5.2353, -0.7548, 1.4961)
(5.8566, -0.8951, 1.4441)
(0.3357, 0.4534, 2.6551)
(1.0225, 0.4124, 2.5986)
(1.6949, 0.3319, 2.4755)
(2.3463, 0.2147, 2.2983)
(2.9029, -0.0266, 2.0261)
(3.3497, -0.3554, 1.6629)
(3.8164, -0.6742, 1.3047)
(4.4058, -0.8068, 1.1157)
(5.0393, -0.8967, 1.1232)
(5.6067, -1.212, 1.2422)
(0.3338, 0.8973, 2.243)
(1.0204, 0.851, 2.1801)
(1.6784, 0.7385, 2.031)
(2.3087, 0.5723, 1.8167)
(2.8471, 0.3044, 1.5344)
(3.2112, -0.1133, 1.1685)
(3.5337, -0.5088, 0.811)
(0.3302, 1.277, 1.7713)
(1.0176, 1.2376, 1.7186)
(1.6833, 1.1539, 1.6044)
(2.2916, 0.9809, 1.3874)
(2.7704, 0.6744, 1.077)
(3.0843, 0.2393, 0.7122)
(3.2893, -0.1703, 0.3852)
(0.3301, 1.7091, 1.3652)
(1.019, 1.6777, 1.3297)
(1.6883, 1.6088, 1.2261)
(2.2549, 1.4108, 0.9804)
(2.6555, 1.0556, 0.6371)
(2.9354, 0.6141, 0.276)
(3.1344, 0.2184, -0.0433)
(0.3353, 2.2521, 1.1089)
(1.0197, 2.2085, 1.0477)
(1.6489, 2.0742, 0.8568)
(2.1449, 1.7987, 0.5389)
(2.5002, 1.4151, 0.1857)
(2.7808, 0.9831, -0.1689)
(3.0143, 0.6142, -0.4814)
(0.3377, 2.8096, 0.8763)
(0.9968, 2.7153, 0.7333)
(1.5556, 2.4896, 0.4392)
(1.9769, 2.1411, 0.0718)
(2.3228, 1.7482, -0.2867)
(2.652, 1.3491, -0.6335)
(2.9519, 1.0228, -0.9308)
(0.3327, 3.3328, 0.5738)
(0.9361, 3.1651, 0.3492)
(1.4119, 2.8516, -0.0194)
(1.8051, 2.4698, -0.4099)
(2.1903, 2.096, -0.7685)
(2.6054, 1.7481, -1.0923)
(2.9705, 1.4634, -1.3691)
(0.3177, 3.8182, 0.2153)
(0.8534, 3.5751, -0.0785)
(1.2802, 3.2159, -0.4824)
(1.7161, 2.8545, -0.8641)
(2.1832, 2.5212, -1.1965)
(2.6662, 2.2073, -1.4985)
(3.0387, 1.9305, -1.7875)
(0.3032, 4.2823, -0.1736)
(0.8095, 4.0029, -0.4985)
(1.2473, 3.6484, -0.8952)
(1.7471, 3.3229, -1.239)
(2.2794, 3.0181, -1.54)
(2.7662, 2.699, -1.8657)
(3.0915, 2.3995, -2.2028)
(0.3018, 4.7464, -0.5655)
(0.8276, 4.4729, -0.8763)
(1.3105, 4.1421, -1.237)
(1.8504, 3.8383, -1.5431)
(2.3842, 3.5316, -1.8529)
(2.8204, 3.1857, -2.2349)
(3.0865, 2.8608, -2.6145)
(0.3139, 5.2088, -0.9578)
(0.8867, 4.9672, -1.2156)
(1.4171, 4.6615, -1.5312)
(1.9615, 4.3611, -1.8332)
(2.4514, 4.0343, -2.1856)
(2.8186, 3.6599, -2.6171)
(3.0315, 3.3155, -3.0198)
(0.3302, 5.6542, -1.3618)
(0.9519, 5.46, -1.5484)
(1.5184, 5.1788, -1.8229)
(2.0394, 4.8679, -2.1484)
(2.4702, 4.514, -2.5493)
(2.7824, 4.1184, -3.0107)
(2.9638, 3.7638, -3.425)
(0.3432, 6.0193, -1.7179)
(1.0034, 5.8727, -1.8287)
(1.588, 5.6091, -2.0775)
(2.0725, 5.279, -2.4391)
(2.4573, 4.9037, -2.8731)
(2.7419, 4.4973, -3.347)
(2.911, 4.1379, -3.76)
(1.9096, -2.7729, 3.4334)
(2.4403, -2.7476, 3.3349)
(3.1221, -2.6731, 3.2912)
(3.8102, -2.596, 3.2626)
(4.493, -2.5029, 3.2064)
(5.1712, -2.3844, 3.159)
(5.8486, -2.2511, 3.1364)
(6.5229, -2.1254, 3.1081)
(-7.0781, -2.4057, 2.7489)
(-6.046, -1.4636, 1.3281)
(-6.3324, -1.2991, 1.1329)
(-6.6289, -1.5134, 1.0363)
(-6.8409, -1.9758, 1.3181)
(-6.998, -2.3537, 1.7593)
(-7.0873, -2.5113, 2.3068)
(-1.8481, -3.3181, 2.5951)
(-2.4338, -3.2496, 2.5847)
(-3.1248, -3.1848, 2.5645)
(-3.816, -3.1091, 2.5423)
(-4.5026, -3.0078, 2.5095)
(-5.1808, -2.8721, 2.4619)
(-5.8535, -2.7214, 2.4064)
(-6.524, -2.5929, 2.3557)
(-1.7324, -3.4314, 2.0235)
(-2.4085, -3.3795, 2.0031)
(-3.1144, -3.3378, 1.9869)
(-3.8013, -3.247, 1.9697)
(-4.4745, -3.0955, 1.9379)
(-5.1345, -2.9011, 1.8921)
(-5.7907, -2.6959, 1.841)
(-6.4453, -2.5014, 1.8002)
(-0.3378, -3.5848, 1.2065)
(-0.9878, -3.538, 1.3262)
(-1.6725, -3.4378, 1.4145)
(-2.401, -3.3806, 1.4031)
(-3.0927, -3.2879, 1.4107)
(-3.7439, -3.0897, 1.4429)
(-4.3753, -2.8377, 1.4843)
(-5.0064, -2.5987, 1.4504)
(-5.651, -2.3812, 1.3685)
(-6.2981, -2.1589, 1.3328)
(-0.3422, -3.3694, 0.7489)
(-1.0202, -3.3396, 0.7735)
(-1.708, -3.2746, 0.8035)
(-2.4006, -3.186, 0.8359)
(-3.0231, -2.9727, 0.9459)
(-3.5988, -2.6532, 1.1024)
(-4.1934, -2.3384, 1.2247)
(-4.8138, -2.0993, 1.181)
(-5.4593, -1.9107, 1.0469)
(-6.1077, -1.707, 0.9933)
(-0.3464, -3.0904, 0.2009)
(-1.0394, -3.0723, 0.2092)
(-1.7261, -3.0035, 0.2444)
(-2.3833, -2.8456, 0.3394)
(-2.924, -2.5313, 0.5657)
(-3.411, -2.1468, 0.847)
(-3.9772, -1.8125, 1.0151)
(-4.6021, -1.5699, 0.9776)
(-5.2488, -1.3895, 0.8799)
(-5.8595, -1.3014, 0.9512)
(-0.3494, -2.791, -0.3353)
(-1.0498, -2.7803, -0.3315)
(-1.7388, -2.6984, -0.2853)
(-2.3785, -2.4835, -0.1449)
(-2.8852, -2.1226, 0.1331)
(-3.3135, -1.7014, 0.4813)
(-3.802, -1.3076, 0.7618)
(-4.4057, -1.0718, 0.868)
(-5.0442, -1.0686, 0.917)
(-5.6059, -1.2558, 1.1187)
(-0.3518, -2.4746, -0.8575)
(-1.0587, -2.4655, -0.8559)
(-1.7526, -2.3733, -0.8026)
(-2.3719, -2.1186, -0.6278)
(-2.837, -1.7263, -0.3084)
(-3.2002, -1.2895, 0.085)
(-3.546, -0.881, 0.4513)
(-0.3503, -2.1211, -1.3533)
(-1.0535, -2.0989, -1.3433)
(-1.7386, -1.9867, -1.2736)
(-2.3026, -1.7002, -1.0529)
(-2.6942, -1.2923, -0.6904)
(-3.0083, -0.8685, -0.2806)
(-3.2662, -0.5073, 0.0782)
(-0.3468, -1.7548, -1.8416)
(-1.0397, -1.7089, -1.8138)
(-1.7006, -1.5615, -1.7106)
(-2.2126, -1.2563, -1.4519)
(-2.5641, -0.8602, -1.0785)
(-2.8693, -0.4576, -0.6838)
(-3.1143, -0.1081, -0.3384)
(-0.3447, -1.4001, -2.3401)
(-1.0293, -1.3288, -2.2921)
(-1.6659, -1.1406, -2.1506)
(-2.1581, -0.8221, -1.8725)
(-2.5028, -0.4396, -1.5042)
(-2.7959, -0.0455, -1.1136)
(-3.0264, 0.3023, -0.7701)
(-0.3435, -1.044, -2.8381)
(-1.0209, -0.9462, -2.7683)
(-1.6379, -0.7227, -2.5943)
(-2.1203, -0.3895, -2.301)
(-2.4712, -0.0095, -1.9351)
(-2.7668, 0.3837, -1.5465)
(-2.9984, 0.7327, -1.2057)
(-0.3422, -0.6803, -3.3302)
(-1.0111, -0.5572, -3.239)
(-1.6102, -0.3028, -3.0369)
(-2.0858, 0.0489, -2.7285)
(-2.4481, 0.4375, -2.3599)
(-2.7608, 0.836, -1.9725)
(-3.0155, 1.1851, -1.6385)
(-0.3406, -0.3093, -3.8165)
(-0.9997, -0.1627, -3.7049)
(-1.5802, 0.118, -3.4783)
(-2.0487, 0.4896, -3.1546)
(-2.423, 0.8945, -2.7793)
(-2.7588, 1.3025, -2.3921)
(-3.046, 1.6496, -2.0673)
(-0.3386, 0.0676, -4.298)
(-0.9867, 0.2358, -4.167)
(-1.5473, 0.5398, -3.9179)
(-2.0041, 0.9276, -3.5804)
(-2.3857, 1.3482, -3.1976)
(-2.7429, 1.7681, -2.8089)
(-3.0594, 2.1141, -2.4929)
(-0.3363, 0.4491, -4.7755)
(-0.9722, 0.6379, -4.6259)
(-1.511, 0.9634, -4.3553)
(-1.951, 1.3634, -4.0049)
(-2.3307, 1.7927, -3.6162)
(-2.6983, 2.2208, -3.2255)
(-3.0286, 2.5693, -2.9126)
(-0.3338, 0.8343, -5.2495)
(-0.9561, 1.0428, -5.0818)
(-1.4711, 1.3891, -4.7903)
(-1.8908, 1.8003, -4.4266)
(-2.2614, 2.234, -4.0322)
(-2.628, 2.665, -3.6394)
(-2.958, 3.0169, -3.325)
(-0.3309, 1.2199, -5.7177)
(-0.938, 1.4477, -5.5318)
(-1.4266, 1.814, -5.2194)
(-1.8238, 2.2364, -4.8419)
(-2.1828, 2.6744, -4.441)
(-2.5459, 3.1069, -4.0462)
(-2.8779, 3.4605, -3.7332)
(-0.3281, 1.549, -6.1145)
(-0.9206, 1.7896, -5.9077)
(-1.3847, 2.1726, -5.577)
(-1.762, 2.6039, -5.1877)
(-2.1112, 3.0453, -4.7814)
(-2.4725, 3.4786, -4.3856)
(-2.8076, 3.8255, -4.075)
(-1.9096, -3.1584, 3.0328)
(-2.4421, -3.0586, 3.0475)
(-3.1258, -2.9768, 3.0199)
(-3.8151, -2.8941, 2.9953)
(-4.5036, -2.8015, 2.9657)
(-5.1867, -2.6826, 2.9236)
(-5.8649, -2.5464, 2.8703)
(-6.5412, -2.4317, 2.8156)
(-7.0524, -2.0158, 3.1135)
(-6.0491, -1.5003, 1.3769)
(-6.3423, -1.1453, 1.459)
(-6.6129, -0.8745, 1.7848)
(-6.791, -0.8855, 2.3461)
(-6.9221, -1.1136, 2.8766)
(-7.0198, -1.5728, 3.165)
(-1.8443, -2.3366, 3.5995)
(-2.4174, -2.2744, 3.4987)
(-3.0943, -2.1998, 3.4524)
(-3.7733, -2.1217, 3.4175)
(-4.4384, -2.015, 3.2993)
(-5.1021, -1.8907, 3.2164)
(-5.7772, -1.7665, 3.2064)
(-6.4525, -1.6569, 3.1893)
(-1.7279, -1.7689, 3.6496)
(-2.3884, -1.691, 3.5889)
(-3.0722, -1.6184, 3.5356)
(-3.7244, -1.5643, 3.4043)
(-4.3618, -1.4585, 3.2388)
(-5.0175, -1.3226, 3.137)
(-5.6881, -1.2179, 3.0545)
(-6.3583, -1.1462, 2.9628)
(-0.3274, -1.0884, 3.3911)
(-0.9734, -1.152, 3.4942)
(-1.6617, -1.1729, 3.534)
(-2.3794, -1.1127, 3.5005)
(-3.0366, -1.1048, 3.3558)
(-3.6456, -1.0879, 3.1069)
(-4.2675, -1.0154, 2.9068)
(-4.9169, -0.9638, 2.7591)
(-5.5767, -0.8888, 2.6196)
(-6.2359, -0.8417, 2.4783)
(-0.3405, -0.6238, 3.2042)
(-1.0144, -0.6134, 3.2612)
(-1.7003, -0.5993, 3.2772)
(-2.3786, -0.6198, 3.1817)
(-3.0053, -0.6892, 2.9598)
(-3.5712, -0.7596, 2.6744)
(-4.1445, -0.8505, 2.4042)
(-4.7742, -0.8714, 2.1987)
(-5.4244, -0.7697, 2.0488)
(-6.0769, -0.748, 1.9075)
(-0.3514, -0.0636, 2.9675)
(-1.0403, -0.0675, 2.9718)
(-1.7243, -0.0929, 2.9249)
(-2.3758, -0.1892, 2.7669)
(-2.9689, -0.3463, 2.511)
(-3.4944, -0.5346, 2.1782)
(-4.006, -0.7803, 1.8473)
(-4.5902, -0.8312, 1.6303)
(-5.235, -0.7575, 1.4929)
(-5.8574, -0.8965, 1.44)
(-0.3566, 0.4576, 2.6613)
(-1.0463, 0.4289, 2.6248)
(-1.7203, 0.3514, 2.5159)
(-2.3611, 0.2121, 2.3219)
(-2.9083, -0.0395, 2.0267)
(-3.3567, -0.3578, 1.6576)
(-3.8216, -0.6754, 1.2989)
(-4.4077, -0.8098, 1.1101)
(-5.041, -0.8986, 1.1186)
(-5.6093, -1.213, 1.2365)
(-0.3589, 0.9062, 2.2549)
(-1.0484, 0.8745, 2.214)
(-1.7093, 0.7657, 2.0769)
(-2.3303, 0.5836, 1.8495)
(-2.8512, 0.3008, 1.5428)
(-3.2105, -0.1157, 1.1665)
(-3.5355, -0.5092, 0.8069)
(-0.3596, 1.2879, 1.7851)
(-1.0491, 1.2671, 1.7566)
(-1.7157, 1.1861, 1.6497)
(-2.3114, 0.9934, 1.4165)
(-2.772, 0.6716, 1.0856)
(-3.0818, 0.2374, 0.7119)
(-3.2882, -0.1705, 0.3831)
(-0.3599, 1.7203, 1.3794)
(-1.0496, 1.7103, 1.3689)
(-1.712, 1.637, 1.2631)
(-2.2605, 1.4133, 0.9974)
(-2.6523, 1.0509, 0.6436)
(-2.9346, 0.6143, 0.2777)
(-3.1318, 0.2193, -0.0434)
(-0.3573, 2.2622, 1.121)
(-1.0416, 2.2336, 1.0762)
(-1.6623, 2.0919, 0.8811)
(-2.1438, 1.7987, 0.5518)
(-2.4957, 1.413, 0.1933)
(-2.7784, 0.9849, -0.165)
(-3.0092, 0.6158, -0.4797)
(-0.3509, 2.8168, 0.8832)
(-1.0115, 2.7309, 0.7489)
(-1.5665, 2.5011, 0.4547)
(-1.981, 2.1457, 0.0843)
(-2.3221, 1.751, -0.2779)
(-2.6484, 1.3518, -0.6284)
(-2.9459, 1.0251, -0.9281)
(-0.3413, 3.3388, 0.5791)
(-0.9471, 3.1774, 0.3618)
(-1.4228, 2.863, -0.0048)
(-1.8133, 2.4794, -0.3963)
(-2.1929, 2.1029, -0.7582)
(-2.6029, 1.7522, -1.0862)
(-2.965, 1.466, -1.3663)
(-0.3239, 3.8245, 0.2215)
(-0.8632, 3.5874, -0.0649)
(-1.2911, 3.2279, -0.4673)
(-1.7252, 2.8655, -0.85)
(-2.1877, 2.5294, -1.1861)
(-2.6653, 2.2119, -1.4933)
(-3.0337, 1.9324, -1.7856)
(-0.3088, 4.2887, -0.1671)
(-0.8208, 4.0161, -0.4838)
(-1.2596, 3.6614, -0.8792)
(-1.7563, 3.3336, -1.2259)
(-2.2831, 3.0249, -1.5326)
(-2.7645, 2.702, -1.8632)
(-3.0871, 2.4005, -2.2019)
(-0.3113, 4.754, -0.5573)
(-0.8431, 4.488, -0.8586)
(-1.3246, 4.1555, -1.2205)
(-1.8586, 3.8476, -1.5331)
(-2.3862, 3.5365, -1.8495)
(-2.818, 3.1875, -2.2347)
(-3.0831, 2.8613, -2.6145)
(-0.3256, 5.2159, -0.9503)
(-0.9029, 4.9815, -1.1993)
(-1.4302, 4.6734, -1.5182)
(-1.9673, 4.3681, -1.8284)
(-2.4518, 4.0373, -2.1856)
(-2.8168, 3.6609, -2.6181)
(-3.0296, 3.3157, -3.0203)
(-0.338, 5.6584, -1.3584)
(-0.9621, 5.4692, -1.5408)
(-1.5265, 5.1868, -1.818)
(-2.0424, 4.8722, -2.1489)
(-2.4704, 4.5159, -2.5515)
(-2.7822, 4.119, -3.0123)
(-2.9636, 3.7637, -3.426)
(-0.3477, 6.0213, -1.7175)
(-1.0084, 5.8774, -1.8288)
(-1.592, 5.6138, -2.0795)
(-2.0745, 5.2818, -2.4422)
(-2.4585, 4.9051, -2.876)
(-2.7437, 4.498, -3.3489)
(-2.9132, 4.138, -3.7613)
(-1.9064, -2.7727, 3.4343)
(-2.4368, -2.7477, 3.3349)
(-3.1186, -2.6733, 3.2915)
(-3.8066, -2.5963, 3.2631)
(-4.4892, -2.5028, 3.2059)
(-5.1673, -2.3839, 3.1586)
(-5.8446, -2.2506, 3.1366)
(-6.519, -2.1249, 3.1083)
