(-0.1188, 1.0534, -6.162)
(0.4849, 1.2045, -5.9967)
(1.0622, 1.4617, -5.7104)
(1.6275, 1.7355, -5.4097)
(2.1684, 2.0253, -5.0759)
(-0.1245, 0.7034, -5.8934)
(0.5014, 0.8529, -5.7347)
(2.6312, 2.3129, -4.7069)
(1.0872, 1.1051, -5.4584)
(2.8684, 2.4701, -4.3834)
(1.6401, 1.3891, -5.1454)
(2.1347, 1.7116, -4.7838)
(2.5412, 2.0349, -4.3903)
(2.8363, 2.3226, -4.0699)
(-0.1621, 0.2881, -5.5097)
(0.4676, 0.4629, -5.3364)
(1.043, 0.7379, -5.0573)
(1.6024, 1.016, -4.7678)
(2.1204, 1.3177, -4.4378)
(2.4759, 1.6251, -4.0484)
(2.6792, 1.8762, -3.6792)
(-0.2397, -0.0687, -5.0387)
(0.3537, 0.189, -4.8341)
(0.8802, 0.5406, -4.5488)
(1.394, 0.8384, -4.2879)
(1.9667, 1.0985, -4.0091)
(2.4908, 1.2613, -3.7974)
(2.8944, 1.3415, -3.4767)
(-0.3053, -0.4167, -4.5547)
(0.2977, -0.1879, -4.3828)
(0.7809, 0.1828, -4.0835)
(1.2946, 0.4634, -3.8127)
(1.8116, 0.7751, -3.5904)
(2.2022, 1.1647, -3.5034)
(2.3699, 1.5794, -3.2979)
(-0.3599, -0.7687, -4.0694)
(0.2396, -0.5577, -3.9241)
(0.6864, -0.1729, -3.6446)
(1.2287, 0.0456, -3.4002)
(1.7225, 0.355, -3.1692)
(2.0211, 0.8095, -3.0696)
(2.2177, 1.1333, -2.8442)
(-0.4014, -1.1053, -3.5715)
(0.2348, -0.9499, -3.4838)
(0.7752, -0.629, -3.3092)
(1.372, -0.4406, -3.2128)
(1.8214, -0.1164, -2.9683)
(1.9703, 0.3441, -2.6561)
(2.0522, 0.7, -2.3741)
(-0.4326, -1.4135, -3.0535)
(0.2265, -1.2986, -3.0049)
(0.8352, -1.0551, -2.893)
(1.4322, -0.8748, -2.8224)
(1.8515, -0.539, -2.5706)
(2.0494, -0.0996, -2.2339)
(2.2946, 0.2282, -2.0026)
(-0.4461, -1.7028, -2.524)
(0.2297, -1.6572, -2.5307)
(0.873, -1.4854, -2.4704)
(1.4567, -1.2906, -2.3736)
(1.8617, -0.9401, -2.1089)
(2.1336, -0.5223, -1.7926)
(2.4088, -0.2164, -1.5688)
(-0.4406, -1.9562, -1.9761)
(0.2409, -1.9902, -2.0387)
(0.9045, -1.9085, -2.0437)
(1.4769, -1.6919, -1.9218)
(1.8747, -1.3196, -1.6434)
(2.2151, -0.925, -1.3505)
(2.5313, -0.6434, -1.1445)
(-0.4166, -2.1778, -1.4134)
(0.2618, -2.2743, -1.5132)
(0.9314, -2.2973, -1.5821)
(1.5197, -2.0948, -1.4781)
(1.9431, -1.7133, -1.2088)
(2.3454, -1.3364, -0.9426)
(2.6841, -1.0666, -0.7422)
(-0.3746, -2.3999, -0.8539)
(0.296, -2.5588, -0.9875)
(0.9665, -2.6673, -1.105)
(1.597, -2.5175, -1.0588)
(2.0848, -2.1419, -0.8299)
(2.5297, -1.7597, -0.5743)
(2.8543, -1.4781, -0.3397)
(-0.2988, -2.5084, -0.2647)
(0.3474, -2.7113, -0.4102)
(0.9803, -2.9052, -0.5506)
(1.6258, -2.8378, -0.5657)
(2.1899, -2.5197, -0.4055)
(2.7381, -2.1837, -0.2464)
(3.3606, -1.8117, -0.056)
(-0.1982, -2.5573, 0.3362)
(0.413, -2.8194, 0.1804)
(0.9725, -3.0984, 0.0206)
(1.5852, -3.0209, -0.0299)
(3.9412, -2.1829, -0.0988)
(2.1957, -2.7977, 0.0345)
(2.8098, -2.612, 0.0032)
(4.62, -2.1084, -0.1611)
(3.3504, -2.4205, -0.2394)
(4.9746, -2.647, -0.3444)
(3.927, -2.3814, -0.3725)
(-0.0863, -2.6167, 0.941)
(0.5114, -2.8911, 0.782)
(1.0382, -3.2445, 0.5907)
(5.1111, -2.8424, -0.4251)
(1.636, -3.3432, 0.3891)
(4.4331, -2.4745, -0.1891)
(2.2479, -3.2567, 0.1903)
(2.8612, -3.1264, -0.0185)
(4.8268, -2.6839, -0.2662)
(3.4533, -2.9753, -0.2718)
(5.1392, -2.6432, -0.4406)
(4.019, -2.8892, -0.499)
(0.0232, -2.6928, 1.5255)
(0.6411, -2.9277, 1.3988)
(1.2331, -3.2336, 1.1705)
(4.5435, -2.8183, -0.3649)
(1.8381, -3.4492, 0.8978)
(2.434, -3.5291, 0.5787)
(4.9335, -2.5748, -0.4887)
(3.019, -3.529, 0.237)
(0.1177, -2.7629, 1.9908)
(5.2797, -2.4254, -0.7237)
(3.6029, -3.4671, -0.0986)
(4.1873, -3.3486, -0.3736)
(1.4998, -3.129, 1.7244)
(0.7886, -2.9161, 2.1092)
(4.6949, -3.1293, -0.4691)
(2.1186, -3.3199, 1.4141)
(2.7109, -3.4616, 1.0786)
(4.9105, -2.7577, -0.7449)
(3.2843, -3.5813, 0.7217)
(5.1818, -2.5684, -1.0476)
(3.8391, -3.6309, 0.363)
(4.3291, -3.4142, 0.0607)
(1.346, -2.9935, 2.4481)
(1.8473, -3.0375, 2.2122)
(4.7248, -3.0734, -0.2093)
(2.4359, -3.1807, 1.9177)
(3.0189, -3.3645, 1.5879)
(5.1229, -2.9129, -0.5822)
(3.577, -3.5682, 1.2382)
(5.4147, -2.9056, -0.949)
(4.0742, -3.6457, 0.8728)
(4.3816, -3.3737, 0.4918)
(1.7462, -2.9596, 2.827)
(2.189, -2.958, 2.6628)
(4.7977, -3.2976, 0.049)
(2.7616, -3.0552, 2.3844)
(3.3389, -3.2062, 2.0369)
(5.2419, -3.3424, -0.4356)
(3.8852, -3.4014, 1.6672)
(2.0644, -2.881, 2.9859)
(5.495, -3.4118, -0.8482)
(4.3726, -3.5467, 1.2604)
(2.4088, -2.8271, 3.0512)
(3.0274, -2.9691, 2.7637)
(4.6992, -3.4992, 0.7425)
(3.6055, -3.0685, 2.3776)
(5.1406, -3.5415, 0.2517)
(4.1278, -3.1519, 1.9171)
(4.6034, -3.273, 1.4187)
(5.5902, -3.6406, -0.2269)
(5.0163, -3.4073, 0.8687)
(5.8093, -3.7365, -0.6342)
(5.4478, -3.5494, 0.4087)
(6.0242, -3.7891, -0.3762)
(6.0179, -3.7257, -0.0515)
(0.6457, 4.0875, -2.5853)
(1.2703, 3.923, -2.6031)
(1.8818, 3.7823, -2.6493)
(2.2233, 3.3231, -2.8552)
(2.6509, 3.022, -3.2563)
(0.9421, 4.12, -2.5754)
(1.3576, 3.6809, -2.5719)
(3.0719, 2.7137, -3.6022)
(1.8905, 3.4731, -2.6492)
(3.1168, 2.5284, -3.9476)
(2.3816, 3.1972, -2.7483)
(2.6115, 2.7888, -3.0679)
(2.8236, 2.4957, -3.5519)
(2.8459, 2.3305, -4.0541)
(1.2495, 4.1355, -2.2279)
(1.6726, 3.6741, -2.3622)
(1.9508, 3.1778, -2.4515)
(2.3554, 2.8244, -2.6775)
(2.6797, 2.4084, -2.8657)
(2.8442, 2.0758, -3.2923)
(2.6909, 1.8845, -3.6649)
(1.3708, 3.9442, -1.7125)
(1.8662, 3.5567, -1.9167)
(2.1877, 3.0187, -2.1381)
(2.3827, 2.4816, -2.4404)
(2.4922, 2.0022, -2.7602)
(2.7758, 1.6907, -3.0795)
(2.8974, 1.3528, -3.4587)
(1.3246, 3.6726, -1.2346)
(1.7176, 3.2479, -1.5114)
(1.9803, 2.696, -1.8309)
(2.0961, 2.1088, -2.1146)
(2.2065, 1.6709, -2.4331)
(2.417, 1.679, -2.8809)
(2.3974, 1.5774, -3.2772)
(1.1233, 3.4088, -0.8973)
(1.4115, 2.919, -1.2727)
(1.6471, 2.389, -1.6324)
(1.815, 1.8103, -1.763)
(2.0033, 1.3483, -1.9347)
(2.1756, 1.3569, -2.4429)
(2.2365, 1.2552, -2.9116)
(1.2677, 3.1682, -0.4413)
(1.5253, 2.6669, -0.8278)
(1.7528, 2.1571, -1.1937)
(1.8872, 1.5783, -1.3521)
(2.0473, 1.1004, -1.5241)
(2.0996, 0.9064, -1.9751)
(2.086, 0.6758, -2.3449)
(1.4631, 2.8803, 0.0538)
(1.7504, 2.399, -0.3329)
(1.9916, 1.9035, -0.7221)
(2.2529, 1.4321, -1.0397)
(2.4256, 0.9693, -1.3408)
(2.3432, 0.5447, -1.6572)
(2.3184, 0.2295, -1.9945)
(1.5737, 2.5298, 0.5389)
(1.8965, 2.0692, 0.1518)
(2.1498, 1.5779, -0.2472)
(2.3971, 1.1064, -0.6126)
(2.5699, 0.6296, -0.9663)
(2.5643, 0.1526, -1.2976)
(2.4224, -0.2031, -1.5613)
(1.5903, 2.1367, 1.0065)
(1.9062, 1.6803, 0.6125)
(2.1604, 1.1893, 0.2083)
(2.3988, 0.7071, -0.1641)
(2.5869, 0.2237, -0.5248)
(2.6477, -0.2553, -0.8737)
(2.5435, -0.6276, -1.1394)
(1.5245, 1.7198, 1.4469)
(1.7982, 1.257, 1.0321)
(2.0543, 0.769, 0.6266)
(2.3188, 0.2855, 0.2537)
(2.556, -0.1975, -0.1048)
(2.7013, -0.6725, -0.4557)
(2.6971, -1.0515, -0.7375)
(1.4292, 1.2829, 1.8584)
(1.7158, 0.8348, 1.4437)
(2.0389, 0.3866, 1.0651)
(2.3075, -0.1008, 0.6904)
(2.5472, -0.5973, 0.3218)
(2.7551, -1.0712, -0.0418)
(2.8629, -1.4625, -0.3292)
(1.4014, 0.835, 2.2633)
(1.8155, 0.4683, 1.8857)
(2.2664, 0.1366, 1.5392)
(2.5279, -0.3515, 1.1716)
(2.7406, -0.874, 0.7947)
(3.0251, -1.3233, 0.3883)
(3.3766, -1.7975, -0.0521)
(1.452, 0.3962, 2.6778)
(1.9797, 0.1352, 2.3546)
(2.5067, -0.114, 2.0367)
(2.8285, -0.5482, 1.6582)
(3.9461, -2.1782, -0.0597)
(3.083, -1.0237, 1.2591)
(3.4371, -1.3676, 0.808)
(4.6391, -2.084, -0.1342)
(3.8414, -1.6188, 0.3364)
(4.9468, -2.6733, -0.2859)
(4.2432, -1.9387, -0.0067)
(1.5098, -0.0614, 3.0784)
(2.0971, -0.2584, 2.805)
(2.6837, -0.4376, 2.5193)
(5.0186, -2.3547, -0.4396)
(3.1243, -0.7512, 2.1365)
(4.7345, -2.2741, -0.1306)
(3.4923, -1.09, 1.6921)
(3.8901, -1.3441, 1.2103)
(5.1676, -2.4445, -0.3923)
(4.301, -1.5145, 0.7096)
(5.2519, -2.1411, -0.5669)
(4.6631, -1.8371, 0.2801)
(1.5173, -0.5339, 3.4275)
(2.1438, -0.7197, 3.224)
(2.7886, -0.8736, 2.9404)
(5.1555, -2.1425, -0.0516)
(3.366, -1.0597, 2.5815)
(3.8454, -1.2671, 2.1276)
(5.61, -2.2882, -0.3939)
(4.2868, -1.4561, 1.6273)
(1.4746, -0.9477, 3.6522)
(5.7539, -1.9878, -0.4989)
(4.7218, -1.6195, 1.116)
(5.1199, -1.8722, 0.6244)
(2.8412, -1.3991, 3.2609)
(2.051, -1.315, 3.5917)
(5.5986, -2.1201, 0.2148)
(3.4924, -1.5304, 2.9307)
(4.0419, -1.6823, 2.4937)
(6.0886, -2.2793, -0.1285)
(4.5229, -1.8466, 1.9907)
(6.3238, -2.1206, -0.4163)
(5.0027, -2.0038, 1.4775)
(5.4895, -2.1522, 0.9562)
(2.3308, -1.8466, 3.5768)
(2.8536, -1.9732, 3.3858)
(5.9713, -2.3466, 0.5198)
(3.4648, -2.1086, 3.0815)
(4.0419, -2.2392, 2.6724)
(6.4839, -2.4918, 0.1528)
(4.5652, -2.3783, 2.1979)
(6.7466, -2.5028, -0.2152)
(5.0905, -2.5208, 1.72)
(5.5995, -2.6417, 1.2042)
(2.2895, -2.3592, 3.4932)
(2.7086, -2.495, 3.2855)
(6.0597, -2.7989, 0.7427)
(3.282, -2.6385, 2.992)
(3.8544, -2.7621, 2.5949)
(6.5577, -2.9622, 0.3133)
(4.3729, -2.8737, 2.1173)
(2.2732, -2.6549, 3.3176)
(6.8884, -3.0231, -0.037)
(4.8653, -2.9986, 1.6078)
(2.4421, -2.8168, 3.0759)
(3.0567, -2.9675, 2.7904)
(5.3511, -3.1452, 1.0757)
(3.6224, -3.0681, 2.3926)
(5.8443, -3.2658, 0.6245)
(4.1352, -3.1663, 1.9305)
(4.612, -3.2902, 1.4318)
(6.3218, -3.4424, 0.2075)
(5.0252, -3.459, 0.8588)
(6.6925, -3.5142, -0.0728)
(5.615, -3.5996, 0.3051)
(6.4243, -3.7425, -0.0816)
(6.1052, -3.7631, -0.0437)
(-0.6178, 1.211, -5.9181)
(-0.7621, 1.4555, -5.3529)
(-1.0965, 1.6393, -4.9089)
(-1.6733, 1.6536, -4.8754)
(-2.1635, 2.013, -4.7079)
(-2.477, 2.5559, -4.4297)
(-0.6612, 0.8142, -5.7058)
(-0.8067, 1.0654, -5.1556)
(-1.0675, 1.2953, -4.6562)
(-2.6425, 3.0783, -4.0723)
(-1.632, 1.4267, -4.5147)
(-2.7412, 3.3539, -3.7558)
(-2.1127, 1.825, -4.3303)
(-2.4423, 2.3588, -4.0609)
(-2.7079, 2.8321, -3.735)
(-2.7724, 3.2264, -3.4345)
(-0.7437, 0.3345, -5.4213)
(-0.9588, 0.5903, -4.9268)
(-1.1193, 0.8607, -4.3683)
(-1.5564, 1.1263, -4.0686)
(-1.9445, 1.6293, -3.8673)
(-2.3226, 2.1304, -3.6231)
(-2.729, 2.4797, -3.3179)
(-2.8674, 2.8058, -2.9958)
(-0.8675, -0.0912, -5.0552)
(-1.2986, 0.1777, -4.7516)
(-1.4947, 0.4931, -4.2307)
(-1.7358, 0.8023, -3.7492)
(-2.0324, 1.3006, -3.523)
(-2.3497, 1.7613, -3.3246)
(-2.6855, 2.1331, -2.9891)
(-2.8353, 2.359, -2.5854)
(-0.9684, -0.4338, -4.585)
(-1.5546, -0.2087, -4.4438)
(-1.9362, 0.1891, -4.1163)
(-2.2016, 0.6288, -3.7166)
(-2.3502, 1.1077, -3.4001)
(-2.2346, 1.4849, -3.032)
(-2.3107, 1.9981, -2.8112)
(-2.303, 2.6417, -2.8496)
(-1.0294, -0.7367, -4.0644)
(-1.6569, -0.517, -3.9531)
(-2.1668, -0.1334, -3.7368)
(-2.497, 0.3361, -3.4373)
(-2.4665, 0.8104, -3.0579)
(-2.2519, 1.2084, -2.6361)
(-2.2066, 1.6686, -2.4098)
(-2.2113, 2.0973, -2.6525)
(-1.0715, -1.0323, -3.5331)
(-1.6987, -0.7984, -3.4127)
(-2.2188, -0.4124, -3.2107)
(-2.5698, 0.09, -2.9339)
(-2.6967, 0.622, -2.6014)
(-2.5722, 1.1134, -2.2325)
(-2.3285, 1.5106, -1.9204)
(-2.2948, 1.8966, -1.8928)
(-1.1017, -1.3217, -2.9962)
(-1.7292, -1.0845, -2.8708)
(-2.2552, -0.7042, -2.6742)
(-2.6153, -0.2018, -2.4055)
(-2.8142, 0.3332, -2.0985)
(-2.8286, 0.8635, -1.7786)
(-2.6495, 1.3321, -1.478)
(-2.4785, 1.7052, -1.304)
(-1.1166, -1.5923, -2.4482)
(-1.7501, -1.3638, -2.3235)
(-2.289, -1.0, -2.1366)
(-2.6362, -0.4974, -1.8711)
(-2.7985, 0.0421, -1.564)
(-2.8502, 0.5788, -1.2517)
(-2.7816, 1.0848, -0.9556)
(-2.6537, 1.4718, -0.7417)
(-1.1125, -1.8327, -1.8858)
(-1.7562, -1.6235, -1.7657)
(-2.312, -1.2847, -1.5909)
(-2.643, -0.778, -1.33)
(-2.745, -0.2208, -1.022)
(-2.7966, 0.3262, -0.7072)
(-2.8127, 0.8454, -0.4056)
(-2.7679, 1.2536, -0.1792)
(-1.0892, -2.0432, -1.3117)
(-1.7458, -1.8556, -1.1957)
(-2.3338, -1.5585, -1.0388)
(-2.6907, -1.0625, -0.7935)
(-2.776, -0.4831, -0.4843)
(-2.816, 0.0876, -0.1629)
(-2.8583, 0.6253, 0.1448)
(-2.8786, 1.041, 0.3786)
(-1.0437, -2.23, -0.7325)
(-1.7121, -2.0487, -0.6141)
(-2.3518, -1.813, -0.481)
(-2.789, -1.3603, -0.2705)
(-2.8976, -0.7564, 0.0361)
(-2.9246, -0.1514, 0.368)
(-2.9594, 0.4196, 0.6899)
(-2.9761, 0.8555, 0.9467)
(-0.9598, -2.3294, -0.1357)
(-1.6262, -2.1602, -0.0154)
(-2.2837, -1.9692, 0.1081)
(-2.8034, -1.6037, 0.2835)
(-2.9809, -1.0184, 0.5677)
(-3.0612, -0.4034, 0.8869)
(-3.1467, 0.207, 1.1936)
(-3.211, 0.8715, 1.5819)
(-0.8525, -2.3827, 0.4682)
(-1.5157, -2.2298, 0.5876)
(-2.1747, -2.0624, 0.7056)
(-2.739, -1.7751, 0.8547)
(-3.0125, -1.2499, 1.0879)
(-3.6991, 1.3586, 1.7101)
(-3.2565, -0.668, 1.3239)
(-3.5045, -0.0577, 1.481)
(-3.9442, 1.3153, 2.3694)
(-3.7611, 0.5711, 1.5186)
(-4.5901, 1.5338, 2.4123)
(-0.7372, -2.4417, 1.0737)
(-4.0516, 1.1167, 1.6508)
(-1.3959, -2.2805, 1.1929)
(-2.0456, -2.0888, 1.3065)
(-2.6611, -1.809, 1.4155)
(-4.6695, 1.8032, 2.297)
(-3.1715, -1.393, 1.5126)
(-4.3074, 1.4434, 2.0922)
(-3.5905, -0.8671, 1.5578)
(-3.9192, -0.2656, 1.5571)
(-4.614, 1.8165, 2.3424)
(-4.2187, 0.3575, 1.5248)
(-4.9049, 1.96, 2.2542)
(-4.4877, 0.9674, 1.5595)
(-0.6248, -2.5081, 1.6396)
(-1.264, -2.3109, 1.7741)
(-1.8722, -2.0489, 1.9057)
(-2.4774, -1.6783, 1.9611)
(-4.6657, 1.5255, 1.7962)
(-3.0322, -1.2415, 1.9904)
(-3.5289, -0.7677, 2.0204)
(-4.8886, 2.0383, 2.0354)
(-3.9471, -0.2215, 2.0047)
(-0.5491, -2.564, 2.0375)
(-1.1705, -2.346, 2.2429)
(-5.1144, 2.3648, 2.2056)
(-4.3285, 0.358, 1.9631)
(-4.7052, 0.9353, 1.9276)
(-2.4026, -1.6516, 2.5599)
(-1.6905, -2.0978, 2.6017)
(-5.0395, 1.5118, 1.9041)
(-2.9223, -1.1607, 2.5508)
(-3.3544, -0.618, 2.5249)
(-5.3064, 2.0495, 1.8714)
(-3.7571, -0.0542, 2.4676)
(-5.5192, 2.4405, 1.9877)
(-4.1682, 0.5119, 2.4072)
(-4.6252, 1.0517, 2.3764)
(-1.9717, -1.9054, 3.1245)
(-2.4557, -1.6166, 3.1474)
(-5.1034, 1.546, 2.3402)
(-2.9804, -1.1827, 3.1341)
(-3.4494, -0.6618, 3.0739)
(-5.5807, 1.9357, 2.2332)
(-3.8871, -0.1208, 2.9826)
(-5.9428, 2.2365, 2.1804)
(-4.3585, 0.4009, 2.8697)
(-4.8766, 0.9097, 2.7749)
(-2.0106, -1.7426, 3.6369)
(-2.4154, -1.4781, 3.6831)
(-5.3722, 1.3698, 2.74)
(-2.954, -1.1007, 3.6904)
(-3.4824, -0.6375, 3.6299)
(-5.842, 1.79, 2.7296)
(-3.9988, -0.167, 3.5243)
(-2.0686, -1.5658, 3.9358)
(-6.1817, 2.1411, 2.7022)
(-4.5226, 0.3041, 3.3934)
(-2.2379, -1.2965, 4.0585)
(-2.8488, -0.9549, 4.1019)
(-5.0159, 0.8321, 3.2663)
(-3.4134, -0.5315, 4.054)
(-5.5122, 1.2975, 3.2274)
(-3.9609, -0.1073, 3.9375)
(-4.5024, 0.3168, 3.821)
(-5.9716, 1.709, 3.2563)
(-4.8574, 0.8604, 3.5857)
(-6.2756, 2.0663, 3.2397)
(-5.3588, 1.3384, 3.5937)
(-6.1421, 1.9732, 3.5408)
(-5.9027, 1.7694, 3.6857)
(0.2507, 4.3946, -2.6768)
(-0.1076, 4.2709, -2.367)
(-0.6982, 4.3571, -2.1989)
(-1.2955, 4.2404, -2.214)
(-1.6188, 3.8057, -2.3114)
(-2.0955, 3.7801, -2.661)
(0.5031, 4.5063, -2.5166)
(-0.0572, 4.4089, -2.4027)
(-0.6163, 4.1442, -2.2546)
(-2.625, 3.7177, -3.02)
(-1.1907, 3.9568, -2.069)
(-2.8538, 3.5596, -3.3303)
(-1.7107, 3.6631, -2.1078)
(-2.1126, 3.461, -2.5186)
(-2.5301, 3.3686, -2.9725)
(-2.7746, 3.2356, -3.4152)
(0.6676, 4.3901, -2.0626)
(0.0359, 4.3601, -1.9613)
(-0.4865, 4.0073, -1.8908)
(-1.0424, 3.656, -1.8943)
(-1.6254, 3.3495, -2.0378)
(-2.1647, 3.0942, -2.2938)
(-2.6355, 3.0213, -2.6389)
(-2.8665, 2.8151, -2.9767)
(0.7293, 4.0851, -1.5655)
(0.053, 4.1157, -1.4771)
(-0.5854, 3.9943, -1.4688)
(-1.1612, 3.6893, -1.5886)
(-1.7105, 3.3534, -1.7039)
(-2.1904, 3.029, -1.9385)
(-2.5745, 2.7297, -2.3146)
(-2.8419, 2.3682, -2.5656)
(0.7359, 3.7708, -1.1191)
(0.0712, 3.7329, -1.1134)
(-0.5333, 3.604, -1.2426)
(-1.0394, 3.3103, -1.4929)
(-1.5048, 3.0403, -1.5145)
(-1.8262, 2.8752, -1.8965)
(-2.1585, 2.583, -2.2977)
(-2.2561, 2.4898, -2.7603)
(0.7134, 3.7234, -0.6358)
(0.1645, 3.5947, -0.661)
(-0.23, 3.2566, -0.9955)
(-0.703, 2.8999, -1.278)
(-1.1875, 2.6339, -1.3451)
(-1.6171, 2.5216, -1.6406)
(-1.9864, 2.2574, -2.0216)
(-2.1671, 2.0305, -2.4729)
(0.8578, 3.4747, -0.1665)
(0.3642, 3.2481, -0.2774)
(-0.0159, 2.8715, -0.6435)
(-0.5334, 2.5648, -0.8996)
(-1.095, 2.3558, -0.9851)
(-1.58, 2.2256, -1.2402)
(-1.9751, 1.9848, -1.5394)
(-2.2699, 1.8586, -1.8576)
(1.0164, 3.1367, 0.2937)
(0.5296, 2.8917, 0.1187)
(-0.014, 2.6268, -0.1468)
(-0.6284, 2.5021, -0.3638)
(-1.2417, 2.4278, -0.5191)
(-1.7806, 2.252, -0.7695)
(-2.2051, 1.9683, -1.0321)
(-2.4664, 1.7118, -1.2843)
(1.0789, 2.7984, 0.7745)
(0.4912, 2.6835, 0.6435)
(-0.1222, 2.4954, 0.4174)
(-0.7364, 2.3494, 0.1924)
(-1.3015, 2.1885, -0.036)
(-1.7976, 1.9431, -0.3111)
(-2.272, 1.6867, -0.5457)
(-2.6445, 1.485, -0.7272)
(1.0744, 2.4204, 1.2452)
(0.4356, 2.3967, 1.1666)
(-0.1845, 2.2243, 0.9412)
(-0.7555, 2.0066, 0.6635)
(-1.2552, 1.748, 0.3569)
(-1.769, 1.5054, 0.1031)
(-2.3092, 1.3291, -0.0708)
(-2.7621, 1.2681, -0.164)
(1.0488, 2.0309, 1.7145)
(0.4181, 2.022, 1.6451)
(-0.1689, 1.8191, 1.379)
(-0.6901, 1.553, 1.039)
(-1.2241, 1.3125, 0.7509)
(-1.8096, 1.1443, 0.5648)
(-2.3997, 1.068, 0.4466)
(-2.8801, 1.0574, 0.3938)
(1.0214, 1.6191, 2.1691)
(0.4268, 1.5964, 2.0817)
(-0.1138, 1.3647, 1.764)
(-0.6662, 1.1647, 1.4627)
(-1.2817, 1.0324, 1.2557)
(-1.903, 0.9257, 1.1005)
(-2.499, 0.9728, 1.0109)
(-2.9751, 0.8741, 0.9686)
(1.0083, 1.1646, 2.5912)
(0.4306, 1.1448, 2.4941)
(-0.1186, 0.9695, 2.1922)
(-0.7357, 0.9749, 2.0017)
(-1.3853, 0.901, 1.8324)
(-2.0019, 0.8308, 1.676)
(-2.5513, 1.0369, 1.5969)
(-3.2085, 0.8896, 1.6111)
(1.0005, 0.6857, 2.9896)
(0.3963, 0.7142, 2.9204)
(-0.2103, 0.6656, 2.6938)
(-0.8375, 0.7981, 2.5724)
(-1.489, 0.7765, 2.4174)
(-3.7026, 1.3998, 1.6921)
(-2.0938, 0.7968, 2.2711)
(-2.5426, 1.1412, 2.2045)
(-3.874, 1.2772, 2.3812)
(-3.1228, 1.208, 2.2051)
(-4.5931, 1.5947, 2.4585)
(0.9656, 0.1749, 3.3408)
(-3.6564, 1.4799, 2.2057)
(0.3282, 0.2713, 3.3313)
(-0.3117, 0.358, 3.2071)
(-0.9347, 0.5723, 3.1316)
(-4.8136, 1.7693, 2.3354)
(-1.581, 0.658, 2.9994)
(-4.1663, 1.6234, 2.4434)
(-2.1667, 0.8084, 2.869)
(-2.5571, 1.2289, 2.8042)
(-4.6392, 1.7842, 2.4585)
(-3.0958, 1.4265, 2.7875)
(-4.9766, 2.0713, 2.2885)
(-3.6555, 1.6801, 2.7065)
(0.8926, -0.3363, 3.6024)
(0.2381, -0.1928, 3.6818)
(-0.4079, -0.0277, 3.6879)
(-1.0446, 0.2555, 3.6469)
(-4.2074, 1.9596, 2.7136)
(-1.6738, 0.5017, 3.5581)
(-2.246, 0.8031, 3.4405)
(-4.7082, 2.2434, 2.6268)
(-2.7446, 1.1935, 3.3519)
(0.8219, -0.7044, 3.7649)
(0.138, -0.5881, 3.9268)
(-5.0316, 2.5912, 2.4377)
(-3.2348, 1.5926, 3.3459)
(-3.8203, 1.9144, 3.2169)
(-1.2655, -0.1415, 4.0514)
(-0.5501, -0.5904, 4.1119)
(-4.3372, 2.2465, 3.135)
(-1.8807, 0.2207, 4.0245)
(-2.4557, 0.5967, 3.9373)
(-4.8209, 2.6413, 3.0456)
(-2.9968, 0.9993, 3.856)
(-5.062, 3.0265, 2.8555)
(-3.5056, 1.4453, 3.8485)
(-4.0913, 1.8747, 3.7186)
(-1.1394, -0.8246, 4.2567)
(-1.6309, -0.5463, 4.2629)
(-4.6146, 2.3426, 3.6063)
(-2.2105, -0.1893, 4.2733)
(-2.7832, 0.2125, 4.2209)
(-5.0147, 2.8167, 3.5471)
(-3.3354, 0.6255, 4.1383)
(-5.3163, 3.133, 3.389)
(-3.8817, 1.0407, 4.0811)
(-4.4148, 1.528, 3.9765)
(-1.5713, -1.1648, 4.2585)
(-2.0046, -0.9525, 4.2563)
(-4.9191, 2.0606, 3.9107)
(-2.5674, -0.6211, 4.2684)
(-3.1334, -0.2187, 4.2132)
(-5.3419, 2.5601, 3.876)
(-3.6785, 0.1913, 4.1012)
(-1.8863, -1.311, 4.1674)
(-5.6625, 2.877, 3.7815)
(-4.2231, 0.5782, 4.0226)
(-2.2219, -1.2906, 4.075)
(-2.8304, -0.9497, 4.1185)
(-4.6834, 1.0473, 3.84)
(-3.3977, -0.5384, 4.0773)
(-5.1464, 1.5688, 3.817)
(-3.9404, -0.1087, 3.958)
(-4.4768, 0.3168, 3.8389)
(-5.6104, 2.0612, 3.8799)
(-4.8415, 0.8332, 3.5128)
(-5.9312, 2.4125, 3.8936)
(-5.3187, 1.3139, 3.5413)
(-6.0155, 2.0673, 3.8517)
(-5.8943, 1.7944, 3.7128)
(2.5374, -0.6355, -1.1419)
(2.685, 1.8803, -3.672)
(2.4255, -2.822, 3.0636)
(2.0691, 0.6879, -2.3595)
(3.0421, -2.9683, 2.7771)
(3.6139, -3.0683, 2.3851)
(2.6906, -1.059, -0.7399)
(4.1315, -3.1591, 1.9238)
(4.6077, -3.2816, 1.4253)
(5.0208, -3.4331, 0.8637)
(5.5314, -3.5745, 0.3569)
(2.8959, 1.3471, -3.4677)
(6.0616, -3.7444, -0.0476)
(2.3065, 0.2288, -1.9985)
(2.4156, -0.2097, -1.565)
(3.9437, -2.1806, -0.0793)
(2.8586, -1.4703, -0.3344)
(3.3686, -1.8046, -0.054)
(4.6295, -2.0962, -0.1476)
(4.9607, -2.6601, -0.3151)
(2.8411, 2.3266, -4.062)
(2.3836, 1.5784, -3.2876)
(2.2271, 1.1942, -2.8779)
(5.722, -3.6895, -0.4378)
(5.7762, -3.6937, -0.127)
(6.0379, -3.7632, -0.2201)
(5.9472, -3.7885, -0.5104)
(5.0588, -2.7804, -0.397)
(4.8604, -2.6757, -0.2754)
(4.9887, -2.6912, -0.3526)
(5.1163, -2.7795, -0.4191)
(4.88, -2.6172, -0.3442)
(5.1076, -2.486, -0.6046)
(5.2257, -2.5026, -0.5475)
(4.9147, -2.648, -0.6538)
(5.0332, -2.6413, -0.8996)
(5.2217, -2.4588, -0.9225)
(5.0064, -2.8213, -0.6932)
(5.2801, -2.8991, -0.7691)
(5.2835, -2.713, -1.029)
(5.1776, -3.1092, -0.5041)
(5.3872, -3.3759, -0.6498)
(5.456, -3.1568, -0.8983)
(5.3944, -3.5257, -0.338)
(5.6315, -3.6108, -0.7547)
(1.5879, -3.0065, 2.3352)
(1.5632, -2.988, 2.6539)
(1.9549, -2.95, 2.7547)
(2.0258, -2.9989, 2.448)
(2.1351, -3.0991, 2.0718)
(2.4647, -2.9959, 2.5371)
(2.6035, -3.1152, 2.1615)
(2.7315, -3.2693, 1.7557)
(3.0547, -3.1251, 2.2155)
(3.1829, -3.29, 1.8262)
(3.2996, -3.4668, 1.4154)
(3.6146, -3.3003, 1.8534)
(3.7354, -3.5032, 1.4733)
(3.847, -3.6485, 1.0567)
(4.1479, -3.4956, 1.476)
(4.2236, -3.6166, 1.0937)
(4.2348, -3.5216, 0.6869)
(4.5398, -3.531, 1.0073)
(4.5171, -3.4388, 0.6383)
(4.5713, -3.3044, 0.2797)
(4.9025, -3.5049, 0.4932)
(4.9499, -3.443, 0.1562)
(5.0349, -3.3145, -0.1965)
(5.385, -3.5897, 0.0073)
(1.1803, -3.0313, 1.8792)
(1.0868, -2.9677, 2.2566)
(1.6669, -3.0797, 1.9735)
(1.8114, -3.2279, 1.5721)
(2.2733, -3.2471, 1.6672)
(2.418, -3.3962, 1.2495)
(2.8616, -3.4148, 1.3355)
(2.9992, -3.523, 0.9024)
(3.4275, -3.5839, 0.9835)
(3.5659, -3.6291, 0.539)
(3.952, -3.6492, 0.6242)
(4.097, -3.555, 0.2027)
(4.3407, -3.3773, 0.2939)
(4.5308, -3.2372, -0.0674)
(4.7338, -3.1497, -0.0694)
(4.9298, -2.966, -0.3875)
(-0.2991, -2.5984, 1.5803)
(-0.5834, -2.5372, 1.8543)
(-0.2201, -2.6666, 1.995)
(0.0718, -2.7288, 1.7695)
(0.3369, -2.7993, 1.4708)
(0.4596, -2.8469, 2.0241)
(0.7204, -2.9317, 1.7077)
(0.9374, -3.0808, 1.2951)
(1.3569, -3.185, 1.4548)
(1.5347, -3.3591, 1.0388)
(1.9723, -3.3985, 1.1587)
(2.138, -3.5029, 0.7434)
(2.5658, -3.5181, 0.825)
(2.7271, -3.5371, 0.4083)
(3.1438, -3.5824, 0.4651)
(3.3109, -3.5053, 0.0685)
(3.7164, -3.5836, 0.108)
(3.8947, -3.4151, -0.2586)
(4.2739, -3.4234, -0.1793)
(4.4713, -3.2616, -0.4207)
(4.7214, -3.1087, -0.3664)
(4.8205, -2.9405, -0.5869)
(-0.4087, -2.5228, 1.0098)
(-0.678, -2.4754, 1.3722)
(-0.0302, -2.6542, 1.2437)
(0.2236, -2.7357, 0.8656)
(0.5717, -2.9138, 1.0911)
(0.774, -3.08, 0.6893)
(1.123, -3.2582, 0.8806)
(1.3293, -3.3292, 0.4899)
(1.7217, -3.4353, 0.6329)
(1.9423, -3.3117, 0.2898)
(2.3251, -3.4387, 0.3516)
(2.5555, -3.1953, 0.0884)
(2.9239, -3.3655, 0.0646)
(3.1609, -3.0485, -0.135)
(3.5192, -3.2508, -0.2207)
(3.7384, -2.9214, -0.4218)
(4.0983, -3.1551, -0.477)
(4.2938, -2.8695, -0.4417)
(4.6297, -3.0126, -0.4546)
(4.7518, -2.7035, -0.3902)
(-0.5226, -2.4635, 0.4045)
(-0.7956, -2.4105, 0.7707)
(-0.1429, -2.5841, 0.6377)
(0.1159, -2.6739, 0.2619)
(0.4581, -2.8601, 0.4787)
(0.6916, -2.9842, 0.0944)
(0.9901, -3.1854, 0.3047)
(1.2746, -3.1004, -0.0232)
(1.5917, -3.1809, 0.1825)
(1.8899, -2.9094, -0.0014)
(2.2075, -3.0188, 0.1188)
(2.5089, -2.704, 0.0452)
(2.8279, -2.8641, -0.005)
(3.0823, -2.5075, -0.1045)
(3.3919, -2.6914, -0.2744)
(3.6379, -2.3817, -0.3485)
(3.9581, -2.6143, -0.4602)
(4.1941, -2.4067, -0.284)
(4.4646, -2.6337, -0.2626)
(4.6432, -2.5901, -0.1935)
(-0.6283, -2.4173, -0.1987)
(-0.9078, -2.3577, 0.1659)
(-0.2507, -2.5347, 0.0354)
(0.0271, -2.6047, -0.335)
(0.3772, -2.7683, -0.1152)
(0.6619, -2.8249, -0.4874)
(0.9743, -3.0036, -0.2644)
(1.3081, -2.9114, -0.5815)
(1.6054, -2.9236, -0.2884)
(1.9154, -2.6946, -0.498)
(2.1982, -2.6489, -0.1587)
(2.4651, -2.3489, -0.3185)
(2.7884, -2.3902, -0.0899)
(3.0119, -2.0161, -0.1834)
(3.3429, -2.1619, -0.1728)
(3.6509, -1.9973, -0.0774)
(3.9306, -2.2288, -0.2468)
(4.2806, -2.1457, -0.13)
(4.4816, -2.3283, -0.1673)
(4.7973, -2.3777, -0.2528)
(-0.7094, -2.3166, -0.7923)
(-1.0061, -2.29, -0.436)
(-0.3409, -2.4681, -0.5627)
(-0.0395, -2.4798, -0.9186)
(0.32, -2.6487, -0.704)
(0.6316, -2.6327, -1.0571)
(0.9779, -2.7998, -0.8352)
(1.2957, -2.6291, -1.1082)
(1.6225, -2.7009, -0.825)
(1.8534, -2.3447, -0.9584)
(2.1497, -2.3478, -0.6307)
(2.3126, -1.9414, -0.6982)
(2.6429, -1.9734, -0.4086)
(2.7216, -1.6057, -0.4614)
(3.1075, -1.6449, -0.1978)
(-0.7541, -2.1159, -1.3634)
(-1.0705, -2.1439, -1.0236)
(-0.399, -2.296, -1.1353)
(-0.0778, -2.2303, -1.463)
(0.2768, -2.4254, -1.2536)
(0.6004, -2.3052, -1.5604)
(0.9493, -2.4927, -1.3499)
(1.2447, -2.2263, -1.5559)
(1.5582, -2.3089, -1.2709)
(1.7433, -1.9155, -1.3541)
(2.01, -1.926, -1.017)
(2.1473, -1.5141, -1.068)
(2.4297, -1.5469, -0.7526)
(2.5225, -1.1911, -0.8367)
(2.7692, -1.2724, -0.5409)
(-0.7787, -1.9046, -1.934)
(-1.1031, -1.9401, -1.5995)
(-0.4306, -2.0668, -1.6948)
(-0.0998, -1.9861, -2.0119)
(0.25, -2.1328, -1.7771)
(0.578, -1.9647, -2.0522)
(0.9173, -2.1043, -1.8151)
(1.2102, -1.8201, -2.0033)
(1.4932, -1.8902, -1.6961)
(1.692, -1.5198, -1.7955)
(1.8985, -1.5119, -1.4188)
(2.0477, -1.1131, -1.4887)
(2.2734, -1.1289, -1.1417)
(2.3768, -0.773, -1.2405)
(2.6077, -0.855, -0.9433)
(-0.7841, -1.6644, -2.4931)
(-1.117, -1.7168, -2.1688)
(-0.4458, -1.8352, -2.2527)
(-0.1061, -1.7007, -2.5374)
(0.2344, -1.8308, -2.2894)
(0.5555, -1.5776, -2.5043)
(0.8898, -1.701, -2.2606)
(1.1802, -1.3983, -2.4355)
(1.4663, -1.493, -2.1484)
(1.6829, -1.1352, -2.26)
(1.8654, -1.1311, -1.8753)
(2.0045, -0.7252, -1.9445)
(2.171, -0.7245, -1.5692)
(2.2689, -0.3565, -1.6717)
(2.4701, -0.4299, -1.3566)
(-0.7695, -1.3898, -3.0357)
(-1.1113, -1.4601, -2.7239)
(-0.4418, -1.5611, -2.7904)
(-0.0973, -1.3822, -3.0432)
(0.2263, -1.4768, -2.7671)
(0.5329, -1.1757, -2.9455)
(0.8545, -1.2684, -2.6795)
(1.1429, -0.9677, -2.8657)
(1.4449, -1.0836, -2.5974)
(1.674, -0.7313, -2.7206)
(1.8563, -0.7418, -2.34)
(1.9626, -0.316, -2.3979)
(2.0945, -0.3137, -2.0149)
(2.1558, 0.0784, -2.1035)
(2.3517, 0.0059, -1.7857)
(-0.7381, -1.0926, -3.5649)
(-1.0883, -1.1784, -3.2657)
(-0.4187, -1.2623, -3.3144)
(-0.0709, -1.0594, -3.5455)
(0.2314, -1.1274, -3.2474)
(0.5058, -0.786, -3.3922)
(0.8131, -0.8466, -3.1103)
(1.0727, -0.5292, -3.2636)
(1.4159, -0.6646, -3.0427)
(1.6338, -0.3057, -3.1106)
(1.847, -0.3336, -2.7947)
(1.9164, 0.1149, -2.8105)
(2.0005, 0.1188, -2.4482)
(2.0326, 0.5329, -2.5167)
(2.1734, 0.4641, -2.1883)
(-0.6943, -0.7791, -4.0823)
(-1.052, -0.8848, -3.7993)
(-0.3821, -0.9402, -3.8228)
(-0.0401, -0.6968, -4.0185)
(0.233, -0.7548, -3.7051)
(0.4659, -0.3606, -3.7888)
(0.7177, -0.3942, -3.4751)
(0.9474, -0.0514, -3.5199)
(1.2895, -0.1954, -3.3047)
(1.4955, 0.1749, -3.272)
(1.7633, 0.1187, -3.0653)
(1.8934, 0.5831, -3.1181)
(1.9794, 0.5773, -2.859)
(2.1243, 0.9881, -2.9722)
(2.135, 0.9166, -2.6091)
(-0.6371, -0.4541, -4.5884)
(-1.0027, -0.5876, -4.3276)
(-0.334, -0.5933, -4.3128)
(0.0116, -0.3281, -4.4879)
(0.2661, -0.3735, -4.1532)
(0.5455, -0.0032, -4.2388)
(0.7202, 0.009, -3.8534)
(1.0311, 0.332, -3.9437)
(1.244, 0.259, -3.5802)
(1.5609, 0.6064, -3.685)
(1.7463, 0.5745, -3.3593)
(2.0287, 0.9715, -3.5488)
(2.0886, 1.022, -3.2944)
(2.3248, 1.3352, -3.4014)
(2.2938, 1.3563, -3.071)
(-0.5626, -0.1181, -5.0808)
(-0.9232, -0.2705, -4.8308)
(-0.2748, -0.2414, -4.7965)
(0.0673, 0.0388, -4.9529)
(0.321, 0.0101, -4.6041)
(0.623, 0.3649, -4.6925)
(0.827, 0.3756, -4.3118)
(1.1327, 0.6956, -4.4188)
(1.3346, 0.6725, -4.0493)
(1.6747, 0.9786, -4.1433)
(1.8853, 0.9555, -3.8034)
(2.2519, 1.1839, -3.9049)
(2.3657, 1.2115, -3.6674)
(2.664, 1.3479, -3.6513)
(2.6322, 1.4605, -3.3873)
(-0.4841, 0.28, -5.5135)
(-0.8042, 0.11, -5.2505)
(-0.1992, 0.103, -5.2798)
(0.16, 0.3543, -5.4442)
(0.4111, 0.3246, -5.0864)
(0.7599, 0.5961, -5.2022)
(0.9635, 0.6391, -4.805)
(1.3234, 0.8765, -4.9137)
(1.5014, 0.9265, -4.5331)
(1.8756, 1.1629, -4.6119)
(2.0553, 1.1993, -4.2265)
(2.317, 1.4768, -4.2432)
(2.5034, 1.4109, -3.9156)
(2.6084, 1.7516, -3.8704)
(2.7868, 1.6088, -3.5779)
(-0.4323, 0.7295, -5.8524)
(-0.696, 0.5777, -5.5735)
(-0.1375, 0.4961, -5.7167)
(0.1926, 0.7527, -5.8428)
(0.496, 0.649, -5.5552)
(0.7988, 0.9738, -5.6026)
(1.0814, 0.9049, -5.2785)
(1.369, 1.2428, -5.3066)
(1.6413, 1.1846, -4.9734)
(1.896, 1.5462, -4.9717)
(2.1372, 1.5047, -4.6221)
(2.3529, 1.8793, -4.5843)
(2.4932, 1.8431, -4.2138)
(2.6943, 2.1701, -4.2182)
(2.7578, 2.0994, -3.8745)
(-0.4078, 1.1031, -6.0955)
(-0.6368, 1.0218, -5.8177)
(-0.1196, 0.8864, -6.037)
(0.1849, 1.0981, -6.1143)
(0.4956, 1.0364, -5.8762)
(0.7763, 1.3297, -5.857)
(1.0779, 1.2903, -5.5961)
(1.3464, 1.5969, -5.5621)
(1.6335, 1.5716, -5.2862)
(1.9026, 1.8783, -5.249)
(2.1459, 1.8819, -4.9328)
(2.4181, 2.174, -4.8902)
(2.5882, 2.186, -4.5536)
(2.7858, 2.4236, -4.5401)
(2.8732, 2.4227, -4.227)
(1.9073, -2.9201, 2.9308)
(2.2328, -2.8512, 3.022)
(2.3244, -2.9077, 2.8445)
(2.7181, -2.8981, 2.9075)
(2.8984, -3.0061, 2.5767)
(3.3165, -3.0188, 2.5707)
(3.4748, -3.1325, 2.2126)
(3.8667, -3.1102, 2.1474)
(4.011, -3.2826, 1.8059)
(4.3656, -3.2124, 1.6679)
(4.4934, -3.4255, 1.3567)
(4.8099, -3.3402, 1.1437)
(4.8665, -3.48, 0.8185)
(5.2321, -3.4783, 0.6387)
(5.3118, -3.5688, 0.3339)
(5.7329, -3.6375, 0.1786)
(6.1971, -3.6098, 0.1061)
(6.5174, -3.4905, 0.0539)
(6.5619, -3.6633, -0.0871)
(6.2697, -3.7665, -0.0651)
(5.0223, -2.5052, -0.3423)
(4.9733, -2.5037, -0.3601)
(5.1039, -2.2405, -0.5213)
(5.2426, -2.336, -0.4934)
(5.3724, -2.3639, -0.4218)
(5.4775, -2.0435, -0.5466)
(5.7111, -2.1789, -0.4711)
(5.8515, -2.258, -0.2826)
(6.0459, -2.0153, -0.4634)
(6.2314, -2.2297, -0.2767)
(6.3116, -2.3523, 0.0204)
(6.5624, -2.2875, -0.3287)
(6.6412, -2.5091, -0.0299)
(6.5689, -2.7059, 0.2607)
(6.8621, -2.7535, -0.1043)
(6.7412, -3.0028, 0.1306)
(6.4588, -3.2196, 0.2866)
(6.8168, -3.2896, -0.0404)
(2.3314, -2.1219, 3.5472)
(2.5828, -1.9089, 3.4904)
(2.7971, -2.2536, 3.3585)
(2.4839, -2.4259, 3.3957)
(3.1543, -2.0408, 3.249)
(3.3869, -2.3944, 3.062)
(2.983, -2.5675, 3.1518)
(3.7621, -2.174, 2.8884)
(3.9638, -2.5212, 2.6607)
(3.5751, -2.7031, 2.8059)
(4.3065, -2.307, 2.4379)
(4.4885, -2.6452, 2.1861)
(4.119, -2.8181, 2.3624)
(4.8267, -2.4518, 1.9623)
(5.0026, -2.7776, 1.6958)
(4.6209, -2.9322, 1.8673)
(5.3521, -2.5808, 1.4612)
(5.5027, -2.9099, 1.1749)
(5.1081, -3.0743, 1.3368)
(5.8267, -2.7144, 0.9673)
(5.973, -3.0443, 0.7217)
(5.5962, -3.2014, 0.8433)
(6.317, -2.8885, 0.5211)
(6.0924, -3.3566, 0.405)
(2.2379, -1.5674, 3.5853)
(2.4935, -1.3406, 3.4035)
(2.8611, -1.6839, 3.3526)
(3.1755, -1.4626, 3.1076)
(3.4999, -1.8136, 3.0364)
(3.78, -1.604, 2.7246)
(4.0683, -1.9523, 2.6139)
(4.2862, -1.764, 2.2458)
(4.5739, -2.1053, 2.126)
(4.7608, -1.9277, 1.7361)
(5.0832, -2.2562, 1.6336)
(5.2481, -2.0745, 1.2122)
(5.5905, -2.3799, 1.1146)
(5.7235, -2.2468, 0.7256)
(6.0601, -2.5555, 0.6613)
(6.2434, -2.4341, 0.3327)
(0.8562, -0.5345, 3.6915)
(1.2079, -0.4312, 3.522)
(1.4997, -0.747, 3.5511)
(1.1518, -0.8109, 3.7023)
(1.8273, -0.6319, 3.3315)
(2.1339, -0.9812, 3.3961)
(1.7851, -1.1115, 3.6141)
(2.4684, -0.7966, 3.0926)
(2.8179, -1.1274, 3.1188)
(3.0898, -0.9618, 2.7718)
(3.4464, -1.2759, 2.7744)
(3.6151, -1.1629, 2.3644)
(3.9666, -1.4477, 2.3265)
(4.0669, -1.3672, 1.8804)
(4.427, -1.6214, 1.8206)
(4.5087, -1.5322, 1.3719)
(4.8813, -1.7832, 1.303)
(4.919, -1.7386, 0.8631)
(5.3249, -1.9801, 0.7904)
(5.3462, -1.9993, 0.4094)
(5.8059, -2.2002, 0.3681)
(5.8634, -2.2296, 0.0354)
(0.9314, -0.0918, 3.4852)
(1.2422, 0.0647, 3.2294)
(1.5211, -0.3013, 3.2659)
(1.7955, -0.1697, 2.9368)
(2.1298, -0.4808, 3.0239)
(2.4018, -0.338, 2.6708)
(2.7448, -0.642, 2.7392)
(2.9214, -0.5807, 2.3393)
(3.2559, -0.8867, 2.366)
(3.3095, -0.9255, 1.9196)
(3.6834, -1.1526, 1.9119)
(3.6853, -1.2334, 1.4557)
(4.1032, -1.3697, 1.4197)
(4.1017, -1.422, 0.9577)
(4.5237, -1.5325, 0.9143)
(4.4765, -1.6628, 0.4798)
(4.8948, -1.8297, 0.4533)
(4.8948, -1.9985, 0.1136)
(5.3817, -2.1034, 0.065)
(5.4117, -2.2597, -0.2377)
(0.9883, 0.4354, 3.1737)
(1.2334, 0.5577, 2.8613)
(1.4846, 0.1715, 2.881)
(1.7028, 0.2542, 2.5084)
(2.0468, -0.0522, 2.5822)
(2.26, 0.0248, 2.2014)
(2.6038, -0.2634, 2.2831)
(2.6903, -0.3112, 1.8527)
(2.9798, -0.6432, 1.8994)
(2.9503, -0.7946, 1.4624)
(3.2864, -1.0569, 1.4767)
(3.2473, -1.2146, 1.0404)
(3.6639, -1.352, 1.0084)
(3.6394, -1.493, 0.5681)
(4.0701, -1.5501, 0.5153)
(4.0366, -1.7699, 0.1338)
(4.4388, -1.8767, 0.1154)
(4.4793, -2.1106, -0.0707)
(4.9236, -2.2189, -0.11)
(4.9834, -2.4073, -0.2527)
(1.0056, 0.9281, 2.794)
(1.2205, 1.0276, 2.4607)
(1.4206, 0.6156, 2.4705)
(1.596, 0.6426, 2.0678)
(1.8986, 0.3039, 2.1199)
(2.0532, 0.3119, 1.7126)
(2.3938, 0.0178, 1.7869)
(2.4176, -0.0906, 1.3576)
(2.676, -0.4525, 1.4155)
(2.6295, -0.618, 0.9853)
(2.8983, -0.9642, 1.0312)
(2.8727, -1.1092, 0.5952)
(3.2207, -1.3658, 0.6012)
(3.194, -1.5276, 0.1766)
(3.619, -1.7009, 0.1683)
(3.6613, -1.9878, -0.0559)
(4.0901, -2.0219, -0.0586)
(4.2926, -2.1311, -0.0969)
(4.6345, -2.249, -0.1393)
(4.7929, -2.3787, -0.21)
(1.013, 1.3962, 2.3836)
(1.2519, 1.484, 2.0495)
(1.4038, 1.0586, 2.06)
(1.5739, 1.0606, 1.6493)
(1.7465, 0.6437, 1.6598)
(1.8769, 0.613, 1.2511)
(2.1338, 0.251, 1.298)
(2.1805, 0.1469, 0.8776)
(2.3949, -0.2401, 0.9275)
(2.4298, -0.3491, 0.5062)
(2.6183, -0.7528, 0.5548)
(2.6566, -0.8431, 0.1358)
(2.8627, -1.2231, 0.1723)
(2.8366, -1.2706, -0.2)
(3.1197, -1.63, -0.1906)
(1.0341, 1.8297, 1.9453)
(1.315, 1.9084, 1.6153)
(1.4741, 1.5038, 1.6552)
(1.6755, 1.4967, 1.2448)
(1.7402, 1.0419, 1.236)
(1.9233, 1.0131, 0.8249)
(2.019, 0.5641, 0.8413)
(2.1875, 0.5264, 0.4368)
(2.2897, 0.0795, 0.4666)
(2.4439, 0.0454, 0.0746)
(2.5358, -0.4071, 0.1038)
(2.6463, -0.4429, -0.2859)
(2.7138, -0.8812, -0.2502)
(2.7126, -0.8707, -0.6031)
(2.78, -1.257, -0.5333)
(1.0627, 2.2267, 1.4801)
(1.3569, 2.3128, 1.1601)
(1.5656, 1.9308, 1.2306)
(1.7661, 1.9193, 0.8173)
(1.8605, 1.4712, 0.8261)
(2.0353, 1.4348, 0.4073)
(2.1118, 0.9804, 0.419)
(2.2826, 0.947, 0.0187)
(2.3629, 0.4974, 0.0462)
(2.5035, 0.4675, -0.3441)
(2.5761, 0.0146, -0.3126)
(2.6383, -0.0241, -0.706)
(2.6783, -0.4626, -0.6626)
(2.6108, -0.452, -1.0157)
(2.6203, -0.8395, -0.9384)
(1.0817, 2.6133, 1.0111)
(1.3453, 2.7072, 0.6953)
(1.5936, 2.3372, 0.7755)
(1.7525, 2.3099, 0.3517)
(1.9194, 1.8808, 0.3868)
(2.0252, 1.8225, -0.0505)
(2.1748, 1.3899, -0.0144)
(2.2762, 1.3402, -0.4332)
(2.4101, 0.9101, -0.3844)
(2.5009, 0.8713, -0.7902)
(2.5853, 0.428, -0.7441)
(2.5897, 0.3819, -1.1385)
(2.6161, -0.0507, -1.0888)
(2.5037, -0.0369, -1.4362)
(2.483, -0.4153, -1.3503)
(1.0595, 2.9702, 0.5333)
(1.2536, 3.0645, 0.2158)
(1.53, 2.7119, 0.298)
(1.6229, 2.6487, -0.1346)
(1.838, 2.2423, -0.089)
(1.8695, 2.1486, -0.5335)
(2.0865, 1.7499, -0.4851)
(2.122, 1.6656, -0.888)
(2.3564, 1.2904, -0.84)
(2.3675, 1.1997, -1.189)
(2.5313, 0.823, -1.1786)
(2.4003, 0.7458, -1.4973)
(2.4722, 0.3542, -1.4888)
(2.3121, 0.3778, -1.8198)
(2.3704, 0.0132, -1.7779)
(0.9459, 3.3063, 0.0619)
(1.0845, 3.3759, -0.2709)
(1.3745, 3.0326, -0.1931)
(1.4061, 2.9217, -0.6299)
(1.6424, 2.5396, -0.5786)
(1.6474, 2.4173, -1.0281)
(1.8749, 2.0377, -0.9553)
(1.8231, 1.8714, -1.2938)
(2.0687, 1.512, -1.1953)
(1.9717, 1.3071, -1.4098)
(2.2308, 1.0424, -1.4305)
(2.0834, 0.9841, -1.7318)
(2.1975, 0.7202, -1.8069)
(2.1163, 0.8086, -2.1866)
(2.2022, 0.4526, -2.1697)
(0.7691, 3.6278, -0.3978)
(0.942, 3.6102, -0.7421)
(1.1601, 3.2897, -0.6846)
(1.2758, 3.1718, -1.077)
(1.4236, 2.7875, -1.0737)
(1.5377, 2.6591, -1.4721)
(1.6536, 2.2691, -1.4368)
(1.7343, 2.1046, -1.7194)
(1.7979, 1.6807, -1.5518)
(1.9054, 1.529, -1.8129)
(1.9768, 1.2049, -1.6985)
(2.0996, 1.3287, -2.1691)
(2.1033, 1.1257, -2.1939)
(2.2171, 1.3154, -2.6789)
(2.1613, 0.9655, -2.6282)
(0.7138, 3.7405, -0.8805)
(1.0506, 3.7549, -1.1582)
(1.2078, 3.537, -1.0646)
(1.5423, 3.4928, -1.358)
(1.5401, 3.0758, -1.396)
(1.8663, 2.9789, -1.6734)
(1.7816, 2.5309, -1.7419)
(2.0515, 2.4028, -1.9761)
(1.9272, 1.95, -1.9473)
(2.1377, 1.8384, -2.2585)
(2.0865, 1.5081, -2.1911)
(2.317, 1.657, -2.6536)
(2.2753, 1.5622, -2.6863)
(2.4506, 1.6213, -3.0777)
(2.317, 1.4163, -3.0944)
(0.7409, 3.901, -1.342)
(1.0617, 4.0375, -1.6307)
(1.3763, 3.8106, -1.4554)
(1.6412, 3.7801, -1.8113)
(1.8359, 3.4171, -1.6895)
(2.0447, 3.2952, -2.021)
(2.1411, 2.8735, -1.9691)
(2.3042, 2.7466, -2.2812)
(2.2715, 2.2943, -2.2809)
(2.4231, 2.2266, -2.6019)
(2.3476, 1.8308, -2.6303)
(2.6392, 1.8266, -2.9151)
(2.6085, 1.6784, -2.9986)
(2.8208, 1.5684, -3.2644)
(2.6474, 1.4651, -3.368)
(0.7076, 4.2554, -1.8068)
(0.9737, 4.2933, -2.1411)
(1.3332, 4.0622, -1.9774)
(1.4864, 3.9232, -2.3058)
(1.8051, 3.6431, -2.156)
(1.8091, 3.4125, -2.3964)
(2.0866, 3.1006, -2.3031)
(2.1451, 2.9959, -2.5611)
(2.3847, 2.6495, -2.5798)
(2.5348, 2.6203, -2.7584)
(2.617, 2.1985, -2.8189)
(2.7912, 2.2238, -3.0598)
(2.8474, 1.8411, -3.1722)
(2.8151, 1.9644, -3.5006)
(2.7941, 1.6186, -3.5618)
(0.5993, 4.4782, -2.316)
(0.7365, 4.3566, -2.5568)
(1.1078, 4.144, -2.4398)
(1.1404, 3.8766, -2.5706)
(1.5023, 3.6652, -2.4989)
(1.6126, 3.5621, -2.6051)
(1.8943, 3.3099, -2.5733)
(2.163, 3.3576, -2.6853)
(2.3713, 3.0255, -2.7217)
(2.514, 2.9935, -2.8765)
(2.656, 2.6131, -2.9562)
(2.7256, 2.6242, -3.3054)
(2.8145, 2.3074, -3.4353)
(2.8642, 2.3917, -3.7812)
(2.7684, 2.1075, -3.8595)
(0.3833, 4.4689, -2.6246)
(0.4241, 4.2714, -2.6562)
(0.7885, 4.1005, -2.6098)
(0.9367, 3.9739, -2.5764)
(1.2898, 3.7766, -2.5992)
(1.6043, 3.8854, -2.6206)
(1.8885, 3.6312, -2.6663)
(2.0672, 3.5635, -2.7219)
(2.3246, 3.2861, -2.7943)
(2.4191, 3.1568, -3.0494)
(2.6143, 2.9189, -3.1674)
(2.8887, 2.8636, -3.4323)
(2.9206, 2.6227, -3.5988)
(3.1464, 2.6104, -3.7899)
(3.0026, 2.4344, -4.0248)
(2.2607, -2.533, 3.4159)
(2.6048, -2.6749, 3.1852)
(2.342, -2.7436, 3.2014)
(3.1678, -2.8187, 2.8914)
(2.7494, -2.8921, 2.9332)
(3.7362, -2.9352, 2.4972)
(3.3396, -3.0178, 2.5915)
(4.2515, -3.0402, 2.0259)
(3.8788, -3.1172, 2.1615)
(4.7308, -3.1639, 1.5135)
(4.3736, -3.2283, 1.6812)
(5.1973, -3.319, 0.9676)
(4.8186, -3.3746, 1.1453)
(5.7196, -3.4464, 0.4872)
(5.3201, -3.5293, 0.5819)
(5.8601, -3.6814, 0.1307)
(-2.765, 1.2608, -0.1716)
(-2.867, 2.8104, -2.9862)
(-2.2299, -1.2935, 4.0668)
(-2.2824, 1.8776, -1.8752)
(-2.8396, -0.9523, 4.1102)
(-3.4056, -0.535, 4.0657)
(-2.8793, 1.0492, 0.3862)
(-3.9506, -0.108, 3.9477)
(-4.4896, 0.3168, 3.83)
(-4.8494, 0.8468, 3.5492)
(-5.3388, 1.3261, 3.5675)
(-2.8386, 2.3636, -2.5755)
(-5.8985, 1.7819, 3.6993)
(-2.4724, 1.7085, -1.2941)
(-2.6491, 1.4784, -0.7345)
(-3.7009, 1.3792, 1.7011)
(-2.9756, 0.8648, 0.9576)
(-3.2098, 0.8806, 1.5965)
(-3.9091, 1.2963, 2.3753)
(-4.5916, 1.5643, 2.4354)
(-2.7735, 3.231, -3.4248)
(-2.2796, 2.5658, -2.805)
(-2.1892, 2.0639, -2.5627)
(-6.1382, 1.8922, 3.2538)
(-5.938, 1.7163, 3.4704)
(-6.0275, 1.8818, 3.6226)
(-6.2327, 2.0287, 3.4197)
(-4.6126, 1.6877, 2.3492)
(-4.5495, 1.6818, 2.3923)
(-4.7627, 1.9139, 2.3251)
(-4.7821, 1.864, 2.2653)
(-4.7257, 1.9451, 2.2076)
(-5.003, 2.2194, 2.1262)
(-5.0005, 2.1603, 2.2522)
(-5.1007, 2.0687, 1.8977)
(-5.4168, 2.2587, 1.9143)
(-5.2951, 2.4589, 2.0836)
(-5.4567, 2.0016, 2.0058)
(-5.7732, 2.0925, 2.1996)
(-5.7467, 2.3439, 2.0234)
(-5.7142, 1.8609, 2.4757)
(-6.0245, 1.9718, 2.7179)
(-6.0833, 2.1751, 2.4195)
(-5.9363, 1.7361, 3.0004)
(-6.2523, 2.1047, 2.9897)
(-2.2084, -1.7735, 3.1385)
(-2.0065, -1.8223, 3.3977)
(-2.1994, -1.6195, 3.6624)
(-2.4501, -1.5585, 3.4312)
(-2.7188, -1.4168, 3.1466)
(-2.6754, -1.3044, 3.6942)
(-2.9833, -1.1572, 3.4263)
(-3.223, -0.9282, 3.109)
(-3.223, -0.8746, 3.6679)
(-3.4844, -0.6652, 3.363)
(-3.6678, -0.3903, 3.0317)
(-3.7393, -0.4002, 3.5811)
(-3.963, -0.1588, 3.2624)
(-4.1156, 0.1418, 2.9271)
(-4.2626, 0.0627, 3.4613)
(-4.4671, 0.3355, 3.1361)
(-4.6166, 0.6592, 2.8164)
(-4.7716, 0.5677, 3.3239)
(-4.984, 0.8524, 3.0219)
(-5.1265, 1.1453, 2.7509)
(-5.2629, 1.0742, 3.2338)
(-5.4799, 1.3126, 2.9825)
(-5.618, 1.5872, 2.7352)
(-5.7566, 1.5099, 3.2416)
(-2.0992, -1.8616, 2.5606)
(-1.8671, -1.9945, 2.8498)
(-2.4279, -1.6449, 2.8565)
(-2.6748, -1.4169, 2.5574)
(-2.9455, -1.1732, 2.8409)
(-3.146, -0.893, 2.5411)
(-3.3834, -0.6288, 2.7918)
(-3.5569, -0.3378, 2.4992)
(-3.7928, -0.0672, 2.7143)
(-3.9584, 0.2305, 2.435)
(-4.2295, 0.481, 2.6276)
(-4.3922, 0.7857, 2.3882)
(-4.723, 1.0005, 2.5689)
(-4.8613, 1.3084, 2.366)
(-5.2195, 1.47, 2.5385)
(-5.3508, 1.755, 2.2882)
(-0.9482, -2.4143, 1.7043)
(-0.8673, -2.4592, 2.1212)
(-1.2132, -2.3275, 2.0192)
(-1.5697, -2.1919, 1.8459)
(-1.4516, -2.2202, 2.4006)
(-1.8017, -2.0509, 2.2145)
(-2.1776, -1.8758, 1.9416)
(-2.4173, -1.6527, 2.2567)
(-2.762, -1.4648, 1.9753)
(-2.9532, -1.1798, 2.2642)
(-3.2894, -1.0117, 2.0082)
(-3.4194, -0.6745, 2.2726)
(-3.7462, -0.5024, 2.0183)
(-3.8361, -0.1243, 2.2408)
(-4.1391, 0.0672, 1.985)
(-4.2354, 0.4476, 2.1941)
(-4.5191, 0.6471, 1.9427)
(-4.6567, 1.0055, 2.1617)
(-4.88, 1.2236, 1.9188)
(-5.0786, 1.5414, 2.1106)
(-5.1815, 1.7946, 1.8778)
(-1.067, -2.3626, 1.1343)
(-1.328, -2.2967, 1.4938)
(-1.7224, -2.1916, 1.2503)
(-1.9582, -2.0691, 1.606)
(-2.3627, -1.9641, 1.3613)
(-2.5722, -1.7462, 1.6848)
(-2.9294, -1.6173, 1.4683)
(-3.13, -1.3359, 1.7392)
(-3.3927, -1.1419, 1.542)
(-3.6085, -0.848, 1.7645)
(-3.7629, -0.5724, 1.5629)
(-3.9881, -0.2767, 1.7477)
(-4.07, 0.0453, 1.5416)
(-4.3292, 0.3243, 1.7099)
(-4.3635, 0.6678, 1.5207)
(-4.6455, 0.9247, 1.7002)
(-4.5799, 1.2501, 1.6618)
(-4.8819, 1.5174, 1.7885)
(-4.7715, 1.7982, 1.9246)
(-1.1839, -2.3056, 0.5288)
(-1.458, -2.2578, 0.8897)
(-1.8471, -2.1521, 0.6457)
(-2.1159, -2.0863, 1.006)
(-2.4867, -1.9457, 0.7713)
(-2.7099, -1.8169, 1.1384)
(-2.8993, -1.5329, 0.9641)
(-3.1043, -1.352, 1.305)
(-3.1308, -0.9608, 1.211)
(-3.4411, -0.7944, 1.4378)
(-3.3814, -0.3669, 1.4178)
(-3.7348, -0.1833, 1.5021)
(-3.6283, 0.2572, 1.5074)
(-4.0123, 0.4475, 1.4846)
(-3.9078, 0.8702, 1.5484)
(-4.2757, 1.0371, 1.5661)
(-4.1786, 1.2874, 1.858)
(-4.4728, 1.4947, 1.928)
(-4.4568, 1.6388, 2.2636)
(-1.2923, -2.2435, -0.0749)
(-1.5722, -2.1978, 0.286)
(-1.9599, -2.0759, 0.044)
(-2.231, -2.0224, 0.4065)
(-2.5793, -1.8165, 0.184)
(-2.7739, -1.7007, 0.5686)
(-2.924, -1.3273, 0.4152)
(-2.9833, -1.1368, 0.8373)
(-3.0224, -0.7091, 0.7268)
(-3.1361, -0.5344, 1.1324)
(-3.1011, -0.0982, 1.044)
(-3.3027, 0.0784, 1.3782)
(-3.1979, 0.5167, 1.3422)
(-3.5095, 0.7071, 1.5414)
(-3.4551, 1.1151, 1.646)
(-3.8511, 1.202, 1.7233)
(-3.8217, 1.337, 2.0397)
(-4.1505, 1.3944, 2.2086)
(-4.2672, 1.4246, 2.3908)
(-1.3777, -2.1405, -0.6733)
(-1.6747, -2.1133, -0.3162)
(-2.0437, -1.949, -0.553)
(-2.3276, -1.9025, -0.1894)
(-2.6101, -1.6147, -0.3887)
(-2.8103, -1.4904, 0.0024)
(-2.8718, -1.0663, -0.1252)
(-2.9522, -0.8908, 0.2994)
(-2.9112, -0.4513, 0.2014)
(-2.9923, -0.2755, 0.629)
(-2.9408, 0.1438, 0.5338)
(-3.0367, 0.3183, 0.9554)
(-2.9771, 0.661, 0.8281)
(-3.0935, 0.8635, 1.2643)
(-1.4206, -1.9579, -1.2565)
(-1.7341, -1.9604, -0.9069)
(-2.0577, -1.7288, -1.1259)
(-2.3491, -1.6939, -0.7626)
(-2.5497, -1.331, -0.9272)
(-2.7416, -1.2137, -0.5331)
(-2.7541, -0.7751, -0.6432)
(-2.8323, -0.6193, -0.2233)
(-2.7944, -0.196, -0.324)
(-2.8626, -0.0309, 0.1043)
(-2.839, 0.3674, -0.0026)
(-2.901, 0.521, 0.4182)
(-2.87, 0.8461, 0.2693)
(-2.9273, 0.9483, 0.6627)
(-1.4398, -1.7405, -1.8304)
(-1.7529, -1.743, -1.482)
(-2.0537, -1.4751, -1.6879)
(-2.3215, -1.422, -1.315)
(-2.5108, -1.0465, -1.4699)
(-2.6582, -0.9178, -1.0597)
(-2.7114, -0.4996, -1.1786)
(-2.7461, -0.3506, -0.7513)
(-2.7726, 0.0539, -0.8651)
(-2.7935, 0.2062, -0.4341)
(-2.812, 0.5959, -0.5497)
(-2.8302, 0.7333, -0.13)
(-2.7953, 1.0603, -0.2854)
(-2.8232, 1.1473, 0.0997)
(-1.4404, -1.4928, -2.3922)
(-1.7552, -1.4968, -2.0461)
(-2.0381, -1.201, -2.2396)
(-2.3016, -1.1441, -1.8649)
(-2.4888, -0.7603, -2.0121)
(-2.6383, -0.6388, -1.601)
(-2.735, -0.2281, -1.7198)
(-2.7681, -0.0911, -1.2932)
(-2.8383, 0.3109, -1.4081)
(-2.8211, 0.4493, -0.9798)
(-2.8292, 0.8427, -1.0963)
(-2.7999, 0.9623, -0.6809)
(-2.7176, 1.2903, -0.8408)
(-2.7108, 1.3627, -0.4604)
(-1.4239, -1.22, -2.9414)
(-1.7412, -1.2259, -2.5982)
(-2.0099, -0.9126, -2.7821)
(-2.2734, -0.853, -2.4062)
(-2.4564, -0.4627, -2.5472)
(-2.6296, -0.3519, -2.1395)
(-2.735, 0.0647, -2.2545)
(-2.8178, 0.1827, -1.8336)
(-2.8488, 0.6018, -1.9401)
(-2.8623, 0.7173, -1.5211)
(-2.7509, 1.1102, -1.617)
(-2.7421, 1.2118, -1.2265)
(-2.5586, 1.5244, -1.3803)
(-2.5661, 1.5885, -1.0228)
(-1.3944, -0.9342, -3.4825)
(-1.7148, -0.9412, -3.1419)
(-1.9761, -0.6235, -3.3219)
(-2.2357, -0.5557, -2.9416)
(-2.4191, -0.1705, -3.0806)
(-2.5928, -0.0498, -2.6691)
(-2.6642, 0.3567, -2.7733)
(-2.7776, 0.4895, -2.355)
(-2.6643, 0.8783, -2.4207)
(-2.7276, 1.0081, -2.0154)
(-2.4389, 1.3194, -2.0483)
(-2.4888, 1.4336, -1.7008)
(-2.2941, 1.703, -1.8887)
(-2.3866, 1.8009, -1.5984)
(-1.3542, -0.6491, -4.0217)
(-1.6808, -0.6578, -3.6839)
(-1.928, -0.3414, -3.8569)
(-2.2038, -0.276, -3.4807)
(-2.3677, 0.0949, -3.5967)
(-2.548, 0.2094, -3.1986)
(-2.5249, 0.5812, -3.2582)
(-2.5738, 0.7121, -2.836)
(-2.3552, 1.0109, -2.841)
(-2.3924, 1.1571, -2.4355)
(-2.2076, 1.43, -2.479)
(-2.238, 1.5709, -2.1613)
(-2.2185, 1.9064, -2.4598)
(-2.2531, 1.9969, -2.2726)
(-1.2821, -0.3501, -4.5384)
(-1.6199, -0.3712, -4.2137)
(-1.7684, -0.021, -4.2997)
(-2.0817, 0.0265, -3.9585)
(-2.0768, 0.4021, -3.9107)
(-2.3846, 0.4905, -3.619)
(-2.3088, 0.8763, -3.5573)
(-2.4169, 0.9602, -3.2585)
(-2.296, 1.2943, -3.2141)
(-2.2046, 1.3319, -2.8414)
(-2.2528, 1.7286, -2.8947)
(-2.2178, 1.8394, -2.6392)
(-2.3454, 2.2677, -2.7846)
(-2.2572, 2.3695, -2.7511)
(-1.1183, 0.0197, -4.942)
(-1.4476, -0.0214, -4.6229)
(-1.4087, 0.3414, -4.5044)
(-1.7297, 0.3404, -4.193)
(-1.6034, 0.6325, -3.965)
(-1.9605, 0.7142, -3.7282)
(-1.8819, 1.0377, -3.6122)
(-2.198, 1.2018, -3.4621)
(-2.1833, 1.5445, -3.4383)
(-2.3029, 1.6176, -3.1894)
(-2.5362, 1.9543, -3.1639)
(-2.5052, 2.0686, -2.906)
(-2.7531, 2.2974, -2.8262)
(-2.5692, 2.5004, -2.7175)
(-0.8894, 0.4474, -5.2112)
(-1.1198, 0.3769, -4.8413)
(-1.0132, 0.7329, -4.627)
(-1.2744, 0.6641, -4.2803)
(-1.3198, 0.9753, -4.1901)
(-1.6002, 0.9499, -3.8705)
(-1.7629, 1.3561, -3.9677)
(-1.9427, 1.4616, -3.6625)
(-2.1239, 1.8965, -3.7538)
(-2.3353, 1.9477, -3.4588)
(-2.5453, 2.3179, -3.4752)
(-2.7426, 2.282, -3.1288)
(-2.819, 2.6401, -3.1588)
(-2.8514, 2.5824, -2.7906)
(-0.7605, 0.9319, -5.4564)
(-0.8587, 0.8292, -5.0373)
(-0.8952, 1.1963, -4.8671)
(-1.0637, 1.0808, -4.5045)
(-1.3337, 1.3498, -4.5617)
(-1.583, 1.2878, -4.295)
(-1.8958, 1.5914, -4.4383)
(-2.0229, 1.7422, -4.1014)
(-2.2876, 2.0899, -4.2042)
(-2.3735, 2.2606, -3.8365)
(-2.5917, 2.6099, -3.901)
(-2.7184, 2.6692, -3.5296)
(-2.7635, 3.0244, -3.5752)
(-2.8199, 3.0161, -3.2151)
(-0.706, 1.3319, -5.6527)
(-0.779, 1.2706, -5.2594)
(-0.8871, 1.5722, -5.0817)
(-1.0818, 1.4777, -4.7896)
(-1.3755, 1.6349, -4.8722)
(-1.6607, 1.5455, -4.7046)
(-1.94, 1.7886, -4.8168)
(-2.1546, 1.915, -4.5289)
(-2.3421, 2.2766, -4.5799)
(-2.4733, 2.4559, -4.2558)
(-2.5725, 2.8321, -4.2529)
(-2.6807, 2.964, -3.9126)
(-2.6997, 3.264, -3.9096)
(-2.7624, 3.3233, -3.5972)
(-2.0261, -1.6622, 3.8153)
(-2.1442, -1.4397, 4.0091)
(-2.3593, -1.3866, 3.8832)
(-2.5433, -1.1257, 4.0802)
(-2.9037, -1.0267, 3.9051)
(-3.1311, -0.7432, 4.078)
(-3.4536, -0.5895, 3.8514)
(-3.6872, -0.3194, 3.9958)
(-3.9915, -0.1455, 3.7439)
(-4.2317, 0.1047, 3.8793)
(-4.5176, 0.3082, 3.6119)
(-4.6799, 0.5886, 3.7033)
(-4.9684, 0.836, 3.4589)
(-5.1081, 1.0994, 3.5897)
(-5.4617, 1.3085, 3.4302)
(-5.6308, 1.5539, 3.6397)
(-5.7267, 1.8894, 3.8054)
(-5.785, 2.2501, 3.8926)
(-6.0011, 2.2222, 3.8868)
(-5.9707, 1.9279, 3.7893)
(-4.5889, 1.6532, 2.4365)
(-4.7067, 1.6754, 2.393)
(-4.9063, 1.8931, 2.2956)
(-4.8205, 1.9171, 2.3844)
(-4.6754, 1.9981, 2.515)
(-5.0176, 2.318, 2.3306)
(-4.8863, 2.4111, 2.5392)
(-4.7566, 2.4621, 2.8105)
(-5.0312, 2.8392, 2.6183)
(-4.9656, 2.8363, 2.9599)
(-4.9011, 2.7722, 3.3022)
(-5.1633, 3.1267, 3.1237)
(-5.1727, 2.9906, 3.479)
(-5.1727, 2.7417, 3.748)
(-5.4902, 3.0462, 3.6171)
(-5.5104, 2.7359, 3.8352)
(-5.4873, 2.3076, 3.913)
(-5.8143, 2.6473, 3.8668)
(-1.3754, -1.0028, 4.2753)
(-1.3763, -0.6922, 4.258)
(-1.8279, -0.7577, 4.2848)
(-1.7752, -1.0688, 4.2547)
(-1.9144, -0.3769, 4.272)
(-2.3962, -0.4141, 4.2989)
(-2.2756, -0.8009, 4.2651)
(-2.5007, 0.0084, 4.2554)
(-2.9649, -0.0105, 4.2467)
(-2.8548, -0.4247, 4.2524)
(-3.0606, 0.4198, 4.1775)
(-3.5144, 0.4003, 4.1487)
(-3.4053, -0.0101, 4.1546)
(-3.6095, 0.8282, 4.1117)
(-4.0655, 0.7943, 4.0816)
(-3.9571, 0.3811, 4.0695)
(-4.1503, 1.2753, 4.0311)
(-4.5611, 1.2743, 3.9446)
(-4.4605, 0.8017, 3.9299)
(-4.6734, 1.7912, 3.9358)
(-5.0418, 1.8071, 3.904)
(-4.91, 1.3053, 3.8057)
(-5.144, 2.3271, 3.8964)
(-5.3894, 1.8284, 3.8493)
(-0.8624, -0.6794, 4.1972)
(-0.9449, -0.3278, 4.0655)
(-1.4361, -0.3421, 4.1845)
(-1.5768, 0.0386, 4.0424)
(-2.0341, 0.0275, 4.1812)
(-2.1727, 0.4067, 3.9875)
(-2.6093, 0.4206, 4.1148)
(-2.7326, 0.7922, 3.8865)
(-3.1577, 0.8313, 4.0372)
(-3.2464, 1.2212, 3.8565)
(-3.6876, 1.2659, 4.0049)
(-3.7946, 1.66, 3.7949)
(-4.2527, 1.7354, 3.8953)
(-4.3674, 2.1014, 3.6519)
(-4.7724, 2.2492, 3.8004)
(-4.83, 2.5918, 3.5809)
(0.5671, -0.2592, 3.6545)
(0.1886, -0.3978, 3.8134)
(0.4837, -0.6326, 3.8407)
(-0.087, -0.1234, 3.6916)
(-0.4792, -0.2583, 3.893)
(-0.2114, -0.5668, 4.019)
(-0.7264, 0.109, 3.6733)
(-1.1359, 0.0616, 3.8686)
(-1.3629, 0.3812, 3.6078)
(-1.7596, 0.3794, 3.8109)
(-1.9693, 0.6402, 3.501)
(-2.3324, 0.7278, 3.7058)
(-2.5031, 0.9905, 3.3841)
(-2.8627, 1.1187, 3.6178)
(-2.98, 1.3998, 3.3537)
(-3.3546, 1.5605, 3.6172)
(-3.5262, 1.76, 3.2893)
(-3.9461, 1.937, 3.4798)
(-4.084, 2.0729, 3.1677)
(-4.4633, 2.3326, 3.375)
(-4.5975, 2.4402, 3.1002)
(0.6557, 0.2389, 3.3678)
(0.2852, 0.0355, 3.5188)
(0.0045, 0.2996, 3.2676)
(-0.3557, 0.176, 3.4568)
(-0.6222, 0.4653, 3.1688)
(-0.9826, 0.4266, 3.3981)
(-1.2557, 0.6298, 3.0721)
(-1.6204, 0.5905, 3.2845)
(-1.8977, 0.6983, 2.9289)
(-2.1973, 0.8204, 3.1597)
(-2.3647, 1.0182, 2.826)
(-2.6345, 1.2298, 3.0823)
(-2.8091, 1.3466, 2.8007)
(-3.1446, 1.5342, 3.0686)
(-3.3786, 1.5404, 2.7444)
(-3.7176, 1.8112, 2.9602)
(-3.932, 1.8216, 2.7069)
(-4.2514, 2.1168, 2.909)
(-4.475, 2.0963, 2.6877)
(0.7117, 0.7317, 2.9997)
(0.3657, 0.4973, 3.1301)
(0.0908, 0.6732, 2.8026)
(-0.2632, 0.5184, 2.9516)
(-0.5195, 0.7281, 2.6261)
(-0.8873, 0.6939, 2.855)
(-1.1616, 0.8089, 2.5006)
(-1.5376, 0.7173, 2.7094)
(-1.8108, 0.7461, 2.3377)
(-2.1333, 0.7978, 2.5714)
(-2.3182, 0.9725, 2.2251)
(-2.5342, 1.1938, 2.5093)
(-2.8224, 1.184, 2.2071)
(-3.0959, 1.3139, 2.4986)
(-3.3987, 1.33, 2.1839)
(-3.6451, 1.5717, 2.4495)
(-3.9115, 1.5694, 2.3194)
(-4.1944, 1.7885, 2.56)
(-4.4157, 1.6886, 2.4878)
(0.7306, 1.1976, 2.5935)
(0.4185, 0.9277, 2.7063)
(0.1544, 1.0469, 2.3423)
(-0.1578, 0.8107, 2.4372)
(-0.4173, 0.9608, 2.0843)
(-0.7859, 0.8916, 2.287)
(-1.0607, 0.9557, 1.9184)
(-1.4381, 0.8398, 2.1252)
(-1.7028, 0.8347, 1.7486)
(-2.0494, 0.8079, 1.9719)
(-2.2769, 0.936, 1.6239)
(-2.5524, 1.0878, 1.8988)
(-2.8516, 1.0185, 1.5955)
(-3.1536, 1.1002, 1.9108)
(-3.4556, 1.1447, 1.6516)
(-3.6617, 1.3968, 1.9823)
(-3.7883, 1.3385, 2.0366)
(-4.0757, 1.4739, 2.3627)
(-4.2336, 1.436, 2.4198)
(0.7319, 1.6506, 2.1727)
(0.4319, 1.3702, 2.2879)
(0.1487, 1.4892, 1.9338)
(-0.1044, 1.1549, 1.9684)
(-0.3822, 1.2538, 1.6026)
(-0.6922, 1.0542, 1.7218)
(-0.9693, 1.0963, 1.3498)
(-1.3314, 0.9577, 1.5399)
(-1.5931, 0.9637, 1.1717)
(-1.953, 0.867, 1.3849)
(-2.21, 0.9454, 1.0468)
(-2.5332, 0.9922, 1.3014)
(-2.7558, 0.9526, 0.9901)
(-3.0918, 0.8819, 1.2898)
(0.7395, 2.0627, 1.7172)
(0.4208, 1.8145, 1.8682)
(0.1138, 1.9352, 1.5278)
(-0.1402, 1.591, 1.5722)
(-0.4331, 1.6876, 1.2101)
(-0.6669, 1.3369, 1.237)
(-0.9517, 1.4259, 0.883)
(-1.243, 1.1491, 0.9895)
(-1.5107, 1.2175, 0.6471)
(-1.853, 1.0167, 0.8253)
(-2.1136, 1.0949, 0.4971)
(-2.4522, 0.9974, 0.7247)
(-2.6495, 1.0596, 0.4157)
(-2.9276, 0.9657, 0.6812)
(0.76, 2.4405, 1.2385)
(0.4225, 2.2172, 1.4114)
(0.1201, 2.3194, 1.063)
(-0.1855, 2.0336, 1.1706)
(-0.4788, 2.1207, 0.808)
(-0.7264, 1.7844, 0.8556)
(-1.0101, 1.8795, 0.5089)
(-1.2309, 1.5187, 0.5446)
(-1.5059, 1.6218, 0.2207)
(-1.7802, 1.3094, 0.3243)
(-2.044, 1.4039, 0.005)
(-2.3495, 1.1812, 0.181)
(-2.5449, 1.289, -0.1241)
(-2.8211, 1.1627, 0.1149)
(0.791, 2.7741, 0.7424)
(0.4583, 2.5552, 0.9104)
(0.1861, 2.585, 0.5312)
(-0.1634, 2.3818, 0.6888)
(-0.4319, 2.4189, 0.3038)
(-0.7592, 2.1987, 0.4424)
(-1.0284, 2.2771, 0.0828)
(-1.2843, 1.9779, 0.1695)
(-1.5535, 2.074, -0.172)
(-1.7774, 1.722, -0.1035)
(-2.0436, 1.81, -0.4366)
(-2.2844, 1.502, -0.3102)
(-2.4651, 1.5811, -0.64)
(-2.7033, 1.3765, -0.4456)
(0.7762, 3.0534, 0.2438)
(0.5273, 2.7819, 0.3711)
(0.2676, 2.7418, -0.0169)
(-0.0653, 2.5641, 0.1343)
(-0.3157, 2.5499, -0.2657)
(-0.691, 2.451, -0.08)
(-0.9406, 2.469, -0.4381)
(-1.2906, 2.3549, -0.271)
(-1.5225, 2.3571, -0.6346)
(-1.8129, 2.1416, -0.5341)
(-2.0128, 2.1155, -0.9027)
(-2.2596, 1.8607, -0.7858)
(-2.3486, 1.831, -1.1596)
(-2.5554, 1.5984, -1.0057)
(0.6028, 3.4124, -0.1722)
(0.4671, 3.0518, -0.0925)
(0.1739, 3.0574, -0.452)
(0.0082, 2.7251, -0.4106)
(-0.2564, 2.7069, -0.8006)
(-0.5618, 2.5166, -0.6446)
(-0.819, 2.445, -0.94)
(-1.1589, 2.3872, -0.7598)
(-1.349, 2.2972, -1.0934)
(-1.6769, 2.2389, -1.0093)
(-1.7894, 2.1067, -1.3887)
(-2.0845, 1.9776, -1.284)
(-2.1356, 1.9081, -1.6985)
(-2.3682, 1.7852, -1.5709)
(0.4338, 3.7066, -0.6038)
(0.2559, 3.4479, -0.4596)
(-0.0416, 3.436, -0.8076)
(-0.0974, 3.0621, -0.8363)
(-0.4544, 3.0746, -1.1674)
(-0.5819, 2.706, -1.1096)
(-0.9509, 2.7441, -1.3098)
(-1.1028, 2.4518, -1.1869)
(-1.4079, 2.5811, -1.4644)
(-1.568, 2.3339, -1.4509)
(-1.8171, 2.3983, -1.8291)
(-1.9525, 2.087, -1.792)
(-2.1045, 2.1503, -2.2232)
(-2.2185, 1.9445, -2.1652)
(0.4033, 3.7601, -1.1044)
(0.1043, 3.6577, -0.8914)
(-0.2443, 3.6872, -1.1523)
(-0.3937, 3.4234, -1.1303)
(-0.7926, 3.4698, -1.3863)
(-0.8737, 3.097, -1.4099)
(-1.2861, 3.1588, -1.4957)
(-1.3352, 2.8344, -1.446)
(-1.6727, 2.9628, -1.6696)
(-1.6937, 2.7146, -1.8028)
(-1.9997, 2.7338, -2.1062)
(-2.0401, 2.4397, -2.202)
(-2.2584, 2.4818, -2.4949)
(-2.2116, 2.2602, -2.6166)
(0.3899, 4.113, -1.5144)
(0.0564, 3.9086, -1.2957)
(-0.2741, 4.0797, -1.4568)
(-0.5972, 3.8265, -1.3413)
(-0.8783, 3.856, -1.5221)
(-1.1443, 3.542, -1.5283)
(-1.4414, 3.5201, -1.6426)
(-1.6474, 3.2373, -1.5863)
(-1.9591, 3.1891, -1.7994)
(-2.0282, 2.9805, -1.9047)
(-2.4042, 2.8751, -2.1197)
(-2.3725, 2.6595, -2.2998)
(-2.6882, 2.5857, -2.4875)
(-2.549, 2.429, -2.663)
(0.3442, 4.4191, -2.0053)
(0.0522, 4.2669, -1.7014)
(-0.2325, 4.2051, -1.9216)
(-0.5234, 4.0237, -1.6605)
(-0.7563, 3.8223, -1.8777)
(-1.0939, 3.678, -1.7327)
(-1.3365, 3.5013, -1.9495)
(-1.6709, 3.3462, -1.8842)
(-1.899, 3.2012, -2.1524)
(-2.214, 3.0399, -2.0962)
(-2.4237, 3.0541, -2.4611)
(-2.6549, 2.856, -2.4416)
(-2.7674, 2.9348, -2.8118)
(-2.8542, 2.5916, -2.7712)
(0.2309, 4.509, -2.4634)
(-0.0079, 4.4093, -2.2238)
(-0.3375, 4.2715, -2.3364)
(-0.5347, 4.0516, -2.1125)
(-0.9032, 4.053, -2.154)
(-1.0944, 3.7719, -1.9995)
(-1.4659, 3.8156, -2.0419)
(-1.6619, 3.4869, -2.0871)
(-1.9158, 3.5423, -2.2835)
(-2.129, 3.2559, -2.4306)
(-2.3278, 3.4124, -2.7553)
(-2.5725, 3.1944, -2.8339)
(-2.6831, 3.3053, -3.1693)
(-2.8206, 3.0253, -3.1959)
(0.0897, 4.3507, -2.5486)
(-0.0887, 4.355, -2.4306)
(-0.3779, 4.2945, -2.2484)
(-0.6688, 4.2492, -2.2659)
(-1.0255, 4.3559, -2.1962)
(-1.2559, 4.1122, -2.1393)
(-1.4679, 4.0091, -2.2388)
(-1.6889, 3.7622, -2.1882)
(-1.8305, 3.7571, -2.4667)
(-2.1029, 3.6337, -2.5919)
(-2.3785, 3.7663, -2.8443)
(-2.5559, 3.5431, -3.0227)
(-2.7856, 3.6547, -3.194)
(-2.8364, 3.4124, -3.3938)
(-1.734, -1.2666, 4.2177)
(-2.1421, -1.1131, 4.1855)
(-2.0499, -1.3116, 4.1199)
(-2.7062, -0.7919, 4.1982)
(-2.5261, -1.1201, 4.0968)
(-3.2729, -0.3891, 4.1476)
(-3.114, -0.7441, 4.0979)
(-3.8168, 0.027, 4.0332)
(-3.669, -0.3236, 4.0176)
(-4.3482, 0.4318, 3.9265)
(-4.2086, 0.104, 3.8984)
(-4.7777, 0.9096, 3.7054)
(-4.6591, 0.575, 3.6759)
(-5.2413, 1.4143, 3.6955)
(-5.0801, 1.0736, 3.5271)
(-5.6065, 1.5542, 3.6271)
(5.8885, -3.7444, -0.3261)
(4.9973, -2.7585, -0.3499)
(5.0579, -2.5683, -0.4437)
(5.0596, -2.5302, -0.7891)
(5.1422, -2.7507, -0.8645)
(5.3345, -3.1283, -0.7069)
(5.5327, -3.5682, -0.5544)
(1.7832, -2.9841, 2.5578)
(2.3055, -3.0455, 2.3143)
(2.8974, -3.1968, 1.9973)
(3.4609, -3.395, 1.6511)
(4.0022, -3.595, 1.291)
(4.3748, -3.5357, 0.8729)
(4.7136, -3.4147, 0.4004)
(5.1905, -3.4833, -0.0958)
(1.3764, -3.0188, 2.1142)
(1.9684, -3.1592, 1.8246)
(2.5712, -3.3317, 1.5039)
(3.1462, -3.5, 1.1621)
(3.703, -3.6516, 0.8016)
(4.1579, -3.5377, 0.4576)
(4.527, -3.2404, 0.1219)
(4.9646, -3.1106, -0.2849)
(-0.2567, -2.6336, 1.8023)
(0.3979, -2.8253, 1.7493)
(1.043, -3.0569, 1.5947)
(1.6668, -3.302, 1.3102)
(2.2717, -3.4685, 0.9965)
(2.8561, -3.5554, 0.6469)
(3.4301, -3.5969, 0.2833)
(4.0016, -3.527, -0.0519)
(4.5188, -3.2766, -0.2686)
(4.8753, -2.9472, -0.5161)
(-0.3512, -2.5603, 1.3093)
(0.2792, -2.7684, 1.1731)
(0.8468, -3.0909, 0.9922)
(1.4173, -3.3738, 0.761)
(2.0247, -3.452, 0.4953)
(2.6245, -3.4091, 0.2066)
(3.2235, -3.3095, -0.0734)
(3.8084, -3.1989, -0.3775)
(4.3873, -3.1091, -0.4712)
(4.7896, -2.8341, -0.5253)
(-0.4662, -2.4901, 0.7067)
(0.1684, -2.7045, 0.5619)
(0.7232, -3.0436, 0.3897)
(1.2835, -3.2227, 0.2341)
(1.8987, -3.1038, 0.149)
(2.5219, -2.9423, 0.0734)
(3.1135, -2.7742, -0.1268)
(3.6768, -2.6369, -0.4122)
(4.2223, -2.6195, -0.3697)
(4.6834, -2.6371, -0.2643)
(-0.5773, -2.442, 0.1026)
(0.0688, -2.6417, -0.0369)
(0.674, -2.9076, -0.1968)
(1.2899, -3.0042, -0.2988)
(1.9047, -2.7932, -0.2315)
(2.497, -2.5181, -0.1046)
(3.0632, -2.2559, -0.1211)
(3.6344, -2.1764, -0.2298)
(4.2203, -2.2579, -0.2048)
(4.6899, -2.5011, -0.2006)
(-0.6732, -2.3793, -0.498)
(-0.0095, -2.5566, -0.6311)
(0.6478, -2.7412, -0.7782)
(1.31, -2.7889, -0.8549)
(1.8971, -2.542, -0.7422)
(2.399, -2.1546, -0.5169)
(2.8768, -1.8061, -0.3055)
(-0.7354, -2.2234, -1.0793)
(-0.0615, -2.3627, -1.1929)
(0.6151, -2.4794, -1.314)
(1.2708, -2.4348, -1.3371)
(1.7963, -2.1299, -1.1561)
(2.2248, -1.7256, -0.8788)
(2.6094, -1.3998, -0.6427)
(-0.7685, -2.0109, -1.649)
(-0.0906, -2.108, -1.7377)
(0.5885, -2.1364, -1.8087)
(1.2252, -2.0226, -1.7793)
(1.7091, -1.7132, -1.5684)
(2.0881, -1.3102, -1.2718)
(2.4451, -0.9816, -1.0356)
(-0.784, -1.7893, -2.2156)
(-0.1048, -1.8502, -2.2784)
(0.5672, -1.777, -2.2829)
(1.1958, -1.6118, -2.2215)
(1.6856, -1.3289, -2.0276)
(2.0228, -0.9202, -1.715)
(2.32, -0.5656, -1.4538)
(-0.7791, -1.5307, -2.7663)
(-0.104, -1.5425, -2.7909)
(0.5436, -1.3745, -2.7231)
(1.1623, -1.1824, -2.649)
(1.6782, -0.9351, -2.4901)
(1.9844, -0.5232, -2.1721)
(2.2172, -0.1417, -1.8899)
(-0.7555, -1.2435, -3.3018)
(-0.0852, -1.2239, -3.2967)
(0.5234, -0.9845, -3.1736)
(1.1191, -0.7544, -3.0818)
(1.6683, -0.5253, -2.9442)
(1.9404, -0.1054, -2.6186)
(2.0802, 0.3041, -2.3085)
(-0.7177, -0.9377, -3.8251)
(-0.0574, -0.8814, -3.7842)
(0.4768, -0.5698, -3.59)
(0.9969, -0.2849, -3.3899)
(1.556, -0.0654, -3.1888)
(1.8932, 0.3487, -2.9606)
(2.0592, 0.7615, -2.7404)
(-0.6678, -0.6172, -4.3363)
(-0.0151, -0.5136, -4.2541)
(0.4979, -0.1803, -4.0098)
(0.9729, 0.1452, -3.7124)
(1.5091, 0.3952, -3.4513)
(1.9389, 0.7993, -3.3272)
(2.2028, 1.2, -3.2011)
(-0.6017, -0.2902, -4.8388)
(0.0355, -0.1385, -4.7175)
(0.5805, 0.1924, -4.4608)
(1.0754, 0.5316, -4.1785)
(1.6082, 0.8153, -3.9144)
(2.1483, 1.0863, -3.7376)
(2.5164, 1.3364, -3.5435)
(-0.5218, 0.0707, -5.3071)
(0.1146, 0.193, -5.2011)
(0.6925, 0.4801, -4.9483)
(1.2301, 0.7858, -4.6699)
(1.7819, 1.068, -4.383)
(2.3009, 1.3099, -4.0721)
(2.6569, 1.513, -3.7507)
(-0.454, 0.5075, -5.6964)
(0.1849, 0.5496, -5.6609)
(0.7933, 0.7716, -5.4233)
(1.3651, 1.0416, -5.129)
(1.9034, 1.3384, -4.8071)
(2.3315, 1.6797, -4.4164)
(2.6328, 1.9782, -4.0365)
(-0.418, 0.9249, -5.9815)
(0.1909, 0.9334, -5.9886)
(0.7906, 1.159, -5.7411)
(1.3599, 1.4274, -5.4453)
(1.8952, 1.724, -5.1156)
(2.383, 2.0396, -4.7407)
(2.7462, 2.3118, -4.3843)
(2.1019, -2.9045, 2.9018)
(2.6001, -2.9476, 2.729)
(3.1914, -3.0671, 2.4015)
(3.7468, -3.2045, 2.0123)
(4.2651, -3.3629, 1.5917)
(4.6832, -3.4576, 1.0901)
(5.0759, -3.5168, 0.5702)
(5.5641, -3.6314, 0.0979)
(6.3889, -3.6488, -0.0058)
(5.0876, -2.4178, -0.4379)
(5.4576, -2.2454, -0.5064)
(5.9749, -2.1738, -0.3891)
(6.463, -2.3398, -0.1526)
(6.7385, -2.739, 0.0756)
(6.6513, -3.2662, 0.1121)
(2.5518, -2.1865, 3.4614)
(3.0829, -2.3244, 3.2251)
(3.6827, -2.4595, 2.8732)
(4.2301, -2.5825, 2.4277)
(4.7457, -2.7104, 1.945)
(5.2571, -2.8452, 1.4322)
(5.7361, -2.9716, 0.943)
(6.2235, -3.1365, 0.4964)
(2.5498, -1.6234, 3.4731)
(3.1827, -1.7476, 3.2083)
(3.7952, -1.8814, 2.837)
(4.3244, -2.0271, 2.3728)
(4.8261, -2.1844, 1.8825)
(5.3423, -2.316, 1.3721)
(5.8208, -2.463, 0.8786)
(6.3264, -2.6416, 0.4557)
(1.181, -0.6327, 3.6216)
(1.8144, -0.8685, 3.4819)
(2.4779, -1.0594, 3.2676)
(3.1437, -1.1987, 2.9573)
(3.7186, -1.3598, 2.5621)
(4.1997, -1.5363, 2.0768)
(4.655, -1.7009, 1.5631)
(5.1029, -1.8765, 1.0407)
(5.5552, -2.0902, 0.5663)
(6.0764, -2.298, 0.1903)
(1.2298, -0.1921, 3.3894)
(1.8205, -0.3981, 3.1452)
(2.4441, -0.5558, 2.8909)
(3.0149, -0.7555, 2.5644)
(3.4751, -1.0217, 2.1464)
(3.8911, -1.2723, 1.6691)
(4.3196, -1.4433, 1.1656)
(4.7051, -1.671, 0.6743)
(5.124, -1.9731, 0.2544)
(5.641, -2.2182, -0.1231)
(1.2418, 0.3154, 3.0515)
(1.7549, 0.0484, 2.7242)
(2.3404, -0.1447, 2.4403)
(2.8123, -0.4357, 2.0998)
(3.1303, -0.8576, 1.6923)
(3.4654, -1.2238, 1.2485)
(3.8715, -1.4469, 0.76)
(4.2494, -1.6989, 0.291)
(4.6672, -2.056, 0.0014)
(5.1789, -2.3411, -0.2695)
(1.2237, 0.7943, 2.663)
(1.6454, 0.4485, 2.2876)
(2.1623, 0.1736, 1.9564)
(2.558, -0.1975, 1.6045)
(2.7809, -0.716, 1.2265)
(3.0463, -1.1799, 0.8224)
(3.4127, -1.5332, 0.3741)
(3.8445, -1.8686, 0.0263)
(4.3628, -2.1327, -0.0976)
(4.8618, -2.4114, -0.2308)
(1.23, 1.2587, 2.2569)
(1.5686, 0.8471, 1.8552)
(1.9458, 0.4529, 1.477)
(2.2786, 0.0159, 1.114)
(2.5054, -0.4988, 0.7421)
(2.7374, -0.9969, 0.363)
(2.992, -1.4288, -0.0116)
(1.2827, 1.7001, 1.8357)
(1.6159, 1.2786, 1.4476)
(1.8763, 0.8036, 1.0345)
(2.157, 0.3223, 0.652)
(2.4176, -0.1628, 0.2852)
(2.6375, -0.6525, -0.0787)
(2.7582, -1.0782, -0.3993)
(1.341, 2.1118, 1.3894)
(1.7301, 1.711, 1.0356)
(1.9856, 1.2258, 0.6187)
(2.2389, 0.7377, 0.229)
(2.4781, 0.2577, -0.1329)
(2.6471, -0.2319, -0.4936)
(2.6629, -0.6609, -0.8079)
(1.3597, 2.5127, 0.9292)
(1.7742, 2.1198, 0.5884)
(2.0503, 1.6352, 0.1835)
(2.296, 1.1486, -0.2026)
(2.5104, 0.6716, -0.564)
(2.6231, 0.1799, -0.9237)
(2.5628, -0.2443, -1.2277)
(1.31, 2.8913, 0.4571)
(1.7012, 2.4872, 0.1101)
(1.9613, 1.9933, -0.2904)
(2.2222, 1.5175, -0.6665)
(2.4695, 1.0606, -1.0116)
(2.5218, 0.5789, -1.3376)
(2.4195, 0.171, -1.6344)
(1.1774, 3.2265, -0.0271)
(1.5217, 2.7929, -0.3813)
(1.762, 2.2899, -0.7783)
(1.9731, 1.7755, -1.0892)
(2.1677, 1.2617, -1.2992)
(2.2262, 0.8665, -1.6087)
(2.1922, 0.5852, -1.9939)
(0.9883, 3.5084, -0.5131)
(1.2988, 3.0416, -0.8737)
(1.5473, 2.5343, -1.2762)
(1.7288, 1.9802, -1.5184)
(1.8858, 1.3995, -1.5889)
(2.05, 1.1422, -1.9246)
(2.1393, 1.0629, -2.426)
(0.9836, 3.6776, -0.9506)
(1.3889, 3.3274, -1.2177)
(1.673, 2.8086, -1.5805)
(1.8611, 2.2432, -1.8582)
(1.999, 1.6741, -2.0415)
(2.1896, 1.5142, -2.427)
(2.3131, 1.5178, -2.9034)
(1.074, 3.8826, -1.3855)
(1.6281, 3.6473, -1.561)
(2.0086, 3.1546, -1.8261)
(2.2272, 2.5828, -2.1202)
(2.2917, 2.0274, -2.4516)
(2.4797, 1.7362, -2.8137)
(2.6536, 1.5864, -3.1827)
(1.0324, 4.1831, -1.8856)
(1.5962, 3.8797, -2.0728)
(1.9549, 3.37, -2.2202)
(2.2378, 2.8675, -2.4357)
(2.5017, 2.4219, -2.697)
(2.752, 2.0007, -2.9818)
(2.8481, 1.7223, -3.368)
(0.8715, 4.3499, -2.3803)
(1.3145, 3.9018, -2.4754)
(1.6864, 3.4677, -2.5278)
(2.1401, 3.1769, -2.6411)
(2.5368, 2.8237, -2.8131)
(2.755, 2.4414, -3.1819)
(2.8127, 2.1991, -3.6578)
(0.5843, 4.3242, -2.6356)
(1.0204, 3.9066, -2.5934)
(1.5931, 3.7085, -2.628)
(2.134, 3.48, -2.7086)
(2.4717, 3.0958, -2.9576)
(2.7797, 2.7583, -3.3839)
(2.9878, 2.5186, -3.812)
(2.4128, -2.6039, 3.3051)
(2.8708, -2.7482, 3.0488)
(3.4582, -2.88, 2.7057)
(3.9993, -2.9876, 2.268)
(4.4947, -3.0975, 1.7751)
(4.9605, -3.2428, 1.2381)
(5.456, -3.3807, 0.7182)
(5.9698, -3.5317, 0.2787)
(-6.1012, 1.8804, 3.4544)
(-4.6792, 1.7893, 2.35)
(-4.8628, 2.077, 2.2495)
(-5.2004, 2.2789, 1.9829)
(-5.6095, 2.1827, 2.001)
(-5.9114, 2.0239, 2.4459)
(-6.1075, 1.9254, 2.999)
(-2.2186, -1.702, 3.417)
(-2.7121, -1.3749, 3.4356)
(-3.2404, -0.9173, 3.401)
(-3.7227, -0.4102, 3.3166)
(-4.2115, 0.0865, 3.2011)
(-4.7267, 0.5959, 3.0731)
(-5.234, 1.0894, 2.9915)
(-5.7211, 1.5299, 2.9904)
(-2.1532, -1.8287, 2.8532)
(-2.6946, -1.424, 2.853)
(-3.1727, -0.9058, 2.8204)
(-3.5879, -0.3478, 2.7558)
(-4.0042, 0.2097, 2.6698)
(-4.4728, 0.7454, 2.593)
(-4.9697, 1.2434, 2.5547)
(-5.476, 1.6765, 2.5097)
(-0.9039, -2.4373, 1.9271)
(-1.5083, -2.2013, 2.1244)
(-2.1153, -1.8636, 2.2479)
(-2.6957, -1.4223, 2.2602)
(-3.1937, -0.9316, 2.2709)
(-3.6324, -0.4045, 2.2614)
(-4.0347, 0.1617, 2.2167)
(-4.4437, 0.7286, 2.1764)
(-4.8698, 1.2785, 2.1446)
(-5.2775, 1.7859, 2.053)
(-1.0049, -2.3893, 1.4334)
(-1.645, -2.1926, 1.5528)
(-2.2694, -1.92, 1.6494)
(-2.8597, -1.5508, 1.7148)
(-3.3814, -1.1027, 1.7567)
(-3.8077, -0.57, 1.7606)
(-4.1603, 0.0228, 1.7296)
(-4.495, 0.6254, 1.6949)
(-4.7705, 1.2217, 1.7371)
(-4.9929, 1.8081, 1.8377)
(-1.1267, -2.3343, 0.8312)
(-1.7885, -2.1777, 0.9474)
(-2.4327, -1.9728, 1.0678)
(-2.9253, -1.6043, 1.2211)
(-3.2764, -1.0807, 1.3783)
(-3.5926, -0.4937, 1.4815)
(-3.8734, 0.1316, 1.4969)
(-4.1513, 0.7573, 1.4934)
(-4.3753, 1.2714, 1.7292)
(-4.5918, 1.7352, 2.0971)
(-1.2396, -2.2766, 0.2268)
(-1.9046, -2.1181, 0.3448)
(-2.5367, -1.8912, 0.4766)
(-2.9073, -1.4379, 0.6927)
(-3.057, -0.8347, 0.9869)
(-3.2176, -0.2309, 1.2659)
(-3.3946, 0.3941, 1.4661)
(-3.6764, 0.9882, 1.6035)
(-3.9966, 1.3086, 1.9605)
(-4.3529, 1.5346, 2.3493)
(-1.3396, -2.2009, -0.3755)
(-2.0093, -2.0227, -0.2566)
(-2.607, -1.7262, -0.1062)
(-2.9128, -1.2028, 0.1414)
(-2.9741, -0.5808, 0.4631)
(-3.0121, 0.0264, 0.795)
(-3.0663, 0.5948, 1.1084)
(-1.4036, -2.0569, -0.9665)
(-2.0569, -1.8476, -0.8419)
(-2.5846, -1.4783, -0.6601)
(-2.8114, -0.9211, -0.3843)
(-2.8462, -0.3228, -0.0599)
(-2.8819, 0.2563, 0.2674)
(-2.9162, 0.7475, 0.5474)
(-1.4325, -1.8524, -1.5446)
(-2.0565, -1.6042, -1.4079)
(-2.5255, -1.1873, -1.1975)
(-2.7206, -0.6351, -0.9087)
(-2.7689, -0.0708, -0.5931)
(-2.8162, 0.4801, -0.2755)
(-2.8307, 0.9511, -0.008)
(-1.4424, -1.6204, -2.113)
(-2.0477, -1.3405, -1.9651)
(-2.4999, -0.9046, -1.7418)
(-2.7205, -0.3651, -1.4494)
(-2.8018, 0.1798, -1.1369)
(-2.8208, 0.716, -0.8235)
(-2.7601, 1.1732, -0.5632)
(-1.434, -1.3589, -2.6682)
(-2.0253, -1.0579, -2.5117)
(-2.4747, -0.6128, -2.2806)
(-2.742, -0.0854, -1.9888)
(-2.8606, 0.451, -1.6777)
(-2.8173, 0.9764, -1.3656)
(-2.6557, 1.4108, -1.1161)
(-1.4105, -1.0777, -3.2126)
(-1.993, -0.7668, -3.0517)
(-2.4352, -0.3124, -2.8126)
(-2.7098, 0.2191, -2.5156)
(-2.7859, 0.7569, -2.1889)
(-2.6089, 1.2322, -1.8398)
(-2.4208, 1.6206, -1.6301)
(-1.3761, -0.7913, -3.7523)
(-1.9583, -0.4841, -3.5927)
(-2.409, -0.0413, -3.3498)
(-2.5989, 0.4647, -3.0261)
(-2.495, 0.942, -2.6349)
(-2.2973, 1.3638, -2.26)
(-2.2315, 1.7839, -2.1799)
(-1.3259, -0.5056, -4.288)
(-1.8704, -0.1876, -4.1019)
(-2.2578, 0.2529, -3.7927)
(-2.4435, 0.7361, -3.4467)
(-2.3081, 1.1434, -3.0431)
(-2.1862, 1.5717, -2.7002)
(-2.2452, 2.1042, -2.6648)
(-1.2137, -0.1735, -4.7591)
(-1.6102, 0.1574, -4.4281)
(-1.8407, 0.5167, -3.9441)
(-2.0921, 0.9555, -3.5794)
(-2.2507, 1.4146, -3.3332)
(-2.4036, 1.8396, -3.0399)
(-2.5544, 2.2876, -2.8034)
(-1.0009, 0.2242, -5.0859)
(-1.1904, 0.5281, -4.558)
(-1.4211, 0.7888, -4.0468)
(-1.7722, 1.1869, -3.751)
(-2.1269, 1.723, -3.5737)
(-2.5619, 2.1267, -3.3027)
(-2.8239, 2.4355, -2.9608)
(-0.8105, 0.6922, -5.3371)
(-0.9239, 0.9657, -4.7389)
(-1.3055, 1.1695, -4.3735)
(-1.8234, 1.4876, -4.2081)
(-2.1977, 2.0092, -3.9764)
(-2.5634, 2.4786, -3.686)
(-2.7936, 2.8448, -3.372)
(-0.7288, 1.1416, -5.5596)
(-0.8875, 1.3948, -4.9803)
(-1.3582, 1.5012, -4.7254)
(-1.931, 1.6902, -4.6374)
(-2.3312, 2.1787, -4.4022)
(-2.592, 2.7248, -4.0869)
(-2.733, 3.1588, -3.7502)
(-2.1739, -1.5314, 3.853)
(-2.617, -1.218, 3.9018)
(-3.1824, -0.813, 3.8866)
(-3.7222, -0.3661, 3.8016)
(-4.261, 0.0743, 3.682)
(-4.7456, 0.5702, 3.5291)
(-5.2096, 1.081, 3.4293)
(-5.7144, 1.5219, 3.4529)
(-5.8836, 2.0675, 3.8508)
(-4.766, 1.769, 2.3772)
(-4.8585, 2.1475, 2.4314)
(-4.9167, 2.6483, 2.7219)
(-5.0484, 2.9589, 3.2239)
(-5.3369, 2.912, 3.6913)
(-5.6617, 2.4925, 3.8959)
(-1.5902, -0.8886, 4.2783)
(-2.103, -0.5976, 4.2955)
(-2.6846, -0.2164, 4.2829)
(-3.2393, 0.198, 4.1956)
(-3.7937, 0.5929, 4.1193)
(-4.3188, 1.0231, 4.0131)
(-4.8018, 1.5378, 3.9099)
(-5.2761, 2.0724, 3.9111)
(-1.1489, -0.5109, 4.1874)
(-1.734, -0.1621, 4.187)
(-2.3257, 0.222, 4.1554)
(-2.8873, 0.6235, 4.0703)
(-3.4206, 1.0451, 4.0237)
(-3.9686, 1.4953, 3.9573)
(-4.5248, 1.9874, 3.8399)
(-4.9871, 2.5117, 3.7774)
(0.5243, -0.4584, 3.7558)
(-0.1463, -0.3411, 3.863)
(-0.8123, -0.1073, 3.8879)
(-1.4529, 0.221, 3.8445)
(-2.0515, 0.5486, 3.763)
(-2.6055, 0.9153, 3.6496)
(-3.1018, 1.3415, 3.6224)
(-3.6469, 1.7547, 3.5597)
(-4.2157, 2.1265, 3.4168)
(-4.6993, 2.5559, 3.3454)
(0.613, -0.0195, 3.5243)
(-0.0384, 0.0922, 3.4902)
(-0.6685, 0.3005, 3.4302)
(-1.302, 0.5167, 3.3474)
(-1.9262, 0.6816, 3.2199)
(-2.4215, 1.0206, 3.1099)
(-2.8752, 1.3962, 3.0803)
(-3.4321, 1.6702, 3.018)
(-3.986, 1.9595, 2.9296)
(-4.5222, 2.2845, 2.8723)
(0.6889, 0.4902, 3.191)
(0.0479, 0.4915, 3.037)
(-0.5731, 0.6052, 2.8995)
(-1.2097, 0.7248, 2.7886)
(-1.8592, 0.7172, 2.6338)
(-2.3348, 0.998, 2.529)
(-2.7997, 1.2702, 2.5085)
(-3.3752, 1.4269, 2.4626)
(-3.921, 1.691, 2.5006)
(-4.451, 1.8835, 2.5641)
(0.7249, 0.9663, 2.799)
(0.1292, 0.8539, 2.568)
(-0.4645, 0.8434, 2.3519)
(-1.1119, 0.8876, 2.2105)
(-1.758, 0.7864, 2.0425)
(-2.3001, 0.9513, 1.9222)
(-2.8465, 1.0996, 1.9018)
(-3.4248, 1.2376, 1.9176)
(-3.864, 1.4519, 2.1691)
(-4.3384, 1.5471, 2.4416)
(0.7317, 1.4274, 2.3861)
(0.1595, 1.2618, 2.133)
(-0.3881, 1.0917, 1.832)
(-1.01, 1.0139, 1.6269)
(-1.647, 0.8897, 1.4569)
(-2.2477, 0.9292, 1.3324)
(-2.813, 0.9683, 1.2904)
(0.7342, 1.8619, 1.9491)
(0.1299, 1.7165, 1.7351)
(-0.4011, 1.459, 1.3995)
(-0.9485, 1.2358, 1.1007)
(-1.5449, 1.0708, 0.8988)
(-2.1628, 0.9993, 0.7668)
(-2.7025, 0.9867, 0.6989)
(0.748, 2.2554, 1.4799)
(0.1098, 2.1382, 1.3043)
(-0.4637, 1.9142, 1.0182)
(-0.9778, 1.6487, 0.6928)
(-1.498, 1.4052, 0.4231)
(-2.0715, 1.2319, 0.2426)
(-2.5952, 1.1629, 0.1417)
(0.7753, 2.6162, 0.9935)
(0.1451, 2.4717, 0.8044)
(-0.4677, 2.2924, 0.5685)
(-1.0302, 2.0943, 0.3088)
(-1.5292, 1.8509, 0.0287)
(-2.036, 1.6016, -0.2173)
(-2.5029, 1.431, -0.3834)
(0.7993, 2.9114, 0.4867)
(0.2381, 2.6596, 0.2501)
(-0.3773, 2.4974, 0.0224)
(-0.9985, 2.4112, -0.1712)
(-1.5602, 2.2631, -0.3967)
(-2.0521, 2.0028, -0.6648)
(-2.4207, 1.7263, -0.8981)
(0.7035, 3.224, 0.0284)
(0.2438, 2.8764, -0.25)
(-0.2641, 2.6067, -0.5478)
(-0.8653, 2.4466, -0.6993)
(-1.4304, 2.3259, -0.8702)
(-1.897, 2.1117, -1.147)
(-2.2368, 1.8714, -1.4261)
(0.5043, 3.592, -0.3773)
(0.0741, 3.2601, -0.6329)
(-0.3216, 2.8757, -1.0051)
(-0.8466, 2.5578, -1.147)
(-1.3437, 2.3963, -1.2953)
(-1.7739, 2.2151, -1.6182)
(-2.097, 2.0025, -1.9744)
(0.4068, 3.7267, -0.858)
(-0.1568, 3.5554, -0.986)
(-0.6315, 3.2646, -1.2966)
(-1.1151, 2.9442, -1.4226)
(-1.5199, 2.7789, -1.5904)
(-1.8776, 2.5857, -2.0074)
(-2.1471, 2.3339, -2.4022)
(0.3992, 3.9087, -1.3127)
(-0.2813, 3.8896, -1.2967)
(-0.8793, 3.7016, -1.4406)
(-1.4071, 3.3819, -1.5513)
(-1.8467, 3.1125, -1.7148)
(-2.2132, 2.8194, -2.1048)
(-2.4772, 2.5331, -2.4851)
(0.374, 4.2895, -1.7464)
(-0.2426, 4.1712, -1.6696)
(-0.8063, 3.853, -1.6829)
(-1.3841, 3.511, -1.8023)
(-1.9482, 3.1805, -1.9759)
(-2.4608, 2.9436, -2.2593)
(-2.773, 2.7377, -2.6143)
(0.2945, 4.4967, -2.2668)
(-0.2773, 4.2394, -2.1737)
(-0.8069, 3.9019, -2.0445)
(-1.3873, 3.6325, -2.0088)
(-1.9013, 3.3507, -2.2371)
(-2.3647, 3.2209, -2.6355)
(-2.7168, 3.1244, -3.017)
(0.1615, 4.45, -2.5418)
(-0.3683, 4.288, -2.3403)
(-0.975, 4.2074, -2.1948)
(-1.4875, 3.9361, -2.1229)
(-1.888, 3.6725, -2.3622)
(-2.3385, 3.594, -2.8164)
(-2.7173, 3.4818, -3.2121)
(-1.9241, -1.2037, 4.1969)
(-2.413, -0.9691, 4.1923)
(-2.9937, -0.5954, 4.1837)
(-3.545, -0.1791, 4.0902)
(-4.0906, 0.2256, 3.9896)
(-4.569, 0.6629, 3.8118)
(-5.0009, 1.161, 3.674)
(-5.497, 1.6641, 3.7479)
