(-0.4755, -2.5687, -5.4648)
(0.0278, -2.2987, -5.2316)
(0.5814, -2.5051, -5.0904)
(1.2009, -2.4671, -5.0289)
(1.6904, -2.047, -5.1579)
(-0.5092, -2.7256, -5.0593)
(-0.0839, -2.3728, -4.8277)
(2.1348, -1.5765, -5.2567)
(0.4823, -2.4188, -4.6949)
(2.42, -1.2581, -5.2345)
(1.1171, -2.2925, -4.6641)
(1.6923, -1.9506, -4.766)
(2.1439, -1.5007, -4.835)
(2.5027, -1.1547, -4.9177)
(-0.536, -2.9077, -4.5263)
(-0.1796, -2.4647, -4.3235)
(0.3657, -2.2166, -4.246)
(0.9642, -1.9908, -4.2841)
(1.5948, -1.7259, -4.3427)
(2.1101, -1.3776, -4.305)
(2.5649, -1.2783, -4.3176)
(-0.5237, -3.0733, -3.9618)
(-0.0375, -2.6699, -3.8276)
(0.5029, -2.2828, -3.7395)
(1.0826, -2.0415, -3.8061)
(1.6436, -1.7542, -3.8887)
(2.0628, -1.3749, -3.8484)
(2.5744, -1.4203, -3.7233)
(-0.5053, -3.2351, -3.4037)
(0.1061, -2.9921, -3.3794)
(0.676, -2.6149, -3.3188)
(1.1948, -2.2604, -3.3232)
(1.464, -1.8111, -3.5445)
(1.7964, -1.4691, -3.764)
(2.0823, -1.172, -4.0055)
(-0.4903, -3.2693, -2.8122)
(0.1605, -3.159, -2.8242)
(0.7217, -2.7851, -2.7825)
(1.1844, -2.3431, -2.7702)
(1.4142, -1.8545, -2.9872)
(1.7267, -1.4626, -3.247)
(1.9342, -1.2268, -3.3652)
(-0.4625, -3.2326, -2.2107)
(0.1809, -3.1987, -2.2307)
(0.6896, -2.7985, -2.222)
(1.1495, -2.3578, -2.2498)
(1.5392, -1.9964, -2.4439)
(1.7707, -1.4929, -2.5697)
(1.8392, -1.0381, -2.6037)
(-0.4111, -3.1362, -1.6151)
(0.2483, -3.1952, -1.646)
(0.8433, -2.9407, -1.7115)
(1.3337, -2.544, -1.7861)
(1.6986, -2.0752, -1.8806)
(1.9827, -1.5641, -1.9612)
(2.2023, -1.1571, -2.0211)
(-0.3469, -2.9941, -1.0274)
(0.317, -3.0985, -1.0582)
(0.95, -2.9199, -1.1366)
(1.4699, -2.5591, -1.2204)
(1.8774, -2.0974, -1.2966)
(2.2376, -1.6309, -1.3789)
(2.5057, -1.2588, -1.4433)
(-0.2802, -2.8464, -0.4416)
(0.3815, -2.9929, -0.4668)
(1.0209, -2.8378, -0.5448)
(1.5659, -2.491, -0.6325)
(2.0531, -2.091, -0.7175)
(2.4909, -1.6831, -0.8068)
(2.8118, -1.3487, -0.8734)
(-0.2241, -2.743, 0.1514)
(0.4566, -2.9396, 0.1292)
(1.1328, -2.8584, 0.0459)
(1.7208, -2.5198, -0.0585)
(2.2591, -2.1248, -0.1571)
(2.753, -1.7351, -0.2493)
(3.1192, -1.4251, -0.3116)
(-0.1728, -2.6435, 0.7325)
(0.5322, -2.8695, 0.7195)
(1.2481, -2.8802, 0.6383)
(1.8969, -2.5897, 0.5044)
(2.4821, -2.1922, 0.3851)
(3.0273, -1.7921, 0.2922)
(3.4471, -1.4629, 0.2464)
(-0.0768, -2.3577, 1.2409)
(0.6161, -2.5932, 1.2406)
(1.3289, -2.7028, 1.1945)
(2.0179, -2.5324, 1.0735)
(2.6569, -2.2212, 0.9418)
(3.2801, -1.8774, 0.8272)
(3.9642, -1.4542, 0.7677)
(0.0292, -2.0282, 1.7388)
(0.7039, -2.2446, 1.7265)
(1.3982, -2.3474, 1.6726)
(2.0947, -2.2848, 1.5806)
(4.6168, -1.4524, 1.1564)
(2.7782, -2.1449, 1.4629)
(3.4486, -1.9618, 1.3179)
(5.2764, -1.6033, 1.4248)
(4.119, -1.7712, 1.1904)
(5.8188, -1.6169, 1.8726)
(4.753, -1.6097, 1.1832)
(0.1339, -1.7046, 2.2492)
(0.7942, -1.9031, 2.2145)
(1.4698, -1.9891, 2.1174)
(6.1219, -1.5125, 1.837)
(2.1425, -1.946, 1.9769)
(5.2536, -1.4202, 1.3905)
(2.8184, -1.8664, 1.8419)
(3.4949, -1.766, 1.7101)
(5.786, -1.3327, 1.6527)
(4.1719, -1.6592, 1.5831)
(6.2498, -1.2925, 1.6981)
(4.8161, -1.5907, 1.4598)
(0.2437, -1.4024, 2.7501)
(0.9033, -1.6143, 2.7445)
(1.5902, -1.8264, 2.6444)
(5.3378, -1.6048, 1.3244)
(2.2722, -1.9525, 2.4683)
(2.9459, -2.0061, 2.2823)
(5.8742, -1.4448, 1.3186)
(3.6175, -2.0055, 2.0934)
(0.3363, -1.1551, 3.1464)
(6.3249, -1.2906, 1.2866)
(4.2874, -1.9668, 1.9001)
(4.9451, -1.8791, 1.7429)
(1.7828, -1.5177, 3.1066)
(1.006, -1.1991, 3.3045)
(5.5497, -1.7552, 1.6523)
(2.4699, -1.7439, 2.9553)
(3.143, -1.9232, 2.7964)
(6.1207, -1.748, 1.4794)
(3.8121, -2.0435, 2.6118)
(6.5425, -1.6943, 1.2744)
(4.4811, -2.0836, 2.4022)
(5.1569, -2.017, 2.2148)
(1.521, -1.0277, 3.6047)
(2.051, -1.2157, 3.5202)
(5.8098, -1.936, 2.0971)
(2.6964, -1.4265, 3.397)
(3.3656, -1.6296, 3.2558)
(6.4025, -1.9432, 1.9154)
(4.0361, -1.8143, 3.0991)
(6.8088, -2.0213, 1.6719)
(4.7198, -1.9548, 2.9174)
(5.4332, -2.0161, 2.7086)
(1.8247, -0.7081, 3.9032)
(2.2891, -0.8219, 3.8097)
(6.0786, -2.1211, 2.5367)
(2.9096, -1.0119, 3.7017)
(3.5704, -1.2166, 3.5749)
(6.6455, -2.2172, 2.3423)
(4.2347, -1.4234, 3.4464)
(2.0667, -0.4788, 3.9908)
(7.0736, -2.2861, 2.143)
(4.9134, -1.6231, 3.3139)
(2.3991, -0.4311, 3.9657)
(3.0575, -0.6413, 3.8592)
(5.6148, -1.8066, 3.1414)
(3.7142, -0.8504, 3.7525)
(6.2587, -2.0297, 2.9952)
(4.3661, -1.0602, 3.6276)
(5.0182, -1.2883, 3.5671)
(6.8148, -2.2137, 2.8364)
(5.6621, -1.4565, 3.3663)
(7.2124, -2.3355, 2.6559)
(6.3071, -1.7081, 3.2465)
(7.1149, -2.2076, 2.9647)
(6.962, -1.949, 3.1548)
(1.3255, 1.8222, -4.8752)
(1.7681, 1.328, -4.7011)
(2.1923, 0.8562, -4.5195)
(2.5959, 0.3839, -4.7213)
(2.9101, -0.0805, -5.0367)
(1.3451, 1.8488, -4.5095)
(1.8857, 1.4338, -4.4951)
(2.8015, -0.6446, -5.2104)
(2.3894, 0.9772, -4.4641)
(2.6167, -1.0277, -5.221)
(2.797, 0.4519, -4.516)
(2.9715, -0.1453, -4.6472)
(2.7856, -0.7261, -4.7852)
(2.52, -1.1435, -4.9152)
(1.1455, 1.5444, -4.1447)
(1.6761, 1.1376, -4.2213)
(2.2181, 0.7655, -4.1672)
(2.6808, 0.3057, -4.0788)
(2.9457, -0.2681, -4.1107)
(2.8227, -0.8572, -4.2335)
(2.586, -1.278, -4.319)
(1.0213, 1.2634, -3.7239)
(1.5979, 0.9535, -3.7803)
(2.121, 0.7193, -3.6853)
(2.4969, 0.2528, -3.5574)
(2.743, -0.3155, -3.6314)
(2.7091, -0.9145, -3.7564)
(2.5908, -1.4046, -3.721)
(1.1413, 1.4552, -3.3045)
(1.6387, 1.1463, -3.4027)
(1.8768, 0.6587, -3.297)
(2.1341, 0.1858, -3.1535)
(2.313, -0.2608, -3.4422)
(2.3024, -0.7909, -3.6264)
(2.0997, -1.1591, -3.9806)
(1.2668, 1.8588, -3.0251)
(1.5705, 1.3433, -2.9925)
(1.7342, 0.7163, -2.8499)
(1.9159, 0.1968, -2.6835)
(2.0784, -0.2374, -2.9773)
(2.0997, -0.7593, -3.1791)
(1.9825, -1.1613, -3.3774)
(1.4689, 2.0598, -2.5574)
(1.8315, 1.5035, -2.5613)
(2.042, 0.8834, -2.4703)
(2.0982, 0.3401, -2.2694)
(2.0529, -0.1861, -2.3926)
(2.0583, -0.7368, -2.5213)
(1.848, -1.1005, -2.6009)
(1.5847, 2.1009, -1.9773)
(2.0159, 1.5642, -2.014)
(2.3506, 0.9771, -2.0292)
(2.5087, 0.3934, -1.9933)
(2.4072, -0.181, -1.9673)
(2.3528, -0.7565, -1.9982)
(2.2114, -1.181, -2.0331)
(1.5679, 2.0389, -1.3783)
(2.0229, 1.5206, -1.4153)
(2.4055, 0.9552, -1.4542)
(2.6715, 0.3772, -1.4779)
(2.7155, -0.2245, -1.4701)
(2.6459, -0.812, -1.4562)
(2.5269, -1.2652, -1.4469)
(1.5121, 1.9557, -0.7795)
(1.9478, 1.4266, -0.8207)
(2.3268, 0.8577, -0.8634)
(2.6615, 0.299, -0.8891)
(2.8669, -0.2849, -0.9025)
(2.8924, -0.8764, -0.8955)
(2.8322, -1.3438, -0.877)
(1.4312, 1.8634, -0.1876)
(1.8055, 1.2918, -0.2475)
(2.1708, 0.7105, -0.2973)
(2.5609, 0.1678, -0.3153)
(2.9038, -0.3755, -0.324)
(3.1011, -0.9406, -0.331)
(3.1391, -1.4149, -0.311)
(1.3123, 1.7466, 0.392)
(1.6562, 1.1567, 0.3183)
(2.0513, 0.5967, 0.2693)
(2.4798, 0.0623, 0.2559)
(2.9077, -0.4558, 0.2484)
(3.2848, -0.9633, 0.2355)
(3.4771, -1.4341, 0.2572)
(1.216, 1.6454, 0.9751)
(1.6412, 1.1243, 0.9029)
(2.1332, 0.655, 0.8446)
(2.5868, 0.1378, 0.8266)
(3.0532, -0.3671, 0.8061)
(3.5404, -0.8409, 0.7675)
(4.0229, -1.4095, 0.7899)
(1.2127, 1.5942, 1.5706)
(1.7476, 1.2001, 1.4827)
(2.302, 0.8052, 1.404)
(2.7892, 0.3239, 1.3639)
(4.6402, -1.4393, 1.1944)
(3.275, -0.1592, 1.3278)
(3.8167, -0.5695, 1.2462)
(5.3546, -1.6286, 1.4929)
(4.3729, -0.9511, 1.2214)
(5.8768, -1.6757, 1.9326)
(4.9624, -1.1862, 1.3538)
(1.2595, 1.5684, 2.1736)
(1.8499, 1.2607, 2.0802)
(2.445, 0.929, 1.979)
(6.1757, -1.7506, 1.9383)
(2.9899, 0.5222, 1.8972)
(5.5049, -1.4369, 1.7434)
(3.5136, 0.0958, 1.8239)
(4.0843, -0.2544, 1.7071)
(6.0603, -1.6298, 1.8979)
(4.6635, -0.5856, 1.6396)
(6.4795, -1.752, 1.796)
(5.272, -0.802, 1.6183)
(1.2822, 1.521, 2.7537)
(1.8899, 1.2448, 2.7022)
(2.5357, 0.972, 2.5819)
(5.8452, -1.0967, 1.8329)
(3.1525, 0.6618, 2.4526)
(3.7364, 0.3289, 2.3239)
(6.3342, -1.3383, 1.8485)
(4.3256, 0.0139, 2.1978)
(1.253, 1.402, 3.2079)
(6.7916, -1.4198, 1.5995)
(4.9283, -0.2668, 2.1144)
(5.5497, -0.5126, 2.0771)
(2.5801, 0.8331, 3.1662)
(1.7963, 1.0614, 3.3857)
(6.1641, -0.7816, 2.0979)
(3.247, 0.5964, 3.026)
(3.877, 0.3309, 2.885)
(6.6806, -1.0192, 2.0431)
(4.5012, 0.0778, 2.7486)
(7.1947, -1.117, 1.8506)
(5.1469, -0.1295, 2.6489)
(5.796, -0.4025, 2.6341)
(2.0696, 0.6225, 3.7059)
(2.6034, 0.4659, 3.6047)
(6.4027, -0.6369, 2.6013)
(3.2445, 0.2653, 3.4954)
(3.8969, 0.0424, 3.3807)
(7.0022, -0.8338, 2.5266)
(4.5432, -0.183, 3.2532)
(7.4903, -0.9149, 2.3701)
(5.1947, -0.4107, 3.1449)
(5.8591, -0.6527, 3.1549)
(2.0963, 0.1527, 3.9551)
(2.5417, -0.0165, 3.8547)
(6.4811, -0.8234, 3.0959)
(3.1559, -0.215, 3.7593)
(3.8107, -0.4219, 3.6681)
(7.135, -0.9864, 3.0161)
(4.4554, -0.6371, 3.5525)
(2.1565, -0.184, 4.009)
(7.5988, -1.0765, 2.8962)
(5.0803, -0.8719, 3.4268)
(2.4023, -0.4121, 3.9724)
(3.0563, -0.6199, 3.863)
(5.7136, -1.0962, 3.3792)
(3.7115, -0.829, 3.7601)
(6.3655, -1.3011, 3.275)
(4.3603, -1.0368, 3.625)
(5.01, -1.2663, 3.5595)
(7.0308, -1.4662, 3.2068)
(5.6391, -1.4527, 3.3462)
(7.4887, -1.5218, 3.1878)
(6.2484, -1.6668, 3.2339)
(7.2612, -1.7713, 3.3099)
(6.9729, -1.9271, 3.1686)
(-0.9582, -2.7867, -5.6106)
(-1.1607, -2.3221, -5.5039)
(-1.1178, -1.7237, -5.2815)
(-1.423, -1.171, -5.2265)
(-1.9056, -0.6979, -5.3045)
(-2.2923, -0.1344, -5.3508)
(-1.0241, -2.9006, -5.1783)
(-1.3048, -2.4371, -5.1042)
(-1.3001, -1.8239, -4.8999)
(-2.5331, 0.4673, -5.3189)
(-1.5431, -1.2346, -4.8115)
(-2.5962, 0.8679, -5.1987)
(-1.9814, -0.7358, -4.8786)
(-2.3871, -0.194, -4.9294)
(-2.5985, 0.4103, -4.8924)
(-2.6292, 0.9146, -4.8612)
(-1.0811, -3.02, -4.6183)
(-1.4577, -2.562, -4.573)
(-1.5447, -1.9169, -4.4092)
(-1.6787, -1.2807, -4.2642)
(-2.0189, -0.7719, -4.3249)
(-2.4801, -0.2805, -4.3743)
(-2.7046, 0.3121, -4.3401)
(-2.7388, 0.8002, -4.2667)
(-1.1296, -3.1123, -4.0208)
(-1.5762, -2.6882, -3.9987)
(-1.7053, -2.0554, -3.8725)
(-1.8102, -1.4241, -3.7201)
(-2.0785, -0.9183, -3.7793)
(-2.5029, -0.3882, -3.8115)
(-2.7253, 0.2125, -3.8621)
(-2.8, 0.6824, -3.6727)
(-1.1552, -3.1447, -3.4218)
(-1.702, -2.7743, -3.4434)
(-1.9888, -2.2105, -3.425)
(-2.0347, -1.6105, -3.2668)
(-2.0969, -1.003, -3.3018)
(-2.2578, -0.4046, -3.3504)
(-2.3543, 0.1626, -3.6714)
(-2.312, 0.6322, -4.0794)
(-1.1353, -3.0745, -2.8224)
(-1.7033, -2.6916, -2.8632)
(-2.1498, -2.1853, -2.9231)
(-2.4162, -1.5928, -2.9712)
(-2.4589, -0.9509, -3.0344)
(-2.3158, -0.4031, -2.9822)
(-2.2541, 0.0733, -3.2236)
(-2.2254, 0.4738, -3.5451)
(-1.0884, -2.9712, -2.2258)
(-1.6459, -2.5692, -2.274)
(-2.1441, -2.0985, -2.3459)
(-2.5525, -1.5693, -2.4427)
(-2.7525, -0.9705, -2.5479)
(-2.6703, -0.3762, -2.5958)
(-2.3694, 0.1212, -2.6584)
(-2.1126, 0.4754, -2.7057)
(-1.0294, -2.8449, -1.6335)
(-1.5909, -2.4473, -1.6827)
(-2.1143, -2.0056, -1.7504)
(-2.5628, -1.5122, -1.8394)
(-2.829, -0.9462, -1.9361)
(-2.8297, -0.3454, -2.0027)
(-2.5712, 0.187, -2.0316)
(-2.4115, 0.6084, -2.076)
(-0.9685, -2.701, -1.0447)
(-1.5513, -2.3317, -1.0883)
(-2.1062, -1.9288, -1.1498)
(-2.5717, -1.4551, -1.2333)
(-2.8408, -0.893, -1.3191)
(-2.8899, -0.2885, -1.3817)
(-2.7638, 0.2833, -1.4251)
(-2.6749, 0.7352, -1.4754)
(-0.9178, -2.5647, -0.4544)
(-1.5379, -2.2446, -0.4888)
(-2.129, -1.8854, -0.5455)
(-2.5985, -1.4094, -0.628)
(-2.8545, -0.8259, -0.7125)
(-2.9485, -0.2043, -0.7794)
(-2.9453, 0.3964, -0.8375)
(-2.9285, 0.8625, -0.8887)
(-0.8917, -2.4759, 0.1426)
(-1.5563, -2.2006, 0.1145)
(-2.1975, -1.8834, 0.0612)
(-2.6845, -1.3948, -0.0252)
(-2.9258, -0.7646, -0.1193)
(-3.056, -0.1096, -0.197)
(-3.1372, 0.5169, -0.2642)
(-3.175, 1.0011, -0.3109)
(-0.8622, -2.3817, 0.7228)
(-1.5508, -2.1176, 0.7012)
(-2.2332, -1.8271, 0.6616)
(-2.7892, -1.3739, 0.5767)
(-3.0837, -0.7262, 0.4574)
(-3.2381, -0.0317, 0.3613)
(-3.3575, 0.6371, 0.2912)
(-3.4273, 1.1694, 0.2621)
(-0.7584, -2.1038, 1.2314)
(-1.4384, -1.8474, 1.2173)
(-2.1176, -1.5811, 1.1948)
(-2.7331, -1.2193, 1.1426)
(-3.1168, -0.626, 1.028)
(-3.3606, 0.0476, 0.9208)
(-3.5765, 0.7229, 0.8364)
(-3.8041, 1.4971, 0.8019)
(-0.6369, -1.7826, 1.7334)
(-1.2998, -1.5352, 1.7212)
(-1.9565, -1.2849, 1.7012)
(-2.557, -0.9623, 1.6508)
(-2.9846, -0.4511, 1.5394)
(-4.308, 1.8685, 1.2447)
(-3.3663, 0.1143, 1.4525)
(-3.762, 0.6654, 1.3418)
(-4.7949, 2.1832, 1.7312)
(-4.1914, 1.1679, 1.182)
(-5.281, 2.6698, 1.8424)
(-0.5205, -1.4636, 2.248)
(-4.5929, 1.6849, 1.1824)
(-1.1746, -1.2186, 2.2349)
(-1.8288, -0.9809, 2.2168)
(-2.4759, -0.7271, 2.1756)
(-5.1833, 2.927, 1.7124)
(-3.0568, -0.3847, 2.0594)
(-4.8569, 2.2312, 1.4081)
(-3.5874, 0.0232, 1.9083)
(-4.0822, 0.4713, 1.7294)
(-5.0582, 2.7359, 1.6668)
(-4.5651, 0.9278, 1.5311)
(-5.1885, 3.1527, 1.6791)
(-4.9867, 1.4426, 1.3902)
(-0.4103, -1.1681, 2.7352)
(-1.0546, -0.909, 2.7306)
(-1.6852, -0.6272, 2.7139)
(-2.3577, -0.3564, 2.6361)
(-5.2454, 2.0513, 1.3734)
(-3.018, -0.0809, 2.5327)
(-3.6402, 0.2233, 2.4044)
(-5.3758, 2.6566, 1.4358)
(-4.2231, 0.5694, 2.2352)
(-0.3361, -0.9679, 3.0829)
(-0.9688, -0.678, 3.1399)
(-5.4927, 3.1287, 1.4225)
(-4.7716, 0.9521, 2.0325)
(-5.2704, 1.3844, 1.8374)
(-2.2475, 0.0553, 3.0736)
(-1.4858, -0.2631, 3.2975)
(-5.639, 1.9214, 1.7185)
(-2.9056, 0.3491, 2.937)
(-3.5477, 0.6339, 2.8232)
(-5.84, 2.5253, 1.6586)
(-4.1715, 0.9307, 2.6954)
(-5.9633, 3.0058, 1.6287)
(-4.7582, 1.2701, 2.518)
(-5.3145, 1.6433, 2.3176)
(-1.7357, 0.2112, 3.6127)
(-2.2328, 0.4591, 3.4985)
(-5.8642, 1.98, 2.2026)
(-2.8306, 0.7627, 3.3615)
(-3.4559, 1.063, 3.2365)
(-6.2184, 2.4616, 2.1055)
(-4.0905, 1.3459, 3.127)
(-6.425, 2.8929, 2.0165)
(-4.717, 1.6437, 2.9933)
(-5.3109, 1.995, 2.7959)
(-1.741, 0.6562, 3.9101)
(-2.1631, 0.886, 3.8329)
(-5.9084, 2.2757, 2.662)
(-2.7425, 1.1728, 3.7345)
(-3.3616, 1.4722, 3.6186)
(-6.4459, 2.5574, 2.6007)
(-3.9908, 1.7596, 3.5101)
(-1.7702, 0.9893, 3.9984)
(-6.785, 2.8633, 2.4714)
(-4.6261, 2.043, 3.394)
(-1.9879, 1.2449, 3.9862)
(-2.6209, 1.5282, 3.9376)
(-5.2459, 2.34, 3.2056)
(-3.2548, 1.8086, 3.8666)
(-5.8627, 2.5922, 3.0877)
(-3.888, 2.0901, 3.7707)
(-4.5324, 2.359, 3.7207)
(-6.4351, 2.8405, 3.047)
(-5.0434, 2.6508, 3.3528)
(-6.8407, 3.0457, 2.947)
(-5.6882, 2.8946, 3.2861)
(-6.6377, 3.1864, 3.1728)
(-6.3028, 3.228, 3.2335)
(0.764, 2.2095, -4.9144)
(0.1165, 2.4421, -4.8864)
(-0.5655, 2.5531, -4.8635)
(-1.2539, 2.5918, -4.8452)
(-1.9222, 2.4818, -4.8622)
(-2.4411, 2.1024, -4.9397)
(0.7598, 2.1941, -4.4749)
(0.1193, 2.435, -4.4446)
(-0.5605, 2.5405, -4.4246)
(-2.6312, 1.5297, -5.0979)
(-1.2488, 2.5367, -4.4087)
(-2.6675, 1.1082, -5.143)
(-1.9099, 2.3969, -4.4307)
(-2.408, 1.9879, -4.5163)
(-2.5967, 1.4107, -4.68)
(-2.63, 0.9331, -4.8517)
(0.6412, 1.9706, -3.9976)
(0.074, 2.3235, -3.9069)
(-0.5663, 2.4887, -3.8589)
(-1.2317, 2.4244, -3.855)
(-1.8533, 2.2352, -3.9176)
(-2.3489, 1.8284, -3.9787)
(-2.6067, 1.278, -4.1259)
(-2.7365, 0.8184, -4.2564)
(0.4734, 1.6408, -3.5899)
(-0.0574, 2.0345, -3.4318)
(-0.6007, 2.3212, -3.2977)
(-1.1683, 2.1729, -3.3525)
(-1.6064, 1.8992, -3.5955)
(-2.129, 1.6077, -3.5873)
(-2.5245, 1.154, -3.6814)
(-2.7992, 0.7014, -3.664)
(0.5232, 1.6605, -3.1321)
(-0.0809, 1.8834, -2.9564)
(-0.5914, 2.0615, -2.8153)
(-1.0203, 1.8273, -2.996)
(-1.2637, 1.5927, -3.3553)
(-1.7435, 1.3941, -3.5197)
(-2.1655, 1.0218, -3.6699)
(-2.2754, 0.6198, -3.9677)
(0.6912, 2.0815, -2.8729)
(0.1007, 2.1191, -2.6274)
(-0.3201, 1.9068, -2.4904)
(-0.6753, 1.6977, -2.7716)
(-1.0957, 1.4568, -2.9013)
(-1.5785, 1.2477, -3.0611)
(-1.9893, 0.8947, -3.225)
(-2.1927, 0.5145, -3.4171)
(0.9207, 2.3548, -2.4424)
(0.3934, 2.2291, -2.2201)
(0.0201, 1.8363, -2.2205)
(-0.499, 1.708, -2.3469)
(-1.0188, 1.4444, -2.3992)
(-1.5183, 1.1949, -2.4883)
(-1.9444, 0.8454, -2.5921)
(-2.1718, 0.4657, -2.7064)
(1.0672, 2.4315, -1.9018)
(0.5432, 2.2438, -1.7485)
(0.0029, 1.8968, -1.7536)
(-0.6084, 1.6998, -1.8253)
(-1.2082, 1.5901, -1.9119)
(-1.7598, 1.3835, -2.0014)
(-2.1852, 0.9954, -2.0482)
(-2.4378, 0.6112, -2.0864)
(1.0144, 2.4098, -1.3516)
(0.3955, 2.4589, -1.3319)
(-0.2062, 2.1897, -1.3165)
(-0.7976, 1.8764, -1.3155)
(-1.3935, 1.6725, -1.3708)
(-1.9656, 1.4907, -1.4494)
(-2.4137, 1.1259, -1.4796)
(-2.6878, 0.749, -1.4845)
(0.9519, 2.3411, -0.7648)
(0.3008, 2.5069, -0.7807)
(-0.3592, 2.3943, -0.8031)
(-0.9846, 2.1329, -0.8268)
(-1.5782, 1.8642, -0.856)
(-2.1408, 1.5906, -0.8859)
(-2.6173, 1.2317, -0.901)
(-2.9322, 0.882, -0.8943)
(0.916, 2.2919, -0.1635)
(0.2668, 2.4603, -0.1797)
(-0.4097, 2.3763, -0.2146)
(-1.0626, 2.162, -0.2541)
(-1.6857, 1.9155, -0.2868)
(-2.2768, 1.6427, -0.3101)
(-2.8067, 1.3316, -0.3239)
(-3.1762, 1.0222, -0.3096)
(0.8753, 2.2408, 0.4372)
(0.2476, 2.4084, 0.4241)
(-0.4141, 2.2663, 0.3813)
(-1.065, 2.0358, 0.3341)
(-1.7177, 1.8295, 0.299)
(-2.3627, 1.6441, 0.2727)
(-2.9702, 1.4544, 0.2478)
(-3.4254, 1.2132, 0.271)
(0.8297, 2.1719, 1.0373)
(0.2287, 2.356, 1.0283)
(-0.4165, 2.1818, 0.9785)
(-1.072, 1.9925, 0.9231)
(-1.7472, 1.8631, 0.8854)
(-2.4237, 1.7637, 0.846)
(-3.0925, 1.7085, 0.7849)
(-3.8201, 1.5681, 0.8204)
(0.7966, 2.0948, 1.64)
(0.2051, 2.3194, 1.6316)
(-0.4425, 2.2201, 1.5657)
(-1.1129, 2.1793, 1.477)
(-1.7947, 2.1173, 1.4221)
(-4.3154, 1.9084, 1.2355)
(-2.4721, 2.0425, 1.3779)
(-3.1389, 2.0884, 1.2669)
(-4.8455, 2.2272, 1.8449)
(-3.7935, 2.1754, 1.2236)
(-5.3758, 2.6842, 1.9124)
(0.7635, 2.0001, 2.2391)
(-4.3922, 2.3208, 1.4489)
(0.1651, 2.2812, 2.2239)
(-0.4886, 2.3725, 2.1288)
(-1.1635, 2.4396, 2.0157)
(-5.4826, 2.513, 1.5582)
(-1.8445, 2.4419, 1.9311)
(-4.8997, 2.5516, 1.7899)
(-2.5198, 2.4009, 1.8701)
(-3.1708, 2.4982, 1.73)
(-5.2843, 2.6754, 1.8142)
(-3.7732, 2.6878, 1.594)
(-5.3565, 2.6591, 1.4213)
(-4.3712, 2.8099, 1.7194)
(0.6982, 1.8427, 2.7792)
(0.0813, 2.1089, 2.7714)
(-0.5541, 2.3219, 2.7237)
(-1.2263, 2.528, 2.6025)
(-4.9822, 2.9912, 1.8704)
(-1.9053, 2.6682, 2.4723)
(-2.5799, 2.7399, 2.3575)
(-5.4723, 3.1219, 1.8057)
(-3.2372, 2.8628, 2.2158)
(0.6345, 1.6857, 3.144)
(-0.0074, 1.9049, 3.1903)
(-5.4615, 3.1866, 1.4189)
(-3.8627, 3.079, 2.0754)
(-4.4965, 3.2603, 2.1009)
(-1.3678, 2.3815, 3.1666)
(-0.6294, 2.0143, 3.3636)
(-5.0711, 3.4452, 2.1034)
(-2.0343, 2.6365, 3.0351)
(-2.6977, 2.8355, 2.908)
(-5.622, 3.6481, 1.9717)
(-3.3616, 3.0151, 2.7718)
(-5.7753, 3.7078, 1.6066)
(-4.0241, 3.2396, 2.6447)
(-4.6942, 3.5082, 2.5852)
(-1.1008, 1.8519, 3.6922)
(-1.6107, 2.0825, 3.6013)
(-5.308, 3.7703, 2.5172)
(-2.2314, 2.3471, 3.5006)
(-2.8758, 2.6053, 3.4042)
(-5.8021, 4.0244, 2.3605)
(-3.5211, 2.8536, 3.3142)
(-6.083, 4.026, 2.0819)
(-4.1685, 3.1165, 3.2347)
(-4.8253, 3.4082, 3.1079)
(-1.3992, 1.5005, 3.9519)
(-1.852, 1.6656, 3.8681)
(-5.44, 3.7193, 3.0116)
(-2.4501, 1.9185, 3.7909)
(-3.0829, 2.1971, 3.7264)
(-5.9324, 4.0169, 2.8678)
(-3.7139, 2.4802, 3.6786)
(-1.6545, 1.2805, 4.0225)
(-6.2579, 4.1994, 2.6624)
(-4.3328, 2.7461, 3.6108)
(-1.9894, 1.2673, 3.9882)
(-2.6229, 1.5505, 3.9414)
(-4.9233, 2.9618, 3.3668)
(-3.2569, 1.8294, 3.8741)
(-5.5523, 3.2892, 3.2499)
(-3.8869, 2.1069, 3.7824)
(-4.5168, 2.3826, 3.7359)
(-6.0708, 3.6462, 3.1831)
(-5.0187, 2.6287, 3.3228)
(-6.3513, 3.986, 3.12)
(-5.6683, 2.8364, 3.2452)
(-6.3274, 3.6357, 3.2143)
(-6.2894, 3.2637, 3.2348)
(7.1841, -2.2907, 2.8363)
(6.2055, -1.4022, 1.8035)
(6.2778, -1.2384, 1.4886)
(6.4187, -1.4713, 1.2123)
(6.6736, -1.8723, 1.4466)
(6.9468, -2.1691, 1.9006)
(7.1705, -2.339, 2.4098)
(-0.9919, -2.8426, -5.4063)
(-1.0537, -2.9614, -4.9107)
(-1.1069, -3.0711, -4.3201)
(-1.1472, -3.1402, -3.7213)
(-1.1503, -3.1189, -3.122)
(-1.114, -3.0251, -2.5236)
(-1.0598, -2.911, -1.9291)
(-0.9985, -2.7741, -1.3389)
(-0.9407, -2.6291, -0.7502)
(-0.9018, -2.5135, -0.1565)
(-0.8832, -2.4438, 0.4396)
(-0.8175, -2.2604, 0.9831)
(-0.6971, -1.9427, 1.4806)
(-0.5785, -1.6231, 1.9894)
(-0.4624, -1.307, 2.5043)
(-0.3697, -1.0591, 2.9222)
(-0.7684, -2.8838, -5.1415)
(-0.797, -3.0354, -4.5917)
(-0.8224, -3.1536, -4.0021)
(-0.8322, -3.2315, -3.4124)
(-0.8193, -3.2034, -2.8127)
(-0.7839, -3.1279, -2.2127)
(-0.7284, -3.0107, -1.6189)
(-0.664, -2.863, -1.0313)
(-0.6021, -2.7136, -0.4447)
(-0.5589, -2.6111, 0.1495)
(-0.5185, -2.5127, 0.7291)
(-0.4182, -2.2311, 1.2366)
(-0.3043, -1.9064, 1.7372)
(-0.1934, -1.5863, 2.2513)
(-0.0834, -1.2889, 2.7419)
(-0.0037, -1.075, 3.1017)
(-0.7333, -2.7439, -5.5632)
(-0.2233, -2.3833, -5.3439)
(0.2921, -2.3784, -5.1509)
(0.8972, -2.5436, -5.04)
(1.4582, -2.2857, -5.0808)
(1.9217, -1.8018, -5.2173)
(2.3046, -1.3902, -5.2747)
(7.0386, -2.0879, 3.0657)
(6.6346, -1.8286, 3.2006)
(5.9846, -1.5823, 3.3064)
(5.3401, -1.3724, 3.4667)
(4.6921, -1.1743, 3.5974)
(4.0401, -0.9553, 3.69)
(3.3858, -0.7459, 3.8059)
(2.7283, -0.5362, 3.9125)
(2.2237, -0.4403, 3.9839)
(2.3309, -1.3249, -4.8621)
(1.9332, -1.7215, -4.8073)
(1.4179, -2.1439, -4.7082)
(0.8006, -2.392, -4.6628)
(0.1792, -2.3737, -4.7468)
(-0.2959, -2.5163, -4.9427)
(2.3375, -1.3019, -4.304)
(1.8676, -1.5394, -4.3279)
(1.2844, -1.8721, -4.322)
(0.6614, -2.1071, -4.2551)
(0.0706, -2.3194, -4.265)
(-0.3551, -2.6864, -4.4236)
(2.2792, -1.3325, -3.8374)
(1.8635, -1.5438, -3.8735)
(1.3763, -1.9185, -3.86)
(0.79, -2.1522, -3.7577)
(0.2227, -2.4582, -3.7675)
(-0.273, -2.8936, -3.8987)
(1.9656, -1.3357, -3.8324)
(1.6192, -1.6221, -3.6683)
(1.3435, -2.0375, -3.4158)
(0.9599, -2.4438, -3.2986)
(0.3917, -2.8041, -3.3511)
(-0.1918, -3.1469, -3.3951)
(1.8476, -1.3191, -3.3136)
(1.5662, -1.6413, -3.1302)
(1.3078, -2.0968, -2.8549)
(0.9797, -2.5705, -2.7564)
(0.4503, -2.9914, -2.81)
(-0.1577, -3.2547, -2.8207)
(1.8417, -1.2725, -2.6024)
(1.6726, -1.7503, -2.5202)
(1.3604, -2.1848, -2.3388)
(0.9232, -2.5652, -2.2179)
(0.4491, -3.0279, -2.2301)
(-0.1312, -3.2639, -2.2206)
(2.0944, -1.3485, -1.9929)
(1.8504, -1.8145, -1.9239)
(1.5292, -2.3191, -1.8325)
(1.1039, -2.7525, -1.7468)
(0.5575, -3.0986, -1.6767)
(-0.0802, -3.2042, -1.6245)
(2.3804, -1.4351, -1.4135)
(2.0662, -1.8562, -1.3383)
(1.6823, -2.336, -1.2583)
(1.2265, -2.7563, -1.1797)
(0.6434, -3.0405, -1.0939)
(-0.0169, -3.0788, -1.0359)
(2.6621, -1.5077, -0.8429)
(2.2838, -1.882, -0.7633)
(1.8138, -2.2947, -0.6744)
(1.3045, -2.6776, -0.5892)
(0.7098, -2.9508, -0.5014)
(0.0491, -2.9497, -0.4476)
(2.949, -1.5702, -0.2836)
(2.5182, -1.924, -0.2057)
(1.9931, -2.3238, -0.1083)
(1.4372, -2.7082, -0.0063)
(0.8013, -2.9388, 0.0936)
(0.114, -2.8636, 0.1467)
(3.259, -1.6181, 0.2632)
(2.7638, -1.9869, 0.334)
(2.1944, -2.3957, 0.4415)
(1.5827, -2.7626, 0.5733)
(0.8936, -2.9129, 0.6883)
(0.1766, -2.7705, 0.7318)
(5.9852, -1.5787, 1.8557)
(5.5476, -1.6101, 1.6487)
(4.9466, -1.5279, 1.2906)
(4.2905, -1.4533, 0.9621)
(3.5984, -1.6981, 0.7865)
(2.9684, -2.0506, 0.8808)
(2.3421, -2.3853, 1.0064)
(1.6792, -2.6477, 1.14)
(0.9721, -2.6769, 1.2267)
(0.267, -2.4816, 1.2436)
(6.0265, -1.3109, 1.6973)
(5.5196, -1.364, 1.5371)
(5.0092, -1.5107, 1.2637)
(4.4505, -1.6923, 1.1631)
(3.7833, -1.863, 1.2467)
(3.1143, -2.0574, 1.3923)
(2.4385, -2.2211, 1.5254)
(1.7474, -2.3323, 1.6303)
(1.0493, -2.3161, 1.7051)
(0.3644, -2.1445, 1.7365)
(6.1094, -1.3619, 1.3088)
(5.6087, -1.54, 1.3126)
(5.0831, -1.6058, 1.3824)
(4.5071, -1.6116, 1.5251)
(3.8331, -1.7124, 1.6449)
(3.1567, -1.8182, 1.776)
(2.48, -1.9084, 1.9081)
(1.8064, -1.9781, 2.0491)
(1.1312, -1.9637, 2.1737)
(0.4623, -1.8135, 2.2385)
(6.346, -1.7291, 1.3775)
(5.8478, -1.745, 1.5761)
(5.2511, -1.809, 1.699)
(4.6215, -1.9319, 1.8118)
(3.9524, -1.9907, 1.996)
(3.2819, -2.0114, 2.1888)
(2.6096, -1.9869, 2.375)
(1.9327, -1.9011, 2.5613)
(1.2449, -1.7255, 2.7073)
(0.5709, -1.5083, 2.755)
(6.6229, -1.9774, 1.7977)
(6.1242, -1.9274, 2.0173)
(5.4864, -1.9702, 2.1549)
(4.82, -2.0599, 2.2998)
(4.1457, -2.0766, 2.5084)
(3.4778, -1.9914, 2.708)
(2.8078, -1.8405, 2.8777)
(2.1272, -1.635, 3.0322)
(1.4326, -1.3907, 3.1811)
(0.6801, -1.2005, 3.2099)
(6.8719, -2.2537, 2.2422)
(6.377, -2.1732, 2.4426)
(5.7653, -2.0638, 2.6209)
(5.0789, -1.9874, 2.8113)
(4.3735, -1.895, 3.013)
(3.7006, -1.7247, 3.1797)
(3.0313, -1.5301, 3.328)
(2.3633, -1.3197, 3.4627)
(1.775, -1.1193, 3.5659)
(7.0276, -2.2795, 2.7477)
(6.5541, -2.1304, 2.9192)
(5.9455, -1.9166, 3.0659)
(5.2661, -1.7123, 3.2285)
(4.5702, -1.5261, 3.3843)
(3.9019, -1.3197, 3.5098)
(3.2398, -1.1144, 3.6398)
(2.5846, -0.9102, 3.7582)
(2.0423, -0.7577, 3.8575)
(1.693, -0.8722, 3.7712)
(2.1795, -1.0246, 3.6851)
(2.8092, -1.2233, 3.5705)
(3.4743, -1.4267, 3.4358)
(4.1428, -1.6258, 3.2941)
(4.8275, -1.8029, 3.1366)
(5.5426, -1.936, 2.9435)
(6.1854, -2.1145, 2.7791)
(6.743, -2.259, 2.5969)
(1.2905, -1.1405, 3.441)
(1.913, -1.37, 3.3223)
(2.5815, -1.5957, 3.1869)
(3.2533, -1.7961, 3.0397)
(3.9234, -1.9562, 2.8686)
(4.5999, -2.0475, 2.6692)
(5.2961, -2.0363, 2.4653)
(5.9484, -2.0468, 2.3121)
(6.5308, -2.0879, 2.1233)
(0.2919, -1.2738, 2.9584)
(0.9674, -1.4441, 2.9961)
(1.6756, -1.6849, 2.8845)
(2.3653, -1.8792, 2.7162)
(3.0391, -2.0061, 2.5377)
(3.7088, -2.0688, 2.3425)
(4.3759, -2.0664, 2.132)
(5.0398, -1.9745, 1.9609)
(5.6763, -1.8357, 1.8757)
(6.2637, -1.8454, 1.6902)
(0.1897, -1.5479, 2.5083)
(0.8452, -1.7587, 2.4802)
(1.5221, -1.9052, 2.3787)
(2.1956, -1.9361, 2.213)
(2.8687, -1.9132, 2.048)
(3.543, -1.8566, 1.8898)
(4.2175, -1.7838, 1.7345)
(4.8691, -1.7177, 1.5909)
(5.4321, -1.6884, 1.4474)
(5.9833, -1.6003, 1.3335)
(0.0809, -1.8654, 1.9919)
(0.748, -2.0677, 1.9657)
(1.431, -2.147, 1.8884)
(2.1151, -2.0879, 1.7787)
(2.7983, -1.9828, 1.6597)
(3.4751, -1.8484, 1.5245)
(4.1496, -1.705, 1.3934)
(4.7858, -1.5837, 1.308)
(5.2799, -1.4902, 1.3284)
(5.8118, -1.342, 1.4661)
(-0.0234, -2.1921, 1.4885)
(0.6599, -2.4213, 1.4859)
(1.3644, -2.5404, 1.4437)
(2.0623, -2.4366, 1.3429)
(2.7286, -2.2164, 1.2177)
(3.3815, -1.9525, 1.0828)
(4.0508, -1.6901, 1.0019)
(4.6939, -1.566, 1.1373)
(5.2512, -1.4666, 1.4301)
(5.7837, -1.4369, 1.76)
(-0.1293, -2.5187, 0.9932)
(0.5731, -2.7525, 0.9879)
(1.2918, -2.8194, 0.9242)
(1.9644, -2.5823, 0.7903)
(2.5756, -2.2116, 0.6616)
(3.1593, -1.8241, 0.5616)
(3.7057, -1.4585, 0.5071)
(-0.2016, -2.7077, 0.4485)
(0.494, -2.9218, 0.4297)
(1.1936, -2.8838, 0.3435)
(1.8122, -2.5608, 0.2225)
(2.3732, -2.1595, 0.1141)
(2.89, -1.7633, 0.0225)
(3.2831, -1.444, -0.0326)
(-0.25, -2.7873, -0.1462)
(0.4183, -2.9598, -0.17)
(1.0725, -2.8364, -0.25)
(1.6357, -2.492, -0.3434)
(2.1513, -2.1009, -0.4342)
(2.6201, -1.7085, -0.5258)
(2.9655, -1.3869, -0.5925)
(-0.3131, -2.9176, -0.7349)
(0.3485, -3.0411, -0.7628)
(0.9832, -2.8721, -0.8402)
(1.5149, -2.5207, -0.9251)
(1.964, -2.0935, -1.0054)
(2.364, -1.658, -1.0913)
(2.6588, -1.3037, -1.1584)
(-0.3799, -3.0688, -1.3204)
(0.2842, -3.1554, -1.3529)
(0.9083, -2.9533, -1.4316)
(1.4145, -2.5772, -1.5142)
(1.7872, -2.0918, -1.5893)
(2.1102, -1.5995, -1.6689)
(2.354, -1.2079, -1.7322)
(-0.4393, -3.1917, -1.9119)
(0.2103, -3.2057, -1.9377)
(0.7535, -2.8684, -1.9678)
(1.2269, -2.4481, -2.0222)
(1.617, -2.0466, -2.1672)
(1.8609, -1.5268, -2.2576)
(2.0207, -1.0976, -2.3124)
(-0.4791, -3.2577, -2.5112)
(0.1682, -3.1867, -2.5273)
(0.6938, -2.7865, -2.4959)
(1.1487, -2.3359, -2.4993)
(1.4649, -1.9216, -2.7104)
(1.7327, -1.4691, -2.905)
(1.8867, -1.1325, -2.9844)
(-0.4982, -3.267, -3.1116)
(0.1428, -3.0994, -3.1143)
(0.7186, -2.7327, -3.0652)
(1.2043, -2.3238, -3.0519)
(1.4097, -1.824, -3.2837)
(1.7356, -1.4731, -3.5611)
(2.0083, -1.1994, -3.6854)
(-0.5138, -3.1629, -3.6846)
(0.0452, -2.8337, -3.608)
(0.5994, -2.4427, -3.5297)
(1.1532, -2.1539, -3.5689)
(1.5688, -1.7899, -3.7247)
(1.9328, -1.4256, -3.8094)
(2.3284, -1.2962, -3.8644)
(-0.5334, -2.9902, -4.2428)
(-0.1287, -2.5468, -4.0671)
(0.4091, -2.2029, -3.9872)
(0.9991, -1.9703, -4.0514)
(1.6257, -1.7144, -4.1042)
(2.1078, -1.3559, -4.0311)
(2.5697, -1.3493, -4.0205)
(-0.5261, -2.8167, -4.805)
(-0.1516, -2.4115, -4.5839)
(0.4061, -2.3109, -4.4815)
(1.0243, -2.1268, -4.4834)
(1.6336, -1.8281, -4.5628)
(2.1255, -1.4356, -4.5823)
(2.5338, -1.2165, -4.6177)
(-0.492, -2.644, -5.2739)
(-0.0234, -2.3359, -5.0394)
(0.54, -2.4787, -4.8956)
(1.1731, -2.4007, -4.8453)
(1.7071, -2.0182, -4.9631)
(2.1452, -1.5457, -5.0553)
(2.477, -1.1893, -5.1022)
(1.9406, -0.571, 3.9714)
(2.3716, -0.6348, 3.8945)
(2.9895, -0.8197, 3.7918)
(3.6476, -1.0265, 3.6736)
(4.3064, -1.2369, 3.5538)
(4.9728, -1.4485, 3.4447)
(5.6491, -1.645, 3.2776)
(6.2942, -1.8841, 3.1437)
(6.8625, -2.1016, 3.011)
(7.3849, -1.6734, 3.2765)
(6.329, -1.7842, 1.8904)
(6.6263, -1.609, 1.669)
(6.9917, -1.2573, 1.6692)
(7.3637, -0.9886, 2.0938)
(7.5717, -0.9422, 2.6521)
(7.5659, -1.2976, 3.0682)
(0.7707, 2.2182, -4.7011)
(0.717, 2.1114, -4.2309)
(0.5438, 1.7913, -3.7965)
(0.4727, 1.5878, -3.3479)
(0.597, 1.855, -2.9965)
(0.8048, 2.2501, -2.6845)
(1.0169, 2.4106, -2.176)
(1.0559, 2.4297, -1.6291)
(0.9781, 2.3764, -1.0623)
(0.9329, 2.3142, -0.4644)
(0.897, 2.2684, 0.1371)
(0.8519, 2.2082, 0.7371)
(0.8115, 2.1338, 1.3384)
(0.7829, 2.0537, 1.9411)
(0.7333, 1.9261, 2.5267)
(0.6653, 1.7626, 2.9776)
(1.0592, 2.0323, -4.4952)
(0.8954, 1.7601, -4.0706)
(0.7435, 1.4482, -3.6621)
(0.8369, 1.5622, -3.2203)
(1.0018, 1.9999, -2.9692)
(1.2094, 2.2522, -2.5201)
(1.3318, 2.3185, -1.9516)
(1.3033, 2.2542, -1.3638)
(1.2476, 2.1712, -0.7679)
(1.1944, 2.1046, -0.1698)
(1.1164, 2.0217, 0.4213)
(1.0375, 1.9293, 1.0119)
(1.0089, 1.8512, 1.6119)
(1.0114, 1.7823, 2.2132)
(0.9916, 1.6817, 2.7692)
(0.947, 1.5506, 3.1632)
(1.0601, 2.0348, -4.9089)
(1.5555, 1.5789, -4.8053)
(1.9815, 1.0897, -4.5811)
(2.3945, 0.6176, -4.5791)
(2.791, 0.1612, -4.8874)
(2.8953, -0.3635, -5.1418)
(2.7003, -0.8722, -5.2483)
(7.1211, -1.8519, 3.2621)
(6.6106, -1.797, 3.2013)
(5.9437, -1.5597, 3.2901)
(5.3245, -1.3595, 3.4528)
(4.6852, -1.1516, 3.5923)
(4.0359, -0.9329, 3.6926)
(3.3839, -0.7244, 3.8116)
(2.7293, -0.516, 3.9177)
(2.2634, -0.3051, 3.9951)
(2.6601, -0.9543, -4.8394)
(2.9072, -0.4493, -4.7201)
(2.9282, 0.1595, -4.5756)
(2.6114, 0.7246, -4.4775)
(2.1444, 1.2117, -4.4749)
(1.6197, 1.6474, -4.5089)
(2.7034, -1.0839, -4.2815)
(2.9208, -0.5758, -4.1701)
(2.8554, 0.0304, -4.0772)
(2.4639, 0.5509, -4.116)
(1.9511, 0.9543, -4.2076)
(1.4058, 1.3346, -4.1987)
(2.6255, -1.1515, -3.7999)
(2.7589, -0.6258, -3.6954)
(2.6462, -0.0228, -3.574)
(2.3246, 0.5122, -3.6063)
(1.8744, 0.8484, -3.7499)
(1.3091, 1.093, -3.768)
(2.2357, -1.0067, -3.735)
(2.3304, -0.5278, -3.5501)
(2.2439, -0.0295, -3.2725)
(2.002, 0.4134, -3.1878)
(1.7735, 0.9145, -3.3772)
(1.4205, 1.3231, -3.3723)
(2.0505, -0.9718, -3.2636)
(2.1102, -0.4997, -3.098)
(2.0078, -0.0151, -2.8004)
(1.8214, 0.4379, -2.729)
(1.6568, 1.0271, -2.9387)
(1.4505, 1.6322, -3.027)
(2.0029, -0.9455, -2.5746)
(2.0598, -0.4716, -2.4651)
(2.0743, 0.0825, -2.3027)
(2.0899, 0.6026, -2.3514)
(1.9546, 1.1895, -2.5374)
(1.6737, 1.8019, -2.5682)
(2.2912, -0.9842, -2.0156)
(2.3785, -0.4796, -1.9786)
(2.4696, 0.1088, -1.9741)
(2.4641, 0.6828, -2.0153)
(2.1972, 1.273, -2.0271)
(1.8125, 1.8429, -1.9969)
(2.5892, -1.0513, -1.452)
(2.6894, -0.5298, -1.4625)
(2.7169, 0.0796, -1.4768)
(2.5621, 0.6681, -1.4696)
(2.2234, 1.2405, -1.4353)
(1.8061, 1.7899, -1.3958)
(2.867, -1.1222, -0.8871)
(2.8978, -0.5899, -0.9012)
(2.7862, 0.0124, -0.8978)
(2.5039, 0.5785, -0.8781)
(2.1413, 1.142, -0.8435)
(1.742, 1.7026, -0.7982)
(3.1342, -1.1846, -0.3236)
(3.0244, -0.6638, -0.3296)
(2.7449, -0.0994, -0.3194)
(2.3657, 0.4355, -0.3093)
(1.9842, 0.9972, -0.2761)
(1.6282, 1.5862, -0.2157)
(3.4091, -1.1999, 0.2409)
(3.1112, -0.7134, 0.2402)
(2.6952, -0.1977, 0.2533)
(2.264, 0.327, 0.2597)
(1.8462, 0.8721, 0.2889)
(1.4844, 1.452, 0.3551)
(6.0252, -1.7114, 1.9458)
(5.6157, -1.6522, 1.7127)
(4.9974, -1.534, 1.3437)
(4.3315, -1.4244, 0.9922)
(3.7723, -1.0926, 0.7663)
(3.2985, -0.6039, 0.7851)
(2.8156, -0.1198, 0.8195)
(2.3636, 0.4008, 0.8323)
(1.8871, 0.8909, 0.8697)
(1.4151, 1.374, 0.9383)
(6.2843, -1.6961, 1.8648)
(5.7904, -1.5444, 1.8633)
(5.2344, -1.3104, 1.5447)
(4.6698, -1.078, 1.2526)
(4.0909, -0.7733, 1.2223)
(3.5417, -0.3688, 1.2876)
(3.0265, 0.0749, 1.3507)
(2.5517, 0.5723, 1.3796)
(2.0317, 1.0124, 1.4399)
(1.4644, 1.3831, 1.5267)
(6.5641, -1.3929, 1.7436)
(6.0979, -1.2359, 1.8811)
(5.5681, -0.9417, 1.718)
(4.9665, -0.6965, 1.6051)
(4.3716, -0.4307, 1.6706)
(3.795, -0.084, 1.7646)
(3.2488, 0.3029, 1.865)
(2.7235, 0.7335, 1.9346)
(2.1528, 1.105, 2.029)
(1.544, 1.4031, 2.1287)
(6.9353, -1.0811, 1.9583)
(6.4302, -0.9139, 2.0878)
(5.8655, -0.6444, 2.0869)
(5.2362, -0.3901, 2.0875)
(4.625, -0.1319, 2.1506)
(4.0293, 0.1678, 2.2578)
(3.4461, 0.4955, 2.3889)
(2.8497, 0.8217, 2.5164)
(2.2121, 1.1117, 2.6479)
(1.5801, 1.3775, 2.7347)
(7.2575, -0.8854, 2.4557)
(6.7103, -0.7456, 2.5725)
(6.1011, -0.5251, 2.6224)
(5.4755, -0.2628, 2.6365)
(4.8211, -0.0231, 2.689)
(4.1875, 0.1977, 2.8154)
(3.5655, 0.4657, 2.9555)
(2.9171, 0.7192, 3.0961)
(2.2328, 0.9406, 3.2426)
(1.5464, 1.2417, 3.2778)
(7.3872, -1.0391, 2.9604)
(6.8185, -0.9093, 3.0585)
(6.1674, -0.7432, 3.1341)
(5.531, -0.5364, 3.1463)
(4.8662, -0.294, 3.1865)
(4.2204, -0.0709, 3.3193)
(3.5723, 0.1551, 3.4389)
(2.915, 0.3706, 3.5509)
(2.3261, 0.5481, 3.656)
(7.2808, -1.504, 3.1939)
(6.7127, -1.3945, 3.2327)
(6.0332, -1.2008, 3.3314)
(5.3958, -0.9865, 3.4017)
(4.7686, -0.7536, 3.4824)
(4.1355, -0.5272, 3.6151)
(3.4837, -0.3181, 3.7146)
(2.833, -0.113, 3.806)
(2.3032, 0.0708, 3.9046)
(2.0981, 0.3798, 3.8523)
(2.5804, 0.2236, 3.7524)
(3.2062, 0.027, 3.6533)
(3.8612, -0.1848, 3.5543)
(4.5078, -0.4041, 3.434)
(5.1442, -0.6403, 3.3148)
(5.7943, -0.8718, 3.3076)
(6.4346, -1.0527, 3.2253)
(7.1, -1.2128, 3.148)
(1.9721, 0.8535, 3.5384)
(2.5991, 0.675, 3.4086)
(3.2587, 0.4611, 3.2822)
(3.903, 0.2199, 3.1518)
(4.5417, -0.0147, 3.0176)
(5.1971, -0.2248, 2.9144)
(5.8594, -0.4852, 2.9171)
(6.4689, -0.6821, 2.8739)
(7.1009, -0.8584, 2.7954)
(1.272, 1.468, 2.9928)
(1.88, 1.1803, 3.0097)
(2.5607, 0.9306, 2.8843)
(3.2103, 0.6616, 2.743)
(3.8203, 0.3666, 2.6016)
(4.426, 0.0824, 2.4696)
(5.0508, -0.1558, 2.3773)
(5.6844, -0.4219, 2.3493)
(6.297, -0.6776, 2.3303)
(6.8547, -0.8972, 2.2617)
(1.2772, 1.552, 2.4748)
(1.8785, 1.2674, 2.3917)
(2.4974, 0.9664, 2.2779)
(3.0778, 0.6081, 2.1706)
(3.631, 0.2279, 2.0679)
(4.2099, -0.1058, 1.9451)
(4.7982, -0.416, 1.869)
(5.4133, -0.64, 1.8269)
(6.0136, -0.9255, 1.9312)
(6.502, -1.1708, 1.9036)
(1.2348, 1.5805, 1.8711)
(1.8047, 1.2369, 1.7774)
(2.3795, 0.8739, 1.6879)
(2.8927, 0.425, 1.6291)
(3.3938, -0.0357, 1.5784)
(3.9524, -0.4121, 1.4761)
(4.5227, -0.766, 1.4235)
(5.1196, -0.9963, 1.4659)
(5.6641, -1.2797, 1.7889)
(6.1877, -1.5056, 1.8654)
(1.2035, 1.6142, 1.2716)
(1.6869, 1.156, 1.1928)
(2.2159, 0.7274, 1.125)
(2.6838, 0.2244, 1.0984)
(3.1598, -0.2724, 1.0713)
(3.6789, -0.7179, 1.012)
(4.2103, -1.143, 1.0278)
(4.8068, -1.3362, 1.2626)
(5.4003, -1.5401, 1.6449)
(5.9494, -1.6774, 1.8999)
(1.2554, 1.6909, 0.6822)
(1.6288, 1.1239, 0.6096)
(2.0702, 0.6056, 0.5579)
(2.5118, 0.0781, 0.5438)
(2.9633, -0.433, 0.5306)
(3.4048, -0.9236, 0.5081)
(3.75, -1.4218, 0.5236)
(1.3742, 1.8065, 0.103)
(1.7222, 1.2178, 0.0339)
(2.0929, 0.6386, -0.0155)
(2.5045, 0.1001, -0.0304)
(2.8969, -0.4282, -0.0368)
(3.189, -0.9638, -0.0461)
(3.3081, -1.4245, -0.0269)
(1.4765, 1.9123, -0.4821)
(1.8837, 1.3634, -0.5316)
(2.2542, 0.7874, -0.5784)
(2.6182, 0.2377, -0.6006)
(2.8971, -0.3258, -0.6129)
(3.0026, -0.9096, -0.6141)
(2.9856, -1.3793, -0.594)
(1.5421, 1.9975, -1.0785)
(1.9937, 1.4787, -1.1158)
(2.3779, 0.9143, -1.1558)
(2.6808, 0.3461, -1.1825)
(2.8084, -0.2523, -1.1903)
(2.7731, -0.8437, -1.1761)
(2.6795, -1.3045, -1.1619)
(1.5872, 2.0776, -1.6782)
(2.0351, 1.5519, -1.7163)
(2.4049, 0.9783, -1.7522)
(2.6245, 0.3922, -1.7632)
(2.5826, -0.1993, -1.7333)
(2.5092, -0.7818, -1.7336)
(2.3691, -1.2231, -1.74)
(1.5453, 2.0959, -2.273)
(1.9501, 1.5488, -2.3008)
(2.2226, 0.9454, -2.2667)
(2.3092, 0.3807, -2.1395)
(2.2038, -0.1754, -2.171)
(2.1801, -0.7401, -2.248)
(2.0297, -1.1408, -2.317)
(1.3649, 1.988, -2.8175)
(1.6749, 1.4305, -2.7854)
(1.8508, 0.7979, -2.6549)
(1.957, 0.2659, -2.4543)
(2.0239, -0.2124, -2.6733)
(2.0456, -0.7475, -2.8473)
(1.9153, -1.1309, -2.9892)
(1.2009, 1.6629, -3.1667)
(1.5878, 1.2526, -3.2019)
(1.759, 0.6668, -3.0749)
(1.984, 0.1719, -2.9262)
(2.1678, -0.2479, -3.2504)
(2.1739, -0.7645, -3.4542)
(2.0411, -1.1602, -3.679)
(1.0662, 1.3037, -3.4984)
(1.6292, 1.0238, -3.586)
(2.0153, 0.6886, -3.4873)
(2.3254, 0.2206, -3.3509)
(2.5295, -0.2911, -3.5341)
(2.5109, -0.8579, -3.686)
(2.3453, -1.2819, -3.8508)
(1.0534, 1.3635, -3.9425)
(1.6065, 0.999, -4.0069)
(2.1678, 0.7258, -3.927)
(2.6034, 0.2696, -3.8094)
(2.8781, -0.3079, -3.8357)
(2.806, -0.909, -3.9537)
(2.5884, -1.3413, -4.02)
(1.2608, 1.7278, -4.3305)
(1.7981, 1.3143, -4.3783)
(2.3218, 0.8816, -4.3509)
(2.7635, 0.3865, -4.3242)
(2.9734, -0.2061, -4.3927)
(2.805, -0.7895, -4.5216)
(2.553, -1.2108, -4.6171)
(1.3576, 1.8665, -4.6911)
(1.862, 1.4216, -4.5999)
(2.3309, 0.9548, -4.5103)
(2.7279, 0.4422, -4.6387)
(2.9468, -0.1058, -4.8557)
(2.7866, -0.6799, -5.0096)
(2.5606, -1.1062, -5.0957)
(2.1066, -0.0344, 4.0021)
(2.4969, -0.2247, 3.9196)
(3.1055, -0.4275, 3.8228)
(3.7599, -0.6342, 3.727)
(4.406, -0.8468, 3.6101)
(5.0364, -1.0757, 3.495)
(5.6638, -1.2876, 3.3863)
(6.309, -1.5034, 3.271)
(6.9697, -1.6836, 3.2171)
(1.9584, -1.194, -3.3713)
(2.091, -1.1656, -3.9931)
(2.5114, -1.1491, -4.9165)
(5.8478, -1.6463, 1.9026)
(5.3155, -1.616, 1.4588)
(3.9936, -1.4318, 0.7788)
(3.4621, -1.4485, 0.2518)
(4.6285, -1.4459, 1.1754)
(2.5163, -1.262, -1.4451)
(2.2068, -1.1691, -2.0271)
(6.9675, -1.9381, 3.1617)
(2.5826, -1.4125, -3.7222)
(6.2778, -1.6875, 3.2402)
(5.6506, -1.4546, 3.3562)
(5.0141, -1.2773, 3.5633)
(4.3632, -1.0485, 3.6263)
(3.1291, -1.42, -0.3113)
(3.7128, -0.8397, 3.7563)
(3.0569, -0.6306, 3.8611)
(1.8436, -1.0693, -2.6023)
(2.4007, -0.4216, 3.969)
(2.5755, -1.2782, -4.3183)
(2.822, -1.3462, -0.8752)
(-6.7636, 3.1307, 3.0921)
(-5.1579, 3.0602, 1.7162)
(-5.3059, 3.1676, 1.5371)
(-5.7206, 3.0697, 1.4703)
(-6.1997, 2.9458, 1.8157)
(-6.6316, 2.8547, 2.2334)
(-6.8529, 2.9407, 2.7253)
(-1.2124, -2.7251, -5.1656)
(-1.3108, -2.8425, -4.6122)
(-1.3924, -2.9452, -4.0209)
(-1.4529, -2.9901, -3.4314)
(-1.4316, -2.9012, -2.8389)
(-1.3752, -2.7816, -2.2466)
(-1.3157, -2.654, -1.6554)
(-1.2632, -2.5213, -1.0642)
(-1.2294, -2.4074, -0.4692)
(-1.2239, -2.3391, 0.1312)
(-1.2054, -2.2496, 0.7134)
(-1.0983, -1.9757, 1.225)
(-0.9687, -1.6585, 1.728)
(-0.8477, -1.3405, 2.2422)
(-0.7353, -1.042, 2.7319)
(-0.6599, -0.8377, 3.0983)
(-1.1071, -2.6155, -5.5869)
(-1.1294, -2.0186, -5.3868)
(-1.2237, -1.4367, -5.2287)
(-1.6641, -0.9346, -5.2599)
(-2.116, -0.4302, -5.3374)
(-2.4352, 0.1748, -5.3427)
(-2.5788, 0.7094, -5.2801)
(-6.4783, 3.2145, 3.2127)
(-5.9955, 3.0613, 3.2598)
(-5.3658, 2.7727, 3.3195)
(-4.7879, 2.5049, 3.5368)
(-4.2102, 2.2245, 3.7457)
(-3.5714, 1.9493, 3.8187)
(-2.9379, 1.6684, 3.9021)
(-2.3044, 1.3866, 3.9619)
(-1.8626, 1.122, 3.997)
(-2.6311, 0.6694, -4.8634)
(-2.5195, 0.1129, -4.919)
(-2.2013, -0.4773, -4.9142)
(-1.7526, -0.98, -4.8353)
(-1.3821, -1.5198, -4.8324)
(-1.3039, -2.1306, -5.0031)
(-2.7313, 0.5691, -4.3056)
(-2.6276, 0.0157, -4.3655)
(-2.2584, -0.5374, -4.3604)
(-1.8212, -1.0126, -4.2785)
(-1.5905, -1.5877, -4.3171)
(-1.5189, -2.2461, -4.5011)
(-2.7423, 0.4657, -3.8454)
(-2.6505, -0.0835, -3.8389)
(-2.2927, -0.6656, -3.7991)
(-1.917, -1.1617, -3.7358)
(-1.7452, -1.7274, -3.779)
(-1.6661, -2.3831, -3.9493)
(-2.3659, 0.4007, -3.8247)
(-2.3183, -0.1102, -3.493)
(-2.1745, -0.7027, -3.307)
(-2.0519, -1.3067, -3.2713)
(-2.027, -1.9112, -3.3395)
(-1.8825, -2.5061, -3.453)
(-2.2383, 0.2884, -3.369)
(-2.2733, -0.1577, -3.0745)
(-2.3924, -0.6642, -2.9953)
(-2.4683, -1.2683, -3.0164)
(-2.3085, -1.8996, -2.9431)
(-1.9455, -2.4509, -2.8944)
(-2.254, 0.3171, -2.6955)
(-2.5242, -0.1112, -2.6232)
(-2.7493, -0.6665, -2.5757)
(-2.6845, -1.2755, -2.4998)
(-2.3664, -1.8428, -2.3908)
(-1.9025, -2.3407, -2.3071)
(-2.4742, 0.4066, -2.053)
(-2.7098, -0.065, -2.018)
(-2.8692, -0.6441, -1.9753)
(-2.724, -1.2376, -1.889)
(-2.3543, -1.7672, -1.7925)
(-1.8578, -2.2314, -1.7141)
(-2.7116, 0.5203, -1.45)
(-2.8346, 0.0094, -1.4038)
(-2.8936, -0.5924, -1.3539)
(-2.7336, -1.1831, -1.2778)
(-2.3576, -1.7032, -1.1895)
(-1.8343, -2.136, -1.1164)
(-2.9361, 0.6428, -0.8641)
(-2.9534, 0.1078, -0.8092)
(-2.9178, -0.5174, -0.7478)
(-2.7518, -1.1267, -0.6718)
(-2.3868, -1.6637, -0.5846)
(-1.8414, -2.0748, -0.5138)
(-3.1599, 0.7741, -0.2897)
(-3.1025, 0.216, -0.2325)
(-2.9983, -0.4375, -0.1599)
(-2.8294, -1.0893, -0.0734)
(-2.47, -1.6625, 0.0211)
(-1.8863, -2.0559, 0.0919)
(-3.4036, 0.9246, 0.2713)
(-3.301, 0.313, 0.3222)
(-3.1694, -0.3796, 0.4057)
(-2.9651, -1.0658, 0.5175)
(-2.539, -1.6273, 0.6256)
(-1.8977, -1.9834, 0.6854)
(-5.2288, 2.7957, 1.7592)
(-5.0379, 2.4265, 1.7868)
(-4.5515, 2.0258, 1.4879)
(-4.0561, 1.6828, 1.0233)
(-3.6896, 1.0641, 0.8057)
(-3.4681, 0.3866, 0.8759)
(-3.2476, -0.2916, 0.9712)
(-2.9524, -0.9453, 1.0895)
(-2.4459, -1.4242, 1.1759)
(-1.7789, -1.7181, 1.2077)
(-5.1298, 2.9519, 1.6973)
(-4.9651, 2.4939, 1.5568)
(-4.7386, 1.9578, 1.2735)
(-4.4049, 1.4216, 1.1528)
(-3.9739, 0.9198, 1.2566)
(-3.5604, 0.3951, 1.406)
(-3.1753, -0.169, 1.4931)
(-2.7871, -0.7244, 1.5974)
(-2.2738, -1.1431, 1.6837)
(-1.6296, -1.4123, 1.7127)
(-5.4333, 2.9054, 1.4381)
(-5.3188, 2.3658, 1.4061)
(-5.1376, 1.7384, 1.3655)
(-4.7909, 1.1738, 1.448)
(-4.3261, 0.6967, 1.6288)
(-3.8373, 0.2451, 1.8229)
(-3.3275, -0.1873, 1.9867)
(-2.7747, -0.5669, 2.1253)
(-2.1573, -0.8613, 2.2033)
(-1.5011, -1.0989, 2.2265)
(-5.9058, 2.7791, 1.6417)
(-5.7562, 2.229, 1.6832)
(-5.4758, 1.6377, 1.7682)
(-5.0316, 1.1587, 1.9289)
(-4.5014, 0.7564, 2.1365)
(-3.9363, 0.3913, 2.325)
(-3.3341, 0.0664, 2.4729)
(-2.6921, -0.2209, 2.5865)
(-2.0182, -0.4905, 2.6812)
(-1.3673, -0.7687, 2.7278)
(-6.3312, 2.6865, 2.06)
(-6.0679, 2.2119, 2.1539)
(-5.6019, 1.8026, 2.2518)
(-5.0352, 1.4611, 2.4123)
(-4.4706, 1.093, 2.6138)
(-3.8627, 0.779, 2.7638)
(-3.229, 0.4916, 2.879)
(-2.5769, 0.2038, 3.0019)
(-1.913, -0.0973, 3.1553)
(-1.2519, -0.4836, 3.2011)
(-6.6337, 2.7085, 2.5443)
(-6.1968, 2.4129, 2.6322)
(-5.6095, 2.1424, 2.7156)
(-5.0158, 1.821, 2.896)
(-4.4072, 1.4877, 3.0682)
(-3.7724, 1.2058, 3.1812)
(-3.1423, 0.9155, 3.2962)
(-2.5223, 0.6068, 3.4311)
(-1.9749, 0.3296, 3.5581)
(-6.6535, 2.9477, 3.0044)
(-6.1648, 2.7188, 3.0674)
(-5.5544, 2.4694, 3.1323)
(-4.9375, 2.1941, 3.3016)
(-4.3094, 1.8993, 3.4596)
(-3.6746, 1.6177, 3.5624)
(-3.0514, 1.3233, 3.6773)
(-2.4382, 1.024, 3.7867)
(-1.9372, 0.7658, 3.8731)
(-1.7545, 0.444, 3.7803)
(-2.2075, 0.675, 3.6864)
(-2.791, 0.9714, 3.5657)
(-3.4104, 1.2742, 3.4406)
(-4.0424, 1.5593, 3.3308)
(-4.6778, 1.847, 3.2091)
(-5.292, 2.1717, 3.0219)
(-5.8996, 2.4363, 2.8932)
(-6.4692, 2.6836, 2.8472)
(-1.6486, -0.0281, 3.4416)
(-2.2366, 0.2549, 3.2905)
(-2.8649, 0.5576, 3.1471)
(-3.4999, 0.8497, 3.028)
(-4.1319, 1.1363, 2.9133)
(-4.7395, 1.4537, 2.7587)
(-5.3147, 1.8171, 2.5579)
(-5.902, 2.1108, 2.4336)
(-6.3577, 2.4844, 2.3501)
(-1.0083, -0.7858, 2.9434)
(-1.6142, -0.4525, 2.9672)
(-2.292, -0.1492, 2.8552)
(-2.9609, 0.1314, 2.7374)
(-3.6005, 0.4175, 2.6217)
(-4.2098, 0.7322, 2.4739)
(-4.7798, 1.0899, 2.2794)
(-5.3116, 1.4857, 2.0783)
(-5.7765, 1.9195, 1.9588)
(-6.0446, 2.479, 1.8709)
(-1.1119, -1.0574, 2.4907)
(-1.7579, -0.8069, 2.4675)
(-2.4238, -0.557, 2.4134)
(-3.0579, -0.2646, 2.3062)
(-3.6438, 0.0807, 2.1577)
(-4.1846, 0.4753, 1.9738)
(-4.6993, 0.8972, 1.772)
(-5.1575, 1.3744, 1.5978)
(-5.4581, 1.9684, 1.5088)
(-5.6098, 2.5884, 1.4926)
(-1.2364, -1.3783, 1.9771)
(-1.8914, -1.1376, 1.9595)
(-2.5098, -0.8513, 1.9155)
(-3.0088, -0.4241, 1.7996)
(-3.468, 0.0622, 1.681)
(-3.921, 0.5585, 1.534)
(-4.3845, 1.0309, 1.3404)
(-4.7859, 1.5602, 1.2473)
(-5.0241, 2.1546, 1.3466)
(-5.1714, 2.7149, 1.5269)
(-1.368, -1.691, 1.4681)
(-2.0346, -1.4328, 1.4476)
(-2.643, -1.0918, 1.398)
(-3.0426, -0.5302, 1.2871)
(-3.3512, 0.0996, 1.1963)
(-3.6583, 0.7204, 1.1042)
(-4.0114, 1.3069, 1.0235)
(-4.4373, 1.7824, 1.1949)
(-4.7941, 2.2396, 1.53)
(-5.0885, 2.7033, 1.7555)
(-1.5048, -1.9996, 0.9656)
(-2.1909, -1.7219, 0.9358)
(-2.7857, -1.3162, 0.8678)
(-3.1296, -0.6908, 0.7479)
(-3.3199, 0.0038, 0.6408)
(-3.4738, 0.6899, 0.5642)
(-3.6157, 1.3332, 0.532)
(-1.5638, -2.1769, 0.4145)
(-2.2296, -1.8742, 0.3666)
(-2.7461, -1.3935, 0.2773)
(-3.0042, -0.7462, 0.1693)
(-3.1429, -0.0684, 0.0835)
(-3.2438, 0.578, 0.0155)
(-3.3011, 1.0852, -0.0244)
(-1.5449, -2.2191, -0.1874)
(-2.1599, -1.8823, -0.243)
(-2.633, -1.3981, -0.3268)
(-2.8775, -0.7921, -0.4134)
(-2.9924, -0.1563, -0.4849)
(-3.0385, 0.456, -0.5487)
(-3.0517, 0.9318, -0.5998)
(-1.5403, -2.2828, -0.7892)
(-2.112, -1.9014, -0.8478)
(-2.5804, -1.4296, -0.9303)
(-2.8447, -0.8605, -1.0145)
(-2.9164, -0.2491, -1.0785)
(-2.8545, 0.3387, -1.1298)
(-2.8017, 0.7988, -1.182)
(-1.5686, -2.3876, -1.386)
(-2.1072, -1.9642, -1.4507)
(-2.5658, -1.4823, -1.5365)
(-2.8368, -0.9215, -1.6263)
(-2.8631, -0.321, -1.6891)
(-2.6704, 0.2311, -1.7243)
(-2.5432, 0.6718, -1.7757)
(-1.6169, -2.5082, -1.9786)
(-2.1272, -2.0515, -2.0488)
(-2.5619, -1.5446, -2.1414)
(-2.8095, -0.966, -2.2468)
(-2.7773, -0.3621, -2.3174)
(-2.4664, 0.1538, -2.3479)
(-2.2621, 0.5419, -2.3909)
(-1.6766, -2.6302, -2.5687)
(-2.159, -2.1436, -2.6402)
(-2.5165, -1.5797, -2.7341)
(-2.6345, -0.9556, -2.8224)
(-2.4908, -0.3917, -2.8076)
(-2.2955, 0.0844, -2.9486)
(-2.169, 0.4746, -3.1254)
(-1.7175, -2.7486, -3.1564)
(-2.0948, -2.217, -3.1859)
(-2.2318, -1.618, -3.1251)
(-2.2508, -0.9794, -3.1674)
(-2.2304, -0.4053, -3.1582)
(-2.2598, 0.1114, -3.4813)
(-2.2687, 0.553, -3.8122)
(-1.6464, -2.747, -3.7211)
(-1.8416, -2.1456, -3.6441)
(-1.898, -1.5323, -3.47)
(-2.0641, -0.9804, -3.5154)
(-2.3833, -0.4048, -3.5668)
(-2.5515, 0.1898, -3.7645)
(-2.556, 0.6573, -3.8761)
(-1.517, -2.625, -4.2846)
(-1.6214, -1.9776, -4.1345)
(-1.7423, -1.3366, -3.9867)
(-2.0569, -0.8379, -4.049)
(-2.5227, -0.3402, -4.0846)
(-2.7582, 0.2561, -4.0651)
(-2.7694, 0.7413, -3.9697)
(-1.3842, -2.4988, -4.8523)
(-1.4277, -1.8685, -4.6684)
(-1.6109, -1.2532, -4.5481)
(-1.9983, -0.7447, -4.6105)
(-2.4324, -0.2317, -4.664)
(-2.6457, 0.3659, -4.6271)
(-2.684, 0.8574, -4.564)
(-1.2307, -2.3787, -5.3159)
(-1.1994, -1.7753, -5.0997)
(-1.4811, -1.2065, -5.0322)
(-1.9489, -0.7201, -5.1047)
(-2.3404, -0.1627, -5.1528)
(-2.5626, 0.4424, -5.1178)
(-2.6118, 0.9204, -5.0493)
(-1.7363, 0.8366, 3.9772)
(-2.1035, 1.0751, 3.9241)
(-2.6844, 1.356, 3.8503)
(-3.3092, 1.6473, 3.7538)
(-3.9397, 1.9325, 3.6539)
(-4.5711, 2.2113, 3.546)
(-5.1638, 2.496, 3.3196)
(-5.7854, 2.7487, 3.2098)
(-6.362, 3.0091, 3.1658)
(-6.3488, 3.8156, 3.1991)
(-5.4217, 2.5334, 1.4659)
(-5.3703, 2.8954, 1.404)
(-5.6059, 3.4691, 1.479)
(-5.9419, 3.8851, 1.816)
(-6.1842, 4.1482, 2.3714)
(-6.3174, 4.1317, 2.929)
(0.446, 2.3304, -4.4577)
(0.3681, 2.1635, -3.9441)
(0.2069, 1.8371, -3.5125)
(0.2119, 1.7643, -3.0466)
(0.3804, 2.1297, -2.7552)
(0.6369, 2.3478, -2.3231)
(0.804, 2.3899, -1.8194)
(0.7073, 2.4808, -1.3411)
(0.6325, 2.4576, -0.7703)
(0.6016, 2.4112, -0.1678)
(0.5773, 2.3709, 0.4368)
(0.55, 2.3186, 1.0412)
(0.5211, 2.2581, 1.6455)
(0.4783, 2.17, 2.2432)
(0.3934, 1.9855, 2.7794)
(0.3157, 1.8038, 3.1534)
(0.4472, 2.3443, -4.903)
(-0.2224, 2.5084, -4.8739)
(-0.9097, 2.5836, -4.8522)
(-1.5953, 2.5643, -4.848)
(-2.2162, 2.3278, -4.8899)
(-2.5699, 1.8192, -5.0159)
(-2.6608, 1.2862, -5.1551)
(-6.3071, 3.4508, 3.2232)
(-5.9788, 3.05, 3.24)
(-5.3435, 2.7326, 3.284)
(-4.7678, 2.5056, 3.5294)
(-4.2018, 2.2447, 3.7592)
(-3.5719, 1.9682, 3.8283)
(-2.9399, 1.69, 3.9078)
(-2.3062, 1.4089, 3.9648)
(-1.814, 1.2581, 4.0113)
(-2.6301, 1.1596, -4.7549)
(-2.5335, 1.7003, -4.5952)
(-2.1932, 2.2266, -4.4625)
(-1.5886, 2.4931, -4.4135)
(-0.9048, 2.551, -4.4143)
(-0.2177, 2.5036, -4.4343)
(-2.6766, 1.0366, -4.1954)
(-2.5045, 1.5539, -4.0462)
(-2.1262, 2.0606, -3.9424)
(-1.5519, 2.3495, -3.8838)
(-0.9002, 2.4774, -3.8481)
(-0.2393, 2.4359, -3.879)
(-2.6388, 0.9252, -3.7359)
(-2.3557, 1.3931, -3.617)
(-1.8638, 1.7674, -3.607)
(-1.3898, 2.0353, -3.4848)
(-0.8953, 2.2897, -3.2899)
(-0.3226, 2.2182, -3.3532)
(-2.2714, 0.8178, -3.7601)
(-1.9828, 1.2246, -3.5908)
(-1.4811, 1.5058, -3.4562)
(-1.1368, 1.6952, -3.1832)
(-0.8302, 1.9777, -2.8627)
(-0.3442, 2.0089, -2.8626)
(-2.1129, 0.7061, -3.3092)
(-1.8052, 1.0851, -3.1447)
(-1.3355, 1.3597, -2.9731)
(-0.8744, 1.5756, -2.8544)
(-0.4958, 1.8013, -2.6131)
(-0.1283, 2.0289, -2.5128)
(-2.0913, 0.6656, -2.653)
(-1.7482, 1.0296, -2.5385)
(-1.2719, 1.3218, -2.4383)
(-0.7636, 1.5903, -2.3775)
(-0.2247, 1.7591, -2.2855)
(0.2073, 2.0222, -2.1892)
(-2.3249, 0.7984, -2.0679)
(-1.9947, 1.2016, -2.0286)
(-1.4937, 1.5098, -1.9599)
(-0.9127, 1.6452, -1.8667)
(-0.2979, 1.7777, -1.787)
(0.2803, 2.0633, -1.732)
(-2.5648, 0.9335, -1.4839)
(-2.212, 1.3239, -1.4703)
(-1.6879, 1.5962, -1.4127)
(-1.0953, 1.7607, -1.3362)
(-0.5017, 2.0242, -1.3112)
(0.0915, 2.3489, -1.3238)
(-2.7889, 1.054, -0.8997)
(-2.3974, 1.417, -0.8961)
(-1.865, 1.7351, -0.8718)
(-1.2847, 1.9958, -0.8407)
(-0.6766, 2.2715, -0.8145)
(-0.032, 2.4803, -0.7919)
(-3.0064, 1.1785, -0.3196)
(-2.5578, 1.489, -0.3196)
(-1.9849, 1.7842, -0.2993)
(-1.378, 2.0408, -0.2717)
(-0.7398, 2.2777, -0.2346)
(-0.0728, 2.4433, -0.1959)
(-3.2198, 1.3474, 0.2529)
(-2.6787, 1.5516, 0.2571)
(-2.0413, 1.7357, 0.2861)
(-1.3915, 1.9286, 0.3147)
(-0.7399, 2.1517, 0.357)
(-0.085, 2.3629, 0.4045)
(-5.4565, 2.5773, 1.7168)
(-5.1107, 2.4557, 1.8786)
(-4.5805, 2.0678, 1.5402)
(-4.0678, 1.7383, 1.028)
(-3.4286, 1.6619, 0.7832)
(-2.7593, 1.7361, 0.8124)
(-2.0861, 1.8076, 0.8691)
(-1.4081, 1.9231, 0.9022)
(-0.7416, 2.0782, 0.9495)
(-0.0946, 2.2925, 1.006)
(-5.3491, 2.678, 1.6508)
(-5.1232, 2.634, 1.8594)
(-4.6556, 2.4363, 1.6322)
(-4.1034, 2.2354, 1.3032)
(-3.4697, 2.1288, 1.2209)
(-2.8065, 2.0533, 1.3271)
(-2.1346, 2.0709, 1.4054)
(-1.4535, 2.156, 1.4443)
(-0.7749, 2.1907, 1.5203)
(-0.1171, 2.2841, 1.604)
(-5.5139, 3.159, 1.6392)
(-5.2741, 3.0673, 1.8783)
(-4.6755, 2.8968, 1.8089)
(-4.0707, 2.7499, 1.6316)
(-3.4759, 2.5955, 1.6405)
(-2.8507, 2.4289, 1.8116)
(-2.1835, 2.4149, 1.9043)
(-1.504, 2.4519, 1.9679)
(-0.8243, 2.4086, 2.071)
(-0.1585, 2.3389, 2.1829)
(-5.7384, 3.6927, 1.8095)
(-5.3764, 3.5562, 2.0641)
(-4.7829, 3.3471, 2.1134)
(-4.1846, 3.1749, 2.0754)
(-3.5498, 2.9674, 2.1316)
(-2.913, 2.7881, 2.2925)
(-2.2434, 2.7062, 2.4151)
(-1.5662, 2.6094, 2.5352)
(-0.8868, 2.4284, 2.6693)
(-0.2329, 2.2178, 2.7555)
(-5.9612, 4.0505, 2.2312)
(-5.5792, 3.9163, 2.4544)
(-5.011, 3.6361, 2.5578)
(-4.3615, 3.3731, 2.6093)
(-3.6916, 3.1197, 2.7021)
(-3.0299, 2.9234, 2.8414)
(-2.3664, 2.7418, 2.9716)
(-1.7002, 2.5158, 3.1007)
(-1.0335, 2.2312, 3.2359)
(-0.329, 1.9842, 3.256)
(-6.109, 4.1192, 2.7697)
(-5.7074, 3.8779, 2.949)
(-5.1425, 3.5615, 3.0588)
(-4.4978, 3.2592, 3.1722)
(-3.8435, 2.9818, 3.2783)
(-3.1985, 2.7293, 3.3567)
(-2.5538, 2.4783, 3.4519)
(-1.9111, 2.2126, 3.5513)
(-1.3453, 1.9637, 3.6478)
(-6.2316, 3.8177, 3.1513)
(-5.8389, 3.4693, 3.2159)
(-5.2382, 3.113, 3.2907)
(-4.6259, 2.8494, 3.4932)
(-4.0276, 2.6207, 3.663)
(-3.3986, 2.3381, 3.6986)
(-2.7668, 2.0573, 3.7572)
(-2.1375, 1.7836, 3.8282)
(-1.612, 1.5749, 3.9097)
(-1.2656, 1.6795, 3.8431)
(-1.7375, 1.8769, 3.7564)
(-2.3435, 2.1354, 3.6683)
(-2.9805, 2.4069, 3.5909)
(-3.6168, 2.6784, 3.5287)
(-4.2485, 2.9461, 3.4631)
(-4.8737, 3.1987, 3.2772)
(-5.4947, 3.5264, 3.1694)
(-6.0008, 3.8549, 3.0621)
(-0.8889, 1.9693, 3.5197)
(-1.4818, 2.2506, 3.4038)
(-2.1262, 2.5195, 3.2868)
(-2.7802, 2.7561, 3.1719)
(-3.4366, 2.9717, 3.0544)
(-4.0969, 3.2158, 2.95)
(-4.7686, 3.5113, 2.8611)
(-5.387, 3.8021, 2.7767)
(-5.8714, 4.0762, 2.6184)
(0.0364, 2.0066, 2.9926)
(-0.6031, 2.215, 3.0123)
(-1.2833, 2.4789, 2.8948)
(-1.9599, 2.6877, 2.7575)
(-2.6305, 2.8282, 2.6294)
(-3.2935, 2.9752, 2.4874)
(-3.9419, 3.1923, 2.3508)
(-4.5976, 3.4188, 2.3295)
(-5.1857, 3.6393, 2.2884)
(-5.7119, 3.8709, 2.14)
(0.1268, 2.2081, 2.5105)
(-0.5167, 2.3779, 2.4263)
(-1.1898, 2.514, 2.3049)
(-1.8698, 2.5792, 2.1959)
(-2.5454, 2.5864, 2.1081)
(-3.1973, 2.6955, 1.9658)
(-3.8025, 2.9063, 1.8207)
(-4.4135, 3.0504, 1.897)
(-5.0129, 3.2243, 1.9643)
(-5.551, 3.3912, 1.8607)
(0.1897, 2.3107, 1.9296)
(-0.4638, 2.3023, 1.8456)
(-1.1382, 2.3172, 1.7431)
(-1.8199, 2.2814, 1.676)
(-2.4958, 2.216, 1.6282)
(-3.1529, 2.2934, 1.4986)
(-3.7784, 2.4388, 1.3993)
(-4.3785, 2.5602, 1.5703)
(-4.9421, 2.7589, 1.8176)
(-5.3661, 2.8656, 1.799)
(0.2177, 2.3339, 1.3306)
(-0.4263, 2.1796, 1.2758)
(-1.0893, 2.0617, 1.2051)
(-1.7695, 1.9693, 1.1604)
(-2.4487, 1.8874, 1.1176)
(-3.1226, 1.8886, 1.0312)
(-3.7961, 1.905, 1.0468)
(-4.3688, 2.1057, 1.3492)
(-4.8686, 2.3859, 1.7783)
(-5.2822, 2.6006, 1.8328)
(0.2386, 2.3818, 0.726)
(-0.4134, 2.2147, 0.6797)
(-1.0647, 1.9896, 0.6305)
(-1.7301, 1.8192, 0.5954)
(-2.3953, 1.6827, 0.5627)
(-3.0397, 1.5622, 0.5229)
(-3.6228, 1.3907, 0.5457)
(0.2565, 2.4342, 0.1222)
(-0.4144, 2.3244, 0.0837)
(-1.0678, 2.104, 0.04)
(-1.7065, 1.8743, 0.0053)
(-2.3246, 1.6399, -0.0189)
(-2.8919, 1.3832, -0.036)
(-3.3008, 1.1177, -0.0193)
(0.2804, 2.4867, -0.4812)
(-0.3944, 2.4073, -0.5133)
(-1.038, 2.179, -0.5485)
(-1.6443, 1.9161, -0.5777)
(-2.2154, 1.6268, -0.5998)
(-2.7147, 1.2822, -0.6124)
(-3.0542, 0.9521, -0.6019)
(0.3341, 2.508, -1.0722)
(-0.2964, 2.3189, -1.0734)
(-0.8988, 2.017, -1.0763)
(-1.4889, 1.7654, -1.1141)
(-2.0554, 1.5405, -1.1675)
(-2.5164, 1.1797, -1.1899)
(-2.81, 0.8155, -1.1894)
(0.4865, 2.346, -1.5447)
(-0.0965, 2.0301, -1.5329)
(-0.6998, 1.7624, -1.5653)
(-1.3054, 1.6284, -1.6427)
(-1.8736, 1.4482, -1.733)
(-2.3079, 1.0678, -1.7688)
(-2.5628, 0.6801, -1.7855)
(0.5054, 2.2205, -1.98)
(0.0558, 1.8381, -1.9995)
(-0.5298, 1.6951, -2.0889)
(-1.0939, 1.5144, -2.1597)
(-1.6182, 1.2782, -2.2433)
(-2.044, 0.9073, -2.3139)
(-2.3048, 0.5385, -2.3964)
(0.2467, 2.2038, -2.4402)
(-0.1261, 1.8622, -2.3706)
(-0.5489, 1.7014, -2.5849)
(-1.0327, 1.4294, -2.6469)
(-1.521, 1.1943, -2.7657)
(-1.939, 0.848, -2.9045)
(-2.1823, 0.4901, -3.0618)
(-0.0138, 1.981, -2.7841)
(-0.4873, 1.9692, -2.6331)
(-0.8541, 1.7317, -2.8898)
(-1.1633, 1.5069, -3.1503)
(-1.6392, 1.3142, -3.3385)
(-2.0533, 0.9557, -3.507)
(-2.234, 0.5671, -3.6924)
(-0.0929, 1.9125, -3.1832)
(-0.6176, 2.1895, -3.0409)
(-1.1178, 1.9911, -3.1502)
(-1.4254, 1.7283, -3.4891)
(-1.9291, 1.4944, -3.5595)
(-2.3514, 1.0889, -3.6742)
(-2.5373, 0.6606, -3.8159)
(0.0092, 2.1887, -3.666)
(-0.5802, 2.4225, -3.5719)
(-1.2054, 2.3197, -3.5896)
(-1.7552, 2.0803, -3.7292)
(-2.2688, 1.7227, -3.7361)
(-2.5993, 1.2157, -3.85)
(-2.7679, 0.7599, -3.9602)
(0.1085, 2.4019, -4.1768)
(-0.5607, 2.5243, -4.1516)
(-1.2444, 2.4929, -4.1385)
(-1.8972, 2.3356, -4.1676)
(-2.3885, 1.9162, -4.2532)
(-2.5989, 1.3445, -4.4157)
(-2.6833, 0.8758, -4.554)
(0.12, 2.4441, -4.6771)
(-0.5625, 2.5485, -4.6565)
(-1.2515, 2.5673, -4.6394)
(-1.9164, 2.4424, -4.6588)
(-2.4245, 2.0481, -4.7404)
(-2.6093, 1.4719, -4.9017)
(-2.6539, 1.0015, -5.0267)
(-1.5218, 1.3624, 4.0078)
(-1.9451, 1.4756, 3.9394)
(-2.5413, 1.7259, 3.8752)
(-3.1735, 2.0063, 3.8123)
(-3.8031, 2.2896, 3.7545)
(-4.4168, 2.5571, 3.6735)
(-4.9787, 2.7746, 3.3857)
(-5.6089, 3.069, 3.2683)
(-6.1418, 3.4461, 3.229)
(-2.2091, 0.4941, -3.4811)
(-2.2937, 0.626, -4.0236)
(-2.6296, 0.9239, -4.8564)
(-5.3284, 2.677, 1.8774)
(-4.8202, 2.2052, 1.788)
(-3.8121, 1.5326, 0.8112)
(-3.4264, 1.1913, 0.2665)
(-4.3117, 1.8884, 1.2401)
(-2.6814, 0.7421, -1.48)
(-2.4246, 0.6098, -2.0812)
(-6.2961, 3.2458, 3.2341)
(-2.7996, 0.6919, -3.6684)
(-5.6782, 2.8655, 3.2657)
(-5.0311, 2.6397, 3.3378)
(-4.5246, 2.3708, 3.7283)
(-3.8874, 2.0985, 3.7766)
(-3.1756, 1.0117, -0.3102)
(-3.2558, 1.819, 3.8704)
(-2.6219, 1.5393, 3.9395)
(-2.1422, 0.4705, -2.7061)
(-1.9887, 1.2561, 3.9872)
(-2.7377, 0.8093, -4.2615)
(-2.9304, 0.8722, -0.8915)
(-0.7515, -2.8119, -5.3642)
(-0.2572, -2.4465, -5.1547)
(0.2419, -2.3845, -4.9554)
(0.8598, -2.4881, -4.8517)
(1.4544, -2.2358, -4.8935)
(1.9389, -1.7762, -5.0175)
(-0.7832, -2.9611, -4.8793)
(-0.3376, -2.5973, -4.6931)
(2.3213, -1.3544, -5.0826)
(0.1044, -2.3397, -4.5153)
(0.714, -2.2387, -4.4697)
(1.3372, -1.9938, -4.5233)
(1.8951, -1.6249, -4.5778)
(2.3348, -1.3076, -4.5954)
(-0.8107, -3.0985, -4.2973)
(-0.3257, -2.7815, -4.1563)
(0.123, -2.3537, -4.0072)
(0.6981, -2.0791, -4.0082)
(1.3203, -1.8605, -4.0926)
(1.8815, -1.5172, -4.0709)
(2.3339, -1.313, -4.0207)
(-0.8299, -3.2026, -3.7078)
(-0.2259, -3.0269, -3.6508)
(0.3182, -2.6281, -3.5618)
(0.8864, -2.2951, -3.5295)
(1.3765, -1.9846, -3.645)
(1.7499, -1.5884, -3.7769)
(2.1263, -1.3376, -3.8371)
(-0.8286, -3.2282, -3.1135)
(-0.1708, -3.2199, -3.1159)
(0.4358, -2.9268, -3.0959)
(0.9923, -2.5388, -3.037)
(1.3173, -2.0707, -3.1424)
(1.5606, -1.6288, -3.4366)
(1.8844, -1.3334, -3.6331)
(-0.8044, -3.1701, -2.5121)
(-0.1464, -3.268, -2.5209)
(0.4434, -3.0122, -2.5174)
(0.9348, -2.5554, -2.4775)
(1.3187, -2.1316, -2.5885)
(1.6075, -1.6905, -2.8216)
(1.8233, -1.2882, -2.9547)
(-0.7581, -3.0743, -1.915)
(-0.1085, -3.2432, -1.9216)
(0.4951, -3.0676, -1.9535)
(0.9973, -2.6542, -1.9848)
(1.4378, -2.257, -2.0917)
(1.7547, -1.7896, -2.221)
(1.9478, -1.3011, -2.2874)
(-0.6966, -2.9393, -1.3246)
(-0.0492, -3.1465, -1.3296)
(0.6068, -3.085, -1.389)
(1.1796, -2.782, -1.4741)
(1.6116, -2.3433, -1.5516)
(1.9564, -1.8371, -1.6298)
(2.2392, -1.3938, -1.7024)
(-0.6317, -2.7853, -0.7385)
(0.0159, -3.011, -0.7421)
(0.6751, -2.9896, -0.7976)
(1.2626, -2.7109, -0.8834)
(1.7458, -2.3129, -0.9647)
(2.1745, -1.8695, -1.0492)
(2.5211, -1.4727, -1.127)
(-0.5777, -2.6547, -0.1485)
(0.0824, -2.9001, -0.1516)
(0.7531, -2.9361, -0.205)
(1.3644, -2.6793, -0.297)
(1.8967, -2.2985, -0.3885)
(2.398, -1.8995, -0.4817)
(2.8042, -1.5403, -0.5618)
(-0.5433, -2.5761, 0.4461)
(0.1434, -2.8329, 0.4456)
(0.849, -2.9427, 0.3944)
(1.5136, -2.7458, 0.2836)
(2.0967, -2.3628, 0.1663)
(2.6432, -1.9551, 0.0647)
(3.0991, -1.5958, -0.0086)
(-0.4742, -2.3898, 0.989)
(0.2189, -2.645, 0.9948)
(0.9339, -2.8201, 0.966)
(1.6365, -2.7316, 0.8616)
(2.2752, -2.404, 0.7229)
(2.8716, -2.0156, 0.6066)
(3.4352, -1.6411, 0.5296)
(-0.3607, -2.068, 1.4851)
(0.3159, -2.3128, 1.49)
(1.0106, -2.5045, 1.4719)
(1.7164, -2.5123, 1.3988)
(2.399, -2.3347, 1.2823)
(3.0547, -2.088, 1.1496)
(3.7133, -1.8134, 1.0255)
(4.3819, -1.6195, 1.0446)
(-0.2492, -1.7459, 1.9927)
(0.4126, -1.9767, 1.9842)
(1.0883, -2.1264, 1.933)
(1.7732, -2.1291, 1.8356)
(4.9784, -1.5113, 1.2671)
(2.4571, -2.0388, 1.7207)
(3.1374, -1.9185, 1.5935)
(5.524, -1.4448, 1.6145)
(3.8121, -1.7761, 1.4561)
(6.0057, -1.423, 1.8071)
(4.4832, -1.639, 1.342)
(-0.1361, -1.4296, 2.5083)
(0.5154, -1.6584, 2.5011)
(1.1823, -1.8446, 2.4397)
(5.039, -1.5404, 1.2992)
(1.8596, -1.9322, 2.2996)
(2.5319, -1.9292, 2.1289)
(5.5448, -1.4177, 1.3983)
(3.2058, -1.8882, 1.9688)
(3.8801, -1.8215, 1.8109)
(6.0534, -1.2841, 1.4914)
(-0.0405, -1.1742, 2.9342)
(4.5525, -1.7461, 1.6625)
(0.6267, -1.3574, 2.9866)
(5.1558, -1.7041, 1.5169)
(1.323, -1.5639, 2.9531)
(2.0228, -1.7906, 2.8034)
(2.7034, -1.9509, 2.628)
(5.7154, -1.6529, 1.3885)
(3.3743, -2.0452, 2.4428)
(6.2129, -1.5381, 1.2744)
(4.0422, -2.077, 2.2373)
(4.7102, -2.0332, 2.0344)
(5.3605, -1.8958, 1.9191)
(1.6, -1.2573, 3.3814)
(2.2427, -1.4839, 3.257)
(2.9184, -1.7004, 3.1152)
(5.9864, -1.8267, 1.7969)
(3.5884, -1.882, 2.9578)
(6.4854, -1.8613, 1.571)
(4.2588, -2.0151, 2.7723)
(4.9494, -2.0475, 2.5625)
(5.6283, -2.0364, 2.3868)
(1.9228, -0.9439, 3.7305)
(2.481, -1.1201, 3.6314)
(3.1416, -1.3257, 3.5047)
(6.2564, -2.0629, 2.2242)
(3.808, -1.527, 3.3655)
(6.754, -2.125, 2.014)
(4.4803, -1.7206, 3.22)
(5.1876, -1.8685, 3.0399)
(2.1397, -0.5916, 3.9352)
(2.6651, -0.718, 3.8457)
(5.8744, -2.0222, 2.8597)
(3.3185, -0.9231, 3.734)
(3.9767, -1.1309, 3.6119)
(6.479, -2.1955, 2.6906)
(4.6377, -1.3445, 3.5032)
(6.9681, -2.3042, 2.5031)
(5.3122, -1.5444, 3.363)
(5.9764, -1.7625, 3.2068)
(6.5998, -1.9974, 3.0808)
(7.0429, -2.1992, 2.9275)
(7.1995, -1.694, 3.2407)
(6.1541, -1.7321, 1.9153)
(6.4154, -1.5674, 1.7861)
(6.7439, -1.2283, 1.8026)
(7.1127, -0.9549, 2.1864)
(7.3535, -0.9096, 2.7299)
(7.3538, -1.2626, 3.1093)
(2.3257, 0.3054, 3.8024)
(2.8803, 0.1294, 3.7025)
(3.5345, -0.0782, 3.6047)
(4.1863, -0.2928, 3.4985)
(4.8249, -0.5203, 3.3634)
(5.4704, -0.7607, 3.3086)
(6.1097, -0.9662, 3.2743)
(6.7796, -1.1389, 3.1842)
(2.285, 0.7664, 3.4708)
(2.9266, 0.5729, 3.3461)
(3.5836, 0.3423, 3.2175)
(4.2214, 0.0984, 3.085)
(4.8661, -0.1161, 2.9543)
(5.5335, -0.3557, 2.9113)
(6.1634, -0.5897, 2.9027)
(6.7938, -0.777, 2.8407)
(0.9711, 1.6184, 2.9813)
(1.5713, 1.3207, 3.01)
(2.22, 1.0538, 2.9557)
(2.8912, 0.8003, 2.8133)
(3.5184, 0.5159, 2.6722)
(4.1215, 0.2189, 2.5329)
(4.736, -0.0376, 2.4157)
(5.3681, -0.2865, 2.3578)
(5.9958, -0.5518, 2.3422)
(6.5834, -0.7993, 2.3072)
(1.0055, 1.7369, 2.5067)
(1.5701, 1.4016, 2.4371)
(2.1904, 1.1243, 2.3367)
(2.7933, 0.7936, 2.2221)
(3.3537, 0.415, 2.1218)
(3.9178, 0.0575, 2.0042)
(4.5021, -0.2698, 1.9038)
(5.1025, -0.5297, 1.8331)
(5.724, -0.7761, 1.8742)
(6.2662, -1.0649, 1.9463)
(1.0099, 1.8182, 1.913)
(1.5062, 1.3953, 1.8249)
(2.0992, 1.0665, 1.7303)
(2.6424, 0.6577, 1.6542)
(3.1386, 0.1872, 1.6088)
(3.6686, -0.2293, 1.5275)
(4.2346, -0.6002, 1.4442)
(4.8231, -0.8861, 1.4126)
(5.3965, -1.1332, 1.6209)
(5.9326, -1.4081, 1.8727)
(1.0165, 1.8878, 1.311)
(1.429, 1.3716, 1.2318)
(1.9556, 0.9476, 1.1551)
(2.4552, 0.4824, 1.1078)
(2.9163, -0.0306, 1.089)
(3.417, -0.4968, 1.0412)
(3.9388, -0.9454, 1.0011)
(4.5052, -1.2543, 1.1175)
(5.105, -1.438, 1.4513)
(5.6885, -1.6168, 1.8033)
(1.0733, 1.975, 0.7158)
(1.4349, 1.4017, 0.6452)
(1.8447, 0.8622, 0.5792)
(2.2918, 0.3426, 0.5478)
(2.7353, -0.1808, 0.5393)
(3.1922, -0.6796, 0.5174)
(3.5867, -1.1693, 0.511)
(1.1583, 2.0657, 0.1265)
(1.5542, 1.5173, 0.0694)
(1.9005, 0.9232, 0.0046)
(2.2967, 0.3653, -0.0261)
(2.7074, -0.162, -0.0329)
(3.0628, -0.701, -0.0433)
(3.2646, -1.2014, -0.0396)
(1.2227, 2.1378, -0.4684)
(1.6918, 1.6485, -0.5047)
(2.0691, 1.0733, -0.5575)
(2.4403, 0.5106, -0.5919)
(2.7756, -0.0385, -0.6075)
(2.971, -0.625, -0.6159)
(3.0025, -1.156, -0.606)
(1.2743, 2.2105, -1.0666)
(1.7794, 1.7492, -1.0956)
(2.1928, 1.1979, -1.1366)
(2.5456, 0.6319, -1.1712)
(2.7687, 0.0514, -1.1894)
(2.8048, -0.5589, -1.1847)
(2.7289, -1.0868, -1.1687)
(1.3298, 2.296, -1.6587)
(1.8215, 1.8241, -1.697)
(2.231, 1.2683, -1.7354)
(2.5457, 0.6855, -1.7634)
(2.6226, 0.0988, -1.7487)
(2.5486, -0.5018, -1.7298)
(2.4464, -1.0164, -1.7372)
(1.2896, 2.3048, -2.2414)
(1.7651, 1.8367, -2.2912)
(2.1043, 1.2465, -2.2985)
(2.2961, 0.6577, -2.1977)
(2.2596, 0.1068, -2.1373)
(2.1908, -0.469, -2.21)
(2.1231, -0.9578, -2.2841)
(1.1062, 2.1573, -2.7737)
(1.548, 1.7357, -2.8156)
(1.7732, 1.1088, -2.7399)
(1.9108, 0.5174, -2.5248)
(1.9933, 0.0321, -2.5323)
(2.0483, -0.4859, -2.7757)
(1.997, -0.9566, -2.9173)
(0.9142, 1.7757, -3.0921)
(1.429, 1.4893, -3.2039)
(1.6818, 0.9643, -3.161)
(1.864, 0.401, -2.9595)
(2.0927, -0.0314, -3.0605)
(2.1935, -0.5061, -3.3723)
(2.1189, -0.9783, -3.5529)
(0.7674, 1.4434, -3.4255)
(1.3631, 1.1656, -3.5591)
(1.8403, 0.8707, -3.5601)
(2.1773, 0.4655, -3.3924)
(2.4498, -0.0271, -3.42)
(2.547, -0.581, -3.6185)
(2.4369, -1.0851, -3.764)
(0.797, 1.5759, -3.8725)
(1.3233, 1.1655, -3.9914)
(1.8958, 0.8689, -3.9821)
(2.4017, 0.5219, -3.8593)
(2.7751, -0.0085, -3.8031)
(2.8789, -0.621, -3.8929)
(2.7007, -1.1404, -3.9976)
(0.9933, 1.9264, -4.2803)
(1.529, 1.5229, -4.3649)
(2.0647, 1.1022, -4.3708)
(2.5596, 0.6458, -4.3301)
(2.9134, 0.0992, -4.3457)
(2.9212, -0.5121, -4.4571)
(2.6791, -1.0159, -4.5726)
(1.0746, 2.0572, -4.7043)
(1.6169, 1.6502, -4.6551)
(2.1018, 1.1917, -4.5383)
(2.5412, 0.7036, -4.5496)
(2.8787, 0.1748, -4.7484)
(2.8986, -0.4015, -4.943)
(2.6712, -0.9104, -5.0586)
(2.2822, -0.1289, 3.9624)
(2.7834, -0.3248, 3.8715)
(3.433, -0.5308, 3.776)
(4.0848, -0.7385, 3.6709)
(4.7225, -0.9614, 3.5506)
(5.3497, -1.1829, 3.4411)
(5.9802, -1.3949, 3.3274)
(6.6551, -1.6089, 3.2312)
(-1.16, -2.6693, -5.3885)
(-1.21, -2.0746, -5.205)
(-1.2956, -1.481, -5.0414)
(-1.7114, -0.9614, -5.0612)
(-2.1625, -0.4548, -5.1386)
(-2.4756, 0.1467, -5.1432)
(-1.2635, -2.7839, -4.9017)
(-1.4161, -2.187, -4.7664)
(-2.6011, 0.6967, -5.0856)
(-1.4894, -1.5511, -4.587)
(-1.7852, -0.9889, -4.5656)
(-2.2288, -0.4995, -4.6479)
(-2.5698, 0.0689, -4.654)
(-2.6765, 0.6239, -4.5951)
(-1.3529, -2.8971, -4.3168)
(-1.5905, -2.3106, -4.2213)
(-1.6641, -1.6442, -4.0414)
(-1.8704, -1.0738, -4.003)
(-2.2949, -0.6017, -4.0765)
(-2.6788, -0.0412, -4.0816)
(-2.7765, 0.5126, -4.029)
(-1.4297, -2.9819, -3.7262)
(-1.7771, -2.4591, -3.7007)
(-1.8703, -1.832, -3.5451)
(-1.9564, -1.2528, -3.4767)
(-2.2229, -0.6997, -3.5325)
(-2.4944, -0.0988, -3.6588)
(-2.5645, 0.4363, -3.8336)
(-1.451, -2.9574, -3.1355)
(-1.9363, -2.4966, -3.1821)
(-2.187, -1.9245, -3.1513)
(-2.2507, -1.2968, -3.1474)
(-2.2381, -0.6835, -3.143)
(-2.2415, -0.1384, -3.2924)
(-2.2696, 0.339, -3.6495)
(-1.4049, -2.8418, -2.5426)
(-1.9291, -2.3966, -2.6017)
(-2.3601, -1.8721, -2.6832)
(-2.6114, -1.2678, -2.7904)
(-2.5846, -0.6626, -2.8114)
(-2.3872, -0.1422, -2.8609)
(-2.2273, 0.2877, -3.0379)
(-1.3451, -2.719, -1.9509)
(-1.8778, -2.2852, -2.0112)
(-2.3604, -1.8061, -2.0922)
(-2.7148, -1.2633, -2.1953)
(-2.8362, -0.6603, -2.2885)
(-2.6309, -0.0876, -2.3338)
(-2.3495, 0.3589, -2.3685)
(-1.2879, -2.5872, -1.36)
(-1.8431, -2.1809, -1.4159)
(-2.3534, -1.7327, -1.4915)
(-2.7291, -1.2106, -1.5829)
(-2.8843, -0.6214, -1.6623)
(-2.7753, -0.0324, -1.7071)
(-2.5956, 0.4611, -1.7481)
(-1.2429, -2.4598, -0.7674)
(-1.8327, -2.0995, -0.8155)
(-2.3667, -1.6789, -0.887)
(-2.739, -1.1542, -0.974)
(-2.9027, -0.5573, -1.0491)
(-2.8925, 0.0566, -1.1047)
(-2.8246, 0.5809, -1.1557)
(-1.2241, -2.3681, -0.1694)
(-1.8615, -2.0631, -0.2115)
(-2.4229, -1.6602, -0.2826)
(-2.7795, -1.104, -0.3714)
(-2.9459, -0.4756, -0.4507)
(-3.0217, 0.1619, -0.518)
(-3.0471, 0.7071, -0.5755)
(-1.2227, -2.3105, 0.4292)
(-1.9049, -2.039, 0.3949)
(-2.5175, -1.6598, 0.3267)
(-2.9014, -1.0818, 0.2225)
(-3.0805, -0.4073, 0.1236)
(-3.1981, 0.2672, 0.0466)
(-3.2769, 0.8457, -0.0071)
(-1.1604, -2.13, 0.9753)
(-1.8507, -1.8679, 0.9535)
(-2.5123, -1.5448, 0.9089)
(-2.9871, -1.0237, 0.8106)
(-3.2348, -0.3455, 0.6908)
(-3.3985, 0.3518, 0.5976)
(-3.5463, 1.013, 0.5432)
(-1.0328, -1.8168, 1.475)
(-1.7023, -1.5646, 1.4594)
(-2.3579, -1.2848, 1.4302)
(-2.8651, -0.8322, 1.3454)
(-3.2008, -0.2163, 1.2383)
(-3.5018, 0.4131, 1.154)
(-3.8257, 1.0197, 1.0477)
(-4.2259, 1.5527, 1.0789)
(-0.9076, -1.5, 1.9839)
(-1.5647, -1.2586, 1.9691)
(-2.2121, -1.0082, 1.9452)
(-2.7709, -0.6522, 1.8627)
(-4.6233, 2.0092, 1.3561)
(-3.2401, -0.1844, 1.74)
(-3.6935, 0.3128, 1.6149)
(-4.9587, 2.4788, 1.6707)
(-4.1538, 0.7936, 1.4356)
(-5.1404, 2.8905, 1.7562)
(-4.6014, 1.2852, 1.2724)
(-0.7882, -1.1827, 2.4983)
(-1.4331, -0.9314, 2.4813)
(-2.0909, -0.6844, 2.4462)
(-4.9235, 1.8542, 1.2743)
(-2.7468, -0.4174, 2.366)
(-3.357, -0.0988, 2.2366)
(-5.1029, 2.4465, 1.4462)
(-3.9185, 0.2734, 2.0695)
(-4.4452, 0.6827, 1.8729)
(-5.2386, 2.9508, 1.5501)
(-0.694, -0.9309, 2.9267)
(-4.9421, 1.1238, 1.6773)
(-1.3096, -0.6219, 2.9642)
(-5.3302, 1.6584, 1.5413)
(-1.9508, -0.2958, 2.9189)
(-2.6293, -0.008, 2.7945)
(-3.2844, 0.2722, 2.6814)
(-5.5459, 2.2888, 1.4969)
(-3.9094, 0.5701, 2.5534)
(-5.6663, 2.843, 1.4835)
(-4.5, 0.9051, 2.3818)
(-5.0498, 1.2857, 2.1726)
(-5.562, 1.6884, 2.0103)
(-1.942, 0.1116, 3.3639)
(-2.5462, 0.4053, 3.2171)
(-3.1829, 0.7056, 3.0848)
(-5.9335, 2.1966, 1.9116)
(-3.817, 0.9921, 2.9726)
(-6.1286, 2.7249, 1.8403)
(-4.4409, 1.2869, 2.8441)
(-5.0264, 1.6397, 2.6561)
(-5.6136, 1.9639, 2.485)
(-1.9688, 0.5532, 3.7358)
(-2.487, 0.8176, 3.6286)
(-3.0996, 1.1248, 3.5019)
(-6.1542, 2.2897, 2.3928)
(-3.7247, 1.4188, 3.384)
(-6.5092, 2.6726, 2.2956)
(-4.3615, 1.6986, 3.2771)
(-4.9873, 2.0109, 3.1179)
(-1.9007, 0.9526, 3.9525)
(-2.3769, 1.2116, 3.8901)
(-5.5952, 2.3111, 2.9436)
(-2.9966, 1.5019, 3.8039)
(-3.6233, 1.7911, 3.7021)
(-6.2011, 2.5591, 2.8708)
(-4.2583, 2.0711, 3.6102)
(-6.6787, 2.8112, 2.7956)
(-4.8681, 2.3561, 3.4341)
(-5.4729, 2.6225, 3.2494)
(-6.0893, 2.8865, 3.1871)
(-6.578, 3.0822, 3.1337)
(-6.271, 3.6324, 3.2135)
(-5.3774, 2.5867, 1.6779)
(-5.4069, 2.8851, 1.6321)
(-5.6255, 3.4386, 1.6937)
(-5.8555, 3.9002, 1.9932)
(-6.0418, 4.1322, 2.5018)
(-6.1751, 3.9979, 2.9974)
(-1.4889, 1.7724, 3.8002)
(-2.0281, 2.0006, 3.7117)
(-2.6622, 2.2715, 3.6283)
(-3.2988, 2.5422, 3.5561)
(-3.9338, 2.8153, 3.5076)
(-4.5605, 3.0678, 3.3735)
(-5.1897, 3.3552, 3.214)
(-5.7709, 3.6961, 3.12)
(-1.1829, 2.1126, 3.4599)
(-1.7987, 2.3874, 3.3457)
(-2.4535, 2.6422, 3.2294)
(-3.1082, 2.8638, 3.1127)
(-3.765, 3.0869, 3.0003)
(-4.4342, 3.3612, 2.9032)
(-5.0895, 3.6553, 2.8228)
(-5.6515, 3.955, 2.7101)
(0.3527, 1.892, 2.9811)
(-0.2806, 2.1097, 3.0105)
(-0.9428, 2.348, 2.9628)
(-1.6223, 2.5931, 2.8252)
(-2.2958, 2.763, 2.6933)
(-2.9642, 2.8948, 2.5617)
(-3.6167, 3.0774, 2.4091)
(-4.2745, 3.308, 2.3314)
(-4.8963, 3.5242, 2.3179)
(-5.4741, 3.7701, 2.2347)
(0.4384, 2.0848, 2.5281)
(-0.1915, 2.301, 2.4754)
(-0.8507, 2.4509, 2.3672)
(-1.5299, 2.558, 2.2464)
(-2.2088, 2.5804, 2.1537)
(-2.8771, 2.6224, 2.0465)
(-3.5021, 2.8011, 1.8751)
(-4.1089, 2.9831, 1.8402)
(-4.7098, 3.1319, 1.9439)
(-5.3221, 3.316, 1.9453)
(0.5043, 2.2238, 1.9465)
(-0.1344, 2.3196, 1.8938)
(-0.799, 2.3064, 1.7927)
(-1.4791, 2.3099, 1.7035)
(-2.1593, 2.2399, 1.6571)
(-2.8278, 2.2367, 1.5727)
(-3.4692, 2.3678, 1.4259)
(-4.0821, 2.4944, 1.4548)
(-4.6656, 2.6585, 1.7069)
(-5.1956, 2.8272, 1.8576)
(0.5358, 2.2889, 1.3434)
(-0.1039, 2.2755, 1.3071)
(-0.7547, 2.1098, 1.2394)
(-1.4284, 2.0167, 1.1792)
(-2.11, 1.9206, 1.1438)
(-2.7852, 1.8826, 1.0744)
(-3.463, 1.888, 1.0119)
(-4.0949, 1.9861, 1.1656)
(-4.6251, 2.2437, 1.5786)
(-5.0992, 2.5184, 1.8636)
(0.564, 2.3464, 0.739)
(-0.0889, 2.3239, 0.7049)
(-0.7377, 2.0976, 0.654)
(-1.3963, 1.8982, 0.6112)
(-2.0634, 1.7472, 0.5808)
(-2.724, 1.6247, 0.5391)
(-3.3356, 1.4839, 0.5267)
(0.5896, 2.3916, 0.1345)
(-0.0805, 2.4041, 0.1045)
(-0.7432, 2.2193, 0.0615)
(-1.3893, 1.9886, 0.0211)
(-2.0179, 1.7593, -0.0073)
(-2.6234, 1.5135, -0.0303)
(-3.1118, 1.2518, -0.0311)
(0.6148, 2.4327, -0.4696)
(-0.0586, 2.474, -0.4962)
(-0.7211, 2.3032, -0.5312)
(-1.3455, 2.0491, -0.564)
(-1.9345, 1.7781, -0.5895)
(-2.482, 1.4573, -0.6084)
(-2.8988, 1.1147, -0.6093)
(0.6598, 2.4819, -1.0662)
(0.0146, 2.444, -1.0744)
(-0.6, 2.1687, -1.0722)
(-1.1949, 1.8814, -1.0908)
(-1.7789, 1.6628, -1.1423)
(-2.3063, 1.3715, -1.183)
(-2.6773, 0.9942, -1.1911)
(0.7735, 2.4376, -1.5844)
(0.1971, 2.1971, -1.5297)
(-0.3962, 1.8793, -1.5443)
(-1.0039, 1.686, -1.5989)
(-1.5994, 1.56, -1.6916)
(-2.114, 1.2731, -1.7567)
(-2.4499, 0.8698, -1.7777)
(0.7499, 2.3715, -2.0691)
(0.2877, 2.0154, -1.9648)
(-0.2264, 1.7487, -2.0455)
(-0.8186, 1.6148, -2.1246)
(-1.3625, 1.4091, -2.2014)
(-1.8503, 1.1026, -2.279)
(-2.1898, 0.7201, -2.354)
(0.5055, 2.2737, -2.5611)
(0.0496, 2.0344, -2.364)
(-0.3254, 1.7727, -2.4726)
(-0.7871, 1.5741, -2.6287)
(-1.2795, 1.3138, -2.696)
(-1.7479, 1.0325, -2.8347)
(-2.078, 0.6679, -2.9806)
(0.2797, 1.9258, -2.8951)
(-0.267, 2.0033, -2.6716)
(-0.6846, 1.8662, -2.7288)
(-0.9984, 1.6084, -3.0334)
(-1.3877, 1.4218, -3.2494)
(-1.8715, 1.1509, -3.4237)
(-2.1666, 0.76, -3.5929)
(0.1839, 1.7413, -3.2681)
(-0.3547, 2.0915, -3.0966)
(-0.8885, 2.1334, -3.052)
(-1.2705, 1.8493, -3.3287)
(-1.6594, 1.6235, -3.5462)
(-2.1698, 1.3075, -3.6044)
(-2.4634, 0.8724, -3.746)
(0.2823, 1.9995, -3.7276)
(-0.2775, 2.342, -3.6113)
(-0.897, 2.4037, -3.5594)
(-1.4867, 2.2105, -3.6646)
(-2.0241, 1.9225, -3.737)
(-2.4614, 1.4752, -3.7798)
(-2.692, 0.9796, -3.9138)
(0.4222, 2.2738, -4.1973)
(-0.2213, 2.4853, -4.1628)
(-0.9027, 2.5232, -4.1418)
(-1.5808, 2.4388, -4.1472)
(-2.1747, 2.1587, -4.2002)
(-2.5222, 1.6299, -4.3313)
(-2.6478, 1.0974, -4.4879)
(0.4512, 2.3475, -4.69)
(-0.2191, 2.5087, -4.6665)
(-0.9071, 2.5695, -4.6458)
(-1.5922, 2.532, -4.6432)
(-2.2052, 2.2802, -4.6886)
(-2.5497, 1.7622, -4.818)
(-2.6393, 1.2214, -4.9709)
(-1.7183, 1.4064, 3.9738)
(-2.229, 1.5898, 3.9066)
(-2.8576, 1.8656, 3.8437)
(-3.4885, 2.1476, 3.7805)
(-4.116, 2.4298, 3.7334)
(-4.6957, 2.6644, 3.5332)
(-5.2904, 2.9091, 3.3059)
(-5.9059, 3.2542, 3.246)
