(2.0671, -1.8388, -5.8534)
(2.404, -1.2541, -5.7728)
(2.5923, -0.5943, -5.6922)
(2.7164, 0.083, -5.6056)
(2.8372, 0.7611, -5.518)
(2.0319, -1.8735, -5.4116)
(2.3956, -1.3039, -5.3354)
(2.9824, 1.3933, -5.4373)
(2.6097, -0.6529, -5.2559)
(3.1156, 1.7801, -5.3203)
(2.7488, 0.021, -5.1705)
(2.8752, 0.6979, -5.0834)
(3.0203, 1.3316, -5.0039)
(3.1679, 1.8138, -4.9849)
(1.9845, -1.917, -4.8382)
(2.3795, -1.3673, -4.7633)
(2.6257, -0.7285, -4.685)
(2.785, -0.0595, -4.601)
(2.9198, 0.6157, -4.5147)
(3.0649, 1.2491, -4.4348)
(3.2029, 1.7242, -4.3777)
(1.9322, -1.9601, -4.2317)
(2.3575, -1.4321, -4.1574)
(2.6354, -0.8071, -4.0802)
(2.8144, -0.1436, -3.9973)
(2.9573, 0.5294, -3.9116)
(3.1054, 1.1608, -3.8316)
(3.2509, 1.6348, -3.7749)
(1.8776, -1.9995, -3.6248)
(2.3315, -1.4946, -3.5512)
(2.6386, -0.8844, -3.475)
(2.8339, -0.2274, -3.3927)
(2.9798, 0.4401, -3.3065)
(3.125, 1.0653, -3.2252)
(3.2766, 1.5383, -3.1677)
(1.8205, -2.0345, -3.0177)
(2.3019, -1.5546, -2.9448)
(2.6362, -0.9613, -2.8694)
(2.8425, -0.3163, -2.7862)
(2.9826, 0.3345, -2.6971)
(3.1098, 0.9488, -2.6125)
(3.2297, 1.4214, -2.5515)
(1.7606, -2.0639, -2.4103)
(2.2691, -1.6119, -2.3382)
(2.629, -1.0394, -2.2632)
(2.8404, -0.4145, -2.1775)
(2.969, 0.2162, -2.0846)
(3.0705, 0.8195, -1.9969)
(3.1486, 1.2906, -1.9337)
(1.6973, -2.0864, -1.8028)
(2.2327, -1.6664, -1.7314)
(2.6182, -1.1191, -1.6567)
(2.831, -0.5131, -1.5686)
(2.9468, 0.1026, -1.4729)
(3.0248, 0.697, -1.3824)
(3.0629, 1.1638, -1.3168)
(1.6302, -2.1004, -1.1952)
(2.193, -1.7169, -1.1243)
(2.607, -1.1979, -1.0509)
(2.8192, -0.6014, -0.9624)
(2.9253, 0.0093, -0.8656)
(2.9927, 0.6, -0.7728)
(3.0098, 1.0626, -0.7033)
(1.5609, -2.1071, -0.5876)
(2.1522, -1.763, -0.5171)
(2.6026, -1.2765, -0.4465)
(2.8157, -0.6777, -0.3604)
(2.9207, -0.0588, -0.2647)
(2.9952, 0.5373, -0.1704)
(3.022, 1.0045, -0.0981)
(1.4961, -2.1181, 0.02)
(2.1181, -1.8125, 0.0908)
(2.6173, -1.3623, 0.1561)
(2.8561, -0.7554, 0.234)
(2.9693, -0.1151, 0.3265)
(3.0509, 0.4974, 0.4224)
(3.0906, 0.973, 0.4988)
(1.4347, -2.1377, 0.6265)
(2.079, -1.8595, 0.699)
(2.6257, -1.4359, 0.7583)
(2.9559, -0.8426, 0.8178)
(3.0935, -0.1788, 0.9024)
(3.1857, 0.4646, 0.9966)
(3.2175, 0.9681, 1.0882)
(1.3492, -2.1141, 1.2298)
(1.9942, -1.8458, 1.3036)
(2.563, -1.4491, 1.3621)
(2.9722, -0.8968, 1.4135)
(3.1877, -0.2415, 1.4805)
(3.377, 0.4202, 1.5493)
(3.6354, 1.1345, 1.5999)
(1.2463, -2.0556, 1.8309)
(1.8823, -1.7857, 1.9029)
(2.4658, -1.4244, 1.9623)
(2.9182, -0.9251, 2.0124)
(4.2648, 1.3998, 1.7578)
(3.1765, -0.298, 2.0673)
(3.4728, 0.318, 2.1138)
(4.808, 1.4416, 2.187)
(3.9189, 0.8174, 2.0832)
(5.3199, 1.4231, 2.6539)
(4.499, 1.1358, 2.0061)
(1.1374, -1.9805, 2.434)
(1.7631, -1.7032, 2.5039)
(2.3787, -1.3926, 2.5634)
(5.6088, 1.5598, 2.7605)
(2.9127, -0.9811, 2.6077)
(5.0542, 1.4279, 2.0753)
(3.2935, -0.4294, 2.6306)
(3.6773, 0.1329, 2.6421)
(5.4925, 1.6387, 2.4003)
(4.1636, 0.5942, 2.5839)
(5.8313, 1.7822, 2.667)
(4.7583, 0.8851, 2.4336)
(1.0139, -1.875, 3.0086)
(1.6027, -1.5651, 3.0997)
(2.249, -1.2674, 3.151)
(5.3514, 1.2001, 2.3348)
(2.8787, -0.9618, 3.1942)
(3.4137, -0.5455, 3.1885)
(5.8625, 1.5325, 2.3451)
(3.8976, -0.0674, 3.1584)
(0.9088, -1.7753, 3.463)
(6.1752, 1.8585, 2.4302)
(4.3949, 0.3835, 3.1028)
(4.9804, 0.6903, 2.9618)
(2.0779, -0.9966, 3.6759)
(1.3097, -1.3201, 3.7121)
(5.57, 1.027, 2.8491)
(2.7482, -0.739, 3.7216)
(3.3768, -0.444, 3.7416)
(6.1101, 1.381, 2.7743)
(3.9678, -0.0971, 3.7098)
(6.4919, 1.687, 2.7462)
(4.5388, 0.274, 3.637)
(5.1139, 0.6317, 3.5289)
(1.4239, -0.8242, 4.0799)
(1.9397, -0.5971, 4.0986)
(5.6933, 0.9924, 3.4339)
(2.5706, -0.3455, 4.1353)
(3.2159, -0.0794, 4.1681)
(6.2391, 1.3385, 3.3611)
(3.8486, 0.2067, 4.17)
(6.6701, 1.5793, 3.3068)
(4.4677, 0.5148, 4.1289)
(5.0745, 0.838, 4.0591)
(1.37, -0.408, 4.4277)
(1.7922, -0.1717, 4.4357)
(5.6812, 1.1595, 3.9892)
(2.3885, 0.094, 4.4482)
(3.026, 0.371, 4.459)
(6.2591, 1.4527, 3.9387)
(3.6624, 0.6512, 4.4654)
(1.3947, -0.0849, 4.5646)
(6.7091, 1.6594, 3.895)
(4.2936, 0.9409, 4.4491)
(1.5899, 0.1961, 4.612)
(2.2339, 0.4608, 4.614)
(4.9169, 1.2413, 4.4071)
(2.8697, 0.7353, 4.6315)
(5.541, 1.536, 4.3646)
(3.5077, 1.012, 4.6473)
(4.1419, 1.2985, 4.6376)
(6.1395, 1.7833, 4.352)
(4.7669, 1.6008, 4.5954)
(6.5968, 1.9239, 4.3484)
(5.3901, 1.9037, 4.5334)
(6.3648, 2.1313, 4.4853)
(6.027, 2.1897, 4.4877)
(0.0082, 3.8813, -5.1468)
(0.6923, 3.8603, -5.0693)
(1.3379, 3.6198, -5.0739)
(1.9174, 3.2436, -5.1305)
(2.4361, 2.7918, -5.2109)
(-0.0322, 3.7625, -4.7282)
(0.6446, 3.6692, -4.6807)
(2.8584, 2.3027, -5.3017)
(1.3006, 3.4595, -4.6692)
(3.1022, 1.9541, -5.2952)
(1.9063, 3.1358, -4.7056)
(2.4423, 2.7091, -4.7785)
(2.8744, 2.2289, -4.8691)
(3.1598, 1.8321, -4.9829)
(-0.0817, 3.6125, -4.1803)
(0.579, 3.4366, -4.1633)
(1.2369, 3.2262, -4.1501)
(1.872, 2.9621, -4.1612)
(2.442, 2.5857, -4.217)
(2.8972, 2.1303, -4.3014)
(3.1917, 1.7407, -4.3753)
(-0.1313, 3.435, -3.6062)
(0.5011, 3.1773, -3.6229)
(1.1513, 2.9461, -3.6178)
(1.8062, 2.7275, -3.606)
(2.4179, 2.4221, -3.6325)
(2.9138, 2.0157, -3.702)
(3.2395, 1.6514, -3.7738)
(-0.1669, 3.2751, -3.0247)
(0.437, 2.9598, -3.0634)
(1.0654, 2.6774, -3.0801)
(1.7195, 2.4578, -3.0676)
(2.3574, 2.2142, -3.0638)
(2.8974, 1.8783, -3.1052)
(3.2669, 1.5563, -3.1688)
(-0.1833, 3.1515, -2.4335)
(0.4103, 2.8255, -2.4778)
(1.0099, 2.4863, -2.5122)
(1.6331, 2.2118, -2.5185)
(2.259, 1.9794, -2.5036)
(2.8255, 1.7151, -2.5101)
(3.2195, 1.4393, -2.5539)
(-0.178, 3.0534, -1.8402)
(0.4436, 2.8007, -1.8782)
(1.0231, 2.4348, -1.9147)
(1.5882, 2.0826, -1.9314)
(2.1627, 1.7876, -1.9286)
(2.7208, 1.5383, -1.9176)
(3.1387, 1.3085, -1.9362)
(-0.1613, 2.9057, -1.2605)
(0.5017, 2.7974, -1.2817)
(1.0981, 2.4861, -1.316)
(1.6253, 2.1032, -1.3268)
(2.1432, 1.7431, -1.3229)
(2.6443, 1.4147, -1.3146)
(3.0518, 1.1812, -1.3212)
(-0.1358, 2.6798, -0.7055)
(0.5411, 2.7141, -0.6931)
(1.1778, 2.5272, -0.7198)
(1.7186, 2.1822, -0.7319)
(2.1979, 1.7797, -0.719)
(2.6403, 1.3779, -0.7047)
(2.9989, 1.08, -0.7075)
(-0.101, 2.3925, -0.1774)
(0.5662, 2.5365, -0.1241)
(1.2282, 2.4964, -0.1247)
(1.8068, 2.2265, -0.1394)
(2.2861, 1.8177, -0.1256)
(2.7004, 1.377, -0.1047)
(3.0126, 1.0224, -0.0985)
(-0.1004, 2.1807, 0.3785)
(0.5668, 2.34, 0.4362)
(1.2345, 2.3921, 0.4618)
(1.8545, 2.2086, 0.4536)
(2.3692, 1.8273, 0.4637)
(2.7861, 1.3719, 0.4863)
(3.0835, 0.9917, 0.5002)
(-0.1571, 2.1439, 0.9727)
(0.5157, 2.2697, 1.0223)
(1.1965, 2.26, 1.0385)
(1.8593, 2.1558, 1.0433)
(2.428, 1.8322, 1.0532)
(2.8777, 1.3789, 1.0728)
(3.2117, 0.9906, 1.0921)
(-0.2059, 2.0778, 1.5727)
(0.4723, 2.1905, 1.6179)
(1.1586, 2.2151, 1.6338)
(1.8334, 2.1516, 1.6398)
(2.4353, 1.8652, 1.6418)
(2.971, 1.4776, 1.6345)
(3.6334, 1.1554, 1.6061)
(-0.2247, 1.9297, 2.1605)
(0.4449, 2.083, 2.2127)
(1.1237, 2.1852, 2.2342)
(1.7965, 2.1879, 2.2363)
(4.2587, 1.4159, 1.7691)
(2.4248, 1.9791, 2.2089)
(3.0388, 1.7409, 2.1374)
(4.7981, 1.4511, 2.2023)
(3.6613, 1.5697, 2.1194)
(5.3088, 1.4275, 2.6723)
(4.277, 1.7237, 2.06)
(-0.2135, 1.6926, 2.7214)
(0.432, 1.9033, 2.7964)
(1.0968, 2.0831, 2.8286)
(5.605, 1.5246, 2.8037)
(1.7656, 2.1929, 2.8259)
(4.9024, 1.8121, 2.1796)
(2.4172, 2.1166, 2.758)
(3.033, 1.9462, 2.6702)
(5.4314, 1.8106, 2.5027)
(3.6769, 1.8862, 2.6218)
(5.8181, 1.7984, 2.7793)
(4.3039, 2.0688, 2.5042)
(-0.1892, 1.4024, 3.2362)
(0.422, 1.6369, 3.3652)
(1.0879, 1.8742, 3.4059)
(4.9439, 2.2522, 2.4428)
(1.7486, 2.0662, 3.4068)
(2.395, 2.0752, 3.3107)
(5.5606, 2.2972, 2.5162)
(3.0169, 2.1525, 3.1734)
(-0.1698, 1.1461, 3.638)
(6.0218, 2.246, 2.6515)
(3.6663, 2.2351, 3.0906)
(4.3183, 2.3787, 3.0196)
(1.1346, 1.5462, 3.9202)
(0.377, 1.2084, 3.9572)
(4.9522, 2.5946, 2.9269)
(1.7856, 1.8136, 3.925)
(2.4322, 1.9775, 3.8621)
(5.586, 2.696, 2.9046)
(3.0666, 2.1036, 3.7245)
(6.0789, 2.7077, 2.9296)
(3.6793, 2.3407, 3.6268)
(4.3159, 2.5674, 3.556)
(0.7661, 0.9485, 4.3365)
(1.2946, 1.1285, 4.301)
(4.9622, 2.7795, 3.4889)
(1.918, 1.3644, 4.2669)
(2.5479, 1.6243, 4.2807)
(5.5906, 2.9313, 3.4538)
(3.1828, 1.8468, 4.2167)
(6.0784, 3.0174, 3.4404)
(3.8081, 2.0827, 4.1059)
(4.4251, 2.3688, 4.0635)
(1.012, 0.5395, 4.5805)
(1.4792, 0.6552, 4.5328)
(5.0482, 2.654, 4.0413)
(2.0874, 0.8755, 4.5018)
(2.7215, 1.144, 4.5124)
(5.6485, 2.901, 4.0252)
(3.3582, 1.4055, 4.4925)
(1.251, 0.2899, 4.6354)
(6.111, 3.0801, 4.009)
(3.9916, 1.6625, 4.4295)
(1.5854, 0.2162, 4.6135)
(2.2298, 0.481, 4.615)
(4.6047, 1.9714, 4.4167)
(2.8711, 0.7571, 4.6374)
(5.2173, 2.288, 4.4164)
(3.5103, 1.0317, 4.6583)
(4.1455, 1.3152, 4.6522)
(5.7997, 2.5754, 4.4193)
(4.7688, 1.6188, 4.6077)
(6.2273, 2.7975, 4.4208)
(5.3899, 1.9228, 4.5434)
(6.2269, 2.4762, 4.5135)
(6.0197, 2.2087, 4.4903)
(1.5271, -2.2143, -5.9454)
(0.8671, -2.2608, -6.0028)
(0.2337, -2.0175, -6.0426)
(-0.3343, -1.6244, -6.0555)
(-0.8671, -1.1796, -6.0505)
(-1.4, -0.7346, -6.0446)
(1.48, -2.2408, -5.4917)
(0.8186, -2.3007, -5.5627)
(0.1753, -2.0857, -5.6116)
(-1.9227, -0.3423, -6.0479)
(-0.4064, -1.7153, -5.6306)
(-2.2912, -0.1366, -5.9942)
(-0.948, -1.2822, -5.6296)
(-1.4838, -0.8411, -5.6251)
(-2.0066, -0.4466, -5.6294)
(-2.4238, -0.1677, -5.6814)
(1.4197, -2.2733, -4.9159)
(0.756, -2.3502, -4.9912)
(0.1015, -2.1704, -5.0468)
(-0.4965, -1.8292, -5.0731)
(-1.0498, -1.4121, -5.0774)
(-1.5902, -0.9769, -5.0751)
(-2.1123, -0.582, -5.0789)
(-2.5261, -0.3051, -5.0911)
(1.3552, -2.3047, -4.3094)
(0.6897, -2.399, -4.3865)
(0.0258, -2.2552, -4.4477)
(-0.5874, -1.9444, -4.481)
(-1.1517, -1.5435, -4.4903)
(-1.6962, -1.1144, -4.49)
(-2.2189, -0.7222, -4.4938)
(-2.6371, -0.4501, -4.5076)
(1.289, -2.3317, -3.7024)
(0.6227, -2.4434, -3.7812)
(-0.0484, -2.3358, -3.8476)
(-0.6743, -2.0547, -3.8873)
(-1.2464, -1.6686, -3.9001)
(-1.7895, -1.2452, -3.8995)
(-2.3059, -0.8554, -3.9005)
(-2.7278, -0.5874, -3.9147)
(1.2209, -2.3534, -3.0951)
(0.5547, -2.4828, -3.1755)
(-0.1215, -2.4121, -3.2468)
(-0.7573, -2.1611, -3.2919)
(-1.3304, -1.7911, -3.3054)
(-1.8589, -1.3769, -3.2992)
(-2.3551, -0.984, -3.2921)
(-2.7531, -0.6958, -3.2956)
(1.1505, -2.3686, -2.4876)
(0.4853, -2.516, -2.5694)
(-0.1938, -2.4842, -2.6452)
(-0.836, -2.2655, -2.6948)
(-1.401, -1.9145, -2.7053)
(-1.909, -1.5087, -2.6914)
(-2.3792, -1.1079, -2.6747)
(-2.7447, -0.7943, -2.6666)
(1.0772, -2.3758, -1.88)
(0.414, -2.5416, -1.9628)
(-0.2653, -2.5518, -2.0428)
(-0.9112, -2.3689, -2.0965)
(-1.466, -2.0336, -2.1036)
(-1.9554, -1.6316, -2.0829)
(-2.4025, -1.2228, -2.0577)
(-2.735, -0.8871, -2.0379)
(1.0007, -2.3738, -1.2726)
(0.3404, -2.5579, -1.356)
(-0.3369, -2.6138, -1.4397)
(-0.9866, -2.4712, -1.4987)
(-1.5351, -2.1431, -1.5047)
(-2.0141, -1.7388, -1.4805)
(-2.4512, -1.3263, -1.4504)
(-2.7658, -0.9808, -1.4218)
(0.9221, -2.3656, -0.6654)
(0.2638, -2.5669, -0.7492)
(-0.4103, -2.6713, -0.8364)
(-1.0667, -2.5771, -0.9039)
(-1.6171, -2.248, -0.9127)
(-2.1004, -1.8369, -0.89)
(-2.5466, -1.4248, -0.8606)
(-2.8722, -1.082, -0.8318)
(0.8461, -2.3646, -0.0588)
(0.1866, -2.582, -0.1432)
(-0.4868, -2.7355, -0.2337)
(-1.1563, -2.7, -0.3143)
(-1.7299, -2.3809, -0.3376)
(-2.2325, -1.9585, -0.3219)
(-2.695, -1.5384, -0.2939)
(-3.037, -1.1979, -0.265)
(0.7741, -2.3741, 0.5463)
(0.1125, -2.606, 0.4618)
(-0.561, -2.7951, 0.3701)
(-1.2485, -2.8093, 0.2754)
(-1.8787, -2.5566, 0.215)
(-2.4134, -2.1311, 0.2154)
(-2.9033, -1.6941, 0.2366)
(-3.2603, -1.3284, 0.2795)
(0.6897, -2.3478, 1.1489)
(0.0303, -2.5812, 1.0655)
(-0.6379, -2.7781, 0.9758)
(-1.3252, -2.8267, 0.8777)
(-1.9879, -2.6545, 0.7953)
(-2.5727, -2.2837, 0.7617)
(-3.1415, -1.8909, 0.7346)
(-3.7913, -1.5003, 0.6701)
(0.5938, -2.2886, 1.7505)
(-0.0597, -2.5181, 1.6683)
(-0.722, -2.7079, 1.5786)
(-1.3987, -2.7921, 1.4809)
(-2.0605, -2.6857, 1.393)
(-4.4643, -1.6964, 0.6676)
(-2.6565, -2.3593, 1.3426)
(-3.2721, -2.069, 1.2722)
(-4.9926, -2.0342, 0.964)
(-3.9118, -1.9579, 1.1057)
(-5.4696, -2.4009, 1.3081)
(0.4921, -2.2132, 2.3536)
(-4.5294, -2.0664, 0.8799)
(-0.1557, -2.4386, 2.273)
(-0.8144, -2.616, 2.183)
(-1.4842, -2.7591, 2.0825)
(-5.7953, -2.4824, 1.3369)
(-2.1502, -2.7663, 1.9806)
(-5.1436, -2.1907, 0.8029)
(-2.7794, -2.5589, 1.8858)
(-3.4231, -2.3755, 1.7595)
(-5.6764, -2.3231, 1.0056)
(-4.065, -2.3209, 1.5586)
(-6.0796, -2.4419, 1.1784)
(-4.661, -2.4539, 1.2609)
(0.3897, -2.1211, 2.916)
(-0.2532, -2.3242, 2.8509)
(-0.9087, -2.455, 2.7872)
(-1.5913, -2.6272, 2.6733)
(-5.2812, -2.5719, 1.0108)
(-2.2639, -2.7808, 2.5553)
(-2.9223, -2.7803, 2.4035)
(-5.8744, -2.6336, 0.8819)
(-3.5779, -2.7099, 2.2293)
(0.3165, -2.0538, 3.3122)
(-0.3349, -2.2169, 3.3085)
(-6.3312, -2.5814, 0.8678)
(-4.2213, -2.6672, 2.0309)
(-4.8222, -2.7826, 1.7429)
(-1.7449, -2.3507, 3.2005)
(-0.9735, -2.1301, 3.4285)
(-5.4505, -2.8796, 1.4787)
(-2.4194, -2.5691, 3.0788)
(-3.08, -2.7302, 2.939)
(-6.0602, -2.9349, 1.2602)
(-3.7335, -2.8233, 2.7521)
(-6.5316, -2.9322, 1.1247)
(-4.3782, -2.8834, 2.5282)
(-5.01, -2.9543, 2.2705)
(-1.4474, -1.8421, 3.7232)
(-1.9809, -1.986, 3.6112)
(-5.6495, -3.026, 2.0241)
(-2.6202, -2.1841, 3.4898)
(-3.2784, -2.3798, 3.3607)
(-6.2595, -3.0897, 1.8074)
(-3.9328, -2.5494, 3.2025)
(-6.7217, -3.1656, 1.642)
(-4.5814, -2.6901, 3.0039)
(-5.2239, -2.8095, 2.7789)
(-1.741, -1.5107, 4.041)
(-2.2074, -1.5885, 3.9385)
(-5.8651, -2.9299, 2.5539)
(-2.8241, -1.7521, 3.7998)
(-3.4783, -1.9326, 3.6498)
(-6.4715, -3.0554, 2.3561)
(-4.1329, -2.1096, 3.4957)
(-1.9901, -1.2843, 4.1437)
(-6.9294, -3.17, 2.1998)
(-4.7845, -2.274, 3.32)
(-2.3218, -1.1894, 4.1258)
(-2.9715, -1.3826, 3.9664)
(-5.4313, -2.4233, 3.12)
(-3.6245, -1.5644, 3.8232)
(-6.0749, -2.5774, 2.92)
(-4.2801, -1.746, 3.678)
(-4.9335, -1.9148, 3.508)
(-6.6765, -2.7544, 2.7583)
(-5.5824, -2.0637, 3.3072)
(-7.1078, -2.9281, 2.6447)
(-6.2262, -2.2095, 3.0878)
(-7.0916, -2.6324, 2.8107)
(-6.8734, -2.3781, 2.8824)
(-0.6598, 3.7027, -5.2487)
(-1.2961, 3.4206, -5.3118)
(-1.8146, 2.9734, -5.3866)
(-2.1497, 2.3849, -5.5129)
(-2.3391, 1.7354, -5.6641)
(-2.4323, 1.0669, -5.8194)
(-0.6988, 3.6518, -4.8008)
(-1.2881, 3.3241, -4.8852)
(-1.7506, 2.8284, -4.9807)
(-2.428, 0.43, -5.9612)
(-2.1125, 2.254, -5.0976)
(-2.3967, 0.0061, -5.9805)
(-2.3562, 1.6264, -5.2397)
(-2.4785, 0.9657, -5.3934)
(-2.4863, 0.3296, -5.5376)
(-2.4297, -0.1485, -5.6792)
(-0.7419, 3.569, -4.2318)
(-1.2853, 3.2013, -4.328)
(-1.6795, 2.6547, -4.4414)
(-2.0389, 2.0761, -4.558)
(-2.343, 1.4724, -4.6881)
(-2.5231, 0.8275, -4.837)
(-2.5643, 0.1958, -4.9821)
(-2.5284, -0.2854, -5.0875)
(-0.7759, 3.454, -3.6361)
(-1.2683, 3.0535, -3.7433)
(-1.5831, 2.4633, -3.8763)
(-1.9222, 1.8742, -3.997)
(-2.2727, 1.2906, -4.1137)
(-2.5314, 0.6714, -4.2498)
(-2.6352, 0.0508, -4.3934)
(-2.6391, -0.4302, -4.5056)
(-0.7998, 3.3205, -3.0426)
(-1.2634, 2.9051, -3.1577)
(-1.519, 2.29, -3.3013)
(-1.8097, 1.6788, -3.4331)
(-2.1609, 1.0959, -3.5482)
(-2.4829, 0.5051, -3.6662)
(-2.6674, -0.091, -3.7982)
(-2.7314, -0.5672, -3.915)
(-0.8212, 3.1744, -2.4521)
(-1.3009, 2.7722, -2.5698)
(-1.54, 2.1554, -2.7157)
(-1.7728, 1.5208, -2.8532)
(-2.0652, 0.9178, -2.9747)
(-2.3881, 0.3427, -3.08)
(-2.6425, -0.218, -3.1902)
(-2.756, -0.6754, -3.2971)
(-0.8343, 3.0037, -1.8705)
(-1.3736, 2.6459, -1.9867)
(-1.6792, 2.0683, -2.1377)
(-1.8803, 1.4258, -2.2705)
(-2.0791, 0.8001, -2.3831)
(-2.3224, 0.2103, -2.4835)
(-2.5839, -0.3349, -2.5766)
(-2.7476, -0.7739, -2.6684)
(-0.8282, 2.7825, -1.3061)
(-1.4232, 2.4744, -1.4159)
(-1.8535, 1.9839, -1.5708)
(-2.0972, 1.3712, -1.7074)
(-2.2488, 0.7442, -1.8034)
(-2.4081, 0.1389, -1.8855)
(-2.5803, -0.4301, -1.9632)
(-2.7365, -0.8664, -2.0412)
(-0.8003, 2.5046, -0.7688)
(-1.4318, 2.2452, -0.8622)
(-1.9658, 1.8559, -0.999)
(-2.3095, 1.3071, -1.1454)
(-2.4907, 0.6984, -1.2473)
(-2.6028, 0.085, -1.3125)
(-2.6872, -0.5046, -1.3665)
(-2.7675, -0.9602, -1.4248)
(-0.758, 2.19, -0.2556)
(-1.4074, 1.9648, -0.3312)
(-2.0139, 1.6742, -0.433)
(-2.4638, 1.2115, -0.573)
(-2.7093, 0.6297, -0.6903)
(-2.8211, 0.0113, -0.757)
(-2.8639, -0.5912, -0.7967)
(-2.876, -1.0621, -0.8316)
(-0.7603, 1.9936, 0.3064)
(-1.4028, 1.7563, 0.226)
(-2.025, 1.4826, 0.1293)
(-2.5502, 1.0892, 0.0053)
(-2.8737, 0.5411, -0.1228)
(-3.0189, -0.081, -0.2032)
(-3.0548, -0.6968, -0.2412)
(-3.0437, -1.1791, -0.2638)
(-0.8194, 1.956, 0.9036)
(-1.4624, 1.7143, 0.8197)
(-2.0681, 1.4078, 0.7183)
(-2.5774, 0.9744, 0.5899)
(-2.9842, 0.4569, 0.4552)
(-3.1931, -0.1598, 0.3577)
(-3.2547, -0.7955, 0.3084)
(-3.2709, -1.3075, 0.2827)
(-0.8678, 1.8878, 1.5036)
(-1.5094, 1.641, 1.4187)
(-2.1114, 1.3225, 1.3146)
(-2.6421, 0.9079, 1.1835)
(-3.0875, 0.4151, 1.0428)
(-3.3514, -0.1886, 0.9238)
(-3.514, -0.8223, 0.8241)
(-3.8044, -1.4835, 0.6751)
(-0.8759, 1.7146, 2.0825)
(-1.5202, 1.4779, 2.0017)
(-2.1434, 1.1999, 1.9061)
(-2.7176, 0.8504, 1.779)
(-3.1933, 0.3945, 1.6293)
(-4.4722, -1.681, 0.6787)
(-3.5365, -0.1468, 1.4668)
(-3.8399, -0.6995, 1.2767)
(-4.9947, -2.0216, 0.9801)
(-4.1932, -1.2189, 1.1394)
(-5.4682, -2.3918, 1.328)
(-0.8392, 1.4353, 2.6205)
(-4.7387, -1.4748, 0.9364)
(-1.4878, 1.2251, 2.5549)
(-2.1343, 1.0104, 2.4863)
(-2.7473, 0.7326, 2.3722)
(-5.7797, -2.5112, 1.3834)
(-3.2648, 0.3342, 2.2062)
(-5.2916, -1.8022, 0.9083)
(-3.7214, -0.082, 1.9929)
(-4.0723, -0.5737, 1.7821)
(-5.7604, -2.1582, 1.1045)
(-4.5082, -1.0176, 1.6008)
(-6.1047, -2.4283, 1.2906)
(-5.0686, -1.2549, 1.3368)
(-0.791, 1.1413, 3.11)
(-1.4304, 0.951, 3.0765)
(-2.0707, 0.7599, 3.0596)
(-2.734, 0.5467, 2.9508)
(-5.6519, -1.5034, 1.1235)
(-3.3311, 0.256, 2.7807)
(-3.8068, -0.1266, 2.54)
(-6.1613, -1.8562, 1.056)
(-4.2949, -0.4416, 2.263)
(-0.7593, 0.9354, 3.4563)
(-1.3735, 0.7192, 3.4897)
(-6.5077, -2.1915, 1.0899)
(-4.8177, -0.7732, 2.0323)
(-5.3836, -1.059, 1.8105)
(-2.6682, 0.2073, 3.4506)
(-1.8944, 0.4054, 3.6765)
(-5.9754, -1.2769, 1.5663)
(-3.3237, 0.007, 3.2913)
(-3.8979, -0.2641, 3.0763)
(-6.5115, -1.5888, 1.3987)
(-4.4236, -0.5503, 2.7941)
(-6.8964, -1.8866, 1.3142)
(-5.01, -0.7391, 2.5442)
(-5.6154, -0.9509, 2.3187)
(-2.1091, -0.0685, 3.9796)
(-2.6092, -0.2547, 3.8125)
(-6.2198, -1.1809, 2.0967)
(-3.2189, -0.4544, 3.6279)
(-3.8582, -0.6434, 3.486)
(-6.7799, -1.4497, 1.9139)
(-4.4603, -0.8592, 3.2678)
(-7.1981, -1.6843, 1.7883)
(-5.0529, -1.0551, 3.0037)
(-5.6856, -1.2116, 2.8049)
(-2.0938, -0.5592, 4.1947)
(-2.5062, -0.7562, 4.0364)
(-6.3271, -1.3741, 2.6251)
(-3.0941, -0.9596, 3.8566)
(-3.741, -1.1442, 3.7094)
(-6.929, -1.553, 2.4595)
(-4.378, -1.3342, 3.5301)
(-2.1308, -0.9066, 4.2152)
(-7.3851, -1.6992, 2.3294)
(-5.0003, -1.5222, 3.3095)
(-2.3313, -1.1707, 4.1268)
(-2.9812, -1.3645, 3.9669)
(-5.6511, -1.6602, 3.1399)
(-3.6404, -1.5488, 3.8274)
(-6.3089, -1.7934, 2.9816)
(-4.2967, -1.7332, 3.6867)
(-4.9496, -1.9054, 3.5203)
(-6.9266, -1.9311, 2.8352)
(-5.5976, -2.0518, 3.3174)
(-7.3869, -2.024, 2.726)
(-6.24, -2.1953, 3.0962)
(-7.2074, -2.2816, 2.8407)
(-6.8803, -2.3589, 2.8851)
(3.0173, 1.0135, -0.0983)
(3.1973, 1.7325, -4.3765)
(1.5876, 0.2061, 4.6128)
(3.1437, 1.2995, -1.935)
(2.2318, 0.4709, 4.6145)
(2.8704, 0.7462, 4.6344)
(3.0871, 0.9824, 0.4995)
(3.509, 1.0219, 4.6528)
(4.1437, 1.3068, 4.6449)
(4.7679, 1.6098, 4.6015)
(5.39, 1.9133, 4.5384)
(3.2452, 1.6431, -3.7743)
(6.0234, 2.1992, 4.489)
(3.0574, 1.1725, -1.319)
(3.0043, 1.0713, -0.7054)
(4.2617, 1.4078, 1.7635)
(3.2146, 0.9794, 1.0902)
(3.6344, 1.1449, 1.603)
(4.803, 1.4464, 2.1946)
(5.3143, 1.4253, 2.6631)
(3.1638, 1.8229, -4.9839)
(3.2717, 1.5473, -3.1683)
(3.2246, 1.4303, -2.5527)
(6.3816, 1.8631, 4.35)
(6.0648, 1.9673, 4.4465)
(6.204, 2.1725, 4.4923)
(6.4954, 2.046, 4.4492)
(5.474, 1.4811, 2.7195)
(5.3734, 1.5682, 2.5019)
(5.6691, 1.7149, 2.5453)
(5.715, 1.6712, 2.7504)
(5.6731, 1.6131, 2.3263)
(6.0368, 1.6961, 2.3826)
(5.9922, 1.8538, 2.5171)
(6.007, 1.4478, 2.5122)
(6.3157, 1.5388, 2.7562)
(6.3474, 1.7867, 2.524)
(6.1864, 1.3438, 3.0634)
(6.4652, 1.469, 3.3326)
(6.599, 1.6129, 3.0159)
(6.2664, 1.3688, 3.6591)
(6.4962, 1.564, 3.9166)
(6.708, 1.5919, 3.6053)
(6.2115, 1.6016, 4.1779)
(6.6701, 1.782, 4.1548)
(1.6706, -0.7129, 4.0875)
(1.4023, -0.6034, 4.2725)
(1.5647, -0.2925, 4.4312)
(1.8665, -0.38, 4.2844)
(2.2453, -0.4739, 4.1155)
(2.0742, -0.0419, 4.4418)
(2.4775, -0.1216, 4.3084)
(2.8952, -0.2143, 4.1541)
(2.7074, 0.2321, 4.4538)
(3.1189, 0.1497, 4.3305)
(3.5337, 0.0608, 4.1741)
(3.3445, 0.5104, 4.4637)
(3.7554, 0.4299, 4.3375)
(4.16, 0.3581, 4.1544)
(3.979, 0.7945, 4.4608)
(4.3832, 0.7247, 4.312)
(4.7719, 0.6755, 4.0959)
(4.6059, 1.0904, 4.4303)
(5.0014, 1.032, 4.2588)
(5.3774, 0.9996, 4.0223)
(5.228, 1.3909, 4.3833)
(5.6195, 1.3354, 4.2056)
(5.9819, 1.3147, 3.962)
(5.8527, 1.6712, 4.3553)
(1.7376, -1.1388, 3.6674)
(1.3998, -1.0674, 3.8856)
(2.0065, -0.8077, 3.8976)
(2.4149, -0.8679, 3.698)
(2.6623, -0.557, 3.9414)
(3.0686, -0.5985, 3.7376)
(3.306, -0.2866, 3.9732)
(3.676, -0.2759, 3.7316)
(3.926, 0.0192, 3.9585)
(4.2541, 0.0885, 3.6787)
(4.5271, 0.3528, 3.8974)
(4.8253, 0.4542, 3.5845)
(5.1158, 0.7, 3.8086)
(5.4038, 0.8105, 3.4784)
(5.7064, 1.0455, 3.7247)
(5.9774, 1.1745, 3.3948)
(0.7072, -2.0049, 2.9597)
(0.3501, -2.0846, 3.1297)
(0.627, -1.9322, 3.3723)
(0.9592, -1.8238, 3.2471)
(1.3063, -1.7241, 3.0579)
(1.1422, -1.5648, 3.5737)
(1.5011, -1.4618, 3.3829)
(1.9202, -1.4127, 3.1281)
(2.1628, -1.1509, 3.4254)
(2.573, -1.1234, 3.1758)
(2.8237, -0.8769, 3.4701)
(3.1568, -0.7667, 3.1972)
(3.4159, -0.5298, 3.4733)
(3.6587, -0.3101, 3.1744)
(3.9576, -0.1187, 3.4356)
(4.1377, 0.1728, 3.1396)
(4.4881, 0.2974, 3.3694)
(4.6805, 0.5458, 3.0369)
(5.0645, 0.6349, 3.2431)
(5.2774, 0.8511, 2.8994)
(5.6454, 0.9895, 3.1389)
(5.8553, 1.2075, 2.8063)
(0.8163, -2.0997, 2.3943)
(0.4387, -2.1665, 2.6504)
(1.0754, -1.9296, 2.7325)
(1.4517, -1.8468, 2.4704)
(1.6884, -1.6438, 2.8058)
(2.0746, -1.5547, 2.5349)
(2.3215, -1.3464, 2.8614)
(2.6638, -1.205, 2.5883)
(2.906, -0.991, 2.9042)
(3.1149, -0.7164, 2.6205)
(3.3666, -0.5025, 2.9077)
(3.4765, -0.1424, 2.6403)
(3.7974, 0.0252, 2.8964)
(3.9047, 0.385, 2.6263)
(4.2838, 0.4865, 2.8413)
(4.4538, 0.7496, 2.5124)
(4.8765, 0.7765, 2.6911)
(5.0593, 1.0361, 2.3714)
(5.4732, 1.0969, 2.5738)
(5.6277, 1.3667, 2.3272)
(0.9206, -2.1735, 1.7912)
(0.5439, -2.2535, 2.0519)
(1.1936, -2.0214, 2.1321)
(1.5681, -1.9286, 1.8683)
(1.8256, -1.7485, 2.2026)
(2.1841, -1.6198, 1.9342)
(2.4234, -1.4136, 2.2629)
(2.7169, -1.1939, 1.9876)
(2.9111, -0.9531, 2.3103)
(3.0597, -0.6198, 2.0387)
(3.2199, -0.3556, 2.3518)
(3.3092, 0.0184, 2.096)
(3.5607, 0.234, 2.3832)
(3.6751, 0.5903, 2.1096)
(4.0395, 0.7038, 2.3299)
(4.2011, 0.9894, 2.0409)
(4.6298, 1.0095, 2.1961)
(4.788, 1.2858, 2.0072)
(5.2043, 1.3282, 2.1582)
(5.289, 1.5451, 2.2248)
(1.0195, -2.2315, 1.1898)
(0.6427, -2.3208, 1.4497)
(1.2987, -2.0873, 1.5303)
(1.6766, -1.9901, 1.2682)
(1.9394, -1.8191, 1.6036)
(2.2931, -1.6671, 1.3348)
(2.5143, -1.4378, 1.6624)
(2.7933, -1.1907, 1.387)
(2.9448, -0.9094, 1.7133)
(3.0952, -0.5757, 1.4452)
(3.1801, -0.2648, 1.775)
(3.278, 0.092, 1.5167)
(3.4256, 0.3791, 1.8325)
(3.492, 0.7467, 1.5753)
(3.8014, 0.9425, 1.8456)
(3.9501, 1.2672, 1.6788)
(4.3742, 1.2556, 1.8807)
(4.5364, 1.4207, 1.9724)
(4.9227, 1.4538, 2.1022)
(5.0639, 1.4324, 2.4205)
(1.1045, -2.2571, 0.587)
(0.7338, -2.3664, 0.8478)
(1.3953, -2.1321, 0.9286)
(1.7623, -2.0102, 0.6642)
(2.0422, -1.8608, 1.002)
(2.373, -1.6703, 0.73)
(2.6029, -1.4502, 1.0604)
(2.8203, -1.1553, 0.7861)
(2.9783, -0.8753, 1.1142)
(3.0392, -0.514, 0.8571)
(3.1552, -0.2124, 1.1899)
(3.1411, 0.1535, 0.9504)
(3.2879, 0.4465, 1.2728)
(3.2228, 0.7387, 1.0387)
(3.4264, 1.0513, 1.344)
(1.1726, -2.2454, -0.0186)
(0.8106, -2.3709, 0.244)
(1.4667, -2.13, 0.3235)
(1.8141, -1.9778, 0.0566)
(2.1021, -1.8401, 0.3951)
(2.395, -1.6094, 0.123)
(2.6272, -1.4041, 0.457)
(2.7644, -1.071, 0.193)
(2.907, -0.8002, 0.5257)
(2.9197, -0.4357, 0.2787)
(3.0259, -0.1458, 0.6156)
(3.0136, 0.2031, 0.3759)
(3.1059, 0.4809, 0.7129)
(3.0776, 0.7496, 0.4621)
(3.154, 0.9706, 0.7935)
(1.2447, -2.244, -0.6256)
(0.8834, -2.363, -0.362)
(1.5274, -2.1107, -0.2838)
(1.8667, -1.95, -0.5516)
(2.1342, -1.7866, -0.2132)
(2.4043, -1.538, -0.483)
(2.6078, -1.3188, -0.145)
(2.7333, -0.9848, -0.4053)
(2.8266, -0.715, -0.0616)
(2.8741, -0.3688, -0.3133)
(2.9353, -0.087, 0.0327)
(2.9621, 0.2502, -0.2156)
(3.0151, 0.5155, 0.1275)
(3.0159, 0.7846, -0.1326)
(3.0563, 0.9888, 0.2003)
(1.3206, -2.2486, -1.233)
(0.9614, -2.3698, -0.9689)
(1.5955, -2.1042, -0.8914)
(1.9244, -1.9251, -1.1593)
(2.1722, -1.7402, -0.8208)
(2.4244, -1.4721, -1.0889)
(2.603, -1.2367, -0.7485)
(2.7341, -0.9044, -1.0084)
(2.8149, -0.6405, -0.6608)
(2.8794, -0.297, -0.9145)
(2.919, -0.0274, -0.5643)
(2.9637, 0.3152, -0.817)
(2.9885, 0.5648, -0.4706)
(3.0092, 0.8459, -0.7363)
(3.0159, 1.0336, -0.4007)
(1.3947, -2.2465, -1.8405)
(1.0394, -2.3759, -1.5763)
(1.6642, -2.0945, -1.499)
(1.9797, -1.8937, -1.7667)
(2.2133, -1.6923, -1.4279)
(2.4475, -1.4051, -1.6953)
(2.6124, -1.1588, -1.3536)
(2.7426, -0.8192, -1.6142)
(2.825, -0.5589, -1.2651)
(2.896, -0.2061, -1.5212)
(2.9352, 0.0528, -1.1685)
(2.9901, 0.4106, -1.4253)
(3.0057, 0.6444, -1.0768)
(3.049, 0.944, -1.3475)
(3.0363, 1.1132, -1.01)
(1.4651, -2.2352, -2.4482)
(1.1143, -2.3733, -2.1838)
(1.7294, -2.0761, -2.1066)
(2.0309, -1.8555, -2.374)
(2.2513, -1.6396, -2.0348)
(2.469, -1.3368, -2.3017)
(2.6238, -1.0792, -1.9599)
(2.7499, -0.7296, -2.2216)
(2.8363, -0.4645, -1.8729)
(2.9105, -0.0995, -2.1315)
(2.9585, 0.1577, -1.7784)
(3.0226, 0.5297, -2.0384)
(3.0473, 0.7562, -1.6893)
(3.1113, 1.0679, -1.963)
(3.1058, 1.2272, -1.6252)
(1.5325, -2.2162, -3.0557)
(1.186, -2.3619, -2.7914)
(1.7909, -2.0499, -2.714)
(2.0785, -1.8121, -2.981)
(2.2859, -1.5836, -2.6416)
(2.4874, -1.2683, -2.9079)
(2.6332, -1.0001, -2.5664)
(2.752, -0.6416, -2.8288)
(2.8426, -0.3646, -2.482)
(2.9165, 0.0093, -2.7421)
(2.9774, 0.276, -2.391)
(3.0473, 0.6551, -2.6527)
(3.0921, 0.8846, -2.3048)
(3.1686, 1.1976, -2.5797)
(3.1891, 1.356, -2.2426)
(1.5973, -2.191, -3.663)
(1.2552, -2.3433, -3.3988)
(1.8493, -2.0176, -3.3213)
(2.1232, -1.7645, -3.5878)
(2.3171, -1.5249, -3.248)
(2.502, -1.1986, -3.5138)
(2.6381, -0.9228, -3.1723)
(2.7466, -0.559, -3.4346)
(2.8396, -0.2708, -3.0898)
(2.909, 0.1063, -3.3499)
(2.9836, 0.3895, -3.0024)
(3.0523, 0.7676, -3.2638)
(3.1215, 1.0096, -2.9195)
(3.1965, 1.3149, -3.1937)
(3.2531, 1.4798, -2.8596)
(1.6599, -2.1607, -4.27)
(1.3223, -2.3188, -4.0059)
(1.9052, -1.9804, -3.9283)
(2.1649, -1.7134, -4.1944)
(2.345, -1.4636, -3.8543)
(2.5124, -1.1274, -4.1195)
(2.6377, -0.8459, -3.7777)
(2.7333, -0.4779, -4.0394)
(2.8255, -0.1853, -3.6952)
(2.8868, 0.1928, -3.9546)
(2.9708, 0.486, -3.6095)
(3.031, 0.8602, -3.8695)
(3.119, 1.115, -3.5291)
(3.1775, 1.4121, -3.8008)
(3.2637, 1.5865, -3.4713)
(1.7206, -2.1262, -4.8767)
(1.3876, -2.2895, -4.6127)
(1.9586, -1.939, -4.535)
(2.2035, -1.6592, -4.8007)
(2.3691, -1.4, -4.4604)
(2.5177, -1.0543, -4.7249)
(2.6314, -0.768, -4.3827)
(2.7121, -0.3958, -4.6436)
(2.801, -0.1017, -4.2993)
(2.8522, 0.2782, -4.5579)
(2.9401, 0.5725, -4.2133)
(2.9917, 0.9475, -4.4725)
(3.0866, 1.2052, -4.1334)
(3.1356, 1.5015, -4.4044)
(3.2269, 1.6795, -4.0763)
(1.7768, -2.0909, -5.4517)
(1.4511, -2.2567, -5.2153)
(2.0095, -1.8945, -5.1372)
(2.2367, -1.6055, -5.3733)
(2.3885, -1.3344, -5.062)
(2.5167, -0.9837, -5.2965)
(2.6182, -0.6892, -4.9831)
(2.6843, -0.3171, -5.2137)
(2.767, -0.0175, -4.8984)
(2.8106, 0.3597, -5.1269)
(2.8974, 0.6585, -4.8116)
(2.946, 1.03, -5.0412)
(3.0421, 1.2923, -4.7321)
(3.0945, 1.5843, -4.9771)
(3.1854, 1.769, -4.6813)
(1.8202, -2.0623, -5.901)
(1.5048, -2.227, -5.73)
(2.0506, -1.8552, -5.6448)
(2.2595, -1.563, -5.8114)
(2.4004, -1.2777, -5.5668)
(2.5112, -0.9285, -5.7334)
(2.601, -0.622, -5.4866)
(2.658, -0.2564, -5.6494)
(2.7321, 0.0538, -5.4007)
(2.7745, 0.4225, -5.5617)
(2.8554, 0.7313, -5.3133)
(2.9074, 1.0934, -5.4758)
(3.0006, 1.3644, -5.2333)
(3.0562, 1.6308, -5.3974)
(3.1492, 1.8252, -5.1729)
(1.3616, -0.2376, 4.5187)
(1.4784, 0.0579, 4.5918)
(1.7177, 0.0175, 4.5365)
(1.9119, 0.3285, 4.613)
(2.3081, 0.2856, 4.5447)
(2.5518, 0.5981, 4.6227)
(2.9444, 0.5627, 4.5543)
(3.1887, 0.8737, 4.6394)
(3.581, 0.8423, 4.5627)
(3.8248, 1.1553, 4.6425)
(4.2136, 1.13, 4.5506)
(4.4544, 1.4496, 4.6165)
(4.839, 1.4291, 4.5117)
(5.0785, 1.7523, 4.5644)
(5.4647, 1.7243, 4.4661)
(5.7086, 2.0467, 4.5106)
(5.885, 2.3883, 4.4871)
(6.0282, 2.6923, 4.4203)
(6.2529, 2.6298, 4.4978)
(6.1399, 2.3382, 4.506)
(5.3568, 1.6116, 2.5617)
(5.4656, 1.4631, 2.7481)
(5.7154, 1.6357, 2.8186)
(5.6364, 1.8042, 2.6498)
(5.5056, 2.0499, 2.4727)
(5.9295, 2.0085, 2.6928)
(5.806, 2.2779, 2.5807)
(5.5832, 2.5148, 2.6718)
(6.0669, 2.4871, 2.7403)
(5.8467, 2.7074, 2.9144)
(5.5856, 2.8392, 3.1698)
(6.0796, 2.8867, 3.1693)
(5.8481, 2.9794, 3.4457)
(5.6082, 2.9568, 3.747)
(6.0837, 3.0915, 3.7289)
(5.893, 2.9964, 4.0172)
(5.7173, 2.7605, 4.2593)
(6.1686, 2.9659, 4.2508)
(0.8996, 0.7406, 4.4834)
(1.0209, 1.0338, 4.3204)
(1.3894, 0.8887, 4.4371)
(1.2321, 0.5881, 4.5562)
(1.599, 1.2396, 4.2787)
(2.0036, 1.1124, 4.3983)
(1.7709, 0.7537, 4.5124)
(2.2338, 1.4966, 4.2749)
(2.6332, 1.3821, 4.4167)
(2.4051, 1.0082, 4.5054)
(2.8651, 1.7387, 4.2609)
(3.2686, 1.633, 4.3788)
(3.0393, 1.2772, 4.51)
(3.4971, 1.959, 4.158)
(3.9001, 1.8737, 4.2865)
(3.6769, 1.5302, 4.4598)
(4.1168, 2.2219, 4.0773)
(4.5129, 2.1751, 4.264)
(4.2999, 1.812, 4.4176)
(4.7351, 2.514, 4.0519)
(5.1273, 2.4846, 4.2608)
(4.91, 2.1312, 4.4165)
(5.3605, 2.7853, 4.0327)
(5.5224, 2.4387, 4.4176)
(0.594, 1.1151, 4.1511)
(0.7969, 1.4078, 3.9208)
(1.2042, 1.3485, 4.1288)
(1.4612, 1.686, 3.9259)
(1.8419, 1.6076, 4.1148)
(2.1093, 1.9093, 3.9056)
(2.4801, 1.8329, 4.0945)
(2.7525, 2.0323, 3.7952)
(3.1156, 2.0021, 3.9913)
(3.3726, 2.2139, 3.6691)
(3.7302, 2.2495, 3.8826)
(3.9949, 2.4575, 3.5907)
(4.3554, 2.513, 3.8213)
(4.6375, 2.6772, 3.5203)
(4.9928, 2.7576, 3.7758)
(5.2882, 2.865, 3.4672)
(-0.7734, 1.0297, 3.2965)
(-0.4865, 1.2684, 3.1645)
(-0.1788, 1.2699, 3.4474)
(-0.4612, 1.0459, 3.5236)
(0.1104, 1.5232, 3.3089)
(0.421, 1.4672, 3.6356)
(0.1159, 1.2109, 3.7839)
(0.7514, 1.7537, 3.3936)
(1.0989, 1.7232, 3.6759)
(1.4202, 1.9901, 3.4142)
(1.7564, 1.9615, 3.683)
(2.075, 2.0787, 3.3704)
(2.4037, 2.044, 3.5938)
(2.7057, 2.1051, 3.2395)
(3.0328, 2.161, 3.445)
(3.3382, 2.193, 3.1256)
(3.6627, 2.3329, 3.3543)
(3.995, 2.2938, 3.0584)
(4.3109, 2.5081, 3.2865)
(4.6338, 2.4896, 2.9702)
(4.9525, 2.7166, 3.2032)
(5.2791, 2.6623, 2.9061)
(-0.814, 1.2812, 2.879)
(-0.5257, 1.5635, 2.6696)
(-0.2015, 1.5477, 2.9903)
(0.1058, 1.8045, 2.7646)
(0.4256, 1.7806, 3.0853)
(0.763, 1.9966, 2.8167)
(1.0889, 1.9936, 3.1213)
(1.4315, 2.1557, 2.8337)
(1.7536, 2.1453, 3.1185)
(2.0963, 2.1766, 2.7994)
(2.404, 2.1101, 3.032)
(2.725, 2.0316, 2.7097)
(3.0202, 2.0642, 2.9211)
(3.3536, 1.8879, 2.6488)
(3.6735, 2.0704, 2.8536)
(3.9918, 1.9584, 2.5674)
(4.3153, 2.2291, 2.7585)
(4.6211, 2.1739, 2.4579)
(4.9504, 2.4397, 2.6675)
(5.266, 2.2918, 2.4658)
(-0.8616, 1.5844, 2.3553)
(-0.5519, 1.8273, 2.123)
(-0.2221, 1.8217, 2.4442)
(0.1081, 2.014, 2.1907)
(0.4377, 2.004, 2.5056)
(0.7836, 2.1404, 2.2266)
(1.1088, 2.146, 2.5325)
(1.4639, 2.2099, 2.2372)
(1.78, 2.2022, 2.5318)
(2.1154, 2.1002, 2.2297)
(2.4227, 2.0618, 2.4846)
(2.731, 1.8602, 2.1703)
(3.0432, 1.8466, 2.4037)
(3.3504, 1.6238, 2.1292)
(3.673, 1.7231, 2.373)
(3.9678, 1.6256, 2.0847)
(4.291, 1.8984, 2.2622)
(4.5935, 1.7865, 2.0874)
(4.9305, 2.033, 2.2734)
(5.1854, 1.8162, 2.3323)
(-0.8778, 1.8158, 1.7976)
(-0.5391, 1.9907, 1.5404)
(-0.2193, 2.0145, 1.8693)
(0.1316, 2.1455, 1.5991)
(0.4566, 2.1423, 1.9163)
(0.8149, 2.2113, 1.6285)
(1.1407, 2.2049, 1.9344)
(1.5011, 2.2039, 1.6373)
(1.815, 2.1678, 1.9387)
(2.1463, 2.0344, 1.6414)
(2.4297, 1.9106, 1.9284)
(2.7024, 1.6684, 1.64)
(3.0123, 1.6039, 1.8868)
(3.2676, 1.3188, 1.6237)
(3.6436, 1.4013, 1.8739)
(3.946, 1.2856, 1.6876)
(4.2624, 1.5534, 1.9152)
(4.5284, 1.4335, 1.9857)
(4.8542, 1.6186, 2.1695)
(5.0534, 1.4393, 2.4373)
(-0.8477, 1.9332, 1.2047)
(-0.4901, 2.0557, 0.94)
(-0.185, 2.1213, 1.2734)
(0.1781, 2.2205, 1.0012)
(0.4914, 2.2345, 1.3198)
(0.8556, 2.2782, 1.0337)
(1.1767, 2.2281, 1.3341)
(1.5348, 2.2269, 1.0411)
(1.8491, 2.1462, 1.3408)
(2.1588, 2.0221, 1.0467)
(2.4369, 1.8417, 1.3489)
(2.6654, 1.6049, 1.0633)
(2.9248, 1.4067, 1.3611)
(3.0692, 1.1849, 1.0786)
(3.4226, 1.073, 1.3491)
(-0.7866, 1.9656, 0.6029)
(-0.432, 2.0918, 0.3436)
(-0.1251, 2.1513, 0.6727)
(0.2324, 2.2661, 0.4101)
(0.5445, 2.2953, 0.7264)
(0.9026, 2.3892, 0.4543)
(1.2182, 2.3207, 0.7494)
(1.5551, 2.3305, 0.4586)
(1.8617, 2.1808, 0.7482)
(2.1248, 2.0366, 0.4554)
(2.404, 1.8287, 0.7581)
(2.5917, 1.5966, 0.4752)
(2.8314, 1.3709, 0.7803)
(2.9479, 1.1748, 0.4939)
(3.1476, 0.9912, 0.7962)
(-0.7508, 2.0691, 0.0185)
(-0.4304, 2.2943, -0.2161)
(-0.0932, 2.2656, 0.095)
(0.231, 2.4793, -0.1448)
(0.5724, 2.4281, 0.1545)
(0.9025, 2.5455, -0.1191)
(1.2378, 2.4526, 0.1703)
(1.531, 2.3859, -0.1339)
(1.8364, 2.2252, 0.1575)
(2.0559, 2.0335, -0.1357)
(2.3294, 1.8251, 0.1692)
(2.5036, 1.5913, -0.1139)
(2.7418, 1.375, 0.1915)
(2.8686, 1.1922, -0.1007)
(3.0481, 1.0071, 0.2008)
(-0.7776, 2.3433, -0.5139)
(-0.4708, 2.6042, -0.7324)
(-0.1175, 2.5374, -0.4412)
(0.2035, 2.7213, -0.6924)
(0.5551, 2.6353, -0.406)
(0.8692, 2.647, -0.705)
(1.2077, 2.5217, -0.4218)
(1.4594, 2.3673, -0.7294)
(1.7663, 2.2117, -0.4359)
(1.9628, 1.9854, -0.7275)
(2.2406, 1.8016, -0.4214)
(2.4266, 1.57, -0.7103)
(2.6647, 1.3765, -0.4032)
(2.8308, 1.221, -0.7048)
(3.0058, 1.0512, -0.403)
(-0.8173, 2.6516, -1.0329)
(-0.4986, 2.87, -1.2743)
(-0.1503, 2.8032, -0.9788)
(0.1752, 2.8813, -1.2654)
(0.524, 2.7684, -0.9857)
(0.8101, 2.6599, -1.3005)
(1.1402, 2.5134, -1.0178)
(1.3667, 2.2954, -1.3243)
(1.6688, 2.1423, -1.0282)
(1.8835, 1.9201, -1.3262)
(2.1636, 1.7572, -1.0195)
(2.4017, 1.5697, -1.3178)
(2.6327, 1.3876, -1.0094)
(2.8587, 1.2904, -1.3164)
(3.0254, 1.1306, -1.0143)
(-0.8338, 2.8999, -1.5857)
(-0.5091, 3.0702, -1.844)
(-0.1706, 2.9886, -1.548)
(0.1399, 2.9546, -1.8552)
(0.473, 2.8039, -1.5792)
(0.7369, 2.6216, -1.8988)
(1.0562, 2.4545, -1.6148)
(1.3059, 2.2529, -1.9255)
(1.5968, 2.0782, -1.6291)
(1.873, 1.9279, -1.9324)
(2.1419, 1.7484, -1.6279)
(2.4537, 1.6589, -1.9212)
(2.6753, 1.466, -1.6176)
(2.943, 1.4225, -1.9239)
(3.0953, 1.2448, -1.6287)
(-0.8296, 3.0939, -2.1597)
(-0.5063, 3.2157, -2.4305)
(-0.1828, 3.1037, -2.1361)
(0.119, 3.0068, -2.4529)
(0.4206, 2.803, -2.1786)
(0.7064, 2.6485, -2.4983)
(1.007, 2.443, -2.2153)
(1.3196, 2.3409, -2.5191)
(1.6021, 2.1281, -2.2292)
(1.9473, 2.0957, -2.5113)
(2.2053, 1.8698, -2.2198)
(2.5601, 1.8514, -2.502)
(2.7737, 1.6248, -2.2143)
(3.0365, 1.5765, -2.5288)
(3.1791, 1.3739, -2.245)
(-0.8109, 3.2493, -2.7467)
(-0.4896, 3.3518, -3.0218)
(-0.1779, 3.2082, -2.73)
(0.1383, 3.1289, -3.0426)
(0.4169, 2.8792, -2.7734)
(0.7459, 2.8077, -3.0765)
(1.0311, 2.5672, -2.8007)
(1.3914, 2.5642, -3.0757)
(1.6741, 2.326, -2.7968)
(2.0442, 2.3463, -3.0614)
(2.3116, 2.0974, -2.7838)
(2.6483, 2.0522, -3.0797)
(2.868, 1.8001, -2.8072)
(3.0928, 1.7125, -3.1354)
(3.2432, 1.4978, -2.8613)
(-0.7885, 3.3889, -3.3391)
(-0.4605, 3.493, -3.6116)
(-0.1513, 3.3511, -3.3169)
(0.1869, 3.3157, -3.6138)
(0.466, 3.0604, -3.3466)
(0.8231, 3.0544, -3.6237)
(1.1068, 2.8065, -3.3515)
(1.4809, 2.8417, -3.6096)
(1.7644, 2.5943, -3.336)
(2.1211, 2.5904, -3.6129)
(2.3928, 2.3234, -3.3463)
(2.6871, 2.2222, -3.6645)
(2.9117, 1.9502, -3.4034)
(3.0899, 1.8269, -3.7384)
(3.2532, 1.6039, -3.4713)
(-0.7605, 3.5147, -3.9335)
(-0.4181, 3.6297, -4.2002)
(-0.1075, 3.5245, -3.8932)
(0.2503, 3.5382, -4.1699)
(0.5401, 3.3061, -3.8934)
(0.9086, 3.3335, -4.1557)
(1.1957, 3.0885, -3.8827)
(1.5599, 3.1054, -4.1508)
(1.8427, 2.8512, -3.8807)
(2.1677, 2.7892, -4.1836)
(2.4339, 2.5092, -3.923)
(2.6892, 2.3574, -4.2584)
(2.9078, 2.0752, -4.0013)
(3.0587, 1.9276, -4.3402)
(3.2156, 1.6961, -4.0745)
(-0.7206, 3.615, -4.5275)
(-0.3704, 3.7354, -4.7623)
(-0.0561, 3.6923, -4.4657)
(0.3073, 3.7356, -4.7006)
(0.6143, 3.5587, -4.433)
(0.9771, 3.5775, -4.6694)
(1.2724, 3.352, -4.4191)
(1.6111, 3.3118, -4.6818)
(1.893, 3.058, -4.4434)
(2.1842, 2.9344, -4.7384)
(2.444, 2.6528, -4.5094)
(2.6762, 2.4657, -4.8239)
(2.8854, 2.1823, -4.5978)
(3.0301, 2.0202, -4.9122)
(3.1757, 1.7864, -4.6791)
(-0.6787, 3.6797, -5.0362)
(-0.3285, 3.8093, -5.2004)
(-0.0112, 3.8242, -4.9498)
(0.3511, 3.9, -5.0998)
(0.6699, 3.768, -4.8874)
(1.0227, 3.7631, -5.0621)
(1.3213, 3.5458, -4.8827)
(1.6355, 3.4435, -5.098)
(1.9135, 3.195, -4.9296)
(2.1852, 3.0265, -5.1682)
(2.4394, 2.7537, -5.007)
(2.6644, 2.5424, -5.2576)
(2.8657, 2.268, -5.0981)
(3.0063, 2.1003, -5.3283)
(3.1451, 1.8748, -5.1663)
(1.123, 0.3876, 4.6256)
(1.5552, 0.4473, 4.5869)
(1.4094, 0.2406, 4.628)
(2.1616, 0.6695, 4.57)
(1.9076, 0.3486, 4.6143)
(2.7998, 0.9395, 4.5814)
(2.5504, 0.619, 4.6262)
(3.4376, 1.2083, 4.5797)
(3.1907, 0.8944, 4.6478)
(4.0716, 1.4804, 4.5454)
(3.8279, 1.1735, 4.6552)
(4.6893, 1.7879, 4.5235)
(4.4572, 1.467, 4.6299)
(5.3054, 2.0999, 4.5008)
(5.0794, 1.7708, 4.5756)
(5.7048, 2.0657, 4.5169)
(-2.8741, -1.0721, -0.8317)
(-2.5272, -0.2953, -5.0893)
(-2.3266, -1.1801, 4.1263)
(-2.7461, -0.7841, -2.6675)
(-2.9763, -1.3736, 3.9666)
(-3.6325, -1.5566, 3.8253)
(-3.0404, -1.1885, -0.2644)
(-4.2884, -1.7396, 3.6823)
(-4.9416, -1.9101, 3.5142)
(-5.59, -2.0578, 3.3123)
(-6.2331, -2.2024, 3.092)
(-2.6381, -0.4401, -4.5066)
(-6.8768, -2.3685, 2.8838)
(-2.7358, -0.8767, -2.0396)
(-2.7666, -0.9705, -1.4233)
(-4.4682, -1.6887, 0.6732)
(-3.2656, -1.3179, 0.2811)
(-3.7978, -1.4919, 0.6726)
(-4.9937, -2.0279, 0.972)
(-5.4689, -2.3964, 1.3181)
(-2.4268, -0.1581, -5.6803)
(-2.7296, -0.5773, -3.9149)
(-2.7546, -0.6856, -3.2964)
(-6.9082, -2.8421, 2.6977)
(-6.755, -2.5717, 2.8519)
(-6.9974, -2.5012, 2.8493)
(-7.1292, -2.7774, 2.7546)
(-5.6359, -2.4566, 1.3333)
(-5.566, -2.3107, 1.1362)
(-5.8888, -2.3844, 1.1014)
(-5.942, -2.4612, 1.2943)
(-5.779, -2.4511, 0.8971)
(-6.1155, -2.6178, 0.8661)
(-6.2109, -2.4769, 0.9916)
(-5.9668, -2.8008, 1.0211)
(-6.309, -2.9387, 1.185)
(-6.4361, -2.7502, 0.9295)
(-6.1579, -3.0316, 1.5284)
(-6.5046, -3.1262, 1.7202)
(-6.6253, -3.0748, 1.3712)
(-6.3639, -3.1047, 2.0891)
(-6.7144, -3.1139, 2.2745)
(-6.8234, -3.2007, 1.9234)
(-6.5802, -2.9276, 2.5876)
(-7.0327, -3.0696, 2.4517)
(-1.704, -1.9087, 3.6681)
(-1.6102, -1.6711, 3.8981)
(-1.9601, -1.5414, 3.9931)
(-2.1011, -1.7856, 3.7912)
(-2.2912, -2.0808, 3.5514)
(-2.5016, -1.6626, 3.8727)
(-2.7268, -1.9649, 3.6612)
(-2.9501, -2.2848, 3.4273)
(-3.1511, -1.8428, 3.725)
(-3.3829, -2.1532, 3.5219)
(-3.6061, -2.4682, 3.2865)
(-3.8058, -2.0219, 3.5743)
(-4.0376, -2.3303, 3.3684)
(-4.258, -2.6232, 3.1078)
(-4.4593, -2.194, 3.4113)
(-4.688, -2.488, 3.1841)
(-4.9032, -2.7511, 2.8931)
(-5.1085, -2.3497, 3.2221)
(-5.3327, -2.6279, 2.9739)
(-5.5443, -2.8686, 2.6647)
(-5.7532, -2.4978, 3.0176)
(-5.975, -2.7706, 2.7641)
(-6.1821, -2.9931, 2.4499)
(-6.3916, -2.6644, 2.8327)
(-1.3986, -2.2502, 3.2775)
(-1.236, -2.0021, 3.5581)
(-1.8567, -2.1762, 3.4172)
(-2.0834, -2.4611, 3.1384)
(-2.5157, -2.3909, 3.2974)
(-2.7512, -2.6594, 3.014)
(-3.1751, -2.5823, 3.1675)
(-3.4074, -2.7836, 2.8509)
(-3.8286, -2.727, 2.9943)
(-4.0576, -2.8541, 2.645)
(-4.4751, -2.8352, 2.7782)
(-4.6945, -2.9173, 2.401)
(-5.1147, -2.9236, 2.537)
(-5.3283, -2.9913, 2.1445)
(-5.7557, -3.0145, 2.3)
(-5.968, -3.0575, 1.91)
(0.069, -2.2312, 2.8803)
(-0.0057, -2.1569, 3.2936)
(-0.2957, -2.269, 3.0911)
(-0.5778, -2.3919, 2.8236)
(-0.6654, -2.2064, 3.3491)
(-0.958, -2.3335, 3.0772)
(-1.2486, -2.535, 2.7339)
(-1.6584, -2.5043, 2.95)
(-1.93, -2.7175, 2.6158)
(-2.3355, -2.7035, 2.8284)
(-2.5941, -2.7972, 2.484)
(-2.9972, -2.7978, 2.6764)
(-3.2501, -2.7488, 2.3173)
(-3.6523, -2.8108, 2.4895)
(-3.9044, -2.6729, 2.1392)
(-4.2961, -2.8126, 2.2769)
(-4.523, -2.714, 1.8922)
(-4.9125, -2.8993, 2.0029)
(-5.1321, -2.8379, 1.6052)
(-5.5473, -2.9767, 1.7476)
(-5.7678, -2.9136, 1.3606)
(0.1687, -2.3291, 2.3137)
(-0.2056, -2.3835, 2.573)
(-0.4834, -2.5322, 2.2295)
(-0.8607, -2.5467, 2.4886)
(-1.1481, -2.6954, 2.1337)
(-1.5343, -2.711, 2.3815)
(-1.8208, -2.7901, 2.0305)
(-2.2032, -2.7946, 2.2707)
(-2.4667, -2.6766, 1.9341)
(-2.8501, -2.6867, 2.1424)
(-3.0983, -2.4553, 1.8291)
(-3.5021, -2.5537, 1.9895)
(-3.7488, -2.3245, 1.6724)
(-4.1446, -2.4984, 1.792)
(-4.3647, -2.3755, 1.4142)
(-4.7385, -2.6309, 1.495)
(-4.9677, -2.5197, 1.1231)
(-5.3609, -2.7451, 1.2258)
(-5.5908, -2.6144, 0.9296)
(0.2674, -2.4049, 1.7098)
(-0.1069, -2.482, 1.9702)
(-0.389, -2.6218, 1.6246)
(-0.7677, -2.6668, 1.8797)
(-1.0591, -2.7679, 1.5303)
(-1.4393, -2.7801, 1.7819)
(-1.7365, -2.7696, 1.4331)
(-2.1023, -2.7225, 1.6882)
(-2.3624, -2.5361, 1.3651)
(-2.7119, -2.4418, 1.6208)
(-2.959, -2.1979, 1.3157)
(-3.3431, -2.2065, 1.5236)
(-3.5928, -1.9838, 1.2022)
(-3.9849, -2.1395, 1.3291)
(-4.2218, -1.9971, 0.9899)
(-4.5901, -2.26, 1.0471)
(-4.8401, -2.1302, 0.8062)
(-5.2121, -2.3679, 0.8597)
(-5.4262, -2.2565, 0.8873)
(0.3602, -2.465, 1.1076)
(-0.0139, -2.5522, 1.3669)
(-0.3015, -2.6908, 1.0219)
(-0.6788, -2.7463, 1.2776)
(-0.9807, -2.8268, 0.927)
(-1.3613, -2.8102, 1.1796)
(-1.6647, -2.7702, 0.8315)
(-2.0251, -2.6693, 1.0941)
(-2.2874, -2.4835, 0.7739)
(-2.6172, -2.3186, 1.052)
(-2.8559, -2.0826, 0.7506)
(-3.2142, -1.9732, 1.003)
(-3.4367, -1.7102, 0.7089)
(-3.8499, -1.7703, 0.8894)
(-4.1278, -1.5984, 0.6689)
(-4.4832, -1.8862, 0.775)
(-4.7285, -1.8653, 0.8158)
(-5.0674, -2.0902, 0.8553)
(-5.2311, -2.2176, 1.1361)
(0.4438, -2.4911, 0.5047)
(0.0726, -2.6005, 0.7638)
(-0.2215, -2.7131, 0.4171)
(-0.5988, -2.7966, 0.6731)
(-0.9066, -2.8328, 0.3213)
(-1.2885, -2.8294, 0.5755)
(-1.5754, -2.7136, 0.2381)
(-1.9402, -2.6189, 0.501)
(-2.1543, -2.3553, 0.2094)
(-2.5023, -2.2182, 0.4839)
(-2.6663, -1.9053, 0.2257)
(-3.03, -1.7939, 0.4835)
(-3.1107, -1.5067, 0.2479)
(-3.5258, -1.4143, 0.4748)
(0.5176, -2.4775, -0.1002)
(0.1498, -2.5966, 0.1594)
(-0.1478, -2.6729, -0.1878)
(-0.5241, -2.7708, 0.0679)
(-0.8283, -2.7519, -0.2787)
(-1.2035, -2.7622, -0.0205)
(-1.4559, -2.5671, -0.3331)
(-1.8043, -2.4704, -0.0617)
(-1.9858, -2.1742, -0.3327)
(-2.3199, -2.0406, -0.051)
(-2.4741, -1.7414, -0.3082)
(-2.7905, -1.609, -0.0226)
(-2.8804, -1.3613, -0.2806)
(-3.1487, -1.2632, 0.0072)
(0.5951, -2.4743, -0.7066)
(0.2248, -2.5723, -0.4461)
(-0.0718, -2.6371, -0.7932)
(-0.4486, -2.7018, -0.5351)
(-0.7472, -2.6551, -0.8758)
(-1.1104, -2.6367, -0.6085)
(-1.355, -2.4335, -0.9148)
(-1.6678, -2.3076, -0.6217)
(-1.8627, -2.0465, -0.9033)
(-2.1595, -1.8918, -0.602)
(-2.3338, -1.625, -0.8752)
(-2.614, -1.4782, -0.5739)
(-2.7239, -1.2474, -0.8473)
(-2.9546, -1.14, -0.5484)
(0.6736, -2.4781, -1.3137)
(0.3024, -2.5628, -1.0526)
(0.0022, -2.6068, -1.3989)
(-0.3731, -2.6425, -1.138)
(-0.6708, -2.5691, -1.4748)
(-1.0257, -2.5226, -1.2008)
(-1.2734, -2.3238, -1.5077)
(-1.5737, -2.1948, -1.2075)
(-1.7793, -1.946, -1.4946)
(-2.0528, -1.7874, -1.1833)
(-2.2432, -1.5273, -1.4651)
(-2.4925, -1.3751, -1.153)
(-2.624, -1.1473, -1.4373)
(-2.819, -1.0314, -1.1268)
(0.7494, -2.4754, -1.921)
(0.3775, -2.551, -1.6594)
(0.074, -2.5694, -2.0043)
(-0.301, -2.5836, -1.7413)
(-0.597, -2.4837, -2.0748)
(-0.9486, -2.4202, -1.7974)
(-1.1999, -2.2147, -2.1053)
(-1.4995, -2.0897, -1.8036)
(-1.7154, -1.8376, -2.0951)
(-1.9823, -1.6872, -1.7806)
(-2.1893, -1.4215, -2.0697)
(-2.4221, -1.2758, -1.7523)
(-2.5816, -1.0477, -2.0479)
(-2.7504, -0.934, -1.7299)
(0.8223, -2.4632, -2.5284)
(0.4499, -2.5299, -2.2661)
(0.1445, -2.524, -2.6092)
(-0.2296, -2.5186, -2.3441)
(-0.5229, -2.396, -2.6745)
(-0.8739, -2.3174, -2.3957)
(-1.1281, -2.1014, -2.7045)
(-1.4336, -1.975, -2.4044)
(-1.659, -1.7153, -2.7)
(-1.9316, -1.5718, -2.3867)
(-2.154, -1.3009, -2.6823)
(-2.3893, -1.1667, -2.3655)
(-2.5716, -0.9424, -2.6698)
(-2.7398, -0.8407, -2.3523)
(0.8926, -2.4429, -3.1355)
(0.5202, -2.5003, -2.8725)
(0.2144, -2.4721, -3.2134)
(-0.1577, -2.4487, -2.9461)
(-0.4466, -2.306, -3.2734)
(-0.7972, -2.2135, -2.9936)
(-1.0514, -1.986, -3.3022)
(-1.367, -1.8529, -3.0059)
(-1.5976, -1.5861, -3.3035)
(-1.8855, -1.4433, -2.9958)
(-2.1166, -1.1707, -3.2948)
(-2.3688, -1.0468, -2.9839)
(-2.5616, -0.8296, -3.2924)
(-2.7489, -0.745, -2.9811)
(0.9609, -2.4162, -3.7424)
(0.5888, -2.4638, -3.4784)
(0.2839, -2.4149, -3.8171)
(-0.085, -2.3745, -3.5473)
(-0.3683, -2.2128, -3.8712)
(-0.7163, -2.1083, -3.5898)
(-0.966, -1.8703, -3.8964)
(-1.2901, -1.7298, -3.6034)
(-1.5194, -1.458, -3.9005)
(-1.8273, -1.3107, -3.6006)
(-2.0573, -1.0386, -3.899)
(-2.335, -0.9202, -3.598)
(-2.5223, -0.7087, -3.905)
(-2.7404, -0.6416, -3.6052)
(1.0276, -2.3841, -4.3489)
(0.6563, -2.4218, -4.0839)
(0.3533, -2.3531, -4.4201)
(-0.0114, -2.296, -4.1478)
(-0.2879, -2.1157, -4.4679)
(-0.6313, -2.0001, -4.1844)
(-0.8741, -1.751, -4.4879)
(-1.2001, -1.6067, -4.1957)
(-1.4243, -1.3294, -4.4904)
(-1.7453, -1.1802, -4.1958)
(-1.967, -0.9063, -4.4909)
(-2.2663, -0.7896, -4.1988)
(-2.4369, -0.5748, -4.4993)
(-2.6824, -0.5188, -4.2112)
(1.0931, -2.3476, -4.9549)
(0.7229, -2.3751, -4.6889)
(0.4231, -2.2869, -5.0224)
(0.0634, -2.2134, -4.7473)
(-0.2046, -2.014, -5.0634)
(-0.5425, -1.8875, -4.7773)
(-0.7769, -1.626, -5.0771)
(-1.1015, -1.4787, -4.7842)
(-1.3197, -1.1941, -5.0762)
(-1.6443, -1.0467, -4.7831)
(-1.8605, -0.7673, -5.0758)
(-2.1668, -0.6528, -4.7868)
(-2.3301, -0.4332, -5.0847)
(-2.5816, -0.3776, -4.7994)
(1.1544, -2.3101, -5.5292)
(0.7886, -2.3247, -5.2893)
(0.49, -2.2205, -5.5906)
(0.1397, -2.1267, -5.3417)
(-0.1227, -1.9131, -5.6245)
(-0.45, -1.7704, -5.3644)
(-0.68, -1.5025, -5.6315)
(-0.9973, -1.3449, -5.366)
(-1.2148, -1.0603, -5.6269)
(-1.5352, -0.9065, -5.3625)
(-1.7538, -0.6309, -5.6257)
(-2.0575, -0.5114, -5.3665)
(-2.2266, -0.2997, -5.6396)
(-2.475, -0.2364, -5.3863)
(1.2021, -2.2797, -5.978)
(0.8442, -2.2798, -5.795)
(0.5422, -2.167, -6.025)
(0.206, -2.05, -5.8396)
(-0.0572, -1.8322, -6.0524)
(-0.3686, -1.6676, -5.8554)
(-0.6027, -1.4045, -6.0541)
(-0.9055, -1.2282, -5.8523)
(-1.1318, -0.9551, -6.0468)
(-1.4397, -0.785, -5.847)
(-1.6699, -0.5243, -6.0451)
(-1.9626, -0.3915, -5.851)
(-2.1361, -0.2086, -6.0443)
(-2.3766, -0.1336, -5.8615)
(-1.8603, -1.3794, 4.1181)
(-2.1477, -1.2268, 4.141)
(-2.2907, -1.4024, 4.0381)
(-2.6467, -1.286, 4.0461)
(-2.9035, -1.5601, 3.8964)
(-3.298, -1.4735, 3.8948)
(-3.5567, -1.7396, 3.7453)
(-3.9523, -1.6552, 3.7506)
(-4.2114, -1.9174, 3.5931)
(-4.6068, -1.8304, 3.593)
(-4.8639, -2.0844, 3.4212)
(-5.2579, -1.9893, 3.4076)
(-5.5119, -2.2362, 3.2238)
(-5.9043, -2.1366, 3.1975)
(-6.1564, -2.3908, 3.0204)
(-6.5498, -2.2938, 2.9851)
(-6.8896, -2.1352, 2.8971)
(-7.1715, -1.9821, 2.7772)
(-7.3189, -2.1768, 2.808)
(-7.0546, -2.3343, 2.8635)
(-5.594, -2.2713, 1.194)
(-5.6246, -2.4678, 1.3648)
(-5.9349, -2.4948, 1.3642)
(-5.9431, -2.3016, 1.2032)
(-5.9576, -2.0137, 1.0425)
(-6.3, -2.325, 1.167)
(-6.3489, -2.028, 1.0661)
(-6.3467, -1.7112, 1.1866)
(-6.71, -2.0369, 1.1489)
(-6.7175, -1.742, 1.3503)
(-6.6574, -1.4969, 1.6458)
(-7.0594, -1.7659, 1.5339)
(-7.0021, -1.5714, 1.8464)
(-6.8728, -1.4631, 2.1935)
(-7.3107, -1.6519, 2.0622)
(-7.1707, -1.6297, 2.3913)
(-6.9446, -1.7233, 2.6832)
(-7.4101, -1.8428, 2.5607)
(-2.1128, -0.325, 4.1092)
(-2.3492, -0.1597, 3.8994)
(-2.5619, -0.5112, 3.9435)
(-2.284, -0.6565, 4.1187)
(-2.9029, -0.3551, 3.7167)
(-3.1554, -0.7146, 3.756)
(-2.7824, -0.859, 3.9451)
(-3.5409, -0.5477, 3.5579)
(-3.8016, -0.896, 3.6179)
(-3.4167, -1.0533, 3.7814)
(-4.1638, -0.7497, 3.3889)
(-4.4273, -1.092, 3.4225)
(-4.0623, -1.2375, 3.6274)
(-4.7536, -0.9625, 3.1327)
(-5.0316, -1.2892, 3.1748)
(-4.6879, -1.4324, 3.4184)
(-5.3653, -1.1359, 2.8973)
(-5.6752, -1.4325, 2.9958)
(-5.3226, -1.5958, 3.2192)
(-6.0067, -1.2897, 2.7146)
(-6.3293, -1.5722, 2.8346)
(-5.9802, -1.7249, 3.0609)
(-6.6419, -1.4649, 2.5386)
(-6.6326, -1.8654, 2.9046)
(-2.0424, 0.1829, 3.8245)
(-2.3277, 0.307, 3.535)
(-2.6406, -0.0119, 3.649)
(-3.0015, 0.1116, 3.3736)
(-3.2793, -0.205, 3.4783)
(-3.6222, -0.1195, 3.1942)
(-3.8955, -0.4244, 3.3035)
(-4.1585, -0.4157, 2.9374)
(-4.4566, -0.6795, 3.0514)
(-4.71, -0.6507, 2.6635)
(-5.0484, -0.8604, 2.7901)
(-5.3125, -0.8407, 2.4307)
(-5.6695, -1.0378, 2.5729)
(-5.9184, -1.0617, 2.2057)
(-6.2918, -1.2387, 2.3709)
(-6.5139, -1.3148, 1.9979)
(-1.1084, 1.0398, 3.0835)
(-1.4015, 0.8308, 3.2934)
(-1.0669, 0.8308, 3.449)
(-1.7487, 0.8579, 3.0749)
(-2.0198, 0.6061, 3.3349)
(-1.6611, 0.582, 3.5647)
(-2.403, 0.6584, 3.0159)
(-2.7031, 0.3964, 3.2154)
(-3.0481, 0.416, 2.8733)
(-3.3405, 0.1603, 3.0532)
(-3.5766, 0.0646, 2.6689)
(-3.8585, -0.1743, 2.8162)
(-4.0457, -0.2893, 2.3998)
(-4.3719, -0.4646, 2.5244)
(-4.5516, -0.6059, 2.142)
(-4.933, -0.7146, 2.2825)
(-5.0953, -0.928, 1.9247)
(-5.5163, -0.9735, 2.0618)
(-5.6796, -1.1645, 1.6857)
(-6.1113, -1.2024, 1.8256)
(-6.2594, -1.4252, 1.4698)
(-1.1613, 1.3253, 2.5841)
(-1.4603, 1.0851, 2.8257)
(-1.8126, 1.1217, 2.5244)
(-2.1081, 0.893, 2.7766)
(-2.4502, 0.8857, 2.4358)
(-2.7477, 0.6538, 2.6665)
(-3.0152, 0.5416, 2.2959)
(-3.3015, 0.3051, 2.4953)
(-3.5056, 0.1312, 2.1033)
(-3.769, -0.0924, 2.2636)
(-3.9001, -0.3212, 1.8823)
(-4.1882, -0.493, 2.0217)
(-4.2723, -0.8171, 1.6963)
(-4.6696, -0.8884, 1.8127)
(-4.7784, -1.1525, 1.4745)
(-5.2318, -1.155, 1.5691)
(-5.363, -1.3657, 1.2148)
(-5.8216, -1.3775, 1.3264)
(-5.9245, -1.674, 1.0721)
(-1.1993, 1.5992, 2.0425)
(-1.5088, 1.3596, 2.2807)
(-1.8359, 1.3459, 1.9571)
(-2.1457, 1.1136, 2.1967)
(-2.4392, 1.0366, 1.8465)
(-2.7382, 0.799, 2.0759)
(-2.972, 0.6364, 1.7053)
(-3.2312, 0.3666, 1.9181)
(-3.3767, 0.1287, 1.5526)
(-3.6382, -0.1071, 1.7293)
(-3.689, -0.4203, 1.3675)
(-3.9637, -0.6388, 1.5271)
(-3.9976, -0.9839, 1.2109)
(-4.351, -1.1249, 1.3722)
(-4.4501, -1.3624, 1.0353)
(-4.9009, -1.3622, 1.1173)
(-5.0225, -1.6235, 0.8889)
(-5.4695, -1.6539, 0.9776)
(-5.541, -1.9872, 0.9933)
(-1.1918, 1.7716, 1.4631)
(-1.52, 1.5715, 1.7137)
(-1.8179, 1.4931, 1.3698)
(-2.1303, 1.2676, 1.6117)
(-2.3852, 1.1256, 1.2519)
(-2.6831, 0.8835, 1.4814)
(-2.882, 0.674, 1.1123)
(-3.1432, 0.4074, 1.3371)
(-3.2423, 0.1238, 0.9794)
(-3.4393, -0.1763, 1.199)
(-3.4303, -0.5075, 0.8752)
(-3.6805, -0.7703, 1.0497)
(-3.6357, -1.1297, 0.7605)
(-4.0228, -1.3199, 0.9164)
(-4.1383, -1.5823, 0.6769)
(-4.5914, -1.5875, 0.8107)
(-4.7334, -1.8513, 0.8294)
(-5.1335, -1.9229, 0.9233)
(-5.2314, -2.2067, 1.154)
(-1.1435, 1.8415, 0.8635)
(-1.4902, 1.6885, 1.12)
(-1.7742, 1.574, 0.772)
(-2.0908, 1.3703, 1.0166)
(-2.3345, 1.2049, 0.657)
(-2.6042, 0.9358, 0.8859)
(-2.7996, 0.7267, 0.5206)
(-3.0345, 0.4302, 0.7482)
(-3.1144, 0.159, 0.3996)
(-3.2717, -0.1823, 0.6418)
(-3.2316, -0.4864, 0.3301)
(-3.3725, -0.8265, 0.5752)
(-3.2808, -1.0663, 0.2861)
(-3.5377, -1.3955, 0.4789)
(-1.0833, 1.8798, 0.2675)
(-1.4285, 1.7249, 0.52)
(-1.7195, 1.6279, 0.1807)
(-2.0434, 1.4363, 0.4211)
(-2.3077, 1.3057, 0.0703)
(-2.5648, 1.0274, 0.2965)
(-2.738, 0.8303, -0.0619)
(-2.9331, 0.4957, 0.1648)
(-2.9646, 0.2354, -0.1699)
(-3.1091, -0.1245, 0.0759)
(-3.0456, -0.4, -0.2255)
(-3.1514, -0.7495, 0.0349)
(-3.0552, -0.9515, -0.2544)
(-3.1573, -1.2433, 0.0095)
(-1.0842, 2.0809, -0.2926)
(-1.3979, 1.8405, -0.0578)
(-1.7227, 1.8356, -0.3766)
(-2.0189, 1.5689, -0.1537)
(-2.2641, 1.4639, -0.5014)
(-2.5167, 1.1522, -0.2844)
(-2.6089, 0.9293, -0.6375)
(-2.7991, 0.5869, -0.4079)
(-2.7773, 0.323, -0.7291)
(-2.9231, -0.0342, -0.4806)
(-2.8477, -0.3011, -0.7782)
(-2.9592, -0.6427, -0.5181)
(-2.8749, -0.8401, -0.8156)
(-2.9598, -1.1206, -0.5477)
(-1.1228, 2.3868, -0.8109)
(-1.4214, 2.106, -0.5965)
(-1.7179, 2.0709, -0.926)
(-1.9972, 1.7717, -0.7146)
(-2.1625, 1.5964, -1.075)
(-2.3947, 1.2635, -0.8603)
(-2.4143, 1.0049, -1.2025)
(-2.6058, 0.6673, -0.9699)
(-2.5521, 0.3923, -1.2829)
(-2.7129, 0.0513, -1.0337)
(-2.6458, -0.2214, -1.3392)
(-2.7709, -0.5451, -1.0787)
(-2.7314, -0.7457, -1.3963)
(-2.8217, -1.0112, -1.1282)
(-1.1408, 2.6512, -1.3535)
(-1.4328, 2.368, -1.1358)
(-1.6628, 2.2499, -1.4914)
(-1.9189, 1.9265, -1.2852)
(-1.9944, 1.6857, -1.6442)
(-2.2089, 1.3424, -1.4274)
(-2.1769, 1.0554, -1.7591)
(-2.3677, 0.7229, -1.5237)
(-2.3255, 0.4398, -1.8452)
(-2.4976, 0.1129, -1.5957)
(-2.4942, -0.1579, -1.9245)
(-2.6211, -0.468, -1.6617)
(-2.6624, -0.6608, -2.0027)
(-2.752, -0.9133, -1.733)
(-1.1301, 2.8594, -1.9202)
(-1.4033, 2.5671, -1.6997)
(-1.5503, 2.3748, -2.0619)
(-1.7695, 2.0292, -1.854)
(-1.7846, 1.7482, -2.2073)
(-1.9822, 1.3966, -1.9872)
(-1.9762, 1.1086, -2.3288)
(-2.1478, 0.7672, -2.0902)
(-2.1941, 0.5014, -2.4345)
(-2.346, 0.1687, -2.1828)
(-2.4598, -0.0732, -2.5306)
(-2.5699, -0.3859, -2.269)
(-2.6756, -0.5638, -2.6226)
(-2.742, -0.8201, -2.3548)
(-1.0932, 3.0172, -2.5021)
(-1.3364, 2.7115, -2.2771)
(-1.4374, 2.4753, -2.6427)
(-1.598, 2.1079, -2.4249)
(-1.6488, 1.8351, -2.7862)
(-1.8081, 1.4658, -2.5603)
(-1.9122, 1.2147, -2.9165)
(-2.0532, 0.85, -2.6797)
(-2.2278, 0.6296, -3.0279)
(-2.3424, 0.2699, -2.7831)
(-2.532, 0.0539, -3.1349)
(-2.6125, -0.2782, -2.8838)
(-2.7097, -0.4563, -3.2437)
(-2.7518, -0.7247, -2.9828)
(-1.0626, 3.1592, -3.0913)
(-1.276, 2.8363, -2.8637)
(-1.4024, 2.6055, -3.2296)
(-1.5152, 2.2165, -3.0088)
(-1.6533, 1.9799, -3.3696)
(-1.7764, 1.5929, -3.1449)
(-1.9823, 1.3856, -3.4918)
(-2.1054, 1.0018, -3.2638)
(-2.3333, 0.8044, -3.6052)
(-2.4385, 0.4222, -3.3741)
(-2.5951, 0.198, -3.7326)
(-2.662, -0.1561, -3.4955)
(-2.7045, -0.3397, -3.857)
(-2.7437, -0.6213, -3.6061)
(-1.0489, 3.2968, -3.6824)
(-1.262, 2.9781, -3.4509)
(-1.4351, 2.7661, -3.8099)
(-1.5434, 2.3729, -3.5907)
(-1.7457, 2.1657, -3.9384)
(-1.8614, 1.7739, -3.7166)
(-2.1024, 1.5846, -4.0542)
(-2.2193, 1.1936, -3.8307)
(-2.4194, 0.9867, -4.179)
(-2.5145, 0.5889, -3.9578)
(-2.6014, 0.3501, -4.3238)
(-2.6578, -0.0214, -4.0972)
(-2.6427, -0.2031, -4.4523)
(-2.6853, -0.4987, -4.2103)
(-1.0341, 3.4199, -4.2757)
(-1.2777, 3.1291, -4.0352)
(-1.4938, 2.9387, -4.384)
(-1.6318, 2.559, -4.1588)
(-1.8619, 2.367, -4.4989)
(-1.9839, 1.9761, -4.2767)
(-2.2025, 1.7789, -4.6207)
(-2.3149, 1.3839, -4.3995)
(-2.4512, 1.1546, -4.7609)
(-2.5336, 0.7509, -4.543)
(-2.5581, 0.4988, -4.913)
(-2.6028, 0.1235, -4.6881)
(-2.5518, -0.0598, -5.0391)
(-2.5838, -0.3578, -4.7965)
(-1.0077, 3.5132, -4.8419)
(-1.2875, 3.2665, -4.6184)
(-1.5338, 3.0912, -4.931)
(-1.718, 2.7453, -4.7228)
(-1.9446, 2.5484, -5.0359)
(-2.0817, 2.1705, -4.8387)
(-2.2497, 1.9458, -5.1661)
(-2.3556, 1.5546, -4.9753)
(-2.4328, 1.2989, -5.316)
(-2.5029, 0.9006, -5.1274)
(-2.4937, 0.6341, -5.4692)
(-2.5238, 0.266, -5.2722)
(-2.4646, 0.0735, -5.597)
(-2.4791, -0.217, -5.3834)
(-0.9861, 3.577, -5.2835)
(-1.2911, 3.3743, -5.1109)
(-1.576, 3.2187, -5.3438)
(-1.7825, 2.9032, -5.1964)
(-2.0043, 2.6917, -5.4443)
(-2.1337, 2.3236, -5.3171)
(-2.2585, 2.0642, -5.5872)
(-2.3495, 1.6848, -5.464)
(-2.398, 1.4025, -5.7418)
(-2.4549, 1.0196, -5.6186)
(-2.4398, 0.7341, -5.8949)
(-2.4551, 0.3829, -5.7618)
(-2.4082, 0.1823, -6.0034)
(-2.4068, -0.0921, -5.858)
(-2.0931, -0.7501, 4.2261)
(-2.4464, -0.9696, 4.0893)
(-2.2176, -1.0432, 4.1773)
(-3.037, -1.1716, 3.923)
(-2.6563, -1.2676, 4.0469)
(-3.6878, -1.3578, 3.7748)
(-3.3108, -1.4567, 3.8972)
(-4.3344, -1.5442, 3.6125)
(-3.9686, -1.641, 3.7571)
(-4.9728, -1.7228, 3.419)
(-4.6232, -1.8193, 3.6035)
(-5.6242, -1.8641, 3.2397)
(-5.2736, -1.9786, 3.4189)
(-6.2769, -2.0014, 3.0592)
(-5.9188, -2.1236, 3.2068)
(-6.5602, -2.2771, 2.9906)
(6.2952, 2.0207, 4.4472)
(5.5524, 1.619, 2.6437)
(5.8452, 1.7366, 2.4242)
(6.1951, 1.6188, 2.5118)
(6.4046, 1.4866, 3.0373)
(6.4982, 1.4898, 3.6315)
(6.4535, 1.6995, 4.1665)
(1.6205, -0.4949, 4.2773)
(2.1587, -0.2543, 4.2955)
(2.799, 0.0132, 4.3205)
(3.4379, 0.2882, 4.3371)
(4.0706, 0.5753, 4.3291)
(4.6931, 0.8776, 4.2875)
(5.3098, 1.1854, 4.2299)
(5.9275, 1.4777, 4.1895)
(1.7012, -0.9352, 3.8867)
(2.3303, -0.683, 3.9178)
(2.9879, -0.4257, 3.9616)
(3.6185, -0.138, 3.9722)
(4.2288, 0.1833, 3.933)
(4.8219, 0.5259, 3.8544)
(5.4108, 0.8728, 3.7646)
(5.9976, 1.2162, 3.6898)
(0.6641, -1.9658, 3.1803)
(1.2284, -1.6481, 3.3207)
(1.8245, -1.296, 3.408)
(2.4991, -1.0172, 3.449)
(3.1284, -0.714, 3.4783)
(3.6912, -0.3298, 3.4576)
(4.2195, 0.0964, 3.4092)
(4.7721, 0.4713, 3.3093)
(5.3562, 0.8076, 3.1864)
(5.9284, 1.1738, 3.0976)
(0.7599, -2.0522, 2.6913)
(1.3817, -1.7908, 2.7713)
(2.0044, -1.497, 2.835)
(2.6272, -1.1829, 2.8864)
(3.1479, -0.7596, 2.9097)
(3.5798, -0.2378, 2.9038)
(4.0279, 0.2753, 2.8802)
(4.5723, 0.6419, 2.771)
(5.1776, 0.9284, 2.6251)
(5.759, 1.2724, 2.5343)
(0.8697, -2.1395, 2.0926)
(1.5124, -1.8913, 2.1687)
(2.1317, -1.5922, 2.2342)
(2.6896, -1.2028, 2.288)
(3.0773, -0.6638, 2.3308)
(3.376, -0.052, 2.373)
(3.7819, 0.4911, 2.3704)
(4.3281, 0.8658, 2.2643)
(4.9254, 1.1667, 2.1525)
(5.4575, 1.4777, 2.2264)
(0.971, -2.2049, 1.4904)
(1.6235, -1.9625, 1.5685)
(2.2391, -1.6459, 1.6348)
(2.7549, -1.192, 1.6875)
(3.0761, -0.5945, 1.7427)
(3.292, 0.0619, 1.8075)
(3.5898, 0.6808, 1.8435)
(4.0765, 1.1219, 1.8519)
(4.6586, 1.3644, 1.9623)
(5.1615, 1.5182, 2.3006)
(1.0645, -2.2498, 0.8887)
(1.7239, -2.0074, 0.9668)
(2.3398, -1.6769, 1.033)
(2.8183, -1.1798, 1.0859)
(3.0827, -0.5489, 1.1495)
(3.2211, 0.1229, 1.2322)
(3.3571, 0.7524, 1.3091)
(1.1394, -2.2529, 0.2844)
(1.7904, -1.9971, 0.3606)
(2.3892, -1.645, 0.4265)
(2.7964, -1.1165, 0.4892)
(2.9772, -0.4746, 0.5682)
(3.0687, 0.1799, 0.6654)
(3.1346, 0.7396, 0.7545)
(1.2077, -2.2427, -0.322)
(1.8393, -1.9623, -0.2476)
(2.3988, -1.573, -0.1801)
(2.7431, -1.0267, -0.1053)
(2.8865, -0.4013, -0.0155)
(2.9791, 0.2256, 0.0819)
(3.0397, 0.7647, 0.166)
(1.2826, -2.2465, -0.9293)
(1.8954, -1.938, -0.8555)
(2.4133, -1.5047, -0.7859)
(2.7315, -0.9446, -0.7064)
(2.8736, -0.3348, -0.6132)
(2.9582, 0.2794, -0.5153)
(3.0065, 0.8113, -0.4334)
(1.3581, -2.2487, -1.5367)
(1.9526, -1.9103, -1.463)
(2.4361, -1.4389, -1.3921)
(2.7382, -0.8626, -1.311)
(2.8874, -0.254, -1.2173)
(2.9751, 0.3592, -1.1204)
(3.0249, 0.891, -1.0412)
(1.4303, -2.2419, -2.1444)
(2.0058, -1.8753, -2.0704)
(2.4586, -1.3711, -1.9985)
(2.7467, -0.7746, -1.9178)
(2.9039, -0.1541, -1.826)
(3.0065, 0.4682, -1.7314)
(3.0792, 1.004, -1.6549)
(1.4992, -2.2265, -2.752)
(2.0551, -1.8344, -2.6775)
(2.4786, -1.3026, -2.6048)
(2.7518, -0.685, -2.5254)
(2.9149, -0.0443, -2.437)
(3.0367, 0.5929, -2.3457)
(3.142, 1.1332, -2.2714)
(1.5652, -2.2043, -3.3594)
(2.1012, -1.7888, -3.2845)
(2.4952, -1.2337, -3.2109)
(2.7503, -0.5998, -3.1319)
(2.9146, 0.0596, -3.0464)
(3.0529, 0.7139, -2.9588)
(3.1875, 1.2585, -2.8874)
(1.6288, -2.1764, -3.9666)
(2.1444, -1.7394, -3.8912)
(2.5078, -1.1632, -3.8167)
(2.7409, -0.5185, -3.7371)
(2.8996, 0.1503, -3.6525)
(3.0446, 0.8157, -3.5672)
(3.1915, 1.3653, -3.498)
(1.6904, -2.1439, -4.5734)
(2.1846, -1.6867, -4.4976)
(2.5158, -1.0911, -4.4222)
(2.7238, -0.437, -4.3416)
(2.8709, 0.2353, -4.2564)
(3.0129, 0.9039, -4.1711)
(3.1576, 1.4571, -4.1027)
(1.75, -2.1081, -5.176)
(2.2212, -1.6314, -5.0996)
(2.5179, -1.0176, -5.0233)
(2.6985, -0.3548, -4.9413)
(2.8314, 0.3206, -4.855)
(2.9686, 0.9905, -4.7695)
(3.1144, 1.5451, -4.703)
(1.7997, -2.0759, -5.6881)
(2.249, -1.5832, -5.6049)
(2.5143, -0.9546, -5.5275)
(2.6708, -0.285, -5.4442)
(2.7919, 0.3928, -5.3569)
(2.9259, 1.0635, -5.2711)
(3.0757, 1.613, -5.2019)
(1.519, -0.1111, 4.5285)
(1.9941, 0.1498, 4.541)
(2.6264, 0.4237, 4.5492)
(3.2628, 0.702, 4.5596)
(3.8981, 0.9848, 4.5599)
(4.5269, 1.2789, 4.5336)
(5.151, 1.5785, 4.4873)
(5.778, 1.8602, 4.4528)
(6.088, 2.5127, 4.4912)
(5.5477, 1.6193, 2.7048)
(5.7308, 2.0327, 2.5847)
(5.84, 2.5075, 2.702)
(5.8464, 2.8679, 3.1677)
(5.8593, 3.0295, 3.7373)
(5.9562, 2.8694, 4.2558)
(1.1324, 0.8084, 4.4613)
(1.6862, 0.991, 4.4117)
(2.3192, 1.2461, 4.406)
(2.95, 1.5116, 4.4091)
(3.5863, 1.7491, 4.3303)
(4.208, 2.0186, 4.2675)
(4.8188, 2.3318, 4.2623)
(5.4346, 2.6302, 4.2604)
(0.8991, 1.2312, 4.1385)
(1.5202, 1.4765, 4.1203)
(2.1614, 1.7296, 4.1114)
(2.7997, 1.9152, 4.0507)
(3.4239, 2.1171, 3.9322)
(4.0408, 2.3827, 3.8476)
(4.6725, 2.6389, 3.7971)
(5.3127, 2.8652, 3.7594)
(-0.4723, 1.1496, 3.3565)
(0.1147, 1.3715, 3.5506)
(0.7589, 1.5904, 3.6658)
(1.4302, 1.857, 3.686)
(2.0816, 2.0131, 3.6517)
(2.72, 2.0921, 3.5181)
(3.3456, 2.245, 3.392)
(3.9865, 2.4169, 3.3221)
(4.6305, 2.6149, 3.2429)
(5.2797, 2.7911, 3.1797)
(-0.5055, 1.4114, 2.9305)
(0.1073, 1.6696, 3.0445)
(0.7548, 1.8885, 3.1088)
(1.422, 2.0887, 3.1277)
(2.0833, 2.1425, 3.0844)
(2.7114, 2.083, 2.9729)
(3.3438, 2.0535, 2.8856)
(3.9975, 2.1321, 2.8105)
(4.6301, 2.342, 2.7056)
(5.278, 2.496, 2.6575)
(-0.5426, 1.7056, 2.4002)
(0.1052, 1.9199, 2.4797)
(0.7724, 2.08, 2.5226)
(1.4462, 2.1943, 2.5363)
(2.1057, 2.152, 2.5158)
(2.7329, 1.9555, 2.4399)
(3.3585, 1.753, 2.3918)
(3.9809, 1.7902, 2.3193)
(4.6108, 1.9828, 2.2417)
(5.235, 2.0528, 2.3596)
(-0.5506, 1.9223, 1.8356)
(0.1169, 2.0875, 1.8966)
(0.7981, 2.181, 1.9281)
(1.4825, 2.2095, 1.9374)
(2.1303, 2.0592, 1.9376)
(2.7189, 1.7554, 1.9075)
(3.3227, 1.4686, 1.8775)
(3.9556, 1.4582, 1.8798)
(4.564, 1.6036, 2.0146)
(5.1218, 1.6159, 2.367)
(-0.5184, 2.0343, 1.2412)
(0.1518, 2.1918, 1.3004)
(0.8334, 2.2416, 1.3296)
(1.5186, 2.2053, 1.3375)
(2.1574, 2.023, 1.3439)
(2.6866, 1.6222, 1.3566)
(3.1702, 1.2292, 1.3574)
(-0.4577, 2.0638, 0.6394)
(0.2089, 2.2324, 0.7025)
(0.8819, 2.3261, 0.7421)
(1.5486, 2.2757, 0.7496)
(2.1472, 2.0287, 0.7507)
(2.6326, 1.5985, 0.7691)
(3.0, 1.1725, 0.7887)
(-0.4232, 2.1705, 0.0572)
(0.2383, 2.3554, 0.1289)
(0.9086, 2.4674, 0.1682)
(1.5495, 2.3682, 0.1637)
(2.0942, 2.0398, 0.1599)
(2.5478, 1.5955, 0.1811)
(2.9046, 1.1826, 0.1975)
(-0.4492, 2.4467, -0.4754)
(0.218, 2.6065, -0.4168)
(0.8891, 2.607, -0.4102)
(1.5001, 2.3853, -0.4319)
(2.0107, 2.0147, -0.4313)
(2.4613, 1.5815, -0.4107)
(2.8432, 1.2042, -0.4015)
(-0.4874, 2.746, -0.9988)
(0.1898, 2.8135, -0.9758)
(0.843, 2.6639, -1.0022)
(1.4127, 2.3341, -1.0264)
(1.9179, 1.9504, -1.0253)
(2.4054, 1.5628, -1.0132)
(2.8366, 1.2485, -1.0104)
(-0.5056, 2.9781, -1.5565)
(0.1577, 2.926, -1.5588)
(0.7721, 2.6405, -1.5992)
(1.3287, 2.2632, -1.6243)
(1.8671, 1.9071, -1.6304)
(2.4181, 1.5998, -1.6217)
(2.8964, 1.3504, -1.6209)
(-0.5094, 3.1471, -2.1359)
(0.1255, 2.9766, -2.154)
(0.7132, 2.6204, -2.1996)
(1.3033, 2.2778, -2.2255)
(1.9028, 1.9942, -2.2264)
(2.5045, 1.7476, -2.2136)
(2.9916, 1.4999, -2.2263)
(-0.4996, 3.2832, -2.7261)
(0.1239, 3.058, -2.7496)
(0.7188, 2.713, -2.7912)
(1.3508, 2.44, -2.802)
(1.9965, 2.2172, -2.7882)
(2.6097, 1.9547, -2.7903)
(3.0712, 1.6474, -2.8321)
(-0.4767, 3.4219, -3.317)
(0.1598, 3.2155, -3.3308)
(0.7819, 2.9235, -3.3536)
(1.436, 2.7011, -3.3436)
(2.0861, 2.4725, -3.3354)
(2.6736, 2.1417, -3.3709)
(3.0971, 1.7719, -3.4373)
(-0.4407, 3.5636, -3.9056)
(0.2181, 3.4264, -3.8921)
(0.8665, 3.1942, -3.8895)
(1.523, 2.9783, -3.8779)
(2.1484, 2.6962, -3.8957)
(2.6914, 2.2935, -3.9605)
(3.0756, 1.8783, -4.0392)
(-0.394, 3.6872, -4.4925)
(0.2805, 3.6418, -4.4468)
(0.9459, 3.463, -4.4228)
(1.5895, 3.2182, -4.4258)
(2.179, 2.8692, -4.4719)
(2.6833, 2.4155, -4.5533)
(3.0433, 1.9757, -4.6385)
(-0.3488, 3.7747, -4.9931)
(0.3303, 3.8203, -4.9128)
(1.0017, 3.6751, -4.8775)
(1.6253, 3.3837, -4.9011)
(2.1857, 2.9846, -4.9653)
(2.6699, 2.5067, -5.0532)
(3.0191, 2.0598, -5.1358)
(1.3237, 0.4034, 4.6053)
(1.8445, 0.5443, 4.5747)
(2.4811, 0.8034, 4.5743)
(3.1186, 1.0747, 4.5848)
(3.7561, 1.3415, 4.5634)
(4.3819, 1.6309, 4.5328)
(4.9967, 1.9451, 4.5123)
(5.6117, 2.2492, 4.4916)
(-6.962, -2.6728, 2.7981)
(-5.7637, -2.3928, 1.2306)
(-6.0068, -2.4694, 0.9439)
(-6.2144, -2.7851, 0.9653)
(-6.4052, -3.054, 1.4443)
(-6.6077, -3.1521, 2.0023)
(-6.8208, -3.0005, 2.5164)
(-1.8429, -1.7221, 3.8468)
(-2.4015, -1.8696, 3.7285)
(-3.0552, -2.0602, 3.5924)
(-3.7106, -2.2437, 3.4481)
(-4.3635, -2.4119, 3.2803)
(-5.0109, -2.5591, 3.0809)
(-5.6539, -2.6973, 2.8667)
(-6.2918, -2.8492, 2.6703)
(-1.5453, -2.0857, 3.4832)
(-2.1824, -2.2814, 3.3566)
(-2.8467, -2.4924, 3.2361)
(-3.5025, -2.6601, 3.0869)
(-4.1529, -2.7848, 2.8908)
(-4.7953, -2.8802, 2.6589)
(-5.4347, -2.9687, 2.4167)
(-6.0735, -3.0594, 2.1893)
(0.0292, -2.1912, 3.1014)
(-0.6234, -2.3048, 3.0905)
(-1.3098, -2.4065, 3.0182)
(-1.9997, -2.6105, 2.8893)
(-2.6676, -2.7647, 2.7578)
(-3.3253, -2.8112, 2.5856)
(-3.9775, -2.8047, 2.3898)
(-4.6051, -2.8496, 2.1433)
(-5.227, -2.942, 1.8709)
(-5.8656, -3.0061, 1.6313)
(0.117, -2.28, 2.6113)
(-0.5308, -2.4684, 2.5333)
(-1.1961, -2.6302, 2.4367)
(-1.8713, -2.774, 2.3269)
(-2.5279, -2.7566, 2.2096)
(-3.1748, -2.6165, 2.0688)
(-3.8286, -2.5053, 1.9021)
(-4.4433, -2.5521, 1.6491)
(-5.0451, -2.6956, 1.3534)
(-5.6761, -2.7842, 1.1111)
(0.2189, -2.3699, 2.0115)
(-0.4358, -2.5813, 1.9262)
(-1.1024, -2.7369, 1.8315)
(-1.7762, -2.7815, 1.7323)
(-2.4099, -2.5955, 1.6534)
(-3.023, -2.3074, 1.5807)
(-3.6673, -2.1466, 1.441)
(-4.2887, -2.1887, 1.1902)
(-4.9007, -2.3189, 0.9279)
(-5.5105, -2.4145, 0.8584)
(0.3146, -2.4374, 1.4087)
(-0.3443, -2.6594, 1.3234)
(-1.0188, -2.7996, 1.229)
(-1.7006, -2.7697, 1.1324)
(-2.3266, -2.5082, 1.0693)
(-2.9115, -2.1357, 1.0331)
(-3.5276, -1.8416, 0.954)
(-4.1698, -1.8027, 0.822)
(-4.7825, -1.9849, 0.7839)
(-5.3309, -2.2032, 0.9909)
(0.4035, -2.4839, 0.8064)
(-0.2605, -2.7104, 0.7197)
(-0.9437, -2.8405, 0.624)
(-1.6243, -2.7545, 0.5322)
(-2.2295, -2.4322, 0.4869)
(-2.7697, -2.0013, 0.4842)
(-3.2802, -1.6013, 0.4796)
(0.481, -2.4861, 0.2024)
(-0.1845, -2.6968, 0.1146)
(-0.8681, -2.7996, 0.0206)
(-1.5165, -2.6455, -0.0485)
(-2.0686, -2.2633, -0.0609)
(-2.5652, -1.817, -0.0372)
(-2.9819, -1.4282, -0.0085)
(0.5558, -2.4737, -0.4033)
(-0.11, -2.653, -0.4904)
(-0.7876, -2.7024, -0.5772)
(-1.402, -2.4959, -0.6219)
(-1.9175, -2.1033, -0.614)
(-2.3971, -1.6786, -0.588)
(-2.7956, -1.3019, -0.561)
(0.6345, -2.4764, -1.01)
(-0.0344, -2.6223, -1.096)
(-0.7084, -2.6112, -1.175)
(-1.3126, -2.3773, -1.2104)
(-1.8175, -1.9957, -1.1974)
(-2.283, -1.5758, -1.1679)
(-2.667, -1.1966, -1.1397)
(0.7119, -2.4779, -1.6173)
(0.0383, -2.5892, -1.7017)
(-0.6338, -2.5267, -1.7747)
(-1.2361, -2.2698, -1.8061)
(-1.7457, -1.8936, -1.794)
(-2.2127, -1.4762, -1.766)
(-2.5972, -1.098, -1.7407)
(0.7862, -2.4704, -2.2247)
(0.1093, -2.5476, -2.3068)
(-0.5601, -2.4401, -2.3747)
(-1.1642, -2.1585, -2.4049)
(-1.687, -1.7779, -2.3973)
(-2.1706, -1.3629, -2.3755)
(-2.5747, -0.9959, -2.3582)
(0.8577, -2.4539, -2.832)
(0.1795, -2.4987, -2.9114)
(-0.485, -2.3514, -2.9741)
(-1.0907, -2.0438, -3.0037)
(-1.6298, -1.651, -3.0023)
(-2.1369, -1.2365, -2.9891)
(-2.5684, -0.8869, -2.9816)
(0.927, -2.4303, -3.439)
(0.2491, -2.4441, -3.5153)
(-0.4077, -2.2599, -3.5724)
(-1.0097, -1.9284, -3.5997)
(-1.5609, -1.5218, -3.603)
(-2.0907, -1.1046, -3.5984)
(-2.5469, -0.7704, -3.6006)
(0.9945, -2.4007, -4.0457)
(0.3186, -2.3845, -4.1186)
(-0.3284, -2.1648, -4.1697)
(-0.9207, -1.8113, -4.1924)
(-1.4735, -1.3942, -4.1961)
(-2.0153, -0.9729, -4.1963)
(-2.484, -0.6431, -4.204)
(1.0605, -2.3663, -4.6519)
(0.3882, -2.3205, -4.7213)
(-0.2467, -2.0655, -4.7659)
(-0.8262, -1.6893, -4.7828)
(-1.3729, -1.2627, -4.7837)
(-1.915, -0.8377, -4.7838)
(-2.3845, -0.5044, -4.7924)
(1.125, -2.3283, -5.2538)
(0.4579, -2.2527, -5.3191)
(-0.1623, -1.962, -5.3565)
(-0.7269, -1.5622, -5.3668)
(-1.2655, -1.1249, -5.3639)
(-1.8053, -0.6965, -5.363)
(-2.2765, -0.3633, -5.374)
(1.1795, -2.2942, -5.7654)
(0.5175, -2.1925, -5.8204)
(-0.0883, -1.8707, -5.8509)
(-0.6394, -1.451, -5.8552)
(-1.1712, -1.0049, -5.849)
(-1.7096, -0.5747, -5.8476)
(-2.1818, -0.249, -5.8567)
(-2.0596, -1.3789, 4.0837)
(-2.5819, -1.4709, 3.9719)
(-3.2299, -1.6502, 3.8205)
(-3.8841, -1.829, 3.6703)
(-4.5381, -2.0027, 3.5102)
(-5.1884, -2.1614, 3.3248)
(-5.8343, -2.3114, 3.1206)
(-6.4738, -2.478, 2.9287)
(-7.1205, -2.1648, 2.8469)
(-5.7738, -2.395, 1.2909)
(-6.1414, -2.1752, 1.1032)
(-6.5428, -1.8779, 1.1602)
(-6.8715, -1.6359, 1.5847)
(-7.105, -1.5616, 2.1238)
(-7.1914, -1.7865, 2.6193)
(-2.3243, -0.4157, 4.0302)
(-2.8435, -0.6136, 3.8465)
(-3.4782, -0.8065, 3.6857)
(-4.1189, -0.991, 3.5314)
(-4.7278, -1.1951, 3.2962)
(-5.3492, -1.3657, 3.0778)
(-6.0025, -1.4999, 2.9152)
(-6.6511, -1.6494, 2.7559)
(-2.3406, 0.0852, 3.7348)
(-2.9564, -0.1077, 3.5626)
(-3.5951, -0.3082, 3.3968)
(-4.1778, -0.5554, 3.185)
(-4.7468, -0.777, 2.9166)
(-5.3573, -0.9465, 2.6774)
(-5.9814, -1.1342, 2.4705)
(-6.5961, -1.352, 2.2769)
(-1.0864, 0.9279, 3.2788)
(-1.7089, 0.7219, 3.323)
(-2.3609, 0.4997, 3.2867)
(-3.0347, 0.2892, 3.14)
(-3.6092, -0.0024, 2.9456)
(-4.1099, -0.3285, 2.6698)
(-4.6477, -0.5896, 2.3965)
(-5.2225, -0.8468, 2.1738)
(-5.8141, -1.085, 1.9419)
(-6.3991, -1.3455, 1.7258)
(-1.1345, 1.1762, 2.8463)
(-1.7841, 0.9921, 2.8059)
(-2.4337, 0.7844, 2.7298)
(-3.0368, 0.4911, 2.5888)
(-3.5451, 0.1078, 2.3849)
(-3.9777, -0.291, 2.1392)
(-4.4177, -0.6997, 1.917)
(-4.9431, -1.0377, 1.6959)
(-5.5277, -1.2581, 1.4407)
(-6.1015, -1.5357, 1.2409)
(-1.1846, 1.4709, 2.3166)
(-1.8301, 1.2419, 2.2421)
(-2.4517, 0.9698, 2.1413)
(-2.9967, 0.593, 2.001)
(-3.4465, 0.135, 1.8283)
(-3.8045, -0.3668, 1.6225)
(-4.1388, -0.9071, 1.455)
(-4.6124, -1.2594, 1.2486)
(-5.1902, -1.4925, 1.0209)
(-5.7304, -1.8344, 0.9923)
(-1.2015, 1.6994, 1.7572)
(-1.8309, 1.4287, 1.6658)
(-2.4149, 1.0858, 1.5498)
(-2.931, 0.6597, 1.409)
(-3.3079, 0.1229, 1.2688)
(-3.5577, -0.4729, 1.1234)
(-3.8262, -1.068, 0.9837)
(-4.2935, -1.4693, 0.8503)
(-4.8715, -1.7426, 0.8376)
(-5.3769, -2.1066, 1.0562)
(-1.1721, 1.818, 1.1643)
(-1.7995, 1.5425, 1.0714)
(-2.3569, 1.1646, 0.954)
(-2.8364, 0.6939, 0.8157)
(-3.1792, 0.1356, 0.6888)
(-3.3244, -0.5099, 0.6083)
(-3.4468, -1.1172, 0.5307)
(-1.1097, 1.851, 0.5631)
(-1.7428, 1.5907, 0.4733)
(-2.3198, 1.2487, 0.3618)
(-2.7718, 0.7751, 0.2283)
(-3.0435, 0.1936, 0.1134)
(-3.1397, -0.4475, 0.0516)
(-3.1573, -1.0095, 0.0208)
(-1.0755, 1.9582, -0.019)
(-1.7162, 1.7161, -0.1014)
(-2.2912, 1.382, -0.2164)
(-2.6834, 0.8824, -0.3507)
(-2.8761, 0.28, -0.4506)
(-2.9483, -0.3496, -0.5017)
(-2.9621, -0.8944, -0.5333)
(-1.103, 2.2314, -0.5529)
(-1.7251, 1.9579, -0.6501)
(-2.2215, 1.5361, -0.7879)
(-2.5189, 0.9704, -0.9216)
(-2.6683, 0.3609, -1.0062)
(-2.7447, -0.2582, -1.0566)
(-2.7968, -0.7908, -1.103)
(-1.1356, 2.527, -1.078)
(-1.698, 2.1682, -1.2072)
(-2.0868, 1.646, -1.3609)
(-2.2973, 1.0323, -1.4806)
(-2.4338, 0.4174, -1.5614)
(-2.559, -0.1897, -1.6285)
(-2.6862, -0.7036, -1.6969)
(-1.1393, 2.7622, -1.6346)
(-1.6115, 2.318, -1.776)
(-1.8884, 1.7175, -1.925)
(-2.0647, 1.0784, -2.0412)
(-2.2409, 0.4648, -2.1373)
(-2.4605, -0.1205, -2.2264)
(-2.6618, -0.6141, -2.3119)
(-1.1131, 2.9426, -2.2097)
(-1.488, 2.4244, -2.3509)
(-1.7008, 1.7855, -2.4948)
(-1.9248, 1.1531, -2.6222)
(-2.194, 0.5571, -2.7326)
(-2.4894, -0.0136, -2.8336)
(-2.6944, -0.5109, -2.9335)
(-1.0757, 3.0888, -2.7962)
(-1.4093, 2.5357, -2.9362)
(-1.6354, 1.9006, -3.0788)
(-1.9351, 1.2938, -3.2065)
(-2.2785, 0.7138, -3.3182)
(-2.5695, 0.1247, -3.4346)
(-2.7138, -0.3998, -3.552)
(-1.0545, 3.2289, -3.3867)
(-1.4125, 2.6829, -3.521)
(-1.6926, 2.0692, -3.656)
(-2.0412, 1.484, -3.7736)
(-2.3819, 0.8965, -3.8915)
(-2.6056, 0.2737, -4.0288)
(-2.6791, -0.2732, -4.1564)
(-1.0429, 3.3612, -3.9786)
(-1.4649, 2.853, -4.0968)
(-1.8053, 2.2665, -4.2183)
(-2.1579, 1.6836, -4.3361)
(-2.4426, 1.0728, -4.4689)
(-2.5845, 0.4252, -4.6185)
(-2.5988, -0.1314, -4.7459)
(-1.0214, 3.4708, -4.5702)
(-1.5154, 3.0186, -4.6695)
(-1.9078, 2.4623, -4.7787)
(-2.2327, 1.868, -4.9044)
(-2.4462, 1.2313, -5.0503)
(-2.526, 0.57, -5.2034)
(-2.5057, 0.0098, -5.3299)
(-0.9962, 3.5474, -5.0745)
(-1.5541, 3.1569, -5.1502)
(-1.9758, 2.6233, -5.2524)
(-2.2567, 2.0092, -5.3885)
(-2.416, 1.3543, -5.5411)
(-2.4654, 0.6873, -5.6943)
(-2.4333, 0.1281, -5.8155)
(-2.2492, -0.8612, 4.1613)
(-2.7216, -1.0728, 4.0064)
(-3.3617, -1.2657, 3.8475)
(-4.0125, -1.4506, 3.698)
(-4.653, -1.6368, 3.5164)
(-5.2972, -1.7967, 3.3276)
(-5.9508, -1.9314, 3.1497)
(-6.5984, -2.0743, 2.9719)
