(-1.1782, 0.8139, -5.8854)
(-0.6194, 0.7948, -5.6249)
(-0.146, 0.4189, -5.6859)
(0.4591, 0.2693, -5.704)
(1.047, 0.5634, -5.6778)
(-1.2547, 0.4843, -5.6103)
(-0.7473, 0.5529, -5.299)
(1.6057, 0.8943, -5.5944)
(-0.2169, 0.3102, -5.2898)
(1.9689, 1.0761, -5.4594)
(0.4278, 0.2454, -5.2929)
(1.0759, 0.4405, -5.2946)
(1.6357, 0.7375, -5.1968)
(2.0773, 0.9782, -5.1487)
(-1.3316, 0.0666, -5.2394)
(-0.865, 0.2408, -4.8983)
(-0.272, 0.2737, -4.7882)
(0.3658, 0.3348, -4.7959)
(1.0455, 0.431, -4.8065)
(1.6379, 0.574, -4.6767)
(2.1023, 0.5527, -4.7042)
(-1.3663, -0.3632, -4.839)
(-0.7863, -0.2175, -4.5951)
(-0.159, -0.0746, -4.4065)
(0.4653, 0.0186, -4.4283)
(1.0844, 0.1623, -4.4383)
(1.5932, 0.3527, -4.2771)
(2.0715, 0.1276, -4.2662)
(-1.3942, -0.7881, -4.4431)
(-0.7391, -0.7479, -4.3907)
(-0.0861, -0.6061, -4.2349)
(0.5113, -0.4371, -4.1386)
(0.896, -0.0184, -4.1453)
(1.3111, 0.2959, -4.2126)
(1.669, 0.5957, -4.3143)
(-1.3894, -1.1243, -3.9551)
(-0.7338, -1.1841, -4.0051)
(-0.0901, -1.0332, -3.8657)
(0.4782, -0.7873, -3.7038)
(0.836, -0.329, -3.6817)
(1.246, 0.0519, -3.7561)
(1.5115, 0.2567, -3.771)
(-1.3524, -1.4104, -3.4253)
(-0.7254, -1.5272, -3.5188)
(-0.1247, -1.325, -3.3872)
(0.4405, -1.0589, -3.2599)
(0.9161, -0.7555, -3.3042)
(1.2798, -0.3322, -3.1968)
(1.4733, 0.0429, -3.0111)
(-1.276, -1.65, -2.8744)
(-0.6597, -1.8415, -3.0256)
(-0.0171, -1.7418, -3.0421)
(0.565, -1.4952, -2.981)
(1.0469, -1.1487, -2.8832)
(1.4632, -0.7552, -2.7409)
(1.7883, -0.4424, -2.623)
(-1.1744, -1.8511, -2.3097)
(-0.5666, -2.0811, -2.4838)
(0.0911, -2.0463, -2.5543)
(0.6915, -1.8316, -2.5232)
(1.2122, -1.5107, -2.4194)
(1.689, -1.1713, -2.3115)
(2.051, -0.8965, -2.2217)
(-1.0689, -2.0472, -1.7442)
(-0.475, -2.3142, -1.9339)
(0.1822, -2.3005, -2.0166)
(0.8027, -2.1013, -1.9994)
(1.3826, -1.8458, -1.945)
(1.9175, -1.5697, -1.8834)
(2.3194, -1.3376, -1.8219)
(-0.986, -2.2808, -1.1928)
(-0.388, -2.5952, -1.4074)
(0.2838, -2.6484, -1.5366)
(0.9432, -2.4577, -1.5438)
(1.5709, -2.2118, -1.5111)
(2.1544, -1.9626, -1.4692)
(2.593, -1.7637, -1.4224)
(-0.9088, -2.5104, -0.6529)
(-0.2957, -2.8596, -0.8776)
(0.3883, -2.9991, -1.0561)
(1.0927, -2.8475, -1.1213)
(1.766, -2.6001, -1.1118)
(2.4016, -2.3544, -1.0727)
(2.897, -2.1611, -1.0101)
(-0.7363, -2.5601, -0.0897)
(-0.1375, -2.9207, -0.3065)
(0.5158, -3.1589, -0.5033)
(1.2248, -3.1224, -0.6226)
(1.9255, -2.9526, -0.6742)
(2.6203, -2.7609, -0.6928)
(3.3957, -2.5468, -0.6336)
(-0.542, -2.5708, 0.4846)
(0.0447, -2.9052, 0.2696)
(0.6821, -3.1293, 0.0721)
(1.3681, -3.1983, -0.0766)
(4.0225, -2.9027, -0.3939)
(2.0634, -3.1873, -0.2073)
(2.7583, -3.1234, -0.3381)
(4.6131, -3.3239, -0.3338)
(3.4551, -3.0626, -0.4502)
(5.1299, -3.6964, -0.035)
(4.109, -3.0788, -0.4683)
(-0.3505, -2.5926, 1.0669)
(0.2274, -2.8972, 0.8436)
(0.8515, -3.0807, 0.6201)
(5.4501, -3.6651, -0.0578)
(1.5093, -3.135, 0.4237)
(4.6427, -3.1502, -0.2694)
(2.1802, -3.1628, 0.2495)
(2.8577, -3.1754, 0.0881)
(5.1782, -3.3414, -0.0785)
(3.5374, -3.1853, -0.0659)
(5.6347, -3.4435, -0.0867)
(4.1749, -3.2207, -0.2309)
(-0.1602, -2.6282, 1.6297)
(0.4132, -2.9586, 1.4248)
(1.0128, -3.2471, 1.1349)
(4.6717, -3.2882, -0.4295)
(1.6319, -3.4245, 0.823)
(2.2633, -3.5352, 0.5395)
(5.2314, -3.2829, -0.433)
(2.9081, -3.5993, 0.2808)
(-0.0019, -2.651, 2.0783)
(5.7072, -3.2482, -0.4495)
(3.5619, -3.6294, 0.0372)
(4.2177, -3.6348, -0.1493)
(1.2844, -3.2775, 1.6558)
(0.6285, -2.9299, 2.0952)
(4.8327, -3.6318, -0.2533)
(1.8802, -3.5512, 1.3149)
(2.4758, -3.7792, 0.9928)
(5.3827, -3.6745, -0.4806)
(3.0842, -3.9442, 0.6783)
(5.8026, -3.6265, -0.6908)
(3.7149, -4.0306, 0.382)
(4.3822, -4.0422, 0.1565)
(1.1709, -3.0675, 2.3628)
(1.6267, -3.3064, 2.1208)
(5.0316, -4.0723, 0.0011)
(2.1868, -3.572, 1.8177)
(2.772, -3.8276, 1.4995)
(5.5983, -4.1274, -0.2439)
(3.3636, -4.0605, 1.1769)
(5.9663, -4.1643, -0.5501)
(3.9802, -4.2473, 0.8527)
(4.6476, -4.3622, 0.5403)
(1.5522, -3.0314, 2.7327)
(1.9658, -3.1888, 2.5291)
(5.2375, -4.5156, 0.2477)
(2.5079, -3.4391, 2.2528)
(3.0846, -3.7014, 1.9474)
(5.7545, -4.6312, -0.0485)
(3.664, -3.9655, 1.639)
(1.8489, -2.9461, 2.886)
(6.146, -4.6884, -0.3154)
(4.2592, -4.2251, 1.3286)
(2.1813, -2.9741, 2.8399)
(2.754, -3.2509, 2.5496)
(4.8807, -4.4564, 0.9885)
(3.3255, -3.5262, 2.2598)
(5.436, -4.7198, 0.6599)
(3.8921, -3.7916, 1.9547)
(4.4538, -4.1053, 1.6959)
(5.9179, -4.9234, 0.3523)
(5.0245, -4.2954, 1.3475)
(6.2654, -5.0266, 0.0799)
(5.5729, -4.5962, 1.0271)
(6.2077, -5.0568, 0.422)
(6.1337, -4.9051, 0.7348)
(1.7842, 3.6894, -3.4714)
(2.07, 3.0865, -3.6302)
(2.3445, 2.5026, -3.769)
(2.5992, 2.1207, -4.2337)
(2.7702, 1.8252, -4.7789)
(1.8105, 3.5183, -3.1475)
(2.2126, 3.0391, -3.4184)
(2.5074, 1.4766, -5.1908)
(2.5677, 2.5261, -3.6902)
(2.2224, 1.2114, -5.3624)
(2.8113, 2.0224, -4.0531)
(2.8109, 1.5566, -4.4859)
(2.4692, 1.1945, -4.8643)
(2.0971, 0.982, -5.1435)
(1.5334, 3.1282, -2.9562)
(1.9282, 2.705, -3.2997)
(2.3439, 2.2404, -3.5155)
(2.6586, 1.7051, -3.7337)
(2.7516, 1.1856, -4.0829)
(2.468, 0.7937, -4.4614)
(2.1226, 0.5485, -4.7083)
(1.3352, 2.7103, -2.7163)
(1.8014, 2.3454, -3.0012)
(2.2377, 1.9777, -3.111)
(2.4673, 1.4375, -3.2862)
(2.5437, 0.9487, -3.666)
(2.3429, 0.5283, -4.0642)
(2.0917, 0.1354, -4.2589)
(1.5043, 2.6233, -2.2793)
(1.8948, 2.2998, -2.5881)
(1.9863, 1.7869, -2.7728)
(2.1003, 1.2619, -2.9206)
(2.1465, 0.9999, -3.4146)
(1.9873, 0.6611, -3.8328)
(1.6893, 0.5893, -4.2891)
(1.7381, 2.7813, -1.8585)
(1.8848, 2.2672, -2.1293)
(1.8656, 1.6385, -2.3404)
(1.894, 1.0816, -2.4807)
(1.9279, 0.8364, -2.9706)
(1.8017, 0.5057, -3.4044)
(1.5763, 0.3053, -3.756)
(1.9886, 2.6572, -1.3875)
(2.1802, 2.1142, -1.7181)
(2.208, 1.5064, -1.9769)
(2.1092, 0.9424, -2.0812)
(1.9178, 0.5838, -2.4402)
(1.7683, 0.1956, -2.8233)
(1.4642, -0.012, -3.0409)
(2.1112, 2.3646, -0.8867)
(2.3743, 1.8379, -1.2456)
(2.5304, 1.282, -1.5971)
(2.5181, 0.7453, -1.8775)
(2.2593, 0.2837, -2.1243)
(2.0454, -0.1608, -2.4272)
(1.7903, -0.4581, -2.6464)
(2.0777, 2.0092, -0.4013)
(2.3687, 1.4922, -0.7548)
(2.577, 0.9548, -1.1229)
(2.6698, 0.4274, -1.4672)
(2.5429, -0.0823, -1.7641)
(2.311, -0.5561, -2.0324)
(2.0694, -0.9051, -2.231)
(2.0008, 1.646, 0.079)
(2.2702, 1.1269, -0.2807)
(2.4741, 0.5895, -0.6531)
(2.6383, 0.0624, -0.9996)
(2.6713, -0.4607, -1.3292)
(2.5295, -0.9571, -1.6191)
(2.3404, -1.3367, -1.8254)
(1.8973, 1.2849, 0.5527)
(2.0958, 0.7553, 0.1648)
(2.283, 0.2146, -0.2179)
(2.5048, -0.3167, -0.5579)
(2.6812, -0.8419, -0.8833)
(2.7117, -1.3507, -1.1971)
(2.6149, -1.7604, -1.4197)
(1.7503, 0.9191, 1.0091)
(1.9146, 0.3888, 0.6047)
(2.1363, -0.1419, 0.2289)
(2.3974, -0.678, -0.1086)
(2.6624, -1.2035, -0.4328)
(2.8816, -1.7053, -0.7492)
(2.9339, -2.1502, -0.9909)
(1.6294, 0.5588, 1.4729)
(1.8911, 0.0648, 1.0921)
(2.2313, -0.4098, 0.7391)
(2.5213, -0.9354, 0.4025)
(2.827, -1.4526, 0.0681)
(3.1613, -1.94, -0.2695)
(3.4647, -2.5356, -0.601)
(1.6119, 0.211, 1.9586)
(2.0145, -0.1969, 1.6112)
(2.4355, -0.6148, 1.2685)
(2.7678, -1.1075, 0.9258)
(4.0486, -2.9171, -0.3582)
(3.0983, -1.6036, 0.586)
(3.5028, -2.0297, 0.2349)
(4.6811, -3.3987, -0.2993)
(3.9294, -2.4649, -0.0553)
(5.169, -3.7896, -0.021)
(4.429, -2.8686, -0.1431)
(1.6495, -0.1318, 2.4561)
(2.1296, -0.4792, 2.1386)
(2.6076, -0.8434, 1.802)
(5.4348, -3.9261, -0.0964)
(3.0162, -1.2673, 1.452)
(4.8792, -3.4061, -0.0114)
(3.3989, -1.7067, 1.1028)
(3.8481, -2.0722, 0.7471)
(5.358, -3.7781, -0.0547)
(4.3109, -2.4495, 0.4418)
(5.7259, -3.9273, -0.263)
(4.8341, -2.7632, 0.2286)
(1.658, -0.4749, 2.9267)
(2.1636, -0.8221, 2.6583)
(2.7067, -1.1403, 2.3269)
(5.3014, -3.2542, 0.1841)
(3.2115, -1.4775, 1.9736)
(3.6783, -1.8259, 1.6143)
(5.7028, -3.5789, 0.0073)
(4.1551, -2.1621, 1.2654)
(1.5965, -0.7996, 3.2616)
(6.1189, -3.6279, -0.3126)
(4.6546, -2.4954, 0.968)
(5.182, -2.8282, 0.7247)
(2.7103, -1.566, 2.7528)
(2.0222, -1.3023, 3.1672)
(5.696, -3.2082, 0.5208)
(3.2837, -1.8492, 2.4192)
(3.8138, -2.147, 2.076)
(6.1249, -3.5, 0.2818)
(4.3417, -2.4354, 1.7438)
(6.5908, -3.6052, -0.006)
(4.9031, -2.7102, 1.4625)
(5.4493, -3.0836, 1.221)
(2.1611, -1.8941, 3.1854)
(2.6294, -2.0994, 2.944)
(5.9657, -3.4058, 0.9894)
(3.1882, -2.3627, 2.6584)
(3.7517, -2.6443, 2.3557)
(6.4856, -3.6737, 0.7413)
(4.3087, -2.9198, 2.0415)
(6.9313, -3.7775, 0.4965)
(4.8699, -3.2084, 1.7419)
(5.4395, -3.5727, 1.5349)
(2.0548, -2.4153, 3.163)
(2.4346, -2.6102, 2.929)
(5.9885, -3.8327, 1.3099)
(2.9683, -2.8724, 2.6603)
(3.5385, -3.1534, 2.3852)
(6.5702, -4.0833, 1.0664)
(4.0968, -3.4263, 2.0865)
(2.0179, -2.7346, 3.0343)
(6.9899, -4.2075, 0.852)
(4.6305, -3.7054, 1.7723)
(2.1897, -2.9627, 2.8546)
(2.7589, -3.2349, 2.5636)
(5.1752, -4.0181, 1.5291)
(3.3289, -3.5118, 2.2773)
(5.7433, -4.2901, 1.2443)
(3.8932, -3.7697, 1.9649)
(4.4522, -4.0813, 1.7014)
(6.3353, -4.5511, 1.008)
(5.0036, -4.2764, 1.3355)
(6.7591, -4.6975, 0.898)
(5.5281, -4.5417, 1.0453)
(6.4707, -4.9108, 0.9123)
(6.1502, -4.8967, 0.7559)
(-1.7028, 0.826, -6.0482)
(-1.7666, 1.2021, -5.698)
(-1.5572, 1.5697, -5.2179)
(-1.6948, 2.0696, -4.8536)
(-2.0249, 2.6154, -4.6169)
(-2.2376, 3.196, -4.3223)
(-1.7981, 0.5256, -5.7243)
(-1.9372, 0.9365, -5.3912)
(-1.7603, 1.3347, -4.9138)
(-2.2997, 3.7327, -3.9629)
(-1.8278, 1.8327, -4.5118)
(-2.2477, 4.0157, -3.6528)
(-2.1084, 2.3832, -4.2595)
(-2.3455, 2.9529, -3.9767)
(-2.3784, 3.482, -3.6159)
(-2.2662, 3.8883, -3.3356)
(-1.8863, 0.1529, -5.2949)
(-2.119, 0.5971, -4.9754)
(-2.0211, 1.0646, -4.5037)
(-1.971, 1.5457, -4.0457)
(-2.1545, 2.0775, -3.7971)
(-2.459, 2.6184, -3.5301)
(-2.5078, 3.1425, -3.1756)
(-2.4035, 3.5145, -2.8665)
(-1.9588, -0.2189, -4.8212)
(-2.2682, 0.2262, -4.5282)
(-2.2142, 0.7131, -4.0887)
(-2.1375, 1.1793, -3.6311)
(-2.2528, 1.6906, -3.3931)
(-2.5111, 2.2456, -3.0975)
(-2.5558, 2.8195, -2.812)
(-2.4954, 3.1267, -2.4066)
(-1.9924, -0.5478, -4.32)
(-2.4131, -0.1001, -4.0765)
(-2.5299, 0.4234, -3.7407)
(-2.4053, 0.8467, -3.302)
(-2.2943, 1.3795, -3.0229)
(-2.2805, 1.9357, -2.7457)
(-2.2137, 2.5908, -2.7268)
(-2.0411, 3.1771, -2.8507)
(-1.9536, -0.8033, -3.7743)
(-2.3911, -0.3304, -3.5379)
(-2.6774, 0.2246, -3.2746)
(-2.7665, 0.801, -2.9846)
(-2.6271, 1.372, -2.7155)
(-2.3358, 1.7614, -2.4209)
(-2.1427, 2.2628, -2.4015)
(-2.0026, 2.7508, -2.4834)
(-1.8796, -1.0367, -3.2186)
(-2.3017, -0.5468, -2.9807)
(-2.6475, -0.0025, -2.7378)
(-2.8906, 0.5812, -2.5002)
(-2.9143, 1.1762, -2.2657)
(-2.6684, 1.67, -2.0251)
(-2.2398, 2.039, -1.8766)
(-1.8939, 2.2929, -1.7793)
(-1.7874, -1.2519, -2.6569)
(-2.2146, -0.7642, -2.4214)
(-2.5927, -0.2398, -2.1856)
(-2.8845, 0.3201, -1.9533)
(-2.9809, 0.8997, -1.7181)
(-2.8127, 1.4285, -1.4783)
(-2.415, 1.8191, -1.2774)
(-2.1433, 2.1503, -1.1305)
(-1.6885, -1.4513, -2.0898)
(-2.1441, -0.9845, -1.8605)
(-2.5634, -0.4877, -1.6339)
(-2.877, 0.0573, -1.4041)
(-2.9772, 0.6287, -1.1611)
(-2.8545, 1.1701, -0.9091)
(-2.5728, 1.6326, -0.6821)
(-2.3605, 2.0089, -0.5148)
(-1.6016, -1.6552, -1.5237)
(-2.1067, -1.2247, -1.3054)
(-2.5731, -0.7575, -1.091)
(-2.8899, -0.2103, -0.8588)
(-2.9716, 0.375, -0.6059)
(-2.8871, 0.9435, -0.3426)
(-2.7152, 1.4669, -0.0962)
(-2.5681, 1.8727, 0.0878)
(-1.5516, -1.8957, -0.9718)
(-2.1121, -1.4946, -0.7637)
(-2.6383, -1.0516, -0.56)
(-2.9683, -0.4878, -0.3223)
(-3.0227, 0.1373, -0.0567)
(-2.9636, 0.7476, 0.219)
(-2.8655, 1.3172, 0.4827)
(-2.7656, 1.7487, 0.6873)
(-1.4968, -2.1239, -0.4322)
(-2.0834, -1.7296, -0.2206)
(-2.6567, -1.3058, -0.0122)
(-3.0629, -0.7552, 0.2193)
(-3.1635, -0.0899, 0.4796)
(-3.1165, 0.5682, 0.7625)
(-3.0431, 1.1833, 1.0501)
(-2.9605, 1.6531, 1.2982)
(-1.3191, -2.182, 0.1262)
(-1.8997, -1.8, 0.3392)
(-2.4766, -1.4057, 0.5496)
(-2.9656, -0.9328, 0.7727)
(-3.1671, -0.2932, 1.023)
(-3.2117, 0.3749, 1.2991)
(-3.2291, 1.026, 1.5916)
(-3.23, 1.7356, 1.9774)
(-1.1122, -2.2055, 0.6976)
(-1.6789, -1.8359, 0.9053)
(-2.2387, -1.4615, 1.1068)
(-2.7244, -1.0254, 1.3099)
(-2.991, -0.4444, 1.5288)
(-3.6093, 1.9347, 2.6134)
(-3.1985, 0.1575, 1.7887)
(-3.4234, 0.7633, 2.0233)
(-3.988, 2.0605, 3.2563)
(-3.6942, 1.3625, 2.1967)
(-4.3178, 2.5209, 3.6624)
(-0.9109, -2.236, 1.2796)
(-3.9342, 1.8843, 2.5105)
(-1.4697, -1.87, 1.484)
(-2.0308, -1.5075, 1.6806)
(-2.5805, -1.1216, 1.8642)
(-4.1518, 2.7758, 3.6639)
(-3.0417, -0.64, 2.0178)
(-4.0341, 2.2813, 3.012)
(-3.4363, -0.0987, 2.1665)
(-3.7852, 0.4812, 2.3061)
(-4.0855, 2.612, 3.5123)
(-4.1203, 1.0753, 2.4314)
(-4.0934, 2.9798, 3.7476)
(-4.3803, 1.6729, 2.6259)
(-0.7221, -2.2702, 1.8273)
(-1.2675, -1.8994, 2.0446)
(-1.7936, -1.5069, 2.2607)
(-2.3628, -1.082, 2.4251)
(-4.4575, 2.2448, 2.9496)
(-2.9191, -0.6431, 2.5681)
(-3.4307, -0.1768, 2.6983)
(-4.4125, 2.7421, 3.321)
(-3.8928, 0.3355, 2.8086)
(-0.5946, -2.3023, 2.2136)
(-1.1203, -1.9406, 2.4972)
(-4.3921, 3.1655, 3.5597)
(-4.3116, 0.8869, 2.9032)
(-4.669, 1.4632, 3.0216)
(-2.1414, -0.995, 2.9876)
(-1.4999, -1.5558, 2.9121)
(-4.8718, 2.055, 3.2383)
(-2.6904, -0.5244, 3.1108)
(-3.2266, -0.0769, 3.2468)
(-4.8949, 2.6312, 3.5143)
(-3.7417, 0.3835, 3.3741)
(-4.8782, 3.0717, 3.7439)
(-4.2094, 0.8954, 3.4745)
(-4.6384, 1.4397, 3.5676)
(-1.6064, -1.2676, 3.4527)
(-2.0138, -0.8851, 3.5493)
(-5.0714, 1.9084, 3.7148)
(-2.5021, -0.4207, 3.6682)
(-3.0178, 0.0414, 3.7998)
(-5.2759, 2.44, 3.9207)
(-3.5473, 0.4834, 3.9376)
(-5.353, 2.8904, 4.0873)
(-4.0649, 0.9482, 4.0607)
(-4.5362, 1.482, 4.1509)
(-1.4864, -1.0532, 3.9284)
(-1.8269, -0.7227, 4.0367)
(-5.0307, 1.9258, 4.2611)
(-2.3023, -0.2965, 4.1779)
(-2.8124, 0.1586, 4.316)
(-5.4674, 2.3187, 4.4256)
(-3.3354, 0.6026, 4.456)
(-1.4208, -0.8176, 4.1728)
(-5.7068, 2.7186, 4.5148)
(-3.8655, 1.0486, 4.5883)
(-1.5579, -0.5485, 4.3201)
(-2.0858, -0.1379, 4.5099)
(-4.3769, 1.5394, 4.6631)
(-2.6153, 0.2821, 4.6793)
(-4.8979, 1.9561, 4.7758)
(-3.1439, 0.7156, 4.8277)
(-3.6868, 1.1179, 5.011)
(-5.3774, 2.3193, 4.9465)
(-4.0951, 1.6704, 4.9136)
(-5.709, 2.6373, 5.0208)
(-4.6454, 2.0608, 5.0702)
(-5.4746, 2.588, 5.2545)
(-5.1415, 2.5103, 5.2786)
(1.3542, 4.1635, -3.2324)
(0.7982, 4.4965, -2.9998)
(0.1749, 4.7403, -2.8267)
(-0.4749, 4.9286, -2.6923)
(-1.1472, 5.0079, -2.6646)
(-1.7519, 4.8607, -2.8433)
(1.3458, 3.9256, -2.8625)
(0.7989, 4.2625, -2.625)
(0.1761, 4.5028, -2.4573)
(-2.0953, 4.5167, -3.2344)
(-0.4855, 4.6574, -2.346)
(-2.2485, 4.2019, -3.4761)
(-1.1593, 4.713, -2.3383)
(-1.7523, 4.5406, -2.5417)
(-2.0955, 4.1954, -2.9398)
(-2.2617, 3.8988, -3.3181)
(1.1692, 3.5246, -2.5466)
(0.724, 3.905, -2.2125)
(0.1559, 4.1704, -1.9971)
(-0.5007, 4.2759, -1.9293)
(-1.1504, 4.3022, -1.9864)
(-1.7404, 4.1184, -2.1682)
(-2.1425, 3.8034, -2.5289)
(-2.3962, 3.5237, -2.849)
(0.9155, 3.0838, -2.3358)
(0.5167, 3.4543, -1.9289)
(0.0759, 3.752, -1.5937)
(-0.5106, 3.795, -1.6318)
(-1.0079, 3.8004, -1.9121)
(-1.5914, 3.6823, -1.9734)
(-2.0984, 3.4527, -2.2209)
(-2.4892, 3.1376, -2.3899)
(0.9687, 2.8524, -1.9407)
(0.4517, 3.0909, -1.5926)
(0.0118, 3.2878, -1.3098)
(-0.4657, 3.2915, -1.5184)
(-0.7651, 3.342, -1.9071)
(-1.2814, 3.3789, -2.0767)
(-1.7911, 3.2515, -2.3283)
(-2.0095, 3.1005, -2.7664)
(1.2484, 3.0249, -1.5348)
(0.6922, 3.0717, -1.2204)
(0.2287, 2.9279, -1.1469)
(-0.1709, 2.9862, -1.4399)
(-0.6421, 2.9561, -1.6093)
(-1.1643, 2.9826, -1.7797)
(-1.6577, 2.8755, -2.0351)
(-1.9598, 2.7106, -2.3583)
(1.5454, 2.9728, -1.0639)
(1.004, 2.8821, -0.8592)
(0.5354, 2.649, -0.9995)
(0.0011, 2.7336, -1.0962)
(-0.5718, 2.6689, -1.196)
(-1.1213, 2.6298, -1.3234)
(-1.6285, 2.4984, -1.5234)
(-1.9534, 2.2996, -1.7761)
(1.7075, 2.7225, -0.5838)
(1.1519, 2.6153, -0.4692)
(0.5359, 2.4626, -0.5669)
(-0.1061, 2.4847, -0.6372)
(-0.7126, 2.5835, -0.6789)
(-1.3, 2.5926, -0.7779)
(-1.8173, 2.3998, -0.9481)
(-2.1678, 2.1642, -1.1342)
(1.6508, 2.4341, -0.1151)
(1.0706, 2.6134, 0.0156)
(0.4175, 2.529, -0.0172)
(-0.2381, 2.4132, -0.0855)
(-0.8673, 2.4174, -0.1475)
(-1.4675, 2.4462, -0.2218)
(-2.0, 2.2696, -0.3632)
(-2.369, 2.028, -0.514)
(1.5715, 2.0906, 0.3631)
(0.9932, 2.392, 0.5255)
(0.3282, 2.47, 0.5462)
(-0.3455, 2.4178, 0.4872)
(-0.9907, 2.3547, 0.4153)
(-1.6075, 2.2805, 0.3359)
(-2.1657, 2.1078, 0.2146)
(-2.5661, 1.8925, 0.0932)
(1.5232, 1.7492, 0.8596)
(0.9475, 2.0525, 1.0227)
(0.2746, 2.1644, 1.0492)
(-0.4121, 2.1657, 1.0039)
(-1.0794, 2.1298, 0.9442)
(-1.7233, 2.0599, 0.875)
(-2.3193, 1.9386, 0.7861)
(-2.7609, 1.7658, 0.6991)
(1.4698, 1.4078, 1.3552)
(0.9144, 1.7037, 1.5175)
(0.2395, 1.7682, 1.5063)
(-0.4499, 1.7597, 1.4462)
(-1.1343, 1.7653, 1.4086)
(-1.8054, 1.7817, 1.3877)
(-2.4417, 1.7848, 1.3606)
(-2.9464, 1.6841, 1.3271)
(1.4067, 1.0532, 1.8422)
(0.8817, 1.3541, 2.0124)
(0.2135, 1.3918, 1.977)
(-0.4688, 1.4226, 1.9308)
(-1.1531, 1.4982, 1.9322)
(-1.8303, 1.5997, 1.9471)
(-2.4877, 1.7468, 1.9643)
(-3.2254, 1.7884, 2.0307)
(1.3533, 0.6875, 2.3256)
(0.8487, 1.0191, 2.5149)
(0.1993, 1.1274, 2.5031)
(-0.4555, 1.301, 2.5039)
(-1.1273, 1.4425, 2.5248)
(-3.6052, 1.974, 2.6263)
(-1.7985, 1.5669, 2.5479)
(-2.4254, 1.8225, 2.5719)
(-4.0243, 2.0504, 3.3829)
(-3.0292, 2.0741, 2.6725)
(-4.4048, 2.5195, 3.7432)
(1.2949, 0.3091, 2.7973)
(-3.5629, 2.2221, 3.0241)
(0.7996, 0.6924, 3.0096)
(0.1979, 0.974, 3.0678)
(-0.4309, 1.2501, 3.1016)
(-4.5553, 2.5867, 3.3704)
(-1.0839, 1.4596, 3.1287)
(-3.9851, 2.3587, 3.5038)
(-1.7434, 1.62, 3.1539)
(-2.3409, 1.929, 3.176)
(-4.3194, 2.5408, 3.6415)
(-2.8657, 2.3002, 3.2402)
(-4.3933, 2.747, 3.307)
(-3.4053, 2.4802, 3.4945)
(1.188, -0.0826, 3.192)
(0.6707, 0.2891, 3.4061)
(0.1208, 0.6419, 3.5623)
(-0.4664, 1.0359, 3.6575)
(-3.9407, 2.6989, 3.802)
(-1.0786, 1.3819, 3.7134)
(-1.7058, 1.6625, 3.7479)
(-4.3744, 2.9578, 3.882)
(-2.3022, 1.9949, 3.7822)
(1.0827, -0.3842, 3.4365)
(0.5282, -0.073, 3.6773)
(-4.3458, 3.2075, 3.5807)
(-2.8417, 2.3958, 3.8591)
(-3.399, 2.6846, 4.0623)
(-0.6433, 0.6591, 4.0892)
(-0.0379, 0.0777, 3.9699)
(-3.8985, 2.9739, 4.2389)
(-1.2114, 1.0971, 4.1988)
(-1.792, 1.4862, 4.2841)
(-4.3701, 3.3414, 4.3059)
(-2.3787, 1.8641, 4.3521)
(-4.5005, 3.6154, 4.0445)
(-2.9514, 2.2738, 4.4499)
(-3.519, 2.6869, 4.6285)
(-0.536, -0.1116, 4.2395)
(-0.9606, 0.2479, 4.3493)
(-4.0345, 3.0854, 4.7885)
(-1.4818, 0.667, 4.4835)
(-2.0277, 1.0843, 4.6216)
(-4.4372, 3.4943, 4.8512)
(-2.5772, 1.4904, 4.7604)
(-4.7063, 3.7066, 4.6537)
(-3.1246, 1.9036, 4.9158)
(-3.6729, 2.3672, 5.0462)
(-0.9211, -0.4625, 4.3318)
(-1.3092, -0.1744, 4.4071)
(-4.1755, 2.8208, 5.2062)
(-1.8121, 0.2176, 4.5523)
(-2.3412, 0.6325, 4.7262)
(-4.5644, 3.2583, 5.3012)
(-2.8672, 1.0421, 4.9163)
(-1.2279, -0.6183, 4.3206)
(-4.8255, 3.5926, 5.2623)
(-3.3864, 1.4448, 5.0791)
(-1.5531, -0.5308, 4.3331)
(-2.0814, -0.1211, 4.5246)
(-3.8925, 1.8902, 5.0618)
(-2.6115, 0.2958, 4.6963)
(-4.4041, 2.3714, 5.2143)
(-3.1381, 0.7232, 4.8459)
(-3.6651, 1.1256, 5.0334)
(-4.8013, 2.8243, 5.4085)
(-4.0777, 1.6618, 4.8734)
(-4.9751, 3.204, 5.5628)
(-4.6427, 2.0291, 5.0034)
(-5.0506, 2.8615, 5.4671)
(-5.1187, 2.5357, 5.2954)
(6.2508, -5.0758, 0.2608)
(5.5613, -3.5773, -0.0442)
(5.6767, -3.2978, -0.2437)
(5.7465, -3.3811, -0.616)
(5.8784, -3.8931, -0.6501)
(6.0572, -4.4369, -0.447)
(6.2241, -4.8927, -0.1267)
(-1.7508, 0.6829, -5.8958)
(-1.8435, 0.345, -5.5206)
(-1.9254, -0.0365, -5.0608)
(-1.9835, -0.3918, -4.5757)
(-1.9804, -0.682, -4.0509)
(-1.9193, -0.9216, -3.4968)
(-1.8352, -1.1468, -2.9386)
(-1.7379, -1.3527, -2.3738)
(-1.6417, -1.5504, -1.8058)
(-1.5719, -1.7703, -1.2454)
(-1.5344, -2.0243, -0.7025)
(-1.4198, -2.1689, -0.1555)
(-1.2149, -2.1926, 0.4106)
(-1.0114, -2.2201, 0.9875)
(-0.8111, -2.253, 1.5683)
(-0.6525, -2.2865, 2.0357)
(-1.5479, 0.4589, -5.7215)
(-1.618, 0.0581, -5.3208)
(-1.6755, -0.3366, -4.8701)
(-1.7069, -0.7018, -4.4015)
(-1.6866, -0.9906, -3.8754)
(-1.6314, -1.2457, -3.3288)
(-1.5451, -1.4683, -2.7699)
(-1.4418, -1.6648, -2.2024)
(-1.3405, -1.8588, -1.6346)
(-1.2702, -2.0906, -1.0809)
(-1.2038, -2.3178, -0.5412)
(-1.0284, -2.3715, 0.0185)
(-0.8278, -2.3894, 0.5917)
(-0.6314, -2.4174, 1.1745)
(-0.4423, -2.4517, 1.7261)
(-0.3057, -2.4802, 2.1287)
(-1.4749, 0.7826, -6.019)
(-0.8841, 0.8436, -5.7266)
(-0.3882, 0.624, -5.6333)
(0.1461, 0.2853, -5.7074)
(0.7571, 0.3832, -5.6961)
(1.3379, 0.7399, -5.6411)
(1.821, 1.016, -5.5424)
(6.1681, -4.9919, 0.5788)
(5.8533, -4.7506, 0.881)
(5.2987, -4.4458, 1.1873)
(4.7392, -4.2003, 1.5217)
(4.173, -3.9484, 1.8253)
(3.6088, -3.6589, 2.1072)
(3.0397, -3.3885, 2.4047)
(2.4676, -3.1125, 2.6948)
(2.0103, -2.9488, 2.8764)
(1.8646, 0.851, -5.1601)
(1.3715, 0.5922, -5.2516)
(0.7582, 0.3179, -5.3008)
(0.096, 0.2391, -5.2951)
(-0.4951, 0.4471, -5.2682)
(-0.9912, 0.5451, -5.4378)
(1.8774, 0.581, -4.6713)
(1.3597, 0.5111, -4.7411)
(0.7065, 0.3749, -4.816)
(0.0425, 0.2972, -4.7847)
(-0.5841, 0.27, -4.8126)
(-1.0957, 0.1522, -5.0682)
(1.8129, 0.3298, -4.278)
(1.3545, 0.2746, -4.3532)
(0.7817, 0.0768, -4.4562)
(0.1533, -0.0269, -4.3991)
(-0.4771, -0.1369, -4.4766)
(-1.0752, -0.3082, -4.7325)
(1.511, 0.4001, -4.2299)
(1.098, 0.1634, -4.1806)
(0.7167, -0.2419, -4.1294)
(0.2344, -0.5441, -4.1741)
(-0.4122, -0.6766, -4.3149)
(-1.0685, -0.7955, -4.4376)
(1.4024, 0.1751, -3.7598)
(1.0418, -0.1166, -3.7211)
(0.6658, -0.5708, -3.6726)
(0.2178, -0.9322, -3.7747)
(-0.4086, -1.1233, -3.952)
(-1.0661, -1.1881, -4.0033)
(1.4098, -0.1512, -3.1262)
(1.1133, -0.5459, -3.2673)
(0.6915, -0.9216, -3.2813)
(0.1651, -1.1914, -3.3023)
(-0.42, -1.4516, -3.4727)
(-1.0432, -1.5109, -3.4972)
(1.631, -0.5883, -2.6778)
(1.2659, -0.9485, -2.8134)
(0.8158, -1.3333, -2.938)
(0.2859, -1.6315, -3.017)
(-0.3358, -1.8207, -3.0488)
(-0.9774, -1.7808, -2.964)
(1.8811, -1.0268, -2.2651)
(1.4612, -1.3363, -2.3633)
(0.958, -1.6797, -2.4761)
(0.4024, -1.9561, -2.5504)
(-0.237, -2.0936, -2.5329)
(-0.8815, -1.996, -2.4066)
(2.1311, -1.4481, -1.8526)
(1.6628, -1.7059, -1.9144)
(1.0958, -1.978, -1.9742)
(0.4994, -2.2141, -2.0166)
(-0.1481, -2.3408, -1.9902)
(-0.7819, -2.2084, -1.848)
(2.3888, -1.8566, -1.4454)
(1.876, -2.084, -1.4911)
(1.2597, -2.3365, -1.5291)
(0.6182, -2.5713, -1.5511)
(-0.0569, -2.6593, -1.4874)
(-0.6954, -2.4592, -1.3053)
(2.6729, -2.2521, -1.0452)
(2.0941, -2.4727, -1.0949)
(1.4327, -2.7272, -1.1223)
(0.7425, -2.9495, -1.1021)
(0.0389, -2.9663, -0.9781)
(-0.6092, -2.6988, -0.7667)
(5.3002, -3.6963, -0.0547)
(4.8715, -3.5101, -0.1844)
(4.3178, -3.1133, -0.3638)
(3.7091, -2.7248, -0.5138)
(2.9761, -2.669, -0.6851)
(2.2725, -2.8559, -0.6873)
(1.5773, -3.045, -0.6542)
(0.8674, -3.1699, -0.5735)
(0.1806, -3.0682, -0.4113)
(-0.4412, -2.7463, -0.1984)
(5.4152, -3.4043, -0.0642)
(4.9138, -3.2434, -0.1545)
(4.3828, -3.1005, -0.3875)
(3.7955, -3.0635, -0.4826)
(3.1073, -3.0862, -0.3988)
(2.4105, -3.1599, -0.2732)
(1.7159, -3.2002, -0.1422)
(1.0215, -3.1792, -0.0072)
(0.3561, -3.0362, 0.166)
(-0.2529, -2.7461, 0.3767)
(5.4804, -3.2663, -0.4345)
(4.9498, -3.2942, -0.4467)
(4.427, -3.2576, -0.3434)
(3.8725, -3.197, -0.1406)
(3.1974, -3.1793, 0.0098)
(2.5185, -3.1708, 0.1678)
(1.8437, -3.1499, 0.3344)
(1.1777, -3.1176, 0.5183)
(0.5337, -3.0072, 0.73)
(-0.066, -2.7558, 0.9564)
(5.6043, -3.6609, -0.5912)
(5.1216, -3.6561, -0.3568)
(4.531, -3.6282, -0.1967)
(3.8923, -3.6357, -0.0696)
(3.2336, -3.6177, 0.1561)
(2.5844, -3.5724, 0.4082)
(1.946, -3.486, 0.6772)
(1.3205, -3.3483, 0.9772)
(0.7098, -3.1132, 1.2886)
(0.124, -2.7967, 1.5344)
(5.8002, -4.1481, -0.3937)
(5.3357, -4.0999, -0.1085)
(4.7116, -4.0522, 0.0805)
(4.0468, -4.0401, 0.2569)
(3.395, -3.9987, 0.525)
(2.778, -3.8704, 0.8349)
(2.1774, -3.6721, 1.1518)
(1.5819, -3.4186, 1.4842)
(0.984, -3.1268, 1.8331)
(0.3153, -2.8039, 2.0606)
(5.9616, -4.6642, -0.1851)
(5.5092, -4.5819, 0.0981)
(4.9529, -4.4364, 0.3935)
(4.3157, -4.306, 0.6938)
(3.6646, -4.1638, 1.0144)
(3.0667, -3.9474, 1.3388)
(2.4791, -3.7024, 1.6589)
(1.8971, -3.4377, 1.9749)
(1.3889, -3.1842, 2.2475)
(6.1037, -4.9832, 0.213)
(5.6912, -4.8347, 0.5022)
(5.1672, -4.5877, 0.8217)
(4.5726, -4.3396, 1.1602)
(3.9571, -4.0989, 1.4865)
(3.3738, -3.8326, 1.7927)
(2.796, -3.5711, 2.1014)
(2.2247, -3.3061, 2.3986)
(1.747, -3.1011, 2.6374)
(1.3796, -3.0667, 2.5575)
(1.8037, -3.265, 2.338)
(2.3522, -3.5212, 2.0505)
(2.9333, -3.7796, 1.7383)
(3.5189, -4.0315, 1.4217)
(4.1263, -4.2611, 1.1002)
(4.7751, -4.4435, 0.7654)
(5.3418, -4.6607, 0.4433)
(5.8364, -4.8201, 0.135)
(0.918, -3.0206, 2.2)
(1.4509, -3.2983, 1.8949)
(2.029, -3.5754, 1.5706)
(2.6174, -3.8263, 1.2482)
(3.2155, -4.0315, 0.9255)
(3.839, -4.1669, 0.6116)
(4.5103, -4.2205, 0.3415)
(5.1334, -4.3075, 0.1107)
(5.6807, -4.3845, -0.1558)
(-0.0779, -2.6412, 1.8649)
(0.5226, -2.9635, 1.7154)
(1.1345, -3.2748, 1.3983)
(1.7418, -3.5142, 1.0582)
(2.3528, -3.6892, 0.745)
(2.9779, -3.8016, 0.4498)
(3.6188, -3.852, 0.174)
(4.2818, -3.8483, -0.0233)
(4.9316, -3.8436, -0.1199)
(5.4926, -3.8977, -0.3686)
(-0.253, -2.6104, 1.3584)
(0.3169, -2.9274, 1.1353)
(0.9253, -3.1587, 0.878)
(1.563, -3.2612, 0.6233)
(2.2154, -3.3196, 0.3957)
(2.8784, -3.3541, 0.1906)
(3.5462, -3.3767, -0.0043)
(4.1902, -3.4054, -0.1889)
(4.7386, -3.4431, -0.3789)
(5.2924, -3.4448, -0.5129)
(-0.4467, -2.5797, 0.7745)
(0.1367, -2.8933, 0.5556)
(0.7699, -3.0834, 0.3514)
(1.4431, -3.1431, 0.1876)
(2.1283, -3.16, 0.0386)
(2.8155, -3.1429, -0.1088)
(3.5032, -3.12, -0.2479)
(4.1478, -3.1295, -0.3532)
(4.6483, -3.1821, -0.361)
(5.2004, -3.2592, -0.2467)
(-0.6385, -2.5643, 0.1967)
(-0.0471, -2.9161, -0.0176)
(0.5954, -3.1621, -0.2146)
(1.2943, -3.193, -0.3506)
(1.9958, -3.1079, -0.4457)
(2.6964, -2.9786, -0.5253)
(3.4126, -2.8824, -0.5619)
(4.0646, -3.0049, -0.4776)
(4.6274, -3.2081, -0.2581)
(5.1467, -3.4818, -0.0376)
(-0.8319, -2.5525, -0.374)
(-0.2236, -2.9114, -0.5957)
(0.4474, -3.1068, -0.7872)
(1.1595, -3.0048, -0.8823)
(1.8502, -2.7809, -0.8979)
(2.5194, -2.5512, -0.8766)
(3.1464, -2.354, -0.8218)
(-0.9544, -2.4102, -0.9239)
(-0.3471, -2.7442, -1.1464)
(0.335, -2.8372, -1.3028)
(1.0194, -2.6582, -1.3364)
(1.6707, -2.4074, -1.3123)
(2.278, -2.1588, -1.2699)
(2.745, -1.9624, -1.2162)
(-1.0233, -2.1578, -1.4661)
(-0.4304, -2.4486, -1.6683)
(0.2321, -2.4635, -1.7706)
(0.8695, -2.2678, -1.7621)
(1.4741, -2.0235, -1.7213)
(2.0343, -1.7663, -1.6738)
(2.4562, -1.5507, -1.6221)
(-1.1204, -1.9468, -2.026)
(-0.5203, -2.1935, -2.2067)
(0.1364, -2.1676, -2.2814)
(0.7454, -1.9629, -2.2575)
(1.2965, -1.6782, -2.1803)
(1.8028, -1.3721, -2.0967)
(2.1852, -1.1171, -2.0218)
(-1.2271, -1.7537, -2.593)
(-0.6141, -1.9684, -2.7597)
(0.0416, -1.9119, -2.8177)
(0.6332, -1.6819, -2.776)
(1.1273, -1.3337, -2.6544)
(1.5757, -0.9654, -2.5262)
(1.9197, -0.6695, -2.4224)
(-1.3186, -1.5361, -3.1522)
(-0.6991, -1.6909, -3.2753)
(-0.083, -1.5287, -3.2131)
(0.4895, -1.2691, -3.1205)
(0.9766, -0.958, -3.103)
(1.3568, -0.5425, -2.959)
(1.6308, -0.1997, -2.8171)
(-1.3753, -1.2724, -3.6929)
(-0.7342, -1.3616, -3.7653)
(-0.1173, -1.1752, -3.6167)
(0.4459, -0.9123, -3.4629)
(0.8658, -0.5389, -3.4849)
(1.25, -0.1309, -3.467)
(1.4924, 0.1498, -3.3911)
(-1.3963, -0.9663, -4.2095)
(-0.7341, -0.9815, -4.2218)
(-0.0784, -0.8438, -4.0818)
(0.5027, -0.6312, -3.9386)
(0.8403, -0.1502, -3.9203)
(1.2517, 0.2028, -4.0319)
(1.5903, 0.4262, -4.0427)
(-1.382, -0.582, -4.6471)
(-0.753, -0.4853, -4.4997)
(-0.1113, -0.3373, -4.3195)
(0.5014, -0.213, -4.2906)
(1.0025, 0.0665, -4.3045)
(1.4542, 0.3221, -4.2498)
(1.8703, 0.3617, -4.2903)
(-1.3522, -0.1478, -5.0375)
(-0.8393, 0.029, -4.7264)
(-0.2265, 0.1413, -4.5658)
(0.405, 0.2235, -4.5913)
(1.0783, 0.3103, -4.6008)
(1.6418, 0.4515, -4.4308)
(2.0869, 0.3401, -4.4852)
(-1.2965, 0.2825, -5.4349)
(-0.8233, 0.4118, -5.0993)
(-0.2597, 0.3075, -5.0425)
(0.3852, 0.3111, -5.0427)
(1.054, 0.4508, -5.0513)
(1.6363, 0.6653, -4.9453)
(2.0898, 0.7654, -4.9264)
(-1.2153, 0.6577, -5.7565)
(-0.679, 0.6776, -5.4711)
(-0.1784, 0.3503, -5.4999)
(0.4511, 0.2362, -5.5097)
(1.0711, 0.4828, -5.499)
(1.6243, 0.8135, -5.408)
(2.0429, 1.051, -5.3202)
(1.7019, -2.9816, 2.8421)
(2.0976, -3.0984, 2.6822)
(2.6387, -3.3466, 2.4135)
(3.2121, -3.6144, 2.1148)
(3.7852, -3.8846, 1.8128)
(4.3653, -4.1631, 1.5183)
(4.9591, -4.4017, 1.1802)
(5.511, -4.685, 0.854)
(5.9952, -4.9326, 0.5506)
(6.617, -4.8428, 0.9141)
(5.5725, -3.9661, -0.1762)
(5.907, -3.7796, -0.3225)
(6.3566, -3.5784, -0.2014)
(6.789, -3.6654, 0.2415)
(7.0017, -3.9648, 0.713)
(6.8963, -4.47, 0.895)
(1.3631, 4.0593, -3.0462)
(1.2815, 3.7423, -2.6881)
(1.0253, 3.2971, -2.4487)
(0.8999, 2.9159, -2.1543)
(1.0943, 2.9248, -1.739)
(1.4047, 3.0393, -1.3064)
(1.6534, 2.8585, -0.8219)
(1.6962, 2.5833, -0.3492)
(1.6066, 2.2664, 0.1216)
(1.5456, 1.9184, 0.61)
(1.4984, 1.5797, 1.1084)
(1.4382, 1.2322, 1.5995)
(1.3784, 0.8712, 2.0841)
(1.3286, 0.502, 2.5655)
(1.2451, 0.1075, 3.0117)
(1.1339, -0.2427, 3.3273)
(1.5876, 3.7308, -3.0032)
(1.354, 3.3277, -2.75)
(1.1205, 2.8975, -2.5318)
(1.2423, 2.7413, -2.1102)
(1.5235, 2.9324, -1.7026)
(1.7937, 2.8589, -1.223)
(1.9298, 2.5913, -0.7206)
(1.8843, 2.2427, -0.2442)
(1.8076, 1.8811, 0.2337)
(1.7377, 1.5313, 0.7213)
(1.6396, 1.1776, 1.1983)
(1.5379, 0.8165, 1.6705)
(1.4884, 0.4503, 2.1505)
(1.4715, 0.0836, 2.6316)
(1.4243, -0.2807, 3.0615)
(1.3447, -0.5805, 3.3409)
(1.5892, 3.9456, -3.3568)
(1.9365, 3.3978, -3.5649)
(2.2079, 2.7772, -3.676)
(2.4716, 2.2882, -3.9672)
(2.7238, 1.9759, -4.5143)
(2.6764, 1.65, -5.0067)
(2.3463, 1.3333, -5.3211)
(6.3136, -4.9187, 0.8518)
(5.8392, -4.7192, 0.9006)
(5.2658, -4.409, 1.1904)
(4.7279, -4.1788, 1.5184)
(4.1727, -3.9255, 1.8332)
(3.611, -3.6408, 2.1211)
(3.0439, -3.3734, 2.4204)
(2.4743, -3.0988, 2.7091)
(2.0865, -2.8529, 2.9471)
(2.2847, 1.0649, -5.0053)
(2.6638, 1.3594, -4.6893)
(2.855, 1.7809, -4.2677)
(2.7098, 2.2717, -3.8586)
(2.3985, 2.7837, -3.5482)
(2.0174, 3.2861, -3.2861)
(2.2898, 0.6606, -4.5972)
(2.6413, 0.969, -4.2823)
(2.7488, 1.4356, -3.8936)
(2.5194, 1.9783, -3.6131)
(2.1407, 2.4809, -3.4182)
(1.7242, 2.9206, -3.1438)
(2.196, 0.3759, -4.2065)
(2.4718, 0.7225, -3.8765)
(2.5332, 1.1834, -3.4583)
(2.3749, 1.7176, -3.1751)
(2.0373, 2.1766, -3.067)
(1.5635, 2.5234, -2.88)
(1.8626, 0.5556, -4.0229)
(2.0881, 0.8316, -3.6415)
(2.1451, 1.1196, -3.1449)
(2.0375, 1.4986, -2.8184)
(1.959, 2.0635, -2.7002)
(1.7351, 2.4822, -2.4432)
(1.6948, 0.3863, -3.5747)
(1.8847, 0.675, -3.2082)
(1.9227, 0.9453, -2.6988)
(1.8711, 1.3261, -2.3868)
(1.8786, 1.9585, -2.2518)
(1.8507, 2.5516, -1.9987)
(1.6565, 0.0647, -2.9642)
(1.8442, 0.3845, -2.6444)
(2.0139, 0.7533, -2.2335)
(2.175, 1.2026, -2.0207)
(2.2101, 1.8138, -1.8706)
(2.1127, 2.4012, -1.5538)
(1.9222, -0.3243, -2.5457)
(2.1478, 0.0507, -2.2773)
(2.4006, 0.5106, -1.996)
(2.5567, 1.0054, -1.747)
(2.4664, 1.5614, -1.4269)
(2.2574, 2.1075, -1.0639)
(2.1894, -0.7414, -2.1387)
(2.4321, -0.3312, -1.9047)
(2.6297, 0.171, -1.6198)
(2.6466, 0.6888, -1.3005)
(2.4824, 1.2237, -0.9394)
(2.2363, 1.756, -0.5737)
(2.4361, -1.1575, -1.7297)
(2.6152, -0.7197, -1.4833)
(2.6774, -0.199, -1.1667)
(2.5656, 0.3246, -0.8293)
(2.376, 0.8579, -0.4688)
(2.1503, 1.392, -0.0953)
(2.6749, -1.5633, -1.316)
(2.7159, -1.1053, -1.048)
(2.6064, -0.5788, -0.72)
(2.3928, -0.0525, -0.3923)
(2.1845, 0.4845, -0.0311)
(2.0084, 1.0238, 0.3631)
(2.9345, -1.9327, -0.8794)
(2.7853, -1.4603, -0.5965)
(2.531, -0.9424, -0.2704)
(2.2647, -0.4102, 0.0566)
(2.0169, 0.124, 0.4114)
(1.8327, 0.6542, 0.807)
(5.3014, -3.8615, -0.0489)
(4.925, -3.5941, -0.1601)
(4.3649, -3.1579, -0.3287)
(3.7566, -2.7264, -0.4796)
(3.3132, -2.2024, -0.4284)
(2.9958, -1.6957, -0.1024)
(2.6684, -1.1988, 0.2361)
(2.381, -0.6682, 0.5696)
(2.0614, -0.1693, 0.9128)
(1.7442, 0.3066, 1.2784)
(5.5544, -3.8696, -0.1482)
(5.1229, -3.625, -0.0031)
(4.6551, -3.1345, -0.0802)
(4.1786, -2.6569, -0.1341)
(3.7087, -2.2511, 0.0741)
(3.2953, -1.8196, 0.4094)
(2.9256, -1.3629, 0.7572)
(2.6097, -0.8541, 1.0963)
(2.2343, -0.3977, 1.4407)
(1.7941, -0.0007, 1.7803)
(5.9081, -3.6252, -0.1429)
(5.5048, -3.4545, 0.1201)
(5.079, -3.0008, 0.2022)
(4.5706, -2.596, 0.3137)
(4.0744, -2.2677, 0.5872)
(3.6185, -1.8919, 0.9223)
(3.203, -1.4936, 1.2786)
(2.8199, -1.0485, 1.6269)
(2.3766, -0.6539, 1.974)
(1.8762, -0.3133, 2.2948)
(6.3519, -3.5686, 0.1416)
(5.9142, -3.376, 0.4083)
(5.448, -3.0177, 0.6223)
(4.9155, -2.6572, 0.8395)
(4.4015, -2.33, 1.1096)
(3.9141, -1.9949, 1.4357)
(3.4465, -1.6523, 1.7943)
(2.9658, -1.3059, 2.1511)
(2.4354, -0.9813, 2.4994)
(1.9035, -0.655, 2.7965)
(6.7162, -3.7412, 0.6181)
(6.2303, -3.5545, 0.8665)
(5.7076, -3.252, 1.1063)
(5.1809, -2.8926, 1.3385)
(4.6203, -2.5648, 1.5965)
(4.0743, -2.2955, 1.9057)
(3.5527, -1.9972, 2.2481)
(3.0017, -1.7048, 2.5877)
(2.4071, -1.4332, 2.9216)
(1.833, -1.0382, 3.1999)
(6.7974, -4.1587, 0.9561)
(6.2881, -3.9654, 1.1866)
(5.71, -3.7108, 1.4277)
(5.1573, -3.3936, 1.6323)
(4.5874, -3.0546, 1.8828)
(4.0304, -2.7838, 2.2002)
(3.4719, -2.5033, 2.5082)
(2.9017, -2.2253, 2.8057)
(2.3863, -1.9914, 3.0687)
(6.5646, -4.6359, 0.942)
(6.0502, -4.4289, 1.1116)
(5.4526, -4.1566, 1.3902)
(4.9011, -3.8629, 1.6486)
(4.3646, -3.5616, 1.9235)
(3.8207, -3.2911, 2.2407)
(3.2539, -3.0133, 2.5236)
(2.6871, -2.7347, 2.7974)
(2.2303, -2.5066, 3.0494)
(2.1203, -2.176, 3.1868)
(2.5393, -2.3693, 2.9543)
(3.0845, -2.6308, 2.6817)
(3.6537, -2.9119, 2.3974)
(4.2125, -3.1863, 2.0924)
(4.7569, -3.4726, 1.7815)
(5.3158, -3.8161, 1.5669)
(5.8794, -4.0768, 1.3143)
(6.4729, -4.3291, 1.0727)
(2.1325, -1.5943, 3.17)
(2.684, -1.8254, 2.8798)
(3.257, -2.0953, 2.5704)
(3.8075, -2.3818, 2.2462)
(4.3545, -2.6597, 1.9229)
(4.9244, -2.9374, 1.6358)
(5.4868, -3.3126, 1.4136)
(6.0165, -3.5992, 1.1911)
(6.5735, -3.8562, 0.9454)
(1.6333, -0.6391, 3.107)
(2.136, -1.0311, 2.8915)
(2.719, -1.336, 2.5622)
(3.2669, -1.6411, 2.2141)
(3.7693, -1.958, 1.8589)
(4.2708, -2.2698, 1.5177)
(4.8034, -2.5689, 1.2306)
(5.3368, -2.9261, 0.9834)
(5.8527, -3.2743, 0.7522)
(6.3263, -3.554, 0.5043)
(1.6619, -0.3046, 2.7037)
(2.159, -0.6409, 2.4048)
(2.6684, -0.9792, 2.0691)
(3.1246, -1.3585, 1.7161)
(3.5487, -1.7518, 1.3602)
(4.0105, -2.1026, 1.0064)
(4.4879, -2.4605, 0.7027)
(5.0153, -2.7713, 0.467)
(5.5111, -3.2045, 0.3286)
(5.9109, -3.5098, 0.1131)
(1.6292, 0.0398, 2.2063)
(2.0796, -0.332, 1.8737)
(2.5292, -0.7231, 1.5346)
(2.8955, -1.1858, 1.1882)
(3.247, -1.6595, 0.8446)
(3.6773, -2.0512, 0.4901)
(4.1251, -2.4527, 0.1878)
(4.6332, -2.8079, 0.0241)
(5.0761, -3.3385, 0.0822)
(5.5152, -3.6899, -0.0396)
(1.6086, 0.3836, 1.7135)
(1.9438, -0.0693, 1.3497)
(2.331, -0.5145, 1.0033)
(2.6387, -1.0274, 0.6643)
(2.9559, -1.5369, 0.3268)
(3.3289, -1.998, -0.0192)
(3.7194, -2.484, -0.2925)
(4.2376, -2.9075, -0.273)
(4.7498, -3.4151, -0.1318)
(5.2382, -3.7917, -0.0604)
(1.68, 0.7376, 1.2386)
(1.879, 0.2184, 0.8422)
(2.157, -0.2877, 0.478)
(2.4325, -0.8209, 0.1414)
(2.7222, -1.3434, -0.1876)
(3.008, -1.8418, -0.5132)
(3.1993, -2.3429, -0.796)
(1.8265, 1.1022, 0.7819)
(1.995, 0.5696, 0.3815)
(2.188, 0.0291, -0.0006)
(2.4317, -0.5054, -0.339)
(2.6598, -1.0314, -0.6621)
(2.7896, -1.5377, -0.977)
(2.7744, -1.9553, -1.2053)
(1.9544, 1.4658, 0.3178)
(2.191, 0.9415, -0.0548)
(2.3847, 0.4025, -0.433)
(2.5795, -0.1261, -0.7763)
(2.6887, -0.6507, -1.1055)
(2.6259, -1.1557, -1.4102)
(2.4777, -1.5485, -1.6226)
(2.0413, 1.8271, -0.161)
(2.3289, 1.3106, -0.5146)
(2.539, 0.7743, -0.8832)
(2.67, 0.2475, -1.2307)
(2.6243, -0.2716, -1.5514)
(2.4242, -0.757, -1.8263)
(2.2049, -1.1209, -2.0282)
(2.1071, 2.1908, -0.6421)
(2.3892, 1.67, -0.9993)
(2.5829, 1.1274, -1.3669)
(2.6289, 0.5979, -1.6976)
(2.4225, 0.1059, -1.9581)
(2.1884, -0.3555, -2.2355)
(1.9299, -0.6816, -2.4387)
(2.0721, 2.5221, -1.1369)
(2.3068, 1.9888, -1.4896)
(2.3987, 1.4091, -1.7979)
(2.3231, 0.8581, -1.9803)
(2.0657, 0.4422, -2.2668)
(1.8842, 0.0229, -2.6083)
(1.6273, -0.2351, -2.8436)
(1.8686, 2.7571, -1.631)
(2.0094, 2.2072, -1.9237)
(2.0005, 1.5771, -2.1498)
(1.9528, 1.0105, -2.256)
(1.8827, 0.7136, -2.6897)
(1.753, 0.3577, -3.1063)
(1.5202, 0.1466, -3.3985)
(1.6198, 2.7089, -2.0672)
(1.8758, 2.2962, -2.3561)
(1.8755, 1.7075, -2.5613)
(1.9523, 1.1696, -2.7108)
(2.0108, 0.9468, -3.2228)
(1.8714, 0.6252, -3.6536)
(1.6328, 0.4473, -4.0226)
(1.3896, 2.6166, -2.5096)
(1.8513, 2.2957, -2.8044)
(2.1276, 1.8761, -2.9412)
(2.2936, 1.346, -3.1003)
(2.3457, 0.9702, -3.5397)
(2.1685, 0.5864, -3.9472)
(1.8905, 0.3624, -4.274)
(1.3941, 2.8974, -2.8589)
(1.8225, 2.4974, -3.1742)
(2.2844, 2.0962, -3.3218)
(2.5742, 1.5553, -3.5094)
(2.6756, 1.0276, -3.857)
(2.4375, 0.6111, -4.2446)
(2.1071, 0.3419, -4.4836)
(1.6956, 3.3469, -3.0416)
(2.095, 2.9018, -3.3646)
(2.476, 2.4055, -3.6306)
(2.7607, 1.878, -3.9161)
(2.7957, 1.3751, -4.298)
(2.47, 1.0019, -4.6724)
(2.1098, 0.7652, -4.9259)
(1.8274, 3.6233, -3.2963)
(2.1865, 3.0888, -3.5108)
(2.5053, 2.5456, -3.7324)
(2.7423, 2.0942, -4.1532)
(2.7983, 1.7023, -4.6416)
(2.4832, 1.3478, -5.0339)
(2.1465, 1.0958, -5.2857)
(2.012, -2.5959, 3.1095)
(2.3331, -2.8041, 2.8882)
(2.8602, -3.0678, 2.617)
(3.4301, -3.3462, 2.3382)
(3.9904, -3.6166, 2.0394)
(4.5311, -3.8976, 1.7364)
(5.0737, -4.1671, 1.4478)
(5.6322, -4.4408, 1.1491)
(6.2156, -4.7206, 0.9183)
(1.5439, 0.281, -3.7635)
(1.6792, 0.5925, -4.3017)
(2.0872, 0.9801, -5.1461)
(5.1494, -3.743, -0.028)
(4.6471, -3.3613, -0.3165)
(3.4302, -2.5412, -0.6173)
(2.9155, -2.1556, -1.0005)
(4.0356, -2.9099, -0.3761)
(2.0602, -0.9008, -2.2264)
(1.7893, -0.4502, -2.6347)
(6.142, -4.9009, 0.7453)
(2.0816, 0.1315, -4.2626)
(5.5505, -4.5689, 1.0362)
(5.0141, -4.2859, 1.3415)
(4.453, -4.0933, 1.6987)
(3.8926, -3.7806, 1.9598)
(2.6039, -1.7621, -1.421)
(3.3272, -3.519, 2.2685)
(2.7564, -3.2429, 2.5566)
(1.4688, 0.0155, -3.026)
(2.1855, -2.9684, 2.8473)
(2.1124, 0.5506, -4.7063)
(2.3299, -1.3371, -1.8236)
(-5.6111, 2.614, 5.176)
(-4.0899, 2.8774, 3.7293)
(-4.2018, 3.0935, 3.6502)
(-4.6273, 3.1473, 3.6046)
(-5.1219, 2.983, 3.9088)
(-5.562, 2.7971, 4.2844)
(-5.7502, 2.668, 4.7806)
(-1.9294, 0.7089, -5.5995)
(-2.0569, 0.3511, -5.1688)
(-2.164, -0.018, -4.7008)
(-2.2347, -0.3439, -4.2088)
(-2.1892, -0.5809, -3.66)
(-2.1015, -0.8009, -3.1013)
(-2.0085, -1.0145, -2.54)
(-1.9209, -1.2224, -1.9751)
(-1.8565, -1.4431, -1.4136)
(-1.8319, -1.6972, -0.866)
(-1.7891, -1.9277, -0.3252)
(-1.6093, -1.9915, 0.2332)
(-1.3958, -2.0207, 0.8023)
(-1.1903, -2.0529, 1.3828)
(-0.9985, -2.0864, 1.9338)
(-0.8687, -2.125, 2.338)
(-1.7975, 0.9906, -5.9218)
(-1.6512, 1.384, -5.4521)
(-1.5781, 1.8042, -5.0155)
(-1.8597, 2.3394, -4.7305)
(-2.1516, 2.9033, -4.4824)
(-2.2879, 3.4806, -4.1419)
(-2.2755, 3.9229, -3.8034)
(-5.3138, 2.5521, 5.2795)
(-4.8935, 2.2855, 5.1744)
(-4.3703, 1.8656, 4.9919)
(-3.8909, 1.3942, 4.9623)
(-3.4153, 0.9167, 4.9193)
(-2.8796, 0.4988, 4.7535)
(-2.3505, 0.0721, 4.5946)
(-1.8219, -0.3432, 4.415)
(-1.4722, -0.6855, 4.2505)
(-2.3369, 3.6881, -3.4583)
(-2.3862, 3.232, -3.7971)
(-2.2467, 2.6672, -4.1305)
(-1.9574, 2.1049, -4.3761)
(-1.7535, 1.57, -4.6939)
(-1.8501, 1.1364, -5.1533)
(-2.4613, 3.3426, -3.0151)
(-2.5173, 2.8931, -3.3549)
(-2.3184, 2.3465, -3.6772)
(-2.0324, 1.8079, -3.9049)
(-1.9726, 1.299, -4.2555)
(-2.0889, 0.8348, -4.7489)
(-2.5009, 3.0233, -2.6701)
(-2.5672, 2.546, -2.9491)
(-2.3874, 1.9604, -3.2543)
(-2.1662, 1.429, -3.4994)
(-2.1603, 0.9444, -3.8408)
(-2.2687, 0.4736, -4.3221)
(-2.158, 2.8685, -2.7389)
(-2.2558, 2.2659, -2.7138)
(-2.2844, 1.648, -2.8678)
(-2.3364, 1.1031, -3.1533)
(-2.4824, 0.6349, -3.514)
(-2.5109, 0.1689, -3.9261)
(-2.067, 2.5108, -2.4221)
(-2.226, 2.0005, -2.3849)
(-2.4826, 1.5717, -2.55)
(-2.7253, 1.1039, -2.8556)
(-2.7493, 0.5082, -3.1277)
(-2.5559, -0.058, -3.4108)
(-2.074, 2.1915, -1.8282)
(-2.4537, 1.867, -1.9388)
(-2.8258, 1.4398, -2.1398)
(-2.9347, 0.8841, -2.3849)
(-2.7889, 0.2846, -2.6177)
(-2.4837, -0.28, -2.8591)
(-2.2602, 1.9874, -1.2013)
(-2.6188, 1.6381, -1.3703)
(-2.9346, 1.1781, -1.5966)
(-2.962, 0.6104, -1.8368)
(-2.7561, 0.0359, -2.0692)
(-2.4101, -0.5061, -2.3031)
(-2.4561, 1.8278, -0.5938)
(-2.7177, 1.4133, -0.7889)
(-2.9434, 0.9067, -1.0348)
(-2.9559, 0.343, -1.2845)
(-2.7412, -0.221, -1.5201)
(-2.3606, -0.7408, -1.7469)
(-2.6371, 1.6812, 0.0014)
(-2.804, 1.2169, -0.2132)
(-2.9456, 0.6623, -0.4746)
(-2.9576, 0.0818, -0.7344)
(-2.7582, -0.4929, -0.9778)
(-2.3503, -0.999, -1.1991)
(-2.8149, 1.5474, 0.5912)
(-2.9167, 1.045, 0.3562)
(-3.0004, 0.4448, 0.0806)
(-3.0215, -0.1768, -0.1917)
(-2.8377, -0.7836, -0.4459)
(-2.3881, -1.2844, -0.6639)
(-3.0065, 1.4412, 1.1817)
(-3.08, 0.8871, 0.9084)
(-3.1483, 0.2426, 0.6188)
(-3.1451, -0.4289, 0.3461)
(-2.894, -1.0491, 0.0998)
(-2.3787, -1.5275, -0.1176)
(-4.2323, 2.6546, 3.6457)
(-4.1529, 2.2907, 3.4594)
(-3.7987, 1.9976, 2.9348)
(-3.4196, 1.8352, 2.2954)
(-3.2418, 1.3498, 1.7502)
(-3.2196, 0.7029, 1.4436)
(-3.1987, 0.0427, 1.1584)
(-3.0991, -0.6272, 0.8942)
(-2.7476, -1.1878, 0.6585)
(-2.1901, -1.6066, 0.444)
(-4.0934, 2.7911, 3.6555)
(-4.0641, 2.447, 3.2849)
(-3.9974, 2.0971, 2.7445)
(-3.8278, 1.6377, 2.3278)
(-3.5553, 1.0675, 2.1066)
(-3.3059, 0.4592, 1.9157)
(-3.0948, -0.1425, 1.656)
(-2.8784, -0.7467, 1.4148)
(-2.5034, -1.2593, 1.2078)
(-1.9609, -1.6509, 1.0065)
(-4.3977, 2.9594, 3.4542)
(-4.4396, 2.5043, 3.1436)
(-4.4419, 1.9654, 2.7727)
(-4.2679, 1.3748, 2.5144)
(-3.9559, 0.7773, 2.3665)
(-3.6138, 0.188, 2.2391)
(-3.246, -0.375, 2.0921)
(-2.8222, -0.8918, 1.9435)
(-2.3124, -1.323, 1.7756)
(-1.7494, -1.6885, 1.5832)
(-4.8868, 2.8646, 3.6347)
(-4.8978, 2.3546, 3.3769)
(-4.7949, 1.7568, 3.1171)
(-4.5031, 1.1728, 2.954)
(-4.1074, 0.6072, 2.8566)
(-3.6676, 0.0737, 2.7561)
(-3.1811, -0.4149, 2.6353)
(-2.6457, -0.8645, 2.4979)
(-2.0748, -1.2974, 2.3484)
(-1.5283, -1.7071, 2.1568)
(-5.321, 2.6756, 4.0091)
(-5.2017, 2.1733, 3.8171)
(-4.8695, 1.6739, 3.6315)
(-4.4216, 1.1737, 3.5183)
(-3.9832, 0.6311, 3.4276)
(-3.4881, 0.1491, 3.3132)
(-2.9607, -0.2994, 3.1783)
(-2.4157, -0.7566, 3.0472)
(-1.8632, -1.2433, 2.9338)
(-1.3374, -1.744, 2.6867)
(-5.6051, 2.5173, 4.479)
(-5.269, 2.1235, 4.3451)
(-4.7814, 1.7165, 4.1981)
(-4.3019, 1.2162, 4.108)
(-3.8115, 0.7066, 4.003)
(-3.2815, 0.2636, 3.8688)
(-2.7584, -0.1863, 3.7328)
(-2.2501, -0.6591, 3.6062)
(-1.8026, -1.0845, 3.4991)
(-5.5569, 2.482, 4.9945)
(-5.1522, 2.1435, 4.8647)
(-4.6366, 1.7579, 4.7088)
(-4.1219, 1.2955, 4.6288)
(-3.6019, 0.8203, 4.5277)
(-3.0718, 0.3827, 4.3849)
(-2.5565, -0.0687, 4.2478)
(-2.0521, -0.5191, 4.1051)
(-1.6439, -0.8968, 3.9792)
(-1.559, -1.1578, 3.7142)
(-1.9288, -0.8102, 3.8133)
(-2.4055, -0.3636, 3.9407)
(-2.9148, 0.0991, 4.0726)
(-3.4412, 0.5425, 4.2107)
(-3.9702, 0.995, 4.3405)
(-4.4684, 1.5064, 4.4292)
(-4.9771, 1.9369, 4.5375)
(-5.4542, 2.3012, 4.7026)
(-1.59, -1.3974, 3.1753)
(-2.0749, -0.9451, 3.2705)
(-2.5927, -0.4709, 3.388)
(-3.1201, -0.0162, 3.5221)
(-3.646, 0.4309, 3.6567)
(-4.1399, 0.9181, 3.7689)
(-4.5898, 1.459, 3.8595)
(-5.0708, 1.9062, 3.9829)
(-5.4032, 2.3664, 4.1619)
(-1.1885, -1.9187, 2.2812)
(-1.6763, -1.5107, 2.5539)
(-2.2416, -1.0402, 2.7057)
(-2.8046, -0.5875, 2.8402)
(-3.338, -0.1385, 2.9748)
(-3.8344, 0.3434, 3.0917)
(-4.2809, 0.8752, 3.1841)
(-4.68, 1.4325, 3.2842)
(-5.0042, 1.963, 3.4632)
(-5.1042, 2.5331, 3.7031)
(-1.3643, -1.8842, 1.774)
(-1.9138, -1.5104, 1.9712)
(-2.4827, -1.1165, 2.1446)
(-3.009, -0.668, 2.2888)
(-3.4743, -0.1663, 2.4168)
(-3.8824, 0.3834, 2.5324)
(-4.2577, 0.9584, 2.6423)
(-4.5634, 1.5511, 2.795)
(-4.6849, 2.1581, 3.0555)
(-4.6563, 2.7132, 3.3699)
(-1.574, -1.8538, 1.193)
(-2.1349, -1.4889, 1.3916)
(-2.6479, -1.0817, 1.5848)
(-3.0067, -0.5503, 1.7686)
(-3.3107, 0.0216, 1.9736)
(-3.606, 0.6147, 2.1583)
(-3.918, 1.2147, 2.2927)
(-4.1545, 1.7949, 2.5324)
(-4.216, 2.2902, 2.9457)
(-4.2, 2.6939, 3.3983)
(-1.7881, -1.8174, 0.6213)
(-2.3552, -1.4338, 0.8277)
(-2.8433, -0.9811, 1.0416)
(-3.069, -0.3656, 1.2818)
(-3.1882, 0.2736, 1.5596)
(-3.3084, 0.9058, 1.8318)
(-3.4824, 1.515, 2.1034)
(-3.7575, 1.9207, 2.5469)
(-3.9714, 2.2103, 3.1116)
(-4.1236, 2.5467, 3.5767)
(-2.0061, -1.7797, 0.0578)
(-2.5865, -1.3706, 0.2687)
(-3.0433, -0.8584, 0.4968)
(-3.1976, -0.1993, 0.7527)
(-3.1851, 0.4732, 1.0315)
(-3.1399, 1.1142, 1.3271)
(-3.0952, 1.6943, 1.6378)
(-2.1126, -1.6277, -0.4938)
(-2.6665, -1.1936, -0.289)
(-3.0271, -0.6276, -0.0534)
(-3.0928, 0.0228, 0.2111)
(-3.0355, 0.6581, 0.4925)
(-2.9506, 1.2492, 0.7681)
(-2.8631, 1.7009, 0.9927)
(-2.1063, -1.3571, -1.0334)
(-2.6018, -0.9032, -0.8258)
(-2.9198, -0.3478, -0.5899)
(-2.9841, 0.2544, -0.3295)
(-2.9157, 0.842, -0.06)
(-2.7879, 1.3898, 0.1944)
(-2.6669, 1.8107, 0.3875)
(-2.1198, -1.1009, -1.5815)
(-2.5613, -0.6191, -1.3606)
(-2.8781, -0.0757, -1.1305)
(-2.9719, 0.4996, -0.8834)
(-2.8688, 1.0529, -0.6258)
(-2.6443, 1.548, -0.3883)
(-2.4643, 1.9408, -0.2135)
(-2.1764, -0.8731, -2.1408)
(-2.5743, -0.3616, -1.9092)
(-2.879, 0.1895, -1.6784)
(-2.9815, 0.7625, -1.4391)
(-2.8379, 1.2952, -1.1925)
(-2.4978, 1.7211, -0.9779)
(-2.2519, 2.0796, -0.8226)
(-2.2566, -0.6556, -2.7015)
(-2.618, -0.1208, -2.4622)
(-2.8927, 0.4487, -2.2284)
(-2.9677, 1.0386, -1.997)
(-2.7672, 1.5641, -1.7639)
(-2.3238, 1.9294, -1.5802)
(-2.0186, 2.2216, -1.4549)
(-2.3482, -0.4379, -3.259)
(-2.6744, 0.1154, -3.0101)
(-2.859, 0.7139, -2.7604)
(-2.7969, 1.3013, -2.5107)
(-2.5005, 1.7231, -2.2403)
(-2.1793, 2.1403, -2.1542)
(-1.9482, 2.5219, -2.1313)
(-2.4208, -0.223, -3.8155)
(-2.6334, 0.3206, -3.5236)
(-2.5965, 0.8151, -3.1557)
(-2.4353, 1.3669, -2.8737)
(-2.2544, 1.8296, -2.5852)
(-2.1374, 2.4281, -2.6027)
(-2.0218, 2.9639, -2.667)
(-2.352, 0.0519, -4.3091)
(-2.3704, 0.5541, -3.9178)
(-2.2521, 0.9827, -3.4574)
(-2.2564, 1.5002, -3.1996)
(-2.401, 2.0772, -2.9132)
(-2.3953, 2.7087, -2.7646)
(-2.2682, 3.1519, -2.6287)
(-2.1936, 0.4111, -4.7507)
(-2.1118, 0.8917, -4.287)
(-2.0477, 1.3722, -3.8262)
(-2.2094, 1.8904, -3.5878)
(-2.5167, 2.4304, -3.305)
(-2.5751, 2.9678, -2.9597)
(-2.4494, 3.3206, -2.6366)
(-2.0306, 0.7752, -5.1943)
(-1.8953, 1.2096, -4.7189)
(-1.8981, 1.6981, -4.2853)
(-2.127, 2.242, -4.0316)
(-2.3995, 2.7962, -3.7613)
(-2.4362, 3.3202, -3.4035)
(-2.3348, 3.7014, -3.1011)
(-1.8496, 1.0757, -5.5546)
(-1.65, 1.4533, -5.0757)
(-1.7605, 1.9544, -4.696)
(-2.0728, 2.5046, -4.4503)
(-2.2918, 3.0823, -4.1595)
(-2.335, 3.6158, -3.7984)
(-2.2479, 3.9857, -3.4965)
(-1.4312, -0.9406, 4.0743)
(-1.7166, -0.6284, 4.1997)
(-2.1952, -0.2194, 4.3592)
(-2.7128, 0.2205, 4.5108)
(-3.2378, 0.6585, 4.6572)
(-3.7654, 1.0956, 4.7938)
(-4.2542, 1.5892, 4.826)
(-4.7797, 2.0034, 4.9467)
(-5.2599, 2.3792, 5.121)
(-5.0206, 3.0226, 5.5461)
(-4.4912, 2.6362, 3.2926)
(-4.3401, 2.9536, 3.411)
(-4.405, 3.4438, 3.7927)
(-4.6105, 3.6936, 4.3357)
(-4.7691, 3.6826, 4.9769)
(-4.9016, 3.414, 5.4661)
(1.083, 4.1045, -2.7351)
(0.9613, 3.7215, -2.366)
(0.7149, 3.2697, -2.1339)
(0.6992, 2.9688, -1.7711)
(0.9636, 3.0788, -1.3651)
(1.271, 2.9741, -0.9241)
(1.4433, 2.7092, -0.4955)
(1.376, 2.5611, -0.0266)
(1.2977, 2.2662, 0.4621)
(1.255, 1.9253, 0.9602)
(1.2203, 1.5868, 1.4622)
(1.1795, 1.2393, 1.9585)
(1.1347, 0.8854, 2.4508)
(1.0689, 0.5156, 2.926)
(0.9355, 0.1082, 3.3068)
(0.8099, -0.2151, 3.549)
(1.088, 4.3449, -3.1102)
(0.4916, 4.6263, -2.9073)
(-0.1469, 4.8426, -2.7522)
(-0.8103, 4.9897, -2.6589)
(-1.4727, 4.9663, -2.7218)
(-1.9551, 4.698, -3.0299)
(-2.1921, 4.3529, -3.3994)
(-5.083, 2.6999, 5.3804)
(-4.8807, 2.2824, 5.1494)
(-4.3602, 1.8455, 4.9384)
(-3.8714, 1.3937, 4.9534)
(-3.4016, 0.9244, 4.9397)
(-2.8748, 0.5095, 4.7711)
(-2.3464, 0.0874, 4.6105)
(-1.8172, -0.3259, 4.4288)
(-1.3873, -0.5926, 4.323)
(-2.1982, 4.0353, -3.1233)
(-1.9535, 4.3747, -2.7332)
(-1.479, 4.6575, -2.4088)
(-0.8239, 4.7059, -2.3225)
(-0.1514, 4.5892, -2.3935)
(0.4947, 4.3949, -2.5335)
(-2.2774, 3.6573, -2.6977)
(-1.9668, 3.9647, -2.3391)
(-1.4614, 4.237, -2.0545)
(-0.829, 4.3063, -1.9447)
(-0.1677, 4.236, -1.9452)
(0.4549, 4.0586, -2.0877)
(-2.2724, 3.3201, -2.3642)
(-1.8692, 3.5757, -2.0721)
(-1.292, 3.76, -1.9498)
(-0.7618, 3.8033, -1.7812)
(-0.2158, 3.7931, -1.56)
(0.3138, 3.6289, -1.7324)
(-1.9501, 3.1556, -2.4912)
(-1.5587, 3.3337, -2.1867)
(-0.9982, 3.3749, -2.005)
(-0.6146, 3.3072, -1.7273)
(-0.2409, 3.3008, -1.3572)
(0.2343, 3.2094, -1.412)
(-1.8292, 2.7934, -2.1826)
(-1.4275, 2.9465, -1.8989)
(-0.8995, 2.9709, -1.6841)
(-0.3963, 2.9764, -1.5424)
(0.0304, 2.9467, -1.2788)
(0.4471, 2.9937, -1.1335)
(-1.8199, 2.4172, -1.6432)
(-1.3884, 2.5751, -1.4148)
(-0.8492, 2.6491, -1.2535)
(-0.2859, 2.7162, -1.1423)
(0.2787, 2.678, -1.058)
(0.7673, 2.7408, -0.908)
(-2.0068, 2.2816, -1.0422)
(-1.5766, 2.5135, -0.8571)
(-1.0092, 2.611, -0.7184)
(-0.4135, 2.5345, -0.6557)
(0.2138, 2.4543, -0.6108)
(0.8489, 2.5216, -0.5062)
(-2.1991, 2.1499, -0.44)
(-1.7508, 2.3791, -0.2866)
(-1.1712, 2.4472, -0.1785)
(-0.5563, 2.4004, -0.1174)
(0.0874, 2.4613, -0.0516)
(0.7479, 2.592, 0.0122)
(-2.3802, 2.0023, 0.1528)
(-1.9025, 2.2049, 0.2785)
(-1.3022, 2.3257, 0.3795)
(-0.672, 2.3844, 0.451)
(-0.011, 2.4513, 0.5217)
(0.6664, 2.4561, 0.5509)
(-2.554, 1.8586, 0.7431)
(-2.0363, 2.006, 0.8316)
(-1.4035, 2.1003, 0.9119)
(-0.7489, 2.1511, 0.9746)
(-0.0699, 2.173, 1.0311)
(0.6168, 2.1287, 1.0496)
(-2.7114, 1.7543, 1.3482)
(-2.1346, 1.7898, 1.3744)
(-1.4713, 1.7727, 1.398)
(-0.7934, 1.7601, 1.4238)
(-0.1054, 1.7649, 1.476)
(0.5825, 1.7564, 1.5263)
(-4.5122, 2.5517, 3.5344)
(-4.2145, 2.2849, 3.5631)
(-3.8147, 2.0122, 3.0046)
(-3.4153, 1.8812, 2.3285)
(-2.8233, 1.7904, 1.9884)
(-2.1602, 1.6751, 1.9533)
(-1.494, 1.5426, 1.9399)
(-0.8109, 1.4572, 1.9272)
(-0.1276, 1.3999, 1.948)
(0.5535, 1.3912, 2.0086)
(-4.3808, 2.6426, 3.512)
(-4.1765, 2.4446, 3.6364)
(-3.7832, 2.2862, 3.2764)
(-3.3097, 2.1572, 2.8151)
(-2.7316, 1.9591, 2.6002)
(-2.1163, 1.6825, 2.558)
(-1.4666, 1.4948, 2.5367)
(-0.7889, 1.3807, 2.5136)
(-0.128, 1.2067, 2.4977)
(0.5296, 1.0819, 2.5205)
(-4.4039, 3.084, 3.7635)
(-4.1995, 2.8278, 3.8885)
(-3.6729, 2.5789, 3.6583)
(-3.1338, 2.4036, 3.3462)
(-2.6064, 2.1287, 3.1915)
(-2.0532, 1.7529, 3.1654)
(-1.4169, 1.5328, 3.1415)
(-0.7543, 1.3668, 3.116)
(-0.1141, 1.1144, 3.0847)
(0.5052, 0.839, 3.0498)
(-4.4693, 3.4896, 4.2057)
(-4.1602, 3.159, 4.3041)
(-3.6494, 2.8185, 4.1573)
(-3.1237, 2.5523, 3.9531)
(-2.5727, 2.1996, 3.807)
(-2.012, 1.8159, 3.7642)
(-1.3924, 1.5241, 3.7319)
(-0.7697, 1.2194, 3.6891)
(-0.1686, 0.8377, 3.6164)
(0.3998, 0.4625, 3.4917)
(-4.5825, 3.6206, 4.7762)
(-4.2537, 3.3032, 4.846)
(-3.7871, 2.8826, 4.714)
(-3.2377, 2.4832, 4.5343)
(-2.666, 2.0655, 4.3918)
(-2.0862, 1.6728, 4.3185)
(-1.5004, 1.2965, 4.2445)
(-0.9246, 0.8836, 4.1471)
(-0.3648, 0.4193, 4.026)
(0.2419, 0.0359, 3.8193)
(-4.7051, 3.4356, 5.2932)
(-4.3875, 3.0479, 5.2696)
(-3.9343, 2.595, 5.1258)
(-3.4005, 2.1326, 4.9803)
(-2.8506, 1.6921, 4.8396)
(-2.3025, 1.2885, 4.6888)
(-1.7544, 0.8777, 4.5532)
(-1.2122, 0.453, 4.4142)
(-0.7392, 0.0622, 4.2921)
(-4.9075, 3.0206, 5.4892)
(-4.6286, 2.606, 5.3156)
(-4.1522, 2.1296, 5.1169)
(-3.6387, 1.661, 5.0717)
(-3.1288, 1.2413, 5.0177)
(-2.6045, 0.8389, 4.8176)
(-2.0771, 0.4254, 4.6378)
(-1.5501, 0.0121, 4.4724)
(-1.1044, -0.3282, 4.3631)
(-0.7426, -0.2913, 4.3076)
(-1.14, 0.0294, 4.3991)
(-1.6489, 0.4335, 4.5389)
(-2.1839, 0.8502, 4.6988)
(-2.7182, 1.2589, 4.8716)
(-3.2493, 1.6652, 5.039)
(-3.7783, 2.1193, 5.0949)
(-4.2821, 2.5941, 5.2542)
(-4.6756, 3.0415, 5.3977)
(-0.2996, 0.0228, 4.1191)
(-0.7896, 0.4568, 4.2444)
(-1.3325, 0.8935, 4.3701)
(-1.8935, 1.3049, 4.4831)
(-2.4629, 1.7009, 4.5839)
(-3.028, 2.1146, 4.7105)
(-3.5896, 2.5653, 4.8774)
(-4.1013, 2.9971, 5.0381)
(-4.4892, 3.4208, 5.1079)
(0.5988, 0.1018, 3.5517)
(0.0437, 0.4173, 3.764)
(-0.5349, 0.8587, 3.8921)
(-1.1256, 1.2643, 3.9754)
(-1.7296, 1.6074, 4.0319)
(-2.3246, 1.9612, 4.0787)
(-2.8859, 2.3664, 4.1626)
(-3.4515, 2.7217, 4.3511)
(-3.9539, 3.066, 4.5099)
(-4.3938, 3.4597, 4.5733)
(0.7423, 0.494, 3.2248)
(0.1724, 0.8322, 3.3296)
(-0.4353, 1.1687, 3.3902)
(-1.0696, 1.4424, 3.4272)
(-1.7159, 1.6562, 3.4533)
(-2.3108, 1.9764, 3.4795)
(-2.8324, 2.3703, 3.5468)
(-3.3784, 2.5968, 3.7717)
(-3.9047, 2.8497, 4.002)
(-4.3742, 3.17, 4.0736)
(0.8314, 0.8623, 2.7683)
(0.202, 1.056, 2.7868)
(-0.441, 1.2836, 2.8037)
(-1.1054, 1.453, 2.8272)
(-1.7724, 1.5866, 2.8516)
(-2.3813, 1.8753, 2.8738)
(-2.9407, 2.1968, 2.951)
(-3.4825, 2.3532, 3.2444)
(-3.9676, 2.5252, 3.6361)
(-4.3445, 2.7248, 3.7342)
(0.8648, 1.1829, 2.2622)
(0.2035, 1.2394, 2.2321)
(-0.466, 1.3385, 2.2092)
(-1.1447, 1.4494, 2.2236)
(-1.8195, 1.5677, 2.2448)
(-2.4659, 1.7755, 2.2688)
(-3.1077, 1.9433, 2.3877)
(-3.6009, 2.0908, 2.8289)
(-4.0019, 2.2208, 3.4075)
(-4.3384, 2.4691, 3.6202)
(0.8983, 1.5285, 1.7645)
(0.2257, 1.572, 1.7366)
(-0.4626, 1.569, 1.6775)
(-1.1491, 1.6073, 1.6594)
(-1.8259, 1.672, 1.6602)
(-2.4782, 1.7487, 1.6598)
(-3.0859, 1.7362, 1.6789)
(0.9303, 1.8781, 1.2701)
(0.2555, 1.9693, 1.2799)
(-0.4334, 1.9678, 1.2281)
(-1.1109, 1.9506, 1.1773)
(-1.77, 1.9191, 1.1302)
(-2.3867, 1.8534, 1.0708)
(-2.8537, 1.7249, 1.0131)
(0.968, 2.2261, 0.7753)
(0.2981, 2.3399, 0.8062)
(-0.3838, 2.3253, 0.7563)
(-1.0395, 2.2701, 0.6892)
(-1.6689, 2.1811, 0.6099)
(-2.2449, 2.0243, 0.5011)
(-2.6635, 1.8291, 0.3961)
(1.0255, 2.535, 0.2714)
(0.3673, 2.5319, 0.2681)
(-0.2957, 2.4302, 0.2036)
(-0.9327, 2.3848, 0.1323)
(-1.5396, 2.3637, 0.0574)
(-2.0835, 2.1894, -0.0734)
(-2.4676, 1.9603, -0.2104)
(1.1262, 2.6082, -0.2359)
(0.4779, 2.4826, -0.2974)
(-0.1763, 2.4244, -0.3702)
(-0.7951, 2.4999, -0.4151)
(-1.391, 2.5351, -0.4993)
(-1.9148, 2.3452, -0.6551)
(-2.2684, 2.0961, -0.8241)
(1.1091, 2.7244, -0.6737)
(0.5701, 2.5281, -0.8143)
(-0.032, 2.5976, -0.8769)
(-0.6242, 2.6213, -0.9453)
(-1.1938, 2.5963, -1.0578)
(-1.7067, 2.4301, -1.2399)
(-2.0606, 2.2319, -1.4552)
(0.8561, 3.0099, -1.0391)
(0.4023, 2.7829, -1.0943)
(-0.0486, 2.8627, -1.2963)
(-0.5894, 2.7874, -1.4138)
(-1.124, 2.7728, -1.5612)
(-1.6225, 2.66, -1.7907)
(-1.9566, 2.5051, -2.0672)
(0.5435, 3.0663, -1.4064)
(0.0857, 3.093, -1.2142)
(-0.333, 3.1182, -1.4985)
(-0.6929, 3.1417, -1.7882)
(-1.2038, 3.1947, -1.9759)
(-1.702, 3.0863, -2.2376)
(-1.9846, 2.9056, -2.5623)
(0.4484, 3.2344, -1.7709)
(0.0226, 3.5156, -1.4361)
(-0.5132, 3.5291, -1.5555)
(-0.8822, 3.5615, -1.9314)
(-1.4314, 3.5267, -2.0344)
(-1.9506, 3.3537, -2.272)
(-2.2493, 3.1191, -2.5781)
(0.6239, 3.6857, -2.0632)
(0.124, 3.9716, -1.7817)
(-0.5049, 4.0467, -1.7573)
(-1.0998, 4.0541, -1.9156)
(-1.6932, 3.8872, -2.0239)
(-2.1528, 3.6083, -2.3242)
(-2.4427, 3.3307, -2.6195)
(0.7792, 4.1001, -2.4102)
(0.1714, 4.3491, -2.2313)
(-0.4936, 4.4812, -2.1366)
(-1.1643, 4.5241, -2.1449)
(-1.7537, 4.3414, -2.3544)
(-2.1163, 4.0054, -2.7456)
(-2.329, 3.7113, -3.0836)
(0.802, 4.3895, -2.82)
(0.1764, 4.6293, -2.652)
(-0.4795, 4.8019, -2.5283)
(-1.1527, 4.8695, -2.5105)
(-1.7512, 4.7094, -2.7017)
(-2.0905, 4.3629, -3.0979)
(-2.2655, 4.0509, -3.431)
(-1.0775, -0.5754, 4.3293)
(-1.452, -0.345, 4.3878)
(-1.9539, 0.0377, 4.5426)
(-2.4817, 0.453, 4.7186)
(-3.0064, 0.8677, 4.9001)
(-3.5201, 1.2773, 5.0516)
(-3.9982, 1.7398, 4.9936)
(-4.5203, 2.1943, 5.1295)
(-4.9257, 2.6532, 5.3592)
(-1.9812, 2.7307, -2.4208)
(-2.0253, 3.1388, -2.8086)
(-2.264, 3.8935, -3.3269)
(-4.3613, 2.5202, 3.7028)
(-4.0062, 2.0555, 3.3196)
(-3.2277, 1.762, 2.004)
(-2.9535, 1.6686, 1.3127)
(-3.6072, 1.9544, 2.6198)
(-2.3648, 2.0185, -0.5144)
(-2.1555, 2.1573, -1.1323)
(-5.1301, 2.523, 5.287)
(-2.4923, 3.1321, -2.3982)
(-4.644, 2.0449, 5.0368)
(-4.0864, 1.6661, 4.8935)
(-3.6759, 1.1218, 5.0222)
(-3.141, 0.7194, 4.8368)
(-2.7633, 1.7572, 0.6932)
(-2.6134, 0.289, 4.6878)
(-2.0836, -0.1295, 4.5172)
(-1.9236, 2.2963, -1.7777)
(-1.5555, -0.5396, 4.3266)
(-2.3999, 3.5191, -2.8578)
(-2.5671, 1.8826, 0.0905)
(-1.5115, 0.6286, -5.8793)
(-0.9344, 0.7023, -5.5907)
(-0.438, 0.5305, -5.4615)
(0.1259, 0.243, -5.513)
(0.7674, 0.3288, -5.5102)
(1.3616, 0.6541, -5.4597)
(-1.5839, 0.2639, -5.5327)
(-1.054, 0.36, -5.2578)
(1.8471, 0.9425, -5.3624)
(-0.5574, 0.3739, -5.0421)
(0.056, 0.2867, -5.0413)
(0.723, 0.3657, -5.0564)
(1.362, 0.5628, -5.0017)
(1.8732, 0.727, -4.9235)
(-1.6488, -0.1421, -5.0977)
(-1.0943, -0.0707, -4.8903)
(-0.5434, 0.0964, -4.616)
(0.0856, 0.1843, -4.5644)
(0.7442, 0.2576, -4.6188)
(1.3793, 0.3938, -4.5119)
(1.8709, 0.4269, -4.4334)
(-1.6965, -0.5265, -4.6409)
(-1.0675, -0.5569, -4.5926)
(-0.4332, -0.4056, -4.398)
(0.2057, -0.2852, -4.288)
(0.7632, -0.0883, -4.3045)
(1.233, 0.2155, -4.2759)
(1.6646, 0.3622, -4.2581)
(-1.7025, -0.8539, -4.1442)
(-1.0688, -1.0043, -4.2373)
(-0.4044, -0.9196, -4.1632)
(0.2388, -0.7648, -4.0015)
(0.6823, -0.4037, -3.9076)
(1.04, 0.0528, -3.9768)
(1.4336, 0.3189, -4.0462)
(-1.6629, -1.1214, -3.6034)
(-1.0589, -1.356, -3.7545)
(-0.4211, -1.2894, -3.7104)
(0.1789, -1.0526, -3.5217)
(0.6665, -0.7393, -3.463)
(1.0676, -0.3259, -3.4867)
(1.3877, 0.0217, -3.4333)
(-1.5915, -1.3612, -3.0508)
(-1.0156, -1.6532, -3.2339)
(-0.387, -1.6378, -3.2618)
(0.2112, -1.4025, -3.1571)
(0.7455, -1.1268, -3.1162)
(1.1811, -0.752, -3.042)
(1.5036, -0.3625, -2.8856)
(-1.4946, -1.5688, -2.4868)
(-0.9315, -1.8927, -2.6872)
(-0.2847, -1.9695, -2.8026)
(0.3502, -1.8144, -2.8087)
(0.888, -1.5177, -2.7209)
(1.3612, -1.144, -2.5878)
(1.7573, -0.8101, -2.4721)
(-1.389, -1.7594, -1.9177)
(-0.831, -2.0992, -2.126)
(-0.1923, -2.2119, -2.2583)
(0.4498, -2.08, -2.2792)
(1.0254, -1.8271, -2.2222)
(1.5614, -1.5221, -2.1376)
(2.0056, -1.2391, -2.0584)
(-1.3005, -1.9687, -1.3552)
(-0.736, -2.328, -1.5746)
(-0.1024, -2.4918, -1.7351)
(0.5564, -2.3804, -1.7756)
(1.1743, -2.1482, -1.7429)
(1.7675, -1.8928, -1.6982)
(2.2583, -1.6539, -1.6482)
(-1.2454, -2.2183, -0.8116)
(-0.6585, -2.5948, -1.0382)
(-0.0122, -2.8288, -1.2384)
(0.6809, -2.7699, -1.3322)
(1.3481, -2.5349, -1.3279)
(1.9872, -2.2788, -1.2927)
(2.5257, -2.0553, -1.244)
(-1.1267, -2.3611, -0.264)
(-0.5333, -2.7411, -0.4854)
(0.1037, -3.0426, -0.7)
(0.8029, -3.0854, -0.8474)
(1.5078, -2.8983, -0.8969)
(2.1894, -2.6626, -0.891)
(2.8355, -2.4506, -0.8536)
(-0.9274, -2.3791, 0.3039)
(-0.3468, -2.7461, 0.0892)
(0.266, -3.0619, -0.1215)
(0.9411, -3.2007, -0.2901)
(1.6462, -3.159, -0.401)
(2.3447, -3.0458, -0.4877)
(3.054, -2.9147, -0.5538)
(3.7501, -2.926, -0.5383)
(-0.7298, -2.4022, 0.882)
(-0.1596, -2.7472, 0.665)
(0.4468, -3.0068, 0.4494)
(1.1034, -3.1239, 0.2655)
(4.353, -3.0953, -0.3804)
(1.7851, -3.1552, 0.1126)
(2.4718, -3.1548, -0.0354)
(4.8953, -3.3508, -0.1286)
(3.1593, -3.1294, -0.1805)
(5.3637, -3.5481, -0.0224)
(3.8418, -3.1195, -0.3076)
(-0.5324, -2.4346, 1.464)
(0.0286, -2.7761, 1.2505)
(0.6162, -3.0584, 1.0094)
(4.403, -3.1504, -0.376)
(1.2416, -3.2216, 0.7481)
(1.8877, -3.2932, 0.5059)
(4.9228, -3.2223, -0.3036)
(2.546, -3.3394, 0.2914)
(3.2118, -3.3657, 0.0915)
(5.4485, -3.2828, -0.2314)
(-0.3689, -2.4667, 1.9415)
(3.8783, -3.3893, -0.0958)
(0.22, -2.8052, 1.7993)
(4.4691, -3.4252, -0.2871)
(0.8301, -3.1256, 1.5679)
(1.438, -3.4037, 1.2263)
(2.0461, -3.6093, 0.8983)
(5.0205, -3.4518, -0.4529)
(2.6635, -3.7533, 0.5959)
(5.5302, -3.4185, -0.566)
(3.2956, -3.8345, 0.3074)
(3.9489, -3.855, 0.0585)
(4.6117, -3.8393, -0.0667)
(1.1821, -3.1606, 2.0465)
(1.7353, -3.4378, 1.7349)
(2.3229, -3.7057, 1.4086)
(5.2318, -3.8704, -0.2278)
(2.9149, -3.9356, 1.087)
(5.7008, -3.9028, -0.5108)
(3.5208, -4.1112, 0.7653)
(4.1745, -4.1962, 0.4695)
(4.8292, -4.2603, 0.2262)
(1.58, -3.1601, 2.4539)
(2.0662, -3.3886, 2.2011)
(2.6424, -3.6518, 1.8953)
(5.4245, -4.3497, -0.0173)
(3.2253, -3.9063, 1.5802)
(5.8845, -4.4125, -0.3001)
(3.8162, -4.1527, 1.2626)
(4.4534, -4.3521, 0.9328)
(1.8871, -3.0279, 2.772)
(2.3559, -3.2125, 2.5569)
(5.0693, -4.5513, 0.603)
(2.9253, -3.4812, 2.2653)
(3.4986, -3.7479, 1.9627)
(5.6008, -4.7525, 0.285)
(4.0729, -4.0269, 1.6684)
(6.0397, -4.8633, -0.0003)
(4.6641, -4.2818, 1.3519)
(5.2402, -4.5408, 1.0141)
(5.7724, -4.8195, 0.6999)
(6.141, -5.0134, 0.4046)
(6.4332, -4.7967, 0.9001)
(5.4193, -3.8939, -0.1038)
(5.7163, -3.7548, -0.1711)
(6.1268, -3.5635, -0.0369)
(6.5577, -3.625, 0.3739)
(6.8015, -3.9254, 0.8273)
(6.7025, -4.4112, 0.9782)
(2.3178, -2.2663, 3.0744)
(2.8006, -2.4933, 2.8216)
(3.3701, -2.7715, 2.5406)
(3.9353, -3.0504, 2.2492)
(4.4842, -3.3219, 1.9286)
(5.0361, -3.6471, 1.6695)
(5.5919, -3.9526, 1.4461)
(6.1863, -4.2097, 1.1866)
(2.4083, -1.7065, 3.0237)
(2.9696, -1.9561, 2.7284)
(3.5354, -2.238, 2.4092)
(4.0789, -2.5242, 2.0828)
(4.6373, -2.7887, 1.7715)
(5.2106, -3.1245, 1.5198)
(5.7493, -3.4644, 1.3057)
(6.3016, -3.7385, 1.0688)
(1.3868, -0.437, 3.215)
(1.8791, -0.8413, 3.0057)
(2.4267, -1.1893, 2.7335)
(2.9996, -1.4863, 2.3891)
(3.5216, -1.7988, 2.0368)
(4.017, -2.1168, 1.6835)
(4.5346, -2.4156, 1.3674)
(5.0712, -2.7428, 1.1033)
(5.5991, -3.1043, 0.8681)
(6.0934, -3.4316, 0.6309)
(1.4532, -0.1035, 2.8617)
(1.9007, -0.4796, 2.5546)
(2.4181, -0.8055, 2.2418)
(2.9038, -1.1639, 1.8931)
(3.3352, -1.5588, 1.5389)
(3.776, -1.9283, 1.1799)
(4.2448, -2.2868, 0.8476)
(4.7479, -2.6089, 0.5717)
(5.2752, -2.9825, 0.3954)
(5.7144, -3.3879, 0.2361)
(1.4802, 0.268, 2.3922)
(1.8376, -0.1542, 2.036)
(2.3144, -0.5189, 1.7066)
(2.7207, -0.947, 1.3609)
(3.0647, -1.4304, 1.0178)
(3.4563, -1.8589, 0.6656)
(3.8953, -2.2575, 0.3291)
(4.3796, -2.6183, 0.0756)
(4.8605, -3.0671, 0.0491)
(5.2977, -3.552, 0.0517)
(1.5061, 0.6335, 1.9095)
(1.7569, 0.1502, 1.5269)
(2.1431, -0.2861, 1.1755)
(2.4918, -0.7649, 0.8329)
(2.7902, -1.2884, 0.4967)
(3.1396, -1.768, 0.1529)
(3.5144, -2.2422, -0.1785)
(3.9711, -2.6928, -0.3133)
(4.4951, -3.1603, -0.2046)
(5.0048, -3.6292, -0.0756)
(1.5851, 0.998, 1.434)
(1.771, 0.4755, 1.0381)
(2.0127, -0.0332, 0.6556)
(2.2957, -0.5523, 0.3074)
(2.5742, -1.0854, -0.0227)
(2.8726, -1.5947, -0.3539)
(3.1135, -2.0894, -0.6584)
(1.6922, 1.3554, 0.9613)
(1.918, 0.8382, 0.5842)
(2.0834, 0.2993, 0.1851)
(2.3068, -0.2394, -0.1741)
(2.5528, -0.7687, -0.4999)
(2.7423, -1.2925, -0.8265)
(2.7953, -1.7547, -1.0997)
(1.7742, 1.7054, 0.4776)
(2.0869, 1.2086, 0.1369)
(2.2873, 0.6715, -0.2471)
(2.4854, 0.1368, -0.6083)
(2.6529, -0.3878, -0.9414)
(2.6756, -0.9131, -1.2666)
(2.5566, -1.3627, -1.5249)
(1.8442, 2.0608, -0.0068)
(2.1993, 1.5745, -0.3327)
(2.4411, 1.0424, -0.6999)
(2.6206, 0.5094, -1.0602)
(2.6716, -0.0127, -1.3949)
(2.5347, -0.5259, -1.6975)
(2.3135, -0.9502, -1.9336)
(1.9215, 2.4225, -0.4802)
(2.2607, 1.9355, -0.8173)
(2.4976, 1.3993, -1.1841)
(2.6358, 0.8583, -1.5415)
(2.5447, 0.3495, -1.8298)
(2.3048, -0.1365, -2.0996)
(2.0621, -0.5315, -2.3454)
(1.8854, 2.7394, -0.9697)
(2.2102, 2.2653, -1.3124)
(2.3698, 1.7017, -1.6593)
(2.3884, 1.1192, -1.8915)
(2.1985, 0.6435, -2.1066)
(1.9707, 0.2239, -2.4433)
(1.7683, -0.1239, -2.7386)
(1.6679, 2.9362, -1.4724)
(1.9735, 2.5044, -1.7804)
(2.0134, 1.8954, -2.0578)
(1.9792, 1.2649, -2.1855)
(1.9219, 0.8496, -2.4436)
(1.8292, 0.5354, -2.916)
(1.6477, 0.2334, -3.2626)
(1.3765, 2.8324, -1.906)
(1.7899, 2.5302, -2.2178)
(1.885, 2.0153, -2.477)
(1.9016, 1.4042, -2.6089)
(1.9995, 1.0453, -2.9422)
(1.9628, 0.7909, -3.4585)
(1.7586, 0.5133, -3.8358)
(1.1421, 2.7659, -2.3349)
(1.6358, 2.4626, -2.6728)
(2.0109, 2.1055, -2.8884)
(2.2203, 1.6046, -2.9935)
(2.3435, 1.1478, -3.2999)
(2.2811, 0.7708, -3.7578)
(2.0338, 0.4575, -4.1156)
(1.2078, 3.0979, -2.6569)
(1.5975, 2.6947, -3.0377)
(2.0636, 2.3079, -3.259)
(2.4516, 1.8373, -3.3984)
(2.6609, 1.282, -3.6663)
(2.5883, 0.7992, -4.0608)
(2.2714, 0.4686, -4.3814)
(1.4947, 3.5489, -2.8618)
(1.8954, 3.1314, -3.2111)
(2.2913, 2.6592, -3.5015)
(2.6379, 2.1435, -3.7637)
(2.8239, 1.6165, -4.0983)
(2.6595, 1.169, -4.4968)
(2.2856, 0.8722, -4.8098)
(1.6095, 3.8552, -3.1724)
(2.0155, 3.3643, -3.4098)
(2.352, 2.8102, -3.6062)
(2.6365, 2.3084, -3.9207)
(2.8118, 1.8944, -4.4011)
(2.669, 1.5156, -4.8555)
(2.3077, 1.2112, -5.1732)
(2.154, -2.6956, 3.0033)
(2.5799, -2.9307, 2.7561)
(3.1455, -3.2076, 2.4785)
(3.7126, -3.4814, 2.1915)
(4.262, -3.7565, 1.886)
(4.8016, -4.0335, 1.592)
(5.3471, -4.3014, 1.2985)
(5.9347, -4.5906, 1.0127)
(-1.8634, 0.8569, -5.7706)
(-1.7443, 1.2638, -5.3123)
(-1.6596, 1.6886, -4.8664)
(-1.9126, 2.2266, -4.5666)
(-2.2032, 2.7919, -4.3174)
(-2.3346, 3.3646, -3.9789)
(-1.9949, 0.537, -5.3949)
(-1.9736, 0.9952, -4.9619)
(-2.3004, 3.8177, -3.6396)
(-1.8653, 1.4438, -4.4835)
(-1.9911, 1.9665, -4.1446)
(-2.2794, 2.5185, -3.9091)
(-2.4469, 3.0715, -3.5843)
(-2.3933, 3.5235, -3.2442)
(-2.1126, 0.1643, -4.9364)
(-2.1757, 0.655, -4.5304)
(-2.0591, 1.1284, -4.0364)
(-2.0968, 1.6276, -3.6919)
(-2.3716, 2.1562, -3.4602)
(-2.5824, 2.7125, -3.1322)
(-2.5205, 3.1646, -2.7994)
(-2.2101, -0.191, -4.4608)
(-2.3966, 0.3098, -4.1305)
(-2.3098, 0.7681, -3.6738)
(-2.2297, 1.2302, -3.3166)
(-2.3299, 1.7782, -3.0527)
(-2.4217, 2.4031, -2.8248)
(-2.3385, 2.9502, -2.7002)
(-2.2237, -0.4698, -3.9392)
(-2.5599, 0.0503, -3.6813)
(-2.6397, 0.5656, -3.3361)
(-2.5245, 1.0954, -3.0134)
(-2.34, 1.5947, -2.7085)
(-2.1901, 2.1209, -2.5668)
(-2.0829, 2.7043, -2.6331)
(-2.1469, -0.6909, -3.3805)
(-2.5249, -0.1679, -3.1354)
(-2.7911, 0.4094, -2.8838)
(-2.8625, 1.0224, -2.6408)
(-2.6666, 1.5247, -2.3637)
(-2.331, 1.9308, -2.1777)
(-2.0567, 2.3371, -2.1402)
(-2.055, -0.9089, -2.8212)
(-2.4444, -0.3926, -2.5815)
(-2.7729, 0.1596, -2.3445)
(-2.9604, 0.7447, -2.1135)
(-2.9075, 1.3181, -1.8779)
(-2.5495, 1.7631, -1.6636)
(-2.154, 2.0806, -1.5135)
(-1.9631, -1.1183, -2.2577)
(-2.3817, -0.6215, -2.0246)
(-2.7455, -0.0908, -1.7942)
(-2.9593, 0.4763, -1.5603)
(-2.9427, 1.0394, -1.3149)
(-2.6726, 1.5208, -1.0781)
(-2.3613, 1.9046, -0.8954)
(-1.8841, -1.3294, -1.6932)
(-2.3489, -0.8661, -1.4712)
(-2.7432, -0.3546, -1.2475)
(-2.953, 0.2117, -1.009)
(-2.9424, 0.7809, -0.7548)
(-2.76, 1.3121, -0.5007)
(-2.5475, 1.7534, -0.2953)
(-1.8403, -1.5663, -1.1379)
(-2.3663, -1.1401, -0.9312)
(-2.7918, -0.6367, -0.7119)
(-2.9778, -0.0475, -0.4617)
(-2.9608, 0.5505, -0.1951)
(-2.8544, 1.128, 0.073)
(-2.7256, 1.6123, 0.2967)
(-1.8228, -1.8274, -0.5966)
(-2.4012, -1.422, -0.3932)
(-2.8825, -0.9272, -0.1757)
(-3.0885, -0.3055, 0.076)
(-3.0708, 0.3435, 0.3504)
(-2.9941, 0.9665, 0.6346)
(-2.9071, 1.4891, 0.8857)
(-1.7123, -1.975, -0.0481)
(-2.3011, -1.5818, 0.1625)
(-2.8452, -1.1335, 0.3795)
(-3.1544, -0.5398, 0.6214)
(-3.2015, 0.1396, 0.8896)
(-3.1626, 0.8008, 1.1778)
(-3.1187, 1.4083, 1.4792)
(-1.5018, -2.0052, 0.5166)
(-2.0734, -1.6284, 0.7245)
(-2.624, -1.2251, 0.9326)
(-2.9836, -0.6869, 1.1569)
(-3.1325, -0.0441, 1.4178)
(-3.2446, 0.5897, 1.7001)
(-3.3849, 1.2215, 1.9554)
(-3.6191, 1.7405, 2.3033)
(-1.2926, -2.0367, 1.0912)
(-1.8554, -1.6721, 1.2928)
(-2.4063, -1.2978, 1.4897)
(-2.8425, -0.8277, 1.6756)
(-3.8723, 2.0691, 2.824)
(-3.1613, -0.2667, 1.8695)
(-3.4567, 0.3161, 2.0734)
(-4.0621, 2.3744, 3.3742)
(-3.7634, 0.9148, 2.2237)
(-4.1209, 2.7129, 3.6772)
(-4.0548, 1.5112, 2.3915)
(-1.0889, -2.0692, 1.6717)
(-1.6371, -1.6983, 1.8745)
(-2.199, -1.3184, 2.0616)
(-4.2039, 2.056, 2.7207)
(-2.7534, -0.8995, 2.2197)
(-3.2495, -0.4236, 2.3544)
(-4.2097, 2.4981, 3.1867)
(-3.6838, 0.1039, 2.4762)
(-4.0742, 0.6687, 2.586)
(-4.1981, 2.8923, 3.5444)
(-0.9277, -2.1052, 2.1498)
(-4.4271, 1.2521, 2.7082)
(-1.4316, -1.722, 2.4236)
(-4.6492, 1.8555, 2.9118)
(-1.9553, -1.2758, 2.6386)
(-2.5256, -0.8115, 2.7723)
(-3.0756, -0.3649, 2.9085)
(-4.6791, 2.449, 3.2163)
(-3.5916, 0.0967, 3.0364)
(-4.639, 2.9409, 3.496)
(-4.0643, 0.603, 3.1401)
(-4.4849, 1.1563, 3.2283)
(-4.8633, 1.6946, 3.3622)
(-1.8324, -1.1718, 3.2201)
(-2.3297, -0.709, 3.3267)
(-2.8563, -0.2404, 3.4537)
(-5.077, 2.253, 3.5824)
(-3.3844, 0.2059, 3.5909)
(-5.1158, 2.7715, 3.8105)
(-3.9002, 0.665, 3.7166)
(-4.363, 1.193, 3.8143)
(-4.8354, 1.6894, 3.9128)
(-1.734, -0.9934, 3.761)
(-2.157, -0.5958, 3.8747)
(-2.6585, -0.1303, 4.0064)
(-5.2627, 2.1351, 4.0729)
(-3.1759, 0.323, 4.141)
(-5.4957, 2.5858, 4.23)
(-3.7084, 0.7616, 4.2796)
(-4.2211, 1.2514, 4.388)
(-1.5564, -0.7927, 4.1342)
(-1.9406, -0.4328, 4.2775)
(-4.7202, 1.7345, 4.4748)
(-2.4537, -0.0002, 4.4367)
(-2.9739, 0.4411, 4.583)
(-5.2319, 2.1221, 4.6225)
(-3.5046, 0.8718, 4.7343)
(-5.6194, 2.4833, 4.7516)
(-4.0097, 1.3439, 4.8123)
(-4.5152, 1.8039, 4.873)
(-5.0326, 2.2017, 5.0393)
(-5.4466, 2.508, 5.1609)
(-4.9974, 2.8456, 5.4567)
(-4.4336, 2.5604, 3.4943)
(-4.3781, 2.8365, 3.6067)
(-4.4324, 3.3129, 3.9645)
(-4.5233, 3.594, 4.4826)
(-4.637, 3.5679, 5.0602)
(-4.8026, 3.2345, 5.438)
(-0.9308, -0.139, 4.349)
(-1.3841, 0.2242, 4.4639)
(-1.9165, 0.6428, 4.6179)
(-2.4514, 1.0561, 4.7819)
(-2.984, 1.4588, 4.967)
(-3.5145, 1.8866, 5.0675)
(-4.0376, 2.3567, 5.1637)
(-4.4995, 2.8257, 5.3356)
(-0.5415, 0.2423, 4.1811)
(-1.0553, 0.6755, 4.308)
(-1.612, 1.1028, 4.4289)
(-2.178, 1.503, 4.533)
(-2.7457, 1.9027, 4.6419)
(-3.3108, 2.3396, 4.7909)
(-3.857, 2.7809, 4.9621)
(-4.3121, 3.2209, 5.0948)
(0.8702, -0.0628, 3.4394)
(0.3237, 0.2539, 3.6638)
(-0.2449, 0.634, 3.8364)
(-0.8281, 1.0703, 3.9379)
(-1.4267, 1.4402, 4.0061)
(-2.0312, 1.7774, 4.0551)
(-2.606, 2.1634, 4.1089)
(-3.1726, 2.5517, 4.2513)
(-3.7085, 2.8863, 4.4365)
(-4.1939, 3.2707, 4.5702)
(1.0067, 0.3084, 3.1339)
(0.463, 0.6652, 3.2867)
(-0.1276, 1.0031, 3.3633)
(-0.7494, 1.317, 3.4109)
(-1.3945, 1.5467, 3.4407)
(-2.0241, 1.7975, 3.4662)
(-2.5737, 2.1834, 3.4979)
(-3.1049, 2.4973, 3.6457)
(-3.6398, 2.7111, 3.8951)
(-4.1756, 3.0094, 4.0758)
(1.1089, 0.7063, 2.6944)
(0.5229, 0.9661, 2.7889)
(-0.1185, 1.1674, 2.7919)
(-0.7703, 1.3801, 2.8156)
(-1.4427, 1.5103, 2.8396)
(-2.0852, 1.7122, 2.8623)
(-2.6639, 2.0501, 2.894)
(-3.2165, 2.2871, 3.07)
(-3.7304, 2.4329, 3.4516)
(-4.1916, 2.6219, 3.7409)
(1.1575, 1.0626, 2.2049)
(0.5398, 1.2244, 2.2598)
(-0.1314, 1.2798, 2.214)
(-0.804, 1.3966, 2.2139)
(-1.4852, 1.4999, 2.2346)
(-2.1439, 1.6671, 2.2541)
(-2.7928, 1.867, 2.3011)
(-3.3717, 2.0209, 2.5728)
(-3.808, 2.148, 3.1309)
(-4.1859, 2.3415, 3.5794)
(1.2007, 1.4143, 1.7111)
(0.5678, 1.5707, 1.7652)
(-0.1184, 1.567, 1.7036)
(-0.8065, 1.5836, 1.6637)
(-1.4891, 1.6358, 1.6596)
(-2.1576, 1.7157, 1.6589)
(-2.7842, 1.7535, 1.6672)
(1.238, 1.7565, 1.2114)
(0.5985, 1.9437, 1.2888)
(-0.0895, 1.9735, 1.2566)
(-0.7744, 1.9602, 1.2014)
(-1.4421, 1.9375, 1.1547)
(-2.0923, 1.893, 1.1012)
(-2.6346, 1.7958, 1.0419)
(1.2738, 2.0952, 0.7102)
(0.639, 2.3051, 0.8052)
(-0.0447, 2.3422, 0.7867)
(-0.7154, 2.3005, 0.7233)
(-1.3568, 2.2325, 0.6528)
(-1.9724, 2.1103, 0.5573)
(-2.4687, 1.9293, 0.4476)
(1.3308, 2.4319, 0.2165)
(0.7009, 2.5604, 0.284)
(0.0337, 2.4808, 0.2389)
(-0.618, 2.3974, 0.167)
(-1.2399, 2.3847, 0.0994)
(-1.8279, 2.2931, -0.0031)
(-2.29, 2.0762, -0.1428)
(1.4274, 2.6349, -0.2661)
(0.8067, 2.5476, -0.2547)
(0.1479, 2.4366, -0.3383)
(-0.4896, 2.4521, -0.3927)
(-1.0965, 2.5397, -0.4483)
(-1.671, 2.4611, -0.5714)
(-2.1068, 2.221, -0.74)
(1.3862, 2.8356, -0.7109)
(0.8425, 2.6003, -0.7306)
(0.2742, 2.5462, -0.8572)
(-0.3318, 2.6195, -0.9054)
(-0.9116, 2.6208, -0.9941)
(-1.4659, 2.5261, -1.1415)
(-1.8992, 2.3319, -1.3457)
(1.1241, 3.0672, -1.1457)
(0.6194, 2.8788, -1.029)
(0.1859, 2.8097, -1.1971)
(-0.3129, 2.8379, -1.3623)
(-0.8587, 2.777, -1.4773)
(-1.3873, 2.7298, -1.6675)
(-1.8066, 2.5845, -1.9249)
(0.8097, 3.0074, -1.5713)
(0.3068, 3.0878, -1.2622)
(-0.1326, 3.105, -1.3186)
(-0.5062, 3.1253, -1.6617)
(-0.9322, 3.1768, -1.8828)
(-1.4726, 3.1602, -2.096)
(-1.8657, 2.9968, -2.3915)
(0.6658, 3.0706, -1.9683)
(0.2474, 3.4002, -1.5704)
(-0.2531, 3.5404, -1.4342)
(-0.6996, 3.5411, -1.7566)
(-1.1362, 3.5609, -1.9983)
(-1.7149, 3.4539, -2.1305)
(-2.1189, 3.2395, -2.4243)
(0.8329, 3.4959, -2.2489)
(0.3919, 3.8527, -1.8991)
(-0.1853, 4.026, -1.7345)
(-0.8055, 4.0633, -1.8348)
(-1.4022, 3.9931, -1.9614)
(-1.9476, 3.7525, -2.1558)
(-2.3082, 3.4692, -2.4822)
(1.0443, 3.9297, -2.5364)
(0.4861, 4.241, -2.3092)
(-0.1572, 4.4255, -2.1739)
(-0.8317, 4.5222, -2.1221)
(-1.4804, 4.4621, -2.22)
(-1.9624, 4.1783, -2.5434)
(-2.2327, 3.8511, -2.9225)
(1.0927, 4.2369, -2.9266)
(0.4948, 4.519, -2.7299)
(-0.1484, 4.7241, -2.5825)
(-0.8164, 4.8569, -2.4997)
(-1.4755, 4.8209, -2.5743)
(-1.9517, 4.5443, -2.8913)
(-2.1896, 4.1996, -3.2766)
(-1.2537, -0.4743, 4.3503)
(-1.6924, -0.1658, 4.4571)
(-2.2181, 0.2451, 4.6304)
(-2.7443, 0.6616, 4.8068)
(-3.2672, 1.0692, 4.9966)
(-3.7576, 1.505, 5.0247)
(-4.2596, 1.9666, 5.0367)
(-4.7533, 2.4297, 5.2449)
