(-1.9874, -0.6599, -6.1263)
(-1.3186, -0.5761, -6.2134)
(-0.67, -0.3396, -6.2378)
(-0.0404, -0.0478, -6.2294)
(0.5885, 0.2463, -6.2186)
(-1.9104, -0.8025, -5.7123)
(-1.2405, -0.7458, -5.8147)
(1.192, 0.4974, -6.2235)
(-0.5854, -0.5328, -5.851)
(1.604, 0.5963, -6.1849)
(0.0494, -0.2536, -5.8501)
(0.6801, 0.0359, -5.8422)
(1.2845, 0.2884, -5.8482)
(1.7526, 0.4673, -5.9063)
(-1.8102, -0.9854, -5.1743)
(-1.1396, -0.9629, -5.291)
(-0.4773, -0.7801, -5.3421)
(0.164, -0.5181, -5.3511)
(0.7977, -0.2354, -5.3474)
(1.4019, 0.0168, -5.3531)
(1.87, 0.1858, -5.3726)
(-1.7032, -1.1755, -4.6043)
(-1.0336, -1.188, -4.7342)
(-0.3655, -1.036, -4.7998)
(0.2817, -0.7912, -4.8182)
(0.9178, -0.5154, -4.8186)
(1.522, -0.2667, -4.8254)
(1.9931, -0.1038, -4.8484)
(-1.5942, -1.3619, -4.0332)
(-0.9279, -1.4087, -4.1755)
(-0.2561, -1.2865, -4.2543)
(0.3945, -1.0572, -4.2802)
(1.028, -0.7871, -4.2813)
(1.6262, -0.5405, -4.2855)
(2.0999, -0.3828, -4.3105)
(-1.483, -1.5438, -3.4608)
(-0.822, -1.6254, -3.6152)
(-0.1492, -1.5329, -3.7061)
(0.498, -1.3191, -3.7357)
(1.1158, -1.0559, -3.7312)
(1.6965, -0.804, -3.7245)
(2.154, -0.6247, -3.7324)
(-1.3688, -1.7204, -2.8871)
(-0.7157, -1.8383, -3.0533)
(-0.0459, -1.7767, -3.1552)
(0.5889, -1.5796, -3.1842)
(1.1857, -1.3216, -3.1709)
(1.7447, -1.0587, -3.15)
(2.1791, -0.8509, -3.1379)
(-1.2509, -1.8905, -2.312)
(-0.609, -2.047, -2.4897)
(0.0545, -2.019, -2.6024)
(0.6756, -1.8351, -2.6295)
(1.2544, -1.5779, -2.6078)
(1.7945, -1.3044, -2.5739)
(2.2046, -1.071, -2.5421)
(-1.1283, -2.0526, -1.7353)
(-0.5008, -2.2508, -1.9246)
(0.1552, -2.2603, -2.0502)
(0.7685, -2.0818, -2.0764)
(1.3384, -1.8208, -2.0493)
(1.8705, -1.5428, -2.0087)
(2.2671, -1.2981, -1.9642)
(-1.001, -2.2088, -1.1579)
(-0.3897, -2.4513, -1.359)
(0.2592, -2.5058, -1.5021)
(0.8742, -2.3258, -1.5309)
(1.4497, -2.0588, -1.5046)
(1.9903, -1.7831, -1.4658)
(2.3966, -1.5435, -1.4231)
(-0.8748, -2.3708, -0.5823)
(-0.2774, -2.6589, -0.7955)
(0.3674, -2.7689, -0.9638)
(1.0003, -2.5999, -1.0113)
(1.5963, -2.3248, -0.992)
(2.1542, -2.0447, -0.9552)
(2.5752, -1.8108, -0.9146)
(-0.7539, -2.5401, -0.009)
(-0.1658, -2.8615, -0.2297)
(0.4817, -3.0199, -0.4234)
(1.1478, -2.919, -0.5268)
(1.7735, -2.6448, -0.5257)
(2.3612, -2.3531, -0.4957)
(2.8044, -2.1016, -0.4387)
(-0.6124, -2.6648, 0.5709)
(-0.0315, -2.9931, 0.3513)
(0.6062, -3.1835, 0.148)
(1.28, -3.162, 0.0039)
(1.9358, -2.9432, -0.0444)
(2.5832, -2.7021, -0.08)
(3.3044, -2.4732, -0.1631)
(-0.4532, -2.755, 1.1556)
(0.1237, -3.0753, 0.9382)
(0.7414, -3.298, 0.7301)
(1.3959, -3.3393, 0.5673)
(3.898, -2.82, -0.3002)
(2.0489, -3.1646, 0.4901)
(2.7112, -3.0212, 0.3892)
(4.3434, -3.3302, -0.1503)
(3.3398, -3.031, 0.1565)
(4.7344, -3.8668, 0.0484)
(3.8835, -3.2319, -0.1721)
(-0.2834, -2.8315, 1.7443)
(0.2932, -3.1391, 1.5293)
(0.8878, -3.4158, 1.3085)
(5.0283, -4.0284, 0.0159)
(1.5147, -3.5674, 1.1071)
(4.4336, -3.4794, -0.3574)
(2.1647, -3.5161, 0.9497)
(2.8216, -3.4569, 0.7806)
(4.9278, -3.7766, -0.2598)
(3.4338, -3.5097, 0.5064)
(5.2988, -4.0234, -0.17)
(3.9429, -3.7134, 0.1062)
(-0.1052, -2.8696, 2.3129)
(0.4833, -3.1378, 2.1323)
(1.082, -3.4418, 1.8912)
(4.4848, -3.9185, -0.2474)
(1.6757, -3.7263, 1.6497)
(2.293, -3.859, 1.4027)
(5.0269, -4.0901, -0.4677)
(2.9251, -3.9092, 1.1545)
(0.0446, -2.8844, 2.7655)
(5.4781, -4.147, -0.5342)
(3.5356, -3.9771, 0.8782)
(4.055, -4.1676, 0.49)
(1.3521, -3.3288, 2.4319)
(0.6919, -2.9815, 2.8053)
(4.6084, -4.3525, 0.1249)
(1.9303, -3.6726, 2.1762)
(2.5085, -3.9549, 1.9146)
(5.1594, -4.5036, -0.1851)
(3.0933, -4.1614, 1.6213)
(5.6004, -4.585, -0.3832)
(3.6752, -4.3253, 1.2994)
(4.2387, -4.4884, 0.9442)
(1.2505, -2.8861, 3.0756)
(1.7137, -3.1276, 2.8633)
(4.8106, -4.6572, 0.5989)
(2.2634, -3.4436, 2.6167)
(2.8312, -3.7597, 2.3601)
(5.3591, -4.8179, 0.2884)
(3.3995, -4.0445, 2.0805)
(5.7672, -4.9656, 0.0469)
(3.966, -4.2918, 1.7677)
(4.5299, -4.5114, 1.434)
(1.6499, -2.7109, 3.4026)
(2.0671, -2.8756, 3.2211)
(5.0922, -4.732, 1.1003)
(2.6025, -3.1499, 2.9674)
(3.1687, -3.4465, 2.694)
(5.6222, -4.9554, 0.7973)
(3.7356, -3.739, 2.4171)
(1.9584, -2.5785, 3.5076)
(6.0163, -5.141, 0.5578)
(4.3008, -4.0144, 2.1218)
(2.3001, -2.5653, 3.4591)
(2.8576, -2.8712, 3.1753)
(4.8632, -4.2691, 1.8065)
(3.4226, -3.1703, 2.9088)
(5.4213, -4.5276, 1.4906)
(3.9902, -3.4692, 2.6398)
(4.5564, -3.7509, 2.3491)
(5.9363, -4.8062, 1.2137)
(5.1211, -4.0056, 2.0329)
(6.2931, -5.0505, 1.0088)
(5.6799, -4.252, 1.6996)
(6.3715, -4.8028, 1.2279)
(6.237, -4.524, 1.3754)
(1.653, 4.0573, -4.7286)
(2.0258, 3.5242, -4.9553)
(2.1804, 2.9135, -5.234)
(2.1769, 2.2856, -5.5278)
(2.0739, 1.6638, -5.8149)
(1.6538, 3.8753, -4.3313)
(1.9568, 3.3137, -4.5801)
(1.8866, 1.0926, -6.0687)
(2.146, 2.7087, -4.8496)
(1.7422, 0.7031, -6.1606)
(2.204, 2.087, -5.1378)
(2.1324, 1.4653, -5.4263)
(1.9574, 0.8923, -5.6842)
(1.7634, 0.4836, -5.9014)
(1.6611, 3.6379, -3.813)
(1.8812, 3.0481, -4.0803)
(2.0712, 2.4407, -4.3491)
(2.1996, 1.8254, -4.6286)
(2.191, 1.204, -4.9176)
(2.05, 0.6273, -5.1806)
(1.8777, 0.203, -5.3659)
(1.6536, 3.3752, -3.2703)
(1.784, 2.7675, -3.5538)
(1.9512, 2.1558, -3.826)
(2.1328, 1.5461, -4.0946)
(2.2113, 0.9278, -4.3769)
(2.1353, 0.3463, -4.6453)
(2.0006, -0.0858, -4.8429)
(1.6698, 3.1106, -2.7275)
(1.733, 2.4959, -3.0171)
(1.8416, 1.8763, -3.2984)
(2.0221, 1.2663, -3.5658)
(2.1724, 0.6564, -3.8336)
(2.184, 0.0764, -4.0975)
(2.1087, -0.3645, -4.3077)
(1.728, 2.8508, -2.185)
(1.7755, 2.2391, -2.475)
(1.8184, 1.6117, -2.7583)
(1.9335, 0.9971, -3.0281)
(2.0893, 0.3989, -3.2809)
(2.1818, -0.1685, -3.5265)
(2.1621, -0.6057, -3.7306)
(1.8187, 2.5901, -1.6508)
(1.9413, 2.0004, -1.9489)
(1.9516, 1.3721, -2.2247)
(1.9707, 0.7559, -2.4769)
(2.0457, 0.1611, -2.7168)
(2.1506, -0.397, -2.9434)
(2.1873, -0.8321, -3.1362)
(1.8722, 2.2957, -1.1324)
(2.1366, 1.7579, -1.4367)
(2.2001, 1.1497, -1.7193)
(2.176, 0.5403, -1.949)
(2.1691, -0.0535, -2.1619)
(2.1796, -0.6173, -2.3642)
(2.2112, -1.051, -2.5417)
(1.8613, 1.9558, -0.6384)
(2.2561, 1.4832, -0.9219)
(2.4424, 0.9186, -1.2179)
(2.4553, 0.3228, -1.4555)
(2.3965, -0.2717, -1.6426)
(2.3187, -0.8396, -1.8124)
(2.2738, -1.2783, -1.9637)
(1.7992, 1.5809, -0.1713)
(2.2874, 1.1682, -0.4162)
(2.6113, 0.6655, -0.7031)
(2.7037, 0.0887, -0.9612)
(2.64, -0.5099, -1.1473)
(2.518, -1.0832, -1.2981)
(2.4056, -1.5258, -1.4198)
(1.7864, 1.2672, 0.334)
(2.2881, 0.8622, 0.0927)
(2.6956, 0.4026, -0.1752)
(2.8807, -0.154, -0.4474)
(2.8571, -0.7603, -0.6529)
(2.7253, -1.345, -0.8029)
(2.5867, -1.7948, -0.9107)
(1.8927, 1.0882, 0.8946)
(2.3684, 0.6615, 0.6444)
(2.7314, 0.1582, 0.3638)
(3.0062, -0.3857, 0.0828)
(3.0574, -0.996, -0.1476)
(2.9441, -1.6021, -0.3146)
(2.8202, -2.0852, -0.4332)
(1.9817, 0.8837, 1.4577)
(2.4486, 0.4467, 1.2015)
(2.8417, -0.0398, 0.9174)
(3.1557, -0.5679, 0.6314)
(3.2521, -1.1772, 0.3786)
(3.2298, -1.7967, 0.1485)
(3.3217, -2.4612, -0.1571)
(2.0181, 0.6121, 1.9987)
(2.5146, 0.2035, 1.7515)
(2.967, -0.2325, 1.4739)
(3.3315, -0.7179, 1.1837)
(3.9107, -2.8097, -0.2877)
(3.4955, -1.2893, 0.8912)
(3.6163, -1.8536, 0.5659)
(4.3499, -3.3224, -0.1325)
(3.8098, -2.4013, 0.2834)
(4.7371, -3.8623, 0.0698)
(4.2467, -2.7333, -0.0408)
(1.9923, 0.2737, 2.5044)
(2.528, -0.0902, 2.287)
(3.0375, -0.4726, 2.0233)
(5.0103, -4.0613, 0.0573)
(3.4836, -0.8886, 1.7281)
(4.6867, -3.1716, -0.2066)
(3.7544, -1.3833, 1.3859)
(3.9254, -1.9024, 1.0435)
(5.0604, -3.6625, -0.1451)
(4.2104, -2.3881, 0.7219)
(5.3359, -4.0414, -0.0635)
(4.6599, -2.6916, 0.3396)
(1.9185, -0.0909, 2.9642)
(2.4697, -0.4337, 2.8098)
(3.0279, -0.7848, 2.5519)
(5.1327, -3.0228, 0.0024)
(3.5361, -1.1464, 2.2615)
(3.864, -1.5763, 1.8943)
(5.5207, -3.4657, -0.2002)
(4.2215, -1.9333, 1.499)
(1.8373, -0.3938, 3.3237)
(5.7657, -3.8751, -0.2773)
(4.6132, -2.3252, 1.1406)
(5.0582, -2.6859, 0.7904)
(2.9359, -1.1884, 3.0024)
(2.2702, -0.8576, 3.3724)
(5.5449, -2.9825, 0.4267)
(3.4999, -1.4986, 2.7181)
(3.9604, -1.8458, 2.377)
(5.9601, -3.3718, 0.1293)
(4.3634, -2.1822, 1.9748)
(6.2414, -3.7294, -0.0624)
(4.8541, -2.449, 1.6154)
(5.3569, -2.7483, 1.2701)
(2.3786, -1.4225, 3.5512)
(2.7961, -1.6837, 3.2856)
(5.8544, -3.0648, 0.9244)
(3.3094, -1.9801, 2.9789)
(3.8587, -2.2826, 2.712)
(6.3033, -3.4153, 0.6165)
(4.3592, -2.5855, 2.3736)
(6.6303, -3.7114, 0.3907)
(4.8521, -2.8578, 1.997)
(5.3995, -3.1165, 1.6845)
(2.2537, -1.9291, 3.6736)
(2.5837, -2.1809, 3.4252)
(5.9552, -3.3867, 1.3874)
(3.0773, -2.4768, 3.1282)
(3.6348, -2.7761, 2.8563)
(6.47, -3.6657, 1.1066)
(4.1796, -3.0713, 2.556)
(2.1991, -2.2713, 3.6251)
(6.8567, -3.8862, 0.8872)
(4.707, -3.3526, 2.2185)
(2.3141, -2.5503, 3.462)
(2.8716, -2.8563, 3.1776)
(5.2788, -3.6045, 1.9337)
(3.4424, -3.1601, 2.9129)
(5.8599, -3.8554, 1.6603)
(4.0104, -3.4628, 2.6481)
(4.5757, -3.7483, 2.3603)
(6.4025, -4.1034, 1.4035)
(5.1399, -4.0002, 2.0427)
(6.8095, -4.2785, 1.2141)
(5.6977, -4.2437, 1.7082)
(6.5796, -4.5036, 1.3052)
(6.2489, -4.5081, 1.3805)
(-2.6022, -0.4664, -5.9661)
(-3.0101, 0.0017, -5.7302)
(-3.1683, 0.6201, -5.4969)
(-3.1646, 1.2731, -5.2711)
(-3.0959, 1.9259, -5.0456)
(-3.0268, 2.5786, -4.8193)
(-2.5218, -0.5993, -5.5364)
(-2.9449, -0.1339, -5.3119)
(-3.1335, 0.4776, -5.0817)
(-2.9968, 3.1951, -4.6045)
(-3.1569, 1.1288, -4.8549)
(-3.0163, 3.5682, -4.4009)
(-3.1034, 1.7822, -4.629)
(-3.0393, 2.4352, -4.4027)
(-3.0078, 3.0534, -4.1888)
(-3.0249, 3.5412, -4.061)
(-2.4191, -0.767, -4.9909)
(-2.8582, -0.3088, -4.7689)
(-3.0826, 0.2917, -4.5391)
(-3.1402, 0.9394, -4.3111)
(-3.1071, 1.5933, -4.0846)
(-3.0509, 2.2468, -3.858)
(-3.0185, 2.8646, -3.6439)
(-3.0241, 3.3354, -3.4818)
(-2.3092, -0.9412, -4.4159)
(-2.7636, -0.4916, -4.1944)
(-3.0233, 0.0957, -3.9647)
(-3.1152, 0.7383, -3.7358)
(-3.1023, 1.392, -3.5085)
(-3.0537, 2.0454, -3.2819)
(-3.0238, 2.662, -3.0675)
(-3.0361, 3.1337, -2.9048)
(-2.1966, -1.1118, -3.8399)
(-2.6658, -0.6715, -3.6192)
(-2.9595, -0.0992, -3.3902)
(-3.0836, 0.5367, -3.1608)
(-3.0877, 1.1884, -2.933)
(-3.0428, 1.8371, -2.7065)
(-3.0107, 2.4468, -2.4923)
(-3.0283, 2.9188, -2.3283)
(-2.0807, -1.2777, -3.263)
(-2.5644, -0.8478, -3.0432)
(-2.8916, -0.2925, -2.8156)
(-3.0465, 0.3342, -2.5861)
(-3.0641, 0.9769, -2.3581)
(-3.0171, 1.6078, -2.1327)
(-2.9694, 2.2021, -1.9201)
(-2.9551, 2.6655, -1.7572)
(-1.9609, -1.4382, -2.6849)
(-2.4587, -1.0194, -2.4664)
(-2.8197, -0.4841, -2.2408)
(-3.005, 0.1291, -2.0117)
(-3.0325, 0.7536, -1.7842)
(-2.9789, 1.3619, -1.5605)
(-2.9083, 1.9389, -1.3507)
(-2.8531, 2.3904, -1.1921)
(-1.8361, -1.5918, -2.1058)
(-2.3478, -1.1853, -1.8886)
(-2.7435, -0.6738, -1.6656)
(-2.9603, -0.0783, -1.4378)
(-2.994, 0.5282, -1.2113)
(-2.9315, 1.1185, -0.9895)
(-2.8397, 1.6809, -0.7823)
(-2.746, 2.118, -0.6279)
(-1.7058, -1.7374, -1.5255)
(-2.2307, -1.3438, -1.3098)
(-2.6627, -0.8603, -1.09)
(-2.9151, -0.2846, -0.8645)
(-2.9508, 0.3125, -0.6394)
(-2.88, 0.8956, -0.419)
(-2.7785, 1.4513, -0.2118)
(-2.6649, 1.8784, -0.0575)
(-1.5718, -1.8777, -0.9447)
(-2.1094, -1.4959, -0.7299)
(-2.5794, -1.0428, -0.5134)
(-2.8761, -0.4888, -0.2915)
(-2.9128, 0.1113, -0.0682)
(-2.8394, 0.7021, 0.1525)
(-2.7433, 1.2644, 0.3631)
(-2.6376, 1.6977, 0.5224)
(-1.4424, -2.0241, -0.3655)
(-1.9935, -1.6509, -0.1502)
(-2.503, -1.2269, 0.0641)
(-2.8573, -0.6947, 0.2812)
(-2.9184, -0.079, 0.5017)
(-2.8483, 0.5349, 0.7243)
(-2.755, 1.1142, 0.9405)
(-2.66, 1.5581, 1.1071)
(-1.3195, -2.1791, 0.2109)
(-1.8834, -1.8131, 0.4274)
(-2.4215, -1.4103, 0.6415)
(-2.829, -0.8904, 0.8549)
(-2.9837, -0.2617, 1.0681)
(-2.9327, 0.3823, 1.2907)
(-2.8425, 0.994, 1.5122)
(-2.7316, 1.4593, 1.6974)
(-1.1755, -2.3027, 0.7897)
(-1.739, -1.9397, 1.0062)
(-2.2801, -1.546, 1.22)
(-2.7157, -1.0459, 1.431)
(-2.9581, -0.4352, 1.6404)
(-2.9869, 0.2233, 1.8553)
(-2.9879, 0.8813, 2.0687)
(-3.0446, 1.609, 2.2836)
(-1.0118, -2.3977, 1.3718)
(-1.5688, -2.037, 1.5866)
(-2.1009, -1.6433, 1.7977)
(-2.5591, -1.1727, 2.0054)
(-2.8549, -0.6005, 2.2109)
(-3.5633, 1.9775, 2.578)
(-2.9298, 0.0447, 2.4167)
(-3.0495, 0.689, 2.6137)
(-4.0332, 2.0563, 3.082)
(-3.3517, 1.274, 2.7388)
(-4.4851, 2.0645, 3.6074)
(-0.8379, -2.4792, 1.9573)
(-3.8332, 1.7299, 2.806)
(-1.3881, -2.1206, 2.1711)
(-1.9085, -1.7219, 2.38)
(-2.4106, -1.291, 2.5835)
(-4.717, 2.241, 3.7766)
(-2.8029, -0.78, 2.7809)
(-4.2839, 2.1243, 3.006)
(-3.0028, -0.1681, 2.9638)
(-3.2383, 0.4503, 3.1252)
(-4.619, 2.3617, 3.4229)
(-3.5963, 1.0143, 3.2215)
(-4.882, 2.5237, 3.7563)
(-4.1057, 1.4636, 3.2152)
(-0.6625, -2.5366, 2.5062)
(-1.188, -2.1732, 2.7313)
(-1.6623, -1.7574, 2.9614)
(-2.1982, -1.3303, 3.159)
(-4.603, 1.9237, 3.2618)
(-2.7149, -0.8979, 3.3482)
(-3.1111, -0.3711, 3.4972)
(-5.007, 2.358, 3.4046)
(-3.4563, 0.2034, 3.6232)
(-0.5375, -2.5748, 2.8932)
(-1.0186, -2.2014, 3.1763)
(-5.2151, 2.7245, 3.5889)
(-3.8236, 0.7603, 3.7228)
(-4.3191, 1.2207, 3.7269)
(-1.9134, -1.2273, 3.6941)
(-1.2594, -1.7272, 3.5596)
(-4.8079, 1.704, 3.7638)
(-2.4839, -0.8315, 3.8823)
(-3.0063, -0.405, 4.0468)
(-5.2409, 2.184, 3.8329)
(-3.484, 0.0732, 4.1642)
(-5.5301, 2.5715, 3.9154)
(-3.941, 0.5773, 4.2438)
(-4.4091, 1.0768, 4.2875)
(-1.2027, -1.3083, 4.0239)
(-1.6354, -0.9725, 4.1579)
(-4.879, 1.5777, 4.3448)
(-2.1707, -0.5899, 4.3307)
(-2.7163, -0.1898, 4.5045)
(-5.3182, 2.0522, 4.4158)
(-3.2474, 0.2333, 4.65)
(-5.6734, 2.3953, 4.4692)
(-3.7635, 0.683, 4.7559)
(-4.2669, 1.15, 4.8348)
(-1.0082, -1.0011, 4.43)
(-1.3495, -0.677, 4.5418)
(-4.7703, 1.6155, 4.9133)
(-1.85, -0.2842, 4.6883)
(-2.3873, 0.1294, 4.8414)
(-5.2515, 2.0437, 5.0012)
(-2.9232, 0.5467, 4.9908)
(-0.9333, -0.7181, 4.6253)
(-5.6325, 2.3572, 5.0618)
(-3.4534, 0.9766, 5.1191)
(-1.0412, -0.4149, 4.7509)
(-1.5888, -0.0092, 4.8938)
(-3.9758, 1.4203, 5.2231)
(-2.1245, 0.4003, 5.0525)
(-4.5004, 1.8588, 5.3259)
(-2.6621, 0.8126, 5.2104)
(-3.1952, 1.2392, 5.3448)
(-5.0099, 2.2403, 5.4455)
(-3.7188, 1.685, 5.449)
(-5.4117, 2.4846, 5.5343)
(-4.2422, 2.135, 5.5342)
(-5.1214, 2.5968, 5.67)
(-4.7818, 2.5691, 5.634)
(1.1232, 4.4659, -4.5264)
(0.5391, 4.7759, -4.3005)
(-0.1163, 4.9049, -4.1325)
(-0.7999, 4.8328, -4.0873)
(-1.4607, 4.6267, -4.1262)
(-2.086, 4.3409, -4.2101)
(1.187, 4.3142, -4.105)
(0.5859, 4.5698, -3.9176)
(-0.0838, 4.6357, -3.7914)
(-2.6299, 3.9992, -4.325)
(-0.7679, 4.5884, -3.7263)
(-2.9557, 3.7263, -4.3462)
(-1.4379, 4.4318, -3.734)
(-2.0722, 4.1712, -3.8041)
(-2.6227, 3.8396, -3.9159)
(-3.0122, 3.5563, -4.0569)
(1.257, 4.1059, -3.5719)
(0.6455, 4.308, -3.4141)
(-0.0329, 4.2997, -3.3325)
(-0.7191, 4.2479, -3.2682)
(-1.3992, 4.1454, -3.2395)
(-2.0506, 3.9346, -3.2805)
(-2.6158, 3.6301, -3.3787)
(-3.0088, 3.3478, -3.478)
(1.3138, 3.8625, -3.0179)
(0.7005, 4.0117, -2.8915)
(0.0246, 3.926, -2.861)
(-0.6601, 3.8546, -2.8089)
(-1.3454, 3.7933, -2.7485)
(-2.0151, 3.6507, -2.7444)
(-2.6047, 3.3977, -2.8143)
(-3.0208, 3.1466, -2.9025)
(1.3607, 3.6015, -2.4699)
(0.7488, 3.7234, -2.3628)
(0.082, 3.5834, -2.367)
(-0.5974, 3.4673, -2.3453)
(-1.2821, 3.4065, -2.2831)
(-1.9582, 3.3207, -2.236)
(-2.5684, 3.137, -2.261)
(-3.0143, 2.9337, -2.3274)
(1.398, 3.332, -1.9254)
(0.7872, 3.4743, -1.8139)
(0.1273, 3.3222, -1.8274)
(-0.5411, 3.1519, -1.8355)
(-1.212, 3.0386, -1.804)
(-1.8725, 2.9587, -1.7455)
(-2.4861, 2.8398, -1.7213)
(-2.9409, 2.6804, -1.7577)
(1.4178, 3.0446, -1.392)
(0.8107, 3.2563, -1.2544)
(0.1448, 3.1777, -1.2443)
(-0.5116, 2.9782, -1.2618)
(-1.1477, 2.7804, -1.2625)
(-1.7758, 2.6326, -1.2337)
(-2.3761, 2.5224, -1.1914)
(-2.839, 2.4054, -1.1929)
(1.4029, 2.7183, -0.8813)
(0.8071, 2.9984, -0.7148)
(0.1423, 3.064, -0.6561)
(-0.5143, 2.9146, -0.6593)
(-1.1214, 2.6764, -0.6654)
(-1.7114, 2.4523, -0.6563)
(-2.2784, 2.258, -0.6383)
(-2.7312, 2.1327, -0.6307)
(1.347, 2.3511, -0.403)
(0.775, 2.6816, -0.207)
(0.14, 2.8774, -0.0895)
(-0.5223, 2.8422, -0.0594)
(-1.1324, 2.6384, -0.0586)
(-1.6988, 2.3697, -0.0544)
(-2.2283, 2.0916, -0.0528)
(-2.6502, 1.8931, -0.0599)
(1.263, 1.9592, 0.0481)
(0.7135, 2.3175, 0.2671)
(0.1278, 2.6137, 0.4453)
(-0.5213, 2.7053, 0.5252)
(-1.1489, 2.5695, 0.5396)
(-1.7196, 2.298, 0.5423)
(-2.2329, 1.9773, 0.539)
(-2.6238, 1.7124, 0.5238)
(1.2626, 1.6549, 0.5598)
(0.7059, 2.0024, 0.7717)
(0.1266, 2.3186, 0.961)
(-0.5034, 2.5013, 1.0863)
(-1.1491, 2.4459, 1.124)
(-1.7445, 2.2008, 1.129)
(-2.2643, 1.8665, 1.1247)
(-2.6482, 1.5739, 1.1107)
(1.3679, 1.4761, 1.1242)
(0.8064, 1.8225, 1.3332)
(0.2086, 2.1084, 1.5119)
(-0.4459, 2.2569, 1.6273)
(-1.114, 2.2823, 1.6945)
(-1.7441, 2.0924, 1.7116)
(-2.2966, 1.7683, 1.7087)
(-2.7198, 1.4786, 1.7044)
(1.4553, 1.2702, 1.6871)
(0.8903, 1.6127, 1.8948)
(0.2842, 1.8897, 2.0696)
(-0.3676, 2.0658, 2.1915)
(-1.0385, 2.1362, 2.2695)
(-1.6939, 2.001, 2.2909)
(-2.3132, 1.7679, 2.2863)
(-3.0369, 1.6269, 2.2934)
(1.4751, 0.9785, 2.216)
(0.9177, 1.3278, 2.4283)
(0.3348, 1.6418, 2.6191)
(-0.2875, 1.8875, 2.7619)
(-0.9478, 2.005, 2.8441)
(-3.5522, 1.9889, 2.5911)
(-1.6084, 1.9793, 2.8593)
(-2.2643, 1.9272, 2.8325)
(-4.0198, 2.06, 3.0971)
(-2.9057, 1.9137, 2.8742)
(-4.4716, 2.0623, 3.6245)
(1.423, 0.6038, 2.6911)
(-3.4594, 2.2207, 2.934)
(0.8887, 0.9672, 2.9183)
(0.3511, 1.3273, 3.1421)
(-0.2313, 1.6402, 3.3118)
(-4.7186, 2.1967, 3.8123)
(-0.8729, 1.8282, 3.3961)
(-4.0249, 2.4314, 3.1562)
(-1.5091, 1.9772, 3.4117)
(-2.1479, 2.0032, 3.3856)
(-4.5053, 2.4894, 3.5446)
(-2.786, 2.1099, 3.4218)
(-4.8534, 2.5128, 3.8679)
(-3.3499, 2.459, 3.4327)
(1.3519, 0.228, 3.1178)
(0.8473, 0.5861, 3.3696)
(0.3463, 0.9388, 3.6366)
(-0.2103, 1.3255, 3.8314)
(-3.9209, 2.8011, 3.4995)
(-0.8102, 1.6376, 3.9441)
(-1.4376, 1.8298, 3.9426)
(-4.4942, 2.9782, 3.6679)
(-2.0281, 2.0841, 3.9122)
(1.302, -0.0348, 3.4207)
(0.8091, 0.2671, 3.7223)
(-4.9378, 3.0142, 3.8566)
(-2.6374, 2.338, 3.939)
(-3.2311, 2.6477, 3.9915)
(-0.3052, 0.9059, 4.2608)
(0.3316, 0.3915, 4.1239)
(-3.7909, 3.0248, 4.0335)
(-0.8615, 1.3115, 4.4065)
(-1.446, 1.634, 4.4684)
(-4.3741, 3.2793, 4.1224)
(-2.0353, 1.9346, 4.449)
(-4.8415, 3.4053, 4.2202)
(-2.5707, 2.3273, 4.4827)
(-3.1276, 2.7117, 4.5473)
(-0.076, 0.1588, 4.501)
(-0.5398, 0.4631, 4.5719)
(-3.6977, 3.0832, 4.615)
(-1.0781, 0.8443, 4.6748)
(-1.6119, 1.2392, 4.8288)
(-4.2637, 3.3861, 4.6997)
(-2.1683, 1.6164, 4.8987)
(-4.7103, 3.5881, 4.7734)
(-2.7166, 2.014, 4.9225)
(-3.2368, 2.4427, 5.0217)
(-0.3981, -0.221, 4.6994)
(-0.8208, 0.0104, 4.7405)
(-3.7613, 2.8679, 5.1419)
(-1.349, 0.3721, 4.8383)
(-1.8848, 0.7769, 4.9908)
(-4.2736, 3.2498, 5.2581)
(-2.4286, 1.182, 5.1102)
(-0.6886, -0.4115, 4.742)
(-4.6715, 3.5342, 5.3423)
(-2.9743, 1.5913, 5.1859)
(-1.0312, -0.3971, 4.7556)
(-1.5795, 0.0085, 4.8981)
(-3.4815, 2.0347, 5.3188)
(-2.1196, 0.4199, 5.0628)
(-3.9854, 2.4822, 5.4648)
(-2.6584, 0.8294, 5.2252)
(-3.193, 1.2525, 5.3627)
(-4.468, 2.894, 5.6042)
(-3.7146, 1.6997, 5.4645)
(-4.8199, 3.2068, 5.7078)
(-4.2361, 2.1509, 5.5474)
(-4.8962, 2.8828, 5.7391)
(-4.7695, 2.5848, 5.6389)
(2.4011, -1.5346, -1.4215)
(1.8739, 0.1944, -5.3692)
(2.3071, -2.5578, 3.4606)
(2.1832, -0.8415, -3.1371)
(2.8646, -2.8637, 3.1764)
(3.4325, -3.1652, 2.9109)
(2.581, -1.8028, -0.9126)
(4.0003, -3.466, 2.6439)
(4.5661, -3.7496, 2.3547)
(5.1305, -4.0029, 2.0378)
(5.6888, -4.2478, 1.7039)
(1.9969, -0.0948, -4.8456)
(6.243, -4.5161, 1.3779)
(2.2079, -1.061, -2.5419)
(2.2705, -1.2882, -1.9639)
(3.9044, -2.8149, -0.2939)
(2.8123, -2.0934, -0.436)
(3.3131, -2.4672, -0.1601)
(4.3466, -3.3263, -0.1414)
(4.7358, -3.8646, 0.0591)
(1.758, 0.4755, -5.9039)
(2.1043, -0.3737, -4.3091)
(2.158, -0.6152, -3.7315)
(6.1295, -4.9323, 1.105)
(6.069, -4.6723, 1.3271)
(6.3198, -4.6639, 1.3031)
(6.3638, -4.9368, 1.1408)
(4.8817, -3.965, 0.0393)
(4.836, -3.7671, -0.115)
(5.124, -3.9064, -0.2077)
(5.1712, -4.0343, -0.0419)
(4.9839, -3.8981, -0.4043)
(5.2612, -4.1294, -0.5134)
(5.4003, -4.0466, -0.3765)
(5.084, -4.3014, -0.378)
(5.3905, -4.5506, -0.2943)
(5.5398, -4.3461, -0.5229)
(5.2517, -4.6775, 0.043)
(5.5765, -4.8928, 0.1616)
(5.6744, -4.797, -0.185)
(5.4811, -4.9185, 0.5443)
(5.832, -5.052, 0.6719)
(5.881, -5.0847, 0.2989)
(5.7818, -4.9104, 1.0299)
(6.1654, -5.125, 0.8059)
(1.4739, -2.9995, 2.9727)
(1.4684, -2.8008, 3.2532)
(1.8474, -2.7828, 3.3185)
(1.899, -3.0051, 3.0574)
(1.9808, -3.2796, 2.743)
(2.3236, -3.0028, 3.1011)
(2.4398, -3.2982, 2.8078)
(2.5475, -3.605, 2.4897)
(2.8854, -3.2987, 2.8308)
(3.0067, -3.605, 2.5431)
(3.1153, -3.9066, 2.2243)
(3.4522, -3.5939, 2.5569)
(3.5737, -3.8977, 2.2667)
(3.6831, -4.1727, 1.9279)
(4.0185, -3.8796, 2.2723)
(4.1387, -4.1645, 1.9644)
(4.2482, -4.4033, 1.6022)
(4.5825, -4.1434, 1.9659)
(4.7007, -4.4076, 1.6411)
(4.811, -4.6203, 1.2657)
(5.1428, -4.3954, 1.6466)
(5.2596, -4.6529, 1.318)
(5.3698, -4.8464, 0.9417)
(5.6939, -4.668, 1.3438)
(1.0537, -3.1662, 2.5751)
(0.9898, -2.9513, 2.9166)
(1.526, -3.2366, 2.6581)
(1.6419, -3.5019, 2.3025)
(2.0903, -3.5733, 2.4072)
(2.2187, -3.8244, 2.0483)
(2.6603, -3.8855, 2.1502)
(2.8002, -4.0661, 1.7718)
(3.2329, -4.1436, 1.8608)
(3.3862, -4.2457, 1.4648)
(3.8044, -4.3558, 1.5372)
(3.9579, -4.4058, 1.1236)
(4.3722, -4.5415, 1.1938)
(4.5227, -4.5729, 0.7688)
(4.9412, -4.7312, 0.8538)
(5.0974, -4.7392, 0.4362)
(-0.3872, -2.7102, 2.405)
(-0.595, -2.557, 2.715)
(-0.2571, -2.7456, 2.8097)
(-0.0273, -2.8783, 2.5503)
(0.1858, -3.006, 2.227)
(0.3684, -2.9625, 2.759)
(0.5901, -3.0961, 2.4291)
(0.7833, -3.2845, 2.0166)
(1.205, -3.4003, 2.1729)
(1.3777, -3.5971, 1.7695)
(1.7908, -3.7269, 1.9201)
(1.9813, -3.8102, 1.5272)
(2.3863, -3.9459, 1.6579)
(2.608, -3.8888, 1.2783)
(2.994, -4.0759, 1.3794)
(3.24, -3.9311, 1.0278)
(3.5917, -4.1854, 1.0798)
(3.7999, -4.0634, 0.6911)
(4.1348, -4.3556, 0.7082)
(4.3252, -4.2643, 0.3012)
(4.7002, -4.5261, 0.3541)
(4.8934, -4.4351, -0.0417)
(-0.5619, -2.6584, 1.8507)
(-0.7465, -2.5111, 2.2467)
(-0.1928, -2.8552, 2.0388)
(0.0022, -2.9898, 1.6376)
(0.3847, -3.1496, 1.8322)
(0.5874, -3.2847, 1.4187)
(0.9772, -3.4457, 1.6006)
(1.1974, -3.5166, 1.2028)
(1.5861, -3.6672, 1.3773)
(1.8376, -3.5575, 1.0248)
(2.2233, -3.7055, 1.1693)
(2.4941, -3.4778, 0.8724)
(2.8716, -3.6936, 0.9599)
(3.14, -3.4633, 0.6618)
(3.4847, -3.7475, 0.6885)
(3.6934, -3.6015, 0.3125)
(3.992, -3.9503, 0.2893)
(4.2075, -3.8188, -0.0839)
(4.535, -4.1486, -0.0827)
(4.7637, -4.0148, -0.378)
(-0.7331, -2.5778, 1.2639)
(-0.9265, -2.4406, 1.664)
(-0.3701, -2.7965, 1.449)
(-0.1686, -2.9232, 1.0467)
(0.2065, -3.1115, 1.2319)
(0.4267, -3.2034, 0.8316)
(0.8112, -3.3608, 1.019)
(1.0668, -3.3484, 0.6386)
(1.453, -3.4503, 0.8393)
(1.7221, -3.2655, 0.5226)
(2.106, -3.3255, 0.7289)
(2.3799, -3.0785, 0.4511)
(2.767, -3.2252, 0.5956)
(3.0354, -3.0011, 0.2914)
(3.3832, -3.2691, 0.329)
(3.6165, -3.1168, -0.0081)
(3.9063, -3.4661, -0.0548)
(4.1584, -3.3503, -0.2999)
(4.4582, -3.6758, -0.3456)
(4.6949, -3.6278, -0.3275)
(-0.8942, -2.4843, 0.6807)
(-1.0952, -2.3524, 1.0804)
(-0.5342, -2.7121, 0.8629)
(-0.327, -2.8392, 0.4606)
(0.0441, -3.0372, 0.6447)
(0.2801, -3.1113, 0.2455)
(0.673, -3.2414, 0.4393)
(0.9426, -3.2018, 0.0645)
(1.339, -3.2495, 0.2861)
(1.6104, -3.0669, -0.0284)
(1.9955, -3.0498, 0.2246)
(2.2597, -2.8185, -0.0588)
(2.6558, -2.8564, 0.155)
(2.912, -2.5962, -0.114)
(3.3096, -2.7913, -0.0094)
(3.6012, -2.6466, -0.2316)
(3.8766, -3.0274, -0.2336)
(4.1207, -3.0751, -0.2252)
(4.3911, -3.3775, -0.2768)
(4.5389, -3.5985, -0.0509)
(-1.0374, -2.3606, 0.1015)
(-1.2507, -2.2456, 0.4999)
(-0.6861, -2.6087, 0.2801)
(-0.4657, -2.7122, -0.1201)
(-0.1019, -2.9365, 0.0592)
(0.1514, -2.9698, -0.3338)
(0.5425, -3.1126, -0.1411)
(0.8173, -2.9999, -0.4893)
(1.2167, -3.0537, -0.2688)
(1.4649, -2.7934, -0.5352)
(1.8603, -2.8053, -0.2928)
(2.0768, -2.4939, -0.5108)
(2.4788, -2.5299, -0.291)
(2.6108, -2.2279, -0.4803)
(3.0544, -2.2874, -0.3009)
(-1.1608, -2.2012, -0.4737)
(-1.3818, -2.103, -0.0772)
(-0.8152, -2.4578, -0.2959)
(-0.582, -2.5279, -0.6906)
(-0.223, -2.7654, -0.5139)
(0.042, -2.7469, -0.8914)
(0.4235, -2.9015, -0.6961)
(0.6885, -2.711, -1.0011)
(1.0736, -2.7609, -0.7696)
(1.3012, -2.4671, -1.006)
(1.6832, -2.4805, -0.7554)
(1.8871, -2.1805, -0.974)
(2.2519, -2.1912, -0.717)
(2.3803, -1.9245, -0.9368)
(2.6898, -1.9562, -0.6767)
(-1.2906, -2.0504, -1.0517)
(-1.5058, -1.9491, -0.6547)
(-0.937, -2.2879, -0.8696)
(-0.7016, -2.3467, -1.2618)
(-0.3331, -2.5537, -1.077)
(-0.0656, -2.5086, -1.4428)
(0.3127, -2.6354, -1.2318)
(0.573, -2.4373, -1.5285)
(0.9339, -2.4557, -1.2657)
(1.1645, -2.1966, -1.521)
(1.5182, -2.1854, -1.2424)
(1.7315, -1.9179, -1.4855)
(2.0669, -1.9097, -1.2056)
(2.2088, -1.6608, -1.4464)
(2.4859, -1.6771, -1.1688)
(-1.4231, -1.906, -1.6316)
(-1.6389, -1.8077, -1.2351)
(-1.0651, -2.1309, -1.4466)
(-0.8206, -2.1711, -1.8347)
(-0.4456, -2.3509, -1.6417)
(-0.1717, -2.2816, -1.9989)
(0.2067, -2.3814, -1.7752)
(0.4689, -2.1885, -2.0738)
(0.8194, -2.2027, -1.802)
(1.0564, -1.9569, -2.0664)
(1.39, -1.9389, -1.7744)
(1.616, -1.6796, -2.0293)
(1.9246, -1.6616, -1.7339)
(2.0851, -1.4179, -1.9886)
(2.3318, -1.4208, -1.6936)
(-1.5515, -1.7561, -2.2109)
(-1.7717, -1.6656, -1.8157)
(-1.1902, -1.9726, -2.0238)
(-0.9357, -1.9899, -2.4065)
(-0.5552, -2.1496, -2.2074)
(-0.2756, -2.056, -2.5565)
(0.1046, -2.1397, -2.3261)
(0.3718, -1.9414, -2.6251)
(0.7208, -1.9596, -2.3524)
(0.968, -1.712, -2.622)
(1.2936, -1.7009, -2.3275)
(1.536, -1.4385, -2.5908)
(1.8278, -1.4241, -2.2892)
(2.0137, -1.1839, -2.5586)
(2.2358, -1.1846, -2.2531)
(-1.6745, -1.598, -2.789)
(-1.8992, -1.516, -2.3955)
(-1.3104, -1.8064, -2.5997)
(-1.0475, -1.8017, -2.9765)
(-0.6625, -1.9432, -2.7717)
(-0.3792, -1.8284, -3.1136)
(0.0045, -1.898, -2.8789)
(0.2773, -1.6903, -3.1774)
(0.6321, -1.7083, -2.9069)
(0.89, -1.4548, -3.1805)
(1.2191, -1.4513, -2.8892)
(1.4768, -1.1858, -3.1599)
(1.7678, -1.1827, -2.8614)
(1.9737, -0.9491, -3.143)
(2.1918, -0.961, -2.84)
(-1.793, -1.433, -3.3658)
(-2.0213, -1.3588, -2.9741)
(-1.4263, -1.6328, -3.1741)
(-1.1571, -1.6079, -3.5449)
(-0.7689, -1.7323, -3.3345)
(-0.4843, -1.5984, -3.6691)
(-0.0971, -1.655, -3.4309)
(0.1786, -1.4365, -3.7272)
(0.5446, -1.4497, -3.4606)
(0.8091, -1.1901, -3.7356)
(1.1521, -1.1894, -3.4519)
(1.4181, -0.9233, -3.7267)
(1.722, -0.9325, -3.4382)
(1.9353, -0.7067, -3.7262)
(2.1665, -0.7378, -3.4352)
(-1.9079, -1.2625, -3.9415)
(-2.1391, -1.1954, -3.5516)
(-1.5389, -1.4534, -3.7471)
(-1.2649, -1.4094, -4.1119)
(-0.875, -1.5176, -3.8956)
(-0.5903, -1.3652, -4.2227)
(-0.2023, -1.4101, -3.9806)
(0.0721, -1.181, -4.2723)
(0.4478, -1.1884, -4.0088)
(0.7123, -0.9236, -4.2819)
(1.0748, -0.9217, -4.0079)
(1.3395, -0.6554, -4.2818)
(1.6654, -0.6734, -4.0074)
(1.8719, -0.4515, -4.294)
(2.127, -0.5038, -4.0215)
(-2.0198, -1.0874, -4.5161)
(-2.2533, -1.027, -4.1281)
(-1.649, -1.2692, -4.3189)
(-1.3714, -1.2067, -4.6775)
(-0.9808, -1.2988, -4.4551)
(-0.6974, -1.128, -4.7744)
(-0.3106, -1.1619, -4.5274)
(-0.0396, -0.921, -4.8131)
(0.3389, -0.9249, -4.5499)
(0.6001, -0.654, -4.8189)
(0.975, -0.652, -4.5513)
(1.2324, -0.3824, -4.8202)
(1.5775, -0.405, -4.5578)
(1.7693, -0.1769, -4.8348)
(2.0465, -0.2433, -4.5795)
(-2.1294, -0.9085, -5.0896)
(-2.3645, -0.8545, -4.7035)
(-1.7569, -1.0809, -4.8894)
(-1.477, -1.0, -5.2415)
(-1.0866, -1.076, -5.0129)
(-0.8057, -0.8861, -5.3236)
(-0.4211, -0.9088, -5.0714)
(-0.1546, -0.6548, -5.35)
(0.2234, -0.6556, -5.0853)
(0.4808, -0.3766, -5.3492)
(0.8585, -0.3765, -5.0838)
(1.1121, -0.1004, -5.3483)
(1.4629, -0.1258, -5.0901)
(1.6491, 0.1084, -5.3623)
(1.9316, 0.041, -5.1105)
(-2.2317, -0.7364, -5.6327)
(-2.4727, -0.68, -5.2745)
(-1.8626, -0.8903, -5.455)
(-1.5765, -0.801, -5.7728)
(-1.1922, -0.8501, -5.5647)
(-0.9098, -0.6524, -5.8396)
(-0.5334, -0.6517, -5.6082)
(-0.2664, -0.3974, -5.8532)
(0.1046, -0.3807, -5.6121)
(0.3642, -0.1077, -5.8455)
(0.7367, -0.0944, -5.6061)
(0.9941, 0.1718, -5.8426)
(1.3409, 0.1583, -5.6119)
(1.5328, 0.3788, -5.8621)
(1.8113, 0.3266, -5.6394)
(-2.3113, -0.6009, -6.0568)
(-2.5641, -0.5295, -5.7621)
(-1.9511, -0.7274, -5.9309)
(-1.6529, -0.6459, -6.1783)
(-1.2817, -0.6564, -6.0257)
(-0.991, -0.4697, -6.232)
(-0.6299, -0.431, -6.0558)
(-0.3539, -0.1966, -6.2356)
(0.0021, -0.1451, -6.0509)
(0.2732, 0.1011, -6.2228)
(0.6318, 0.1469, -6.0414)
(0.9023, 0.3827, -6.2186)
(1.2358, 0.3988, -6.047)
(1.4317, 0.5745, -6.2251)
(1.6991, 0.5503, -6.0678)
(1.8063, -2.6318, 3.4842)
(2.1246, -2.5617, 3.4925)
(2.2056, -2.7407, 3.3397)
(2.5789, -2.7182, 3.3172)
(2.7387, -3.0078, 3.0848)
(3.1401, -3.0207, 3.042)
(3.304, -3.3031, 2.8108)
(3.7064, -3.3197, 2.7743)
(3.871, -3.5968, 2.5356)
(4.2733, -3.61, 2.4944)
(4.4367, -3.8758, 2.2435)
(4.8388, -3.8783, 2.191)
(4.9999, -4.1338, 1.9302)
(5.4005, -4.1288, 1.8662)
(5.5584, -4.3922, 1.6107)
(5.9585, -4.388, 1.5375)
(6.3185, -4.3009, 1.4319)
(6.6186, -4.1981, 1.3026)
(6.7115, -4.4241, 1.2763)
(6.421, -4.5218, 1.3395)
(4.8785, -3.7487, -0.0549)
(4.8709, -3.9793, 0.0691)
(5.1622, -4.0788, 0.0203)
(5.2066, -3.8635, -0.1015)
(5.2822, -3.5613, -0.2098)
(5.5387, -3.966, -0.1946)
(5.6553, -3.6762, -0.2482)
(5.7494, -3.4021, -0.075)
(6.0066, -3.7912, -0.2226)
(6.1121, -3.5566, 0.0247)
(6.1479, -3.373, 0.365)
(6.4511, -3.7012, 0.149)
(6.4777, -3.5697, 0.4963)
(6.415, -3.5102, 0.8724)
(6.7727, -3.7664, 0.6465)
(6.6752, -3.782, 0.9912)
(6.4607, -3.8785, 1.2909)
(6.8643, -4.0774, 1.0826)
(2.3262, -1.6937, 3.6303)
(2.579, -1.5497, 3.424)
(2.6943, -1.9427, 3.3726)
(2.404, -2.0507, 3.5551)
(3.0419, -1.829, 3.1308)
(3.1917, -2.2383, 3.0659)
(2.8132, -2.3253, 3.278)
(3.5866, -2.131, 2.846)
(3.7499, -2.5362, 2.803)
(3.3546, -2.6272, 2.9905)
(4.1148, -2.4361, 2.5538)
(4.2805, -2.8309, 2.4874)
(3.9109, -2.9244, 2.7132)
(4.601, -2.7253, 2.1817)
(4.7858, -3.111, 2.1245)
(4.441, -3.2153, 2.3855)
(5.1208, -2.9871, 1.8341)
(5.3488, -3.3639, 1.8314)
(4.9883, -3.481, 2.0705)
(5.6785, -3.2487, 1.5361)
(5.9244, -3.6196, 1.5547)
(5.57, -3.7283, 1.7974)
(6.2252, -3.5301, 1.2411)
(6.1442, -3.9851, 1.5255)
(2.3668, -1.1355, 3.455)
(2.6443, -1.0282, 3.1527)
(2.8743, -1.4278, 3.1647)
(3.2243, -1.3417, 2.8626)
(3.4194, -1.7271, 2.8693)
(3.7447, -1.6682, 2.5578)
(3.9361, -2.0453, 2.5689)
(4.1576, -2.0219, 2.1764)
(4.3836, -2.368, 2.1962)
(4.6002, -2.3182, 1.7895)
(4.8804, -2.6262, 1.8259)
(5.1066, -2.5944, 1.4432)
(5.4091, -2.8982, 1.4932)
(5.6073, -2.9025, 1.0959)
(5.9337, -3.1956, 1.17)
(6.0917, -3.2414, 0.7613)
(1.3247, 0.0857, 3.2807)
(1.632, 0.0667, 3.0318)
(1.8777, -0.2489, 3.153)
(1.5689, -0.2058, 3.3494)
(2.196, -0.2585, 2.8969)
(2.4097, -0.6257, 3.0576)
(2.0833, -0.6097, 3.3296)
(2.7476, -0.6104, 2.6896)
(2.9892, -0.974, 2.7938)
(3.3011, -0.9576, 2.4125)
(3.5343, -1.3074, 2.5094)
(3.7114, -1.3627, 2.0868)
(3.923, -1.6956, 2.1462)
(4.035, -1.7591, 1.6946)
(4.3128, -2.03, 1.7365)
(4.4131, -2.1251, 1.3155)
(4.7628, -2.351, 1.3774)
(4.8277, -2.5164, 0.9676)
(5.2318, -2.6909, 1.0309)
(5.3023, -2.8303, 0.6064)
(5.7193, -3.0007, 0.6727)
(5.7687, -3.1709, 0.2646)
(1.3862, 0.4063, 2.9165)
(1.7072, 0.4385, 2.5963)
(1.9587, 0.0879, 2.7448)
(2.265, 0.0963, 2.4022)
(2.5077, -0.2561, 2.5528)
(2.7859, -0.2798, 2.1595)
(3.0439, -0.6185, 2.2924)
(3.2766, -0.6723, 1.8809)
(3.5212, -1.0062, 1.9979)
(3.6411, -1.1288, 1.5611)
(3.8187, -1.4689, 1.6386)
(3.8387, -1.6412, 1.2108)
(4.0825, -1.9052, 1.2723)
(4.0454, -2.1624, 0.8865)
(4.4198, -2.3512, 0.9278)
(4.422, -2.5539, 0.5345)
(4.8646, -2.6874, 0.56)
(4.9011, -2.8418, 0.1579)
(5.3482, -2.9886, 0.1975)
(5.3438, -3.2393, -0.1177)
(1.4554, 0.7985, 2.4585)
(1.7503, 0.7991, 2.1093)
(2.0129, 0.4504, 2.2556)
(2.2725, 0.4125, 1.8795)
(2.5298, 0.0634, 2.0203)
(2.7463, -0.0112, 1.6157)
(3.0112, -0.3447, 1.7499)
(3.1704, -0.4644, 1.3285)
(3.4166, -0.7956, 1.4567)
(3.4313, -0.9993, 1.0414)
(3.6373, -1.3295, 1.1385)
(3.5549, -1.5698, 0.7263)
(3.7771, -1.8814, 0.8014)
(3.6884, -2.1471, 0.426)
(4.0089, -2.4012, 0.5032)
(4.0093, -2.5775, 0.1179)
(4.4498, -2.7049, 0.1312)
(4.4745, -2.9332, -0.155)
(4.9038, -3.0895, -0.1393)
(4.8849, -3.4246, -0.1919)
(1.4749, 1.136, 1.9579)
(1.7242, 1.0826, 1.5753)
(2.007, 0.7564, 1.7321)
(2.2244, 0.672, 1.3334)
(2.4852, 0.3296, 1.4781)
(2.6524, 0.2082, 1.0618)
(2.908, -0.133, 1.1961)
(3.0179, -0.2952, 0.7721)
(3.2423, -0.6443, 0.9081)
(3.2312, -0.8657, 0.4998)
(3.3653, -1.241, 0.6381)
(3.2387, -1.4888, 0.2656)
(3.423, -1.834, 0.3549)
(3.26, -2.1037, 0.0137)
(3.5977, -2.4088, 0.074)
(3.6162, -2.6355, -0.2224)
(4.063, -2.7777, -0.161)
(4.1303, -3.0661, -0.2101)
(4.5041, -3.2507, -0.1902)
(4.5435, -3.5924, -0.0314)
(1.4187, 1.3826, 1.4082)
(1.6345, 1.2864, 1.0117)
(1.9439, 0.9946, 1.178)
(2.1419, 0.8828, 0.773)
(2.4106, 0.5588, 0.9236)
(2.5612, 0.4172, 0.5069)
(2.778, 0.0548, 0.6393)
(2.8877, -0.1072, 0.22)
(3.0762, -0.4831, 0.3554)
(3.0619, -0.6842, -0.041)
(3.1523, -1.0951, 0.1147)
(3.007, -1.3087, -0.2362)
(3.0722, -1.7153, -0.0761)
(2.8944, -1.86, -0.388)
(3.071, -2.2732, -0.2951)
(1.3091, 1.5583, 0.8389)
(1.5277, 1.4647, 0.4486)
(1.832, 1.1694, 0.6104)
(2.0421, 1.0678, 0.2161)
(2.3216, 0.7547, 0.3648)
(2.5128, 0.6433, -0.0379)
(2.7106, 0.2754, 0.0926)
(2.8181, 0.1346, -0.3158)
(2.9449, -0.274, -0.1846)
(2.8898, -0.4541, -0.5591)
(2.9592, -0.8826, -0.4029)
(2.7964, -1.0647, -0.7337)
(2.831, -1.4762, -0.5578)
(2.6576, -1.5838, -0.8617)
(2.7035, -1.94, -0.6719)
(1.2473, 1.7896, 0.2947)
(1.5332, 1.7724, -0.0609)
(1.7785, 1.4078, 0.0736)
(2.0558, 1.3826, -0.2881)
(2.2824, 1.0053, -0.1655)
(2.4768, 0.9287, -0.5578)
(2.6641, 0.5339, -0.4405)
(2.6836, 0.3828, -0.8402)
(2.8014, -0.0323, -0.7066)
(2.6851, -0.2095, -1.0615)
(2.7516, -0.6349, -0.9007)
(2.5801, -0.8082, -1.2259)
(2.6216, -1.213, -1.0493)
(2.4627, -1.318, -1.3632)
(2.4962, -1.6603, -1.1653)
(1.3022, 2.1522, -0.1796)
(1.6136, 2.1612, -0.5155)
(1.8319, 1.7684, -0.4051)
(2.0805, 1.7313, -0.7749)
(2.2812, 1.3298, -0.6676)
(2.3758, 1.2093, -1.0734)
(2.5373, 0.7944, -0.9624)
(2.4638, 0.6214, -1.3451)
(2.5872, 0.2076, -1.2103)
(2.4313, 0.0256, -1.5529)
(2.5201, -0.3884, -1.3936)
(2.355, -0.567, -1.7291)
(2.415, -0.9584, -1.5514)
(2.2964, -1.0723, -1.8915)
(2.3397, -1.402, -1.6917)
(1.381, 2.5403, -0.6369)
(1.6586, 2.5225, -0.9977)
(1.8754, 2.132, -0.8812)
(2.0323, 2.0393, -1.2823)
(2.2083, 1.6257, -1.1792)
(2.1878, 1.458, -1.5844)
(2.3278, 1.0366, -1.4696)
(2.1906, 0.8428, -1.8389)
(2.314, 0.4333, -1.6998)
(2.1694, 0.2426, -2.0562)
(2.2761, -0.1606, -1.8978)
(2.1716, -0.347, -2.2654)
(2.2372, -0.7268, -2.0837)
(2.1956, -0.847, -2.4561)
(2.2425, -1.1647, -2.2527)
(1.4151, 2.8866, -1.1334)
(1.653, 2.8409, -1.5109)
(1.8528, 2.4483, -1.3893)
(1.9068, 2.3055, -1.7999)
(2.0432, 1.8816, -1.6924)
(1.9508, 1.6869, -2.0906)
(2.0689, 1.2603, -1.9694)
(1.9559, 1.0611, -2.353)
(2.0563, 0.6464, -2.2082)
(2.0005, 0.4567, -2.5979)
(2.0874, 0.0522, -2.4361)
(2.1018, -0.1297, -2.8335)
(2.1525, -0.5078, -2.6519)
(2.1762, -0.6257, -3.0429)
(2.1992, -0.9416, -2.839)
(1.4112, 3.192, -1.6566)
(1.6062, 3.1221, -2.0436)
(1.7734, 2.7226, -1.9163)
(1.7701, 2.5512, -2.3304)
(1.8468, 2.1184, -2.2094)
(1.7882, 1.9247, -2.6179)
(1.8654, 1.4887, -2.4887)
(1.8674, 1.302, -2.8956)
(1.9311, 0.8725, -2.7522)
(2.0121, 0.6972, -3.1553)
(2.0526, 0.2769, -2.9995)
(2.1499, 0.1033, -3.4073)
(2.1649, -0.2842, -3.2356)
(2.1799, -0.3987, -3.6317)
(2.1747, -0.7189, -3.4334)
(1.3808, 3.4679, -2.197)
(1.5582, 3.3893, -2.5866)
(1.6931, 2.9799, -2.4557)
(1.7127, 2.8073, -2.8727)
(1.7391, 2.3651, -2.7453)
(1.7744, 2.1849, -3.1594)
(1.8136, 1.7413, -3.0292)
(1.928, 1.5705, -3.4332)
(1.9685, 1.1292, -3.2992)
(2.1097, 0.962, -3.6986)
(2.1332, 0.5256, -3.5589)
(2.1955, 0.3533, -3.9704)
(2.1893, -0.0489, -3.8146)
(2.1488, -0.1552, -4.2057)
(2.1354, -0.4851, -4.0191)
(1.3382, 3.7334, -2.7435)
(1.5213, 3.6501, -3.1336)
(1.657, 3.2425, -2.9991)
(1.7277, 3.0755, -3.4125)
(1.7494, 2.6302, -3.2871)
(1.8592, 2.4607, -3.6915)
(1.8907, 2.0149, -3.5637)
(2.0476, 1.8517, -3.9593)
(2.0798, 1.4058, -3.8302)
(2.1911, 1.2377, -4.2343)
(2.1993, 0.7909, -4.1059)
(2.1881, 0.6228, -4.5179)
(2.1655, 0.2088, -4.374)
(2.0696, 0.1169, -4.7501)
(2.0547, -0.2251, -4.5753)
(1.2872, 3.9872, -3.2939)
(1.4882, 3.898, -3.6853)
(1.6574, 3.5077, -3.5412)
(1.7833, 3.3494, -3.946)
(1.8319, 2.9074, -3.8173)
(1.9784, 2.7449, -4.2142)
(2.0143, 2.2981, -4.0872)
(2.1486, 2.1343, -4.4871)
(2.1739, 1.6861, -4.3607)
(2.2147, 1.5144, -4.7731)
(2.208, 1.0657, -4.6474)
(2.1308, 0.9008, -5.0568)
(2.0956, 0.4864, -4.9136)
(1.9647, 0.4006, -5.2809)
(1.9392, 0.0586, -5.1044)
(1.2224, 4.2167, -3.8484)
(1.4408, 4.1146, -4.2146)
(1.6585, 3.7626, -4.083)
(1.8226, 3.6044, -4.4532)
(1.9218, 3.1863, -4.3414)
(2.0658, 3.0141, -4.7122)
(2.1151, 2.5808, -4.6097)
(2.1918, 2.399, -4.9923)
(2.2082, 1.9622, -4.8941)
(2.1841, 1.775, -5.2833)
(2.1638, 1.3405, -5.1833)
(2.0518, 1.164, -5.563)
(2.0021, 0.7659, -5.4436)
(1.8631, 0.6678, -5.7858)
(1.8206, 0.3433, -5.6337)
(1.1542, 4.3949, -4.3263)
(1.3997, 4.2749, -4.6291)
(1.6522, 3.9712, -4.5415)
(1.8654, 3.8051, -4.8355)
(1.9912, 3.4241, -4.7796)
(2.1281, 3.2242, -5.0899)
(2.166, 2.817, -5.0529)
(2.1934, 2.5997, -5.3808)
(2.1922, 2.1921, -5.3441)
(2.1377, 1.9731, -5.673)
(2.1024, 1.5704, -5.6318)
(1.9853, 1.3633, -5.9503)
(1.9198, 0.9985, -5.8876)
(1.7977, 0.872, -6.1521)
(1.7383, 0.5812, -6.0612)
(2.2052, -2.1164, 3.6696)
(2.4743, -2.3798, 3.4458)
(2.243, -2.4132, 3.5508)
(2.9724, -2.6778, 3.1623)
(2.5929, -2.7033, 3.3198)
(3.5335, -2.9795, 2.8893)
(3.157, -3.0082, 3.0453)
(4.0898, -3.2772, 2.6047)
(3.7264, -3.3115, 2.7805)
(4.6375, -3.5593, 2.2923)
(4.2931, -3.6056, 2.5042)
(5.2081, -3.8123, 1.9975)
(4.8578, -3.8743, 2.2015)
(5.7812, -4.0612, 1.7024)
(5.4188, -4.1219, 1.8755)
(5.9733, -4.3759, 1.5444)
(-2.6307, 1.7051, 0.5231)
(-3.0165, 3.3416, -3.4799)
(-1.0362, -0.406, 4.7532)
(-2.846, 2.3979, -1.1925)
(-1.5841, -0.0003, 4.8959)
(-2.122, 0.4101, 5.0576)
(-2.6541, 1.566, 1.1089)
(-2.6602, 0.821, 5.2178)
(-3.1941, 1.2459, 5.3537)
(-3.7167, 1.6923, 5.4568)
(-4.2391, 2.1429, 5.5408)
(-3.0284, 3.1401, -2.9036)
(-4.7756, 2.577, 5.6365)
(-2.7386, 2.1253, -0.6293)
(-2.6575, 1.8858, -0.0587)
(-3.5577, 1.9832, 2.5845)
(-2.7257, 1.4689, 1.7009)
(-3.0408, 1.618, 2.2885)
(-4.0265, 2.0581, 3.0895)
(-4.4784, 2.0634, 3.616)
(-3.0185, 3.5487, -4.059)
(-3.0213, 2.9263, -2.3278)
(-2.948, 2.6729, -1.7575)
(-5.2212, 2.3747, 5.4934)
(-4.8806, 2.3765, 5.5596)
(-4.9556, 2.5952, 5.6608)
(-5.2726, 2.5548, 5.6391)
(-4.6118, 2.1426, 3.7036)
(-4.5132, 2.246, 3.4923)
(-4.7551, 2.4463, 3.6028)
(-4.791, 2.374, 3.8014)
(-4.8063, 2.3945, 3.3727)
(-5.1286, 2.5471, 3.4946)
(-5.0326, 2.6596, 3.6459)
(-5.1508, 2.2772, 3.574)
(-5.3987, 2.3866, 3.8733)
(-5.3885, 2.6775, 3.694)
(-5.2953, 2.1068, 4.1192)
(-5.5034, 2.2362, 4.4445)
(-5.625, 2.4708, 4.1814)
(-5.3076, 2.0248, 4.7152)
(-5.4515, 2.211, 5.0345)
(-5.6773, 2.354, 4.7676)
(-5.1436, 2.1225, 5.2539)
(-5.5379, 2.4088, 5.3312)
(-1.4091, -1.1447, 4.0872)
(-1.1054, -1.1452, 4.2482)
(-1.1638, -0.8454, 4.4826)
(-1.4903, -0.8242, 4.3676)
(-1.8944, -0.7857, 4.2409)
(-1.5851, -0.4873, 4.612)
(-2.0057, -0.4372, 4.5262)
(-2.4456, -0.3917, 4.4198)
(-2.1189, -0.0777, 4.765)
(-2.5473, -0.0306, 4.6899)
(-2.9836, 0.0183, 4.5819)
(-2.6556, 0.3371, 4.9175)
(-3.0831, 0.3865, 4.8399)
(-3.5074, 0.4551, 4.7076)
(-3.1893, 0.7596, 5.0583)
(-3.6097, 0.8225, 4.9597)
(-4.016, 0.9155, 4.7972)
(-3.7152, 1.1975, 5.1732)
(-4.1265, 1.2737, 5.0535)
(-4.5182, 1.3838, 4.8724)
(-4.2369, 1.6419, 5.2723)
(-4.644, 1.7214, 5.1466)
(-5.0201, 1.8409, 4.9586)
(-4.7644, 2.064, 5.3867)
(-1.6257, -1.4424, 3.6108)
(-1.2625, -1.5031, 3.7872)
(-1.7742, -1.1129, 3.9338)
(-2.2006, -1.0288, 3.7876)
(-2.3328, -0.7267, 4.1168)
(-2.7522, -0.6248, 3.97)
(-2.8759, -0.3228, 4.2904)
(-3.2494, -0.1714, 4.1108)
(-3.3908, 0.1197, 4.4214)
(-3.7127, 0.3244, 4.2092)
(-3.8849, 0.5934, 4.5099)
(-4.1736, 0.8278, 4.2672)
(-4.3665, 1.0824, 4.5723)
(-4.645, 1.3265, 4.313)
(-4.8498, 1.5697, 4.6391)
(-5.1072, 1.8268, 4.3809)
(-0.9325, -2.3596, 2.6157)
(-0.7981, -2.3982, 3.0187)
(-1.0998, -2.189, 2.9647)
(-1.424, -1.9705, 2.849)
(-1.1766, -1.9697, 3.3561)
(-1.5111, -1.7447, 3.2411)
(-1.9236, -1.5424, 3.0627)
(-2.0592, -1.2995, 3.4345)
(-2.4682, -1.1211, 3.2563)
(-2.6156, -0.8902, 3.6235)
(-2.9255, -0.6454, 3.4277)
(-3.0889, -0.4184, 3.7759)
(-3.2863, -0.0865, 3.5611)
(-3.5037, 0.1095, 3.8922)
(-3.6276, 0.4918, 3.6829)
(-3.9109, 0.6445, 3.9802)
(-4.0619, 0.9962, 3.7299)
(-4.3878, 1.1287, 4.0029)
(-4.5682, 1.457, 3.7386)
(-4.8621, 1.6257, 4.0502)
(-5.0387, 1.9521, 3.796)
(-1.1152, -2.3023, 2.0644)
(-1.2872, -2.151, 2.4617)
(-1.6509, -1.926, 2.2763)
(-1.7929, -1.7482, 2.6737)
(-2.1649, -1.5124, 2.4823)
(-2.3157, -1.3252, 2.8735)
(-2.6308, -1.0491, 2.6835)
(-2.7729, -0.8554, 3.0659)
(-2.9147, -0.4815, 2.8744)
(-3.0707, -0.2798, 3.2286)
(-3.1077, 0.1441, 3.0487)
(-3.3583, 0.3229, 3.3707)
(-3.3973, 0.7456, 3.1869)
(-3.715, 0.8866, 3.4704)
(-3.8412, 1.2459, 3.2229)
(-4.2227, 1.3346, 3.4637)
(-4.3615, 1.6913, 3.2257)
(-4.7235, 1.8048, 3.4941)
(-4.826, 2.1488, 3.324)
(-1.2912, -2.2186, 1.4795)
(-1.481, -2.0814, 1.8782)
(-1.8405, -1.8471, 1.6927)
(-2.0087, -1.6855, 2.0878)
(-2.3434, -1.4199, 1.9019)
(-2.4872, -1.2361, 2.2938)
(-2.7362, -0.8988, 2.1084)
(-2.8241, -0.6909, 2.4958)
(-2.9061, -0.2824, 2.3133)
(-2.9475, -0.0578, 2.6931)
(-2.9716, 0.3701, 2.52)
(-3.1268, 0.5733, 2.8741)
(-3.1738, 0.9956, 2.6878)
(-3.473, 1.1426, 2.976)
(-3.5819, 1.513, 2.77)
(-3.9731, 1.6009, 2.9874)
(-4.0716, 1.9404, 2.8759)
(-4.4457, 2.0476, 3.091)
(-4.4646, 2.2606, 3.2062)
(-1.4575, -2.1218, 0.8982)
(-1.6555, -1.9904, 1.2961)
(-2.0168, -1.7516, 1.1134)
(-2.1924, -1.5976, 1.5087)
(-2.5167, -1.3115, 1.3259)
(-2.6375, -1.1103, 1.7182)
(-2.8662, -0.751, 1.5354)
(-2.9064, -0.5167, 1.926)
(-2.9891, -0.1081, 1.7472)
(-2.9576, 0.1376, 2.1369)
(-2.9824, 0.5534, 1.9636)
(-3.0175, 0.7947, 2.3439)
(-3.0101, 1.2126, 2.1695)
(-3.2297, 1.4148, 2.5128)
(-3.304, 1.7933, 2.4308)
(-3.6943, 1.8405, 2.6873)
(-3.7982, 2.0169, 2.83)
(-4.1483, 2.1126, 3.0179)
(-4.2592, 2.0604, 3.3447)
(-1.6018, -1.9973, 0.3195)
(-1.816, -1.8815, 0.7166)
(-2.1606, -1.6217, 0.5346)
(-2.3584, -1.4847, 0.9308)
(-2.651, -1.1671, 0.7484)
(-2.7826, -0.9735, 1.143)
(-2.9391, -0.5838, 0.9609)
(-2.9864, -0.3502, 1.3538)
(-2.9733, 0.0612, 1.178)
(-2.9747, 0.3044, 1.5731)
(-2.8862, 0.6984, 1.4045)
(-2.921, 0.943, 1.7919)
(-2.8019, 1.2536, 1.6082)
(-2.8881, 1.5342, 1.9905)
(-1.7204, -1.8412, -0.2576)
(-1.9403, -1.7338, 0.1387)
(-2.2581, -1.4493, -0.0432)
(-2.4668, -1.3217, 0.3527)
(-2.7123, -0.975, 0.1722)
(-2.85, -0.7959, 0.5677)
(-2.9179, -0.3913, 0.3912)
(-2.9524, -0.1713, 0.7847)
(-2.8903, 0.2295, 0.6125)
(-2.8849, 0.4581, 1.0081)
(-2.8017, 0.8365, 0.8365)
(-2.7866, 1.0503, 1.228)
(-2.7101, 1.3511, 1.0289)
(-2.6958, 1.5087, 1.4023)
(-1.8457, -1.6935, -0.8374)
(-2.0499, -1.5719, -0.4398)
(-2.358, -1.2812, -0.6222)
(-2.5399, -1.1339, -0.2247)
(-2.7586, -0.7763, -0.403)
(-2.8645, -0.5917, -0.0051)
(-2.92, -0.1898, -0.1796)
(-2.9061, 0.015, 0.2173)
(-2.882, 0.4078, 0.0422)
(-2.8343, 0.6157, 0.4388)
(-2.7921, 0.9942, 0.2623)
(-2.7418, 1.1853, 0.6518)
(-2.6938, 1.4955, 0.4479)
(-2.6488, 1.6279, 0.8148)
(-1.9762, -1.5505, -1.4181)
(-2.1702, -1.4203, -1.0199)
(-2.4634, -1.1147, -1.2006)
(-2.6208, -0.9519, -0.8019)
(-2.8165, -0.5802, -0.9777)
(-2.8937, -0.3867, -0.5779)
(-2.9546, 0.0149, -0.7514)
(-2.9295, 0.2102, -0.3538)
(-2.9224, 0.6051, -0.5288)
(-2.8564, 0.7952, -0.1335)
(-2.8306, 1.1841, -0.3106)
(-2.7564, 1.3526, 0.0751)
(-2.7253, 1.6803, -0.1291)
(-2.6512, 1.7881, 0.2325)
(-2.1031, -1.4015, -1.9981)
(-2.29, -1.2655, -1.5993)
(-2.5644, -0.9425, -1.7778)
(-2.7037, -0.7675, -1.3779)
(-2.8766, -0.3821, -1.552)
(-2.9376, -0.1818, -1.1511)
(-2.9954, 0.2267, -1.324)
(-2.9727, 0.4187, -0.9252)
(-2.9697, 0.8244, -1.0999)
(-2.9057, 1.0037, -0.7043)
(-2.8865, 1.4105, -0.881)
(-2.807, 1.5613, -0.4975)
(-2.794, 1.9131, -0.6998)
(-2.7054, 1.9982, -0.3427)
(-2.224, -1.2447, -2.577)
(-2.404, -1.1032, -2.1776)
(-2.6594, -0.7646, -2.3542)
(-2.7822, -0.5792, -1.9532)
(-2.9347, -0.183, -2.1264)
(-2.9829, 0.0255, -1.7247)
(-3.0341, 0.4429, -1.8975)
(-3.014, 0.6403, -1.4976)
(-3.0112, 1.0589, -1.672)
(-2.9561, 1.2386, -1.2749)
(-2.9428, 1.6618, -1.4508)
(-2.8741, 1.8077, -1.0665)
(-2.8787, 2.1767, -1.2666)
(-2.7995, 2.2542, -0.91)
(-2.3398, -1.0812, -3.1548)
(-2.5121, -0.9342, -2.7549)
(-2.7494, -0.5827, -2.9299)
(-2.8562, -0.3885, -2.5282)
(-2.9895, 0.0156, -2.7009)
(-3.0262, 0.232, -2.2989)
(-3.0682, 0.6562, -2.4718)
(-3.0492, 0.8663, -2.071)
(-3.0442, 1.2936, -2.2452)
(-2.9994, 1.4858, -1.8464)
(-2.9904, 1.9175, -2.0217)
(-2.9406, 2.0714, -1.6351)
(-2.9576, 2.4449, -1.8343)
(-2.9041, 2.5279, -1.4746)
(-2.4514, -0.9124, -3.7316)
(-2.6156, -0.7602, -3.3313)
(-2.8353, -0.3974, -3.5051)
(-2.9261, -0.196, -3.103)
(-3.0404, 0.2144, -3.2754)
(-3.0657, 0.4357, -2.8734)
(-3.0963, 0.8623, -3.0467)
(-3.077, 1.0841, -2.6454)
(-3.0671, 1.5133, -2.8197)
(-3.0317, 1.7253, -2.4194)
(-3.0223, 2.1556, -2.5947)
(-2.9933, 2.328, -2.2058)
(-3.0116, 2.6936, -2.4059)
(-2.9917, 2.7921, -2.0427)
(-2.5595, -0.7394, -4.3075)
(-2.7151, -0.582, -3.9069)
(-2.9173, -0.2095, -4.0797)
(-2.992, -0.0019, -3.6775)
(-3.0867, 0.4137, -3.85)
(-3.1001, 0.6375, -3.4483)
(-3.1174, 1.0649, -3.622)
(-3.0962, 1.2907, -3.2207)
(-3.0786, 1.7188, -3.3952)
(-3.0501, 1.9431, -2.994)
(-3.034, 2.3675, -3.1699)
(-3.0205, 2.5573, -2.7797)
(-3.0253, 2.9107, -2.9813)
(-3.0322, 3.0262, -2.6165)
(-2.6647, -0.5629, -4.8825)
(-2.8113, -0.4005, -4.4817)
(-2.9956, -0.0195, -4.654)
(-3.0536, 0.1935, -4.2519)
(-3.1275, 0.6132, -4.4248)
(-3.1286, 0.8389, -4.0234)
(-3.1304, 1.2664, -4.1978)
(-3.1059, 1.4928, -3.7965)
(-3.0785, 1.92, -3.9714)
(-3.0538, 2.1464, -3.5699)
(-3.0296, 2.5693, -3.7461)
(-3.0225, 2.7639, -3.3556)
(-3.0188, 3.114, -3.5581)
(-3.0301, 3.2346, -3.1933)
(-2.7625, -0.3934, -5.4273)
(-2.9037, -0.2177, -5.0521)
(-3.0656, 0.1615, -5.1963)
(-3.1098, 0.3887, -4.8223)
(-3.16, 0.8018, -4.968)
(-3.1498, 1.0383, -4.595)
(-3.1351, 1.4557, -4.742)
(-3.106, 1.6921, -4.3688)
(-3.0696, 2.1085, -4.5159)
(-3.0456, 2.3452, -4.1423)
(-3.0175, 2.7578, -4.2908)
(-3.0133, 2.9634, -3.9284)
(-3.0121, 3.3047, -4.1059)
(-3.0245, 3.4383, -3.7714)
(-2.838, -0.2602, -5.8529)
(-2.9795, -0.0624, -5.5327)
(-3.1164, 0.3007, -5.6115)
(-3.1523, 0.5529, -5.3012)
(-3.1801, 0.9459, -5.3837)
(-3.1615, 1.2052, -5.075)
(-3.1337, 1.5997, -5.1584)
(-3.0998, 1.8582, -4.8493)
(-3.0587, 2.252, -4.9325)
(-3.033, 2.5111, -4.623)
(-3.0048, 2.9013, -4.7075)
(-3.0023, 3.1287, -4.4088)
(-3.0041, 3.4292, -4.5118)
(-3.0227, 3.5876, -4.2445)
(-0.9464, -0.861, 4.5481)
(-0.9731, -0.5685, 4.6899)
(-1.2184, -0.5372, 4.6634)
(-1.315, -0.2121, 4.8223)
(-1.713, -0.1426, 4.8053)
(-1.8567, 0.1956, 4.9731)
(-2.2492, 0.2712, 4.957)
(-2.3933, 0.6065, 5.1314)
(-2.7852, 0.6874, 5.1081)
(-2.9287, 1.0259, 5.2776)
(-3.317, 1.1151, 5.2403)
(-3.457, 1.4621, 5.3969)
(-3.8413, 1.5573, 5.3473)
(-3.9805, 1.91, 5.4916)
(-4.3677, 1.9973, 5.4473)
(-4.512, 2.3521, 5.5841)
(-4.5931, 2.723, 5.6486)
(-4.6565, 3.0594, 5.6595)
(-4.8819, 3.0379, 5.7556)
(-4.8496, 2.7329, 5.6945)
(-4.4808, 2.2708, 3.5556)
(-4.6059, 2.1171, 3.7273)
(-4.7944, 2.3253, 3.8621)
(-4.6901, 2.5017, 3.7161)
(-4.5138, 2.7401, 3.571)
(-4.9107, 2.7577, 3.839)
(-4.7289, 3.0064, 3.7625)
(-4.4421, 3.1566, 3.8626)
(-4.9071, 3.2345, 3.994)
(-4.6202, 3.3515, 4.1718)
(-4.3103, 3.3582, 4.4062)
(-4.7718, 3.523, 4.4861)
(-4.4989, 3.4954, 4.7381)
(-4.2462, 3.3521, 4.992)
(-4.6685, 3.5979, 5.0682)
(-4.4836, 3.4007, 5.3033)
(-4.3549, 3.0834, 5.4703)
(-4.7345, 3.3884, 5.5648)
(-0.2459, -0.037, 4.6253)
(-0.3002, 0.3038, 4.5351)
(-0.6818, 0.23, 4.6753)
(-0.599, -0.1172, 4.7158)
(-0.8043, 0.6465, 4.6154)
(-1.2151, 0.5983, 4.7687)
(-1.0766, 0.1782, 4.7804)
(-1.345, 1.0439, 4.7537)
(-1.7455, 1.0015, 4.9289)
(-1.6179, 0.5735, 4.9128)
(-1.8879, 1.4281, 4.8765)
(-2.2925, 1.4001, 5.0291)
(-2.1547, 0.98, 5.0586)
(-2.4459, 1.8108, 4.9067)
(-2.8436, 1.7999, 5.0728)
(-2.7045, 1.3837, 5.1463)
(-2.9786, 2.2263, 4.9641)
(-3.3536, 2.238, 5.1942)
(-3.2315, 1.8099, 5.2462)
(-3.4969, 2.6576, 5.0816)
(-3.8615, 2.6798, 5.3361)
(-3.732, 2.2597, 5.3919)
(-4.027, 3.0693, 5.2027)
(-4.2382, 2.6982, 5.5376)
(0.1164, 0.3144, 4.3265)
(-0.0192, 0.6921, 4.1868)
(-0.4093, 0.6873, 4.4326)
(-0.582, 1.1146, 4.3384)
(-0.954, 1.0888, 4.5605)
(-1.1498, 1.483, 4.4515)
(-1.5088, 1.4596, 4.6756)
(-1.7456, 1.7768, 4.4598)
(-2.0838, 1.7946, 4.698)
(-2.3056, 2.1243, 4.4579)
(-2.619, 2.1997, 4.7237)
(-2.8458, 2.5222, 4.5142)
(-3.1548, 2.6136, 4.8018)
(-3.4103, 2.9012, 4.5796)
(-3.7057, 3.009, 4.8945)
(-3.9899, 3.2475, 4.6568)
(1.0931, 0.4049, 3.234)
(0.8279, 0.4203, 3.5551)
(1.0513, 0.1266, 3.55)
(0.6017, 0.7604, 3.5084)
(0.3283, 0.7174, 3.866)
(0.5662, 0.367, 3.9179)
(0.0747, 1.1321, 3.7439)
(-0.2393, 1.1241, 4.0598)
(-0.5048, 1.4991, 3.901)
(-0.8152, 1.4958, 4.1958)
(-1.1257, 1.7363, 3.9544)
(-1.4261, 1.7464, 4.2149)
(-1.7346, 1.9507, 3.9238)
(-2.0147, 2.0388, 4.1816)
(-2.3306, 2.2104, 3.9185)
(-2.5828, 2.3735, 4.213)
(-2.9399, 2.4807, 3.9662)
(-3.1642, 2.7118, 4.2735)
(-3.5091, 2.8394, 4.01)
(-3.7322, 3.0819, 4.3242)
(-4.0885, 3.1725, 4.0732)
(1.1521, 0.7821, 2.8006)
(0.8678, 0.7724, 3.1535)
(0.6233, 1.1495, 3.0343)
(0.353, 1.1407, 3.395)
(0.0679, 1.4969, 3.2366)
(-0.212, 1.4947, 3.5788)
(-0.5487, 1.7435, 3.3638)
(-0.835, 1.7409, 3.6731)
(-1.1927, 1.9135, 3.4127)
(-1.4674, 1.9152, 3.6765)
(-1.8264, 1.9984, 3.3953)
(-2.079, 2.0562, 3.6499)
(-2.473, 2.0289, 3.4008)
(-2.7108, 2.2342, 3.6797)
(-3.0739, 2.2655, 3.4284)
(-3.2933, 2.5602, 3.7104)
(-3.6305, 2.6454, 3.4531)
(-3.8553, 2.9326, 3.753)
(-4.2175, 2.912, 3.5755)
(1.1982, 1.1556, 2.323)
(0.9077, 1.1551, 2.6774)
(0.6305, 1.4909, 2.5282)
(0.3461, 1.4944, 2.8838)
(0.0292, 1.7765, 2.6976)
(-0.2565, 1.7724, 3.0394)
(-0.6152, 1.9662, 2.8109)
(-0.9096, 1.9194, 3.1213)
(-1.2793, 2.0021, 2.8608)
(-1.5581, 1.9896, 3.1388)
(-1.9357, 1.957, 2.8424)
(-2.2126, 1.9701, 3.1103)
(-2.5936, 1.8909, 2.8483)
(-2.8508, 2.0073, 3.1501)
(-3.1872, 2.0472, 2.8953)
(-3.4065, 2.3459, 3.1647)
(-3.7435, 2.3516, 3.0178)
(-3.9833, 2.6268, 3.2924)
(-4.2825, 2.4714, 3.3453)
(1.1773, 1.4475, 1.7939)
(0.9118, 1.4802, 2.1667)
(0.5931, 1.7624, 1.988)
(0.3134, 1.7713, 2.3467)
(-0.0372, 1.9893, 2.1366)
(-0.3259, 1.9815, 2.4782)
(-0.7026, 2.1213, 2.2369)
(-0.9923, 2.0738, 2.5589)
(-1.3711, 2.0928, 2.2863)
(-1.6544, 1.9804, 2.5765)
(-2.0035, 1.8811, 2.2887)
(-2.2983, 1.8447, 2.5605)
(-2.641, 1.6909, 2.2889)
(-2.9569, 1.8037, 2.6017)
(-3.2945, 1.8079, 2.4423)
(-3.5049, 2.0878, 2.7594)
(-3.786, 2.0244, 2.8441)
(-4.0318, 2.2391, 3.104)
(-4.2457, 2.0612, 3.3608)
(1.0913, 1.6545, 1.2313)
(0.8549, 1.7271, 1.6164)
(0.5138, 1.9788, 1.4289)
(0.2499, 2.0029, 1.7912)
(-0.1132, 2.1985, 1.577)
(-0.4082, 2.1543, 1.9064)
(-0.7818, 2.2905, 1.6671)
(-1.0803, 2.205, 1.9809)
(-1.4364, 2.2146, 1.7078)
(-1.7248, 2.0409, 2.0021)
(-2.0323, 1.9315, 1.711)
(-2.31, 1.7459, 2.0008)
(-2.5323, 1.6306, 1.7062)
(-2.8784, 1.5528, 1.9989)
(0.9875, 1.8324, 0.6676)
(0.7493, 1.9041, 1.0484)
(0.4208, 2.1686, 0.8713)
(0.1614, 2.2068, 1.2328)
(-0.1827, 2.4355, 1.0346)
(-0.479, 2.3775, 1.3564)
(-0.8291, 2.5026, 1.1133)
(-1.1368, 2.3655, 1.4099)
(-1.4543, 2.342, 1.1282)
(-1.7496, 2.1468, 1.4206)
(-2.0188, 2.0343, 1.1279)
(-2.2809, 1.8125, 1.4164)
(-2.4708, 1.7169, 1.1188)
(-2.684, 1.5262, 1.4076)
(0.9904, 2.1413, 0.1589)
(0.6963, 2.1443, 0.512)
(0.4285, 2.4822, 0.366)
(0.1194, 2.4606, 0.7015)
(-0.1931, 2.69, 0.4971)
(-0.5162, 2.6116, 0.8094)
(-0.8419, 2.6608, 0.5366)
(-1.1523, 2.5145, 0.8339)
(-1.4403, 2.4459, 0.5412)
(-1.7333, 2.2522, 0.8366)
(-1.9882, 2.1351, 0.542)
(-2.2473, 1.9223, 0.8325)
(-2.4421, 1.8408, 0.5326)
(-2.636, 1.6432, 0.8172)
(1.0682, 2.5269, -0.2983)
(0.7441, 2.5013, 0.0309)
(0.4647, 2.8041, -0.1364)
(0.1357, 2.7544, 0.1822)
(-0.1934, 2.8877, -0.0666)
(-0.5231, 2.7825, 0.2353)
(-0.835, 2.7539, -0.0584)
(-1.1416, 2.6105, 0.2419)
(-1.4189, 2.5093, -0.0569)
(-1.7068, 2.3361, 0.2452)
(-1.9732, 2.2241, -0.0528)
(-2.2251, 2.0318, 0.2436)
(-2.4522, 1.9875, -0.0549)
(-2.637, 1.8028, 0.2319)
(1.1171, 2.8806, -0.7852)
(0.7957, 2.8477, -0.4559)
(0.4787, 3.0608, -0.6736)
(0.1414, 2.9815, -0.3692)
(-0.1912, 3.0097, -0.6542)
(-0.519, 2.8847, -0.358)
(-0.8227, 2.7981, -0.6639)
(-1.124, 2.6564, -0.3615)
(-1.4165, 2.5614, -0.6628)
(-1.6992, 2.4048, -0.3558)
(-2.0047, 2.3478, -0.6471)
(-2.2462, 2.1642, -0.3482)
(-2.5171, 2.1908, -0.6329)
(-2.6907, 2.0129, -0.3453)
(1.1301, 3.1875, -1.3051)
(0.8123, 3.1346, -0.9811)
(0.479, 3.245, -1.2391)
(0.1444, 3.1249, -0.9488)
(-0.1861, 3.0832, -1.2539)
(-0.5104, 2.9399, -0.9618)
(-0.8317, 2.8748, -1.2653)
(-1.1289, 2.7128, -0.968)
(-1.4615, 2.6998, -1.252)
(-1.7375, 2.5244, -0.9516)
(-2.0883, 2.5759, -1.2098)
(-2.3231, 2.3791, -0.9193)
(-2.6203, 2.4654, -1.1877)
(-2.7851, 2.2691, -0.9118)
(1.1127, 3.45, -1.8488)
(0.8017, 3.3658, -1.5335)
(0.4573, 3.4175, -1.8135)
(0.1396, 3.2386, -1.5392)
(-0.2058, 3.2303, -1.8362)
(-0.522, 3.0467, -1.5551)
(-0.8773, 3.0883, -1.8248)
(-1.177, 2.8907, -1.542)
(-1.5435, 2.9992, -1.7747)
(-1.8229, 2.7828, -1.4962)
(-2.1949, 2.9061, -1.7257)
(-2.4322, 2.6796, -1.457)
(-2.7268, 2.7618, -1.7348)
(-2.8899, 2.5429, -1.4753)
(1.0775, 3.71, -2.396)
(0.7694, 3.593, -2.0909)
(0.4156, 3.6663, -2.3603)
(0.1073, 3.4388, -2.1035)
(-0.2561, 3.5154, -2.363)
(-0.5672, 3.2953, -2.0983)
(-0.9399, 3.434, -2.3166)
(-1.2476, 3.2147, -2.0489)
(-1.6226, 3.3735, -2.2529)
(-1.9185, 3.1412, -1.9902)
(-2.2813, 3.2379, -2.24)
(-2.5327, 2.993, -1.9892)
(-2.8026, 3.0328, -2.2921)
(-2.9776, 2.8071, -2.0426)
(1.029, 3.9802, -2.9375)
(0.7256, 3.8642, -2.6292)
(0.3636, 3.9803, -2.8725)
(0.0539, 3.7476, -2.6189)
(-0.317, 3.884, -2.8395)
(-0.6288, 3.6565, -2.5804)
(-1.0033, 3.8285, -2.7755)
(-1.3148, 3.6018, -2.5144)
(-1.6843, 3.7371, -2.7365)
(-1.99, 3.4913, -2.4868)
(-2.329, 3.5313, -2.7732)
(-2.5915, 3.2716, -2.5361)
(-2.8271, 3.2689, -2.8582)
(-3.0175, 3.0402, -2.615)
(0.969, 4.2414, -3.4811)
(0.674, 4.1614, -3.1521)
(0.3088, 4.3184, -3.368)
(-0.0044, 4.1132, -3.0965)
(-0.376, 4.2764, -3.2985)
(-0.6904, 4.0539, -3.0364)
(-1.061, 4.2071, -3.2467)
(-1.3738, 3.9755, -2.9896)
(-1.7305, 4.0554, -3.2507)
(-2.035, 3.798, -3.0093)
(-2.3521, 3.7861, -3.3261)
(-2.6118, 3.5163, -3.0954)
(-2.8283, 3.4853, -3.4295)
(-3.0148, 3.2472, -3.1902)
(0.8992, 4.4673, -4.0047)
(0.615, 4.4458, -3.6762)
(0.2557, 4.6216, -3.8468)
(-0.0602, 4.476, -3.5714)
(-0.4262, 4.6248, -3.7504)
(-0.7455, 4.4294, -3.5046)
(-1.106, 4.5237, -3.7213)
(-1.4208, 4.2999, -3.4945)
(-1.761, 4.3142, -3.762)
(-2.0628, 4.0608, -3.5524)
(-2.3654, 4.0066, -3.8581)
(-2.6193, 3.7399, -3.6591)
(-2.8314, 3.6886, -3.9729)
(-3.0105, 3.452, -3.7674)
(0.8381, 4.6373, -4.4132)
(0.5611, 4.6775, -4.1207)
(0.2191, 4.8667, -4.2032)
(-0.1017, 4.7759, -3.9736)
(-0.4586, 4.8907, -4.0956)
(-0.7854, 4.7189, -3.9165)
(-1.1343, 4.7419, -4.0995)
(-1.4506, 4.5369, -3.9403)
(-1.7789, 4.4935, -4.163)
(-2.0796, 4.2618, -4.0184)
(-2.3758, 4.1699, -4.2672)
(-2.6263, 3.9239, -4.1325)
(-2.8281, 3.8489, -4.3658)
(-3.005, 3.6333, -4.2292)
(-0.5407, -0.3476, 4.7318)
(-0.9436, -0.1796, 4.7671)
(-0.8545, -0.4189, 4.7487)
(-1.4683, 0.1803, 4.8782)
(-1.3053, -0.1943, 4.8268)
(-2.0078, 0.5873, 5.0316)
(-1.8495, 0.2142, 4.9804)
(-2.5491, 0.9958, 5.1703)
(-2.389, 0.6247, 5.144)
(-3.0886, 1.4135, 5.2772)
(-2.9257, 1.041, 5.2939)
(-3.6014, 1.8585, 5.4017)
(-3.4538, 1.4761, 5.4136)
(-4.112, 2.3073, 5.5256)
(-3.9753, 1.9253, 5.5059)
(-4.5028, 2.3678, 5.5932)
(6.2355, -4.8067, 1.2264)
(5.0124, -3.9129, -0.0662)
(5.202, -3.9802, -0.3937)
(5.3209, -4.3337, -0.4639)
(5.4753, -4.7401, -0.0784)
(5.6944, -5.0036, 0.4159)
(5.9866, -5.0223, 0.9124)
(1.6734, -2.8945, 3.1603)
(2.1592, -3.1439, 2.9377)
(2.7233, -3.453, 2.6761)
(3.2903, -3.7538, 2.4074)
(3.8566, -4.0347, 2.1189)
(4.4201, -4.2878, 1.8043)
(4.9805, -4.5279, 1.4777)
(5.5338, -4.784, 1.1665)
(1.2574, -3.0895, 2.7837)
(1.805, -3.4019, 2.5329)
(2.3754, -3.7359, 2.281)
(2.9464, -4.0211, 2.0102)
(3.5191, -4.2546, 1.7027)
(4.0886, -4.4498, 1.3665)
(4.6561, -4.6354, 1.0221)
(5.2238, -4.8268, 0.692)
(-0.3176, -2.7288, 2.6215)
(0.2778, -2.991, 2.4957)
(0.9028, -3.2378, 2.3075)
(1.4988, -3.5703, 2.0452)
(2.0865, -3.8513, 1.7914)
(2.689, -4.0186, 1.5197)
(3.2985, -4.1263, 1.237)
(3.866, -4.2653, 0.8984)
(4.4132, -4.443, 0.5265)
(4.9873, -4.6053, 0.1897)
(-0.4714, -2.6877, 2.1415)
(0.0931, -3.0055, 1.9377)
(0.6795, -3.2989, 1.718)
(1.2786, -3.576, 1.4867)
(1.9018, -3.7037, 1.272)
(2.5475, -3.698, 1.0671)
(3.19, -3.7034, 0.8395)
(3.7438, -3.8385, 0.4964)
(4.2563, -4.054, 0.0957)
(4.8172, -4.2358, -0.2463)
(-0.6492, -2.6207, 1.5567)
(-0.0849, -2.9603, 1.3406)
(0.5043, -3.2486, 1.1239)
(1.1291, -3.434, 0.9212)
(1.7783, -3.4021, 0.779)
(2.4373, -3.2615, 0.6732)
(3.0868, -3.2252, 0.4821)
(3.6489, -3.3578, 0.1408)
(4.1782, -3.5701, -0.226)
(4.7323, -3.791, -0.3976)
(-0.8152, -2.5331, 0.9719)
(-0.2496, -2.884, 0.7534)
(0.3517, -3.1593, 0.5387)
(1.0048, -3.2748, 0.3518)
(1.6683, -3.1635, 0.2482)
(2.3247, -2.9437, 0.1978)
(2.9871, -2.7961, 0.0866)
(3.6021, -2.8836, -0.1272)
(4.1388, -3.1942, -0.2861)
(4.6261, -3.5773, -0.2032)
(-0.9688, -2.4277, 0.3904)
(-0.3996, -2.7835, 0.169)
(0.213, -3.0506, -0.0463)
(0.8805, -3.113, -0.2179)
(1.5423, -2.9432, -0.2899)
(2.1743, -2.664, -0.291)
(2.7696, -2.4067, -0.2954)
(-1.0999, -2.2826, -0.1862)
(-0.525, -2.6236, -0.406)
(0.0954, -2.8652, -0.6147)
(0.7523, -2.8603, -0.7472)
(1.3822, -2.6286, -0.7694)
(1.9791, -2.3307, -0.7366)
(2.4847, -2.069, -0.6979)
(-1.2246, -2.124, -0.7623)
(-0.6411, -2.4355, -0.9758)
(-0.0117, -2.6267, -1.1668)
(0.6288, -2.5696, -1.2615)
(1.2286, -2.3244, -1.2574)
(1.8042, -2.0441, -1.2244)
(2.2892, -1.7894, -1.1874)
(-1.3571, -1.9784, -1.3416)
(-0.7616, -2.2591, -1.5482)
(-0.119, -2.3942, -1.7203)
(0.5199, -2.3114, -1.7998)
(1.1074, -2.0758, -1.7916)
(1.6688, -1.7977, -1.7544)
(2.1408, -1.5377, -1.7139)
(-1.488, -1.8321, -1.9214)
(-0.8786, -2.0814, -2.1208)
(-0.2238, -2.169, -2.2777)
(0.4197, -2.0654, -2.3491)
(1.0103, -1.836, -2.3435)
(1.5723, -1.5603, -2.3085)
(2.0442, -1.3005, -2.2711)
(-1.6136, -1.678, -2.5001)
(-0.992, -1.8966, -2.6917)
(-0.3273, -1.9425, -2.8352)
(0.3246, -1.8163, -2.9013)
(0.9285, -1.5848, -2.9013)
(1.505, -1.3136, -2.875)
(1.9917, -1.0671, -2.85)
(-1.7343, -1.5163, -3.0776)
(-1.1026, -1.7054, -3.2609)
(-0.4316, -1.7137, -3.3915)
(0.2288, -1.5636, -3.4528)
(0.8509, -1.3229, -3.4588)
(1.4488, -1.0555, -3.4442)
(1.9559, -0.8291, -3.4355)
(-1.8509, -1.3484, -3.6538)
(-1.2112, -1.5091, -3.8286)
(-0.5372, -1.4823, -3.9461)
(0.1262, -1.3091, -4.0003)
(0.763, -1.057, -4.01)
(1.3823, -0.7899, -4.0063)
(1.9079, -0.5811, -4.0129)
(-1.9642, -1.1754, -4.2289)
(-1.3183, -1.3085, -4.3949)
(-0.6437, -1.2471, -4.4988)
(0.0167, -1.0517, -4.5432)
(0.6576, -0.7895, -4.5514)
(1.2887, -0.5198, -4.5529)
(1.8243, -0.3161, -4.567)
(-2.0749, -0.9984, -4.803)
(-1.4242, -1.1039, -4.9597)
(-0.7513, -1.0077, -5.0493)
(-0.0967, -0.7888, -5.0821)
(0.5411, -0.5163, -5.0847)
(1.1731, -0.2424, -5.0851)
(1.71, -0.0348, -5.0991)
(-2.1828, -0.8192, -5.3723)
(-1.5289, -0.8966, -5.5191)
(-0.8598, -0.7647, -5.5933)
(-0.2126, -0.5211, -5.6131)
(0.4203, -0.2369, -5.6087)
(1.0508, 0.0411, -5.6067)
(1.589, 0.2495, -5.6229)
(-2.2736, -0.6652, -5.8559)
(-1.6168, -0.7193, -5.9873)
(-0.9526, -0.5561, -6.0473)
(-0.3125, -0.2916, -6.0557)
(0.3162, 0.0024, -6.0452)
(0.9457, 0.2831, -6.0417)
(1.4827, 0.4845, -6.0571)
(1.9944, -2.6723, 3.4218)
(2.4608, -2.8619, 3.2209)
(3.0209, -3.1557, 2.9474)
(3.5875, -3.4507, 2.6742)
(4.154, -3.7388, 2.3922)
(4.7187, -4.0065, 2.0888)
(5.2797, -4.2607, 1.7694)
(5.8313, -4.5319, 1.4596)
(6.5277, -4.3736, 1.3446)
(5.0273, -3.9297, -0.0091)
(5.4209, -3.7717, -0.2063)
(5.8901, -3.6021, -0.159)
(6.3104, -3.5435, 0.2493)
(6.6052, -3.6445, 0.7529)
(6.6748, -3.984, 1.1816)
(2.499, -1.8136, 3.5078)
(2.9282, -2.0869, 3.2186)
(3.4699, -2.388, 2.9328)
(4.0212, -2.6842, 2.6557)
(4.5302, -2.9742, 2.3031)
(5.0613, -3.2395, 1.9705)
(5.6374, -3.4896, 1.6935)
(6.2054, -3.7534, 1.4176)
(2.6197, -1.2815, 3.3085)
(3.1437, -1.5758, 3.017)
(3.6873, -1.8831, 2.7248)
(4.1612, -2.212, 2.3888)
(4.6243, -2.5015, 2.0065)
(5.1437, -2.7584, 1.6564)
(5.673, -3.043, 1.3309)
(6.1867, -3.3562, 1.0138)
(1.5988, -0.0794, 3.2014)
(2.1452, -0.4339, 3.1162)
(2.6979, -0.8053, 2.9354)
(3.2765, -1.1358, 2.656)
(3.7414, -1.5008, 2.3388)
(4.1102, -1.87, 1.9396)
(4.5329, -2.1876, 1.551)
(4.9948, -2.5235, 1.2059)
(5.4764, -2.8428, 0.8505)
(5.9479, -3.1843, 0.5078)
(1.6701, 0.2449, 2.826)
(2.2368, -0.0797, 2.6567)
(2.7771, -0.4365, 2.4286)
(3.3004, -0.8038, 2.1515)
(3.6866, -1.2349, 1.8241)
(3.9459, -1.6879, 1.4526)
(4.2381, -2.1337, 1.1002)
(4.6311, -2.5337, 0.747)
(5.1089, -2.829, 0.3731)
(5.5663, -3.188, 0.0451)
(1.7359, 0.6263, 2.3577)
(2.2769, 0.2614, 2.1432)
(2.775, -0.1381, 1.8886)
(3.2321, -0.5606, 1.6058)
(3.5473, -1.0561, 1.3021)
(3.7071, -1.6032, 0.9661)
(3.8689, -2.1621, 0.656)
(4.2129, -2.5653, 0.3197)
(4.6831, -2.8782, -0.028)
(5.1073, -3.3262, -0.1943)
(1.7462, 0.9514, 1.8477)
(2.2535, 0.5485, 1.6091)
(2.703, 0.1023, 1.3397)
(3.0963, -0.3783, 1.0504)
(3.3251, -0.9377, 0.7729)
(3.3915, -1.537, 0.4973)
(3.4796, -2.1372, 0.2149)
(3.8124, -2.6018, -0.0574)
(4.2928, -2.9984, -0.2035)
(4.7011, -3.5114, -0.1285)
(1.6864, 1.1937, 1.2957)
(2.1887, 0.7848, 1.0546)
(2.6029, 0.3126, 0.784)
(2.9446, -0.2073, 0.4946)
(3.1449, -0.7816, 0.2273)
(3.1142, -1.4111, 0.0183)
(3.0619, -1.9989, -0.1818)
(1.5742, 1.3679, 0.7268)
(2.0844, 0.9672, 0.4904)
(2.5319, 0.5242, 0.2319)
(2.8524, 0.0093, -0.0496)
(2.9782, -0.5734, -0.3027)
(2.9021, -1.1909, -0.4868)
(2.7663, -1.7209, -0.6188)
(1.515, 1.6013, 0.1849)
(2.0377, 1.2113, -0.0418)
(2.4983, 0.7815, -0.2999)
(2.7627, 0.2596, -0.5798)
(2.7933, -0.3317, -0.812)
(2.6898, -0.9358, -0.9795)
(2.5577, -1.4492, -1.1101)
(1.5718, 1.9646, -0.2898)
(2.074, 1.5596, -0.5303)
(2.4371, 1.0726, -0.8156)
(2.5832, 0.5039, -1.0952)
(2.5632, -0.0898, -1.3076)
(2.4666, -0.6847, -1.4747)
(2.3744, -1.1924, -1.6234)
(1.643, 2.3477, -0.7515)
(2.0673, 1.8913, -1.0263)
(2.2921, 1.3374, -1.33)
(2.3294, 0.7339, -1.5915)
(2.2961, 0.136, -1.8009)
(2.2533, -0.4551, -1.9925)
(2.2359, -0.9581, -2.1699)
(1.662, 2.687, -1.2513)
(1.9765, 2.1767, -1.54)
(2.0685, 1.5731, -1.8364)
(2.0607, 0.9506, -2.0919)
(2.0652, 0.3479, -2.3228)
(2.1195, -0.2395, -2.547)
(2.1785, -0.7366, -2.7481)
(1.6323, 2.9848, -1.7754)
(1.8331, 2.4287, -2.0633)
(1.853, 1.8033, -2.3512)
(1.8906, 1.1779, -2.6226)
(1.987, 0.5731, -2.877)
(2.118, -0.0154, -3.121)
(2.1793, -0.5133, -3.338)
(1.5809, 3.2566, -2.3143)
(1.7304, 2.6773, -2.6009)
(1.7643, 2.0522, -2.8885)
(1.8839, 1.4336, -3.1662)
(2.0577, 0.8274, -3.4289)
(2.1781, 0.2259, -3.6908)
(2.1701, -0.2799, -3.9216)
(1.5384, 3.5207, -2.8597)
(1.7126, 2.9402, -3.1436)
(1.8084, 2.3212, -3.4272)
(1.986, 1.7104, -3.697)
(2.1561, 1.0993, -3.9665)
(2.1989, 0.4861, -4.2458)
(2.1139, -0.0219, -4.4808)
(1.5059, 3.7763, -3.4086)
(1.7548, 3.2126, -3.6792)
(1.9195, 2.6023, -3.9529)
(2.104, 1.9932, -4.2224)
(2.2109, 1.3762, -4.5033)
(2.1644, 0.7614, -4.788)
(2.0187, 0.2584, -5.016)
(1.4653, 4.0127, -3.9603)
(1.8046, 3.4825, -4.2108)
(2.0269, 2.8852, -4.4739)
(2.1774, 2.2728, -4.7502)
(2.2038, 1.6506, -5.0395)
(2.0913, 1.0384, -5.3212)
(1.9113, 0.5401, -5.544)
(1.4192, 4.1996, -4.4328)
(1.843, 3.7096, -4.6563)
(2.0985, 3.1246, -4.9125)
(2.1955, 2.5052, -5.1977)
(2.1614, 1.8799, -5.4894)
(2.017, 1.2696, -5.7677)
(1.8262, 0.7741, -5.9833)
(2.32, -2.2451, 3.5638)
(2.7036, -2.526, 3.3069)
(3.2518, -2.8292, 3.0244)
(3.8134, -3.1292, 2.7509)
(4.3624, -3.4214, 2.4487)
(4.9206, -3.6882, 2.1429)
(5.4953, -3.9355, 1.8504)
(6.0622, -4.1891, 1.5578)
(-5.0874, 2.4828, 5.6033)
(-4.6585, 2.3077, 3.6651)
(-4.9304, 2.5325, 3.5141)
(-5.2871, 2.4843, 3.6308)
(-5.4696, 2.2999, 4.1512)
(-5.5006, 2.2012, 4.744)
(-5.3508, 2.276, 5.2959)
(-1.2854, -0.9908, 4.3041)
(-1.7362, -0.637, 4.4434)
(-2.2773, -0.2347, 4.609)
(-2.816, 0.176, 4.7677)
(-3.3478, 0.602, 4.9039)
(-3.8688, 1.0471, 5.0086)
(-4.3843, 1.4995, 5.098)
(-4.9031, 1.934, 5.2014)
(-1.5163, -1.3051, 3.8559)
(-2.0499, -0.921, 4.0229)
(-2.6086, -0.5285, 4.2076)
(-3.1363, -0.1064, 4.3617)
(-3.6401, 0.3535, 4.4703)
(-4.1262, 0.8373, 4.5424)
(-4.6081, 1.3264, 4.6038)
(-5.0873, 1.809, 4.6783)
(-0.8603, -2.3801, 2.8312)
(-1.3047, -1.9736, 3.1072)
(-1.7748, -1.5149, 3.3424)
(-2.344, -1.0969, 3.5304)
(-2.8626, -0.6638, 3.7054)
(-3.3013, -0.1591, 3.8368)
(-3.7016, 0.3814, 3.9434)
(-4.1437, 0.8899, 3.9948)
(-4.6278, 1.3741, 4.0215)
(-5.0892, 1.8767, 4.0843)
(-1.0207, -2.3343, 2.3538)
(-1.5408, -1.9542, 2.569)
(-2.0542, -1.539, 2.7745)
(-2.5623, -1.1016, 2.972)
(-2.9343, -0.5774, 3.1509)
(-3.2101, 0.022, 3.3016)
(-3.5198, 0.6174, 3.4326)
(-3.9582, 1.1176, 3.4726)
(-4.4786, 1.5641, 3.4708)
(-4.9561, 2.0472, 3.5284)
(-1.2051, -2.2629, 1.7715)
(-1.7492, -1.8892, 1.9836)
(-2.2578, -1.47, 2.1912)
(-2.6834, -0.977, 2.3954)
(-2.8981, -0.38, 2.595)
(-3.019, 0.2618, 2.7889)
(-3.2766, 0.8714, 2.9391)
(-3.7143, 1.3786, 2.9838)
(-4.2203, 1.8294, 3.0162)
(-4.6437, 2.2354, 3.2205)
(-1.3758, -2.1723, 1.1885)
(-1.9305, -1.802, 1.4028)
(-2.4312, -1.368, 1.6138)
(-2.801, -0.8248, 1.822)
(-2.9473, -0.193, 2.0308)
(-2.9756, 0.4674, 2.2434)
(-3.095, 1.1172, 2.4327)
(-3.4463, 1.649, 2.5916)
(-3.9313, 1.9942, 2.8275)
(-4.342, 2.1895, 3.257)
(-1.5334, -2.0642, 0.6086)
(-2.0949, -1.6926, 0.8239)
(-2.5925, -1.2457, 1.0372)
(-2.9157, -0.671, 1.2479)
(-2.9974, -0.0233, 1.4624)
(-2.9458, 0.629, 1.6844)
(-2.9035, 1.2418, 1.8926)
(-1.6623, -1.9206, 0.0311)
(-2.2123, -1.5379, 0.2457)
(-2.6879, -1.0747, 0.4601)
(-2.9334, -0.4897, 0.6757)
(-2.9296, 0.145, 0.8953)
(-2.835, 0.7663, 1.1218)
(-2.7418, 1.2934, 1.3196)
(-1.7816, -1.7656, -0.5472)
(-2.3065, -1.364, -0.3326)
(-2.7344, -0.8751, -0.1155)
(-2.9131, -0.291, 0.1061)
(-2.8757, 0.3167, 0.3278)
(-2.7885, 0.9119, 0.5496)
(-2.6956, 1.4191, 0.7381)
(-1.911, -1.6223, -1.1278)
(-2.4108, -1.1985, -0.9115)
(-2.7864, -0.6782, -0.6904)
(-2.9351, -0.0881, -0.4654)
(-2.8995, 0.5037, -0.2434)
(-2.8075, 1.0846, -0.0246)
(-2.7045, 1.5824, 0.1587)
(-2.0404, -1.477, -1.7082)
(-2.5146, -1.0294, -1.4893)
(-2.8467, -0.4814, -1.2648)
(-2.975, 0.12, -1.0376)
(-2.9464, 0.7122, -0.8143)
(-2.8577, 1.2931, -0.596)
(-2.7565, 1.7917, -0.4151)
(-2.1642, -1.324, -2.2877)
(-2.6125, -0.8542, -2.0661)
(-2.906, -0.2826, -1.8392)
(-3.0152, 0.3347, -1.6107)
(-2.9914, 0.9406, -1.3858)
(-2.9153, 1.5342, -1.1658)
(-2.8359, 2.0428, -0.9834)
(-2.2824, -1.1637, -2.866)
(-2.705, -0.6741, -2.6421)
(-2.9626, -0.0836, -2.4136)
(-3.0518, 0.5503, -2.1845)
(-3.0289, 1.1774, -1.9585)
(-2.9682, 1.7906, -1.736)
(-2.92, 2.3117, -1.5501)
(-2.396, -0.9974, -3.4433)
(-2.7928, -0.4904, -3.2176)
(-3.0155, 0.115, -2.9881)
(-3.0831, 0.76, -2.7591)
(-3.057, 1.4057, -2.5323)
(-3.0087, 2.0398, -2.3079)
(-2.9888, 2.5727, -2.1196)
(-2.5058, -0.8264, -4.0197)
(-2.8768, -0.3038, -3.7924)
(-3.0642, 0.314, -3.5627)
(-3.1078, 0.9638, -3.3343)
(-3.0743, 1.6172, -3.1074)
(-3.0306, 2.264, -2.8821)
(-3.0224, 2.8051, -2.6933)
(-2.6124, -0.6515, -4.5951)
(-2.957, -0.1147, -4.3669)
(-3.1079, 0.5134, -4.1374)
(-3.1249, 1.1658, -3.9098)
(-3.0799, 1.8197, -3.6832)
(-3.0333, 2.4689, -3.4579)
(-3.023, 3.013, -3.2696)
(-2.7158, -0.4749, -5.1661)
(-3.0326, 0.0749, -4.9371)
(-3.1453, 0.7117, -4.7084)
(-3.1337, 1.3653, -4.4818)
(-3.0747, 2.0186, -4.2556)
(-3.024, 2.6678, -4.0305)
(-3.0154, 3.2139, -3.8436)
(-2.8023, -0.3234, -5.6512)
(-3.0928, 0.2351, -5.4158)
(-3.1711, 0.878, -5.1878)
(-3.1348, 1.5319, -4.9622)
(-3.0641, 2.1845, -4.7362)
(-3.0111, 2.8337, -4.5112)
(-3.0085, 3.3753, -4.322)
(-1.0627, -0.7052, 4.6036)
(-1.448, -0.3462, 4.7318)
(-1.9814, 0.064, 4.8807)
(-2.5174, 0.4786, 5.0336)
(-3.052, 0.8994, 5.1772)
(-3.5797, 1.3352, 5.2961)
(-4.1033, 1.7791, 5.396)
(-4.6334, 2.2044, 5.5045)
(-4.7549, 2.8888, 5.7043)
(-4.6488, 2.2937, 3.7238)
(-4.7242, 2.755, 3.7092)
(-4.6875, 3.2062, 3.9278)
(-4.5532, 3.4491, 4.4473)
(-4.4689, 3.4835, 5.0324)
(-4.5557, 3.2448, 5.5213)
(-0.4539, 0.0873, 4.648)
(-0.9418, 0.4038, 4.7125)
(-1.4815, 0.7993, 4.8476)
(-2.0159, 1.2021, 4.991)
(-2.5713, 1.5969, 5.0481)
(-3.1023, 2.0154, 5.125)
(-3.6057, 2.4605, 5.2652)
(-4.1179, 2.8918, 5.4067)
(-0.1468, 0.5006, 4.3774)
(-0.6794, 0.8863, 4.4941)
(-1.2287, 1.2817, 4.6266)
(-1.7979, 1.6237, 4.6945)
(-2.3551, 1.9901, 4.7048)
(-2.8851, 2.4085, 4.7582)
(-3.4278, 2.8147, 4.8471)
(-3.9857, 3.1916, 4.9445)
(1.0705, 0.2561, 3.4029)
(0.5842, 0.5667, 3.7177)
(0.0467, 0.9155, 3.9732)
(-0.524, 1.3239, 4.1383)
(-1.1192, 1.6273, 4.2193)
(-1.7249, 1.8835, 4.1957)
(-2.2982, 2.2051, 4.189)
(-2.8741, 2.539, 4.2439)
(-3.4465, 2.8995, 4.2973)
(-4.0287, 3.2365, 4.3626)
(1.1212, 0.5852, 3.0286)
(0.6142, 0.9567, 3.2784)
(0.0784, 1.3258, 3.4966)
(-0.5186, 1.6311, 3.6381)
(-1.1537, 1.8342, 3.6839)
(-1.7723, 1.9872, 3.6597)
(-2.3961, 2.1317, 3.6599)
(-3.0093, 2.3803, 3.6966)
(-3.5703, 2.7544, 3.7256)
(-4.1555, 3.0676, 3.8012)
(1.1806, 0.9761, 2.5664)
(0.6306, 1.3289, 2.7848)
(0.0517, 1.647, 2.9701)
(-0.5803, 1.8594, 3.0889)
(-1.2348, 1.9647, 3.1392)
(-1.8839, 1.988, 3.1209)
(-2.5402, 1.9583, 3.1276)
(-3.1328, 2.1559, 3.1553)
(-3.6926, 2.5082, 3.2065)
(-4.2631, 2.7011, 3.423)
(1.197, 1.3129, 2.0647)
(0.6176, 1.6343, 2.2618)
(-0.0016, 1.8875, 2.4187)
(-0.6574, 2.0493, 2.5257)
(-1.3262, 2.0433, 2.5755)
(-1.9751, 1.9115, 2.5667)
(-2.6319, 1.7917, 2.5712)
(-3.2397, 1.9308, 2.6631)
(-3.7714, 2.1874, 2.9089)
(-4.2716, 2.2595, 3.3335)
(1.1414, 1.5607, 1.5152)
(0.5589, 1.8784, 1.7102)
(-0.0743, 2.0915, 1.8552)
(-0.7452, 2.1991, 1.9495)
(-1.4091, 2.151, 1.9969)
(-2.0231, 1.8918, 2.0023)
(-2.5936, 1.6384, 1.9997)
(1.0331, 1.7357, 0.946)
(0.4605, 2.0656, 1.1458)
(-0.153, 2.3127, 1.3037)
(-0.81, 2.3971, 1.3906)
(-1.4509, 2.2795, 1.4185)
(-2.0298, 1.9814, 1.4194)
(-2.4949, 1.664, 1.4123)
(0.974, 1.9697, 0.4044)
(0.4139, 2.3136, 0.6138)
(-0.1932, 2.5651, 0.7675)
(-0.839, 2.5908, 0.8283)
(-1.4497, 2.3985, 0.8359)
(-2.0036, 2.0865, 0.8358)
(-2.4533, 1.777, 0.8259)
(1.0273, 2.3327, -0.0709)
(0.4481, 2.649, 0.1179)
(-0.1929, 2.7983, 0.2189)
(-0.8401, 2.7151, 0.2407)
(-1.429, 2.4822, 0.2435)
(-1.9766, 2.1793, 0.2456)
(-2.4413, 1.9099, 0.2387)
(1.0982, 2.7099, -0.5365)
(0.4742, 2.9422, -0.4005)
(-0.1932, 2.9581, -0.358)
(-0.828, 2.7785, -0.3604)
(-1.4131, 2.5316, -0.3596)
(-1.9821, 2.2768, -0.3517)
(-2.4785, 2.0803, -0.3462)
(1.1276, 3.0402, -1.0416)
(0.4808, 3.1596, -0.9537)
(-0.1874, 3.0457, -0.9539)
(-0.823, 2.8248, -0.9672)
(-1.4327, 2.6126, -0.9631)
(-2.0412, 2.4465, -0.9345)
(-2.566, 2.3216, -0.9127)
(1.1245, 3.322, -1.5751)
(0.4711, 3.3261, -1.5276)
(-0.1917, 3.1409, -1.55)
(-0.8508, 2.9622, -1.5529)
(-1.5004, 2.8326, -1.5217)
(-2.1415, 2.7342, -1.4713)
(-2.6752, 2.6144, -1.4608)
(1.0969, 3.5786, -2.123)
(0.4384, 3.5314, -2.0915)
(-0.2282, 3.3577, -2.1071)
(-0.9077, 3.2494, -2.0779)
(-1.585, 3.1835, -2.0161)
(-2.2426, 3.0759, -1.981)
(-2.7702, 2.9015, -2.012)
(1.0547, 3.8447, -2.6672)
(0.3903, 3.8174, -2.6201)
(-0.2862, 3.6932, -2.6059)
(-0.972, 3.6299, -2.547)
(-1.6556, 3.5597, -2.4918)
(-2.3095, 3.3899, -2.504)
(-2.8198, 3.1543, -2.5743)
(1.0007, 4.1134, -3.2083)
(0.3365, 4.15, -3.1199)
(-0.3471, 4.0813, -3.0681)
(-1.0332, 4.0224, -3.0076)
(-1.7093, 3.9025, -2.9895)
(-2.3425, 3.6627, -3.0477)
(-2.8286, 3.3783, -3.1433)
(0.9341, 4.3611, -3.7531)
(0.2809, 4.4773, -3.6176)
(-0.4031, 4.4604, -3.5327)
(-1.0856, 4.3772, -3.4912)
(-1.7477, 4.1946, -3.5153)
(-2.3594, 3.9027, -3.6032)
(-2.8295, 3.5909, -3.713)
(0.8675, 4.557, -4.2199)
(0.2358, 4.749, -4.0369)
(-0.444, 4.7648, -3.9336)
(-1.1216, 4.6412, -3.9201)
(-1.7709, 4.4105, -3.9733)
(-2.3708, 4.0933, -4.0743)
(-2.8322, 3.7718, -4.1844)
(-0.7312, -0.2804, 4.7438)
(-1.1968, -0.0156, 4.8142)
(-1.7389, 0.3831, 4.9534)
(-2.2777, 0.7914, 5.1054)
(-2.821, 1.2021, 5.2242)
(-3.3473, 1.6337, 5.3374)
(-3.8556, 2.0839, 5.464)
(-4.3672, 2.5245, 5.5882)
