(3.0168, -2.9464, -4.9127)
(3.1776, -2.2967, -5.0305)
(3.1758, -1.6207, -5.1732)
(3.1072, -0.9451, -5.3161)
(3.0352, -0.2693, -5.4583)
(2.951, -2.8471, -4.4843)
(3.1419, -2.205, -4.6013)
(2.9994, 0.3696, -5.5917)
(3.1674, -1.5301, -4.7421)
(3.0138, 0.7944, -5.6096)
(3.1142, -0.8537, -4.885)
(3.048, -0.1776, -5.0273)
(3.0117, 0.4623, -5.1623)
(3.0238, 0.9464, -5.3043)
(2.8636, -2.7174, -3.929)
(3.09, -2.0848, -4.0406)
(3.1496, -1.4124, -4.1785)
(3.1173, -0.7351, -4.3211)
(3.0595, -0.0585, -4.4634)
(3.0234, 0.5812, -4.5982)
(3.0245, 1.0683, -4.7018)
(2.7683, -2.5782, -3.3424)
(3.0296, -1.9569, -3.4474)
(3.1234, -1.2884, -3.5818)
(3.1116, -0.6109, -3.7236)
(3.0622, 0.0658, -3.8659)
(3.0294, 0.7046, -3.9998)
(3.0381, 1.1927, -4.1033)
(2.6698, -2.4361, -2.7568)
(2.9647, -1.8279, -2.8548)
(3.0906, -1.1649, -2.9852)
(3.0961, -0.489, -3.1254)
(3.0511, 0.1838, -3.2654)
(3.0171, 0.8166, -3.396)
(3.0318, 1.3057, -3.4986)
(2.5677, -2.2906, -2.1725)
(2.8957, -1.6976, -2.2628)
(3.0522, -1.0425, -2.3884)
(3.0714, -0.3741, -2.5238)
(3.025, 0.2829, -2.6555)
(2.9764, 0.9017, -2.7793)
(2.9604, 1.3827, -2.8784)
(2.4614, -2.1408, -1.5897)
(2.8229, -1.5657, -1.6715)
(3.0095, -0.9224, -1.7905)
(3.0387, -0.2699, -1.9169)
(2.9863, 0.3669, -2.0383)
(2.9155, 0.9696, -2.1556)
(2.8597, 1.4382, -2.2523)
(2.3501, -1.9856, -1.0091)
(2.7459, -1.4322, -1.0809)
(2.9637, -0.8046, -1.1919)
(2.9991, -0.168, -1.3098)
(2.9381, 0.4524, -1.4235)
(2.8469, 1.0413, -1.5354)
(2.7535, 1.4956, -1.6281)
(2.2328, -1.8238, -0.4312)
(2.6646, -1.2959, -0.4915)
(2.9175, -0.6863, -0.5943)
(2.9547, -0.0584, -0.7086)
(2.8855, 0.5552, -0.8197)
(2.785, 1.1385, -0.928)
(2.6722, 1.5842, -1.0158)
(2.1114, -1.6561, 0.1442)
(2.5811, -1.1559, 0.0967)
(2.8778, -0.5664, 0.002)
(2.9155, 0.0631, -0.1154)
(2.8432, 0.6834, -0.2302)
(2.7479, 1.274, -0.3389)
(2.643, 1.7276, -0.4256)
(1.9955, -1.4909, 0.7211)
(2.5049, -1.0168, 0.6866)
(2.8585, -0.4482, 0.599)
(2.9195, 0.1932, 0.4712)
(2.8497, 0.8341, 0.3462)
(2.7567, 1.4421, 0.2336)
(2.6615, 1.9083, 0.1479)
(1.8853, -1.3329, 1.2998)
(2.4231, -0.8769, 1.276)
(2.83, -0.3209, 1.1915)
(2.9839, 0.3281, 1.0509)
(2.9322, 0.9947, 0.9106)
(2.8412, 1.6331, 0.7862)
(2.7297, 2.1271, 0.7056)
(1.7408, -1.1436, 1.8612)
(2.2818, -0.6959, 1.8419)
(2.717, -0.1583, 1.7655)
(2.9585, 0.4731, 1.6309)
(2.9853, 1.1483, 1.4769)
(2.9851, 1.8225, 1.3223)
(3.0389, 2.5579, 1.1332)
(1.5705, -0.9283, 2.4089)
(2.1026, -0.4823, 2.3873)
(2.5612, 0.0277, 2.3235)
(2.8584, 0.6229, 2.2053)
(3.5579, 3.0253, 1.1942)
(2.9349, 1.2807, 2.0492)
(3.0516, 1.9365, 1.8888)
(4.0281, 3.3524, 1.5853)
(3.3501, 2.5043, 1.6943)
(4.4808, 3.6281, 2.0319)
(3.8296, 2.9312, 1.5161)
(1.3898, -0.6991, 2.953)
(1.9103, -0.2499, 2.9269)
(2.4132, 0.2233, 2.8801)
(4.712, 3.8669, 2.0872)
(2.8125, 0.76, 2.7855)
(4.2785, 3.3736, 1.4845)
(3.0295, 1.3738, 2.6242)
(3.2476, 1.9945, 2.4486)
(4.6129, 3.7911, 1.7212)
(3.5975, 2.5303, 2.2408)
(4.8752, 4.1011, 1.9253)
(4.105, 2.913, 2.0025)
(1.1899, -0.4554, 3.46)
(1.6643, 0.0196, 3.4433)
(2.2008, 0.4872, 3.393)
(4.5999, 3.3335, 1.8049)
(2.7201, 0.9546, 3.3324)
(3.1236, 1.4801, 3.189)
(5.0014, 3.7813, 1.7044)
(3.4641, 2.0393, 3.0021)
(1.0202, -0.25, 3.8557)
(5.2071, 4.1915, 1.6766)
(3.8269, 2.5697, 2.8001)
(4.3206, 2.9671, 2.5654)
(1.9158, 0.8513, 3.7984)
(1.261, 0.354, 3.9398)
(4.8077, 3.4018, 2.3475)
(2.4866, 1.2875, 3.7561)
(3.0098, 1.7376, 3.6772)
(5.2391, 3.8503, 2.1595)
(3.4879, 2.2077, 3.5321)
(5.5271, 4.2258, 2.0315)
(3.9443, 2.681, 3.3405)
(4.4115, 3.132, 3.1199)
(1.2049, 0.9521, 4.1224)
(1.6379, 1.3086, 4.0647)
(4.8807, 3.5912, 2.9107)
(2.1733, 1.7255, 4.016)
(2.7189, 2.1581, 3.9587)
(5.3195, 4.0348, 2.7272)
(3.2501, 2.5956, 3.8656)
(5.6744, 4.3567, 2.5961)
(3.7664, 3.0355, 3.7247)
(4.2696, 3.4764, 3.5516)
(1.0104, 1.4245, 4.3126)
(1.3522, 1.7596, 4.2417)
(4.773, 3.9158, 3.3791)
(1.8528, 2.1717, 4.1654)
(2.3901, 2.6051, 4.0837)
(5.2546, 4.3277, 3.2342)
(2.926, 3.0398, 3.9969)
(0.9356, 1.7675, 4.3345)
(5.6358, 4.6273, 3.1245)
(3.4565, 3.4742, 3.8855)
(1.0441, 2.0919, 4.2861)
(1.5918, 2.5132, 4.2002)
(3.979, 3.908, 3.7462)
(2.1275, 2.9459, 4.1257)
(4.5037, 4.3368, 3.6085)
(2.6649, 3.3809, 4.0489)
(3.1985, 3.8153, 3.9448)
(5.0137, 4.7248, 3.5145)
(3.7221, 4.2513, 3.8047)
(5.4156, 4.9796, 3.4645)
(4.2456, 4.681, 3.6458)
(5.1253, 5.1456, 3.5249)
(4.7854, 5.1044, 3.5079)
(-0.5417, 1.8788, -6.1425)
(0.1132, 2.0767, -6.0624)
(0.797, 2.039, -5.987)
(1.4581, 1.8432, -5.9157)
(2.0832, 1.5543, -5.8418)
(-0.588, 1.8931, -5.7082)
(0.0819, 2.014, -5.6325)
(2.6267, 1.2013, -5.7653)
(0.766, 2.0121, -5.5521)
(2.9525, 0.9563, -5.6436)
(1.4365, 1.8777, -5.4791)
(2.0709, 1.6187, -5.4064)
(2.6213, 1.2766, -5.3326)
(3.011, 0.9613, -5.3085)
(-0.6467, 1.9177, -5.1416)
(0.0324, 1.9496, -5.0672)
(0.7183, 1.9482, -4.985)
(1.3989, 1.884, -4.9079)
(2.051, 1.6856, -4.8358)
(2.6164, 1.3744, -4.7644)
(3.0092, 1.0809, -4.7049)
(-0.7008, 1.9257, -4.5411)
(-0.0239, 1.8648, -4.4714)
(0.6608, 1.8399, -4.3899)
(1.3462, 1.8298, -4.3063)
(2.0167, 1.7167, -4.2301)
(2.6069, 1.466, -4.1609)
(3.0227, 1.2049, -4.1079)
(-0.7467, 1.9559, -3.9395)
(-0.0799, 1.8279, -3.8715)
(0.5996, 1.7435, -3.7936)
(1.2843, 1.7325, -3.709)
(1.9608, 1.6924, -3.6246)
(2.5719, 1.5269, -3.5524)
(3.0178, 1.3189, -3.5055)
(-0.7848, 2.0276, -3.3407)
(-0.1245, 1.8851, -3.2745)
(0.544, 1.7356, -3.1944)
(1.2155, 1.6602, -3.1094)
(1.8764, 1.6304, -3.0182)
(2.4907, 1.5483, -2.9367)
(2.9461, 1.3953, -2.8866)
(-0.8089, 2.129, -2.7485)
(-0.1418, 2.0628, -2.7006)
(0.5147, 1.8828, -2.6136)
(1.152, 1.7174, -2.5126)
(1.7812, 1.6127, -2.4122)
(2.3819, 1.5473, -2.3191)
(2.8457, 1.4507, -2.2605)
(-0.8078, 2.1844, -2.1526)
(-0.1408, 2.2659, -2.1367)
(0.5173, 2.1408, -2.0658)
(1.1258, 1.9388, -1.9491)
(1.718, 1.7596, -1.826)
(2.2851, 1.6057, -1.7092)
(2.7387, 1.5068, -1.6381)
(-0.7751, 2.1636, -1.5541)
(-0.1358, 2.3889, -1.5538)
(0.5274, 2.3902, -1.5169)
(1.1389, 2.2259, -1.4141)
(1.7044, 2.0003, -1.2684)
(2.2342, 1.7653, -1.1217)
(2.6576, 1.5956, -1.0255)
(-0.7147, 2.0814, -0.9606)
(-0.1176, 2.4162, -0.9581)
(0.5284, 2.5658, -0.9453)
(1.1566, 2.4794, -0.8697)
(1.7237, 2.2482, -0.7212)
(2.2362, 1.9723, -0.5554)
(2.6293, 1.741, -0.4319)
(-0.7098, 2.0667, -0.3659)
(-0.1171, 2.4168, -0.3643)
(0.5074, 2.6597, -0.3574)
(1.1519, 2.6652, -0.3043)
(1.746, 2.4679, -0.1684)
(2.2647, 2.1798, 0.004)
(2.6497, 1.9237, 0.1431)
(-0.8099, 2.2064, 0.2069)
(-0.2022, 2.5252, 0.212)
(0.4522, 2.7129, 0.2305)
(1.1156, 2.8064, 0.2695)
(1.7462, 2.6764, 0.3861)
(2.2961, 2.3986, 0.555)
(2.7179, 2.147, 0.7019)
(-0.895, 2.3238, 0.7949)
(-0.2783, 2.6308, 0.8002)
(0.3723, 2.8511, 0.807)
(1.0362, 2.9851, 0.8336)
(1.6896, 2.8956, 0.9305)
(2.3072, 2.6929, 1.0521)
(3.0309, 2.5783, 1.1322)
(-0.9287, 2.3714, 1.3985)
(-0.3315, 2.715, 1.3969)
(0.2908, 3.0052, 1.3833)
(0.9356, 3.1974, 1.3844)
(3.5468, 3.0417, 1.1996)
(1.5964, 3.1762, 1.4277)
(2.2556, 3.1104, 1.4393)
(4.0148, 3.3631, 1.5966)
(2.9001, 3.1246, 1.479)
(4.4673, 3.6348, 2.0479)
(3.4556, 3.4181, 1.372)
(-0.9073, 2.3384, 2.0063)
(-0.3506, 2.7345, 2.0072)
(0.2367, 3.0944, 1.9779)
(4.7135, 3.8478, 2.1397)
(0.8496, 3.3808, 1.939)
(4.0212, 3.712, 1.4555)
(1.5016, 3.4733, 1.9002)
(2.1459, 3.4642, 1.8739)
(4.4992, 3.9622, 1.7608)
(2.7843, 3.5754, 1.8482)
(4.8478, 4.1478, 2.0258)
(3.3486, 3.8795, 1.6766)
(-0.855, 2.2463, 2.5882)
(-0.3426, 2.6715, 2.6322)
(0.2298, 3.0864, 2.5918)
(3.9198, 4.2059, 1.5579)
(0.8128, 3.4462, 2.529)
(1.4398, 3.6054, 2.4354)
(4.4929, 4.4433, 1.6123)
(2.0288, 3.8065, 2.2803)
(-0.8059, 2.1475, 3.0523)
(4.9365, 4.5696, 1.7569)
(2.6379, 4.0375, 2.1747)
(3.2322, 4.3281, 2.0601)
(0.3137, 2.9662, 3.1858)
(-0.3273, 2.4592, 3.3328)
(3.792, 4.6723, 1.9011)
(0.867, 3.3927, 3.1017)
(1.4499, 3.7028, 2.988)
(4.3754, 4.9351, 1.8465)
(2.0382, 3.9516, 2.8164)
(4.843, 5.0922, 1.8662)
(2.5724, 4.3073, 2.6456)
(3.1298, 4.669, 2.5036)
(0.0796, 2.4539, 3.7768)
(0.5425, 2.7541, 3.6836)
(3.7001, 5.0213, 2.37)
(1.0814, 3.1321, 3.5732)
(1.6156, 3.5489, 3.5)
(4.2662, 5.3242, 2.2865)
(2.1719, 3.9083, 3.3658)
(4.7128, 5.535, 2.2454)
(2.7198, 4.2624, 3.1831)
(3.24, 4.6813, 3.0483)
(0.4014, 2.2303, 4.1425)
(0.8235, 2.4513, 4.0592)
(3.7644, 5.1076, 2.9328)
(1.3517, 2.8118, 3.9569)
(1.8881, 3.2364, 3.8778)
(4.2766, 5.4948, 2.8356)
(2.4316, 3.6458, 3.7723)
(0.6918, 2.089, 4.2771)
(4.6745, 5.7818, 2.761)
(2.9772, 4.0365, 3.6278)
(1.0343, 2.1093, 4.2809)
(1.5823, 2.5306, 4.1945)
(3.4849, 4.4844, 3.5132)
(2.1225, 2.968, 4.124)
(3.9888, 4.9431, 3.408)
(2.6612, 3.4029, 4.0527)
(3.1962, 3.8361, 3.953)
(4.4713, 5.368, 3.3155)
(3.7181, 4.272, 3.8103)
(4.8226, 5.6897, 3.2432)
(4.2395, 4.7014, 3.6489)
(4.8988, 5.4281, 3.4372)
(4.773, 5.1203, 3.504)
(2.6067, -3.4675, -4.875)
(1.9909, -3.7133, -4.9136)
(1.3223, -3.6837, -5.0319)
(0.6741, -3.4915, -5.1745)
(0.0444, -3.2369, -5.3171)
(-0.5856, -2.9819, -5.4591)
(2.5262, -3.3603, -4.4381)
(1.914, -3.623, -4.4852)
(1.2441, -3.6247, -4.6026)
(-1.1909, -2.7747, -5.5923)
(0.5894, -3.4588, -4.7434)
(-1.6041, -2.6749, -5.6098)
(-0.0453, -3.2186, -4.8861)
(-0.6769, -2.9684, -5.0281)
(-1.2828, -2.7595, -5.1629)
(-1.7523, -2.6408, -5.3045)
(2.4233, -3.2235, -3.8841)
(1.8138, -3.5035, -3.9297)
(1.1432, -3.5424, -4.0417)
(0.4812, -3.41, -4.1797)
(-0.1599, -3.1892, -4.322)
(-0.7942, -2.9463, -4.4642)
(-1.3996, -2.7366, -4.5986)
(-1.869, -2.6061, -4.702)
(2.3132, -3.077, -3.3015)
(1.7067, -3.374, -3.343)
(1.0372, -3.4499, -3.4484)
(0.3694, -3.3514, -3.5829)
(-0.2776, -3.1499, -3.7246)
(-0.914, -2.9144, -3.8666)
(-1.5192, -2.7074, -4.0001)
(-1.9914, -2.5829, -4.1034)
(2.2003, -2.927, -2.7199)
(1.5978, -3.2405, -2.7572)
(0.9314, -3.3527, -2.8556)
(0.2599, -3.2867, -2.9862)
(-0.3904, -3.102, -3.1263)
(-1.0239, -2.8711, -3.2661)
(-1.6227, -2.6637, -3.3963)
(-2.0973, -2.5441, -3.4986)
(2.0841, -2.7725, -2.1398)
(1.4865, -3.1025, -2.1727)
(0.8255, -3.2512, -2.2634)
(0.1529, -3.217, -2.3892)
(-0.4938, -3.0473, -2.5246)
(-1.1115, -2.8189, -2.6561)
(-1.6925, -2.6004, -2.7797)
(-2.1506, -2.4524, -2.8785)
(1.964, -2.6128, -1.5616)
(1.3722, -2.9592, -1.5898)
(0.7192, -3.1454, -1.6719)
(0.0495, -3.1437, -1.7912)
(-0.5848, -2.988, -1.9176)
(-1.1812, -2.7589, -2.0389)
(-1.7403, -2.5228, -2.156)
(-2.175, -2.339, -2.2524)
(1.8389, -2.4466, -0.986)
(1.2541, -2.8094, -1.0091)
(0.6123, -3.035, -1.0812)
(-0.051, -3.068, -1.1925)
(-0.6717, -2.9226, -1.3104)
(-1.2499, -2.6896, -1.4241)
(-1.7897, -2.437, -1.5359)
(-2.1997, -2.2203, -1.6285)
(1.7084, -2.2729, -0.4136)
(1.1312, -2.6518, -0.4312)
(0.5039, -2.9193, -0.4917)
(-0.1519, -2.9916, -0.5946)
(-0.7648, -2.8506, -0.7091)
(-1.334, -2.6114, -0.8202)
(-1.8656, -2.3512, -0.9286)
(-2.2618, -2.1178, -1.0162)
(1.5741, -2.0944, 0.1566)
(1.0036, -2.4884, 0.1442)
(0.3925, -2.8001, 0.0966)
(-0.2562, -2.9207, 0.0017)
(-0.8708, -2.7803, -0.1157)
(-1.4458, -2.5366, -0.2307)
(-1.986, -2.2796, -0.3395)
(-2.392, -2.0515, -0.426)
(1.4445, -1.9218, 0.7285)
(0.877, -2.3309, 0.721)
(0.2799, -2.6879, 0.6865)
(-0.3645, -2.8696, 0.5987)
(-0.9974, -2.7493, 0.4708)
(-1.5933, -2.5031, 0.3457)
(-2.1511, -2.2438, 0.2328)
(-2.5723, -2.0225, 0.1472)
(1.3215, -1.7582, 1.3025)
(0.7559, -2.181, 1.2997)
(0.1682, -2.5706, 1.2759)
(-0.479, -2.8068, 1.1913)
(-1.1451, -2.7743, 1.0504)
(-1.7712, -2.5393, 0.9098)
(-2.3591, -2.2745, 0.7849)
(-2.8028, -2.0301, 0.7041)
(1.1773, -1.5663, 1.8623)
(0.6142, -1.9895, 1.8611)
(0.0334, -2.3841, 1.8417)
(-0.6041, -2.6525, 1.7652)
(-1.2781, -2.7091, 1.6304)
(-1.9344, -2.5483, 1.4757)
(-2.582, -2.3612, 1.32)
(-3.3031, -2.2106, 1.1296)
(1.0136, -1.3482, 2.4103)
(0.455, -1.7659, 2.4088)
(-0.122, -2.1524, 2.3871)
(-0.74, -2.4499, 2.3229)
(-1.3952, -2.5676, 2.2046)
(-3.8968, -2.5782, 1.1923)
(-2.049, -2.4555, 2.0489)
(-2.7102, -2.3881, 1.8862)
(-4.3419, -2.9382, 1.5839)
(-3.338, -2.5202, 1.6923)
(-4.7344, -3.2947, 2.0301)
(0.8398, -1.1166, 2.9542)
(-3.8809, -2.8639, 1.5153)
(0.2853, -1.5284, 2.953)
(-0.2914, -1.9028, 2.9268)
(-0.8869, -2.2526, 2.8795)
(-5.0281, -3.4509, 2.0844)
(-1.5146, -2.4787, 2.7857)
(-4.4303, -3.1736, 1.4838)
(-2.1646, -2.4979, 2.6276)
(-2.8192, -2.553, 2.4476)
(-4.9253, -3.3787, 1.719)
(-3.431, -2.7479, 2.2399)
(-5.2969, -3.5446, 1.9214)
(-3.94, -3.1306, 2.0032)
(0.6646, -0.8831, 3.4543)
(0.1076, -1.2684, 3.4603)
(-0.4809, -1.5913, 3.4435)
(-1.0797, -1.9754, 3.3931)
(-4.4806, -3.4913, 1.8063)
(-1.6734, -2.3409, 3.3327)
(-2.2913, -2.5739, 3.1894)
(-5.0215, -3.7548, 1.7052)
(-2.9229, -2.7498, 3.0017)
(0.5397, -0.7166, 3.8058)
(-0.0419, -1.0486, 3.8564)
(-5.4724, -3.8405, 1.6746)
(-3.5332, -2.955, 2.8003)
(-4.0525, -3.3201, 2.5669)
(-1.3495, -1.6004, 3.7988)
(-0.689, -1.1113, 3.9408)
(-4.6051, -3.6685, 2.3498)
(-1.9276, -2.0264, 3.7565)
(-2.5058, -2.4024, 3.678)
(-5.1552, -3.9595, 2.162)
(-3.0909, -2.7299, 3.5325)
(-5.5957, -4.1326, 2.0332)
(-3.6728, -3.0367, 3.3412)
(-4.2363, -3.3604, 3.1216)
(-1.2475, -0.8899, 4.1233)
(-1.711, -1.2058, 4.0654)
(-4.8081, -3.6835, 2.9129)
(-2.2607, -1.6035, 4.0165)
(-2.8284, -2.0067, 3.9596)
(-5.3564, -3.9815, 2.7296)
(-3.3967, -2.3945, 3.8666)
(-5.7644, -4.2328, 2.5987)
(-3.9634, -2.7674, 3.7259)
(-4.5274, -3.1277, 3.5532)
(-1.6469, -0.5713, 4.3133)
(-2.0642, -0.8054, 4.2423)
(-5.0899, -3.4884, 3.3809)
(-2.5997, -1.171, 4.1658)
(-3.1658, -1.566, 4.0841)
(-5.6201, -3.8354, 3.2359)
(-3.7327, -1.9593, 3.9974)
(-1.9555, -0.4036, 4.3352)
(-6.0146, -4.1176, 3.1264)
(-4.2981, -2.3472, 3.8862)
(-2.2973, -0.4167, 4.2868)
(-2.8547, -0.8249, 4.2004)
(-4.8605, -2.7277, 3.747)
(-3.4199, -1.2185, 4.1256)
(-5.4188, -3.1118, 3.6094)
(-3.9874, -1.6134, 4.0488)
(-4.5538, -2.004, 3.9445)
(-5.9341, -3.4926, 3.5155)
(-5.1184, -2.3851, 3.8044)
(-6.2914, -3.8072, 3.4659)
(-5.6771, -2.7678, 3.6457)
(-6.3697, -3.4821, 3.5245)
(-6.2344, -3.1678, 3.5079)
(-1.1259, 1.4969, -6.1795)
(-1.6558, 1.0426, -6.1454)
(-2.028, 0.4682, -6.0677)
(-2.1817, -0.199, -5.9919)
(-2.1772, -0.8884, -5.9191)
(-2.0749, -1.5693, -5.844)
(-1.1915, 1.5824, -5.74)
(-1.6623, 1.0932, -5.711)
(-1.9658, 0.4841, -5.6367)
(-1.8887, -2.1899, -5.7666)
(-2.15, -0.1749, -5.5566)
(-1.7444, -2.571, -5.6442)
(-2.2042, -0.8568, -5.4825)
(-2.1321, -1.5383, -5.4085)
(-1.9575, -2.1623, -5.3336)
(-1.7632, -2.6244, -5.3087)
(-1.264, 1.6764, -5.1758)
(-1.679, 1.1601, -5.1445)
(-1.9018, 0.5184, -5.0704)
(-2.0825, -0.1436, -4.9886)
(-2.2021, -0.8171, -4.9111)
(-2.1901, -1.499, -4.8378)
(-2.0486, -2.1287, -4.7652)
(-1.8768, -2.5878, -4.7051)
(-1.3216, 1.7522, -4.5756)
(-1.678, 1.2172, -4.544)
(-1.8112, 0.552, -4.4738)
(-1.9693, -0.1151, -4.3923)
(-2.1399, -0.7791, -4.309)
(-2.2114, -1.4558, -4.232)
(-2.1331, -2.0925, -4.1617)
(-1.9989, -2.5648, -4.1081)
(-1.3645, 1.8135, -3.9714)
(-1.6885, 1.2705, -3.9423)
(-1.7573, 0.5961, -3.8739)
(-1.862, -0.081, -3.7955)
(-2.0338, -0.7441, -3.7109)
(-2.1751, -1.4071, -3.6263)
(-2.1819, -2.0406, -3.5532)
(-2.1061, -2.5269, -3.5055)
(-1.4013, 1.8631, -3.3659)
(-1.7441, 1.3267, -3.3436)
(-1.7963, 0.6546, -3.2767)
(-1.8387, -0.0291, -3.1961)
(-1.9482, -0.6959, -3.1108)
(-2.0957, -1.3409, -3.0195)
(-2.1809, -1.9551, -2.9375)
(-2.1586, -2.4352, -2.8867)
(-1.4228, 1.8899, -2.7606)
(-1.8346, 1.3774, -2.7516)
(-1.9607, 0.7206, -2.7025)
(-1.971, 0.04, -2.6148)
(-1.9854, -0.6182, -2.5136)
(-2.0532, -1.2526, -2.4128)
(-2.1509, -1.8493, -2.3198)
(-2.183, -2.322, -2.2609)
(-1.4108, 1.871, -2.1548)
(-1.89, 1.3898, -2.1562)
(-2.1585, 0.7755, -2.1397)
(-2.2172, 0.1088, -2.0655)
(-2.1875, -0.532, -1.9482)
(-2.1721, -1.1509, -1.8249)
(-2.1793, -1.7393, -1.7096)
(-2.2063, -2.203, -1.6385)
(-1.3605, 1.7981, -1.5557)
(-1.8891, 1.3561, -1.5578)
(-2.2856, 0.81, -1.5578)
(-2.4563, 0.1699, -1.5139)
(-2.4592, -0.4645, -1.4083)
(-2.3981, -1.0721, -1.2664)
(-2.3178, -1.6469, -1.1219)
(-2.2686, -2.1005, -1.0258)
(-1.2843, 1.6885, -0.9672)
(-1.8408, 1.278, -0.9639)
(-2.3362, 0.8121, -0.9636)
(-2.6324, 0.2222, -0.9423)
(-2.7027, -0.411, -0.86)
(-2.6398, -1.0235, -0.718)
(-2.5174, -1.5936, -0.5557)
(-2.401, -2.0346, -0.4324)
(-1.2868, 1.6888, -0.3719)
(-1.833, 1.2678, -0.3691)
(-2.3486, 0.8143, -0.3695)
(-2.7367, 0.2711, -0.3561)
(-2.8899, -0.3568, -0.2953)
(-2.8568, -0.9864, -0.1649)
(-2.7245, -1.5662, 0.0035)
(-2.5838, -2.0069, 0.1421)
(-1.3892, 1.8282, 0.204)
(-1.9344, 1.4019, 0.2049)
(-2.4249, 0.922, 0.2109)
(-2.7869, 0.3455, 0.2335)
(-3.0274, -0.2802, 0.2779)
(-3.0554, -0.9283, 0.3904)
(-2.9413, -1.5368, 0.5547)
(-2.8188, -2.0131, 0.7002)
(-1.4735, 1.9437, 0.7926)
(-2.0159, 1.513, 0.7944)
(-2.4994, 1.0223, 0.8017)
(-2.8866, 0.4561, 0.8155)
(-3.1703, -0.1601, 0.8462)
(-3.2524, -0.8187, 0.9341)
(-3.2311, -1.4699, 1.0501)
(-3.3206, -2.1975, 1.1288)
(-1.4893, 1.9689, 1.3962)
(-2.0373, 1.5478, 1.3984)
(-2.5528, 1.0905, 1.4004)
(-2.9993, 0.5722, 1.3964)
(-3.321, -0.0219, 1.4063)
(-3.9095, -2.563, 1.1977)
(-3.4917, -0.6601, 1.4326)
(-3.6186, -1.3063, 1.4364)
(-4.3486, -2.9223, 1.5949)
(-3.8071, -1.9195, 1.4791)
(-4.7373, -3.2798, 2.0459)
(-1.4301, 1.8975, 1.9964)
(-4.2439, -2.3691, 1.3724)
(-1.9907, 1.504, 2.0042)
(-2.5478, 1.1061, 2.0107)
(-3.0518, 0.646, 1.9951)
(-5.0098, -3.4579, 2.1377)
(-3.4274, 0.0871, 1.9706)
(-4.6851, -2.8299, 1.4544)
(-3.7353, -0.486, 1.9073)
(-3.9221, -1.0969, 1.8715)
(-5.0589, -3.2215, 1.7576)
(-4.2059, -1.679, 1.8476)
(-5.335, -3.5037, 2.0227)
(-4.6561, -2.1353, 1.6773)
(-1.3515, 1.8006, 2.5557)
(-1.9116, 1.438, 2.5872)
(-2.4738, 1.0796, 2.6346)
(-3.0438, 0.6656, 2.6026)
(-5.1301, -2.5921, 1.5584)
(-3.5238, 0.1804, 2.5385)
(-3.8565, -0.3763, 2.4383)
(-5.5192, -3.0762, 1.6117)
(-4.2155, -0.8868, 2.2814)
(-1.2988, 1.7333, 2.9507)
(-1.834, 1.3756, 3.0538)
(-5.7659, -3.4664, 1.7549)
(-4.6079, -1.4074, 2.1737)
(-5.0545, -1.8958, 2.0592)
(-2.9371, 0.5357, 3.1867)
(-2.2681, 1.0045, 3.3341)
(-5.5419, -2.3371, 1.9011)
(-3.4983, 0.1195, 3.1028)
(-3.9574, -0.3557, 2.9899)
(-5.9581, -2.8235, 1.8464)
(-4.3598, -0.8524, 2.8186)
(-6.2406, -3.2282, 1.8653)
(-4.8492, -1.2677, 2.6453)
(-5.353, -1.7013, 2.5029)
(-2.3767, 0.6115, 3.7772)
(-2.7918, 0.2492, 3.6813)
(-5.8514, -2.1501, 2.3696)
(-3.3067, -0.1617, 3.5733)
(-3.8569, -0.5577, 3.5021)
(-6.3006, -2.609, 2.2863)
(-4.3572, -0.9917, 3.3679)
(-6.628, -2.9789, 2.2455)
(-4.8493, -1.4197, 3.1836)
(-5.3965, -1.8024, 3.048)
(-2.2521, 0.24, 4.1428)
(-2.5808, -0.1047, 4.0588)
(-5.9523, -2.187, 2.9322)
(-3.0743, -0.5113, 3.9566)
(-3.6325, -0.907, 3.879)
(-6.4672, -2.5709, 2.8353)
(-4.1767, -1.3152, 3.7728)
(-2.1973, -0.0785, 4.2773)
(-6.854, -2.8729, 2.761)
(-4.7035, -1.7304, 3.627)
(-2.3115, -0.4021, 4.2816)
(-2.8689, -0.8111, 4.195)
(-5.2757, -2.0923, 3.5127)
(-3.4397, -1.2076, 4.1244)
(-5.8569, -2.4482, 3.4075)
(-4.0075, -1.6037, 4.0528)
(-4.573, -1.9961, 3.953)
(-6.3996, -2.793, 3.3151)
(-5.1371, -2.3754, 3.8101)
(-6.8065, -3.0412, 3.2429)
(-5.6949, -2.7562, 3.6489)
(-6.5766, -3.1875, 3.4365)
(-6.2463, -3.1514, 3.504)
(2.6361, 1.7343, -0.4288)
(3.0168, 1.0746, -4.7034)
(1.0392, 2.1006, 4.2835)
(2.8527, 1.4444, -2.2564)
(1.587, 2.5219, 4.1974)
(2.125, 2.957, 4.1249)
(2.6556, 1.916, 0.1455)
(2.663, 3.3919, 4.0508)
(3.1974, 3.8257, 3.9489)
(3.7201, 4.2616, 3.8075)
(4.2426, 4.6912, 3.6474)
(3.0304, 1.1988, -4.1056)
(4.7792, 5.1123, 3.506)
(2.7461, 1.5012, -1.6331)
(2.6649, 1.5899, -1.0207)
(3.5524, 3.0335, 1.1969)
(2.7238, 2.1371, 0.7038)
(3.0349, 2.5681, 1.1327)
(4.0215, 3.3577, 1.591)
(4.4741, 3.6314, 2.0399)
(3.0174, 0.9538, -5.3064)
(3.0248, 1.3123, -3.5021)
(2.9532, 1.389, -2.8825)
(5.2251, 4.8645, 3.4862)
(4.8844, 4.9005, 3.5427)
(4.9593, 5.14, 3.5179)
(5.2766, 5.0936, 3.5192)
(4.6073, 3.7447, 2.0746)
(4.5079, 3.726, 1.8404)
(4.7487, 3.9559, 1.8327)
(4.7853, 3.9945, 2.0407)
(4.8, 3.7952, 1.6599)
(5.1217, 3.9904, 1.6854)
(5.0246, 4.1634, 1.7601)
(5.1469, 3.7985, 1.89)
(5.3963, 4.0452, 2.0901)
(5.3826, 4.2047, 1.7888)
(5.2953, 3.93, 2.4446)
(5.5046, 4.2075, 2.657)
(5.6243, 4.2746, 2.3105)
(5.3099, 4.1647, 2.9984)
(5.4547, 4.488, 3.1765)
(5.6796, 4.4737, 2.8736)
(5.1472, 4.5252, 3.4105)
(5.5416, 4.81, 3.329)
(1.4114, 1.1247, 4.0926)
(1.1076, 1.2073, 4.2308)
(1.1663, 1.5849, 4.2776)
(1.4928, 1.5438, 4.1681)
(1.897, 1.5114, 4.0398)
(1.5878, 1.9583, 4.2044)
(2.0084, 1.9571, 4.105)
(2.4482, 1.9414, 3.9902)
(2.1218, 2.3882, 4.1249)
(2.55, 2.39, 4.0359)
(2.9862, 2.3764, 3.9179)
(2.6584, 2.8224, 4.042)
(3.0859, 2.8248, 3.9496)
(3.5102, 2.8153, 3.8007)
(3.1923, 3.257, 3.9451)
(3.6126, 3.2601, 3.8278)
(4.0188, 3.256, 3.6402)
(3.7183, 3.6914, 3.8182)
(4.1294, 3.6951, 3.6758)
(4.5208, 3.6962, 3.4634)
(4.24, 4.1234, 3.6742)
(4.6471, 4.1266, 3.525)
(5.023, 4.1322, 3.302)
(4.7679, 4.5438, 3.5549)
(1.6278, 0.6242, 3.8375)
(1.2644, 0.6633, 4.0197)
(1.7766, 1.0728, 3.9449)
(2.2032, 1.0696, 3.7766)
(2.3354, 1.498, 3.9031)
(2.7553, 1.5098, 3.7246)
(2.8785, 1.9338, 3.8434)
(3.2532, 1.9706, 3.612)
(3.3938, 2.3804, 3.7283)
(3.7164, 2.4462, 3.4413)
(3.8879, 2.8319, 3.56)
(4.1764, 2.9079, 3.2312)
(4.3691, 3.2834, 3.3611)
(4.647, 3.3593, 3.0129)
(4.8521, 3.7355, 3.1673)
(5.1087, 3.8235, 2.8134)
(0.9345, -0.6748, 3.457)
(0.5971, -0.7931, 3.6438)
(0.7998, -0.5002, 3.8221)
(1.1015, -0.3485, 3.6681)
(1.4259, -0.2209, 3.4566)
(1.1781, 0.0413, 3.8903)
(1.513, 0.1748, 3.6762)
(1.9259, 0.2559, 3.4195)
(2.0616, 0.6557, 3.6132)
(2.4712, 0.7165, 3.3687)
(2.619, 1.1037, 3.5646)
(2.935, 1.2103, 3.2706)
(3.0951, 1.5855, 3.4525)
(3.2976, 1.7575, 3.0977)
(3.5094, 2.098, 3.2806)
(3.6326, 2.3183, 2.9047)
(3.9144, 2.6027, 3.0802)
(4.0642, 2.7759, 2.6841)
(4.3898, 3.0301, 2.8492)
(4.5689, 3.1763, 2.4532)
(4.863, 3.4813, 2.6333)
(5.0376, 3.6318, 2.2472)
(1.1171, -0.9098, 2.9551)
(0.7485, -0.9949, 3.2187)
(1.2891, -0.5754, 3.2177)
(1.6526, -0.478, 2.943)
(1.7948, -0.121, 3.1921)
(2.167, -0.018, 2.907)
(2.3183, 0.3439, 3.1459)
(2.6348, 0.4812, 2.8414)
(2.781, 0.8435, 3.0685)
(2.9351, 1.0606, 2.7098)
(3.0932, 1.4164, 2.9099)
(3.1281, 1.6882, 2.5381)
(3.3678, 2.0116, 2.7242)
(3.4005, 2.2817, 2.3501)
(3.7174, 2.5485, 2.5193)
(3.8414, 2.7298, 2.1218)
(4.2233, 2.9298, 2.2814)
(4.3597, 3.1146, 1.8938)
(4.7219, 3.3503, 2.0646)
(4.8216, 3.5596, 1.7424)
(1.2929, -1.1392, 2.4105)
(0.9283, -1.2346, 2.6829)
(1.4828, -0.8163, 2.6818)
(1.8422, -0.711, 2.4021)
(2.0104, -0.3692, 2.6577)
(2.3453, -0.2373, 2.3618)
(2.4896, 0.1212, 2.6036)
(2.7388, 0.315, 2.271)
(2.8312, 0.6903, 2.4956)
(2.9107, 0.9475, 2.1289)
(2.9653, 1.3313, 2.3367)
(2.9756, 1.6136, 1.9714)
(3.1331, 1.9709, 2.1708)
(3.1739, 2.2386, 1.7946)
(3.4729, 2.5139, 1.9648)
(3.5792, 2.7259, 1.5974)
(3.9709, 2.9139, 1.7372)
(4.067, 3.1485, 1.4674)
(4.4413, 3.352, 1.5958)
(4.4588, 3.5933, 1.5866)
(1.4593, -1.3553, 1.8623)
(1.097, -1.4594, 2.1371)
(1.6572, -1.0379, 2.1358)
(2.0185, -0.9272, 1.8563)
(2.1941, -0.5917, 2.1161)
(2.5183, -0.4402, 1.812)
(2.6392, -0.0662, 2.0451)
(2.8672, 0.1483, 1.7033)
(2.9076, 0.5494, 1.9179)
(2.9884, 0.8085, 1.5543)
(2.9567, 1.2188, 1.7624)
(2.9801, 1.4871, 1.4004)
(3.0162, 1.8891, 1.6032)
(3.0064, 2.1588, 1.2387)
(3.2263, 2.5089, 1.4287)
(3.2984, 2.7916, 1.1637)
(3.6897, 2.9646, 1.358)
(3.793, 3.1889, 1.3898)
(4.1429, 3.3687, 1.5013)
(4.2545, 3.4902, 1.8086)
(1.6038, -1.5464, 1.3021)
(1.2526, -1.6665, 1.5845)
(1.8178, -1.2428, 1.5829)
(2.1623, -1.1134, 1.2931)
(2.3599, -0.792, 1.5623)
(2.6523, -0.6131, 1.2425)
(2.7837, -0.2441, 1.4812)
(2.9397, -0.0032, 1.1246)
(2.9865, 0.3991, 1.3414)
(2.9732, 0.6615, 0.979)
(2.9734, 1.0731, 1.193)
(2.8852, 1.3242, 0.8458)
(2.9184, 1.7333, 1.0527)
(2.8003, 1.905, 0.735)
(2.8843, 2.3425, 0.9194)
(1.7224, -1.7094, 0.7269)
(1.3839, -1.8412, 1.0163)
(1.9423, -1.4134, 1.0114)
(2.2601, -1.2629, 0.7091)
(2.4685, -0.9496, 0.9828)
(2.7138, -0.7449, 0.6497)
(2.851, -0.3875, 0.8967)
(2.9189, -0.1314, 0.5372)
(2.953, 0.2598, 0.7613)
(2.8916, 0.5147, 0.4074)
(2.8853, 0.9143, 0.6291)
(2.8033, 1.1505, 0.2873)
(2.7868, 1.5351, 0.5132)
(2.7117, 1.6907, 0.1875)
(2.6956, 2.0177, 0.4268)
(1.8478, -1.881, 0.1538)
(1.508, -2.0064, 0.442)
(2.0519, -1.5721, 0.4321)
(2.3599, -1.4164, 0.1261)
(2.5418, -1.0856, 0.3912)
(2.7602, -0.8705, 0.0543)
(2.8659, -0.5072, 0.3005)
(2.922, -0.2525, -0.0559)
(2.908, 0.1275, 0.1789)
(2.8852, 0.3741, -0.1733)
(2.837, 0.7566, 0.0597)
(2.7964, 0.9904, -0.2863)
(2.745, 1.3547, -0.0506)
(2.6987, 1.5158, -0.3852)
(2.6523, 1.818, -0.1388)
(1.9785, -2.057, -0.4177)
(1.6413, -2.1837, -0.1284)
(2.1721, -1.7404, -0.1433)
(2.4653, -1.571, -0.4554)
(2.6225, -1.2263, -0.1974)
(2.8185, -0.9979, -0.5393)
(2.8957, -0.6263, -0.2961)
(2.9577, -0.3713, -0.6515)
(2.9328, 0.0009, -0.4111)
(2.9273, 0.2494, -0.7644)
(2.8612, 0.616, -0.5233)
(2.8368, 0.8584, -0.8753)
(2.7622, 1.2015, -0.6312)
(2.7322, 1.3773, -0.9751)
(2.6576, 1.6559, -0.7207)
(2.1056, -2.2276, -0.9916)
(1.7743, -2.3606, -0.6994)
(2.2922, -1.9056, -0.7198)
(2.5666, -1.7203, -1.0389)
(2.7058, -1.3645, -0.786)
(2.8794, -1.1238, -1.1335)
(2.9405, -0.7457, -0.8929)
(2.9996, -0.4846, -1.2513)
(2.9772, -0.1146, -1.0082)
(2.9756, 0.1433, -1.3668)
(2.9118, 0.5009, -1.1199)
(2.8935, 0.7586, -1.4808)
(2.8141, 1.0856, -1.2296)
(2.8014, 1.2829, -1.5843)
(2.7129, 1.5399, -1.322)
(2.2269, -2.391, -1.5686)
(1.9021, -2.5306, -1.2734)
(2.4065, -2.064, -1.2991)
(2.6622, -1.8646, -1.6245)
(2.7849, -1.4992, -1.3761)
(2.9385, -1.2489, -1.7283)
(2.9869, -0.8633, -1.4912)
(3.0395, -0.5946, -1.8541)
(3.0197, -0.2194, -1.6129)
(3.0182, 0.0497, -1.9779)
(2.9631, 0.4083, -1.73)
(2.9503, 0.6805, -2.0987)
(2.8814, 1.0036, -1.8444)
(2.8857, 1.2167, -2.2061)
(2.8066, 1.4669, -1.9402)
(2.3431, -2.5482, -2.1481)
(2.0246, -2.6934, -1.8504)
(2.5152, -2.2163, -1.8808)
(2.753, -2.0051, -2.2116)
(2.8598, -1.6319, -1.9671)
(2.9944, -1.3745, -2.3229)
(3.0313, -0.9821, -2.0896)
(3.0748, -0.7076, -2.4561)
(3.056, -0.321, -2.2208)
(3.052, -0.0444, -2.5901)
(3.007, 0.3258, -2.3473)
(2.998, 0.6055, -2.7198)
(2.9477, 0.9366, -2.4677)
(2.9638, 1.154, -2.8309)
(2.91, 1.4105, -2.5653)
(2.4551, -2.7004, -2.7294)
(2.1427, -2.8503, -2.4296)
(2.6192, -2.3638, -2.4645)
(2.8398, -2.1425, -2.7999)
(2.9307, -1.763, -2.5587)
(3.0464, -1.5001, -2.9176)
(3.072, -1.1035, -2.6869)
(3.1041, -0.8271, -3.055)
(3.0848, -0.4302, -2.8252)
(3.0757, -0.1521, -3.1957)
(3.0398, 0.2359, -2.9617)
(3.0298, 0.5143, -3.3337)
(3.0, 0.8624, -3.0891)
(3.0166, 1.0727, -3.449)
(2.9961, 1.3442, -3.1885)
(2.5638, -2.8485, -3.3121)
(2.2571, -3.0025, -3.0105)
(2.7195, -2.5075, -3.0495)
(2.9227, -2.2775, -3.3891)
(2.9977, -1.8926, -3.151)
(3.0939, -1.6254, -3.5127)
(3.1077, -1.2266, -3.2835)
(3.1263, -0.9498, -3.6525)
(3.105, -0.5495, -3.4247)
(3.0878, -0.2725, -3.7948)
(3.0585, 0.1265, -3.5665)
(3.0413, 0.3995, -3.9358)
(3.0265, 0.7632, -3.6991)
(3.0291, 0.9621, -4.054)
(3.035, 1.2492, -3.801)
(2.6694, -2.9933, -3.8959)
(2.3685, -3.1507, -3.5927)
(2.8164, -2.6481, -3.6356)
(3.0019, -2.4105, -3.9791)
(3.0605, -2.021, -3.7439)
(3.136, -1.7504, -4.1081)
(3.1374, -1.3503, -3.8801)
(3.1404, -1.0737, -4.2497)
(3.1156, -0.6729, -4.0224)
(3.0882, -0.3968, -4.3923)
(3.0624, 0.004, -4.1648)
(3.0366, 0.2756, -4.5336)
(3.0278, 0.6435, -4.2992)
(3.0215, 0.8392, -4.6531)
(3.0313, 1.1305, -4.4026)
(2.7676, -3.1284, -4.4501)
(2.4769, -3.2948, -4.1721)
(2.9095, -2.7852, -4.2185)
(3.0729, -2.5348, -4.537)
(3.1177, -2.1476, -4.3333)
(3.1696, -1.8686, -4.6707)
(3.1597, -1.4737, -4.4727)
(3.146, -1.1917, -4.8137)
(3.1166, -0.7969, -4.6155)
(3.0797, -0.5158, -4.9562)
(3.0543, -0.1205, -4.7578)
(3.0239, 0.1564, -5.0976)
(3.0178, 0.5194, -4.8929)
(3.0134, 0.7204, -5.2208)
(3.0241, 1.0073, -5.003)
(2.8435, -3.2334, -4.8835)
(2.5685, -3.4166, -4.6675)
(2.9859, -2.8996, -4.7104)
(3.1244, -2.6293, -4.9645)
(3.1612, -2.2535, -4.8283)
(3.1905, -1.9592, -5.1012)
(3.1723, -1.578, -4.9701)
(3.1452, -1.2827, -5.2448)
(3.1109, -0.9019, -5.113)
(3.0689, -0.6074, -5.3871)
(3.0416, -0.226, -5.2552)
(3.0105, 0.0647, -5.5285)
(3.0056, 0.4135, -5.3897)
(3.0036, 0.6181, -5.6328)
(3.0203, 0.8917, -5.4855)
(0.9486, 1.6053, 4.3418)
(0.9756, 1.929, 4.3129)
(1.2211, 1.942, 4.2741)
(1.3179, 2.3025, 4.2432)
(1.7158, 2.3533, 4.1929)
(1.8596, 2.7296, 4.163)
(2.2521, 2.7861, 4.1101)
(2.3962, 3.1634, 4.0873)
(2.7881, 3.2208, 4.0253)
(2.9317, 3.5981, 3.9968)
(3.3201, 3.6553, 3.9185)
(3.4603, 4.0333, 3.8748)
(3.8446, 4.0895, 3.7827)
(3.9839, 4.4661, 3.7253)
(4.3711, 4.518, 3.6418)
(4.5155, 4.8927, 3.5768)
(4.5964, 5.2441, 3.4414)
(4.6595, 5.5383, 3.2777)
(4.8845, 5.5696, 3.3715)
(4.8526, 5.2763, 3.4759)
(4.4749, 3.7798, 1.8825)
(4.6013, 3.7352, 2.1076)
(4.7887, 3.9841, 2.1169)
(4.6839, 4.0608, 1.9017)
(4.5098, 4.1901, 1.6532)
(4.907, 4.3417, 1.8746)
(4.7276, 4.5154, 1.6795)
(4.4425, 4.6962, 1.6869)
(4.9075, 4.8289, 1.7607)
(4.6216, 5.0218, 1.8519)
(4.3123, 5.149, 2.0492)
(4.7738, 5.3307, 2.0329)
(4.5013, 5.4375, 2.263)
(4.249, 5.4455, 2.5548)
(4.6713, 5.6953, 2.493)
(4.4866, 5.6474, 2.7965)
(4.358, 5.4614, 3.1032)
(4.7374, 5.7715, 3.027)
(0.2492, 2.35, 3.9843)
(0.3031, 2.5976, 3.7332)
(0.6843, 2.607, 3.8915)
(0.602, 2.3285, 4.1035)
(0.8072, 2.9332, 3.6257)
(1.218, 2.9697, 3.7807)
(1.0792, 2.616, 4.0073)
(1.3486, 3.343, 3.5369)
(1.749, 3.3967, 3.7086)
(1.621, 3.0223, 3.9163)
(1.8916, 3.7353, 3.4434)
(2.2958, 3.7904, 3.5897)
(2.1579, 3.4456, 3.8315)
(2.4493, 4.0796, 3.2733)
(2.8467, 4.1565, 3.4228)
(2.7074, 3.8379, 3.7002)
(2.9818, 4.4661, 3.11)
(3.3569, 4.5945, 3.3017)
(3.2345, 4.2547, 3.5669)
(3.5001, 4.8963, 2.9892)
(3.8648, 5.0463, 3.196)
(3.7355, 4.7148, 3.4601)
(4.0302, 5.3115, 2.8812)
(4.2416, 5.1657, 3.3592)
(-0.1124, 2.4974, 3.5466)
(0.0262, 2.7461, 3.2322)
(0.4134, 2.8731, 3.4482)
(0.5895, 3.1864, 3.1448)
(0.9579, 3.2825, 3.349)
(1.1542, 3.5642, 3.0517)
(1.5126, 3.6593, 3.2552)
(1.7491, 3.8212, 2.9067)
(2.0873, 3.9583, 3.1018)
(2.3078, 4.1199, 2.7275)
(2.6216, 4.3205, 2.9172)
(2.8477, 4.4903, 2.5728)
(3.1575, 4.7152, 2.772)
(3.4127, 4.8474, 2.4336)
(3.7086, 5.1014, 2.648)
(3.9923, 5.1835, 2.3211)
(-1.3225, 1.7639, 2.7686)
(-1.0981, 2.0186, 2.565)
(-0.8296, 2.1965, 2.8313)
(-1.0483, 1.9385, 2.9775)
(-0.6062, 2.463, 2.6167)
(-0.3237, 2.6035, 2.9435)
(-0.5624, 2.333, 3.1684)
(-0.0601, 2.8787, 2.6202)
(0.2552, 3.0387, 2.8966)
(0.5171, 3.2874, 2.5613)
(0.8223, 3.4415, 2.8244)
(1.1262, 3.5376, 2.4905)
(1.43, 3.6697, 2.7128)
(1.7366, 3.6972, 2.3583)
(2.0166, 3.9052, 2.5337)
(2.3309, 3.9183, 2.2217)
(2.5839, 4.2089, 2.3911)
(2.9408, 4.1728, 2.1248)
(3.1659, 4.5282, 2.269)
(3.5102, 4.5015, 1.9768)
(3.7341, 4.8707, 2.1213)
(4.0897, 4.8189, 1.8591)
(-1.3892, 1.8473, 2.2913)
(-1.1679, 2.1173, 2.0002)
(-0.8824, 2.2962, 2.308)
(-0.6345, 2.5432, 2.0099)
(-0.3511, 2.7135, 2.3205)
(-0.0596, 2.9185, 1.9954)
(0.2256, 3.1042, 2.2837)
(0.5382, 3.2558, 1.9587)
(0.8235, 3.4276, 2.2309)
(1.1739, 3.4506, 1.9194)
(1.4651, 3.5509, 2.1609)
(1.824, 3.4674, 1.8829)
(2.0789, 3.6472, 2.0715)
(2.4711, 3.4946, 1.8731)
(2.7105, 3.8149, 2.0057)
(3.0724, 3.712, 1.7729)
(3.2933, 4.1088, 1.8634)
(3.6294, 4.0491, 1.5981)
(3.8554, 4.449, 1.7077)
(4.2163, 4.3395, 1.5665)
(-1.4665, 1.9419, 1.6968)
(-1.212, 2.1749, 1.3971)
(-0.924, 2.3647, 1.702)
(-0.6344, 2.5509, 1.3991)
(-0.3448, 2.7347, 1.6994)
(-0.023, 2.8667, 1.391)
(0.2591, 3.0604, 1.6777)
(0.6104, 3.1242, 1.378)
(0.8885, 3.2997, 1.6585)
(1.2655, 3.2055, 1.4072)
(1.5469, 3.3382, 1.6605)
(1.9255, 3.1424, 1.4308)
(2.2069, 3.292, 1.6555)
(2.5864, 3.0893, 1.4704)
(2.8469, 3.3474, 1.6675)
(3.1827, 3.2503, 1.4278)
(3.4039, 3.6446, 1.5048)
(3.7402, 3.5727, 1.377)
(3.9809, 3.9497, 1.4708)
(4.2775, 3.8439, 1.5982)
(-1.4914, 1.9693, 1.0939)
(-1.1887, 2.141, 0.7933)
(-0.9188, 2.3571, 1.0956)
(-0.5916, 2.4884, 0.7973)
(-0.3084, 2.6777, 1.0976)
(0.044, 2.7494, 0.8032)
(0.3299, 2.9324, 1.0939)
(0.7036, 2.9383, 0.814)
(0.9864, 3.0897, 1.1103)
(1.3674, 2.9675, 0.8741)
(1.6454, 3.0263, 1.1858)
(1.9983, 2.792, 0.9941)
(2.2898, 2.8992, 1.2483)
(2.6349, 2.6291, 1.0946)
(2.9506, 2.889, 1.3033)
(3.2889, 2.81, 1.1659)
(3.5003, 3.2138, 1.2918)
(3.7808, 3.2024, 1.3981)
(4.0272, 3.52, 1.5102)
(4.241, 3.4989, 1.8222)
(-1.4384, 1.8954, 0.4956)
(-1.103, 2.0227, 0.2053)
(-0.8586, 2.2739, 0.498)
(-0.5111, 2.3791, 0.2083)
(-0.2438, 2.5812, 0.5043)
(0.1207, 2.6321, 0.2198)
(0.4142, 2.7725, 0.5199)
(0.7854, 2.7789, 0.2438)
(1.0805, 2.8894, 0.5534)
(1.4381, 2.7707, 0.3171)
(1.7247, 2.7815, 0.662)
(2.0334, 2.5405, 0.4711)
(2.3071, 2.5288, 0.8177)
(2.5308, 2.2786, 0.6247)
(2.8744, 2.3627, 0.9171)
(-1.3322, 1.7504, -0.0829)
(-1.0013, 1.8819, -0.3694)
(-0.7532, 2.1267, -0.0786)
(-0.416, 2.2475, -0.3644)
(-0.1537, 2.4623, -0.0757)
(0.1904, 2.5615, -0.3636)
(0.484, 2.6821, -0.0624)
(0.8318, 2.693, -0.34)
(1.1387, 2.7358, -0.0172)
(1.4567, 2.586, -0.2456)
(1.7516, 2.5726, 0.1089)
(2.0196, 2.3252, -0.081)
(2.2811, 2.2852, 0.2816)
(2.4715, 2.0493, 0.0765)
(2.6838, 2.0354, 0.4225)
(-1.2709, 1.6683, -0.6686)
(-1.0012, 1.8876, -0.9645)
(-0.699, 2.0553, -0.6615)
(-0.4222, 2.2636, -0.9586)
(-0.1088, 2.4085, -0.6593)
(0.2023, 2.5205, -0.9563)
(0.5217, 2.6227, -0.6525)
(0.8491, 2.5479, -0.9174)
(1.1577, 2.5809, -0.5892)
(1.4465, 2.3758, -0.8022)
(1.7358, 2.361, -0.4455)
(1.9914, 2.1081, -0.6351)
(2.2489, 2.0765, -0.2752)
(2.4462, 1.8536, -0.4903)
(2.6395, 1.8324, -0.1444)
(-1.3197, 1.7396, -1.2618)
(-1.0741, 1.9925, -1.5544)
(-0.7445, 2.124, -1.2576)
(-0.4617, 2.3007, -1.5555)
(-0.1282, 2.4128, -1.2568)
(0.198, 2.4166, -1.5427)
(0.5298, 2.4884, -1.234)
(0.8409, 2.3214, -1.473)
(1.1493, 2.3602, -1.1445)
(1.425, 2.1178, -1.3446)
(1.7119, 2.1269, -0.9949)
(1.9787, 1.8774, -1.1906)
(2.2299, 1.8669, -0.8368)
(2.4586, 1.6769, -1.0697)
(2.6434, 1.6683, -0.7287)
(-1.3912, 1.8424, -1.8536)
(-1.1207, 2.0529, -2.1538)
(-0.7963, 2.1844, -1.8529)
(-0.4779, 2.2553, -2.1491)
(-0.1393, 2.3401, -1.8478)
(0.1934, 2.2221, -2.1089)
(0.5227, 2.2722, -1.7935)
(0.8264, 2.0411, -2.0104)
(1.1293, 2.0815, -1.6804)
(1.4221, 1.8458, -1.8878)
(1.7055, 1.8746, -1.5444)
(2.0115, 1.6769, -1.7637)
(2.2527, 1.6751, -1.4123)
(2.524, 1.5529, -1.6698)
(2.6982, 1.5512, -1.3318)
(-1.4214, 1.8867, -2.4575)
(-1.1308, 2.05, -2.7577)
(-0.8119, 2.1654, -2.4513)
(-0.4763, 2.1241, -2.7299)
(-0.1424, 2.1691, -2.4195)
(0.189, 1.9766, -2.6606)
(0.5133, 2.0053, -2.3372)
(0.8353, 1.7941, -2.5635)
(1.1332, 1.8121, -2.226)
(1.4664, 1.6571, -2.4623)
(1.7437, 1.667, -2.1155)
(2.0939, 1.5803, -2.3625)
(2.3295, 1.5645, -2.0122)
(2.6265, 1.5029, -2.2867)
(2.7922, 1.4788, -1.9493)
(-1.4153, 1.8809, -3.0633)
(-1.112, 1.9959, -3.3592)
(-0.7993, 2.0791, -3.0444)
(-0.4545, 1.9754, -3.3111)
(-0.1365, 1.9629, -2.9847)
(0.2085, 1.8016, -3.2351)
(0.5251, 1.79, -2.9)
(0.8805, 1.6888, -3.1527)
(1.181, 1.6677, -2.8087)
(1.5472, 1.6457, -3.0641)
(1.8275, 1.6064, -2.7141)
(2.1991, 1.5997, -2.9744)
(2.4374, 1.546, -2.6277)
(2.7317, 1.4762, -2.9084)
(2.8959, 1.423, -2.5735)
(-1.3838, 1.8401, -3.6686)
(-1.077, 1.9357, -3.9622)
(-0.767, 1.9861, -3.6393)
(-0.4133, 1.9037, -3.9079)
(-0.1049, 1.8415, -3.5711)
(0.2581, 1.7728, -3.8334)
(0.5698, 1.723, -3.4934)
(0.9421, 1.734, -3.7519)
(1.2505, 1.6866, -3.4097)
(1.6249, 1.7247, -3.6661)
(1.9217, 1.6629, -3.3217)
(2.2844, 1.6225, -3.5859)
(2.5367, 1.5427, -3.2452)
(2.8063, 1.4221, -3.5258)
(2.9819, 1.3571, -3.1961)
(-1.3441, 1.7842, -4.2738)
(-1.0316, 1.884, -4.5654)
(-0.7246, 1.9362, -4.2403)
(-0.3631, 1.9047, -4.5087)
(-0.0524, 1.837, -4.172)
(0.3177, 1.8438, -4.4315)
(0.6303, 1.7857, -4.0924)
(1.004, 1.8406, -4.3476)
(1.3163, 1.7833, -4.0075)
(1.6854, 1.7919, -4.2674)
(1.9921, 1.7113, -3.9273)
(2.331, 1.6012, -4.194)
(2.5944, 1.5011, -3.8575)
(2.8293, 1.333, -4.1326)
(3.0203, 1.2619, -3.8067)
(-1.2952, 1.7169, -4.8764)
(-0.9723, 1.8324, -5.166)
(-0.6749, 1.9221, -4.8415)
(-0.3094, 1.947, -5.1071)
(0.0045, 1.9064, -4.7693)
(0.3753, 1.9512, -5.0259)
(0.6904, 1.897, -4.687)
(1.0604, 1.9293, -4.9456)
(1.374, 1.8646, -4.6065)
(1.7306, 1.8034, -4.8718)
(2.036, 1.7076, -4.533)
(2.3526, 1.5352, -4.7991)
(2.6132, 1.4229, -4.463)
(2.8288, 1.2239, -4.7338)
(3.0159, 1.1429, -4.4064)
(-1.2282, 1.6299, -5.4699)
(-0.9022, 1.7626, -5.7314)
(-0.6167, 1.9063, -5.4373)
(-0.2576, 1.9729, -5.6733)
(0.059, 1.9842, -5.3622)
(0.4242, 2.028, -5.5914)
(0.7441, 1.9864, -5.2805)
(1.1043, 1.9616, -5.515)
(1.4199, 1.8869, -5.206)
(1.7597, 1.763, -5.4433)
(2.0623, 1.6539, -5.1339)
(2.3641, 1.4496, -5.3686)
(2.6188, 1.3239, -5.0613)
(2.83, 1.1177, -5.3042)
(3.0101, 1.0211, -5.0067)
(-1.1577, 1.5384, -5.9714)
(-0.8407, 1.7019, -6.1692)
(-0.5635, 1.8844, -5.9377)
(-0.2219, 2.0071, -6.1044)
(0.0992, 2.0447, -5.8603)
(0.4554, 2.0838, -6.0234)
(0.7829, 2.0281, -5.7821)
(1.1316, 1.9553, -5.9514)
(1.4485, 1.8619, -5.7101)
(1.7763, 1.7099, -5.8793)
(2.0775, 1.5856, -5.6368)
(2.3728, 1.3778, -5.8032)
(2.6239, 1.2367, -5.5617)
(2.8247, 1.0512, -5.7233)
(3.0026, 0.9375, -5.4957)
(0.544, 2.1384, 4.2355)
(0.9465, 2.3016, 4.1792)
(0.8576, 2.0865, 4.2865)
(1.4711, 2.6678, 4.0895)
(1.3083, 2.3199, 4.2377)
(2.0109, 3.0952, 4.0108)
(1.8524, 2.7493, 4.1593)
(2.552, 3.5174, 3.9201)
(2.3919, 3.1855, 4.0884)
(3.0915, 3.9309, 3.7975)
(2.9287, 3.6195, 4.0029)
(3.6047, 4.376, 3.6749)
(3.4572, 4.0541, 3.8817)
(4.1154, 4.8244, 3.55)
(3.9788, 4.4867, 3.7296)
(4.5063, 4.9109, 3.5765)
(-2.3965, -2.043, -0.4292)
(-1.8729, -2.597, -4.7035)
(-2.3044, -0.4094, 4.2842)
(-2.179, -2.3305, -2.2567)
(-2.8618, -0.818, 4.1977)
(-3.4298, -1.2131, 4.125)
(-2.5781, -2.0147, 0.1446)
(-3.9974, -1.6086, 4.0508)
(-4.5634, -2.0, 3.9487)
(-5.1277, -2.3802, 3.8072)
(-5.686, -2.762, 3.6473)
(-1.9951, -2.5739, -4.1058)
(-6.2404, -3.1596, 3.5059)
(-2.203, -2.2116, -1.6335)
(-2.2652, -2.1092, -1.021)
(-3.9031, -2.5706, 1.195)
(-2.8108, -2.0216, 0.7022)
(-3.3118, -2.2041, 1.1292)
(-4.3453, -2.9303, 1.5894)
(-4.7359, -3.2873, 2.038)
(-1.7577, -2.6326, -5.3066)
(-2.1017, -2.5355, -3.502)
(-2.1546, -2.4438, -2.8826)
(-6.1275, -3.6564, 3.4874)
(-6.0666, -3.3195, 3.5432)
(-6.3177, -3.3245, 3.5174)
(-6.3621, -3.6418, 3.5196)
(-4.8817, -3.3839, 2.0724)
(-4.8348, -3.2949, 1.838)
(-5.1218, -3.4634, 1.8297)
(-5.1705, -3.4865, 2.0371)
(-4.9797, -3.5579, 1.659)
(-5.2556, -3.8133, 1.685)
(-5.3962, -3.6726, 1.7568)
(-5.0788, -3.8879, 1.892)
(-5.386, -4.0568, 2.0923)
(-5.5341, -4.0032, 1.7888)
(-5.2483, -3.9891, 2.4471)
(-5.5738, -4.1112, 2.6594)
(-5.6708, -4.2097, 2.3131)
(-5.4789, -3.9349, 3.0003)
(-5.8301, -3.9827, 3.1783)
(-5.879, -4.2037, 2.8758)
(-5.7798, -3.6767, 3.4119)
(-6.1638, -3.9757, 3.3307)
(-1.4711, -1.0399, 4.0934)
(-1.4654, -0.7253, 4.2317)
(-1.8445, -0.6759, 4.2783)
(-1.8962, -1.0008, 4.1688)
(-1.9781, -1.3979, 4.0404)
(-2.3208, -0.9762, 4.2049)
(-2.437, -1.3804, 4.1055)
(-2.5447, -1.8072, 3.9909)
(-2.8826, -1.3688, 4.1253)
(-3.0038, -1.7797, 4.0366)
(-3.1125, -2.2024, 3.9189)
(-3.4493, -1.763, 4.0425)
(-3.5709, -2.1729, 3.9505)
(-3.6804, -2.5829, 3.8018)
(-4.0157, -2.1542, 3.9457)
(-4.136, -2.557, 3.8289)
(-4.2457, -2.9483, 3.6416)
(-4.5798, -2.5379, 3.8189)
(-4.6981, -2.9318, 3.677)
(-4.8086, -3.3076, 3.4651)
(-5.1402, -2.9183, 3.675)
(-5.2571, -3.3083, 3.5264)
(-5.3676, -3.6679, 3.3037)
(-5.6915, -3.3074, 3.5558)
(-1.051, -1.3875, 3.8382)
(-0.9869, -1.0279, 4.0207)
(-1.5233, -1.4049, 3.9455)
(-1.6393, -1.8152, 3.7769)
(-2.0876, -1.8226, 3.9036)
(-2.216, -2.222, 3.7253)
(-2.6575, -2.2225, 3.8445)
(-2.7977, -2.5708, 3.6126)
(-3.2303, -2.5923, 3.7291)
(-3.3838, -2.8829, 3.4417)
(-3.8019, -2.9407, 3.5611)
(-3.9555, -3.1967, 3.2324)
(-4.3698, -3.2772, 3.3628)
(-4.5202, -3.5235, 3.015)
(-4.9388, -3.6151, 3.1694)
(-5.0947, -3.8379, 2.8157)
(0.3894, -1.0843, 3.4572)
(0.2596, -0.9065, 3.8225)
(0.0298, -1.1539, 3.6685)
(-0.1834, -1.4296, 3.4569)
(-0.3656, -1.119, 3.8912)
(-0.5874, -1.4029, 3.6768)
(-0.7809, -1.7763, 3.4197)
(-1.2025, -1.7949, 3.6135)
(-1.3754, -2.1706, 3.3688)
(-1.7881, -2.2042, 3.5648)
(-1.9793, -2.4713, 3.271)
(-2.384, -2.5239, 3.4526)
(-2.6062, -2.6649, 3.0976)
(-2.9918, -2.7792, 3.2806)
(-3.2377, -2.8367, 2.9044)
(-3.5894, -3.0295, 3.0807)
(-3.7974, -3.1264, 2.685)
(-4.1324, -3.3683, 2.8509)
(-4.3223, -3.501, 2.4553)
(-4.6973, -3.6981, 2.6356)
(-4.8896, -3.8261, 2.2497)
(0.5638, -1.3252, 2.955)
(0.1949, -1.3971, 3.2177)
(-0.0003, -1.7192, 2.943)
(-0.3826, -1.7558, 3.1922)
(-0.586, -2.0842, 2.9067)
(-0.9756, -2.128, 3.1457)
(-1.1969, -2.3918, 2.8407)
(-1.585, -2.427, 3.0689)
(-1.8378, -2.5012, 2.7122)
(-2.2225, -2.5519, 2.912)
(-2.4929, -2.5118, 2.5397)
(-2.8692, -2.6634, 2.7236)
(-3.1372, -2.6261, 2.3485)
(-3.482, -2.8567, 2.519)
(-3.6907, -2.9275, 2.1218)
(-3.9893, -3.2381, 2.2827)
(-4.2041, -3.3201, 1.895)
(-4.5312, -3.6021, 2.0666)
(-4.7589, -3.6426, 1.7438)
(0.7349, -1.5582, 2.4105)
(0.3719, -1.6504, 2.6817)
(0.1704, -1.9662, 2.402)
(-0.2049, -2.0322, 2.6575)
(-0.4251, -2.3169, 2.3614)
(-0.8102, -2.3547, 2.6029)
(-1.0657, -2.5396, 2.2703)
(-1.453, -2.5186, 2.4954)
(-1.722, -2.5259, 2.1287)
(-2.1062, -2.4573, 2.3387)
(-2.3796, -2.403, 1.97)
(-2.7653, -2.4526, 2.169)
(-3.034, -2.4234, 1.7919)
(-3.3809, -2.6341, 1.9633)
(-3.6144, -2.6797, 1.5961)
(-3.9035, -3.003, 1.7372)
(-4.1553, -3.0324, 1.4668)
(-4.4543, -3.3352, 1.5961)
(-4.6918, -3.2858, 1.5853)
(0.8961, -1.7782, 1.8623)
(0.536, -1.8797, 2.1357)
(0.3289, -2.1958, 1.8562)
(-0.0423, -2.2708, 2.1159)
(-0.278, -2.5401, 1.8118)
(-0.6712, -2.5516, 2.0446)
(-0.9405, -2.7114, 1.703)
(-1.3377, -2.6378, 1.9172)
(-1.6088, -2.6452, 1.5536)
(-1.9949, -2.5002, 1.7612)
(-2.2585, -2.4494, 1.3986)
(-2.6549, -2.3708, 1.6005)
(-2.9108, -2.2887, 1.2359)
(-3.3082, -2.4019, 1.4261)
(-3.5999, -2.3944, 1.161)
(-3.8746, -2.7212, 1.3565)
(-4.1193, -2.7582, 1.3881)
(-4.3887, -3.0445, 1.5)
(-4.5381, -3.1165, 1.807)
(1.0394, -1.9702, 1.302)
(0.6881, -2.0911, 1.5828)
(0.4679, -2.386, 1.2931)
(0.1041, -2.4862, 1.5622)
(-0.1489, -2.7174, 1.2424)
(-0.54, -2.7408, 1.481)
(-0.8146, -2.824, 1.1243)
(-1.2143, -2.7571, 1.341)
(-1.4625, -2.6713, 0.9785)
(-1.8584, -2.5577, 1.192)
(-2.0746, -2.4026, 0.8447)
(-2.4773, -2.3219, 1.0509)
(-2.6089, -2.1596, 0.7335)
(-3.0529, -2.1204, 0.9169)
(1.163, -2.1296, 0.7269)
(0.8173, -2.2581, 1.0113)
(0.5843, -2.5213, 0.709)
(0.2254, -2.6344, 0.9827)
(-0.0393, -2.813, 0.6495)
(-0.4207, -2.8457, 0.8964)
(-0.6855, -2.8394, 0.5369)
(-1.0708, -2.7634, 0.7609)
(-1.2983, -2.6325, 0.407)
(-1.6805, -2.5158, 0.6285)
(-1.884, -2.37, 0.2866)
(-2.2493, -2.2482, 0.5122)
(-2.3772, -2.1313, 0.1866)
(-2.6875, -2.0263, 0.4256)
(1.293, -2.2978, 0.1538)
(0.9394, -2.4078, 0.432)
(0.7043, -2.6602, 0.126)
(0.3357, -2.7426, 0.391)
(0.0685, -2.8926, 0.0541)
(-0.3098, -2.893, 0.3002)
(-0.5699, -2.8752, -0.0562)
(-0.9308, -2.7559, 0.1786)
(-1.1608, -2.6638, -0.1737)
(-1.5148, -2.5113, 0.0593)
(-1.7273, -2.4056, -0.2869)
(-2.0632, -2.2556, -0.0513)
(-2.2044, -2.1646, -0.3858)
(-2.4822, -2.037, -0.1394)
(1.4259, -2.4724, -0.4177)
(1.0678, -2.5703, -0.1433)
(0.8237, -2.8047, -0.4555)
(0.4486, -2.8596, -0.1975)
(0.1749, -2.9838, -0.5396)
(-0.2036, -2.9543, -0.2965)
(-0.4654, -2.9416, -0.6519)
(-0.8158, -2.8136, -0.4115)
(-1.0523, -2.7375, -0.7648)
(-1.3858, -2.5718, -0.5237)
(-1.6113, -2.4795, -0.8758)
(-1.92, -2.3124, -0.6318)
(-2.0801, -2.2335, -0.9756)
(-2.3269, -2.0846, -0.7211)
(1.5546, -2.6419, -0.9916)
(1.1933, -2.7316, -0.7198)
(0.939, -2.9434, -1.0391)
(0.5584, -2.9779, -0.7862)
(0.2789, -3.0767, -1.1339)
(-0.1012, -3.0297, -0.8933)
(-0.3682, -3.0124, -1.2519)
(-0.717, -2.8873, -1.0087)
(-0.9638, -2.8125, -1.3674)
(-1.2891, -2.6512, -1.1205)
(-1.5313, -2.5609, -1.4813)
(-1.8229, -2.3934, -1.2302)
(-2.0089, -2.3258, -1.5847)
(-2.2307, -2.1691, -1.3224)
(1.6778, -2.8036, -1.5687)
(1.3137, -2.8852, -1.2991)
(1.051, -3.0748, -1.6248)
(0.6659, -3.0908, -1.3764)
(0.3827, -3.1674, -1.7288)
(-0.001, -3.106, -1.4918)
(-0.2735, -3.0802, -1.8548)
(-0.6281, -2.9562, -1.6136)
(-0.8857, -2.8784, -1.9786)
(-1.2146, -2.7255, -1.7306)
(-1.4723, -2.6367, -2.0992)
(-1.7632, -2.4806, -1.8449)
(-1.9693, -2.4255, -2.2064)
(-2.1873, -2.2797, -1.9405)
(1.7965, -2.9587, -2.1482)
(1.4298, -3.0316, -1.881)
(1.1606, -3.2005, -2.212)
(0.7724, -3.1988, -1.9676)
(0.4878, -3.255, -2.3236)
(0.1007, -3.1807, -2.0904)
(-0.1747, -3.1444, -2.4569)
(-0.5405, -3.0183, -2.2215)
(-0.8048, -2.9362, -2.5908)
(-1.1477, -2.7899, -2.3478)
(-1.4139, -2.7032, -2.7203)
(-1.7178, -2.563, -2.4681)
(-1.9316, -2.5187, -2.8311)
(-2.1628, -2.3957, -2.5655)
(1.9115, -3.1083, -2.7296)
(1.5425, -3.1721, -2.4648)
(1.2684, -3.3212, -2.8005)
(0.8785, -3.3025, -2.5594)
(0.5939, -3.3388, -2.9185)
(0.2061, -3.2524, -2.6878)
(-0.0681, -3.2047, -3.0559)
(-0.4436, -3.0753, -2.8261)
(-0.7081, -2.9882, -3.1964)
(-1.0706, -2.846, -2.9623)
(-1.3356, -2.7592, -3.3341)
(-1.6617, -2.6343, -3.0894)
(-1.8689, -2.5931, -3.4492)
(-2.1239, -2.4982, -3.1885)
(2.0236, -3.2535, -3.3124)
(1.6525, -3.3077, -3.05)
(1.3749, -3.4376, -3.3899)
(0.9843, -3.4018, -3.1519)
(0.701, -3.4181, -3.5137)
(0.3144, -3.3198, -3.2845)
(0.0436, -3.259, -3.6535)
(-0.3348, -3.127, -3.4256)
(-0.596, -3.0327, -3.7956)
(-0.9711, -2.8941, -3.5671)
(-1.229, -2.8024, -3.9363)
(-1.5744, -2.6879, -3.6995)
(-1.767, -2.6369, -4.0543)
(-2.0444, -2.5635, -3.801)
(2.1332, -3.3949, -3.8963)
(1.7605, -3.4392, -3.6362)
(1.4804, -3.5498, -3.98)
(1.0901, -3.4968, -3.745)
(0.8094, -3.4922, -4.1093)
(0.425, -3.3815, -3.8813)
(0.1587, -3.3061, -4.2508)
(-0.2193, -3.1707, -4.0233)
(-0.4769, -3.0673, -4.3932)
(-0.8548, -2.9317, -4.1655)
(-1.1091, -2.8326, -4.5343)
(-1.4604, -2.7231, -4.2996)
(-1.6475, -2.6649, -4.6534)
(-1.9302, -2.5945, -4.4027)
(2.2356, -3.5265, -4.4505)
(1.8661, -3.5662, -4.2193)
(1.5799, -3.6517, -4.5382)
(1.1957, -3.586, -4.3345)
(0.9136, -3.5563, -4.672)
(0.5374, -3.4363, -4.474)
(0.2705, -3.3434, -4.8148)
(-0.1005, -3.2054, -4.6165)
(-0.3604, -3.0918, -4.9571)
(-0.7333, -2.9585, -4.7586)
(-0.9916, -2.8541, -5.0983)
(-1.3389, -2.7489, -4.8934)
(-1.5318, -2.6916, -5.2212)
(-1.8106, -2.6234, -5.0032)
(2.3152, -3.6283, -4.884)
(1.9546, -3.6708, -4.7114)
(1.6564, -3.7268, -4.9657)
(1.2854, -3.6563, -4.8296)
(0.9949, -3.6008, -5.1026)
(0.634, -3.4766, -4.9714)
(0.3582, -3.3674, -5.246)
(0.002, -3.2287, -5.1141)
(-0.2695, -3.1069, -5.3881)
(-0.6287, -2.9758, -5.256)
(-0.9003, -2.8675, -5.5293)
(-1.2345, -2.7678, -5.3903)
(-1.4315, -2.7124, -5.6333)
(-1.6992, -2.6539, -5.4856)
(-1.8033, -0.4614, 4.3425)
(-2.1217, -0.3968, 4.3135)
(-2.2028, -0.6287, 4.2746)
(-2.576, -0.6208, 4.2436)
(-2.7358, -0.9887, 4.1932)
(-3.1373, -1.0217, 4.163)
(-3.3011, -1.3829, 4.1102)
(-3.7036, -1.416, 4.0872)
(-3.8681, -1.7763, 4.0256)
(-4.2706, -1.8087, 3.9966)
(-4.434, -2.1656, 3.9188)
(-4.8361, -2.1945, 3.8744)
(-4.9972, -2.5479, 3.7829)
(-5.3978, -2.5765, 3.7251)
(-5.5558, -2.9338, 3.6422)
(-5.9558, -2.9678, 3.5768)
(-6.3157, -2.9477, 3.4412)
(-6.6157, -2.9265, 3.2773)
(-6.7084, -3.1343, 3.3709)
(-6.4181, -3.185, 3.4755)
(-4.8775, -3.2487, 1.8795)
(-4.8707, -3.3809, 2.1058)
(-5.1614, -3.4927, 2.1142)
(-5.2054, -3.3714, 1.8983)
(-5.2807, -3.1659, 1.6512)
(-5.5384, -3.5043, 1.8718)
(-5.6546, -3.2812, 1.6782)
(-5.7477, -2.9554, 1.6868)
(-6.0065, -3.3645, 1.7593)
(-6.1107, -3.0355, 1.8515)
(-6.1456, -2.7026, 2.049)
(-6.4495, -3.0948, 2.0327)
(-6.4753, -2.8031, 2.263)
(-6.4122, -2.5583, 2.5545)
(-6.7702, -2.8941, 2.4932)
(-6.6724, -2.73, 2.7963)
(-6.4578, -2.6583, 3.1028)
(-6.8615, -2.9363, 3.0268)
(-2.3244, 0.4195, 3.9845)
(-2.5755, 0.4359, 3.7318)
(-2.6905, 0.0719, 3.89)
(-2.4017, 0.0742, 4.1034)
(-3.0381, 0.0453, 3.6242)
(-3.1888, -0.3387, 3.7805)
(-2.8101, -0.3045, 4.0067)
(-3.5845, -0.3589, 3.5383)
(-3.748, -0.7285, 3.7103)
(-3.352, -0.7107, 3.9167)
(-4.113, -0.7707, 3.4457)
(-4.2783, -1.1439, 3.591)
(-3.9085, -1.1079, 3.8325)
(-4.5987, -1.2107, 3.2746)
(-4.7828, -1.5712, 3.4227)
(-4.4377, -1.5267, 3.6999)
(-5.1178, -1.6145, 3.11)
(-5.3458, -1.9387, 3.3013)
(-4.985, -1.9164, 3.5662)
(-5.6756, -1.9921, 2.9887)
(-5.9215, -2.3003, 3.1955)
(-5.567, -2.2685, 3.4596)
(-6.2224, -2.3853, 2.8807)
(-6.1413, -2.6288, 3.3588)
(-2.3649, 0.8086, 3.5475)
(-2.6446, 0.7486, 3.2332)
(-2.871, 0.4081, 3.4465)
(-3.2244, 0.331, 3.1458)
(-3.4169, -0.0004, 3.3495)
(-3.7421, -0.1098, 3.0531)
(-3.9338, -0.428, 3.2573)
(-4.1544, -0.6105, 2.909)
(-4.3811, -0.8968, 3.104)
(-4.5958, -1.0653, 2.7285)
(-4.8767, -1.3101, 2.9176)
(-5.102, -1.4808, 2.572)
(-5.4056, -1.7143, 2.7715)
(-5.6039, -1.9228, 2.433)
(-5.9307, -2.1354, 2.6475)
(-6.0889, -2.3854, 2.3208)
(-1.6268, 1.6111, 2.5643)
(-1.8722, 1.4062, 2.8316)
(-1.5655, 1.5498, 2.9784)
(-2.1922, 1.2637, 2.6165)
(-2.4099, 1.0422, 2.9453)
(-2.0806, 1.1943, 3.1701)
(-2.7617, 0.8804, 2.6271)
(-2.9989, 0.6223, 2.9021)
(-3.3033, 0.4343, 2.5728)
(-3.5329, 0.1778, 2.8274)
(-3.6982, -0.0975, 2.4965)
(-3.9192, -0.3461, 2.7147)
(-4.0295, -0.6353, 2.36)
(-4.3077, -0.8461, 2.5356)
(-4.4071, -1.1462, 2.2217)
(-4.7574, -1.3071, 2.3903)
(-4.8232, -1.6598, 2.1236)
(-5.2279, -1.7757, 2.268)
(-5.299, -2.1142, 1.9764)
(-5.7163, -2.2254, 2.121)
(-5.7662, -2.5819, 1.8592)
(-1.7067, 1.6958, 1.9985)
(-1.9525, 1.4711, 2.3061)
(-2.2722, 1.3095, 2.0097)
(-2.5187, 1.0996, 2.3235)
(-2.8132, 0.8883, 2.0043)
(-3.0587, 0.6682, 2.2989)
(-3.2512, 0.3735, 1.9865)
(-3.4818, 0.1423, 2.253)
(-3.595, -0.1972, 1.9409)
(-3.8035, -0.4227, 2.1662)
(-3.8332, -0.788, 1.8823)
(-4.0771, -0.9801, 2.0708)
(-4.0415, -1.4008, 1.8713)
(-4.4147, -1.54, 2.0047)
(-4.4176, -1.9173, 1.7732)
(-4.8609, -2.0168, 1.8633)
(-4.8979, -2.3572, 1.5988)
(-5.3453, -2.4613, 1.7081)
(-5.3417, -2.8395, 1.5665)
(-1.7653, 1.7608, 1.3968)
(-2.021, 1.5327, 1.7009)
(-2.3012, 1.3254, 1.4002)
(-2.5591, 1.1042, 1.7032)
(-2.7878, 0.8406, 1.3983)
(-3.0331, 0.6143, 1.6936)
(-3.1799, 0.2835, 1.3979)
(-3.3769, 0.0342, 1.6881)
(-3.4194, -0.3384, 1.4221)
(-3.6243, -0.5693, 1.667)
(-3.5563, -0.9822, 1.4295)
(-3.7769, -1.2065, 1.6525)
(-3.6884, -1.629, 1.4687)
(-4.0052, -1.8047, 1.6675)
(-4.006, -2.1548, 1.4285)
(-4.4463, -2.2552, 1.5057)
(-4.4724, -2.5986, 1.3768)
(-4.9016, -2.7236, 1.4706)
(-4.8834, -3.0405, 1.596)
(-1.7499, 1.7346, 0.7929)
(-2.0351, 1.541, 1.0957)
(-2.2681, 1.2768, 0.7973)
(-2.5308, 1.0618, 1.1002)
(-2.7042, 0.7472, 0.8079)
(-2.9472, 0.5172, 1.1047)
(-3.0482, 0.1542, 0.8259)
(-3.2491, -0.089, 1.1264)
(-3.2357, -0.4875, 0.8829)
(-3.3657, -0.7447, 1.1896)
(-3.2391, -1.1451, 0.9939)
(-3.4258, -1.3978, 1.2457)
(-3.2605, -1.8027, 1.0921)
(-3.5961, -2.0341, 1.3022)
(-3.615, -2.3802, 1.1633)
(-4.0609, -2.4697, 1.2911)
(-4.129, -2.7426, 1.3963)
(-4.5028, -2.89, 1.5087)
(-4.543, -3.1011, 1.8204)
(-1.6662, 1.6207, 0.2041)
(-1.9822, 1.4664, 0.4968)
(-2.192, 1.1721, 0.2065)
(-2.4646, 0.9765, 0.5047)
(-2.6211, 0.6439, 0.2204)
(-2.8299, 0.3973, 0.5256)
(-2.928, 0.0368, 0.2502)
(-3.096, -0.2253, 0.5633)
(-3.0683, -0.6041, 0.3243)
(-3.1513, -0.8803, 0.666)
(-3.0031, -1.2436, 0.4727)
(-3.071, -1.5131, 0.8167)
(-2.8925, -1.7964, 0.6235)
(-3.0697, -2.1053, 0.9145)
(-1.563, 1.4826, -0.3709)
(-1.8767, 1.3257, -0.0813)
(-2.0986, 1.0482, -0.3693)
(-2.3811, 0.8601, -0.079)
(-2.5675, 0.556, -0.3666)
(-2.7615, 0.3037, -0.0609)
(-2.842, -0.0374, -0.3337)
(-2.9616, -0.3231, -0.0089)
(-2.8917, -0.6741, -0.2383)
(-2.9578, -0.9623, 0.1129)
(-2.7958, -1.2898, -0.0801)
(-2.8289, -1.5531, 0.2814)
(-2.656, -1.8011, 0.0755)
(-2.7013, -2.01, 0.4212)
(-1.565, 1.4862, -0.966)
(-1.8241, 1.2552, -0.6648)
(-2.1048, 1.058, -0.9639)
(-2.3392, 0.8042, -0.6651)
(-2.5143, 0.5296, -0.9584)
(-2.6942, 0.2454, -0.6504)
(-2.6908, -0.0947, -0.9096)
(-2.8039, -0.3851, -0.5794)
(-2.6831, -0.7201, -0.795)
(-2.7515, -1.0054, -0.4421)
(-2.5805, -1.3205, -0.6344)
(-2.6212, -1.5785, -0.2757)
(-2.4603, -1.8281, -0.4909)
(-2.4924, -2.0207, -0.1451)
(-1.6349, 1.5875, -1.5564)
(-1.8669, 1.3175, -1.261)
(-2.1115, 1.0976, -1.5603)
(-2.3198, 0.8155, -1.2616)
(-2.3984, 0.4956, -1.5435)
(-2.553, 0.1972, -1.2305)
(-2.4714, -0.1513, -1.4676)
(-2.5874, -0.4368, -1.1363)
(-2.4337, -0.7703, -1.3404)
(-2.5208, -1.0449, -0.9922)
(-2.3557, -1.3702, -1.1901)
(-2.4141, -1.6156, -0.837)
(-2.2935, -1.8871, -1.0701)
(-2.3348, -2.0675, -0.7291)
(-1.6716, 1.6491, -2.1559)
(-1.8971, 1.3799, -1.8566)
(-2.0533, 1.0952, -2.153)
(-2.2326, 0.7961, -1.8513)
(-2.2078, 0.4425, -2.1101)
(-2.3428, 0.1404, -1.7918)
(-2.2051, -0.2159, -2.0095)
(-2.322, -0.4957, -1.6772)
(-2.1765, -0.8425, -1.8867)
(-2.2781, -1.1075, -1.5429)
(-2.1725, -1.4563, -1.7633)
(-2.2365, -1.6891, -1.4125)
(-2.1933, -1.9838, -1.6703)
(-2.2374, -2.1518, -1.3322)
(-1.6638, 1.6604, -2.7596)
(-1.869, 1.3891, -2.4547)
(-1.9254, 1.0584, -2.7327)
(-2.0634, 0.7501, -2.4219)
(-1.9705, 0.3789, -2.6621)
(-2.0874, 0.0752, -2.3378)
(-1.9735, -0.2926, -2.5646)
(-2.0699, -0.574, -2.2263)
(-2.0118, -0.9373, -2.4631)
(-2.0928, -1.2012, -2.1153)
(-2.1055, -1.5628, -2.3632)
(-2.1526, -1.7936, -2.0127)
(-2.1739, -2.0969, -2.2873)
(-2.1946, -2.2625, -1.9497)
(-1.616, 1.6284, -3.3609)
(-1.7893, 1.3549, -3.0473)
(-1.7896, 0.9963, -3.3139)
(-1.8665, 0.6878, -2.9867)
(-1.8093, 0.3116, -3.237)
(-1.8853, 0.0043, -2.9015)
(-1.8854, -0.3656, -3.1542)
(-1.9461, -0.6601, -2.8099)
(-2.0228, -1.0195, -3.0654)
(-2.0602, -1.2995, -2.7151)
(-2.1521, -1.6603, -2.9754)
(-2.1647, -1.9037, -2.6285)
(-2.1773, -2.2068, -2.9089)
(-2.1708, -2.3786, -2.5738)
(-1.5694, 1.5782, -3.9639)
(-1.7098, 1.2981, -3.6421)
(-1.7357, 0.9373, -3.9108)
(-1.7615, 0.6237, -3.5735)
(-1.7977, 0.2558, -3.8354)
(-1.8341, -0.0577, -3.4952)
(-1.9444, -0.4137, -3.7537)
(-1.9821, -0.7232, -3.4113)
(-2.1166, -1.0746, -3.668)
(-2.1378, -1.3766, -3.3232)
(-2.1952, -1.7378, -3.5872)
(-2.1877, -2.0017, -3.246)
(-2.1461, -2.2949, -3.5262)
(-2.1324, -2.481, -3.1961)
(-1.5377, 1.5184, -4.5672)
(-1.6792, 1.2437, -4.2431)
(-1.7557, 0.8889, -4.5115)
(-1.7758, 0.5722, -4.1743)
(-1.8826, 0.217, -4.4337)
(-1.9104, -0.0996, -4.0945)
(-2.06, -0.4461, -4.3502)
(-2.0894, -0.7619, -4.0097)
(-2.1941, -1.1163, -4.2698)
(-2.2005, -1.4328, -3.9291)
(-2.1865, -1.7899, -4.1953)
(-2.1632, -2.07, -3.8583)
(-2.0675, -2.3432, -4.1331)
(-2.0525, -2.5459, -3.8068)
(-1.5008, 1.4453, -5.1678)
(-1.6799, 1.1901, -4.8445)
(-1.8043, 0.846, -5.1104)
(-1.857, 0.5351, -4.772)
(-1.9952, 0.1883, -5.0292)
(-2.0294, -0.1291, -4.69)
(-2.1549, -0.4786, -4.9491)
(-2.1786, -0.7975, -4.6095)
(-2.2149, -1.1584, -4.8744)
(-2.2073, -1.4777, -4.535)
(-2.1294, -1.8305, -4.8005)
(-2.0938, -2.1113, -4.4639)
(-1.9635, -2.3747, -4.7343)
(-1.9378, -2.5763, -4.4066)
(-1.4474, 1.357, -5.7329)
(-1.6714, 1.1262, -5.4402)
(-1.8321, 0.7988, -5.677)
(-1.9366, 0.5001, -5.3659)
(-2.0727, 0.1585, -5.596)
(-2.1224, -0.1595, -5.2846)
(-2.1936, -0.5143, -5.519)
(-2.2092, -0.8375, -5.2093)
(-2.1838, -1.1992, -5.446)
(-2.163, -1.5195, -5.1359)
(-2.0517, -1.867, -5.3701)
(-2.0014, -2.146, -5.0622)
(-1.8632, -2.4071, -5.3048)
(-1.82, -2.6061, -5.0069)
(-1.4025, 1.2804, -6.1706)
(-1.6576, 1.066, -5.9406)
(-1.868, 0.771, -6.1087)
(-1.9962, 0.4742, -5.8651)
(-2.13, 0.1415, -6.0288)
(-2.1683, -0.1877, -5.7868)
(-2.1942, -0.5436, -5.9555)
(-2.1924, -0.8734, -5.7135)
(-2.1382, -1.2311, -5.8821)
(-2.1027, -1.5545, -5.6389)
(-1.9868, -1.8967, -5.8048)
(-1.9208, -2.1767, -5.5628)
(-1.8001, -2.422, -5.7242)
(-1.7395, -2.6238, -5.4961)
(-2.2036, 0.0773, 4.2357)
(-2.4718, -0.2643, 4.1795)
(-2.2408, -0.2386, 4.2869)
(-2.9695, -0.6661, 4.0895)
(-2.5902, -0.6066, 4.2383)
(-3.5309, -1.0647, 4.0115)
(-3.1543, -1.0093, 4.1597)
(-4.0868, -1.4668, 3.9202)
(-3.7236, -1.4057, 4.0886)
(-4.6341, -1.8696, 3.7968)
(-4.2902, -1.7999, 4.0029)
(-5.2051, -2.2376, 3.6745)
(-4.855, -2.1857, 3.8815)
(-5.7783, -2.6028, 3.5497)
(-5.416, -2.5658, 3.7295)
(-5.9706, -2.9538, 3.5765)
(5.0913, 5.0139, 3.5256)
(4.653, 3.8676, 1.9573)
(4.9232, 3.9865, 1.7113)
(5.2821, 4.006, 1.833)
(5.4692, 4.1124, 2.3726)
(5.5029, 4.3307, 2.9321)
(5.3545, 4.6782, 3.3674)
(1.2879, 1.3683, 4.1994)
(1.7388, 1.7432, 4.1369)
(2.28, 2.1734, 4.0717)
(2.8188, 2.6072, 3.9962)
(3.3507, 3.0424, 3.8935)
(3.8718, 3.4778, 3.754)
(4.3873, 3.9115, 3.5976)
(4.9064, 4.3368, 3.4626)
(1.5185, 0.8681, 3.9769)
(2.0524, 1.2832, 3.9227)
(2.6112, 1.7148, 3.8786)
(3.1391, 2.156, 3.7933)
(3.6432, 2.6059, 3.6498)
(4.129, 3.0578, 3.4621)
(4.6105, 3.5088, 3.2623)
(5.0896, 3.9608, 3.0778)
(0.8622, -0.5813, 3.6522)
(1.3064, -0.0904, 3.6793)
(1.777, 0.4237, 3.6449)
(2.3467, 0.8788, 3.5912)
(2.8675, 1.3395, 3.5183)
(3.3077, 1.839, 3.3714)
(3.7062, 2.3579, 3.1845)
(4.1464, 2.8209, 2.9658)
(4.6292, 3.2504, 2.7384)
(5.0896, 3.7145, 2.5332)
(1.0227, -0.7881, 3.2195)
(1.5426, -0.3513, 3.2083)
(2.0563, 0.11, 3.171)
(2.566, 0.5857, 3.1153)
(2.9513, 1.1228, 2.997)
(3.228, 1.7147, 2.8184)
(3.5242, 2.2978, 2.626)
(3.9596, 2.7479, 2.4014)
(4.4782, 3.131, 2.1688)
(4.9534, 3.5769, 1.9691)
(1.2069, -1.0268, 2.6836)
(1.7508, -0.5973, 2.6731)
(2.2598, -0.1316, 2.6357)
(2.6869, 0.3949, 2.5574)
(2.9121, 1.0055, 2.4191)
(3.0326, 1.6568, 2.256)
(3.2784, 2.2617, 2.0735)
(3.7131, 2.7207, 1.8491)
(4.2169, 3.1255, 1.6439)
(4.6382, 3.5802, 1.6105)
(1.3776, -1.2492, 2.1372)
(1.9323, -0.8215, 2.1304)
(2.4329, -0.3408, 2.0881)
(2.8027, 0.2319, 1.9873)
(2.9474, 0.8808, 1.8412)
(2.9745, 1.5564, 1.6848)
(3.0928, 2.2119, 1.5135)
(3.4422, 2.7507, 1.3752)
(3.9262, 3.169, 1.3989)
(4.3366, 3.5572, 1.6671)
(1.5353, -1.4551, 1.5844)
(2.0966, -1.0254, 1.5777)
(2.5939, -0.532, 1.5306)
(2.9163, 0.0694, 1.4156)
(2.9968, 0.7351, 1.2664)
(2.9439, 1.4087, 1.1218)
(2.9003, 2.0413, 0.9856)
(1.6643, -1.6291, 1.0153)
(2.2142, -1.1902, 1.0024)
(2.6893, -0.6822, 0.9478)
(2.9341, -0.0693, 0.8317)
(2.9301, 0.5878, 0.6934)
(2.8353, 1.237, 0.5682)
(2.7418, 1.7907, 0.4666)
(1.7837, -1.7936, 0.4398)
(2.3085, -1.3385, 0.4171)
(2.736, -0.8073, 0.3517)
(2.9145, -0.1922, 0.2411)
(2.878, 0.443, 0.1185)
(2.7916, 1.0676, 0.0024)
(2.699, 1.5995, -0.0969)
(1.9132, -1.9692, -0.1318)
(2.4126, -1.4942, -0.1645)
(2.7882, -0.9342, -0.2426)
(2.9377, -0.3124, -0.3533)
(2.9036, 0.3094, -0.4675)
(2.8129, 0.9203, -0.5788)
(2.7106, 1.4416, -0.6779)
(2.0428, -2.1433, -0.7043)
(2.5167, -1.6464, -0.7469)
(2.8491, -1.0611, -0.8363)
(2.9787, -0.4286, -0.9508)
(2.9518, 0.1942, -1.0642)
(2.8644, 0.8049, -1.1761)
(2.7638, 1.3255, -1.2777)
(2.1669, -2.3102, -1.2798)
(2.6151, -1.793, -1.3315)
(2.9093, -1.1863, -1.4309)
(3.02, -0.5396, -1.5525)
(2.9979, 0.0956, -1.6717)
(2.9226, 0.7179, -1.7887)
(2.8431, 1.2479, -1.8942)
(2.2855, -2.4703, -1.8581)
(2.7081, -1.9352, -1.9179)
(2.9669, -1.3116, -2.0256)
(3.0578, -0.6504, -2.1554)
(3.0363, 0.0037, -2.2845)
(2.9757, 0.6439, -2.4096)
(2.9266, 1.1863, -2.5187)
(2.3996, -2.6248, -2.4385)
(2.7969, -2.0741, -2.5056)
(3.0209, -1.4374, -2.6202)
(3.0903, -0.7667, -2.7558)
(3.0652, -0.0963, -2.8939)
(3.0163, 0.5629, -3.0282)
(2.9944, 1.1166, -3.1413)
(2.5099, -2.7749, -3.0206)
(2.8817, -2.2103, -3.0944)
(3.0708, -1.5628, -3.2151)
(3.1162, -0.8882, -3.3538)
(3.0832, -0.2112, -3.4957)
(3.038, 0.4591, -3.6358)
(3.0268, 1.0201, -3.7528)
(2.6169, -2.9213, -3.6039)
(2.9628, -2.3442, -3.684)
(3.1157, -1.6879, -3.8103)
(3.1344, -1.0116, -3.9511)
(3.0894, -0.3344, -4.0936)
(3.0405, 0.338, -4.2349)
(3.0263, 0.9013, -4.3538)
(2.7207, -3.0638, -4.1843)
(3.0395, -2.4755, -4.2702)
(3.1543, -1.8121, -4.4018)
(3.1442, -1.1352, -4.5442)
(3.0847, -0.4588, -4.6867)
(3.0307, 0.2135, -4.8281)
(3.0174, 0.7778, -4.9492)
(2.8076, -3.1837, -4.6781)
(3.1004, -2.5848, -4.763)
(3.1811, -1.9165, -4.8984)
(3.1461, -1.2397, -5.0417)
(3.0743, -0.5642, -5.1841)
(3.0172, 0.108, -5.3255)
(3.0088, 0.6696, -5.4424)
(1.0652, 1.7673, 4.3092)
(1.4508, 2.141, 4.2345)
(1.9843, 2.5693, 4.1514)
(2.5203, 3.0035, 4.069)
(3.055, 3.4381, 3.9754)
(3.5829, 3.8727, 3.8531)
(4.1067, 4.3047, 3.7101)
(4.637, 4.7249, 3.5841)
(4.7579, 5.4151, 3.404)
(4.6427, 3.886, 2.0149)
(4.72, 4.2735, 1.7645)
(4.688, 4.7714, 1.7178)
(4.5552, 5.2477, 2.0377)
(4.4717, 5.5789, 2.5215)
(4.5587, 5.6261, 3.0637)
(0.4567, 2.4697, 3.941)
(0.9444, 2.7749, 3.8336)
(1.4847, 3.1819, 3.7437)
(2.0194, 3.6007, 3.6585)
(2.5745, 3.9694, 3.5055)
(3.1055, 4.3681, 3.3569)
(3.6091, 4.8217, 3.2481)
(4.1212, 5.2644, 3.1474)
(0.1508, 2.6842, 3.4962)
(0.6835, 3.0751, 3.3977)
(1.2326, 3.4817, 3.3054)
(1.8016, 3.8098, 3.1866)
(2.3582, 4.1303, 3.0079)
(2.8877, 4.5173, 2.84)
(3.4307, 4.9107, 2.7074)
(3.9886, 5.2835, 2.5968)
(-1.0709, 1.9761, 2.7855)
(-0.5844, 2.4038, 2.895)
(-0.035, 2.8197, 2.9312)
(0.5367, 3.2561, 2.8618)
(1.1237, 3.5696, 2.7777)
(1.7279, 3.7781, 2.6255)
(2.2994, 4.0522, 2.4558)
(2.8754, 4.3658, 2.3328)
(3.4484, 4.7008, 2.1924)
(4.0305, 5.0227, 2.0744)
(-1.1324, 2.0683, 2.2968)
(-0.6234, 2.5105, 2.3188)
(-0.0661, 2.9112, 2.3068)
(0.5194, 3.286, 2.2583)
(1.1439, 3.5067, 2.1996)
(1.7728, 3.5939, 2.1142)
(2.3956, 3.7172, 2.0416)
(3.0092, 3.9482, 1.9446)
(3.5704, 4.2826, 1.7761)
(4.1558, 4.5889, 1.6796)
(-1.1966, 2.1555, 1.6989)
(-0.6392, 2.5569, 1.7029)
(-0.0453, 2.903, 1.6903)
(0.5698, 3.2002, 1.6653)
(1.2158, 3.3407, 1.6599)
(1.8769, 3.315, 1.6535)
(2.5355, 3.2921, 1.6753)
(3.1297, 3.4777, 1.5946)
(3.6904, 3.8044, 1.4575)
(4.2598, 4.0806, 1.5455)
(-1.2092, 2.1698, 1.0944)
(-0.618, 2.5264, 1.0972)
(0.008, 2.8125, 1.096)
(0.6564, 3.0336, 1.0953)
(1.3179, 3.0796, 1.1453)
(1.9661, 2.9604, 1.2175)
(2.6244, 2.8609, 1.2844)
(3.2344, 3.0301, 1.29)
(3.7671, 3.3756, 1.3689)
(4.2664, 3.6557, 1.6973)
(-1.1526, 2.0911, 0.4965)
(-0.5566, 2.441, 0.5002)
(0.0815, 2.6869, 0.5112)
(0.748, 2.849, 0.5307)
(1.4088, 2.8656, 0.5972)
(2.0218, 2.6555, 0.742)
(2.59, 2.4358, 0.8731)
(-1.046, 1.9434, -0.081)
(-0.4569, 2.3035, -0.0774)
(0.1604, 2.5901, -0.0711)
(0.8129, 2.7342, -0.0474)
(1.4528, 2.6791, 0.0357)
(2.031, 2.4319, 0.1956)
(2.4947, 2.1557, 0.3553)
(-0.9869, 1.8645, -0.6657)
(-0.4079, 2.2406, -0.6593)
(0.2021, 2.5429, -0.6594)
(0.8439, 2.6318, -0.6308)
(1.454, 2.4863, -0.5254)
(2.0052, 2.2183, -0.3581)
(2.4556, 1.9498, -0.2058)
(-1.0355, 1.9378, -1.2597)
(-0.4431, 2.2886, -1.2574)
(0.2002, 2.4798, -1.2514)
(0.8474, 2.4438, -1.1984)
(1.4356, 2.252, -1.0748)
(1.981, 1.993, -0.9118)
(2.4468, 1.7616, -0.778)
(-1.1028, 2.0315, -1.8527)
(-0.4729, 2.2902, -1.8534)
(0.196, 2.3299, -1.8287)
(0.8325, 2.1838, -1.7422)
(1.419, 1.9787, -1.614)
(1.9884, 1.7686, -1.474)
(2.4854, 1.6061, -1.3672)
(-1.1298, 2.0591, -2.4559)
(-0.4792, 2.1976, -2.4408)
(0.1898, 2.0989, -2.3842)
(0.8264, 1.9057, -2.2828)
(1.4381, 1.7327, -2.1705)
(2.0476, 1.6121, -2.0604)
(2.5727, 1.5209, -1.9769)
(-1.1243, 2.0266, -3.0585)
(-0.4681, 2.0449, -3.0191)
(0.1947, 1.8731, -2.944)
(0.8542, 1.7205, -2.8548)
(1.5048, 1.6319, -2.7616)
(2.1464, 1.5818, -2.6678)
(2.6808, 1.4904, -2.5976)
(-1.0959, 1.9649, -3.6604)
(-0.4357, 1.9286, -3.608)
(0.2306, 1.7703, -3.5328)
(0.9105, 1.6972, -3.4524)
(1.588, 1.6813, -3.3656)
(2.2462, 1.6154, -3.2805)
(2.7745, 1.4536, -3.2181)
(-1.0557, 1.9088, -4.264)
(-0.3888, 1.8964, -4.2085)
(0.2877, 1.7996, -4.1332)
(0.9735, 1.7853, -4.05)
(1.6573, 1.7637, -3.9665)
(2.3121, 1.6179, -3.8903)
(2.8227, 1.381, -3.8303)
(-1.0039, 1.86, -4.8662)
(-0.3366, 1.9252, -4.808)
(0.3471, 1.898, -4.7285)
(1.0333, 1.8907, -4.646)
(1.7099, 1.8054, -4.5692)
(2.3438, 1.5727, -4.4969)
(2.8299, 1.2798, -4.4334)
(-0.9372, 1.7983, -5.4609)
(-0.2821, 1.9613, -5.4027)
(0.4017, 1.994, -5.3208)
(1.0845, 1.9523, -5.2425)
(1.7471, 1.7873, -5.1702)
(2.359, 1.4923, -5.0966)
(2.829, 1.1682, -5.0311)
(-0.8704, 1.7309, -5.9622)
(-0.2382, 1.9885, -5.9015)
(0.4414, 2.0571, -5.8201)
(1.1193, 1.961, -5.7458)
(1.7689, 1.7367, -5.674)
(2.3686, 1.4121, -5.5985)
(2.8298, 1.0793, -5.5283)
(0.7343, 2.2026, 4.2111)
(1.1995, 2.4668, 4.1354)
(1.7418, 2.8802, 4.0492)
(2.2807, 3.3084, 3.9692)
(2.8238, 3.7223, 3.8605)
(3.3504, 4.1504, 3.7357)
(3.8591, 4.6011, 3.6122)
(4.3706, 5.0428, 3.4918)
(-6.2335, -3.4863, 3.526)
(-5.0116, -3.3948, 1.9543)
(-5.1979, -3.6237, 1.7092)
(-5.3154, -3.961, 1.8341)
(-5.4718, -4.1057, 2.3752)
(-5.6922, -4.0739, 2.9342)
(-5.9848, -3.8329, 3.3689)
(-1.6705, -0.8532, 4.2002)
(-2.1564, -1.1813, 4.1374)
(-2.7205, -1.5809, 4.0723)
(-3.2874, -1.9772, 3.997)
(-3.8538, -2.3663, 3.8944)
(-4.4175, -2.745, 3.7551)
(-4.978, -3.119, 3.5989)
(-5.5316, -3.4983, 3.4639)
(-1.2546, -1.2144, 3.9777)
(-1.8023, -1.6109, 3.9231)
(-2.3726, -2.027, 3.8795)
(-2.9436, -2.4106, 3.7943)
(-3.5165, -2.7687, 3.6506)
(-4.0861, -3.1094, 3.4634)
(-4.6536, -3.4463, 3.2643)
(-5.2215, -3.7803, 3.0798)
(0.32, -0.9889, 3.6524)
(-0.2752, -1.2787, 3.6799)
(-0.9002, -1.5866, 3.6454)
(-1.4961, -2.0062, 3.5914)
(-2.084, -2.3754, 3.5185)
(-2.6868, -2.6571, 3.3714)
(-3.2963, -2.8968, 3.1846)
(-3.8636, -3.1923, 2.9669)
(-4.4105, -3.5374, 2.7405)
(-4.9841, -3.8512, 2.5357)
(0.4735, -1.2006, 3.2196)
(-0.091, -1.5781, 3.2084)
(-0.6776, -1.9422, 3.1709)
(-1.2772, -2.2972, 3.1151)
(-1.901, -2.5032, 2.9986)
(-2.5459, -2.603, 2.8193)
(-3.1873, -2.7391, 2.6251)
(-3.7412, -3.0347, 2.4019)
(-4.2532, -3.4278, 2.1706)
(-4.8126, -3.7625, 1.9713)
(0.651, -1.4442, 2.6835)
(0.0867, -1.8467, 2.673)
(-0.5029, -2.2051, 2.6353)
(-1.1285, -2.4664, 2.5566)
(-1.7786, -2.5011, 2.4204)
(-2.4366, -2.4358, 2.2563)
(-3.0846, -2.5157, 2.0712)
(-3.6464, -2.8083, 1.8485)
(-4.1748, -3.1816, 1.6443)
(-4.7281, -3.4617, 1.6104)
(0.817, -1.6702, 2.1371)
(0.2514, -2.0835, 2.1303)
(-0.3499, -2.4301, 2.0877)
(-1.0032, -2.6253, 1.9867)
(-1.6674, -2.5846, 1.8404)
(-2.3241, -2.4232, 1.6828)
(-2.986, -2.3553, 1.5106)
(-3.6004, -2.5425, 1.3732)
(-4.1365, -2.8918, 1.3977)
(-4.6242, -3.1778, 1.6653)
(0.9707, -1.879, 1.5843)
(0.4016, -2.2983, 1.5776)
(-0.2107, -2.6385, 1.5305)
(-0.8781, -2.7811, 1.4153)
(-1.5401, -2.6738, 1.2658)
(-2.1726, -2.4363, 1.1204)
(-2.7681, -2.2191, 0.9834)
(1.102, -2.0513, 1.0153)
(0.5273, -2.4571, 1.0023)
(-0.0928, -2.7722, 0.9476)
(-0.7495, -2.8369, 0.8314)
(-1.3795, -2.6499, 0.6929)
(-1.9765, -2.3779, 0.5673)
(-2.4823, -2.1338, 0.4655)
(1.2269, -2.2119, 0.4397)
(0.6436, -2.589, 0.4169)
(0.0145, -2.8518, 0.3514)
(-0.6258, -2.8517, 0.2408)
(-1.2253, -2.6386, 0.1181)
(-1.8006, -2.3806, 0.0018)
(-2.2854, -2.1429, -0.0976)
(1.3597, -2.3852, -0.1318)
(0.7644, -2.7327, -0.1646)
(0.122, -2.9372, -0.2428)
(-0.5166, -2.9064, -0.3537)
(-1.1036, -2.6987, -0.468)
(-1.6643, -2.44, -0.5794)
(-2.136, -2.1956, -0.6785)
(1.4909, -2.5581, -0.7043)
(0.8818, -2.875, -0.747)
(0.2271, -3.0305, -0.8366)
(-0.4161, -2.9772, -0.9514)
(-1.0061, -2.7759, -1.0647)
(-1.5675, -2.5204, -1.1766)
(-2.0392, -2.2779, -1.2782)
(1.6168, -2.7237, -1.2798)
(0.9954, -3.0099, -1.3317)
(0.3307, -3.1224, -1.4314)
(-0.3209, -3.0467, -1.5532)
(-0.9242, -2.8466, -1.6723)
(-1.5004, -2.5999, -1.7892)
(-1.9871, -2.3757, -1.8946)
(1.7377, -2.8819, -1.8582)
(1.1061, -3.1383, -1.9182)
(0.4351, -3.2116, -2.0263)
(-0.225, -3.1127, -2.1562)
(-0.8466, -2.9082, -2.2851)
(-1.4444, -2.6712, -2.41)
(-1.9519, -2.4735, -2.5189)
(1.8544, -3.0341, -2.4387)
(1.2147, -3.2614, -2.5061)
(0.5408, -3.2974, -2.621)
(-0.1223, -3.1751, -2.7567)
(-0.7587, -2.963, -2.8946)
(-1.3783, -2.7326, -3.0286)
(-1.9045, -2.559, -3.1415)
(1.9679, -3.1814, -3.0209)
(1.3218, -3.3799, -3.0951)
(0.6473, -3.3791, -3.2161)
(-0.0127, -3.2327, -3.3548)
(-0.6535, -3.0116, -3.4965)
(-1.2851, -2.7825, -3.6363)
(-1.8216, -2.618, -3.753)
(2.0786, -3.3246, -3.6042)
(1.4277, -3.4942, -3.6849)
(0.755, -3.4559, -3.8115)
(0.1007, -3.2835, -3.9522)
(-0.537, -3.0513, -4.0945)
(-1.1699, -2.8188, -4.2355)
(-1.7081, -2.6517, -4.3541)
(2.1866, -3.4636, -4.1847)
(1.5324, -3.6034, -4.2713)
(0.8636, -3.5264, -4.403)
(0.2167, -3.3264, -4.5453)
(-0.4164, -3.0809, -4.6876)
(-1.0481, -2.8445, -4.8287)
(-1.5877, -2.6787, -4.9496)
(2.2775, -3.5801, -4.6786)
(1.6203, -3.6917, -4.7642)
(0.9564, -3.5803, -4.8997)
(0.3167, -3.3565, -5.0429)
(-0.3125, -3.1001, -5.185)
(-0.9435, -2.8615, -5.3263)
(-1.4821, -2.7022, -5.4428)
(-1.9914, -0.5279, 4.3099)
(-2.458, -0.7936, 4.235)
(-3.0181, -1.1862, 4.1516)
(-3.5846, -1.5798, 4.0691)
(-4.1512, -1.9718, 3.9757)
(-4.716, -2.3572, 3.8533)
(-5.277, -2.7395, 3.7104)
(-5.8288, -3.1311, 3.5846)
(-6.5248, -3.0554, 3.4036)
(-5.0263, -3.3804, 2.0119)
(-5.4199, -3.3445, 1.762)
(-5.8893, -3.1699, 1.7172)
(-6.3085, -2.9082, 2.0375)
(-6.6025, -2.7349, 2.5214)
(-6.6719, -2.8051, 3.0635)
(-2.496, 0.2527, 3.9401)
(-2.9246, -0.1308, 3.8324)
(-3.4676, -0.535, 3.7446)
(-4.0192, -0.9312, 3.6602)
(-4.5275, -1.3619, 3.506)
(-5.0582, -1.7606, 3.3565)
(-5.6345, -2.1174, 3.2476)
(-6.2025, -2.4857, 3.1469)
(-2.6168, 0.6077, 3.4953)
(-3.1406, 0.2052, 3.3968)
(-3.685, -0.2086, 3.3069)
(-4.159, -0.6636, 3.189)
(-4.6212, -1.1095, 3.0092)
(-5.1399, -1.5107, 2.8397)
(-5.6698, -1.9218, 2.7068)
(-6.1839, -2.3534, 2.5963)
(-1.5941, 1.5781, 2.7857)
(-2.1411, 1.2307, 2.8957)
(-2.7045, 0.8347, 2.9352)
(-3.2817, 0.4081, 2.8665)
(-3.7376, -0.0792, 2.7797)
(-4.1059, -0.603, 2.6277)
(-4.5274, -1.0775, 2.4564)
(-4.9901, -1.5427, 2.3316)
(-5.473, -1.9985, 2.1918)
(-5.9453, -2.4675, 2.0743)
(-1.6658, 1.6518, 2.2953)
(-2.2367, 1.2897, 2.3183)
(-2.7979, 0.8948, 2.3154)
(-3.2859, 0.4149, 2.2796)
(-3.653, -0.1398, 2.2143)
(-3.9396, -0.7007, 2.1147)
(-4.2327, -1.2651, 2.0406)
(-4.6267, -1.7892, 1.944)
(-5.1056, -2.2342, 1.7763)
(-5.564, -2.7104, 1.6799)
(-1.7427, 1.736, 1.6979)
(-2.2945, 1.3235, 1.7035)
(-2.8096, 0.8704, 1.6987)
(-3.2196, 0.3314, 1.6912)
(-3.5137, -0.2647, 1.6801)
(-3.7051, -0.8851, 1.6524)
(-3.8671, -1.5215, 1.6735)
(-4.2089, -2.0393, 1.5955)
(-4.6804, -2.4852, 1.458)
(-5.1055, -2.9557, 1.5443)
(-1.7674, 1.7601, 1.0943)
(-2.2911, 1.309, 1.0979)
(-2.7499, 0.7976, 1.1021)
(-3.1191, 0.2219, 1.1106)
(-3.3254, -0.4146, 1.1563)
(-3.3936, -1.0706, 1.2167)
(-3.4805, -1.7293, 1.2822)
(-3.8101, -2.2664, 1.2894)
(-4.2912, -2.6803, 1.368)
(-4.7, -3.0824, 1.695)
(-1.7154, 1.6871, 0.4957)
(-2.2358, 1.2318, 0.4994)
(-2.6596, 0.6956, 0.5139)
(-2.982, 0.0906, 0.5395)
(-3.1512, -0.5516, 0.6049)
(-3.1118, -1.2024, 0.7429)
(-3.0611, -1.8113, 0.8711)
(-1.6083, 1.5432, -0.0824)
(-2.1384, 1.101, -0.0809)
(-2.5912, 0.5937, -0.0727)
(-2.8869, -0.0045, -0.0416)
(-2.9828, -0.644, 0.0428)
(-2.8993, -1.2712, 0.197)
(-2.7643, -1.7947, 0.3543)
(-1.5496, 1.4647, -0.6672)
(-2.0926, 1.0392, -0.6647)
(-2.5451, 0.5385, -0.6624)
(-2.7765, -0.0668, -0.6234)
(-2.7924, -0.6982, -0.5179)
(-2.69, -1.3047, -0.3574)
(-2.5558, -1.812, -0.2066)
(-1.5987, 1.5344, -1.2615)
(-2.1141, 1.0811, -1.2625)
(-2.4659, 0.5158, -1.2527)
(-2.5888, -0.1225, -1.1912)
(-2.5627, -0.7433, -1.0689)
(-2.4672, -1.3413, -0.9112)
(-2.3717, -1.853, -0.7784)
(-1.6594, 1.6259, -1.8548)
(-2.092, 1.1018, -1.8578)
(-2.3123, 0.4708, -1.8296)
(-2.3405, -0.1821, -1.7392)
(-2.3009, -0.8029, -1.6114)
(-2.2538, -1.4091, -1.4735)
(-2.2333, -1.932, -1.3676)
(-1.6734, 1.6606, -2.4579)
(-1.9957, 1.0807, -2.444)
(-2.0883, 0.4118, -2.3856)
(-2.0772, -0.2533, -2.2833)
(-2.0747, -0.8891, -2.1705)
(-2.1219, -1.509, -2.0605)
(-2.1763, -2.0397, -1.9775)
(-1.6426, 1.6484, -3.0604)
(-1.8518, 1.0288, -3.0218)
(-1.8732, 0.3448, -2.9457)
(-1.9086, -0.3313, -2.8562)
(-1.9986, -0.9816, -2.7627)
(-2.1214, -1.6136, -2.6688)
(-2.1769, -2.1532, -2.5981)
(-1.5907, 1.6046, -3.6622)
(-1.7512, 0.9655, -3.6108)
(-1.7865, 0.2816, -3.5348)
(-1.9014, -0.3927, -3.4541)
(-2.0667, -1.0499, -3.3672)
(-2.179, -1.7021, -3.2817)
(-2.1674, -2.2549, -3.2185)
(-1.5526, 1.5495, -4.2657)
(-1.7388, 0.9118, -4.2113)
(-1.8323, 0.2344, -4.1352)
(-2.0008, -0.4307, -4.0522)
(-2.161, -1.096, -3.9686)
(-2.1977, -1.7664, -3.8917)
(-2.1114, -2.3229, -3.8307)
(-1.5214, 1.4842, -4.868)
(-1.7806, 0.8679, -4.811)
(-1.9404, 0.2025, -4.7312)
(-2.1133, -0.4618, -4.6491)
(-2.2122, -1.1371, -4.5718)
(-2.1627, -1.8109, -4.4982)
(-2.017, -2.3594, -4.4339)
(-1.4746, 1.4013, -5.4625)
(-1.8196, 0.8213, -5.4062)
(-2.0385, 0.1727, -5.3247)
(-2.181, -0.4967, -5.2463)
(-2.2035, -1.1796, -5.1729)
(-2.0905, -1.8495, -5.098)
(-1.9107, -2.3912, -5.0316)
(-1.4237, 1.3172, -5.9636)
(-1.8486, 0.7828, -5.9056)
(-2.1023, 0.1486, -5.8251)
(-2.1964, -0.5296, -5.7499)
(-2.1614, -1.216, -5.6767)
(-2.0177, -1.8825, -5.6001)
(-1.8273, -2.4183, -5.529)
(-2.318, -0.0878, 4.2114)
(-2.7008, -0.4614, 4.1355)
(-3.2491, -0.8665, 4.0495)
(-3.8108, -1.2644, 3.9697)
(-4.3592, -1.6708, 3.8602)
(-4.9173, -2.0567, 3.7351)
(-5.4924, -2.4189, 3.6119)
(-6.0594, -2.7869, 3.4916)
