(2.3943, 1.135, -5.4468)
(2.2453, 1.5544, -5.0197)
(2.5717, 1.9549, -4.7001)
(2.675, 2.4962, -4.4082)
(2.3766, 3.0738, -4.3075)
(2.5395, 0.9161, -5.0987)
(2.2922, 1.2833, -4.6949)
(2.019, 3.6098, -4.1915)
(2.4652, 1.7318, -4.3645)
(1.7735, 3.9244, -4.0366)
(2.4859, 2.3172, -4.0876)
(2.2832, 2.9452, -3.9366)
(1.9472, 3.4718, -3.7922)
(1.6915, 3.8986, -3.7042)
(2.7107, 0.6491, -4.6324)
(2.36, 0.9844, -4.2733)
(2.2418, 1.4968, -3.9761)
(2.1574, 2.0968, -3.7676)
(2.0422, 2.7418, -3.5627)
(1.8197, 3.2635, -3.3048)
(1.8259, 3.6982, -3.1376)
(2.8749, 0.4087, -4.1211)
(2.5921, 0.8787, -3.7801)
(2.3374, 1.4117, -3.4629)
(2.2336, 2.0091, -3.2865)
(2.0809, 2.6054, -3.1278)
(1.8063, 3.0461, -2.9007)
(1.9664, 3.4486, -2.5977)
(3.0366, 0.1769, -3.613)
(2.9384, 0.7682, -3.3406)
(2.7001, 1.3363, -3.0386)
(2.4722, 1.8786, -2.8177)
(2.0956, 2.2997, -2.8821)
(1.8377, 2.7544, -2.9306)
(1.6131, 3.1665, -3.0207)
(3.0733, -0.044, -3.0643)
(3.1133, 0.569, -2.8223)
(2.8761, 1.1357, -2.5411)
(2.5504, 1.6395, -2.3182)
(2.1266, 2.0317, -2.39)
(1.8157, 2.4945, -2.4789)
(1.633, 2.7758, -2.4898)
(3.0439, -0.2424, -2.4954)
(3.1566, 0.3509, -2.2701)
(2.8819, 0.8887, -2.0368)
(2.5569, 1.4051, -1.8521)
(2.2931, 1.9057, -1.854)
(1.8551, 2.2675, -1.8397)
(1.4276, 2.4372, -1.8059)
(2.9616, -0.4049, -1.9178)
(3.1684, 0.1876, -1.7048)
(3.0553, 0.8011, -1.5204)
(2.78, 1.3537, -1.3713)
(2.4059, 1.8162, -1.2811)
(1.9725, 2.2094, -1.2047)
(1.6258, 2.5151, -1.1425)
(2.8377, -0.5432, -1.3388)
(3.0898, 0.0438, -1.128)
(3.0592, 0.6805, -0.9479)
(2.8255, 1.2557, -0.7993)
(2.4681, 1.7479, -0.677)
(2.0952, 2.2009, -0.5776)
(1.7935, 2.5447, -0.5043)
(2.709, -0.6774, -0.7602)
(3.0015, -0.1033, -0.5486)
(2.9953, 0.5341, -0.3678)
(2.7809, 1.1304, -0.2147)
(2.5016, 1.6847, -0.076)
(2.2034, 2.1981, 0.0409)
(1.9504, 2.5822, 0.1285)
(2.621, -0.8332, -0.1828)
(2.9666, -0.2536, 0.0343)
(3.0407, 0.4034, 0.2176)
(2.844, 1.0431, 0.3707)
(2.5812, 1.6476, 0.5155)
(2.3135, 2.2087, 0.6491)
(2.0944, 2.6267, 0.7556)
(2.5357, -0.9895, 0.3816)
(2.9154, -0.3978, 0.6137)
(3.088, 0.2749, 0.8058)
(2.952, 0.9706, 0.9502)
(2.6974, 1.6258, 1.0937)
(2.4311, 2.2353, 1.2467)
(2.2055, 2.6993, 1.3902)
(2.279, -1.0388, 0.9118)
(2.6653, -0.4648, 1.1503)
(2.9335, 0.171, 1.365)
(2.9236, 0.8727, 1.5259)
(2.7652, 1.5629, 1.6705)
(2.5715, 2.2393, 1.8278)
(2.3141, 2.9659, 2.0658)
(1.9821, -1.0659, 1.4398)
(2.3457, -0.4997, 1.6621)
(2.6031, 0.1239, 1.8632)
(2.6998, 0.7987, 2.0444)
(2.4602, 3.4037, 2.669)
(2.7184, 1.4878, 2.2037)
(2.6918, 2.1847, 2.3366)
(2.7565, 3.8622, 3.1505)
(2.658, 2.8763, 2.4864)
(2.8927, 4.1751, 3.7658)
(2.6443, 3.483, 2.7311)
(1.6907, -1.1001, 1.9784)
(2.0335, -0.5345, 2.1762)
(2.2703, 0.0923, 2.3318)
(2.8596, 4.4832, 3.8554)
(2.3806, 0.7603, 2.4576)
(2.5731, 3.8931, 3.1263)
(2.4561, 1.4365, 2.5929)
(2.5116, 2.1166, 2.7331)
(2.6084, 4.2895, 3.5751)
(2.5609, 2.7965, 2.8785)
(2.6743, 4.6975, 3.7942)
(2.64, 3.4375, 3.0117)
(1.4212, -1.1306, 2.5082)
(1.7769, -0.5797, 2.7314)
(2.139, 0.0321, 2.8776)
(2.7719, 3.9558, 3.0807)
(2.4163, 0.6867, 2.9593)
(2.6211, 1.3528, 3.035)
(2.7375, 4.4738, 3.29)
(2.7726, 2.0295, 3.1121)
(1.2013, -1.148, 2.9303)
(2.6894, 4.9235, 3.4425)
(2.8867, 2.7143, 3.1876)
(2.9501, 3.3844, 3.2963)
(1.882, 0.0923, 3.4033)
(1.3957, -0.6157, 3.323)
(2.9663, 3.9888, 3.4496)
(2.258, 0.721, 3.501)
(2.585, 1.3499, 3.5907)
(3.0887, 4.5702, 3.5043)
(2.8537, 1.9974, 3.6601)
(3.1319, 5.0395, 3.4776)
(3.0442, 2.6711, 3.7135)
(3.1324, 3.3648, 3.7992)
(1.3454, -0.2321, 3.8078)
(1.6486, 0.2377, 3.9118)
(3.2014, 4.014, 3.9419)
(2.0, 0.8213, 4.0212)
(2.3494, 1.4349, 4.1236)
(3.3426, 4.6153, 3.9953)
(2.6812, 2.0595, 4.2138)
(3.5107, 5.0579, 3.9157)
(2.9729, 2.7148, 4.2897)
(3.1941, 3.4237, 4.3586)
(1.1029, -0.0068, 4.2249)
(1.3189, 0.4229, 4.3024)
(3.4426, 4.0481, 4.4322)
(1.6445, 0.9827, 4.4183)
(1.9935, 1.5829, 4.5308)
(3.6645, 4.6126, 4.4565)
(2.3454, 2.1864, 4.6428)
(0.9344, 0.2251, 4.4162)
(3.8286, 5.0597, 4.4267)
(2.6936, 2.8058, 4.7571)
(0.9632, 0.5436, 4.5216)
(1.317, 1.1326, 4.6514)
(3.0312, 3.4645, 4.8443)
(1.6694, 1.7205, 4.7804)
(3.3943, 4.053, 4.9309)
(2.0214, 2.3108, 4.8908)
(2.3912, 2.8727, 5.0592)
(3.6995, 4.5756, 4.9763)
(2.7008, 3.4938, 5.1001)
(3.9082, 4.9771, 4.948)
(3.092, 4.0673, 5.209)
(3.7615, 4.7975, 5.2077)
(3.475, 4.6411, 5.3485)
(-1.4747, 3.4461, -3.8465)
(-0.8931, 3.6738, -3.563)
(-0.3375, 3.8869, -3.2777)
(0.2139, 4.2286, -3.3541)
(0.7374, 4.5352, -3.568)
(-1.4962, 3.3288, -3.4991)
(-0.9695, 3.7226, -3.3197)
(1.2623, 4.3864, -3.8181)
(-0.4107, 4.0682, -3.1423)
(1.5936, 4.1442, -3.9304)
(0.1932, 4.3448, -3.0833)
(0.8144, 4.4273, -3.1911)
(1.3381, 4.1917, -3.4387)
(1.6845, 3.9156, -3.6944)
(-1.2449, 2.9455, -3.2635)
(-0.7284, 3.3669, -3.1711)
(-0.2433, 3.7558, -2.9507)
(0.3093, 4.0417, -2.7359)
(0.9282, 4.1722, -2.7161)
(1.4742, 3.9857, -2.9268)
(1.8305, 3.7177, -3.1309)
(-0.9993, 2.6133, -2.946)
(-0.5669, 3.0887, -2.8092)
(-0.2203, 3.4737, -2.5461)
(0.3192, 3.665, -2.3279)
(0.9285, 3.7959, -2.3536)
(1.5043, 3.6882, -2.5338)
(1.9548, 3.4658, -2.5881)
(-1.1589, 2.6002, -2.4971)
(-0.7454, 3.0206, -2.4286)
(-0.2166, 3.0922, -2.2843)
(0.3023, 3.1696, -2.0966)
(0.7778, 3.348, -2.3351)
(1.2918, 3.2984, -2.5552)
(1.6045, 3.1752, -2.9902)
(-1.5237, 2.6901, -2.1571)
(-0.9527, 2.8429, -2.0582)
(-0.305, 2.8042, -1.9198)
(0.2422, 2.7951, -1.7434)
(0.7019, 2.9633, -1.9917)
(1.2151, 2.9509, -2.2153)
(1.5801, 2.8376, -2.4773)
(-1.6737, 2.7342, -1.6321)
(-1.0497, 2.9454, -1.5485)
(-0.398, 2.9701, -1.4396)
(0.1439, 2.8299, -1.2804)
(0.6462, 2.7264, -1.4569)
(1.1838, 2.6656, -1.6216)
(1.4905, 2.4311, -1.8055)
(-1.6874, 2.624, -1.0497)
(-1.067, 2.9137, -0.9689)
(-0.4194, 3.0977, -0.9088)
(0.1849, 3.1041, -0.8673)
(0.7214, 2.8827, -0.9312)
(1.2697, 2.7253, -1.0302)
(1.6511, 2.5228, -1.1522)
(-1.6309, 2.3657, -0.5083)
(-1.023, 2.6808, -0.4173)
(-0.3856, 2.9216, -0.3592)
(0.2376, 3.049, -0.3319)
(0.8337, 2.9598, -0.3606)
(1.3901, 2.7691, -0.4249)
(1.8046, 2.5637, -0.5003)
(-1.5624, 2.0681, 0.0163)
(-0.9484, 2.3652, 0.0953)
(-0.3085, 2.6034, 0.1483)
(0.3115, 2.7975, 0.2012)
(0.9268, 2.8652, 0.2149)
(1.5087, 2.7618, 0.1794)
(1.9503, 2.6029, 0.1333)
(-1.4909, 1.7487, 0.5246)
(-0.8494, 1.9888, 0.5596)
(-0.2004, 2.2149, 0.5997)
(0.4165, 2.4591, 0.6819)
(1.0234, 2.6572, 0.7549)
(1.6184, 2.7192, 0.773)
(2.089, 2.6465, 0.7645)
(-1.404, 1.3946, 1.005)
(-0.7516, 1.6089, 1.0143)
(-0.1167, 1.8659, 1.0682)
(0.5009, 2.1447, 1.1697)
(1.1024, 2.424, 1.2778)
(1.6822, 2.662, 1.3629)
(2.1843, 2.7281, 1.414)
(-1.3272, 1.0629, 1.4985)
(-0.7234, 1.3641, 1.5456)
(-0.1549, 1.7308, 1.6351)
(0.4516, 2.0375, 1.7432)
(1.049, 2.3592, 1.8549)
(1.6208, 2.713, 1.9604)
(2.2839, 3.0195, 2.1121)
(-1.2781, 0.8204, 2.0426)
(-0.7731, 1.2528, 2.1273)
(-0.263, 1.699, 2.2277)
(0.3161, 2.0519, 2.3311)
(2.4527, 3.4129, 2.714)
(0.8968, 2.4016, 2.4377)
(1.4191, 2.8344, 2.5293)
(2.7989, 3.9011, 3.2404)
(1.9167, 3.2643, 2.6814)
(2.963, 4.1919, 3.8377)
(2.2792, 3.6943, 3.0038)
(-1.2425, 0.6254, 2.6145)
(-0.809, 1.1279, 2.7225)
(-0.3512, 1.6326, 2.823)
(3.1037, 4.4429, 3.9483)
(0.1685, 2.069, 2.916)
(2.6462, 3.9801, 3.5447)
(0.7024, 2.4789, 3.0072)
(1.1727, 2.9637, 3.0824)
(2.9599, 4.3798, 3.8784)
(1.6265, 3.4413, 3.2081)
(3.1739, 4.7704, 3.9306)
(1.9751, 3.9514, 3.3973)
(-1.1911, 0.413, 3.1545)
(-0.7845, 0.9216, 3.3104)
(-0.3725, 1.4915, 3.4173)
(2.3919, 4.3229, 3.7842)
(0.0693, 2.031, 3.5017)
(0.5258, 2.5359, 3.5724)
(2.738, 4.7061, 3.9606)
(0.966, 3.0483, 3.6491)
(-1.0818, 0.1874, 3.5526)
(2.9209, 5.196, 3.8948)
(1.376, 3.5636, 3.7732)
(1.7561, 4.0854, 3.95)
(-0.2271, 1.2779, 3.9612)
(-0.627, 0.5364, 3.8904)
(2.1572, 4.5737, 4.1756)
(0.1544, 1.8819, 4.0607)
(0.5557, 2.4472, 4.1433)
(2.5056, 5.0095, 4.2977)
(0.9435, 3.008, 4.2289)
(2.7173, 5.5253, 4.3038)
(1.2917, 3.5836, 4.3605)
(1.7046, 4.116, 4.5659)
(-0.1376, 0.5674, 4.2501)
(0.1357, 1.0536, 4.3428)
(2.0703, 4.6251, 4.7423)
(0.4764, 1.6301, 4.4643)
(0.8412, 2.2143, 4.5833)
(2.3978, 5.1517, 4.8805)
(1.2071, 2.7973, 4.6878)
(2.5873, 5.6338, 4.9117)
(1.5764, 3.3772, 4.8118)
(1.9625, 3.9202, 5.0486)
(0.326, 0.3975, 4.4493)
(0.5917, 0.8012, 4.5086)
(2.2698, 4.4666, 5.2121)
(0.9241, 1.3487, 4.6331)
(1.2739, 1.9292, 4.7759)
(2.5765, 5.0512, 5.3689)
(1.6295, 2.5085, 4.8917)
(0.6675, 0.3605, 4.4923)
(2.7694, 5.4954, 5.424)
(1.9997, 3.0696, 4.9891)
(0.9455, 0.5479, 4.5306)
(1.2959, 1.1345, 4.6563)
(2.3616, 3.6105, 5.1627)
(1.648, 1.7196, 4.7883)
(2.7088, 4.1939, 5.2926)
(1.9973, 2.3115, 4.8883)
(2.368, 2.8729, 5.051)
(3.0203, 4.7839, 5.4642)
(2.6919, 3.4817, 5.0733)
(3.1782, 5.1913, 5.6132)
(3.0385, 4.0279, 5.179)
(3.3697, 4.8876, 5.6191)
(3.4561, 4.6501, 5.3672)
(2.4973, 0.7114, -5.781)
(1.9989, 0.5854, -5.7179)
(1.4258, 0.6637, -5.4444)
(0.8184, 0.4836, -5.4598)
(0.2482, 0.1785, -5.6712)
(-0.3882, -0.0336, -5.8097)
(2.5934, 0.4621, -5.4165)
(2.0783, 0.2782, -5.4128)
(1.4821, 0.3322, -5.169)
(-1.0288, -0.1366, -5.8179)
(0.8531, 0.2029, -5.1271)
(-1.4333, -0.1558, -5.6958)
(0.268, -0.0612, -5.3097)
(-0.3516, -0.2933, -5.4613)
(-0.9881, -0.3712, -5.4536)
(-1.4862, -0.3054, -5.3925)
(2.6967, 0.1707, -4.9312)
(2.1654, -0.0895, -4.9904)
(1.5173, -0.0958, -4.8156)
(0.8672, -0.139, -4.6766)
(0.2946, -0.3152, -4.8156)
(-0.2884, -0.6082, -4.9911)
(-0.9165, -0.6993, -4.992)
(-1.3996, -0.6563, -4.8945)
(2.7756, -0.1217, -4.4057)
(2.2614, -0.4432, -4.5155)
(1.6158, -0.4754, -4.3923)
(0.9772, -0.4963, -4.2359)
(0.4237, -0.609, -4.3469)
(-0.1887, -0.8675, -4.4894)
(-0.8242, -0.9225, -4.5671)
(-1.2988, -0.9642, -4.3793)
(2.8014, -0.3816, -3.865)
(2.3168, -0.7876, -4.0575)
(1.7027, -0.9347, -4.0987)
(1.1079, -0.9113, -3.9176)
(0.5021, -0.8268, -3.9203)
(-0.1172, -0.8277, -3.9734)
(-0.6915, -0.6726, -4.2565)
(-1.1393, -0.3795, -4.5765)
(2.7375, -0.5793, -3.2981)
(2.2359, -0.9944, -3.515)
(1.6417, -1.2671, -3.6934)
(1.0043, -1.3643, -3.7859)
(0.3694, -1.2442, -3.8044)
(-0.1318, -1.021, -3.655)
(-0.5819, -0.7732, -3.8134)
(-0.9655, -0.5401, -4.0646)
(2.6475, -0.7448, -2.7208)
(2.1297, -1.1436, -2.9389)
(1.5585, -1.4655, -3.1509)
(0.9505, -1.6849, -3.347)
(0.322, -1.6991, -3.4669)
(-0.2383, -1.4826, -3.4286)
(-0.6546, -1.0839, -3.3305)
(-0.9415, -0.7608, -3.2473)
(2.5379, -0.8929, -2.1409)
(2.0235, -1.2958, -2.3618)
(1.4747, -1.6481, -2.5818)
(0.8926, -1.9141, -2.7888)
(0.281, -1.998, -2.9286)
(-0.3043, -1.8474, -2.938)
(-0.7644, -1.4926, -2.8216)
(-1.1387, -1.2437, -2.7662)
(2.4115, -1.0343, -1.5619)
(1.9198, -1.4644, -1.7882)
(1.4017, -1.8555, -2.0176)
(0.8349, -2.143, -2.2277)
(0.2265, -2.2345, -2.3587)
(-0.3734, -2.1282, -2.3822)
(-0.9018, -1.8786, -2.3254)
(-1.3218, -1.6849, -2.2992)
(2.2902, -1.187, -0.9861)
(1.838, -1.6644, -1.2221)
(1.3543, -2.0992, -1.4644)
(0.7844, -2.3901, -1.6749)
(0.158, -2.4659, -1.7979)
(-0.4687, -2.3947, -1.8407)
(-1.053, -2.2439, -1.8409)
(-1.5032, -2.1118, -1.8414)
(2.2097, -1.3743, -0.4174)
(1.791, -1.9036, -0.6682)
(1.3368, -2.3934, -0.9298)
(0.7506, -2.696, -1.1492)
(0.0822, -2.7451, -1.2716)
(-0.5853, -2.6953, -1.3351)
(-1.214, -2.6116, -1.373)
(-1.6941, -2.5264, -1.3881)
(2.1246, -1.551, 0.1374)
(1.7114, -2.1067, -0.1172)
(1.2739, -2.6444, -0.3839)
(0.7065, -3.0171, -0.6309)
(0.009, -3.1007, -0.7949)
(-0.7024, -3.0573, -0.881)
(-1.3809, -2.9979, -0.9321)
(-1.9152, -2.9382, -0.9388)
(1.8774, -1.595, 0.67)
(1.4736, -2.1475, 0.4248)
(1.0605, -2.6939, 0.1731)
(0.5687, -3.1517, -0.074)
(-0.096, -3.3287, -0.2718)
(-0.8074, -3.3658, -0.4034)
(-1.514, -3.3864, -0.5033)
(-2.3197, -3.4159, -0.553)
(1.5921, -1.6114, 1.2069)
(1.2009, -2.1512, 0.969)
(0.8085, -2.6816, 0.7267)
(0.3583, -3.1349, 0.4835)
(-0.2365, -3.3697, 0.2651)
(-2.7955, -3.9616, -0.3005)
(-0.8736, -3.5613, 0.0912)
(-1.5001, -3.7595, -0.1111)
(-3.2123, -4.5205, -0.0062)
(-2.0868, -3.9791, -0.3757)
(-3.7964, -4.8987, -0.043)
(1.3077, -1.6378, 1.7534)
(-2.6812, -4.2322, -0.4805)
(0.921, -2.1697, 1.5177)
(0.5412, -2.7014, 1.2769)
(0.1475, -3.2144, 1.0188)
(-4.0248, -4.7071, -0.1041)
(-0.3176, -3.6205, 0.7239)
(-3.2731, -4.4421, -0.3235)
(-0.8351, -3.9544, 0.4213)
(-1.3836, -4.2369, 0.11)
(-3.8103, -4.617, -0.1161)
(-1.9375, -4.4994, -0.2141)
(-4.2457, -4.6518, -0.1171)
(-2.5344, -4.7169, -0.4572)
(1.0449, -1.6641, 2.27)
(0.6466, -2.1875, 2.0473)
(0.2293, -2.6893, 1.8203)
(-0.1868, -3.2075, 1.5204)
(-3.1859, -4.8158, -0.5166)
(-0.6046, -3.704, 1.2019)
(-1.0419, -4.1505, 0.877)
(-3.805, -4.8305, -0.455)
(-1.511, -4.5374, 0.5328)
(0.8667, -1.6891, 2.6362)
(0.441, -2.2194, 2.4773)
(-4.2913, -4.8318, -0.47)
(-2.008, -4.8727, 0.1737)
(-2.5419, -5.156, -0.1555)
(-0.5628, -3.1904, 2.0014)
(-0.0803, -2.6581, 2.4655)
(-3.1484, -5.3295, -0.3565)
(-0.9981, -3.6683, 1.6546)
(-1.4208, -4.1425, 1.334)
(-3.7822, -5.361, -0.4345)
(-1.8512, -4.5922, 1.0084)
(-4.2782, -5.3599, -0.4664)
(-2.3147, -4.9807, 0.6546)
(-2.8041, -5.326, 0.2939)
(-0.5988, -2.9048, 2.7042)
(-0.9529, -3.2561, 2.4344)
(-3.2566, -5.7057, 0.0112)
(-1.3839, -3.6775, 2.1106)
(-1.818, -4.129, 1.7872)
(-3.8059, -5.8862, -0.1691)
(-2.2373, -4.5984, 1.4734)
(-4.2727, -5.9476, -0.291)
(-2.6692, -5.0482, 1.1414)
(-3.1459, -5.433, 0.7674)
(-1.0334, -2.9307, 3.0156)
(-1.3529, -3.2326, 2.8063)
(-3.5545, -5.8601, 0.4446)
(-1.7634, -3.6558, 2.5236)
(-2.1952, -4.1055, 2.211)
(-3.9507, -6.2611, 0.2114)
(-2.6176, -4.5695, 1.9003)
(-1.3644, -2.9212, 3.1151)
(-4.3254, -6.4524, -0.0083)
(-3.0375, -5.037, 1.58)
(-1.6628, -3.0589, 3.0446)
(-2.082, -3.5503, 2.7875)
(-3.4672, -5.4598, 1.1999)
(-2.4987, -4.0343, 2.5092)
(-3.8525, -5.9165, 0.8822)
(-2.9162, -4.5081, 2.2081)
(-3.3241, -5.0121, 1.9442)
(-4.224, -6.3636, 0.6521)
(-3.724, -5.2693, 1.4387)
(-4.5157, -6.6471, 0.4258)
(-4.1076, -5.7725, 1.1571)
(-4.6068, -6.5218, 0.7225)
(-4.5715, -6.2353, 0.9075)
(-1.9791, 3.0372, -4.059)
(-2.3523, 2.4928, -4.2553)
(-2.6148, 1.8939, -4.4796)
(-2.8084, 1.2759, -4.717)
(-2.8526, 0.6585, -4.9924)
(-2.6006, 0.1422, -5.2912)
(-1.9651, 2.8613, -3.6561)
(-2.3447, 2.3241, -3.8469)
(-2.6014, 1.7271, -4.0737)
(-2.0858, -0.0877, -5.5582)
(-2.7536, 1.1012, -4.3169)
(-1.6835, -0.191, -5.6501)
(-2.7672, 0.486, -4.5968)
(-2.4816, -0.0146, -4.8979)
(-1.9621, -0.242, -5.1698)
(-1.5045, -0.3059, -5.3823)
(-1.7742, 2.5245, -3.2793)
(-2.2464, 2.0534, -3.3772)
(-2.5523, 1.4937, -3.5581)
(-2.6403, 0.8804, -3.8091)
(-2.5969, 0.3059, -4.1159)
(-2.3128, -0.2013, -4.3933)
(-1.8351, -0.4917, -4.6735)
(-1.4169, -0.6544, -4.8826)
(-1.4909, 2.1481, -2.9945)
(-1.9947, 1.6923, -3.0129)
(-2.3969, 1.2122, -3.0674)
(-2.381, 0.6917, -3.3433)
(-2.2136, 0.334, -3.7555)
(-2.0481, -0.2001, -3.9688)
(-1.6957, -0.6145, -4.2431)
(-1.3171, -0.9628, -4.3693)
(-1.4989, 2.021, -2.5514)
(-1.8528, 1.4569, -2.5959)
(-2.1419, 0.9809, -2.6412)
(-2.0109, 0.6156, -2.9889)
(-1.8375, 0.4857, -3.4321)
(-1.7527, 0.0759, -3.7807)
(-1.4856, -0.3237, -4.1097)
(-1.1189, -0.3921, -4.4608)
(-1.8709, 2.1606, -2.2126)
(-2.0412, 1.5431, -2.2037)
(-1.9297, 1.0677, -2.2532)
(-1.8065, 0.8126, -2.6639)
(-1.6671, 0.434, -2.9619)
(-1.5728, 0.0175, -3.3083)
(-1.322, -0.3628, -3.644)
(-0.9977, -0.5514, -3.9307)
(-2.0851, 2.2587, -1.7055)
(-2.0821, 1.6728, -1.7086)
(-1.784, 1.2551, -1.8828)
(-1.7766, 0.8101, -2.2049)
(-1.6376, 0.3077, -2.4706)
(-1.5077, -0.1595, -2.7615)
(-1.2638, -0.5759, -3.0473)
(-0.9454, -0.8158, -3.271)
(-2.1267, 2.1987, -1.1449)
(-2.0625, 1.6294, -1.2158)
(-1.8468, 1.073, -1.4528)
(-1.7934, 0.5096, -1.765)
(-1.8224, -0.0194, -2.079)
(-1.7461, -0.5243, -2.386)
(-1.4644, -0.97, -2.6221)
(-1.1474, -1.2628, -2.7854)
(-2.1175, 1.9354, -0.6586)
(-2.3055, 1.3815, -0.8677)
(-2.1795, 0.7782, -1.1021)
(-2.0083, 0.1805, -1.3498)
(-1.9446, -0.3767, -1.6415)
(-1.8971, -0.8991, -1.944)
(-1.6432, -1.3667, -2.1714)
(-1.3382, -1.6901, -2.3113)
(-2.0648, 1.6394, -0.1461)
(-2.3736, 1.0946, -0.3901)
(-2.4134, 0.4861, -0.6676)
(-2.3005, -0.1218, -0.9463)
(-2.1732, -0.7006, -1.2187)
(-2.0341, -1.2522, -1.4806)
(-1.7924, -1.75, -1.7041)
(-1.5231, -2.1088, -1.8462)
(-2.025, 1.3657, 0.3913)
(-2.3359, 0.8233, 0.148)
(-2.4074, 0.2108, -0.1447)
(-2.3465, -0.4059, -0.4441)
(-2.2474, -1.0052, -0.7289)
(-2.1157, -1.5848, -0.9954)
(-1.9326, -2.1211, -1.2335)
(-1.715, -2.5236, -1.3855)
(-1.9844, 1.0877, 0.9262)
(-2.2897, 0.5632, 0.6937)
(-2.3012, -0.045, 0.3942)
(-2.2241, -0.6604, 0.087)
(-2.171, -1.277, -0.2075)
(-2.1364, -1.8857, -0.4894)
(-2.0892, -2.4621, -0.7562)
(-1.9574, -2.9308, -0.9262)
(-1.9276, 0.8017, 1.4571)
(-2.243, 0.3032, 1.24)
(-2.2194, -0.2943, 0.9374)
(-2.1835, -0.9021, 0.6244)
(-2.2104, -1.5218, 0.3257)
(-2.2667, -2.1358, 0.0275)
(-2.3644, -2.7254, -0.284)
(-2.3925, -3.4226, -0.5357)
(-1.86, 0.5243, 1.9945)
(-2.2127, 0.0425, 1.7849)
(-2.2626, -0.5353, 1.4731)
(-2.3747, -1.1126, 1.1368)
(-2.4687, -1.7176, 0.8256)
(-2.8361, -3.9564, -0.3082)
(-2.5492, -2.3254, 0.5247)
(-2.7449, -2.8728, 0.1767)
(-3.2666, -4.6005, 0.0837)
(-2.978, -3.4266, -0.1006)
(-3.8319, -5.0078, -0.0126)
(-1.7753, 0.2445, 2.527)
(-3.2552, -4.0212, -0.1041)
(-2.1845, -0.229, 2.3135)
(-2.4215, -0.7612, 1.989)
(-2.6397, -1.3107, 1.6378)
(-3.6893, -5.0035, -0.3945)
(-2.7962, -1.8901, 1.3051)
(-3.5948, -4.5603, 0.0409)
(-2.9092, -2.4825, 0.9925)
(-3.1513, -2.9937, 0.628)
(-3.8026, -4.8897, -0.0698)
(-3.4724, -3.4435, 0.2935)
(-3.803, -4.807, -0.461)
(-3.7268, -4.004, 0.1961)
(-1.6368, -0.0546, 2.9875)
(-2.0357, -0.5507, 2.7726)
(-2.387, -1.0593, 2.5093)
(-2.7401, -1.5741, 2.1638)
(-4.0418, -4.5735, 0.1226)
(-3.0304, -2.1054, 1.8017)
(-3.253, -2.6529, 1.4495)
(-4.2801, -4.9621, -0.1092)
(-3.5215, -3.1639, 1.0834)
(-1.4983, -0.285, 3.2868)
(-1.8571, -0.8342, 3.1084)
(-4.3406, -4.7902, -0.4566)
(-3.8738, -3.6272, 0.7384)
(-4.1939, -4.1691, 0.5406)
(-2.6294, -1.9487, 2.6189)
(-2.1045, -1.4371, 3.0452)
(-4.5041, -4.6481, 0.3439)
(-3.0286, -2.4443, 2.2702)
(-3.3727, -2.9503, 1.9219)
(-4.8265, -5.0505, 0.0339)
(-3.6981, -3.4575, 1.5634)
(-4.9194, -5.0356, -0.3554)
(-4.0667, -3.9575, 1.2177)
(-4.4801, -4.481, 0.9353)
(-2.053, -2.0213, 3.1579)
(-2.3932, -2.3967, 2.9033)
(-4.8744, -4.9521, 0.6656)
(-2.7915, -2.8609, 2.6011)
(-3.1888, -3.3493, 2.2933)
(-5.2338, -5.2831, 0.3582)
(-3.5769, -3.8431, 1.9904)
(-5.2989, -5.4283, -0.0041)
(-3.9795, -4.3398, 1.6976)
(-4.4124, -4.8207, 1.3602)
(-1.7783, -2.4629, 3.2555)
(-2.0418, -2.8034, 3.0231)
(-4.8546, -5.2715, 1.0682)
(-2.4235, -3.2587, 2.75)
(-2.8382, -3.7447, 2.4778)
(-5.256, -5.5968, 0.7771)
(-3.2568, -4.2346, 2.2222)
(-1.6219, -2.7656, 3.206)
(-5.5074, -5.7724, 0.4815)
(-3.6559, -4.7095, 1.9511)
(-1.6849, -3.0563, 3.0478)
(-2.1042, -3.5488, 2.7923)
(-3.9997, -5.1016, 1.5236)
(-2.5195, -4.0348, 2.5171)
(-4.4611, -5.5539, 1.2088)
(-2.9324, -4.5081, 2.2208)
(-3.3435, -4.999, 1.9662)
(-4.9263, -5.9199, 0.9842)
(-3.697, -5.2402, 1.4183)
(-5.3207, -6.0768, 0.8505)
(-4.0464, -5.7511, 1.1217)
(-4.9742, -6.1648, 0.916)
(-4.6032, -6.2163, 0.9168)
(3.8581, 4.8917, 5.1078)
(2.7711, 4.5942, 3.8654)
(2.6279, 4.8145, 3.6159)
(2.8866, 4.9987, 3.3933)
(3.3349, 5.054, 3.6701)
(3.6859, 5.0632, 4.1657)
(3.902, 5.0332, 4.7048)
(2.5441, 0.5908, -5.6099)
(2.6458, 0.32, -5.1857)
(2.7406, 0.0224, -4.6699)
(2.7988, -0.2584, -4.1382)
(2.7774, -0.487, -3.5842)
(2.6942, -0.6647, -3.01)
(2.5954, -0.8205, -2.4309)
(2.4759, -0.9635, -1.8512)
(2.3477, -1.1074, -1.2734)
(2.244, -1.2764, -0.7007)
(2.1804, -1.4741, -0.1372)
(2.0165, -1.5855, 0.405)
(1.7343, -1.6019, 0.9371)
(1.4499, -1.6239, 1.479)
(1.1683, -1.6512, 2.0253)
(0.9478, -1.6767, 2.4674)
(2.6349, 0.6815, -5.2854)
(2.776, 0.4128, -4.8016)
(2.8854, 0.1388, -4.2771)
(2.9591, -0.1129, -3.7431)
(2.9347, -0.3259, -3.1821)
(2.8691, -0.5088, -2.6084)
(2.7675, -0.6624, -2.0292)
(2.6382, -0.7994, -1.4497)
(2.5067, -0.938, -0.872)
(2.4167, -1.1059, -0.2984)
(2.33, -1.2717, 0.2604)
(2.0784, -1.3176, 0.791)
(1.7879, -1.3397, 1.3241)
(1.5013, -1.3705, 1.8681)
(1.2365, -1.3979, 2.3881)
(1.0463, -1.4198, 2.7686)
(2.5066, 0.9044, -5.6494)
(2.2708, 1.3541, -5.2247)
(2.3828, 1.7444, -4.8532)
(2.6807, 2.2114, -4.5388)
(2.5566, 2.7855, -4.344)
(2.1902, 3.356, -4.2544)
(1.876, 3.8084, -4.1284)
(3.6276, 4.7151, 5.2828)
(3.2835, 4.3542, 5.2787)
(2.8964, 3.7806, 5.1545)
(2.546, 3.1833, 5.0796)
(2.2063, 2.5918, 4.975)
(1.8454, 2.0156, 4.8356)
(1.4932, 1.4265, 4.7159)
(1.1401, 0.8381, 4.5865)
(0.9324, 0.3769, 4.472)
(1.8183, 3.6871, -3.7319)
(2.1146, 3.2256, -3.8646)
(2.4093, 2.6358, -4.0028)
(2.5112, 2.0113, -4.2135)
(2.3526, 1.4886, -4.5219)
(2.384, 1.1068, -4.893)
(1.7974, 3.4834, -3.2122)
(1.9223, 3.0205, -3.4307)
(2.1143, 2.4242, -3.6725)
(2.2022, 1.789, -3.8643)
(2.2751, 1.2172, -4.113)
(2.5362, 0.8187, -4.4507)
(1.814, 3.2454, -2.8059)
(1.9257, 2.8413, -3.0132)
(2.1803, 2.3196, -3.2156)
(2.2752, 1.7042, -3.3609)
(2.4447, 1.1339, -3.6089)
(2.7566, 0.6475, -3.9534)
(1.7461, 2.9608, -2.9189)
(1.9466, 2.5263, -2.922)
(2.2888, 2.0945, -2.8281)
(2.5977, 1.6196, -2.8988)
(2.8199, 1.0535, -3.1913)
(3.0217, 0.474, -3.4801)
(1.7032, 2.6587, -2.4826)
(1.9534, 2.2679, -2.4467)
(2.3385, 1.8345, -2.3288)
(2.7256, 1.4026, -2.4018)
(3.0156, 0.8591, -2.6861)
(3.1345, 0.2614, -2.9464)
(1.6565, 2.39, -1.8242)
(2.0836, 2.1065, -1.8531)
(2.4362, 1.6652, -1.8403)
(2.7077, 1.146, -1.9254)
(3.0509, 0.6276, -2.1543)
(3.1494, 0.0528, -2.3832)
(1.7878, 2.3672, -1.1735)
(2.1864, 2.0238, -1.2416)
(2.6052, 1.5943, -1.3214)
(2.931, 1.0884, -1.4391)
(3.1443, 0.4977, -1.609)
(3.1028, -0.1178, -1.8086)
(1.9369, 2.3836, -0.5391)
(2.2759, 1.9841, -0.6239)
(2.6562, 1.5079, -0.7354)
(2.9624, 0.9799, -0.87)
(3.1072, 0.3632, -1.0337)
(2.995, -0.2609, -1.2306)
(2.0714, 2.4026, 0.0868)
(2.3503, 1.9535, -0.0138)
(2.6459, 1.4104, -0.1435)
(2.9035, 0.8396, -0.2888)
(3.0349, 0.214, -0.454)
(2.8842, -0.4006, -0.6515)
(2.1973, 2.4325, 0.7052)
(2.4443, 1.9413, 0.5851)
(2.7148, 1.3481, 0.4437)
(2.9633, 0.7287, 0.2965)
(3.0439, 0.0702, 0.1306)
(2.815, -0.5525, -0.071)
(2.3141, 2.4912, 1.3218)
(2.5611, 1.9417, 1.1698)
(2.8304, 1.3028, 1.0204)
(3.0492, 0.6253, 0.8812)
(3.0396, -0.0699, 0.7164)
(2.7385, -0.7016, 0.5007)
(2.8931, 4.3391, 3.8158)
(2.8246, 4.0187, 3.4581)
(2.6084, 3.633, 2.9098)
(2.3872, 3.1848, 2.3674)
(2.4689, 2.5787, 1.925)
(2.6696, 1.9023, 1.7456)
(2.8537, 1.2207, 1.5981)
(2.9592, 0.5185, 1.4506)
(2.8275, -0.1568, 1.2634)
(2.4776, -0.7566, 1.0321)
(2.6416, 4.4932, 3.7083)
(2.5785, 4.0878, 3.366)
(2.6059, 3.7032, 2.9099)
(2.6562, 3.2015, 2.5921)
(2.6714, 2.5337, 2.4047)
(2.7092, 1.8354, 2.2719)
(2.7156, 1.1424, 2.1276)
(2.6674, 0.4574, 1.9561)
(2.4935, -0.1958, 1.7654)
(2.1713, -0.7878, 1.553)
(2.7101, 4.7063, 3.3762)
(2.7701, 4.2174, 3.1768)
(2.7152, 3.7042, 3.0388)
(2.5904, 3.1301, 2.9545)
(2.536, 2.457, 2.8041)
(2.4859, 1.7762, 2.6628)
(2.4204, 1.098, 2.5237)
(2.3358, 0.4236, 2.3957)
(2.1689, -0.2285, 2.2594)
(1.8711, -0.8235, 2.0819)
(3.1213, 4.8159, 3.4962)
(3.024, 4.2883, 3.4917)
(2.9511, 3.6911, 3.3763)
(2.9282, 3.0559, 3.2341)
(2.834, 2.3711, 3.1487)
(2.7024, 1.6898, 3.074)
(2.5262, 1.0188, 2.9964)
(2.2894, 0.3565, 2.9226)
(1.9626, -0.2815, 2.8152)
(1.5984, -0.8604, 2.626)
(3.4259, 4.8516, 3.9661)
(3.2642, 4.3292, 3.9866)
(3.1614, 3.6939, 3.8712)
(3.0979, 3.0201, 3.7478)
(2.9615, 2.3301, 3.6866)
(2.7273, 1.6707, 3.6284)
(2.4285, 1.0345, 3.5475)
(2.0742, 0.406, 3.4532)
(1.679, -0.2247, 3.352)
(1.3234, -0.8727, 3.1136)
(3.7513, 4.847, 4.4457)
(3.5609, 4.3417, 4.4525)
(3.3158, 3.746, 4.3978)
(3.0859, 3.0716, 4.3233)
(2.8361, 2.3791, 4.2535)
(2.5179, 1.7455, 4.1704)
(2.1768, 1.1273, 4.0738)
(1.8206, 0.5189, 3.9665)
(1.4922, -0.0079, 3.8591)
(3.8117, 4.7873, 4.9684)
(3.5593, 4.3268, 4.9625)
(3.2132, 3.7679, 4.8888)
(2.8604, 3.1372, 4.8024)
(2.5214, 2.4905, 4.7021)
(2.169, 1.8844, 4.5858)
(1.8192, 1.2819, 4.4759)
(1.4718, 0.69, 4.3578)
(1.2005, 0.196, 4.2597)
(1.2329, -0.1089, 4.0394)
(1.4915, 0.3299, 4.1287)
(1.8277, 0.8987, 4.2413)
(2.1765, 1.5059, 4.3482)
(2.5218, 2.1199, 4.4501)
(2.8493, 2.7592, 4.5456)
(3.1408, 3.4485, 4.6233)
(3.4603, 4.0524, 4.6966)
(3.7273, 4.5937, 4.7244)
(1.4032, -0.4, 3.5606)
(1.7677, 0.1574, 3.664)
(2.1389, 0.7634, 3.7695)
(2.4862, 1.3822, 3.8676)
(2.7939, 2.017, 3.9465)
(3.036, 2.6828, 4.0076)
(3.1828, 3.3896, 4.0808)
(3.3407, 4.0329, 4.1826)
(3.5126, 4.6205, 4.2227)
(1.3068, -1.1405, 2.7297)
(1.6257, -0.5831, 3.0025)
(2.0206, 0.0462, 3.1436)
(2.366, 0.6905, 3.2293)
(2.6423, 1.3385, 3.3057)
(2.855, 2.0026, 3.3707)
(3.0036, 2.6839, 3.4262)
(3.0645, 3.3659, 3.5246)
(3.0734, 4.0, 3.6962)
(3.2159, 4.5975, 3.744)
(1.5506, -1.1168, 2.2521)
(1.9044, -0.5605, 2.4531)
(2.2004, 0.0565, 2.6)
(2.383, 0.7194, 2.6964)
(2.5132, 1.3928, 2.7979)
(2.6107, 2.0718, 2.9091)
(2.6926, 2.7533, 3.0244)
(2.7757, 3.4082, 3.1416)
(2.8746, 3.9757, 3.2223)
(2.9137, 4.5336, 3.331)
(1.8353, -1.0826, 1.7069)
(2.1833, -0.5149, 1.9148)
(2.4153, 0.1124, 2.0922)
(2.5126, 0.7821, 2.252)
(2.565, 1.4642, 2.407)
(2.5873, 2.1528, 2.5471)
(2.6004, 2.8397, 2.6911)
(2.6264, 3.47, 2.8608)
(2.6472, 3.926, 3.0727)
(2.6233, 4.3824, 3.4118)
(2.1299, -1.0513, 1.1748)
(2.5078, -0.4837, 1.4082)
(2.7833, 0.1411, 1.6224)
(2.8403, 0.8291, 1.7996)
(2.7768, 1.5225, 1.9525)
(2.6675, 2.2166, 2.0953)
(2.5635, 2.9044, 2.2939)
(2.5883, 3.4567, 2.6703)
(2.6177, 3.8661, 3.1578)
(2.7094, 4.2244, 3.6643)
(2.424, -1.0244, 0.6494)
(2.8108, -0.4397, 0.8871)
(3.0387, 0.2171, 1.0914)
(2.9601, 0.923, 1.24)
(2.7374, 1.5995, 1.3823)
(2.4921, 2.2439, 1.5421)
(2.2598, 2.8326, 1.728)
(2.5917, -0.9197, 0.1031)
(2.9577, -0.3317, 0.3273)
(3.0792, 0.3384, 0.5129)
(2.9047, 1.0087, 0.6608)
(2.6408, 1.6388, 0.8056)
(2.372, 2.2216, 0.9489)
(2.15, 2.663, 1.0729)
(2.6582, -0.7514, -0.4711)
(2.9776, -0.1774, -0.2579)
(3.0056, 0.4675, -0.0762)
(2.7977, 1.0819, 0.0783)
(2.5335, 1.6621, 0.2214)
(2.2574, 2.201, 0.3464)
(2.0224, 2.6044, 0.4421)
(2.7709, -0.6092, -1.0495)
(3.041, -0.0294, -0.8384)
(3.0202, 0.6065, -0.6576)
(2.7983, 1.1907, -0.5065)
(2.4839, 1.7148, -0.3754)
(2.1503, 2.1985, -0.2671)
(1.872, 2.5634, -0.1879)
(2.903, -0.4759, -1.6283)
(3.1378, 0.1156, -1.4172)
(3.0823, 0.7493, -1.2388)
(2.8306, 1.3149, -1.0929)
(2.4421, 1.7804, -0.9805)
(2.0358, 2.2045, -0.8903)
(1.7096, 2.5299, -0.8234)
(3.0092, -0.3278, -2.2072)
(3.17, 0.2633, -1.9892)
(2.9645, 0.834, -1.7844)
(2.6624, 1.3684, -1.6208)
(2.3596, 1.8588, -1.5738)
(1.9085, 2.2216, -1.5208)
(1.5267, 2.4761, -1.4742)
(3.0646, -0.1471, -2.7812)
(3.142, 0.456, -2.5476)
(2.8712, 1.0003, -2.2871)
(2.5354, 1.5048, -2.0809)
(2.2035, 1.9569, -2.1213)
(1.8233, 2.3671, -2.1614)
(1.5303, 2.6065, -2.1478)
(3.0693, 0.0644, -3.3434)
(3.0512, 0.6769, -3.0916)
(2.8245, 1.2525, -2.7988)
(2.5361, 1.7697, -2.5691)
(2.0958, 2.148, -2.6628)
(1.8279, 2.621, -2.7665)
(1.623, 2.9712, -2.7553)
(2.9644, 0.2924, -3.8693)
(2.7704, 0.8345, -3.5607)
(2.5149, 1.3845, -3.247)
(2.3591, 1.9579, -3.0508)
(2.0986, 2.4676, -3.0074)
(1.8263, 2.9036, -2.9177)
(1.7898, 3.3076, -2.8092)
(2.7917, 0.5253, -4.3769)
(2.4515, 0.9144, -4.0247)
(2.2383, 1.4393, -3.7198)
(2.1454, 2.043, -3.5379)
(2.038, 2.6803, -3.3299)
(1.798, 3.1608, -3.0508)
(1.8962, 3.5734, -2.8676)
(2.6244, 0.7841, -4.8782)
(2.3146, 1.1206, -4.4986)
(2.3429, 1.6039, -4.1866)
(2.3035, 2.199, -3.9411)
(2.1506, 2.8399, -3.7603)
(1.8797, 3.3718, -3.5601)
(1.7587, 3.7984, -3.4209)
(2.4639, 1.031, -5.2833)
(2.2699, 1.4268, -4.8646)
(2.5366, 1.8483, -4.5334)
(2.604, 2.4146, -4.2433)
(2.3524, 3.02, -4.1189)
(1.9913, 3.5482, -3.999)
(1.7193, 3.9391, -3.8871)
(0.9956, 0.0998, 4.3431)
(1.1554, 0.5036, 4.4279)
(1.4754, 1.0601, 4.5482)
(1.8258, 1.6541, 4.6674)
(2.18, 2.2485, 4.785)
(2.537, 2.8455, 4.9152)
(2.8816, 3.4768, 4.9969)
(3.2605, 4.0584, 5.094)
(3.6011, 4.5749, 5.1652)
(3.3023, 5.0322, 5.6431)
(3.1711, 4.5921, 3.9586)
(3.0678, 4.9811, 3.8806)
(2.808, 5.3832, 4.0482)
(2.6304, 5.6107, 4.6027)
(2.6324, 5.593, 5.2002)
(2.9773, 5.3536, 5.5512)
(-1.986, 2.9631, -3.8589)
(-1.8941, 2.7118, -3.4541)
(-1.6217, 2.3222, -3.1458)
(-1.4395, 2.0434, -2.7759)
(-1.6716, 2.076, -2.3816)
(-2.0094, 2.2256, -1.9815)
(-2.1177, 2.2545, -1.4187)
(-2.1275, 2.0835, -0.8975)
(-2.0931, 1.7846, -0.408)
(-2.0428, 1.5012, 0.1217)
(-2.0063, 1.2282, 0.6597)
(-1.9579, 0.9446, 1.1914)
(-1.8946, 0.6616, 1.725)
(-1.8231, 0.3877, 2.2638)
(-1.71, 0.0913, 2.7748)
(-1.5662, -0.1772, 3.1514)
(-1.7397, 3.1045, -3.577)
(-1.5116, 2.7372, -3.2699)
(-1.2422, 2.3784, -2.9768)
(-1.3321, 2.3165, -2.524)
(-1.721, 2.4598, -2.1924)
(-1.9198, 2.5267, -1.6781)
(-1.9566, 2.4323, -1.1017)
(-1.9005, 2.1672, -0.5752)
(-1.8322, 1.8709, -0.0531)
(-1.7794, 1.5793, 0.4733)
(-1.7163, 1.2648, 0.9826)
(-1.6442, 0.9476, 1.4904)
(-1.5746, 0.6749, 2.0268)
(-1.507, 0.4318, 2.5769)
(-1.4135, 0.1794, 3.0741)
(-1.2959, -0.0395, 3.4097)
(-1.7419, 3.2648, -3.9583)
(-1.1856, 3.5752, -3.717)
(-0.6127, 3.7698, -3.3931)
(-0.0593, 4.0418, -3.2777)
(0.475, 4.4214, -3.4538)
(1.0097, 4.5031, -3.6953)
(1.461, 4.2624, -3.9109)
(3.4164, 4.7632, 5.5155)
(3.2473, 4.339, 5.2731)
(2.8652, 3.7548, 5.1261)
(2.5299, 3.1773, 5.0621)
(2.1826, 2.5922, 4.9697)
(1.8227, 2.0155, 4.8383)
(1.4719, 1.4271, 4.7223)
(1.1207, 0.8412, 4.5935)
(0.8097, 0.4367, 4.509)
(1.5319, 4.0519, -3.5555)
(1.096, 4.3339, -3.309)
(0.5078, 4.4246, -3.1147)
(-0.1144, 4.2201, -3.0935)
(-0.6946, 3.901, -3.2235)
(-1.2379, 3.5333, -3.4133)
(1.668, 3.8494, -3.0354)
(1.2223, 4.1084, -2.8071)
(0.6171, 4.1405, -2.693)
(0.0213, 3.9123, -2.8301)
(-0.4876, 3.5707, -3.0714)
(-0.9816, 3.1564, -3.2342)
(1.7161, 3.5802, -2.6259)
(1.2344, 3.7699, -2.4338)
(0.6214, 3.7481, -2.3114)
(0.0275, 3.5831, -2.415)
(-0.4019, 3.3037, -2.6867)
(-0.7681, 2.8535, -2.8938)
(1.4868, 3.235, -2.6993)
(1.0418, 3.3493, -2.4514)
(0.5368, 3.269, -2.1842)
(0.0507, 3.1115, -2.1579)
(-0.4891, 3.0836, -2.3747)
(-0.9671, 2.8497, -2.4668)
(1.4109, 2.8947, -2.3303)
(0.9646, 2.9834, -2.114)
(0.4694, 2.8784, -1.8354)
(-0.014, 2.778, -1.7998)
(-0.6252, 2.8337, -2.0037)
(-1.2614, 2.8086, -2.1099)
(1.3745, 2.5927, -1.7097)
(0.9258, 2.7008, -1.5461)
(0.3894, 2.7673, -1.3425)
(-0.1136, 2.9088, -1.3364)
(-0.7159, 2.9813, -1.5077)
(-1.3761, 2.8686, -1.5879)
(1.4775, 2.629, -1.0891)
(1.0058, 2.7988, -0.9784)
(0.4533, 3.002, -0.8889)
(-0.1071, 3.1329, -0.8791)
(-0.7424, 3.0209, -0.9385)
(-1.3846, 2.7824, -1.005)
(1.6103, 2.6664, -0.4631)
(1.1251, 2.8696, -0.3899)
(0.5377, 3.0272, -0.3398)
(-0.0705, 3.0083, -0.3398)
(-0.7047, 2.8102, -0.3852)
(-1.3344, 2.5346, -0.457)
(1.7423, 2.6844, 0.1562)
(1.2308, 2.8288, 0.2011)
(0.6189, 2.853, 0.2149)
(0.0036, 2.71, 0.1767)
(-0.6274, 2.4884, 0.1219)
(-1.2639, 2.2292, 0.0631)
(1.8636, 2.6951, 0.7711)
(1.3315, 2.7076, 0.7697)
(0.7184, 2.5703, 0.7237)
(0.1116, 2.3373, 0.6377)
(-0.522, 2.0989, 0.5745)
(-1.1763, 1.8787, 0.5482)
(1.9408, 2.7223, 1.3938)
(1.3994, 2.5564, 1.324)
(0.8029, 2.285, 1.2252)
(0.1942, 2.0045, 1.1155)
(-0.4313, 1.7315, 1.0335)
(-1.0781, 1.5021, 1.0097)
(3.0314, 4.3128, 3.9023)
(2.881, 4.0465, 3.5391)
(2.6258, 3.657, 2.9772)
(2.3683, 3.2162, 2.4131)
(1.9185, 2.8694, 2.0242)
(1.3351, 2.5383, 1.9067)
(0.7543, 2.192, 1.7999)
(0.1449, 1.8895, 1.6878)
(-0.4404, 1.5491, 1.5867)
(-1.0178, 1.1993, 1.5154)
(3.0752, 4.5802, 3.9259)
(2.8155, 4.1682, 3.7528)
(2.4618, 3.8396, 3.271)
(2.1075, 3.4927, 2.8103)
(1.6796, 3.0475, 2.5921)
(1.1613, 2.6131, 2.4821)
(0.6125, 2.2183, 2.3861)
(0.0204, 1.8842, 2.2784)
(-0.526, 1.4855, 2.1778)
(-1.0155, 1.0195, 2.0779)
(2.8433, 4.9417, 3.945)
(2.5848, 4.5025, 3.9112)
(2.1782, 4.1502, 3.5879)
(1.8031, 3.7038, 3.28)
(1.4095, 3.1993, 3.1409)
(0.9413, 2.7172, 3.0421)
(0.4407, 2.2683, 2.964)
(-0.0977, 1.8592, 2.8691)
(-0.5888, 1.3874, 2.7751)
(-1.017, 0.864, 2.6652)
(2.6236, 5.2582, 4.3093)
(2.3463, 4.7892, 4.2544)
(1.9559, 4.3381, 4.0657)
(1.5658, 3.8251, 3.8529)
(1.1759, 3.3052, 3.7049)
(0.749, 2.791, 3.607)
(0.2978, 2.2847, 3.5383)
(-0.155, 1.7676, 3.4612)
(-0.5819, 1.2043, 3.3692)
(-0.9839, 0.6582, 3.236)
(2.5059, 5.3978, 4.9062)
(2.2458, 4.89, 4.8214)
(1.8931, 4.3691, 4.6587)
(1.4959, 3.8559, 4.4603)
(1.1143, 3.2975, 4.2848)
(0.7557, 2.7253, 4.1836)
(0.3538, 2.1682, 4.1035)
(-0.0399, 1.5841, 4.0127)
(-0.4105, 0.9586, 3.9111)
(-0.8592, 0.3908, 3.713)
(2.685, 5.2883, 5.4072)
(2.4298, 4.7664, 5.2963)
(2.1205, 4.1866, 5.1369)
(1.775, 3.6528, 4.928)
(1.3883, 3.0902, 4.7374)
(1.0248, 2.5051, 4.6377)
(0.6579, 1.9236, 4.5254)
(0.2992, 1.3345, 4.4015)
(-0.0071, 0.8016, 4.2936)
(3.1138, 5.0057, 5.5426)
(2.8785, 4.5028, 5.3753)
(2.5359, 3.8944, 5.2291)
(2.1828, 3.339, 5.0741)
(1.8139, 2.7927, 4.9341)
(1.45, 2.2197, 4.8394)
(1.0988, 1.6391, 4.7056)
(0.7516, 1.0617, 4.5642)
(0.4526, 0.5858, 4.473)
(0.1052, 0.4861, 4.3748)
(0.3665, 0.9255, 4.4495)
(0.6998, 1.4852, 4.5751)
(1.0544, 2.068, 4.7104)
(1.4144, 2.6498, 4.8222)
(1.7886, 3.2185, 4.9298)
(2.1614, 3.7575, 5.1463)
(2.4825, 4.3271, 5.2942)
(2.7892, 4.9216, 5.4579)
(-0.3847, 0.5924, 4.0791)
(-0.0688, 1.1687, 4.1783)
(0.2888, 1.7658, 4.2899)
(0.6696, 2.3448, 4.3896)
(1.0428, 2.9217, 4.4844)
(1.3959, 3.5068, 4.6161)
(1.7995, 4.0469, 4.8437)
(2.1294, 4.5704, 5.0148)
(2.4442, 5.1321, 5.1635)
(-1.1418, 0.3009, 3.3668)
(-0.7239, 0.781, 3.585)
(-0.3265, 1.3891, 3.7022)
(0.0826, 1.9714, 3.7914)
(0.5081, 2.5125, 3.8635)
(0.922, 3.0485, 3.9435)
(1.2955, 3.596, 4.0714)
(1.6982, 4.121, 4.2596)
(2.0861, 4.6256, 4.449)
(2.4262, 5.1076, 4.5753)
(-1.2225, 0.5222, 2.8978)
(-0.8091, 1.0353, 3.0214)
(-0.3757, 1.5727, 3.1218)
(0.1047, 2.0609, 3.2087)
(0.6003, 2.5183, 3.2878)
(1.0564, 3.0163, 3.3621)
(1.4918, 3.5097, 3.485)
(1.8493, 4.0322, 3.6568)
(2.2633, 4.4723, 3.9529)
(2.6128, 4.8708, 4.0888)
(-1.2598, 0.722, 2.3271)
(-0.796, 1.1986, 2.4239)
(-0.3123, 1.674, 2.5248)
(0.2411, 2.0642, 2.6236)
(0.8033, 2.4381, 2.7242)
(1.2965, 2.901, 2.806)
(1.7703, 3.36, 2.9401)
(2.1298, 3.8323, 3.1826)
(2.5291, 4.1386, 3.6599)
(2.8677, 4.5329, 3.9068)
(-1.2997, 0.9311, 1.7649)
(-0.7439, 1.3004, 1.8332)
(-0.2067, 1.7125, 1.9312)
(0.3892, 2.0383, 2.038)
(0.9808, 2.373, 2.1478)
(1.5324, 2.7694, 2.2486)
(2.0668, 3.1523, 2.4251)
(2.39, 3.5581, 2.8483)
(2.7231, 3.9023, 3.4056)
(2.9811, 4.2694, 3.8346)
(-1.3626, 1.2204, 1.2468)
(-0.7258, 1.4655, 1.2702)
(-0.121, 1.7739, 1.3425)
(0.4928, 2.0661, 1.4488)
(1.0928, 2.3704, 1.5612)
(1.6706, 2.6735, 1.6629)
(2.2341, 2.8738, 1.763)
(-1.4483, 1.5739, 0.7665)
(-0.7961, 1.7902, 0.7818)
(-0.148, 2.0215, 0.8244)
(0.4697, 2.2848, 0.9179)
(1.0731, 2.5297, 1.0129)
(1.6609, 2.684, 1.067)
(2.1366, 2.6873, 1.0892)
(-1.5282, 1.9127, 0.2739)
(-0.9014, 2.1833, 0.3328)
(-0.2565, 2.414, 0.3781)
(0.3614, 2.6349, 0.446)
(0.9734, 2.7726, 0.49)
(1.5659, 2.7459, 0.4775)
(2.0196, 2.6247, 0.4489)
(-1.5964, 2.2187, -0.2448)
(-0.9888, 2.5307, -0.1554)
(-0.3521, 2.7736, -0.0976)
(0.27, 2.9374, -0.0584)
(0.8817, 2.9301, -0.0699)
(1.4498, 2.7692, -0.1215)
(1.8774, 2.5833, -0.1835)
(-1.6642, 2.5065, -0.7747)
(-1.0507, 2.814, -0.688)
(-0.4082, 3.0404, -0.6326)
(0.2123, 3.1195, -0.6116)
(0.779, 2.9467, -0.6511)
(1.3297, 2.7591, -0.7296)
(1.7279, 2.5432, -0.8262)
(-1.6915, 2.7011, -1.3378)
(-1.0669, 2.9615, -1.2597)
(-0.4175, 3.0673, -1.1787)
(0.1522, 2.9782, -1.078)
(0.6699, 2.7793, -1.1949)
(1.2146, 2.6694, -1.324)
(1.5708, 2.4769, -1.4788)
(-1.6272, 2.7256, -1.9175)
(-1.014, 2.8755, -1.8203)
(-0.358, 2.8513, -1.6891)
(0.1842, 2.7584, -1.5105)
(0.6652, 2.8028, -1.7292)
(1.1914, 2.7772, -1.9283)
(1.5353, 2.6343, -2.1414)
(-1.3478, 2.6442, -2.3295)
(-0.8605, 2.9199, -2.253)
(-0.2511, 2.9026, -2.1226)
(0.2818, 2.9443, -1.9441)
(0.7324, 3.1465, -2.2112)
(1.2369, 3.1222, -2.4421)
(1.5923, 3.0064, -2.7337)
(-1.0284, 2.5755, -2.7175)
(-0.6283, 3.0569, -2.612)
(-0.2144, 3.2961, -2.4056)
(0.3118, 3.4247, -2.2042)
(0.8563, 3.5717, -2.3416)
(1.4043, 3.4947, -2.5381)
(1.7797, 3.3205, -2.7891)
(-1.0895, 2.7471, -3.1271)
(-0.6093, 3.193, -3.0113)
(-0.216, 3.61, -2.7511)
(0.327, 3.8611, -2.5193)
(0.9516, 3.9975, -2.491)
(1.5208, 3.8523, -2.6792)
(1.8926, 3.5918, -2.8595)
(-1.3974, 3.1589, -3.376)
(-0.8729, 3.5739, -3.255)
(-0.3329, 3.9439, -3.0713)
(0.2493, 4.2273, -2.9244)
(0.8741, 4.3185, -2.9608)
(1.4042, 4.0946, -3.1935)
(1.7575, 3.8166, -3.4127)
(-1.5106, 3.4134, -3.6606)
(-0.963, 3.739, -3.4263)
(-0.4022, 4.0286, -3.2087)
(0.1871, 4.3278, -3.2233)
(0.7704, 4.4934, -3.3894)
(1.2932, 4.2885, -3.6414)
(1.6573, 4.0292, -3.8426)
(0.5105, 0.3495, 4.4803)
(0.7843, 0.6924, 4.5336)
(1.1197, 1.2345, 4.6544)
(1.4692, 1.8166, 4.7928)
(1.8226, 2.3981, 4.9082)
(2.1883, 2.9613, 5.0179)
(2.5367, 3.523, 5.1339)
(2.893, 4.1023, 5.2502)
(3.2182, 4.6795, 5.432)
(1.6065, 2.8067, -2.4835)
(1.6088, 3.1709, -3.0055)
(1.688, 3.9071, -3.6993)
(2.9278, 4.1835, 3.8018)
(2.7777, 3.8817, 3.1955)
(2.299, 2.9927, 2.089)
(2.1949, 2.7137, 1.4021)
(2.4565, 3.4083, 2.6915)
(1.7991, 2.5542, -0.5023)
(1.6385, 2.5189, -1.1474)
(3.4656, 4.6456, 5.3578)
(1.9606, 3.4572, -2.5929)
(3.0653, 4.0476, 5.194)
(2.6964, 3.4877, 5.0867)
(2.3796, 2.8728, 5.0551)
(2.0094, 2.3112, 4.8896)
(2.0917, 2.6366, 0.76)
(1.6587, 1.72, 4.7844)
(1.3065, 1.1336, 4.6539)
(1.459, 2.4341, -1.8057)
(0.9543, 0.5458, 4.5261)
(1.8282, 3.7079, -3.1342)
(1.9503, 2.5925, 0.1309)
(-4.581, -6.6157, 0.5961)
(-4.1488, -4.6578, -0.0795)
(-4.2869, -4.6997, -0.2909)
(-4.2855, -5.0674, -0.5162)
(-4.2733, -5.6569, -0.3875)
(-4.2823, -6.2248, -0.1714)
(-4.4162, -6.5948, 0.2074)
(2.3797, 0.3247, -5.4599)
(2.4718, -0.001, -4.9961)
(2.5533, -0.323, -4.4896)
(2.5834, -0.6133, -3.9719)
(2.5017, -0.8032, -3.4092)
(2.3979, -0.955, -2.8309)
(2.2871, -1.102, -2.2516)
(2.1698, -1.2542, -1.6746)
(2.0665, -1.4287, -1.1027)
(2.0011, -1.64, -0.5404)
(1.9181, -1.8284, 0.0118)
(1.6756, -1.8714, 0.5481)
(1.3961, -1.8818, 1.0885)
(1.1137, -1.904, 1.6362)
(0.8484, -1.9287, 2.1564)
(0.6664, -1.959, 2.5406)
(2.2968, 0.6041, -5.8)
(1.7104, 0.632, -5.5716)
(1.1222, 0.6082, -5.4103)
(0.5335, 0.3291, -5.5602)
(-0.0602, 0.0579, -5.757)
(-0.7217, -0.1006, -5.8287)
(-1.2749, -0.142, -5.7781)
(-4.598, -6.3879, 0.8214)
(-4.3395, -6.0039, 1.0323)
(-3.9158, -5.5209, 1.2979)
(-3.5241, -5.1407, 1.6915)
(-3.1202, -4.7601, 2.0762)
(-2.7075, -4.2712, 2.3587)
(-2.2904, -3.7923, 2.6483)
(-1.8724, -3.3046, 2.916)
(-1.5146, -2.976, 3.0908)
(-1.2478, -0.3575, -5.4165)
(-0.6805, -0.3521, -5.4745)
(-0.0336, -0.1913, -5.4023)
(0.5577, 0.0768, -5.2053)
(1.1673, 0.2961, -5.111)
(1.78, 0.3043, -5.2924)
(-1.1728, -0.6829, -4.9477)
(-0.6103, -0.6824, -5.0124)
(0.012, -0.4679, -4.9177)
(0.5739, -0.2056, -4.7198)
(1.1863, -0.1035, -4.7191)
(1.8437, -0.1061, -4.9195)
(-1.0746, -0.8912, -4.536)
(-0.5189, -0.926, -4.5434)
(0.1291, -0.7412, -4.4234)
(0.6974, -0.5314, -4.2675)
(1.2873, -0.4786, -4.2923)
(1.9438, -0.4791, -4.4771)
(-0.9261, -0.5743, -4.3817)
(-0.4177, -0.7657, -4.102)
(0.192, -0.8318, -3.9281)
(0.8081, -0.8615, -3.9018)
(1.4025, -0.9393, -4.008)
(2.0147, -0.8901, -4.1105)
(-0.7878, -0.6581, -3.9229)
(-0.3612, -0.896, -3.7029)
(0.1052, -1.1394, -3.7185)
(0.6764, -1.3259, -3.819)
(1.3274, -1.3423, -3.7464)
(1.9467, -1.1498, -3.6135)
(-0.8194, -0.925, -3.3045)
(-0.4633, -1.2853, -3.3762)
(0.0266, -1.622, -3.4649)
(0.6344, -1.7202, -3.4235)
(1.259, -1.5947, -3.2532)
(1.8491, -1.3138, -3.0457)
(-0.9563, -1.3512, -2.7859)
(-0.5503, -1.675, -2.8828)
(-0.0224, -1.9559, -2.9534)
(0.5886, -1.9826, -2.8711)
(1.1882, -1.7979, -2.6897)
(1.7527, -1.4787, -2.4719)
(-1.1208, -1.7726, -2.3082)
(-0.651, -2.0077, -2.356)
(-0.0783, -2.2057, -2.3844)
(0.5333, -2.2146, -2.3057)
(1.125, -2.0191, -2.1287)
(1.6651, -1.6671, -1.903)
(-1.291, -2.1739, -1.8406)
(-0.7739, -2.3224, -1.8429)
(-0.1568, -2.4448, -1.8274)
(0.4742, -2.4521, -1.7481)
(1.08, -2.2696, -1.5777)
(1.6039, -1.8923, -1.344)
(-1.4696, -2.5684, -1.3826)
(-0.913, -2.6554, -1.3569)
(-0.2529, -2.7263, -1.3077)
(0.4203, -2.744, -1.2214)
(1.06, -2.5769, -1.0495)
(1.5753, -2.1615, -0.8)
(-1.6714, -2.9716, -0.9428)
(-1.0524, -3.0268, -0.9107)
(-0.348, -3.0853, -0.8446)
(0.3666, -3.088, -0.7246)
(1.01, -2.8638, -0.5142)
(1.5021, -2.3846, -0.25)
(-3.9072, -4.7934, -0.0893)
(-3.5043, -4.7096, -0.0246)
(-3.0039, -4.2411, -0.1533)
(-2.5576, -3.6888, -0.4267)
(-1.872, -3.4049, -0.5443)
(-1.1619, -3.3744, -0.4555)
(-0.4514, -3.3546, -0.3441)
(0.2521, -3.2712, -0.1813)
(0.8333, -2.9491, 0.0464)
(1.2706, -2.4229, 0.2998)
(-4.0369, -4.6479, -0.0959)
(-3.5535, -4.5416, -0.2038)
(-2.98, -4.3412, -0.4272)
(-2.3822, -4.1068, -0.4604)
(-1.7958, -3.8641, -0.247)
(-1.1911, -3.6594, 0.0001)
(-0.5544, -3.4644, 0.1755)
(0.0744, -3.2715, 0.3687)
(0.5985, -2.9306, 0.6041)
(1.0065, -2.4188, 0.8485)
(-4.0603, -4.831, -0.4528)
(-3.5088, -4.8286, -0.4865)
(-2.8567, -4.7812, -0.5107)
(-2.2282, -4.6192, -0.3539)
(-1.6583, -4.3704, -0.0545)
(-1.1077, -4.0999, 0.2683)
(-0.5711, -3.7947, 0.5727)
(-0.0762, -3.4302, 0.8745)
(0.3504, -2.9666, 1.1519)
(0.7304, -2.4351, 1.3982)
(-4.0443, -5.3606, -0.4526)
(-3.4746, -5.357, -0.4062)
(-2.8352, -5.2611, -0.2743)
(-2.268, -5.0235, -0.0013)
(-1.7561, -4.7107, 0.3538)
(-1.2726, -4.3512, 0.7075)
(-0.8197, -3.9345, 1.0411)
(-0.3945, -3.4609, 1.3613)
(0.0207, -2.9476, 1.6774)
(0.4391, -2.4384, 1.9399)
(-4.0505, -5.9232, -0.2337)
(-3.5286, -5.8217, -0.0898)
(-3.0244, -5.5259, 0.1394)
(-2.5634, -5.1493, 0.4699)
(-2.077, -4.796, 0.8352)
(-1.6335, -4.3726, 1.1739)
(-1.2101, -3.9071, 1.4924)
(-0.7821, -3.428, 1.8249)
(-0.3384, -2.9529, 2.1887)
(0.1875, -2.4568, 2.4448)
(-4.1405, -6.3767, 0.1022)
(-3.7535, -6.0794, 0.3211)
(-3.357, -5.6399, 0.5943)
(-2.9096, -5.2424, 0.9551)
(-2.4471, -4.8311, 1.3129)
(-2.0288, -4.3625, 1.6302)
(-1.6033, -3.9008, 1.9469)
(-1.1622, -3.4596, 2.2766)
(-0.7683, -3.0741, 2.5746)
(-4.3778, -6.5212, 0.5404)
(-4.0442, -6.1539, 0.7615)
(-3.6631, -5.682, 1.0281)
(-3.2552, -5.2499, 1.3914)
(-2.8258, -4.8073, 1.7466)
(-2.4078, -4.3349, 2.0545)
(-1.98, -3.8802, 2.3682)
(-1.5496, -3.4333, 2.6727)
(-1.1846, -3.0701, 2.9175)
(-0.8298, -2.9373, 2.8722)
(-1.1574, -3.2604, 2.636)
(-1.5782, -3.6767, 2.332)
(-2.0134, -4.1223, 2.0112)
(-2.4342, -4.5889, 1.6981)
(-2.8584, -5.0534, 1.3729)
(-3.3137, -5.4659, 0.9985)
(-3.7091, -5.9075, 0.6754)
(-4.0788, -6.3503, 0.4412)
(-0.346, -2.8107, 2.5581)
(-0.7547, -3.2223, 2.2231)
(-1.1919, -3.6689, 1.8819)
(-1.6202, -4.1331, 1.5598)
(-2.0425, -4.5974, 1.2422)
(-2.4893, -5.018, 0.8998)
(-2.9735, -5.3822, 0.5307)
(-3.3926, -5.8011, 0.2217)
(-3.8596, -6.1007, 0.0067)
(0.5371, -2.2019, 2.2718)
(0.0752, -2.6862, 2.096)
(-0.3737, -3.1893, 1.7653)
(-0.7985, -3.6869, 1.4307)
(-1.222, -4.1577, 1.1094)
(-1.6665, -4.5832, 0.7723)
(-2.144, -4.9462, 0.4105)
(-2.6499, -5.2644, 0.0603)
(-3.1778, -5.5458, -0.1863)
(-3.7835, -5.6361, -0.319)
(0.7781, -2.1779, 1.7915)
(0.3878, -2.6975, 1.55)
(-0.0064, -3.2233, 1.2726)
(-0.4347, -3.6912, 0.9618)
(-0.9038, -4.0888, 0.6355)
(-1.4106, -4.422, 0.2976)
(-1.9381, -4.7191, -0.0446)
(-2.5067, -4.9645, -0.3353)
(-3.1533, -5.0764, -0.4783)
(-3.7916, -5.077, -0.4961)
(1.0625, -2.1596, 1.2427)
(0.6797, -2.6916, 1.0023)
(0.2608, -3.1709, 0.7552)
(-0.2683, -3.4858, 0.4986)
(-0.846, -3.7515, 0.2595)
(-1.4319, -3.9986, -0.0026)
(-1.997, -4.2423, -0.3136)
(-2.6035, -4.4568, -0.5037)
(-3.2364, -4.5849, -0.4494)
(-3.8155, -4.6695, -0.2894)
(1.3372, -2.1478, 0.6964)
(0.9348, -2.6854, 0.4505)
(0.4649, -3.1421, 0.2066)
(-0.1727, -3.3415, 0.0035)
(-0.8559, -3.4524, -0.141)
(-1.5301, -3.5634, -0.2869)
(-2.1813, -3.7273, -0.4425)
(-2.741, -4.0767, -0.4023)
(-3.2671, -4.4307, -0.1866)
(-3.7854, -4.6851, -0.0482)
(1.6069, -2.1423, 0.1544)
(1.181, -2.6897, -0.1057)
(0.6511, -3.1137, -0.3558)
(-0.0358, -3.2462, -0.5408)
(-0.7555, -3.2309, -0.6505)
(-1.4586, -3.1964, -0.7191)
(-2.1174, -3.1771, -0.7459)
(1.7662, -2.0207, -0.3919)
(1.3206, -2.5377, -0.659)
(0.7355, -2.8674, -0.893)
(0.0464, -2.9226, -1.0329)
(-0.6452, -2.8727, -1.105)
(-1.2976, -2.8021, -1.1493)
(-1.8046, -2.7323, -1.1635)
(1.8116, -1.7812, -0.9443)
(1.3443, -2.2425, -1.1965)
(0.7655, -2.5346, -1.4087)
(0.1199, -2.5944, -1.5275)
(-0.5254, -2.5373, -1.5811)
(-1.1323, -2.4262, -1.604)
(-1.5987, -2.3191, -1.6147)
(1.8747, -1.5592, -1.5037)
(1.3737, -1.9711, -1.7386)
(0.8081, -2.2619, -1.9489)
(0.194, -2.3483, -2.0761)
(-0.4178, -2.2603, -2.1088)
(-0.9764, -2.0621, -2.0818)
(-1.4125, -1.8983, -2.0703)
(1.9704, -1.3773, -2.0744)
(1.4359, -1.7482, -2.2989)
(0.8627, -2.0269, -2.5078)
(0.2551, -2.1189, -2.6433)
(-0.3357, -1.9928, -2.6588)
(-0.8298, -1.6906, -2.5712)
(-1.2303, -1.4643, -2.5327)
(2.0769, -1.2182, -2.6501)
(1.5165, -1.5546, -2.8661)
(0.9243, -1.804, -3.0702)
(0.3047, -1.8652, -3.2098)
(-0.2762, -1.6829, -3.2104)
(-0.7083, -1.2837, -3.0774)
(-1.0401, -1.0023, -3.0067)
(2.1821, -1.0707, -3.2279)
(1.599, -1.3753, -3.432)
(0.9688, -1.5428, -3.6035)
(0.3342, -1.4845, -3.6749)
(-0.1825, -1.2431, -3.5583)
(-0.6021, -0.9137, -3.574)
(-0.9535, -0.6505, -3.6559)
(2.2883, -0.9065, -3.796)
(1.685, -1.1232, -3.9182)
(1.0705, -1.1445, -3.8612)
(0.4442, -1.0119, -3.8518)
(-0.1104, -0.877, -3.7857)
(-0.6203, -0.6713, -4.05)
(-1.0524, -0.4598, -4.3205)
(2.3028, -0.6252, -4.2907)
(1.6729, -0.7045, -4.2403)
(1.0627, -0.6939, -4.0473)
(0.4875, -0.7105, -4.1033)
(-0.1455, -0.8575, -4.2202)
(-0.7627, -0.8084, -4.4139)
(-1.2191, -0.6719, -4.4779)
(2.2133, -0.2668, -4.7519)
(1.559, -0.283, -4.596)
(0.9073, -0.3145, -4.449)
(0.3503, -0.4691, -4.5809)
(-0.2399, -0.7704, -4.7448)
(-0.874, -0.865, -4.763)
(-1.3492, -0.8102, -4.6369)
(2.1204, 0.0971, -5.2153)
(1.4967, 0.1191, -5.0069)
(0.8558, 0.0368, -4.9108)
(0.2728, -0.1813, -5.0692)
(-0.3252, -0.4438, -5.2365)
(-0.9555, -0.5249, -5.2302)
(-1.4429, -0.4808, -5.1435)
(2.0382, 0.4384, -5.5754)
(1.4576, 0.5097, -5.3116)
(0.8397, 0.3493, -5.3052)
(0.2601, 0.0581, -5.5048)
(-0.3715, -0.1589, -5.6473)
(-1.0113, -0.2457, -5.6455)
(-1.488, -0.2163, -5.5591)
(-1.208, -2.9146, 3.095)
(-1.5236, -3.1745, 2.9293)
(-1.9287, -3.6098, 2.6681)
(-2.3539, -4.0736, 2.3706)
(-2.7744, -4.5427, 2.0672)
(-3.189, -5.0106, 1.7556)
(-3.6005, -5.3972, 1.3495)
(-3.9874, -5.8612, 1.0376)
(-4.3716, -6.3083, 0.8038)
(-5.1543, -6.1406, 0.9096)
(-3.6954, -4.9091, -0.4551)
(-4.0363, -4.7634, -0.4615)
(-4.6485, -4.8841, -0.4306)
(-5.1298, -5.2287, -0.209)
(-5.4409, -5.605, 0.236)
(-5.455, -5.9425, 0.6995)
(-2.1688, 2.601, -3.7458)
(-2.0239, 2.2987, -3.3154)
(-1.7425, 1.9197, -3.0056)
(-1.6705, 1.7299, -2.58)
(-1.9882, 1.8459, -2.216)
(-2.1426, 1.9562, -1.7022)
(-2.1458, 1.9217, -1.1709)
(-2.2562, 1.67, -0.7576)
(-2.2505, 1.3786, -0.2607)
(-2.2123, 1.1096, 0.28)
(-2.1785, 0.847, 0.8256)
(-2.1338, 0.5794, 1.3689)
(-2.0814, 0.3085, 1.9107)
(-2.0053, 0.022, 2.4389)
(-1.8448, -0.299, 2.886)
(-1.6855, -0.5506, 3.1864)
(-2.1821, 2.7761, -4.1553)
(-2.4936, 2.1971, -4.3648)
(-2.7225, 1.5864, -4.5954)
(-2.8589, 0.9642, -4.8498)
(-2.7692, 0.3725, -5.1414)
(-2.354, -0.0035, -5.4344)
(-1.8554, -0.1432, -5.6433)
(-4.7894, -6.1886, 0.9157)
(-4.3248, -5.9837, 1.0192)
(-3.8717, -5.4956, 1.27)
(-3.5202, -5.1196, 1.6922)
(-3.138, -4.7535, 2.0935)
(-2.7259, -4.2714, 2.369)
(-2.3118, -3.7918, 2.6547)
(-1.8946, -3.3026, 2.92)
(-1.6362, -2.9094, 3.134)
(-1.7251, -0.2958, -5.2732)
(-2.2298, -0.1572, -5.0426)
(-2.6654, 0.2078, -4.747)
(-2.7881, 0.7884, -4.4523)
(-2.6897, 1.4157, -4.1921)
(-2.4879, 2.0314, -3.9576)
(-1.6158, -0.5783, -4.7849)
(-2.0807, -0.3727, -4.5377)
(-2.4885, 0.0335, -4.2562)
(-2.6399, 0.5879, -3.9621)
(-2.6169, 1.187, -3.6741)
(-2.4268, 1.7845, -3.4589)
(-1.4988, -0.7441, -4.3562)
(-1.8904, -0.4374, -4.0998)
(-2.1436, 0.0793, -3.8739)
(-2.2972, 0.5146, -3.5603)
(-2.433, 0.9376, -3.1732)
(-2.2336, 1.462, -3.0236)
(-1.3109, -0.4269, -4.2504)
(-1.6418, -0.1474, -3.9506)
(-1.8021, 0.3109, -3.6141)
(-1.9086, 0.5552, -3.2168)
(-2.1143, 0.7668, -2.7816)
(-2.0347, 1.2104, -2.5969)
(-1.1663, -0.481, -3.7844)
(-1.4657, -0.1882, -3.4845)
(-1.6268, 0.2257, -3.1264)
(-1.7327, 0.6398, -2.8254)
(-1.8668, 0.9347, -2.4414)
(-2.0053, 1.2742, -2.1914)
(-1.1219, -0.7221, -3.174)
(-1.3988, -0.3815, -2.9083)
(-1.5755, 0.0694, -2.6121)
(-1.7219, 0.5593, -2.3424)
(-1.7643, 1.0438, -2.0411)
(-1.9227, 1.4504, -1.7676)
(-1.3042, -1.1292, -2.7098)
(-1.6221, -0.7631, -2.5149)
(-1.8088, -0.2745, -2.2371)
(-1.8092, 0.2405, -1.9219)
(-1.799, 0.7904, -1.6066)
(-1.9462, 1.3489, -1.3146)
(-1.4901, -1.5411, -2.2486)
(-1.7904, -1.1475, -2.0701)
(-1.937, -0.6413, -1.797)
(-1.963, -0.1035, -1.4904)
(-2.0853, 0.4758, -1.2222)
(-2.2671, 1.082, -0.9836)
(-1.6582, -1.9419, -1.7826)
(-1.9231, -1.5153, -1.6012)
(-2.1123, -0.9795, -1.3518)
(-2.2349, -0.415, -1.0833)
(-2.3657, 0.1794, -0.8076)
(-2.4231, 0.7941, -0.5273)
(-1.8287, -2.3343, -1.3176)
(-2.0296, -1.866, -1.1228)
(-2.1873, -1.297, -0.8639)
(-2.2999, -0.7081, -0.589)
(-2.386, -0.099, -0.2952)
(-2.3963, 0.5206, 0.0045)
(-2.0416, -2.7109, -0.8542)
(-2.1179, -2.1832, -0.6301)
(-2.1529, -1.5827, -0.3487)
(-2.1936, -0.969, -0.0624)
(-2.2634, -0.3526, 0.2399)
(-2.3208, 0.2622, 0.5472)
(-3.7461, -5.0275, -0.2327)
(-3.5492, -4.8042, 0.0355)
(-3.0514, -4.2785, -0.1123)
(-2.6143, -3.6895, -0.4219)
(-2.3951, -3.0366, -0.4154)
(-2.3158, -2.4305, -0.1315)
(-2.2331, -1.8319, 0.179)
(-2.192, -1.2108, 0.4733)
(-2.1922, -0.5972, 0.7799)
(-2.2543, 0.0077, 1.0928)
(-3.8197, -4.8845, -0.2447)
(-3.7257, -4.7708, 0.0286)
(-3.4273, -4.3043, -0.0234)
(-3.1066, -3.7233, -0.138)
(-2.8592, -3.1441, 0.0139)
(-2.6355, -2.6043, 0.3536)
(-2.5005, -2.0266, 0.6789)
(-2.4292, -1.4112, 0.9771)
(-2.3093, -0.823, 1.3042)
(-2.2513, -0.244, 1.6358)
(-4.3256, -4.9278, -0.2753)
(-4.182, -4.8232, 0.0272)
(-3.8804, -4.2938, 0.1724)
(-3.6003, -3.7125, 0.2223)
(-3.3153, -3.2134, 0.4396)
(-3.0114, -2.7518, 0.817)
(-2.8466, -2.1903, 1.1511)
(-2.7288, -1.596, 1.4673)
(-2.5327, -1.0333, 1.8132)
(-2.314, -0.4922, 2.1596)
(-4.8963, -5.0835, -0.1556)
(-4.6813, -4.8843, 0.2031)
(-4.3432, -4.4133, 0.4526)
(-4.04, -3.8967, 0.6263)
(-3.6942, -3.3908, 0.8978)
(-3.3754, -2.9174, 1.269)
(-3.1439, -2.3795, 1.6256)
(-2.8962, -1.8369, 1.9815)
(-2.5661, -1.3154, 2.3439)
(-2.2129, -0.8045, 2.6498)
(-5.2952, -5.371, 0.1816)
(-5.078, -5.1413, 0.5189)
(-4.6764, -4.7287, 0.8026)
(-4.2732, -4.2194, 1.0703)
(-3.8746, -3.7056, 1.3846)
(-3.5336, -3.2052, 1.7438)
(-3.2065, -2.6965, 2.0965)
(-2.8355, -2.1942, 2.4453)
(-2.4073, -1.7061, 2.7948)
(-2.0072, -1.1319, 3.0556)
(-5.3957, -5.6965, 0.6294)
(-5.0696, -5.4547, 0.9242)
(-4.6336, -5.0551, 1.2094)
(-4.1931, -4.582, 1.529)
(-3.7747, -4.0924, 1.8477)
(-3.3827, -3.5953, 2.1396)
(-2.9923, -3.1047, 2.4469)
(-2.5879, -2.6204, 2.7561)
(-2.2173, -2.2007, 3.0352)
(-5.1297, -6.0164, 0.9095)
(-4.7014, -5.761, 1.0858)
(-4.2184, -5.324, 1.3487)
(-3.8229, -4.9063, 1.7419)
(-3.4647, -4.4813, 2.1026)
(-3.047, -3.9884, 2.3463)
(-2.6304, -3.5015, 2.6124)
(-2.2214, -3.0201, 2.8896)
(-1.899, -2.6224, 3.1434)
(-1.9225, -2.2635, 3.2206)
(-2.2216, -2.6133, 2.9812)
(-2.6107, -3.0703, 2.6955)
(-3.0194, -3.5567, 2.4093)
(-3.4279, -4.0482, 2.1374)
(-3.8317, -4.5351, 1.8637)
(-4.2193, -4.9731, 1.4801)
(-4.6791, -5.4216, 1.1767)
(-5.1137, -5.7668, 0.9168)
(-2.1194, -1.7399, 3.0883)
(-2.5277, -2.1698, 2.7838)
(-2.9355, -2.6481, 2.458)
(-3.3141, -3.1425, 2.1278)
(-3.6728, -3.6426, 1.7925)
(-4.0601, -4.1452, 1.4702)
(-4.5, -4.6534, 1.1625)
(-4.9233, -5.1162, 0.8784)
(-5.2999, -5.4337, 0.5748)
(-1.9462, -0.6976, 2.9511)
(-2.2941, -1.2366, 2.7481)
(-2.7051, -1.7479, 2.4081)
(-3.0618, -2.26, 2.0463)
(-3.3504, -2.7844, 1.6892)
(-3.6437, -3.2954, 1.3228)
(-4.0021, -3.7806, 0.9729)
(-4.3711, -4.3147, 0.7276)
(-4.7191, -4.7817, 0.4887)
(-5.0638, -5.1494, 0.175)
(-2.122, -0.3889, 2.5573)
(-2.4332, -0.8997, 2.2536)
(-2.7181, -1.4299, 1.9015)
(-2.9356, -1.9859, 1.552)
(-3.0956, -2.5582, 1.2188)
(-3.3495, -3.0669, 0.8529)
(-3.6919, -3.5113, 0.5108)
(-3.9706, -4.06, 0.3651)
(-4.2757, -4.5884, 0.2181)
(-4.5602, -4.9977, -0.0644)
(-2.2077, -0.0877, 2.0535)
(-2.3475, -0.6448, 1.7307)
(-2.5148, -1.2087, 1.385)
(-2.6343, -1.8035, 1.0648)
(-2.7236, -2.4066, 0.762)
(-2.9478, -2.9316, 0.4032)
(-3.2311, -3.4255, 0.0901)
(-3.4852, -4.0055, 0.034)
(-3.8064, -4.5658, 0.0687)
(-4.0063, -4.9176, -0.0979)
(-2.2239, 0.1724, 1.513)
(-2.2195, -0.4178, 1.208)
(-2.2548, -1.0115, 0.8843)
(-2.3188, -1.6253, 0.5805)
(-2.3929, -2.2368, 0.2797)
(-2.5466, -2.8093, -0.0522)
(-2.7152, -3.4176, -0.2884)
(-3.0404, -4.0068, -0.2061)
(-3.4264, -4.5626, 0.0274)
(-3.7293, -4.9105, -0.0583)
(-2.2659, 0.4335, 0.9668)
(-2.2508, -0.1699, 0.6655)
(-2.179, -0.7837, 0.3568)
(-2.1638, -1.4042, 0.0605)
(-2.1814, -2.0184, -0.2305)
(-2.21, -2.6078, -0.5189)
(-2.1749, -3.1767, -0.7309)
(-2.3129, 0.6926, 0.4206)
(-2.3578, 0.0812, 0.1244)
(-2.2911, -0.5357, -0.1796)
(-2.2121, -1.1447, -0.4706)
(-2.1237, -1.7403, -0.7447)
(-2.0021, -2.2976, -0.9951)
(-1.8362, -2.7272, -1.1558)
(-2.3586, 0.9569, -0.1229)
(-2.4341, 0.3459, -0.412)
(-2.3574, -0.2671, -0.7052)
(-2.2387, -0.8561, -0.9819)
(-2.0863, -1.4216, -1.2413)
(-1.8637, -1.9378, -1.4697)
(-1.619, -2.3162, -1.6158)
(-2.3672, 1.2367, -0.6467)
(-2.3258, 0.6307, -0.9002)
(-2.1682, 0.027, -1.1546)
(-2.0567, -0.5417, -1.4322)
(-1.9659, -1.0777, -1.713)
(-1.7189, -1.5591, -1.9376)
(-1.4306, -1.8995, -2.0787)
(-2.1748, 1.5215, -1.04)
(-1.9992, 0.9266, -1.2747)
(-1.8751, 0.3406, -1.5537)
(-1.8817, -0.2023, -1.8635)
(-1.8349, -0.7162, -2.1751)
(-1.5627, -1.1725, -2.4038)
(-1.2428, -1.4765, -2.5483)
(-2.0484, 1.6795, -1.4456)
(-1.7777, 1.2027, -1.6652)
(-1.771, 0.6806, -1.9794)
(-1.7228, 0.1627, -2.2716)
(-1.6114, -0.3261, -2.5655)
(-1.3466, -0.7594, -2.8223)
(-1.0464, -1.0393, -3.0282)
(-2.0907, 1.6201, -1.9688)
(-1.8424, 1.1868, -2.0739)
(-1.7815, 0.8552, -2.4439)
(-1.6262, 0.3871, -2.7058)
(-1.5077, -0.0554, -3.0187)
(-1.2651, -0.4504, -3.3334)
(-0.9716, -0.6836, -3.6008)
(-1.9326, 1.4715, -2.4032)
(-2.0284, 0.9851, -2.442)
(-1.8802, 0.7043, -2.837)
(-1.7312, 0.4793, -3.2127)
(-1.6513, 0.0834, -3.5813)
(-1.3959, -0.2992, -3.9231)
(-1.0583, -0.4717, -4.1957)
(-1.8838, 1.5394, -2.8072)
(-2.2725, 1.0707, -2.8481)
(-2.1925, 0.6214, -3.1535)
(-2.0062, 0.4201, -3.6044)
(-1.8925, -0.0547, -3.8782)
(-1.5931, -0.4752, -4.1774)
(-1.218, -0.6774, -4.415)
(-2.1298, 1.8744, -3.1908)
(-2.4909, 1.3571, -3.3041)
(-2.5324, 0.7802, -3.5634)
(-2.4237, 0.2894, -3.9188)
(-2.1917, -0.2446, -4.1485)
(-1.7728, -0.6041, -4.4214)
(-1.367, -0.8086, -4.6259)
(-2.3149, 2.2045, -3.6066)
(-2.5857, 1.6187, -3.8231)
(-2.71, 0.9923, -4.0696)
(-2.7045, 0.3835, -4.3545)
(-2.4073, -0.1132, -4.6539)
(-1.8981, -0.3594, -4.9323)
(-1.4607, -0.4801, -5.1324)
(-2.3534, 2.4159, -4.0606)
(-2.6096, 1.8161, -4.2879)
(-2.784, 1.1939, -4.5282)
(-2.813, 0.5773, -4.8059)
(-2.5439, 0.0693, -5.1057)
(-2.0245, -0.1554, -5.3739)
(-1.5765, -0.2458, -5.5469)
(-1.6716, -2.6235, 3.2493)
(-1.8777, -2.9542, 3.0375)
(-2.2566, -3.4134, 2.7768)
(-2.6728, -3.8991, 2.5067)
(-3.0914, -4.3838, 2.2423)
(-3.4909, -4.8486, 1.9611)
(-3.83, -5.1978, 1.504)
(-4.2594, -5.6579, 1.1854)
(-4.7474, -6.0432, 0.9826)
(-0.9816, -0.5457, -3.9976)
(-1.1291, -0.3858, -4.5186)
(-1.4953, -0.3056, -5.3874)
(-3.8141, -4.9532, -0.0278)
(-3.2395, -4.5605, 0.0388)
(-2.3561, -3.4193, -0.5443)
(-1.9363, -2.9345, -0.9325)
(-2.8158, -3.959, -0.3043)
(-1.33, -1.6875, -2.3053)
(-1.143, -1.2533, -2.7758)
(-4.5873, -6.2258, 0.9121)
(-1.308, -0.9635, -4.3743)
(-4.077, -5.7618, 1.1394)
(-3.7105, -5.2547, 1.4285)
(-3.3338, -5.0056, 1.9552)
(-2.9243, -4.5081, 2.2145)
(-1.7045, -2.525, -1.3868)
(-2.5091, -4.0345, 2.5131)
(-2.0931, -3.5495, 2.7899)
(-0.9434, -0.7883, -3.2591)
(-1.6738, -3.0576, 3.0462)
(-1.4082, -0.6553, -4.8885)
(-1.5132, -2.1103, -1.8438)
(2.5687, 0.7973, -5.4783)
(2.3247, 1.2377, -5.0682)
(2.3774, 1.6229, -4.692)
(2.6181, 2.1171, -4.374)
(2.507, 2.7205, -4.1681)
(2.1691, 3.3, -4.0613)
(2.7068, 0.5513, -5.0555)
(2.4534, 0.9565, -4.6852)
(1.8449, 3.7571, -3.9416)
(2.3026, 1.3395, -4.3332)
(2.3423, 1.8913, -4.0542)
(2.2448, 2.5235, -3.8492)
(2.0119, 3.1233, -3.6587)
(1.8023, 3.5918, -3.4827)
(2.8344, 0.2742, -4.5404)
(2.6355, 0.7224, -4.2012)
(2.3204, 1.1581, -3.8583)
(2.1831, 1.7331, -3.6202)
(2.1112, 2.3707, -3.4462)
(1.9039, 2.9389, -3.1864)
(1.8074, 3.3691, -2.9529)
(2.9314, 0.0087, -4.0125)
(2.8971, 0.5666, -3.7185)
(2.6318, 1.1052, -3.398)
(2.4362, 1.6734, -3.1266)
(2.2447, 2.2233, -3.0228)
(1.9434, 2.6927, -2.9703)
(1.7844, 3.1067, -2.8633)
(2.9567, -0.2239, -3.4655)
(3.0976, 0.3704, -3.2208)
(2.9495, 0.9694, -2.9499)
(2.6976, 1.5284, -2.6534)
(2.3152, 1.959, -2.5884)
(1.9399, 2.3833, -2.7306)
(1.7255, 2.8116, -2.7651)
(2.9055, -0.421, -2.8961)
(3.1499, 0.1537, -2.6665)
(3.0343, 0.7361, -2.4203)
(2.7007, 1.2582, -2.1599)
(2.3749, 1.7347, -2.0818)
(2.0106, 2.1762, -2.1505)
(1.6676, 2.5055, -2.1577)
(2.8228, -0.5887, -2.3192)
(3.1344, -0.0373, -2.0969)
(3.1, 0.5544, -1.8851)
(2.8111, 1.1045, -1.6901)
(2.5239, 1.6247, -1.5895)
(2.1404, 2.0571, -1.5495)
(1.7084, 2.3584, -1.4961)
(2.7052, -0.7321, -1.7393)
(3.0536, -0.1912, -1.5198)
(3.1422, 0.4343, -1.3237)
(2.9768, 1.0455, -1.1616)
(2.6474, 1.5554, -1.0333)
(2.2324, 2.0014, -0.9324)
(1.8647, 2.3763, -0.855)
(2.5699, -0.8666, -1.1606)
(2.9364, -0.3301, -0.9412)
(3.0648, 0.2885, -0.7439)
(2.9264, 0.908, -0.579)
(2.6482, 1.457, -0.4386)
(2.3134, 1.9677, -0.3176)
(2.0054, 2.3922, -0.2251)
(2.455, -1.0175, -0.5843)
(2.8435, -0.474, -0.3615)
(3.0304, 0.1421, -0.1629)
(2.9187, 0.7809, 0.0032)
(2.6683, 1.3744, 0.1512)
(2.3932, 1.9443, 0.2874)
(2.1353, 2.4155, 0.3967)
(2.3862, -1.1985, -0.0156)
(2.7918, -0.6345, 0.2185)
(3.0585, -0.0033, 0.4258)
(3.0172, 0.678, 0.5894)
(2.7762, 1.3276, 0.7326)
(2.5029, 1.9433, 0.8788)
(2.2562, 2.4565, 1.013)
(2.2203, -1.3061, 0.5277)
(2.6259, -0.7383, 0.7702)
(2.9583, -0.1209, 0.996)
(3.0312, 0.5695, 1.1703)
(2.8567, 1.2656, 1.3097)
(2.6135, 1.9278, 1.4593)
(2.3763, 2.5425, 1.6317)
(1.9326, -1.3273, 1.0562)
(2.3243, -0.772, 1.2926)
(2.6683, -0.1804, 1.5192)
(2.8358, 0.4808, 1.7152)
(2.8173, 1.1765, 1.8785)
(2.7256, 1.8687, 2.0229)
(2.6072, 2.5661, 2.1787)
(2.5697, 3.2005, 2.4633)
(1.6441, -1.3547, 1.5946)
(2.0187, -0.8046, 1.8144)
(2.3176, -0.2086, 2.0069)
(2.4753, 0.4442, 2.173)
(2.5994, 3.6741, 2.9015)
(2.5422, 1.1222, 2.3308)
(2.5792, 1.808, 2.4784)
(2.6582, 4.0451, 3.4322)
(2.5932, 2.4973, 2.6164)
(2.7461, 4.4088, 3.7921)
(2.6117, 3.1732, 2.7741)
(1.3617, -1.385, 2.1405)
(1.7321, -0.8442, 2.3577)
(2.0645, -0.2598, 2.5344)
(2.6416, 3.7101, 2.9513)
(2.3031, 0.3847, 2.6509)
(2.4525, 1.0556, 2.7452)
(2.6365, 4.1525, 3.2427)
(2.5651, 1.7317, 2.8531)
(2.6528, 2.4126, 2.9654)
(2.6216, 4.602, 3.5305)
(1.1345, -1.4093, 2.5917)
(2.7317, 3.0901, 3.0866)
(1.4641, -0.8677, 2.8738)
(2.8274, 3.6973, 3.1817)
(1.8228, -0.2719, 3.0855)
(2.2021, 0.3675, 3.1894)
(2.5125, 1.0135, 3.2682)
(2.9042, 4.2606, 3.277)
(2.7562, 1.6682, 3.3402)
(2.9051, 4.7758, 3.3678)
(2.9384, 2.3412, 3.3976)
(3.047, 3.0289, 3.4641)
(3.0605, 3.6868, 3.6129)
(1.587, -0.1233, 3.6112)
(1.9532, 0.4552, 3.7172)
(2.3171, 1.072, 3.8203)
(3.1349, 4.311, 3.7404)
(2.6457, 1.697, 3.9099)
(3.2816, 4.8393, 3.7155)
(2.9272, 2.3433, 3.978)
(3.1151, 3.0382, 4.0399)
(3.258, 3.7185, 4.1327)
(1.3548, 0.0984, 4.0816)
(1.6528, 0.6017, 4.1836)
(2.0027, 1.2014, 4.296)
(3.4261, 4.3403, 4.2153)
(2.3497, 1.812, 4.3994)
(3.5993, 4.8555, 4.2021)
(2.6905, 2.4321, 4.4998)
(2.9947, 3.1064, 4.5854)
(1.0608, 0.2885, 4.3824)
(1.3029, 0.769, 4.4854)
(3.3, 3.7611, 4.6626)
(1.6506, 1.3566, 4.609)
(2.0021, 1.9519, 4.7244)
(3.6057, 4.3335, 4.7177)
(2.3598, 2.5434, 4.8529)
(3.8223, 4.8227, 4.7181)
(2.7072, 3.162, 4.9585)
(3.0701, 3.7738, 5.0438)
(3.4401, 4.3336, 5.1404)
(3.737, 4.7488, 5.1471)
(3.2804, 4.8749, 5.5389)
(3.0807, 4.4361, 3.9207)
(2.9795, 4.7552, 3.9135)
(2.7236, 5.1151, 4.0811)
(2.5408, 5.3565, 4.5973)
(2.5513, 5.3737, 5.1931)
(2.8951, 5.1543, 5.5127)
(0.2292, 0.6943, 4.4074)
(0.5262, 1.1946, 4.5075)
(0.8766, 1.7771, 4.644)
(1.2332, 2.3592, 4.7711)
(1.5994, 2.9378, 4.8656)
(1.9798, 3.489, 5.0356)
(2.3247, 4.0341, 5.2254)
(2.6447, 4.6351, 5.3778)
(-0.2291, 0.8816, 4.1262)
(0.1047, 1.4659, 4.2343)
(0.4781, 2.058, 4.3414)
(0.8602, 2.6314, 4.4365)
(1.215, 3.2165, 4.5384)
(1.5996, 3.7832, 4.7277)
(1.9702, 4.304, 4.9351)
(2.2954, 4.8555, 5.0975)
(-1.3564, 0.0662, 3.2567)
(-0.9305, 0.5326, 3.4819)
(-0.5237, 1.081, 3.6513)
(-0.1248, 1.6863, 3.749)
(0.2943, 2.2451, 3.8287)
(0.7201, 2.7789, 3.9)
(1.1091, 3.3229, 3.9994)
(1.4947, 3.8615, 4.1608)
(1.8952, 4.3765, 4.3582)
(2.2694, 4.8666, 4.5243)
(-1.4641, 0.3043, 2.8418)
(-1.0096, 0.7686, 2.9595)
(-0.599, 1.3071, 3.0749)
(-0.1404, 1.8241, 3.1659)
(0.3553, 2.2874, 3.2501)
(0.8312, 2.7651, 3.3215)
(1.2824, 3.2607, 3.419)
(1.6715, 3.7734, 3.5558)
(2.0522, 4.265, 3.8049)
(2.4563, 4.6645, 4.0493)
(-1.5423, 0.5534, 2.3023)
(-1.018, 0.945, 2.3699)
(-0.5634, 1.4459, 2.4758)
(-0.0422, 1.8781, 2.5733)
(0.5284, 2.2434, 2.6762)
(1.0541, 2.6642, 2.7632)
(1.5436, 3.1277, 2.8658)
(1.9553, 3.6092, 3.032)
(2.3259, 3.9932, 3.4174)
(2.715, 4.321, 3.8266)
(-1.6085, 0.8051, 1.755)
(-1.0123, 1.0986, 1.7914)
(-0.4801, 1.5129, 1.8807)
(0.0861, 1.8831, 1.9835)
(0.6902, 2.1977, 2.0941)
(1.2577, 2.5689, 2.1968)
(1.8128, 2.9597, 2.316)
(2.242, 3.3597, 2.6086)
(2.5567, 3.7324, 3.1252)
(2.8631, 4.0845, 3.653)
(-1.6806, 1.1031, 1.2343)
(-1.0404, 1.3355, 1.2547)
(-0.4221, 1.6166, 1.3001)
(0.1853, 1.9221, 1.3933)
(0.7955, 2.2148, 1.5058)
(1.3848, 2.5298, 1.6132)
(1.9512, 2.7846, 1.7123)
(-1.7497, 1.4249, 0.73)
(-1.1259, 1.6882, 0.7778)
(-0.4688, 1.9003, 0.7959)
(0.1643, 2.1518, 0.8672)
(0.771, 2.4134, 0.9687)
(1.3764, 2.6243, 1.0453)
(1.9095, 2.6997, 1.0806)
(-1.8054, 1.7264, 0.2111)
(-1.2226, 2.0599, 0.3106)
(-0.5769, 2.2992, 0.353)
(0.0553, 2.5286, 0.4112)
(0.6661, 2.7213, 0.4745)
(1.2816, 2.7776, 0.4888)
(1.8059, 2.6912, 0.4636)
(-1.8645, 2.0179, -0.3156)
(-1.3008, 2.3868, -0.1934)
(-0.6702, 2.659, -0.1246)
(-0.039, 2.8713, -0.0736)
(0.577, 2.9575, -0.0575)
(1.1795, 2.8606, -0.0927)
(1.6765, 2.6758, -0.1523)
(-1.9352, 2.3132, -0.8339)
(-1.3642, 2.6713, -0.7264)
(-0.7301, 2.9382, -0.657)
(-0.0912, 3.1101, -0.6158)
(0.4976, 3.0509, -0.6244)
(1.0659, 2.8515, -0.687)
(1.544, 2.6549, -0.7768)
(-1.9529, 2.5027, -1.3862)
(-1.3893, 2.8516, -1.295)
(-0.7376, 3.0361, -1.2262)
(-0.1207, 3.0467, -1.1126)
(0.4077, 2.8755, -1.1184)
(0.9529, 2.7211, -1.2614)
(1.4137, 2.5865, -1.3976)
(-1.8508, 2.5115, -1.9592)
(-1.3401, 2.8368, -1.8691)
(-0.6784, 2.8791, -1.7695)
(-0.0712, 2.7966, -1.5709)
(0.4201, 2.7721, -1.5892)
(0.9371, 2.8068, -1.8383)
(1.3839, 2.7167, -2.0293)
(-1.5226, 2.3814, -2.3581)
(-1.127, 2.8273, -2.2936)
(-0.5584, 2.9285, -2.2051)
(0.0315, 2.8972, -1.9999)
(0.5045, 3.0512, -2.0452)
(0.9897, 3.1623, -2.3366)
(1.4327, 3.0659, -2.5723)
(-1.2321, 2.308, -2.7499)
(-0.8266, 2.837, -2.6744)
(-0.4313, 3.2048, -2.5224)
(0.0397, 3.3587, -2.2767)
(0.5812, 3.5113, -2.2431)
(1.1427, 3.5593, -2.4381)
(1.6087, 3.4107, -2.6575)
(-1.3544, 2.5341, -3.1399)
(-0.8356, 2.9672, -3.0884)
(-0.417, 3.4164, -2.8914)
(0.0355, 3.7517, -2.6189)
(0.6367, 3.955, -2.4734)
(1.2568, 3.9548, -2.5708)
(1.7224, 3.7261, -2.7793)
(-1.6514, 2.9406, -3.4124)
(-1.1371, 3.3704, -3.3251)
(-0.606, 3.7665, -3.1667)
(-0.0493, 4.1005, -2.9837)
(0.5632, 4.3103, -2.9133)
(1.1604, 4.2323, -3.0663)
(1.5963, 3.9537, -3.3074)
(-1.7604, 3.2039, -3.762)
(-1.2412, 3.5876, -3.5491)
(-0.6848, 3.8829, -3.2997)
(-0.1098, 4.1803, -3.1882)
(0.4816, 4.4496, -3.2915)
(1.0475, 4.4219, -3.5138)
(1.4917, 4.1554, -3.7499)
(0.6424, 0.5029, 4.5011)
(0.9467, 0.9476, 4.5877)
(1.2944, 1.5254, 4.7247)
(1.6444, 2.1085, 4.8535)
(2.0058, 2.6816, 4.9617)
(2.3636, 3.2413, 5.0761)
(2.7129, 3.8077, 5.1886)
(3.0742, 4.4068, 5.3338)
(2.3372, 0.4691, -5.6412)
(1.7467, 0.478, -5.4388)
(1.1491, 0.4622, -5.2681)
(0.5488, 0.2046, -5.3969)
(-0.0468, -0.0654, -5.593)
(-0.7035, -0.2195, -5.6621)
(2.4254, 0.1651, -5.2406)
(1.8095, 0.1006, -5.1208)
(-1.2677, -0.2394, -5.608)
(1.1735, 0.0988, -4.9273)
(0.559, -0.0579, -4.9693)
(-0.0183, -0.323, -5.1687)
(-0.6491, -0.5084, -5.2525)
(-1.2138, -0.511, -5.1897)
(2.5154, -0.1638, -4.7438)
(1.8903, -0.2915, -4.6935)
(1.2246, -0.2875, -4.4971)
(0.6224, -0.3684, -4.4891)
(0.0664, -0.6233, -4.6748)
(-0.5665, -0.8494, -4.7744)
(-1.128, -0.8416, -4.7142)
(2.5806, -0.4775, -4.2347)
(1.9928, -0.6904, -4.2957)
(1.3609, -0.7029, -4.1323)
(0.7772, -0.6855, -4.051)
(0.1781, -0.788, -4.1541)
(-0.4687, -0.858, -4.3201)
(-1.0058, -0.742, -4.4611)
(2.552, -0.7185, -3.6952)
(1.9932, -1.0406, -3.8797)
(1.3792, -1.1583, -3.8953)
(0.7534, -1.0859, -3.8609)
(0.1589, -0.948, -3.7988)
(-0.3728, -0.7797, -3.8906)
(-0.8441, -0.5679, -4.1892)
(2.4498, -0.8806, -3.1205)
(1.8975, -1.2362, -3.3325)
(1.289, -1.4829, -3.5234)
(0.6435, -1.5413, -3.6638)
(0.0601, -1.3826, -3.6204)
(-0.4021, -1.0773, -3.547)
(-0.7846, -0.7756, -3.6132)
(2.3438, -1.0285, -2.5411)
(1.8006, -1.3937, -2.7584)
(1.2246, -1.6964, -2.9721)
(0.6157, -1.8619, -3.1527)
(0.0009, -1.8093, -3.2317)
(-0.5104, -1.4875, -3.1469)
(-0.8816, -1.1278, -3.0348)
(2.2283, -1.1766, -1.9627)
(1.7068, -1.5694, -2.1867)
(1.1547, -1.9055, -2.4085)
(0.5611, -2.0991, -2.5881)
(-0.048, -2.085, -2.6682)
(-0.597, -1.8466, -2.6175)
(-1.0369, -1.566, -2.5451)
(2.1144, -1.3372, -1.3876)
(1.6299, -1.7737, -1.6215)
(1.0993, -2.1385, -1.8507)
(0.5039, -2.3302, -2.0247)
(-0.1146, -2.3238, -2.1033)
(-0.7101, -2.1648, -2.0974)
(-1.2054, -1.9746, -2.0735)
(2.0293, -1.5308, -0.8205)
(1.5879, -2.0241, -1.0714)
(1.0683, -2.4173, -1.312)
(0.4459, -2.5876, -1.4792)
(-0.2039, -2.5754, -1.5599)
(-0.842, -2.4844, -1.595)
(-1.3788, -2.3712, -1.6101)
(1.9736, -1.7475, -0.2624)
(1.5547, -2.291, -0.5257)
(1.0466, -2.7364, -0.7849)
(0.3967, -2.9208, -0.9745)
(-0.3009, -2.9028, -1.0742)
(-0.9845, -2.838, -1.1305)
(-1.5658, -2.7672, -1.1593)
(1.8119, -1.8636, 0.2809)
(1.4003, -2.4211, 0.0252)
(0.9357, -2.9314, -0.2355)
(0.3206, -3.2116, -0.4585)
(-0.3961, -3.2466, -0.6028)
(-1.1123, -3.2122, -0.6894)
(-1.7898, -3.186, -0.7374)
(1.5357, -1.8754, 0.8172)
(1.1385, -2.4186, 0.5742)
(0.7174, -2.9385, 0.3262)
(0.1617, -3.2674, 0.0975)
(-0.5141, -3.3993, -0.0734)
(-1.1954, -3.5061, -0.2091)
(-1.8596, -3.6296, -0.3756)
(-2.4694, -3.89, -0.4503)
(1.2555, -1.892, 1.3615)
(0.8716, -2.4268, 1.1229)
(0.481, -2.9474, 0.8803)
(0.0077, -3.3438, 0.626)
(-3.004, -4.2585, -0.3034)
(-0.5541, -3.6208, 0.3779)
(-1.1411, -3.8764, 0.136)
(-3.5373, -4.5828, -0.0975)
(-1.7136, -4.121, -0.16)
(-3.9795, -4.693, -0.0508)
(-2.2938, -4.3581, -0.4354)
(0.9735, -1.916, 1.9086)
(0.5827, -2.4368, 1.6735)
(0.1931, -2.9632, 1.4164)
(-2.921, -4.5294, -0.5047)
(-0.2154, -3.4664, 1.1202)
(-0.664, -3.8988, 0.8)
(-3.5385, -4.633, -0.3616)
(-1.1537, -4.2618, 0.468)
(-1.6716, -4.5743, 0.125)
(-4.0605, -4.6894, -0.2726)
(0.7495, -1.9432, 2.3614)
(-2.2138, -4.8537, -0.2031)
(0.3092, -2.4466, 2.1925)
(-2.8224, -5.0387, -0.4274)
(-0.1537, -2.9376, 1.9391)
(-0.5876, -3.4398, 1.5954)
(-1.0089, -3.9269, 1.2701)
(-3.4852, -5.0838, -0.4943)
(-1.4406, -4.3774, 0.944)
(-4.0523, -5.0711, -0.5035)
(-1.9007, -4.7726, 0.5937)
(-2.3958, -5.107, 0.2279)
(-2.9042, -5.4211, -0.0786)
(-0.5485, -3.0155, 2.3886)
(-0.9714, -3.441, 2.0526)
(-1.408, -3.9, 1.7183)
(-3.4832, -5.6109, -0.2644)
(-1.8307, -4.3672, 1.4023)
(-4.042, -5.6486, -0.3574)
(-2.2592, -4.8172, 1.0759)
(-2.7353, -5.1977, 0.7139)
(-3.1842, -5.5923, 0.3644)
(-0.9847, -3.0901, 2.7604)
(-1.3596, -3.4597, 2.4905)
(-1.7975, -3.8976, 2.171)
(-3.6239, -5.9749, 0.1053)
(-2.2255, -4.353, 1.8538)
(-4.0773, -6.1767, -0.084)
(-2.6421, -4.8261, 1.5411)
(-3.0881, -5.2624, 1.1871)
(-1.3583, -3.0287, 3.0207)
(-1.7183, -3.3787, 2.8074)
(-3.5181, -5.6793, 0.8249)
(-2.1415, -3.8422, 2.5212)
(-2.5651, -4.3062, 2.2179)
(-3.8969, -6.1443, 0.5525)
(-2.9816, -4.7834, 1.9197)
(-4.2506, -6.4922, 0.3262)
(-3.3973, -5.2045, 1.5537)
(-3.7937, -5.6217, 1.18)
(-4.1905, -6.0969, 0.9148)
(-4.4918, -6.4749, 0.6997)
(-4.9582, -6.1145, 0.9361)
(-3.7373, -4.9395, -0.2382)
(-4.0346, -4.886, -0.2655)
(-4.6232, -4.9906, -0.2423)
(-5.1249, -5.2159, -0.0118)
(-5.393, -5.5305, 0.4083)
(-5.2925, -5.8688, 0.8042)
(-2.0636, -2.4284, 3.1055)
(-2.4079, -2.8316, 2.8419)
(-2.8154, -3.3131, 2.5511)
(-3.2232, -3.8013, 2.2699)
(-3.633, -4.2966, 2.0111)
(-4.0209, -4.7558, 1.6748)
(-4.4433, -5.2003, 1.3171)
(-4.907, -5.6155, 1.0424)
(-2.3256, -1.9514, 2.9355)
(-2.7327, -2.4039, 2.6235)
(-3.1292, -2.8947, 2.2933)
(-3.4933, -3.3922, 1.9598)
(-3.8593, -3.893, 1.6296)
(-4.2781, -4.4002, 1.3134)
(-4.7129, -4.8971, 1.0196)
(-5.1321, -5.2965, 0.7312)
(-1.7629, -0.4326, 3.0489)
(-2.1184, -0.9679, 2.858)
(-2.5005, -1.4952, 2.5869)
(-2.8931, -2.0022, 2.2269)
(-3.2111, -2.5216, 1.8678)
(-3.4909, -3.0446, 1.5077)
(-3.8165, -3.5345, 1.1385)
(-4.1901, -4.048, 0.8406)
(-4.5414, -4.5568, 0.6143)
(-4.9118, -4.993, 0.3427)
(-1.9313, -0.1412, 2.6795)
(-2.2846, -0.6422, 2.414)
(-2.5799, -1.162, 2.0804)
(-2.838, -1.7041, 1.724)
(-3.0136, -2.2742, 1.3864)
(-3.2058, -2.8252, 1.0409)
(-3.5214, -3.284, 0.6643)
(-3.8361, -3.7783, 0.4208)
(-4.1171, -4.3274, 0.3047)
(-4.4351, -4.84, 0.0928)
(-2.0518, 0.1705, 2.1793)
(-2.2898, -0.3635, 1.8999)
(-2.4274, -0.925, 1.5568)
(-2.5848, -1.5016, 1.2203)
(-2.6707, -2.1101, 0.9167)
(-2.819, -2.6795, 0.5883)
(-3.0919, -3.1725, 0.2242)
(-3.354, -3.7083, 0.0326)
(-3.646, -4.2956, 0.0612)
(-3.9303, -4.7948, 0.0167)
(-2.1081, 0.4442, 1.64)
(-2.2399, -0.1199, 1.3659)
(-2.2259, -0.7138, 1.0454)
(-2.2878, -1.3159, 0.7296)
(-2.3485, -1.9354, 0.4335)
(-2.4645, -2.5238, 0.1134)
(-2.6231, -3.1082, -0.1975)
(-2.8618, -3.715, -0.2836)
(-3.2328, -4.2965, -0.0781)
(-3.6077, -4.7749, 0.0314)
(-2.1577, 0.7138, 1.0975)
(-2.2836, 0.1351, 0.8197)
(-2.2102, -0.4761, 0.5103)
(-2.1651, -1.0936, 0.2069)
(-2.1691, -1.7133, -0.0839)
(-2.1994, -2.317, -0.3803)
(-2.2007, -2.8917, -0.6329)
(-2.1959, 0.9786, 0.5529)
(-2.3599, 0.3902, 0.2755)
(-2.33, -0.2279, -0.0283)
(-2.2516, -0.8417, -0.3275)
(-2.1705, -1.444, -0.6089)
(-2.0683, -2.0311, -0.878)
(-1.924, -2.5247, -1.0843)
(-2.2302, 1.242, 0.0082)
(-2.423, 0.6552, -0.2648)
(-2.4067, 0.0372, -0.5598)
(-2.3006, -0.5649, -0.846)
(-2.17, -1.1414, -1.1135)
(-1.9815, -1.6935, -1.3638)
(-1.7422, -2.1396, -1.5504)
(-2.268, 1.5219, -0.5215)
(-2.3772, 0.9369, -0.7738)
(-2.2482, 0.3258, -1.0257)
(-2.1031, -0.2621, -1.2905)
(-2.0224, -0.8131, -1.5756)
(-1.8582, -1.3327, -1.8359)
(-1.5747, -1.7421, -2.0152)
(-2.1991, 1.814, -0.9613)
(-2.0954, 1.2244, -1.1473)
(-1.9202, 0.6299, -1.4105)
(-1.8695, 0.0641, -1.7051)
(-1.8817, -0.4622, -2.0246)
(-1.7188, -0.9599, -2.3022)
(-1.402, -1.3383, -2.4824)
(-2.1401, 1.9651, -1.4233)
(-1.8979, 1.435, -1.531)
(-1.7545, 0.948, -1.8211)
(-1.7582, 0.4177, -2.1274)
(-1.6811, -0.0849, -2.4197)
(-1.493, -0.5578, -2.7005)
(-1.1973, -0.9142, -2.9302)
(-2.1001, 1.9139, -1.9775)
(-1.9703, 1.3782, -1.987)
(-1.8004, 1.028, -2.2503)
(-1.7115, 0.6313, -2.5845)
(-1.5695, 0.1599, -2.8536)
(-1.4015, -0.2668, -3.1814)
(-1.1211, -0.5839, -3.4714)
(-1.8124, 1.7665, -2.4007)
(-2.0117, 1.2052, -2.3921)
(-1.9727, 0.8229, -2.6132)
(-1.7927, 0.6039, -3.0342)
(-1.6991, 0.2979, -3.3956)
(-1.5448, -0.1269, -3.7611)
(-1.231, -0.409, -4.0618)
(-1.6544, 1.785, -2.7969)
(-2.1174, 1.3081, -2.8097)
(-2.2792, 0.8197, -2.9646)
(-2.0889, 0.523, -3.3878)
(-1.9571, 0.2097, -3.7537)
(-1.7649, -0.293, -4.026)
(-1.4076, -0.5936, -4.3044)
(-1.8837, 2.1041, -3.1618)
(-2.3439, 1.6276, -3.2342)
(-2.5444, 1.0635, -3.4128)
(-2.4897, 0.5332, -3.7474)
(-2.3309, 0.0175, -4.0404)
(-1.9943, -0.4528, -4.2825)
(-1.5637, -0.7122, -4.5356)
(-2.1192, 2.4678, -3.5193)
(-2.4709, 1.92, -3.7099)
(-2.662, 1.3071, -3.9421)
(-2.7334, 0.6817, -4.2082)
(-2.5951, 0.1094, -4.5038)
(-2.1588, -0.2632, -4.8009)
(-1.6686, -0.4273, -5.0389)
(-2.1843, 2.6985, -3.957)
(-2.4931, 2.1204, -4.1721)
(-2.7082, 1.5064, -4.4051)
(-2.8267, 0.8816, -4.6623)
(-2.7204, 0.2951, -4.9556)
(-2.2939, -0.0733, -5.2491)
(-1.7873, -0.2081, -5.4708)
(-1.759, -2.7779, 3.1482)
(-2.0532, -3.173, 2.9109)
(-2.4643, -3.6565, 2.6416)
(-2.8818, -4.1406, 2.3717)
(-3.2988, -4.6278, 2.1179)
(-3.6586, -5.023, 1.7366)
(-4.0316, -5.4194, 1.3254)
(-4.5071, -5.8777, 1.0699)
