(-0.8677, -2.5401, -5.647)
(-0.2268, -2.4999, -5.5987)
(0.4326, -2.3021, -5.5124)
(1.0867, -2.0802, -5.4238)
(1.7264, -1.8204, -5.3174)
(-0.9101, -2.665, -5.226)
(-0.2495, -2.636, -5.1822)
(2.2962, -1.5211, -5.1809)
(0.4154, -2.4501, -5.1011)
(2.6124, -1.2857, -5.0065)
(1.0619, -2.2099, -5.0084)
(1.6691, -1.896, -4.898)
(2.1971, -1.5393, -4.762)
(2.5983, -1.2195, -4.6653)
(-0.9797, -2.7687, -4.6733)
(-0.3072, -2.7129, -4.6321)
(0.3533, -2.5047, -4.5618)
(1.0009, -2.2838, -4.4849)
(1.6207, -2.0104, -4.3884)
(2.0955, -1.654, -4.2466)
(2.4081, -1.3103, -4.0889)
(-1.0602, -2.7672, -4.0828)
(-0.3983, -2.6187, -4.0637)
(0.2339, -2.3332, -4.0324)
(0.8376, -2.0998, -3.9902)
(1.4921, -1.9027, -3.9116)
(2.0667, -1.8054, -3.832)
(2.5244, -1.6788, -3.6158)
(-1.1249, -2.755, -3.4867)
(-0.4658, -2.6499, -3.4776)
(0.1315, -2.3294, -3.446)
(0.7328, -2.1041, -3.3858)
(1.3365, -1.8819, -3.3832)
(1.8151, -1.6378, -3.536)
(2.1046, -1.2459, -3.6064)
(-1.1798, -2.7481, -2.8873)
(-0.5324, -2.6707, -2.8897)
(0.03, -2.3399, -2.8823)
(0.6401, -2.1859, -2.808)
(1.2225, -1.9542, -2.7969)
(1.6297, -1.6264, -2.9768)
(1.9293, -1.3031, -2.9786)
(-1.2165, -2.7259, -2.2864)
(-0.5561, -2.7343, -2.304)
(0.0645, -2.5379, -2.3457)
(0.6962, -2.5046, -2.3751)
(1.2415, -2.2414, -2.3615)
(1.5408, -1.7493, -2.3709)
(1.7468, -1.3374, -2.3448)
(-1.2337, -2.6733, -1.6853)
(-0.5668, -2.7415, -1.7116)
(0.0914, -2.6596, -1.7602)
(0.7172, -2.6469, -1.8061)
(1.2375, -2.3622, -1.7931)
(1.5829, -1.887, -1.7704)
(1.931, -1.5709, -1.7696)
(-1.2275, -2.6044, -1.0858)
(-0.5696, -2.7623, -1.1175)
(0.097, -2.7749, -1.1669)
(0.7176, -2.7326, -1.1998)
(1.2297, -2.4251, -1.1848)
(1.6378, -1.999, -1.1663)
(2.0085, -1.7126, -1.1591)
(-1.192, -2.5027, -0.4918)
(-0.5559, -2.7554, -0.5235)
(0.0989, -2.8805, -0.5745)
(0.7178, -2.804, -0.5993)
(1.2301, -2.4699, -0.5857)
(1.6949, -2.0941, -0.573)
(2.0964, -1.8481, -0.5664)
(-1.129, -2.3728, 0.096)
(-0.5162, -2.6943, 0.0698)
(0.11, -2.9386, 0.0266)
(0.7379, -2.8875, -0.0047)
(1.2755, -2.5584, -0.0038)
(1.7913, -2.2286, -0.0027)
(2.2108, -2.0014, 0.0061)
(-1.0494, -2.2502, 0.6814)
(-0.4639, -2.6372, 0.6635)
(0.1357, -2.9757, 0.6297)
(0.7826, -3.0098, 0.5814)
(1.3741, -2.7256, 0.5527)
(1.9304, -2.4095, 0.542)
(2.3445, -2.1502, 0.5721)
(-0.9063, -2.0316, 1.2258)
(-0.3563, -2.4528, 1.2235)
(0.1838, -2.8604, 1.2201)
(0.8163, -2.9973, 1.169)
(1.4567, -2.8176, 1.1171)
(2.0859, -2.62, 1.0541)
(2.7996, -2.3979, 0.996)
(-0.7239, -1.7666, 1.7456)
(-0.2227, -2.2302, 1.7689)
(0.2242, -2.6947, 1.7985)
(0.8219, -2.8339, 1.7126)
(3.2645, -2.8761, 1.1744)
(1.4695, -2.7947, 1.637)
(2.0965, -2.8387, 1.5046)
(3.923, -3.0427, 1.0806)
(2.6201, -2.9742, 1.196)
(4.1098, -3.6664, 1.2403)
(3.161, -3.179, 1.0646)
(-0.5324, -1.5109, 2.2745)
(-0.0476, -1.9822, 2.3023)
(0.3458, -2.5133, 2.349)
(4.1829, -3.9028, 1.2867)
(0.8643, -2.87, 2.2408)
(3.6549, -3.2932, 1.2682)
(1.4393, -3.0838, 2.0284)
(2.0241, -3.2691, 1.7826)
(3.9721, -3.6107, 1.3255)
(2.5861, -3.4566, 1.4885)
(4.2531, -3.7628, 1.1595)
(3.112, -3.6733, 1.2532)
(-0.3504, -1.2789, 2.7965)
(0.1682, -1.7069, 2.8279)
(0.629, -2.2395, 2.8171)
(3.6534, -3.6911, 1.3221)
(1.116, -2.7293, 2.7179)
(1.6179, -3.1356, 2.5028)
(4.0636, -3.6779, 1.0807)
(2.1242, -3.4885, 2.2232)
(-0.2006, -1.1037, 3.2175)
(4.3922, -3.7876, 0.8026)
(2.6445, -3.7892, 1.9131)
(3.1883, -4.0122, 1.6199)
(0.9986, -1.9266, 3.2101)
(0.4271, -1.3473, 3.4025)
(3.7103, -4.0353, 1.4157)
(1.4984, -2.4217, 3.066)
(1.98, -2.8846, 2.873)
(3.9581, -3.9564, 0.9764)
(2.4451, -3.3367, 2.6498)
(4.213, -4.051, 0.6198)
(2.9082, -3.7294, 2.3849)
(3.3794, -3.8638, 2.0129)
(0.9991, -1.3777, 3.7242)
(1.4319, -1.6833, 3.5566)
(3.7939, -3.8564, 1.5961)
(1.9163, -2.1237, 3.3979)
(2.3803, -2.6138, 3.2338)
(4.1526, -4.0481, 1.1987)
(2.8125, -3.1236, 3.0648)
(4.375, -4.3269, 0.8945)
(3.2128, -3.5258, 2.8105)
(3.5087, -3.6089, 2.3424)
(1.4522, -1.2544, 4.0147)
(1.851, -1.4682, 3.8794)
(3.854, -3.9105, 1.9363)
(2.3331, -1.8591, 3.7076)
(2.7963, -2.3317, 3.5101)
(4.1917, -4.3379, 1.5656)
(3.216, -2.8424, 3.3199)
(1.8013, -1.1944, 4.0995)
(4.3519, -4.6912, 1.268)
(3.5846, -3.318, 3.0707)
(2.1548, -1.2129, 4.122)
(2.6694, -1.6569, 3.9684)
(3.8252, -3.6583, 2.6196)
(3.1389, -2.1104, 3.7097)
(4.1598, -4.0865, 2.2424)
(3.5466, -2.5769, 3.3809)
(3.8946, -3.0806, 3.0428)
(4.4911, -4.5548, 1.9078)
(4.1711, -3.6057, 2.67)
(4.6135, -4.9164, 1.6298)
(4.4782, -4.0924, 2.3754)
(4.8493, -4.8757, 1.8711)
(4.9104, -4.6449, 2.1003)
(1.1418, 1.6011, -4.4655)
(1.7004, 1.2866, -4.3855)
(2.2475, 0.9788, -4.3424)
(2.4363, 0.4087, -4.2468)
(2.7126, -0.1693, -4.4018)
(1.4352, 1.5489, -4.4761)
(1.7336, 1.0892, -4.2208)
(2.9899, -0.7206, -4.5076)
(2.1848, 0.7337, -4.1645)
(2.9346, -1.0693, -4.6836)
(2.5766, 0.3243, -4.087)
(2.6517, -0.2374, -4.1136)
(2.7096, -0.7942, -4.341)
(2.6119, -1.2073, -4.6569)
(1.79, 1.6664, -4.2007)
(2.0682, 1.111, -4.0453)
(2.2066, 0.5939, -3.8329)
(2.4771, 0.078, -3.8146)
(2.6624, -0.4436, -3.7294)
(2.6748, -0.9864, -3.8871)
(2.4234, -1.2991, -4.082)
(1.9457, 1.7664, -3.6691)
(2.299, 1.2104, -3.6133)
(2.4481, 0.5754, -3.485)
(2.4628, -0.068, -3.4235)
(2.406, -0.6517, -3.4096)
(2.555, -1.1521, -3.4916)
(2.5327, -1.6608, -3.6076)
(1.9162, 1.83, -3.1219)
(2.1509, 1.2333, -3.1042)
(2.2245, 0.5498, -3.0482)
(2.1547, -0.1003, -2.9426)
(2.1085, -0.651, -2.9514)
(2.24, -0.9508, -3.3224)
(2.1338, -1.2438, -3.5883)
(1.7168, 1.8656, -2.6943)
(1.8201, 1.1928, -2.7197)
(1.8662, 0.512, -2.7093)
(1.8732, -0.0616, -2.4833)
(1.9199, -0.5721, -2.3582)
(2.0051, -0.8941, -2.7789)
(1.9645, -1.2498, -3.1039)
(1.8737, 1.8878, -2.1829)
(1.9433, 1.2084, -2.2108)
(1.9852, 0.5423, -2.217)
(1.9555, -0.0374, -2.0137)
(1.9714, -0.5525, -1.8796)
(1.9042, -0.9684, -2.1371)
(1.7784, -1.3497, -2.307)
(2.0751, 1.8799, -1.6122)
(2.1777, 1.2079, -1.6519)
(2.2323, 0.5363, -1.6853)
(2.3233, -0.0825, -1.6741)
(2.334, -0.6606, -1.6544)
(2.1062, -1.1454, -1.669)
(1.9554, -1.5721, -1.7637)
(2.1791, 1.8414, -1.0139)
(2.3203, 1.1754, -1.0657)
(2.3861, 0.4983, -1.1096)
(2.4559, -0.1431, -1.1374)
(2.455, -0.7612, -1.1526)
(2.2863, -1.3169, -1.1494)
(2.0257, -1.7018, -1.1606)
(2.1801, 1.7862, -0.4052)
(2.3147, 1.1215, -0.4651)
(2.3804, 0.4416, -0.5134)
(2.4382, -0.2096, -0.5409)
(2.4493, -0.841, -0.558)
(2.341, -1.4267, -0.568)
(2.1126, -1.8364, -0.5713)
(2.0923, 1.7203, 0.1948)
(2.1815, 1.0512, 0.1215)
(2.2496, 0.3722, 0.0705)
(2.332, -0.2875, 0.0434)
(2.3906, -0.9313, 0.0278)
(2.3642, -1.5387, 0.0138)
(2.2275, -1.9906, 0.0012)
(1.9669, 1.6312, 0.7827)
(2.0719, 0.9699, 0.7011)
(2.2178, 0.3183, 0.6491)
(2.3029, -0.3466, 0.6228)
(2.3592, -1.0073, 0.6068)
(2.391, -1.6385, 0.5818)
(2.358, -2.1346, 0.5717)
(1.9027, 1.5108, 1.3715)
(2.1548, 0.8981, 1.2734)
(2.4552, 0.3197, 1.1807)
(2.5345, -0.3399, 1.1606)
(2.5576, -1.0178, 1.1527)
(2.6617, -1.6749, 1.0787)
(2.8188, -2.389, 0.991)
(1.9174, 1.3808, 1.963)
(2.3115, 0.8492, 1.8486)
(2.7086, 0.33, 1.7318)
(2.8564, -0.3103, 1.6719)
(3.2765, -2.8522, 1.2037)
(2.9269, -0.9754, 1.6187)
(3.1146, -1.5939, 1.4474)
(3.9512, -3.0141, 1.0886)
(3.3688, -2.165, 1.2061)
(4.0865, -3.647, 1.3034)
(3.6254, -2.7184, 1.1093)
(1.9323, 1.2263, 2.5538)
(2.4065, 0.7557, 2.4435)
(2.882, 0.2925, 2.3128)
(4.2038, -3.5018, 0.9944)
(3.171, -0.2888, 2.1799)
(3.9997, -3.1882, 1.2008)
(3.3744, -0.9036, 2.0112)
(3.6198, -1.4807, 1.7631)
(4.3338, -3.5881, 1.0848)
(3.8941, -2.0063, 1.4515)
(4.4563, -3.4699, 0.7674)
(4.0981, -2.5983, 1.2856)
(1.8873, 1.0458, 3.1112)
(2.4129, 0.6116, 3.0515)
(2.9505, 0.153, 2.908)
(4.4467, -3.1596, 1.1898)
(3.4038, -0.3534, 2.7213)
(3.7429, -0.9014, 2.4693)
(4.7941, -3.5906, 0.9935)
(4.0423, -1.45, 2.1686)
(1.7875, 0.857, 3.533)
(4.9843, -3.4531, 0.7348)
(4.3395, -1.9828, 1.8443)
(4.584, -2.5644, 1.5874)
(2.9319, -0.0974, 3.4724)
(2.2464, 0.3732, 3.6947)
(4.9202, -3.1195, 1.3949)
(3.4734, -0.5658, 3.2778)
(3.8952, -1.0807, 3.0076)
(5.2983, -3.5716, 1.2056)
(4.2377, -1.6224, 2.6905)
(5.5141, -3.672, 0.8788)
(4.5791, -2.1639, 2.361)
(4.9279, -2.7049, 2.0198)
(2.3903, -0.1311, 3.9881)
(2.832, -0.4828, 3.9047)
(5.2751, -3.2338, 1.7747)
(3.3383, -0.9288, 3.7336)
(3.796, -1.4193, 3.474)
(5.6743, -3.6944, 1.5579)
(4.1896, -1.9375, 3.1658)
(5.8644, -3.9799, 1.2631)
(4.5837, -2.4607, 2.8567)
(4.961, -2.9833, 2.5043)
(2.2193, -0.5681, 4.2146)
(2.5567, -0.9071, 4.1227)
(5.2919, -3.4907, 2.2171)
(3.0266, -1.3428, 3.9651)
(3.4833, -1.8199, 3.7113)
(5.6629, -3.9959, 1.9597)
(3.8781, -2.3168, 3.3847)
(2.1073, -0.8925, 4.2409)
(5.9097, -4.33, 1.7081)
(4.2396, -2.8345, 3.0397)
(2.1931, -1.2005, 4.1363)
(2.7022, -1.6491, 3.9893)
(4.5861, -3.3798, 2.6887)
(3.1576, -2.1066, 3.7217)
(4.9588, -3.862, 2.3888)
(3.5524, -2.5829, 3.4002)
(3.901, -3.0893, 3.0634)
(5.309, -4.365, 2.1492)
(4.1661, -3.6542, 2.6916)
(5.6029, -4.6802, 1.9612)
(4.6103, -4.2359, 2.3195)
(5.2916, -4.789, 2.0852)
(4.9868, -4.6946, 2.1282)
(-1.2708, -2.1415, -5.5381)
(-1.2618, -1.597, -5.2163)
(-1.4687, -1.1138, -4.9587)
(-2.0136, -0.9219, -4.9395)
(-2.3743, -0.4096, -5.0092)
(-2.5054, 0.2584, -5.0938)
(-1.3695, -2.3237, -5.1363)
(-1.3625, -1.7819, -4.8305)
(-1.4791, -1.2526, -4.5542)
(-2.4863, 0.9123, -5.1018)
(-1.9678, -0.9126, -4.514)
(-2.4666, 1.3311, -5.0014)
(-2.3077, -0.363, -4.5922)
(-2.4578, 0.2974, -4.6787)
(-2.5512, 0.9235, -4.6843)
(-2.4738, 1.4171, -4.6652)
(-1.513, -2.5201, -4.6276)
(-1.5807, -1.9859, -4.3702)
(-1.5822, -1.4203, -4.0687)
(-1.8922, -0.9236, -3.9763)
(-2.1165, -0.3084, -4.1009)
(-2.3247, 0.3261, -4.1892)
(-2.585, 0.8829, -4.1404)
(-2.5908, 1.3556, -4.0643)
(-1.6705, -2.6175, -4.0834)
(-1.9733, -2.1177, -3.9897)
(-2.0048, -1.5275, -3.7448)
(-2.0873, -0.9513, -3.5287)
(-2.2208, -0.3518, -3.6302)
(-2.3873, 0.2085, -3.7328)
(-2.5698, 0.78, -3.6721)
(-2.5965, 1.2222, -3.4717)
(-1.7701, -2.5987, -3.5017)
(-2.2581, -2.1793, -3.5156)
(-2.4799, -1.5789, -3.4764)
(-2.5689, -0.9386, -3.4022)
(-2.5503, -0.3461, -3.4187)
(-2.2931, 0.1207, -3.3344)
(-2.2125, 0.6668, -3.4489)
(-2.0633, 1.1488, -3.8505)
(-1.8142, -2.532, -2.9015)
(-2.3479, -2.1218, -2.9369)
(-2.714, -1.5579, -2.9805)
(-2.8746, -0.9312, -3.0054)
(-2.675, -0.358, -2.9678)
(-2.3093, 0.1269, -2.8515)
(-2.1235, 0.6004, -2.931)
(-2.0687, 0.8044, -3.376)
(-1.8367, -2.4591, -2.2969)
(-2.3653, -2.0328, -2.3329)
(-2.7431, -1.472, -2.3896)
(-2.9197, -0.8262, -2.4521)
(-2.8654, -0.1893, -2.4859)
(-2.5733, 0.365, -2.4667)
(-2.1976, 0.7807, -2.4398)
(-2.0721, 1.0895, -2.6392)
(-1.8454, -2.3816, -1.6913)
(-2.3728, -1.9497, -1.7251)
(-2.7584, -1.3949, -1.7829)
(-2.945, -0.7509, -1.852)
(-2.9633, -0.1055, -1.9084)
(-2.8035, 0.4914, -1.9517)
(-2.4753, 0.9749, -1.9752)
(-2.1972, 1.3158, -2.0474)
(-1.8333, -2.2875, -1.0873)
(-2.3687, -1.8612, -1.1167)
(-2.772, -1.321, -1.173)
(-2.9466, -0.6822, -1.2448)
(-2.9288, -0.0436, -1.3038)
(-2.8046, 0.5647, -1.3569)
(-2.5745, 1.1061, -1.4056)
(-2.3282, 1.4921, -1.4531)
(-1.7938, -2.167, -0.4889)
(-2.3441, -1.7555, -0.511)
(-2.7713, -1.2369, -0.5628)
(-2.9303, -0.602, -0.6408)
(-2.8502, 0.0341, -0.7092)
(-2.7231, 0.6518, -0.7662)
(-2.5705, 1.2305, -0.818)
(-2.397, 1.6633, -0.8674)
(-1.7271, -2.022, 0.1018)
(-2.2953, -1.6262, 0.0888)
(-2.766, -1.141, 0.0464)
(-2.9548, -0.5159, -0.0382)
(-2.8535, 0.1336, -0.1184)
(-2.7086, 0.7703, -0.1836)
(-2.5759, 1.3742, -0.2411)
(-2.462, 1.8353, -0.2888)
(-1.6328, -1.8618, 0.683)
(-2.2134, -1.4663, 0.6756)
(-2.7516, -1.028, 0.649)
(-3.0331, -0.4335, 0.5609)
(-2.9489, 0.2404, 0.4645)
(-2.782, 0.9061, 0.3881)
(-2.6322, 1.5419, 0.3231)
(-2.5064, 2.0306, 0.2825)
(-1.4786, -1.6341, 1.2284)
(-2.0598, -1.2476, 1.2296)
(-2.627, -0.8446, 1.2208)
(-3.0133, -0.3148, 1.1541)
(-3.0032, 0.3515, 1.05)
(-2.8872, 1.033, 0.9575)
(-2.7794, 1.7056, 0.8575)
(-2.6256, 2.4597, 0.7931)
(-1.2903, -1.3728, 1.7532)
(-1.8724, -1.0005, 1.7629)
(-2.4472, -0.6187, 1.7632)
(-2.8987, -0.1523, 1.72)
(-3.0026, 0.4657, 1.6088)
(-2.9613, 3.0501, 0.6178)
(-3.0649, 1.1213, 1.4672)
(-3.1372, 1.7569, 1.2449)
(-3.0999, 3.4488, 1.1821)
(-3.2328, 2.3435, 0.9141)
(-3.6626, 3.8256, 1.0916)
(-1.0954, -1.1174, 2.2825)
(-3.3647, 2.9265, 0.7084)
(-1.6713, -0.7399, 2.2873)
(-2.2323, -0.3441, 2.27)
(-2.7411, 0.1086, 2.1983)
(-3.6954, 3.9957, 0.8423)
(-3.1195, 0.6324, 2.0385)
(-3.4638, 3.4985, 0.8817)
(-3.3934, 1.1879, 1.7731)
(-3.5707, 1.7522, 1.4267)
(-3.6319, 4.0156, 0.8718)
(-3.72, 2.3078, 1.0419)
(-3.8923, 4.1614, 0.7172)
(-3.8324, 2.8814, 0.7195)
(-0.9114, -0.8888, 2.7836)
(-1.4577, -0.4801, 2.7803)
(-1.9599, -0.0308, 2.7373)
(-2.4465, 0.4607, 2.5695)
(-3.8366, 3.5003, 0.5923)
(-2.8738, 0.9758, 2.3423)
(-3.2366, 1.504, 2.0944)
(-3.894, 4.0975, 0.4931)
(-3.5149, 2.0417, 1.7675)
(-0.7873, -0.7344, 3.1413)
(-1.3003, -0.2752, 3.184)
(-4.008, 4.5113, 0.4447)
(-3.7545, 2.5809, 1.4003)
(-3.989, 3.1205, 1.0392)
(-2.2718, 0.7912, 3.044)
(-1.6842, 0.2637, 3.3349)
(-4.181, 3.6541, 0.6885)
(-2.6592, 1.3177, 2.7543)
(-2.9533, 1.8509, 2.421)
(-4.3189, 4.1333, 0.3525)
(-3.2194, 2.3751, 2.05)
(-4.4144, 4.5642, 0.2228)
(-3.4935, 2.9018, 1.675)
(-3.8129, 3.437, 1.3395)
(-1.8254, 0.7823, 3.6519)
(-2.2198, 1.1577, 3.5046)
(-4.1641, 3.9396, 1.0256)
(-2.6257, 1.6386, 3.2442)
(-2.9658, 2.1462, 2.8954)
(-4.5498, 4.3206, 0.714)
(-3.2762, 2.6436, 2.5096)
(-4.8367, 4.6295, 0.4978)
(-3.6269, 3.1234, 2.1173)
(-4.0225, 3.6162, 1.7472)
(-1.7425, 1.204, 3.9775)
(-2.0627, 1.5508, 3.8632)
(-4.3979, 4.0974, 1.454)
(-2.4917, 2.0026, 3.6522)
(-2.902, 2.4814, 3.3363)
(-4.7538, 4.5536, 1.2038)
(-3.3064, 2.9376, 2.9794)
(-1.7092, 1.524, 4.1204)
(-5.0035, 4.9097, 0.9796)
(-3.722, 3.3825, 2.6014)
(-1.7899, 1.8507, 4.0659)
(-2.2906, 2.3145, 3.905)
(-4.0945, 3.8656, 2.1938)
(-2.7429, 2.7793, 3.6224)
(-4.4701, 4.349, 1.8943)
(-3.1896, 3.2019, 3.2831)
(-3.6306, 3.6228, 2.9439)
(-4.8118, 4.8171, 1.6813)
(-3.8843, 4.0194, 2.4388)
(-5.024, 5.1739, 1.4623)
(-4.2543, 4.5401, 2.1705)
(-4.8686, 5.2295, 1.7621)
(-4.6623, 5.0822, 1.9979)
(0.8185, 1.9027, -4.717)
(0.4962, 2.0773, -4.3924)
(-0.0236, 2.4038, -4.3044)
(-0.6261, 2.4716, -4.2497)
(-1.052, 2.1674, -4.0794)
(-1.5719, 2.0884, -4.3507)
(1.1123, 2.0079, -4.6502)
(0.5706, 2.1518, -4.501)
(-0.003, 2.1828, -4.2276)
(-2.1524, 1.9901, -4.6086)
(-0.5673, 2.2995, -3.968)
(-2.4585, 1.759, -4.7716)
(-1.1401, 2.1936, -3.8309)
(-1.6387, 1.9212, -4.0507)
(-2.134, 1.7156, -4.369)
(-2.4708, 1.4355, -4.6546)
(1.3167, 2.121, -4.212)
(0.72, 2.3308, -4.1118)
(0.149, 2.2396, -3.8512)
(-0.4659, 2.1181, -3.6521)
(-1.1191, 1.9621, -3.5933)
(-1.7367, 1.7719, -3.6559)
(-2.261, 1.6565, -3.8963)
(-2.5848, 1.3732, -4.0541)
(1.3862, 2.1385, -3.6298)
(0.7585, 2.4014, -3.5751)
(0.1192, 2.4901, -3.4985)
(-0.5229, 2.3463, -3.4211)
(-1.1459, 2.1734, -3.3223)
(-1.7189, 1.924, -3.3277)
(-2.2171, 1.5895, -3.4633)
(-2.5975, 1.2422, -3.4608)
(1.3924, 2.1362, -3.0839)
(0.7467, 2.2965, -3.0575)
(0.1161, 2.2938, -3.089)
(-0.4776, 2.0673, -3.1249)
(-0.9899, 1.9742, -2.9873)
(-1.398, 1.7241, -3.2049)
(-1.8489, 1.3667, -3.3652)
(-2.0388, 1.0657, -3.69)
(1.438, 2.372, -2.6612)
(0.8775, 2.4114, -2.6078)
(0.3672, 2.0722, -2.6871)
(-0.2144, 1.7692, -2.7131)
(-0.7514, 1.6595, -2.615)
(-1.2373, 1.529, -2.7922)
(-1.714, 1.215, -2.952)
(-2.0126, 0.8387, -3.1907)
(1.5952, 2.3952, -2.1343)
(1.0515, 2.2949, -2.0947)
(0.541, 1.9039, -2.1777)
(-0.0676, 1.6672, -2.2109)
(-0.6684, 1.6138, -2.1606)
(-1.205, 1.5071, -2.2945)
(-1.6879, 1.264, -2.4007)
(-2.0513, 1.0721, -2.5885)
(1.7441, 2.3393, -1.5634)
(1.1923, 2.1871, -1.5657)
(0.5668, 1.9854, -1.6306)
(-0.0865, 1.9404, -1.7364)
(-0.7173, 1.9687, -1.8207)
(-1.3154, 1.8439, -1.9246)
(-1.8304, 1.5956, -1.9762)
(-2.1809, 1.3285, -2.035)
(1.804, 2.3214, -0.9755)
(1.1924, 2.324, -1.0167)
(0.524, 2.224, -1.0934)
(-0.1355, 2.1577, -1.1936)
(-0.7517, 2.0642, -1.2879)
(-1.3287, 1.8592, -1.3719)
(-1.8808, 1.6617, -1.4163)
(-2.314, 1.5078, -1.4489)
(1.7888, 2.2856, -0.3731)
(1.1576, 2.4032, -0.4238)
(0.4865, 2.3177, -0.509)
(-0.1564, 2.154, -0.611)
(-0.745, 1.9222, -0.7131)
(-1.3349, 1.736, -0.7813)
(-1.922, 1.6535, -0.8223)
(-2.3857, 1.6814, -0.8634)
(1.7506, 2.246, 0.2348)
(1.132, 2.3779, 0.1832)
(0.4791, 2.2367, 0.0822)
(-0.1373, 1.9867, -0.043)
(-0.7516, 1.7889, -0.1404)
(-1.3823, 1.7187, -0.1959)
(-1.9853, 1.7595, -0.2488)
(-2.4573, 1.857, -0.2859)
(1.7031, 2.1812, 0.8436)
(1.1131, 2.2823, 0.7851)
(0.4897, 2.0769, 0.6584)
(-0.1352, 1.9089, 0.5269)
(-0.7897, 1.8637, 0.4337)
(-1.4356, 1.869, 0.3681)
(-2.0112, 2.024, 0.2677)
(-2.4977, 2.057, 0.2898)
(1.6542, 2.061, 1.4502)
(1.0795, 2.1542, 1.3822)
(0.4634, 2.0043, 1.236)
(-0.1584, 2.0769, 1.077)
(-0.8261, 2.1079, 0.9811)
(-1.4593, 2.1399, 0.8934)
(-1.952, 2.4124, 0.7102)
(-2.6143, 2.4893, 0.8065)
(1.601, 1.9071, 2.0516)
(1.0165, 2.061, 1.9785)
(0.3866, 2.0683, 1.8212)
(-0.2045, 2.2816, 1.6456)
(-0.8598, 2.3622, 1.5313)
(-2.9581, 3.0735, 0.5794)
(-1.4591, 2.4674, 1.3999)
(-1.8214, 2.8272, 1.1473)
(-3.0393, 3.4057, 1.2137)
(-2.3628, 3.043, 1.1095)
(-3.644, 3.8997, 1.0943)
(1.5068, 1.7096, 2.6327)
(-2.8123, 3.4068, 0.9535)
(0.9157, 1.9592, 2.5695)
(0.3015, 2.1385, 2.418)
(-0.2594, 2.4402, 2.2329)
(-3.8354, 4.0308, 0.8933)
(-0.8813, 2.6162, 2.0755)
(-3.2303, 3.7939, 1.0655)
(-1.4298, 2.827, 1.8823)
(-1.7183, 3.231, 1.5875)
(-3.6446, 4.0615, 0.9854)
(-2.1925, 3.5284, 1.4603)
(-3.9299, 4.2878, 0.6812)
(-2.6845, 3.8401, 1.2481)
(1.3615, 1.4731, 3.1406)
(0.7792, 1.8136, 3.1231)
(0.1982, 2.1281, 3.0331)
(-0.3544, 2.5068, 2.8367)
(-3.1487, 4.2186, 1.0933)
(-0.9159, 2.8279, 2.6225)
(-1.4148, 3.1604, 2.353)
(-3.5781, 4.5342, 0.859)
(-1.8179, 3.5582, 2.056)
(1.2353, 1.2936, 3.4852)
(0.6318, 1.6665, 3.5508)
(-3.8391, 4.7938, 0.5043)
(-2.1975, 4.006, 1.8216)
(-2.7063, 4.352, 1.531)
(-0.5923, 2.4803, 3.3959)
(0.0009, 1.9602, 3.7036)
(-3.1392, 4.7129, 1.273)
(-1.1037, 2.9228, 3.1657)
(-1.5832, 3.3315, 2.8781)
(-3.5271, 5.1095, 0.9729)
(-2.0231, 3.7548, 2.58)
(-3.7007, 5.3747, 0.5958)
(-2.41, 4.2438, 2.3175)
(-2.8944, 4.6738, 1.9643)
(-0.5952, 2.0219, 3.9567)
(-1.0018, 2.3819, 3.8017)
(-3.3071, 5.1264, 1.6033)
(-1.4743, 2.8309, 3.605)
(-1.94, 3.2784, 3.3311)
(-3.5917, 5.5784, 1.2823)
(-2.3884, 3.7123, 3.026)
(-3.834, 5.8243, 0.971)
(-2.8264, 4.1602, 2.7404)
(-3.2429, 4.6349, 2.3747)
(-1.0876, 1.8771, 4.1538)
(-1.4549, 2.1644, 4.0299)
(-3.615, 5.1586, 2.0145)
(-1.9169, 2.5894, 3.8493)
(-2.3765, 3.034, 3.5727)
(-3.9115, 5.6504, 1.6989)
(-2.8235, 3.4473, 3.2453)
(-1.4382, 1.8006, 4.1633)
(-4.1616, 5.9372, 1.4394)
(-3.2698, 3.8607, 2.9586)
(-1.7705, 1.8599, 4.076)
(-2.2691, 2.3226, 3.9156)
(-3.6332, 4.2576, 2.5394)
(-2.7256, 2.7822, 3.6454)
(-3.9614, 4.7846, 2.2207)
(-3.1669, 3.2063, 3.3007)
(-3.6031, 3.6254, 2.9586)
(-4.2833, 5.3363, 1.989)
(-3.887, 3.9534, 2.3948)
(-4.5082, 5.7098, 1.7982)
(-4.2299, 4.4807, 2.1417)
(-4.6752, 5.4393, 1.9624)
(-4.6441, 5.1144, 2.0057)
(2.1045, -1.8423, -0.5688)
(2.4157, -1.3047, -4.0854)
(2.174, -1.2067, 4.1291)
(1.7626, -1.3435, -2.3259)
(2.6858, -1.653, 3.9789)
(3.1482, -2.1085, 3.7157)
(2.2191, -1.996, 0.0037)
(3.5495, -2.5799, 3.3905)
(3.8978, -3.085, 3.0531)
(4.1686, -3.6299, 2.6808)
(4.5442, -4.1641, 2.3474)
(2.5285, -1.6698, -3.6117)
(4.9486, -4.6698, 2.1142)
(1.9432, -1.5715, -1.7667)
(2.0171, -1.7072, -1.1598)
(3.2705, -2.8642, 1.189)
(2.3513, -2.1424, 0.5719)
(2.8092, -2.3934, 0.9935)
(3.9371, -3.0284, 1.0846)
(4.0982, -3.6567, 1.2718)
(2.6051, -1.2134, -4.6611)
(2.1192, -1.2449, -3.5973)
(1.9469, -1.2764, -3.0412)
(4.5723, -4.7465, 1.7634)
(4.6735, -4.5936, 2.0201)
(4.8937, -4.7731, 1.9838)
(4.7539, -4.9276, 1.7609)
(4.1514, -3.8239, 1.274)
(4.0047, -3.6188, 1.3133)
(4.1119, -3.7096, 1.259)
(4.2033, -3.8515, 1.2555)
(4.0259, -3.6164, 1.2234)
(4.2324, -3.721, 0.9349)
(4.3512, -3.7357, 0.9912)
(4.0021, -3.8211, 0.9878)
(4.0777, -3.9848, 0.7828)
(4.2968, -3.9071, 0.6592)
(4.0439, -4.0048, 1.0552)
(4.2764, -4.1846, 1.0379)
(4.2805, -4.1828, 0.7182)
(4.1726, -4.1745, 1.3755)
(4.2889, -4.5233, 1.4096)
(4.3651, -4.5077, 1.0803)
(4.3117, -4.4708, 1.7508)
(4.4524, -4.8342, 1.4589)
(1.21, -1.5181, 3.6393)
(1.242, -1.3208, 3.8894)
(1.643, -1.3454, 3.95)
(1.6503, -1.573, 3.7272)
(1.6713, -1.89, 3.477)
(2.0866, -1.6448, 3.7985)
(2.1316, -1.9848, 3.5598)
(2.1534, -2.3657, 3.3163)
(2.571, -2.0895, 3.6096)
(2.5933, -2.4699, 3.3859)
(2.5983, -2.8682, 3.1515)
(3.0096, -2.5844, 3.4141)
(3.0174, -2.9873, 3.2198)
(3.0238, -3.3627, 2.9625)
(3.4155, -3.0958, 3.2176)
(3.3985, -3.4231, 2.9744)
(3.3654, -3.576, 2.587)
(3.7078, -3.4924, 2.8546)
(3.6475, -3.6172, 2.4996)
(3.6725, -3.7248, 2.129)
(3.9787, -3.8575, 2.4189)
(3.9839, -4.0082, 2.1077)
(4.0381, -4.1259, 1.7452)
(4.3438, -4.3279, 2.0702)
(0.7394, -1.6747, 3.2806)
(0.7253, -1.3902, 3.5527)
(1.2106, -1.7974, 3.3856)
(1.2502, -2.1759, 3.1423)
(1.7045, -2.2683, 3.2312)
(1.7416, -2.6566, 2.9751)
(2.1769, -2.7483, 3.0562)
(2.2141, -3.111, 2.7641)
(2.6242, -3.2344, 2.8655)
(2.6748, -3.5542, 2.5278)
(3.0545, -3.6314, 2.609)
(3.1472, -3.8308, 2.2101)
(3.4367, -3.7094, 2.1825)
(3.593, -3.8522, 1.8063)
(3.8076, -3.8417, 1.7543)
(3.9865, -3.9281, 1.3886)
(-0.6291, -1.084, 2.787)
(-0.8436, -0.8048, 2.9761)
(-0.502, -0.9309, 3.1656)
(-0.2725, -1.1861, 3.0168)
(-0.0826, -1.4809, 2.813)
(0.1136, -1.2474, 3.2931)
(0.2933, -1.5619, 3.083)
(0.4005, -1.9676, 2.8311)
(0.805, -2.0792, 3.0217)
(0.8683, -2.4955, 2.7814)
(1.2987, -2.5833, 2.9022)
(1.3665, -2.9409, 2.6225)
(1.7868, -3.0281, 2.698)
(1.8699, -3.3183, 2.368)
(2.2686, -3.4396, 2.4405)
(2.3826, -3.645, 2.0717)
(2.7601, -3.7985, 2.149)
(2.9107, -3.9187, 1.7523)
(3.2856, -3.988, 1.8218)
(3.4732, -4.0497, 1.5314)
(3.7571, -3.97, 1.4878)
(3.8553, -3.9874, 1.2107)
(-0.8091, -1.3086, 2.2768)
(-0.998, -0.9957, 2.546)
(-0.4382, -1.3891, 2.5438)
(-0.2745, -1.7331, 2.2813)
(0.055, -1.8463, 2.5681)
(0.146, -2.2554, 2.3351)
(0.4709, -2.3879, 2.594)
(0.5894, -2.7171, 2.3152)
(0.9647, -2.8319, 2.4932)
(1.1494, -2.9861, 2.1414)
(1.4976, -3.1593, 2.265)
(1.732, -3.1782, 1.9098)
(2.0427, -3.4285, 1.9882)
(2.3108, -3.3564, 1.6426)
(2.5943, -3.6633, 1.6888)
(2.8479, -3.5772, 1.3348)
(3.1305, -3.8923, 1.424)
(3.3896, -3.7035, 1.2887)
(3.677, -3.9174, 1.3604)
(3.8756, -3.6735, 1.2353)
(-1.0027, -1.5641, 1.7476)
(-1.1933, -1.2437, 2.0166)
(-0.6283, -1.6369, 2.0076)
(-0.4613, -1.9874, 1.7519)
(-0.1407, -2.1102, 2.0363)
(-0.0072, -2.4854, 1.7932)
(0.267, -2.6112, 2.081)
(0.5066, -2.8053, 1.7638)
(0.8257, -2.8442, 1.9784)
(1.1445, -2.8163, 1.6719)
(1.4436, -2.9251, 1.8331)
(1.7934, -2.8033, 1.5919)
(2.0546, -3.0463, 1.6429)
(2.3647, -2.8927, 1.3564)
(2.592, -3.2179, 1.3231)
(2.8873, -3.0847, 1.0845)
(3.1231, -3.419, 1.1268)
(3.4258, -3.2251, 1.1516)
(3.6367, -3.4676, 1.2996)
(3.8292, -3.4454, 1.3311)
(-1.1909, -1.831, 1.2275)
(-1.3865, -1.5044, 1.4915)
(-0.8177, -1.9001, 1.4865)
(-0.627, -2.2376, 1.2237)
(-0.2931, -2.3432, 1.4976)
(-0.093, -2.673, 1.2257)
(0.2017, -2.778, 1.5108)
(0.492, -2.9744, 1.1984)
(0.8219, -2.9058, 1.4452)
(1.1382, -2.9288, 1.1421)
(1.4749, -2.7852, 1.3934)
(1.7741, -2.7129, 1.0901)
(2.1119, -2.7099, 1.3009)
(2.3973, -2.5306, 1.0093)
(2.6832, -2.7323, 1.1018)
(3.032, -2.637, 1.0852)
(3.2198, -2.9908, 1.0797)
(3.5937, -2.9594, 1.1275)
(3.7385, -3.1799, 1.2019)
(4.0164, -3.3546, 1.1605)
(-1.3415, -2.0568, 0.6839)
(-1.5626, -1.7558, 0.9601)
(-0.9855, -2.1526, 0.9589)
(-0.7565, -2.4428, 0.6745)
(-0.4157, -2.5581, 0.9471)
(-0.17, -2.8279, 0.6491)
(0.1598, -2.934, 0.9267)
(0.4598, -3.04, 0.6052)
(0.8028, -3.0319, 0.8782)
(1.0847, -2.8907, 0.5642)
(1.4213, -2.7956, 0.834)
(1.6601, -2.5596, 0.5452)
(2.0166, -2.5177, 0.8005)
(2.1682, -2.2802, 0.5458)
(2.572, -2.274, 0.7841)
(-1.4305, -2.2018, 0.1012)
(-1.6857, -1.9473, 0.3954)
(-1.0943, -2.3171, 0.3915)
(-0.8239, -2.5367, 0.0856)
(-0.4946, -2.6739, 0.369)
(-0.206, -2.8398, 0.0489)
(0.1197, -2.9689, 0.329)
(0.4312, -2.9564, 0.0072)
(0.7591, -2.9521, 0.288)
(1.0138, -2.7412, -0.0063)
(1.3218, -2.6383, 0.2755)
(1.54, -2.3816, -0.0031)
(1.8545, -2.3127, 0.2738)
(2.0118, -2.1059, 0.0004)
(2.2776, -2.0758, 0.2891)
(-1.4978, -2.3438, -0.4871)
(-1.7632, -2.0959, -0.193)
(-1.1623, -2.437, -0.1981)
(-0.8776, -2.6416, -0.5039)
(-0.5377, -2.7256, -0.2275)
(-0.2286, -2.8375, -0.5492)
(0.1031, -2.9117, -0.275)
(0.4192, -2.8747, -0.5923)
(0.7242, -2.8398, -0.3007)
(0.9842, -2.6596, -0.595)
(1.245, -2.5036, -0.2913)
(1.4686, -2.271, -0.5779)
(1.7377, -2.1553, -0.2849)
(1.9028, -1.9594, -0.5704)
(2.1536, -1.9248, -0.2801)
(-1.5381, -2.4623, -1.0826)
(-1.8172, -2.2309, -0.7872)
(-1.2138, -2.5588, -0.7877)
(-0.9029, -2.7058, -1.098)
(-0.566, -2.7668, -0.8202)
(-0.2343, -2.7768, -1.1417)
(0.0975, -2.8332, -0.8714)
(0.4175, -2.7736, -1.1885)
(0.7167, -2.7699, -0.8991)
(0.9888, -2.6115, -1.1962)
(1.2271, -2.4473, -0.8839)
(1.4427, -2.2058, -1.1738)
(1.6634, -2.045, -0.8672)
(1.8254, -1.8401, -1.1627)
(2.0524, -1.7804, -0.8627)
(-1.5486, -2.5502, -1.6844)
(-1.8425, -2.3373, -1.3889)
(-1.2339, -2.6415, -1.3852)
(-0.903, -2.7373, -1.6949)
(-0.5696, -2.7501, -1.4146)
(-0.2349, -2.6984, -1.7337)
(0.0954, -2.7147, -1.4628)
(0.4112, -2.6625, -1.788)
(0.7177, -2.6902, -1.5019)
(0.9987, -2.546, -1.8052)
(1.2327, -2.3955, -1.4878)
(1.4233, -2.123, -1.7801)
(1.6123, -1.9469, -1.4681)
(1.747, -1.7051, -1.7661)
(1.9697, -1.6417, -1.4643)
(-1.5357, -2.6177, -2.2883)
(-1.8431, -2.4216, -1.9941)
(-1.2277, -2.7025, -1.9858)
(-0.8847, -2.7685, -2.2915)
(-0.562, -2.7423, -2.0085)
(-0.2435, -2.6312, -2.3233)
(0.083, -2.6096, -2.0578)
(0.3803, -2.518, -2.3658)
(0.7143, -2.5989, -2.1072)
(0.995, -2.4158, -2.369)
(1.2442, -2.3233, -2.0946)
(1.4113, -1.9994, -2.3654)
(1.5516, -1.82, -2.0712)
(1.6665, -1.5417, -2.3654)
(1.8389, -1.4541, -2.0572)
(-1.5052, -2.6694, -2.8918)
(-1.8271, -2.4957, -2.5995)
(-1.2007, -2.7405, -2.5869)
(-0.8481, -2.7535, -2.8869)
(-0.5487, -2.7028, -2.5973)
(-0.2481, -2.505, -2.8924)
(0.0365, -2.429, -2.6164)
(0.3286, -2.2491, -2.8502)
(0.6585, -2.3395, -2.5913)
(0.9467, -2.0887, -2.7776)
(1.2241, -2.094, -2.5761)
(1.4472, -1.795, -2.8864)
(1.5703, -1.6808, -2.6709)
(1.7855, -1.4615, -2.9998)
(1.838, -1.3202, -2.6617)
(-1.4574, -2.7097, -3.4928)
(-1.7968, -2.5677, -3.2027)
(-1.1539, -2.7521, -3.1873)
(-0.7896, -2.7376, -3.483)
(-0.5017, -2.66, -3.1831)
(-0.1623, -2.495, -3.466)
(0.0705, -2.3218, -3.1578)
(0.4286, -2.2054, -3.4174)
(0.6749, -2.122, -3.078)
(1.0419, -1.9961, -3.3635)
(1.2651, -1.8936, -3.0787)
(1.5968, -1.7657, -3.462)
(1.707, -1.6026, -3.2829)
(1.9884, -1.4822, -3.5506)
(2.0169, -1.2745, -3.2925)
(-1.3882, -2.7385, -4.0889)
(-1.7289, -2.6188, -3.7967)
(-1.0943, -2.7592, -3.7853)
(-0.727, -2.7217, -4.0744)
(-0.4337, -2.6232, -3.7726)
(-0.0766, -2.4782, -4.0489)
(0.1832, -2.317, -3.7436)
(0.5328, -2.2107, -4.0151)
(0.781, -2.0817, -3.6995)
(1.1626, -1.9888, -3.9525)
(1.4144, -1.8786, -3.6611)
(1.8023, -1.8583, -3.8755)
(1.9562, -1.7375, -3.6971)
(2.2765, -1.7054, -3.7623)
(2.3145, -1.4624, -3.6111)
(-1.2912, -2.6867, -4.6718)
(-1.595, -2.5851, -4.3588)
(-1.0208, -2.7769, -4.3788)
(-0.6449, -2.7712, -4.6578)
(-0.3529, -2.6676, -4.348)
(0.0257, -2.6164, -4.5989)
(0.2951, -2.4207, -4.2986)
(0.6775, -2.3954, -4.5241)
(0.9213, -2.1961, -4.2414)
(1.3221, -2.1592, -4.4418)
(1.5651, -1.9684, -4.1475)
(1.8774, -1.8333, -4.3207)
(2.0941, -1.7566, -4.0148)
(2.2805, -1.4937, -4.1737)
(2.4662, -1.4946, -3.8524)
(-1.1929, -2.5354, -5.2076)
(-1.4358, -2.4266, -4.892)
(-0.9418, -2.7267, -4.9623)
(-0.5864, -2.6875, -5.213)
(-0.2725, -2.6955, -4.9181)
(0.0851, -2.5517, -5.1437)
(0.3929, -2.5064, -4.8388)
(0.742, -2.3374, -5.0562)
(1.0437, -2.2758, -4.7501)
(1.3717, -2.0625, -4.9566)
(1.6501, -1.97, -4.6467)
(1.9494, -1.7156, -4.8312)
(2.1355, -1.579, -4.5073)
(2.403, -1.3812, -4.6989)
(2.5032, -1.2649, -4.3771)
(-1.1228, -2.3831, -5.6212)
(-1.3164, -2.2293, -5.3472)
(-0.8866, -2.602, -5.4488)
(-0.5582, -2.564, -5.6338)
(-0.2357, -2.5683, -5.4035)
(0.1042, -2.4064, -5.5564)
(0.4268, -2.3781, -5.3203)
(0.7604, -2.1941, -5.4688)
(1.0747, -2.1423, -5.2285)
(1.4095, -1.9567, -5.3745)
(1.6949, -1.8478, -5.1178)
(2.0302, -1.6713, -5.2509)
(2.2506, -1.524, -4.9825)
(2.497, -1.3855, -5.1081)
(2.6314, -1.238, -4.8514)
(1.6327, -1.2114, 4.0769)
(1.9756, -1.1984, 4.1119)
(2.0219, -1.3665, 3.9992)
(2.4121, -1.4349, 4.0452)
(2.5068, -1.7529, 3.8367)
(2.9041, -1.8836, 3.839)
(2.9721, -2.215, 3.6115)
(3.3427, -2.3436, 3.5453)
(3.3864, -2.7081, 3.365)
(3.7206, -2.8287, 3.2119)
(3.7439, -3.2037, 3.0798)
(4.0328, -3.3431, 2.8564)
(4.0025, -3.6483, 2.6708)
(4.3246, -3.849, 2.5227)
(4.3311, -4.1106, 2.3254)
(4.6943, -4.3686, 2.2378)
(5.1345, -4.5173, 2.1626)
(5.4608, -4.5426, 2.0513)
(5.441, -4.7685, 2.0353)
(5.1405, -4.7553, 2.1126)
(4.1885, -3.5673, 1.1605)
(4.139, -3.5622, 1.1451)
(4.2988, -3.4812, 0.8618)
(4.4144, -3.5798, 0.9396)
(4.5441, -3.5987, 1.0143)
(4.6985, -3.4456, 0.7279)
(4.9038, -3.5759, 0.8675)
(5.0508, -3.5734, 1.0672)
(5.2639, -3.5372, 0.7797)
(5.4229, -3.6547, 1.0558)
(5.5196, -3.6095, 1.3694)
(5.7189, -3.8218, 1.0464)
(5.7918, -3.853, 1.4184)
(5.7241, -3.8268, 1.7693)
(5.9355, -4.1481, 1.498)
(5.8002, -4.1802, 1.8336)
(5.5045, -4.185, 2.0858)
(5.7792, -4.5209, 1.8586)
(2.3228, -0.3637, 4.1222)
(2.6039, -0.2984, 3.9532)
(2.709, -0.7021, 4.0436)
(2.3748, -0.7289, 4.1731)
(3.0829, -0.6959, 3.8316)
(3.1947, -1.1421, 3.882)
(2.7818, -1.1149, 4.055)
(3.5774, -1.1703, 3.6132)
(3.6543, -1.6253, 3.6266)
(3.2629, -1.5786, 3.8499)
(3.9965, -1.6763, 3.3211)
(4.0526, -2.1319, 3.3096)
(3.6868, -2.0666, 3.5532)
(4.3856, -2.1987, 3.0153)
(4.4364, -2.651, 2.9846)
(4.0622, -2.5704, 3.2139)
(4.7792, -2.7241, 2.6795)
(4.8017, -3.1829, 2.6345)
(4.4113, -3.1117, 2.8615)
(5.1241, -3.235, 2.3523)
(5.1489, -3.6707, 2.3411)
(4.7708, -3.621, 2.5309)
(5.4824, -3.7557, 2.0873)
(5.1405, -4.1242, 2.2615)
(2.3668, 0.119, 3.8346)
(2.6348, 0.1249, 3.5554)
(2.9004, -0.2761, 3.7111)
(3.2135, -0.3259, 3.3835)
(3.4326, -0.7319, 3.527)
(3.6992, -0.8181, 3.1514)
(3.8779, -1.2337, 3.2611)
(4.0708, -1.3503, 2.8517)
(4.249, -1.7652, 2.9499)
(4.4063, -1.8934, 2.5288)
(4.6235, -2.2985, 2.6339)
(4.7555, -2.4348, 2.1847)
(4.9981, -2.8247, 2.2804)
(5.0935, -2.9722, 1.8856)
(5.3351, -3.3447, 2.0105)
(5.4858, -3.4822, 1.6719)
(1.2954, 1.3769, 3.3275)
(1.6293, 1.2656, 3.1295)
(1.8414, 0.9517, 3.3348)
(1.5173, 1.0827, 3.4952)
(2.1468, 0.8288, 3.089)
(2.3711, 0.5041, 3.3427)
(2.0416, 0.6201, 3.596)
(2.6856, 0.3875, 2.9882)
(2.9491, 0.044, 3.1998)
(3.1921, -0.0939, 2.8208)
(3.4625, -0.4394, 3.0035)
(3.5841, -0.6243, 2.6031)
(3.8498, -0.9676, 2.7359)
(3.8925, -1.1788, 2.3246)
(4.17, -1.5125, 2.4218)
(4.1964, -1.7131, 2.0035)
(4.4851, -2.0529, 2.0914)
(4.4605, -2.2712, 1.7059)
(4.7827, -2.615, 1.7853)
(4.7372, -2.8464, 1.4846)
(5.1255, -3.1561, 1.5663)
(5.1201, -3.3789, 1.3111)
(1.436, 1.5895, 2.9042)
(1.7289, 1.4838, 2.6049)
(1.9183, 1.1383, 2.8451)
(2.1587, 0.9828, 2.5002)
(2.4221, 0.6927, 2.7504)
(2.6589, 0.5335, 2.3795)
(2.9293, 0.2362, 2.6102)
(3.0482, 0.014, 2.2478)
(3.3031, -0.3056, 2.4456)
(3.2735, -0.5974, 2.1027)
(3.5789, -0.8851, 2.227)
(3.4885, -1.2009, 1.9002)
(3.8523, -1.4451, 1.9492)
(3.7642, -1.7408, 1.6012)
(4.1367, -1.97, 1.6292)
(3.9913, -2.2989, 1.3487)
(4.3501, -2.5621, 1.423)
(4.2563, -2.8821, 1.2422)
(4.6917, -3.1281, 1.2627)
(4.6356, -3.4263, 1.1049)
(1.5614, 1.8155, 2.3462)
(1.7743, 1.6703, 2.0202)
(1.9298, 1.3073, 2.2585)
(2.098, 1.1053, 1.906)
(2.3696, 0.8088, 2.1426)
(2.5304, 0.5992, 1.7868)
(2.8073, 0.3213, 2.0193)
(2.8097, 0.022, 1.6947)
(3.0188, -0.2943, 1.9238)
(2.885, -0.646, 1.6534)
(3.1496, -0.9386, 1.8159)
(3.0053, -1.2921, 1.5496)
(3.3683, -1.5348, 1.6024)
(3.2412, -1.8815, 1.3233)
(3.6329, -2.0766, 1.3129)
(3.4885, -2.4502, 1.1272)
(3.847, -2.6573, 1.1735)
(3.802, -2.9551, 1.1558)
(4.1972, -3.1866, 1.1859)
(4.1882, -3.4301, 1.1775)
(1.63, 1.988, 1.7522)
(1.8053, 1.8217, 1.4222)
(1.9042, 1.4474, 1.6672)
(2.0136, 1.1971, 1.3223)
(2.2346, 0.8749, 1.5596)
(2.319, 0.6129, 1.2217)
(2.5902, 0.3273, 1.4517)
(2.5187, -0.0014, 1.1628)
(2.6929, -0.3262, 1.4183)
(2.5407, -0.6805, 1.1615)
(2.7264, -1.0025, 1.3981)
(2.5981, -1.3498, 1.1247)
(2.874, -1.6458, 1.2772)
(2.7425, -1.9996, 1.0229)
(3.1093, -2.2597, 1.1158)
(3.0477, -2.6206, 1.0973)
(3.4509, -2.7693, 1.1147)
(3.6139, -2.9332, 1.1462)
(3.9081, -3.1452, 1.1793)
(4.0189, -3.3305, 1.196)
(1.6784, 2.127, 1.1473)
(1.8738, 1.9444, 0.8234)
(1.9235, 1.5734, 1.0766)
(2.0209, 1.3006, 0.7395)
(2.0923, 0.9305, 0.9878)
(2.1444, 0.6442, 0.6711)
(2.3152, 0.3137, 0.9176)
(2.2683, -0.0132, 0.6336)
(2.3931, -0.3497, 0.8969)
(2.3334, -0.6777, 0.6149)
(2.4293, -1.0208, 0.8868)
(2.3776, -1.3336, 0.5959)
(2.494, -1.6698, 0.8443)
(2.3978, -1.9052, 0.567)
(2.5884, -2.2618, 0.7814)
(1.7275, 2.2195, 0.5393)
(1.9619, 2.0203, 0.2241)
(2.0279, 1.6798, 0.4895)
(2.1533, 1.3912, 0.1577)
(2.1094, 1.0111, 0.4121)
(2.2121, 0.7101, 0.0923)
(2.2033, 0.3398, 0.3639)
(2.2909, 0.0396, 0.0547)
(2.2911, -0.3235, 0.336)
(2.3679, -0.6101, 0.0349)
(2.3567, -0.975, 0.319)
(2.3916, -1.2492, 0.0208)
(2.3614, -1.5926, 0.302)
(2.3056, -1.7788, 0.0073)
(2.2927, -2.0626, 0.2865)
(1.7711, 2.2664, -0.0695)
(2.0215, 2.0748, -0.3809)
(2.1454, 1.7551, -0.1035)
(2.2683, 1.4616, -0.435)
(2.2573, 1.0882, -0.1701)
(2.349, 0.7793, -0.4918)
(2.3198, 0.4075, -0.221)
(2.4114, 0.1123, -0.5292)
(2.3895, -0.248, -0.2482)
(2.4545, -0.5265, -0.5503)
(2.4251, -0.8851, -0.2641)
(2.4123, -1.15, -0.5637)
(2.3569, -1.4816, -0.2761)
(2.2375, -1.6491, -0.571)
(2.17, -1.9135, -0.285)
(1.8023, 2.3058, -0.6755)
(2.0259, 2.1312, -0.9878)
(2.192, 1.8151, -0.7095)
(2.2698, 1.5152, -1.0406)
(2.3371, 1.1507, -0.765)
(2.3545, 0.8339, -1.0893)
(2.4044, 0.4721, -0.811)
(2.4226, 0.1735, -1.1251)
(2.4601, -0.1749, -0.8378)
(2.4727, -0.4548, -1.1475)
(2.4593, -0.8011, -0.8549)
(2.3892, -1.0563, -1.1511)
(2.3231, -1.3759, -0.8616)
(2.1622, -1.5252, -1.1538)
(2.0692, -1.7691, -0.8659)
(1.7859, 2.3286, -1.2716)
(1.9425, 2.1729, -1.5856)
(2.14, 1.8637, -1.3156)
(2.1448, 1.5493, -1.6332)
(2.2651, 1.1949, -1.3622)
(2.202, 0.8672, -1.672)
(2.3264, 0.5199, -1.4031)
(2.2759, 0.2213, -1.6843)
(2.4224, -0.1127, -1.4293)
(2.3558, -0.3796, -1.6626)
(2.4281, -0.7156, -1.4375)
(2.2331, -0.9153, -1.6538)
(2.2134, -1.2383, -1.4217)
(2.0117, -1.3574, -1.7061)
(1.9906, -1.637, -1.4621)
(1.678, 2.3642, -1.8506)
(1.7732, 2.1963, -2.1629)
(1.9852, 1.8882, -1.9018)
(1.9194, 1.5512, -2.1955)
(2.0666, 1.213, -1.9337)
(1.9707, 0.8676, -2.2311)
(2.1135, 0.5458, -1.9533)
(1.9708, 0.243, -2.1346)
(2.1399, -0.0539, -1.8474)
(1.9649, -0.3059, -1.9051)
(2.1493, -0.5979, -1.7698)
(1.9458, -0.7686, -1.9828)
(1.9825, -1.0493, -1.8924)
(1.8636, -1.1666, -2.2539)
(1.8669, -1.4609, -2.0354)
(1.508, 2.4127, -2.4116)
(1.6142, 2.1603, -2.6832)
(1.7591, 1.8791, -2.4517)
(1.7796, 1.5375, -2.705)
(1.8336, 1.196, -2.4813)
(1.8492, 0.8433, -2.7334)
(1.8765, 0.5239, -2.4802)
(1.8704, 0.2161, -2.6169)
(1.8611, -0.0421, -2.236)
(1.8872, -0.3354, -2.3624)
(1.8996, -0.5469, -2.0825)
(1.9699, -0.7439, -2.5387)
(1.9228, -0.9181, -2.4422)
(1.9972, -1.0687, -2.9481)
(1.8714, -1.2997, -2.7054)
(1.4028, 2.2503, -2.8713)
(1.6844, 2.0138, -3.1067)
(1.8004, 1.8502, -2.9049)
(2.0637, 1.5595, -3.1194)
(1.9597, 1.2117, -2.9108)
(2.2056, 0.8909, -3.0821)
(2.0102, 0.5251, -2.8805)
(2.202, 0.2195, -2.9984)
(1.9832, -0.0852, -2.7145)
(2.1093, -0.4037, -2.9049)
(1.9951, -0.6115, -2.6598)
(2.1758, -0.8145, -3.1238)
(2.1087, -0.8953, -3.096)
(2.2273, -1.1142, -3.4503)
(2.0491, -1.2468, -3.3461)
(1.3911, 2.114, -3.3411)
(1.6837, 1.9718, -3.6558)
(1.9618, 1.8019, -3.3819)
(2.1515, 1.5071, -3.6556)
(2.2745, 1.2346, -3.3472)
(2.3933, 0.8973, -3.5483)
(2.3973, 0.5677, -3.2633)
(2.4742, 0.25, -3.4457)
(2.3388, -0.0957, -3.1853)
(2.4169, -0.3687, -3.4091)
(2.2489, -0.6739, -3.2046)
(2.4817, -0.9163, -3.4353)
(2.4047, -1.0701, -3.4184)
(2.5402, -1.3628, -3.5725)
(2.3333, -1.4523, -3.5979)
(1.3656, 2.1452, -3.9252)
(1.5755, 1.9156, -4.2205)
(1.8939, 1.7235, -3.9537)
(1.956, 1.3901, -4.1424)
(2.2215, 1.1633, -3.8588)
(2.1335, 0.8484, -3.9229)
(2.3433, 0.5771, -3.6672)
(2.3336, 0.336, -3.8181)
(2.4809, -0.0136, -3.6341)
(2.5893, -0.1773, -3.7635)
(2.5615, -0.5649, -3.5705)
(2.6955, -0.7269, -3.7821)
(2.6433, -1.1053, -3.654)
(2.5876, -1.1807, -3.9935)
(2.4781, -1.48, -3.8448)
(1.2306, 2.0695, -4.4699)
(1.2954, 1.8026, -4.597)
(1.6217, 1.5959, -4.379)
(1.5704, 1.3047, -4.3323)
(1.8806, 1.0765, -4.152)
(1.9456, 0.9059, -4.1796)
(2.1631, 0.6463, -4.0086)
(2.4139, 0.5464, -4.1276)
(2.5316, 0.207, -3.9665)
(2.6361, 0.0564, -4.0747)
(2.672, -0.3261, -3.9212)
(2.685, -0.5297, -4.2132)
(2.6764, -0.8751, -4.1373)
(2.6876, -1.0138, -4.4688)
(2.5176, -1.2532, -4.3694)
(0.9712, 1.9526, -4.7171)
(0.9599, 1.7687, -4.6293)
(1.2778, 1.5577, -4.4931)
(1.3963, 1.435, -4.3929)
(1.6861, 1.1683, -4.2982)
(2.0095, 1.1536, -4.3782)
(2.2164, 0.8489, -4.2694)
(2.3634, 0.7148, -4.276)
(2.5349, 0.3848, -4.1757)
(2.5546, 0.1158, -4.3101)
(2.6682, -0.1909, -4.2698)
(2.876, -0.4576, -4.4547)
(2.8243, -0.7476, -4.4524)
(3.0073, -0.9262, -4.6017)
(2.7909, -1.1536, -4.6927)
(2.1392, -0.7391, 4.2513)
(2.3996, -1.0745, 4.1441)
(2.1341, -1.0457, 4.1968)
(2.8593, -1.5078, 3.9864)
(2.4477, -1.4248, 4.0628)
(3.3143, -1.9765, 3.7309)
(2.9299, -1.8778, 3.8555)
(3.7085, -2.4639, 3.4057)
(3.355, -2.3447, 3.5609)
(4.0573, -2.9785, 3.0576)
(3.7267, -2.8361, 3.2318)
(4.3811, -3.5326, 2.7001)
(4.0335, -3.3717, 2.8775)
(4.7753, -4.0446, 2.3804)
(4.3882, -3.9451, 2.5056)
(4.7986, -4.4653, 2.2238)
(-2.3914, 1.6723, -0.8654)
(-2.5878, 1.3644, -4.0592)
(-1.7802, 1.8553, 4.071)
(-2.0617, 1.0808, -2.6138)
(-2.2798, 2.3186, 3.9103)
(-2.7342, 2.7808, 3.6339)
(-2.4596, 1.8461, -0.2874)
(-3.1782, 3.2041, 3.2919)
(-3.6169, 3.6241, 2.9513)
(-3.8857, 3.9864, 2.4168)
(-4.2421, 4.5104, 2.1561)
(-2.597, 1.2322, -3.4662)
(-4.6532, 5.0983, 2.0018)
(-2.1891, 1.3221, -2.0412)
(-2.3211, 1.5, -1.451)
(-2.9597, 3.0618, 0.5986)
(-2.502, 2.0438, 0.2862)
(-2.6199, 2.4745, 0.7998)
(-3.0696, 3.4272, 1.1979)
(-3.6533, 3.8626, 1.0929)
(-2.4723, 1.4263, -4.6599)
(-2.051, 1.1072, -3.7703)
(-2.0406, 0.8215, -3.2834)
(-4.9299, 5.0064, 1.5739)
(-4.7432, 4.9316, 1.8523)
(-4.7664, 5.1706, 1.8817)
(-4.9624, 5.2317, 1.6312)
(-3.659, 3.9179, 0.9515)
(-3.5928, 3.9193, 0.9902)
(-3.7549, 4.1244, 0.8017)
(-3.7947, 4.0576, 0.7814)
(-3.7312, 4.0736, 0.6875)
(-3.9474, 4.322, 0.4632)
(-3.9382, 4.3444, 0.6003)
(-4.1127, 4.105, 0.363)
(-4.3697, 4.3522, 0.2673)
(-4.1796, 4.5686, 0.2908)
(-4.4524, 4.2121, 0.49)
(-4.7039, 4.4793, 0.5963)
(-4.6492, 4.5721, 0.3076)
(-4.6559, 4.4333, 0.9554)
(-4.889, 4.7412, 1.0897)
(-4.947, 4.7527, 0.7287)
(-4.813, 4.6872, 1.4565)
(-5.0332, 5.0596, 1.2357)
(-2.0199, 0.9602, 3.5875)
(-1.7955, 1.0082, 3.8277)
(-1.8913, 1.3677, 3.9275)
(-2.1552, 1.3584, 3.7034)
(-2.4264, 1.3881, 3.3891)
(-2.2704, 1.7664, 3.7725)
(-2.5755, 1.8207, 3.4686)
(-2.8041, 1.8927, 3.0773)
(-2.7014, 2.2432, 3.5037)
(-2.9535, 2.3129, 3.1339)
(-3.1198, 2.3974, 2.7048)
(-3.1019, 2.713, 3.1599)
(-3.3126, 2.7895, 2.7604)
(-3.4441, 2.8834, 2.3132)
(-3.517, 3.1573, 2.7957)
(-3.7031, 3.2496, 2.3728)
(-3.8238, 3.3693, 1.9251)
(-3.9116, 3.6211, 2.3929)
(-4.0987, 3.7377, 1.9822)
(-4.2119, 3.8581, 1.592)
(-4.2812, 4.1071, 2.028)
(-4.4752, 4.2165, 1.6853)
(-4.5846, 4.3346, 1.325)
(-4.6535, 4.5922, 1.7838)
(-2.0288, 0.5414, 3.1654)
(-1.7899, 0.5314, 3.4784)
(-2.2466, 0.9672, 3.2828)
(-2.4795, 1.0506, 2.907)
(-2.6374, 1.4744, 2.9989)
(-2.8138, 1.5853, 2.5925)
(-2.9404, 1.9978, 2.6456)
(-3.0873, 2.1136, 2.2389)
(-3.2167, 2.5111, 2.2593)
(-3.3523, 2.6373, 1.8596)
(-3.5238, 3.0164, 1.8731)
(-3.6486, 3.1692, 1.502)
(-3.8875, 3.5306, 1.5264)
(-3.9822, 3.6992, 1.1833)
(-4.2609, 4.022, 1.2315)
(-4.3619, 4.1445, 0.8628)
(-1.1897, -0.6886, 2.7826)
(-1.055, -0.5166, 3.1495)
(-1.3731, -0.3722, 2.9903)
(-1.7121, -0.2612, 2.7706)
(-1.5156, -0.0105, 3.2407)
(-1.8427, 0.1181, 2.9911)
(-2.2073, 0.2107, 2.6671)
(-2.3352, 0.6272, 2.7966)
(-2.6682, 0.7162, 2.4584)
(-2.7395, 1.1532, 2.5308)
(-3.0649, 1.2384, 2.2247)
(-3.0694, 1.6855, 2.2471)
(-3.3846, 1.7722, 1.9401)
(-3.3479, 2.2172, 1.9047)
(-3.636, 2.3115, 1.5854)
(-3.6072, 2.7526, 1.5377)
(-3.8742, 2.8502, 1.2172)
(-3.8885, 3.2911, 1.1903)
(-4.0918, 3.3911, 0.8662)
(-4.1784, 3.8023, 0.8404)
(-4.2565, 3.9015, 0.5043)
(-1.3839, -0.9291, 2.2865)
(-1.5612, -0.6057, 2.5428)
(-1.9548, -0.5467, 2.2831)
(-2.0955, -0.188, 2.5037)
(-2.4991, -0.1269, 2.2432)
(-2.5977, 0.2816, 2.3826)
(-2.946, 0.3637, 2.1313)
(-3.0299, 0.7905, 2.1911)
(-3.2693, 0.9079, 1.9182)
(-3.3729, 1.3221, 1.9312)
(-3.4902, 1.4706, 1.6078)
(-3.6085, 1.8681, 1.589)
(-3.6463, 2.0302, 1.2352)
(-3.8038, 2.415, 1.2125)
(-3.7883, 2.5899, 0.8602)
(-3.9708, 2.9699, 0.8593)
(-3.8393, 3.1858, 0.6407)
(-4.0472, 3.5504, 0.5906)
(-3.8547, 3.815, 0.5405)
(-1.5808, -1.1857, 1.7585)
(-1.7746, -0.872, 2.0262)
(-2.1631, -0.8142, 1.7658)
(-2.3478, -0.4883, 2.0227)
(-2.7092, -0.4031, 1.7499)
(-2.8344, -0.0367, 1.9762)
(-2.9791, 0.1433, 1.6702)
(-3.0792, 0.5311, 1.8451)
(-3.0298, 0.7938, 1.5432)
(-3.2527, 1.1369, 1.6331)
(-3.1004, 1.4447, 1.371)
(-3.3837, 1.7347, 1.3343)
(-3.1793, 2.0535, 1.0854)
(-3.5078, 2.2983, 0.9573)
(-3.3, 2.636, 0.7663)
(-3.6118, 2.8802, 0.6849)
(-3.4139, 3.2105, 0.7798)
(-3.6372, 3.4947, 0.7179)
(-3.5346, 3.7885, 0.9096)
(-1.7682, -1.4396, 1.2289)
(-1.9679, -1.126, 1.4978)
(-2.3511, -1.0548, 1.2297)
(-2.5404, -0.7365, 1.4955)
(-2.8633, -0.5998, 1.195)
(-2.9612, -0.2419, 1.4432)
(-3.0443, 0.0088, 1.1029)
(-2.9891, 0.408, 1.3387)
(-2.9462, 0.6938, 1.0024)
(-2.9495, 1.0867, 1.2338)
(-2.8299, 1.3706, 0.9106)
(-2.9288, 1.7503, 1.0825)
(-2.7333, 2.0451, 0.801)
(-2.9564, 2.3922, 0.8545)
(-2.7934, 2.7549, 0.7055)
(-3.141, 2.9771, 0.7187)
(-3.0306, 3.2494, 0.8999)
(-3.3057, 3.4801, 1.0051)
(-3.3812, 3.6372, 1.1368)
(-1.9231, -1.665, 0.6801)
(-2.1442, -1.3631, 0.9565)
(-2.4989, -1.2611, 0.6683)
(-2.7019, -0.9442, 0.9391)
(-2.939, -0.7487, 0.6105)
(-3.0393, -0.3791, 0.859)
(-3.0215, -0.0992, 0.5107)
(-2.9897, 0.2955, 0.7571)
(-2.8651, 0.575, 0.4242)
(-2.8334, 0.9718, 0.6731)
(-2.703, 1.234, 0.354)
(-2.6867, 1.6306, 0.5986)
(-2.5713, 1.8127, 0.2973)
(-2.566, 2.2451, 0.5378)
(-2.0166, -1.8314, 0.0979)
(-2.2616, -1.5523, 0.3853)
(-2.5543, -1.4004, 0.073)
(-2.7671, -1.0906, 0.3501)
(-2.9028, -0.8401, 0.0068)
(-2.9964, -0.4767, 0.2618)
(-2.9253, -0.1895, -0.0805)
(-2.8966, 0.1865, 0.1734)
(-2.7792, 0.4527, -0.1524)
(-2.7375, 0.8378, 0.1031)
(-2.6405, 1.0849, -0.2134)
(-2.5967, 1.4552, 0.0425)
(-2.5162, 1.6195, -0.2662)
(-2.4842, 1.9329, -0.0031)
(-2.0778, -1.9721, -0.4967)
(-2.3226, -1.6937, -0.2102)
(-2.5829, -1.5125, -0.5327)
(-2.7674, -1.1897, -0.2582)
(-2.8878, -0.9272, -0.6008)
(-2.9333, -0.5583, -0.3392)
(-2.9075, -0.2807, -0.677)
(-2.8375, 0.0819, -0.413)
(-2.7883, 0.3441, -0.7387)
(-2.7037, 0.7075, -0.4737)
(-2.6504, 0.9548, -0.7924)
(-2.5686, 1.2994, -0.528)
(-2.485, 1.4606, -0.8432)
(-2.4295, 1.7493, -0.5781)
(-2.1121, -2.0874, -1.0987)
(-2.3593, -1.8111, -0.8133)
(-2.594, -1.6061, -1.1417)
(-2.7733, -1.2806, -0.8678)
(-2.8885, -1.0079, -1.209)
(-2.9375, -0.6436, -0.9425)
(-2.9551, -0.3595, -1.2759)
(-2.8865, -0.0073, -1.0056)
(-2.88, 0.2647, -1.3308)
(-2.7624, 0.6049, -1.06)
(-2.6985, 0.8518, -1.3815)
(-2.5759, 1.1667, -1.1104)
(-2.4473, 1.3128, -1.4299)
(-2.3626, 1.5777, -1.1603)
(-2.1224, -2.181, -1.7049)
(-2.3728, -1.907, -1.4208)
(-2.5883, -1.687, -1.7514)
(-2.7668, -1.3587, -1.4781)
(-2.8755, -1.0786, -1.8178)
(-2.9503, -0.718, -1.5481)
(-2.9743, -0.4247, -1.8817)
(-2.9585, -0.0765, -1.6052)
(-2.9092, 0.2025, -1.9333)
(-2.8278, 0.5282, -1.6569)
(-2.6461, 0.7525, -1.9613)
(-2.5511, 1.0453, -1.7002)
(-2.3281, 1.1543, -2.0058)
(-2.2627, 1.4039, -1.7503)
(-2.1159, -2.2635, -2.312)
(-2.3698, -1.9909, -2.0292)
(-2.5767, -1.7674, -2.3592)
(-2.7487, -1.4314, -2.0871)
(-2.8587, -1.154, -2.4223)
(-2.9311, -0.7833, -2.155)
(-2.923, -0.5016, -2.474)
(-2.9337, -0.1347, -2.2082)
(-2.7462, 0.1025, -2.4855)
(-2.7115, 0.4459, -2.2285)
(-2.3683, 0.591, -2.4345)
(-2.3337, 0.8864, -2.2158)
(-2.1153, 0.9396, -2.5245)
(-2.1347, 1.2027, -2.3433)
(-2.0988, -2.3485, -2.917)
(-2.3597, -2.077, -2.6356)
(-2.5521, -1.8547, -2.9592)
(-2.7409, -1.5182, -2.6889)
(-2.8317, -1.2449, -2.9972)
(-2.9141, -0.8847, -2.7373)
(-2.8161, -0.6321, -2.9998)
(-2.7647, -0.2826, -2.7298)
(-2.487, -0.1122, -2.9056)
(-2.4236, 0.2369, -2.6579)
(-2.1905, 0.3751, -2.8504)
(-2.1359, 0.6696, -2.6715)
(-2.0882, 0.7629, -3.1087)
(-2.0704, 0.947, -3.0076)
(-2.0443, -2.4191, -3.5117)
(-2.3209, -2.1615, -3.2339)
(-2.3968, -1.8923, -3.5056)
(-2.6314, -1.5787, -3.2538)
(-2.5326, -1.2588, -3.4307)
(-2.7606, -0.9419, -3.2428)
(-2.5891, -0.6262, -3.4142)
(-2.6253, -0.3651, -3.218)
(-2.4253, -0.1122, -3.3738)
(-2.2687, 0.0973, -3.0905)
(-2.2323, 0.393, -3.3622)
(-2.1319, 0.6111, -3.2169)
(-2.1795, 0.9029, -3.5822)
(-2.066, 0.9766, -3.6133)
(-1.8674, -2.3975, -4.0545)
(-2.1413, -2.1611, -3.7699)
(-2.0014, -1.8219, -3.8815)
(-2.2593, -1.5605, -3.6261)
(-2.0341, -1.2408, -3.6076)
(-2.3198, -0.9457, -3.4608)
(-2.1512, -0.6498, -3.5519)
(-2.3926, -0.3493, -3.5235)
(-2.2958, -0.0711, -3.7011)
(-2.3536, 0.1572, -3.5395)
(-2.4959, 0.5012, -3.7123)
(-2.3982, 0.7246, -3.567)
(-2.5707, 1.0179, -3.6333)
(-2.3299, 1.1855, -3.6611)
(-1.5929, -2.2746, -4.5207)
(-1.7704, -2.0611, -4.1775)
(-1.5516, -1.6933, -4.207)
(-1.762, -1.4825, -3.8837)
(-1.7196, -1.1757, -3.9889)
(-1.9428, -0.9404, -3.7128)
(-2.0213, -0.6294, -4.0259)
(-2.1202, -0.3276, -3.8368)
(-2.2089, 0.0144, -4.1617)
(-2.3523, 0.2768, -3.9498)
(-2.4713, 0.6175, -4.176)
(-2.613, 0.8358, -3.872)
(-2.6088, 1.122, -4.1024)
(-2.5937, 1.2889, -3.768)
(-1.3974, -2.0657, -4.9999)
(-1.4475, -1.8874, -4.598)
(-1.3706, -1.495, -4.6698)
(-1.5003, -1.3383, -4.3068)
(-1.7068, -1.0828, -4.5083)
(-1.9172, -0.9142, -4.2544)
(-2.1708, -0.667, -4.5462)
(-2.2036, -0.3269, -4.3573)
(-2.3943, -0.0363, -4.6413)
(-2.3781, 0.3248, -4.4387)
(-2.5176, 0.6248, -4.6922)
(-2.5655, 0.9119, -4.4226)
(-2.5345, 1.1783, -4.6641)
(-2.5323, 1.3863, -4.3648)
(-1.2849, -1.8753, -5.3905)
(-1.3054, -1.6859, -5.0336)
(-1.3111, -1.3207, -5.0616)
(-1.4725, -1.1789, -4.7682)
(-1.7315, -1.0185, -4.9262)
(-1.9987, -0.9161, -4.7377)
(-2.229, -0.7087, -4.9692)
(-2.3594, -0.3902, -4.8064)
(-2.4644, -0.0817, -5.056)
(-2.4967, 0.2748, -4.894)
(-2.5049, 0.5996, -5.108)
(-2.5235, 0.9215, -4.9054)
(-2.4723, 1.1639, -5.0755)
(-2.4683, 1.4005, -4.854)
(-1.71, 1.3699, 4.0772)
(-1.7409, 1.6846, 4.1079)
(-1.9554, 1.7174, 3.9743)
(-2.0403, 2.0826, 3.9854)
(-2.3916, 2.165, 3.7853)
(-2.5167, 2.5469, 3.7637)
(-2.8275, 2.6332, 3.4899)
(-2.9662, 2.9906, 3.4527)
(-3.259, 3.0737, 3.1467)
(-3.4101, 3.4123, 3.1135)
(-3.681, 3.5049, 2.7778)
(-3.7575, 3.8211, 2.6914)
(-4.0169, 3.9615, 2.3491)
(-4.0693, 4.2798, 2.3046)
(-4.3863, 4.4553, 2.0539)
(-4.4583, 4.8111, 2.0842)
(-4.4464, 5.1929, 2.0268)
(-4.4054, 5.5407, 1.8908)
(-4.6202, 5.5763, 1.9021)
(-4.6744, 5.2829, 1.9916)
(-3.6301, 3.9323, 1.0427)
(-3.7451, 3.9589, 0.9944)
(-3.9023, 4.1321, 0.7895)
(-3.8001, 4.1758, 0.8484)
(-3.621, 4.2708, 0.9086)
(-3.9057, 4.5163, 0.5738)
(-3.7247, 4.6676, 0.691)
(-3.5446, 4.8209, 0.8835)
(-3.7525, 5.0881, 0.5095)
(-3.635, 5.256, 0.7906)
(-3.5325, 5.3763, 1.1075)
(-3.7314, 5.6299, 0.7577)
(-3.7143, 5.7218, 1.1266)
(-3.7281, 5.6747, 1.4898)
(-3.9839, 5.9309, 1.2076)
(-4.0395, 5.8132, 1.5645)
(-4.1031, 5.5134, 1.8744)
(-4.3463, 5.8465, 1.6412)
(-0.8596, 1.9586, 4.0744)
(-0.7918, 2.1931, 3.8816)
(-1.2359, 2.2834, 3.9412)
(-1.2618, 2.0077, 4.0955)
(-1.2335, 2.5996, 3.7117)
(-1.7001, 2.7207, 3.7551)
(-1.6788, 2.3645, 3.95)
(-1.7102, 3.0578, 3.4767)
(-2.1615, 3.1686, 3.4804)
(-2.1502, 2.8156, 3.7232)
(-2.1656, 3.4951, 3.1764)
(-2.6103, 3.5915, 3.164)
(-2.5989, 3.2418, 3.4048)
(-2.6091, 3.9338, 2.8877)
(-3.0594, 4.0187, 2.8825)
(-3.0523, 3.6571, 3.1103)
(-3.0384, 4.3923, 2.5646)
(-3.4468, 4.4592, 2.4944)
(-3.4613, 4.0518, 2.7542)
(-3.4371, 4.8918, 2.1899)
(-3.7921, 4.9902, 2.1548)
(-3.7969, 4.5049, 2.363)
(-3.7719, 5.423, 1.8496)
(-4.1297, 5.0745, 2.0978)
(-0.3056, 2.0252, 3.8245)
(-0.3252, 2.2517, 3.5146)
(-0.7806, 2.4442, 3.6202)
(-0.8511, 2.7042, 3.285)
(-1.2701, 2.9007, 3.405)
(-1.3472, 3.1304, 3.0284)
(-1.7424, 3.3343, 3.1246)
(-1.8122, 3.5348, 2.7241)
(-2.1869, 3.7681, 2.8249)
(-2.2115, 3.9994, 2.4528)
(-2.6007, 4.2405, 2.5486)
(-2.6467, 4.4641, 2.1502)
(-3.0528, 4.7074, 2.189)
(-3.118, 4.8927, 1.7794)
(-3.4487, 5.2045, 1.8159)
(-3.4607, 5.3686, 1.4393)
(1.0753, 1.6539, 3.1389)
(0.7059, 1.7391, 3.3486)
(0.9395, 1.4869, 3.5059)
(0.4848, 1.9648, 3.0912)
(0.1098, 2.0803, 3.3336)
(0.3163, 1.8323, 3.614)
(-0.0784, 2.3168, 2.9426)
(-0.4508, 2.5025, 3.1296)
(-0.6372, 2.6733, 2.7325)
(-0.9856, 2.8955, 2.8997)
(-1.1769, 2.9881, 2.4962)
(-1.4722, 3.272, 2.6133)
(-1.6276, 3.3487, 2.1991)
(-1.9055, 3.6794, 2.3165)
(-1.996, 3.7873, 1.9389)
(-2.276, 4.1642, 2.062)
(-2.4478, 4.1881, 1.6791)
(-2.7793, 4.5502, 1.7331)
(-2.9308, 4.5235, 1.3996)
(-3.2017, 4.9483, 1.4199)
(-3.3501, 4.9189, 1.1331)
(1.2285, 1.8618, 2.6179)
(0.8505, 1.8896, 2.8584)
(0.6012, 2.0372, 2.5011)
(0.2577, 2.1458, 2.7269)
(0.022, 2.2889, 2.3249)
(-0.2957, 2.4864, 2.5348)
(-0.5638, 2.5428, 2.1512)
(-0.8885, 2.7316, 2.3476)
(-1.1873, 2.6979, 1.9947)
(-1.4095, 3.0054, 2.1132)
(-1.5785, 3.0236, 1.7266)
(-1.7474, 3.407, 1.8145)
(-1.9337, 3.3924, 1.517)
(-2.1692, 3.7818, 1.6283)
(-2.4447, 3.6735, 1.3594)
(-2.6729, 4.1005, 1.3803)
(-2.9172, 4.0291, 1.1671)
(-3.1232, 4.4622, 1.1627)
(-3.3783, 4.3868, 0.9935)
(1.3361, 2.0299, 2.0334)
(0.9712, 2.0151, 2.2749)
(0.6948, 2.0496, 1.9058)
(0.3436, 2.1098, 2.1166)
(0.0932, 2.1669, 1.7298)
(-0.2306, 2.3697, 1.9367)
(-0.5246, 2.3416, 1.5807)
(-0.8728, 2.4905, 1.8041)
(-1.1885, 2.3848, 1.4836)
(-1.4483, 2.645, 1.645)
(-1.6416, 2.643, 1.2612)
(-1.752, 3.0343, 1.3665)
(-2.0798, 2.9409, 1.1248)
(-2.2652, 3.2805, 1.2887)
(-2.6029, 3.2046, 1.022)
(-2.741, 3.6102, 1.1002)
(-3.0182, 3.6114, 0.9951)
(-3.2004, 3.9958, 1.066)
(-3.4474, 3.9397, 1.0643)
(1.3956, 2.1663, 1.4332)
(1.0523, 2.1042, 1.6807)
(0.7675, 2.0712, 1.3143)
(0.4288, 2.0258, 1.5277)
(0.1573, 2.022, 1.1528)
(-0.1796, 2.183, 1.3583)
(-0.4882, 2.1071, 1.02)
(-0.8436, 2.2363, 1.2558)
(-1.1597, 2.0989, 0.9506)
(-1.4623, 2.2985, 1.1488)
(-1.7075, 2.271, 0.7903)
(-1.8925, 2.6193, 0.9279)
(-2.2446, 2.4816, 0.7197)
(-2.4647, 2.8046, 0.9307)
(-2.7862, 2.7814, 0.693)
(-2.8726, 3.2198, 0.8185)
(-2.9987, 3.2396, 0.8965)
(-3.1907, 3.6066, 1.0855)
(-3.3417, 3.6527, 1.154)
(1.433, 2.2893, 0.8284)
(1.0993, 2.217, 1.0839)
(0.7976, 2.1947, 0.7257)
(0.4835, 2.0224, 0.9463)
(0.1805, 1.9762, 0.5901)
(-0.1437, 1.9724, 0.8025)
(-0.46, 1.8781, 0.4739)
(-0.8087, 1.9759, 0.7091)
(-1.1179, 1.851, 0.4044)
(-1.4511, 1.9939, 0.6345)
(-1.7343, 1.941, 0.3128)
(-1.9927, 2.2091, 0.4942)
(-2.2657, 2.0689, 0.2623)
(-2.556, 2.2731, 0.5482)
(1.4615, 2.3594, 0.2188)
(1.123, 2.3374, 0.4851)
(0.801, 2.3305, 0.1371)
(0.4854, 2.1562, 0.3714)
(0.168, 2.1146, 0.0196)
(-0.1327, 1.9198, 0.2433)
(-0.4428, 1.8743, -0.0976)
(-0.7687, 1.7976, 0.1488)
(-1.0653, 1.7376, -0.1707)
(-1.4111, 1.7744, 0.0906)
(-1.6964, 1.728, -0.223)
(-2.0069, 1.8722, 0.0194)
(-2.2319, 1.806, -0.2692)
(-2.4775, 1.957, 0.002)
(1.4906, 2.3861, -0.3901)
(1.1434, 2.401, -0.1203)
(0.8204, 2.3739, -0.4641)
(0.4788, 2.2948, -0.2117)
(0.1588, 2.2456, -0.5584)
(-0.1485, 2.0773, -0.3261)
(-0.455, 2.0404, -0.6644)
(-0.7441, 1.8389, -0.4277)
(-1.0366, 1.8183, -0.752)
(-1.3549, 1.7074, -0.4877)
(-1.638, 1.6795, -0.8032)
(-1.9539, 1.6876, -0.5312)
(-2.1661, 1.6588, -0.8427)
(-2.4215, 1.7692, -0.5746)
(1.517, 2.3655, -0.9878)
(1.1744, 2.3799, -0.7245)
(0.8588, 2.2704, -1.0519)
(0.5021, 2.2961, -0.8061)
(0.1908, 2.1882, -1.1424)
(-0.1515, 2.1838, -0.9024)
(-0.45, 2.1226, -1.2417)
(-0.7504, 2.0074, -0.9986)
(-1.0418, 1.9701, -1.3334)
(-1.3265, 1.7945, -1.0749)
(-1.6156, 1.7545, -1.398)
(-1.8971, 1.6502, -1.1175)
(-2.1057, 1.581, -1.4328)
(-2.3499, 1.5946, -1.1561)
(1.4864, 2.3139, -1.5563)
(1.2057, 2.2408, -1.2961)
(0.8845, 2.0682, -1.5905)
(0.5486, 2.1057, -1.3646)
(0.2404, 1.9442, -1.6837)
(-0.1125, 2.0745, -1.4749)
(-0.4058, 1.9612, -1.7782)
(-0.7409, 2.0621, -1.5759)
(-1.0217, 1.9284, -1.8746)
(-1.3337, 1.8963, -1.6684)
(-1.5911, 1.7285, -1.9551)
(-1.8677, 1.6623, -1.7128)
(-2.0203, 1.4577, -2.0016)
(-2.2475, 1.4182, -1.742)
(1.3353, 2.4148, -2.1032)
(1.135, 2.2138, -1.8305)
(0.7968, 2.1022, -2.1279)
(0.5681, 1.9107, -1.903)
(0.247, 1.7555, -2.2115)
(-0.0647, 1.7781, -1.9745)
(-0.3757, 1.6311, -2.175)
(-0.6861, 1.7807, -1.9943)
(-0.9431, 1.5793, -2.2155)
(-1.2576, 1.6722, -2.1132)
(-1.4573, 1.3906, -2.3476)
(-1.7533, 1.43, -2.1877)
(-1.8853, 1.161, -2.4868)
(-2.1161, 1.2003, -2.3118)
(1.171, 2.4551, -2.6254)
(0.9641, 2.3816, -2.3587)
(0.6196, 2.2638, -2.6366)
(0.4755, 1.9701, -2.445)
(0.0822, 1.8975, -2.7231)
(-0.1156, 1.6758, -2.4638)
(-0.4933, 1.699, -2.6495)
(-0.6864, 1.58, -2.3809)
(-0.9943, 1.6141, -2.6822)
(-1.2026, 1.4725, -2.5291)
(-1.488, 1.3843, -2.8755)
(-1.6836, 1.1984, -2.6662)
(-1.8846, 1.0529, -3.0554)
(-2.0319, 0.9554, -2.8896)
(1.0731, 2.2295, -3.0658)
(0.7971, 2.3506, -2.8326)
(0.4271, 2.3277, -3.063)
(0.2266, 2.1748, -2.8933)
(-0.1868, 2.182, -3.1294)
(-0.3543, 1.8992, -2.9343)
(-0.7497, 2.0162, -3.0401)
(-0.8634, 1.8027, -2.8129)
(-1.1939, 1.8749, -3.0697)
(-1.2926, 1.6125, -3.0358)
(-1.6309, 1.5461, -3.2952)
(-1.7527, 1.2737, -3.2045)
(-1.9999, 1.2065, -3.4682)
(-2.0257, 0.9522, -3.4404)
(1.0752, 2.2841, -3.6041)
(0.7434, 2.338, -3.3076)
(0.4396, 2.4763, -3.5378)
(0.09, 2.432, -3.2977)
(-0.2023, 2.4345, -3.4626)
(-0.5308, 2.2592, -3.2872)
(-0.8394, 2.2625, -3.368)
(-1.093, 2.1293, -3.1594)
(-1.4376, 2.0616, -3.306)
(-1.569, 1.8591, -3.2722)
(-1.9888, 1.7633, -3.3875)
(-2.0371, 1.4858, -3.4109)
(-2.3873, 1.413, -3.522)
(-2.3181, 1.1539, -3.5754)
(1.0223, 2.2663, -4.1817)
(0.7563, 2.3966, -3.8455)
(0.4332, 2.3066, -3.9902)
(0.1546, 2.39, -3.6723)
(-0.1504, 2.1774, -3.7342)
(-0.4841, 2.2391, -3.5326)
(-0.7927, 2.0488, -3.6083)
(-1.1386, 2.057, -3.4657)
(-1.4343, 1.8594, -3.6018)
(-1.7645, 1.8523, -3.463)
(-2.0215, 1.7209, -3.7697)
(-2.2858, 1.6411, -3.6398)
(-2.4355, 1.5303, -3.988)
(-2.5911, 1.3077, -3.7574)
(0.8603, 2.1159, -4.6082)
(0.6469, 2.237, -4.3549)
(0.2807, 2.1593, -4.3677)
(0.0771, 2.1656, -4.0581)
(-0.283, 2.2474, -4.0929)
(-0.5061, 2.1657, -3.8048)
(-0.8595, 2.2809, -3.8646)
(-1.1305, 2.0531, -3.7126)
(-1.3931, 2.0596, -3.9051)
(-1.6874, 1.8134, -3.8608)
(-1.8946, 1.8129, -4.2164)
(-2.1923, 1.6672, -4.1554)
(-2.3272, 1.6002, -4.4936)
(-2.5278, 1.4044, -4.3543)
(0.6745, 1.9843, -4.5869)
(0.5235, 2.1029, -4.4928)
(0.2614, 2.2373, -4.309)
(-0.031, 2.2738, -4.2972)
(-0.3375, 2.4963, -4.3016)
(-0.6055, 2.4011, -4.1149)
(-0.8487, 2.3249, -4.137)
(-1.1094, 2.221, -3.9536)
(-1.2915, 2.1031, -4.1785)
(-1.6015, 2.0137, -4.21)
(-1.8764, 2.0559, -4.4928)
(-2.1267, 1.8322, -4.5104)
(-2.3492, 1.8898, -4.7147)
(-2.486, 1.6035, -4.7389)
(-1.2737, 1.8204, 4.179)
(-1.6353, 2.0379, 4.0644)
(-1.6031, 1.8199, 4.1248)
(-2.1008, 2.4556, 3.89)
(-2.0198, 2.0913, 3.9958)
(-2.5602, 2.9031, 3.617)
(-2.4973, 2.5524, 3.7805)
(-3.005, 3.3196, 3.2842)
(-2.9463, 2.9942, 3.473)
(-3.4391, 3.7279, 2.9641)
(-3.385, 3.4158, 3.1296)
(-3.7772, 4.1018, 2.5084)
(-3.7451, 3.7894, 2.6767)
(-4.1076, 4.6229, 2.2101)
(-4.0585, 4.2171, 2.2683)
(-4.437, 4.7976, 2.0737)
(4.7376, -4.7748, 1.8864)
(4.105, -3.7634, 1.2999)
(4.1918, -3.6828, 1.1139)
(4.1464, -3.844, 0.8094)
(4.1627, -4.082, 0.8745)
(4.286, -4.3455, 1.2205)
(4.3997, -4.6625, 1.5983)
(1.4385, -1.4326, 3.8086)
(1.8864, -1.7619, 3.6447)
(2.3683, -2.222, 3.4724)
(2.8077, -2.7271, 3.3031)
(3.2229, -3.235, 3.1235)
(3.5266, -3.5239, 2.7473)
(3.8032, -3.7849, 2.2911)
(4.1649, -4.2465, 1.9246)
(0.9685, -1.5903, 3.4656)
(1.4576, -2.0268, 3.3094)
(1.9446, -2.5085, 3.1462)
(2.4025, -2.991, 2.9633)
(2.8437, -3.4655, 2.7556)
(3.2508, -3.6937, 2.4086)
(3.6192, -3.7492, 1.9631)
(4.0033, -3.9948, 1.5556)
(-0.5606, -1.001, 2.9889)
(0.015, -1.3648, 3.0558)
(0.5558, -1.8132, 3.0625)
(1.0521, -2.338, 2.9707)
(1.5437, -2.8118, 2.8098)
(2.0281, -3.2372, 2.5737)
(2.5106, -3.6318, 2.3001)
(3.021, -3.9225, 1.9857)
(3.5398, -3.9908, 1.6644)
(3.9178, -3.969, 1.2725)
(-0.7141, -1.189, 2.5434)
(-0.1789, -1.6047, 2.5517)
(0.2623, -2.1172, 2.5891)
(0.7074, -2.6273, 2.5627)
(1.2294, -3.0061, 2.3902)
(1.7682, -3.3003, 2.1293)
(2.3208, -3.5449, 1.8431)
(2.8584, -3.7903, 1.5306)
(3.4195, -3.9342, 1.4023)
(3.86, -3.8612, 1.1999)
(-0.9058, -1.4341, 2.0101)
(-0.3695, -1.8607, 2.0149)
(0.0572, -2.3779, 2.069)
(0.5286, -2.7618, 2.0447)
(1.1326, -2.8884, 1.9067)
(1.7556, -2.9784, 1.7519)
(2.3296, -3.1232, 1.4915)
(2.8557, -3.3312, 1.179)
(3.3901, -3.4474, 1.2038)
(3.8456, -3.5326, 1.3002)
(-1.099, -1.6985, 1.4882)
(-0.5473, -2.1138, 1.4889)
(-0.0535, -2.581, 1.5109)
(0.4989, -2.8862, 1.4831)
(1.1483, -2.8562, 1.4168)
(1.8004, -2.7366, 1.3624)
(2.4014, -2.699, 1.1981)
(2.9503, -2.857, 1.0635)
(3.498, -3.0719, 1.1308)
(3.8934, -3.3925, 1.2741)
(-1.2736, -1.9538, 0.9607)
(-0.699, -2.353, 0.9538)
(-0.1344, -2.7638, 0.9396)
(0.4778, -3.0297, 0.9043)
(1.1162, -2.9386, 0.8545)
(1.7234, -2.6512, 0.8161)
(2.2962, -2.3952, 0.7886)
(-1.3914, -2.1346, 0.3955)
(-0.7951, -2.4961, 0.3827)
(-0.1921, -2.8447, 0.3507)
(0.4437, -3.0067, 0.3062)
(1.0473, -2.8152, 0.2789)
(1.5963, -2.4651, 0.2734)
(2.0785, -2.1871, 0.2791)
(-1.4664, -2.2729, -0.1927)
(-0.8525, -2.5886, -0.2095)
(-0.2187, -2.8409, -0.2512)
(0.4232, -2.9143, -0.2927)
(0.9928, -2.691, -0.2981)
(1.4972, -2.3174, -0.2871)
(1.9535, -2.0294, -0.2827)
(-1.5219, -2.4073, -0.7837)
(-0.8942, -2.6806, -0.8002)
(-0.2332, -2.8145, -0.8459)
(0.418, -2.8275, -0.8906)
(0.9845, -2.6361, -0.8947)
(1.4525, -2.2374, -0.8739)
(1.8615, -1.8984, -0.8642)
(-1.5467, -2.5094, -1.383)
(-0.9056, -2.722, -1.3964)
(-0.2345, -2.7347, -1.4375)
(0.4155, -2.7169, -1.4873)
(0.9931, -2.58, -1.4996)
(1.4331, -2.1671, -1.4762)
(1.7898, -1.7773, -1.4647)
(-1.5446, -2.5861, -1.9863)
(-0.8959, -2.7563, -1.9934)
(-0.2369, -2.6714, -2.0303)
(0.4025, -2.6075, -2.0875)
(1.0044, -2.5061, -2.1067)
(1.4148, -2.0732, -2.0817)
(1.6932, -1.6198, -2.0635)
(-1.5225, -2.6455, -2.5902)
(-0.8693, -2.7642, -2.5892)
(-0.2536, -2.5625, -2.6094)
(0.3434, -2.3745, -2.6095)
(0.9629, -2.2484, -2.5713)
(1.4186, -1.8921, -2.6227)
(1.7084, -1.4931, -2.6798)
(-1.4835, -2.69, -3.1927)
(-0.8201, -2.7467, -3.1851)
(-0.2117, -2.4943, -3.1768)
(0.3672, -2.2081, -3.1208)
(0.9814, -2.0185, -3.0508)
(1.5068, -1.7535, -3.1816)
(1.8726, -1.4434, -3.309)
(-1.4262, -2.7291, -3.7919)
(-0.7601, -2.7221, -3.7799)
(-0.1195, -2.4738, -3.7602)
(0.479, -2.1907, -3.7242)
(1.0982, -1.9721, -3.6713)
(1.7074, -1.8135, -3.6825)
(2.1496, -1.6135, -3.6675)
(-1.3422, -2.7266, -4.3826)
(-0.6862, -2.7509, -4.3662)
(-0.0247, -2.5485, -4.3244)
(0.6065, -2.3059, -4.2725)
(1.2474, -2.081, -4.2)
(1.8512, -1.8654, -4.0848)
(2.2915, -1.6286, -3.9385)
(-1.2396, -2.6175, -4.9522)
(-0.611, -2.7445, -4.9474)
(0.0623, -2.61, -4.8806)
(0.7207, -2.3963, -4.7951)
(1.3575, -2.1369, -4.7024)
(1.91, -1.7736, -4.5791)
(2.3292, -1.4143, -4.44)
(-1.1552, -2.4572, -5.4255)
(-0.57, -2.6257, -5.4362)
(0.0974, -2.4805, -5.3634)
(0.7533, -2.2664, -5.2758)
(1.3885, -2.0021, -5.1766)
(1.9898, -1.6845, -5.0514)
(2.4585, -1.3762, -4.9163)
(1.8183, -1.2699, 4.0442)
(2.2585, -1.5391, 3.9276)
(2.7456, -1.9798, 3.7284)
(3.1842, -2.4585, 3.489)
(3.5772, -2.9607, 3.236)
(3.8756, -3.4294, 2.8801)
(4.1548, -3.8731, 2.4888)
(4.5207, -4.3609, 2.1683)
(5.2915, -4.6637, 2.0934)
(4.2559, -3.5698, 1.032)
(4.6395, -3.5762, 0.8769)
(5.1714, -3.6008, 0.9317)
(5.6399, -3.7377, 1.2206)
(5.8493, -4.0026, 1.6368)
(5.6503, -4.3719, 1.97)
(2.5056, -0.5237, 4.0892)
(2.9454, -0.9116, 3.9751)
(3.4331, -1.3805, 3.765)
(3.8581, -1.8768, 3.4712)
(4.2456, -2.3885, 3.1499)
(4.6225, -2.9211, 2.8078)
(4.9741, -3.4249, 2.4803)
(5.3317, -3.9378, 2.2097)
(2.635, -0.0745, 3.775)
(3.1711, -0.4961, 3.6298)
(3.6682, -0.9782, 3.403)
(4.0675, -1.4975, 3.1069)
(4.4336, -2.0326, 2.7962)
(4.8162, -2.5626, 2.4543)
(5.1619, -3.0849, 2.1351)
(5.5377, -3.6006, 1.8918)
(1.5732, 1.17, 3.3268)
(2.1043, 0.7297, 3.3481)
(2.6625, 0.275, 3.2825)
(3.2193, -0.1927, 3.1088)
(3.6702, -0.6988, 2.878)
(4.0128, -1.2404, 2.5826)
(4.3289, -1.7812, 2.2569)
(4.634, -2.3332, 1.9305)
(4.9422, -2.8899, 1.6652)
(5.3338, -3.407, 1.4771)
(1.6839, 1.374, 2.8834)
(2.1639, 0.9115, 2.8021)
(2.685, 0.4721, 2.6847)
(3.1341, -0.0253, 2.5324)
(3.447, -0.5944, 2.3435)
(3.7114, -1.1714, 2.0972)
(4.002, -1.704, 1.7836)
(4.2402, -2.2622, 1.5126)
(4.5049, -2.8488, 1.3427)
(4.8837, -3.3949, 1.1748)
(1.7574, 1.5827, 2.3152)
(2.1356, 1.0482, 2.2009)
(2.6071, 0.5753, 2.0797)
(2.9381, 0.0263, 1.9685)
(3.0805, -0.6192, 1.8777)
(3.2461, -1.2458, 1.7252)
(3.5056, -1.8047, 1.4538)
(3.7346, -2.3676, 1.215)
(4.0066, -2.9252, 1.1834)
(4.3884, -3.4423, 1.1257)
(1.7874, 1.7493, 1.7219)
(2.0519, 1.1522, 1.6137)
(2.4313, 0.6082, 1.5008)
(2.6688, 0.0115, 1.4262)
(2.7024, -0.6669, 1.4152)
(2.7851, -1.3287, 1.3513)
(2.983, -1.9564, 1.1877)
(3.2642, -2.5331, 1.096)
(3.6808, -2.9545, 1.1466)
(4.0741, -3.3871, 1.1978)
(1.8346, 1.888, 1.1226)
(2.0, 1.248, 1.0307)
(2.2102, 0.6238, 0.9479)
(2.3704, -0.0131, 0.9022)
(2.4096, -0.6862, 0.894)
(2.4565, -1.3517, 0.8702)
(2.541, -1.9691, 0.8122)
(1.9186, 1.9873, 0.5242)
(2.0787, 1.3486, 0.4491)
(2.1527, 0.6745, 0.3842)
(2.2496, 0.0066, 0.3481)
(2.3288, -0.6499, 0.3269)
(2.3685, -1.297, 0.3108)
(2.3346, -1.8421, 0.2933)
(1.997, 2.048, -0.0777)
(2.2211, 1.4287, -0.1366)
(2.2874, 0.7458, -0.1987)
(2.3553, 0.0764, -0.2369)
(2.416, -0.5674, -0.2569)
(2.4073, -1.1985, -0.2705)
(2.2731, -1.7131, -0.2809)
(2.0329, 2.1035, -0.6847)
(2.2852, 1.4904, -0.7375)
(2.3733, 0.8089, -0.7902)
(2.4348, 0.1447, -0.8263)
(2.4725, -0.4895, -0.8476)
(2.4095, -1.1057, -0.8591)
(2.2049, -1.5896, -0.8639)
(1.9959, 2.1542, -1.2886)
(2.2223, 1.5354, -1.3401)
(2.2937, 0.8536, -1.3838)
(2.3738, 0.1991, -1.4179)
(2.4504, -0.4195, -1.4375)
(2.3371, -0.9923, -1.4272)
(2.0972, -1.4477, -1.4355)
(1.8675, 2.1875, -1.8775)
(2.0409, 1.5548, -1.9179)
(2.0917, 0.8732, -1.9535)
(2.1258, 0.2384, -1.9121)
(2.1605, -0.3355, -1.7884)
(2.0758, -0.8331, -1.8145)
(1.9161, -1.257, -1.9677)
(1.6722, 2.1937, -2.4372)
(1.8046, 1.5409, -2.4638)
(1.8614, 0.8506, -2.5014)
(1.869, 0.231, -2.3809)
(1.8748, -0.308, -2.1047)
(1.9189, -0.7414, -2.2314)
(1.9054, -1.1055, -2.596)
(1.636, 2.0864, -2.8925)
(1.9012, 1.5501, -2.9096)
(1.9959, 0.8628, -2.9081)
(2.0015, 0.2128, -2.8102)
(1.9734, -0.374, -2.6329)
(2.0573, -0.7658, -2.8563)
(2.0997, -1.0607, -3.2482)
(1.6995, 1.982, -3.3662)
(2.1489, 1.5447, -3.3744)
(2.3579, 0.9046, -3.308)
(2.3887, 0.2319, -3.2198)
(2.2693, -0.4052, -3.1716)
(2.3242, -0.8865, -3.3003)
(2.397, -1.2566, -3.5161)
(1.6478, 1.9537, -3.9481)
(2.0889, 1.4537, -3.9268)
(2.2921, 0.8713, -3.7543)
(2.4133, 0.2783, -3.6416)
(2.5219, -0.2899, -3.5992)
(2.6192, -0.8481, -3.5899)
(2.5851, -1.3068, -3.7458)
(1.4518, 1.8568, -4.4487)
(1.7586, 1.328, -4.2689)
(2.0072, 0.8538, -4.0621)
(2.3575, 0.4354, -3.9876)
(2.6292, -0.0483, -3.9252)
(2.6911, -0.6134, -4.0071)
(2.6139, -1.0824, -4.2571)
(1.1291, 1.7765, -4.6428)
(1.4584, 1.3493, -4.3682)
(1.9569, 1.0138, -4.2825)
(2.4104, 0.6378, -4.2171)
(2.6059, 0.1038, -4.1999)
(2.755, -0.483, -4.3546)
(2.8305, -0.9659, -4.567)
(2.251, -0.8986, 4.2013)
(2.6159, -1.282, 4.0746)
(3.0939, -1.74, 3.8697)
(3.5177, -2.2181, 3.5734)
(3.8882, -2.7156, 3.2334)
(4.215, -3.257, 2.8777)
(4.5748, -3.7914, 2.5316)
(4.9622, -4.2969, 2.2589)
(-4.8647, 5.0975, 1.7448)
(-3.6994, 4.0168, 0.8937)
(-3.8257, 4.2388, 0.646)
(-4.1463, 4.3451, 0.3118)
(-4.5581, 4.3945, 0.382)
(-4.8125, 4.6002, 0.8373)
(-4.934, 4.8832, 1.3464)
(-1.9683, 1.1729, 3.7742)
(-2.3637, 1.5787, 3.6014)
(-2.7711, 2.0674, 3.3099)
(-3.131, 2.5545, 2.9493)
(-3.5045, 3.018, 2.5692)
(-3.9025, 3.4922, 2.1715)
(-4.2891, 3.9772, 1.821)
(-4.6555, 4.4594, 1.5668)
(-2.0258, 0.7439, 3.3858)
(-2.4524, 1.2137, 3.1529)
(-2.7973, 1.7369, 2.8283)
(-3.0779, 2.2561, 2.4547)
(-3.3631, 2.7633, 2.0637)
(-3.7021, 3.2733, 1.6928)
(-4.0706, 3.7828, 1.3751)
(-4.4642, 4.2403, 1.0892)
(-1.1164, -0.5961, 2.9782)
(-1.6103, -0.1321, 3.0039)
(-2.0953, 0.3718, 2.9107)
(-2.5488, 0.8881, 2.667)
(-2.9121, 1.4194, 2.3936)
(-3.2136, 1.9512, 2.0827)
(-3.4767, 2.4842, 1.7206)
(-3.7453, 3.022, 1.3615)
(-4.033, 3.5559, 1.0194)
(-4.3224, 4.0184, 0.6527)
(-1.2821, -0.8025, 2.5467)
(-1.8319, -0.4023, 2.5311)
(-2.3528, 0.0405, 2.4535)
(-2.8239, 0.5324, 2.2947)
(-3.2148, 1.054, 2.0713)
(-3.5008, 1.5942, 1.7682)
(-3.7079, 2.1416, 1.4019)
(-3.8961, 2.6897, 1.027)
(-4.0166, 3.2586, 0.7187)
(-4.0789, 3.837, 0.4637)
(-1.4837, -1.0574, 2.0224)
(-2.064, -0.6843, 2.0274)
(-2.6156, -0.276, 2.008)
(-2.979, 0.2364, 1.9215)
(-3.1701, 0.8329, 1.749)
(-3.3219, 1.4396, 1.4959)
(-3.4451, 2.018, 1.149)
(-3.5685, 2.5854, 0.7863)
(-3.6271, 3.1821, 0.6836)
(-3.6688, 3.8102, 0.7179)
(-1.6764, -1.314, 1.4947)
(-2.2591, -0.9375, 1.5001)
(-2.7922, -0.5089, 1.4774)
(-3.0087, 0.0704, 1.3936)
(-2.9662, 0.7485, 1.2874)
(-2.9364, 1.4216, 1.1684)
(-2.9303, 2.0726, 0.9729)
(-3.0419, 2.694, 0.7436)
(-3.2178, 3.2326, 0.8514)
(-3.445, 3.7247, 1.0396)
(-1.8524, -1.5588, 0.9584)
(-2.4349, -1.165, 0.9532)
(-2.9159, -0.6812, 0.9058)
(-3.0491, -0.0477, 0.8073)
(-2.913, 0.6354, 0.7129)
(-2.7562, 1.306, 0.6352)
(-2.6268, 1.9405, 0.5648)
(-1.9762, -1.7539, 0.3921)
(-2.5349, -1.3372, 0.3736)
(-2.927, -0.7985, 0.31)
(-2.972, -0.1452, 0.2153)
(-2.8154, 0.5134, 0.1366)
(-2.6636, 1.1588, 0.0714)
(-2.5383, 1.7085, 0.018)
(-2.0503, -1.9043, -0.1985)
(-2.5701, -1.4585, -0.2294)
(-2.8902, -0.8833, -0.297)
(-2.9038, -0.2355, -0.3782)
(-2.7695, 0.3953, -0.4445)
(-2.6369, 1.0164, -0.5015)
(-2.4992, 1.5379, -0.5535)
(-2.0983, -2.033, -0.7969)
(-2.5909, -1.5615, -0.8369)
(-2.8886, -0.9689, -0.9048)
(-2.929, -0.322, -0.9759)
(-2.8313, 0.3012, -1.0335)
(-2.6756, 0.9006, -1.0854)
(-2.4701, 1.3861, -1.1354)
(-2.1199, -2.1363, -1.4015)
(-2.5928, -1.6475, -1.4466)
(-2.8844, -1.0442, -1.5135)
(-2.9725, -0.394, -1.578)
(-2.9127, 0.2321, -1.6319)
(-2.6999, 0.8048, -1.6787)
(-2.4046, 1.2381, -1.7244)
(-2.1206, -2.2227, -2.0086)
(-2.5822, -1.726, -2.0557)
(-2.8634, -1.1131, -2.1215)
(-2.9568, -0.4547, -2.184)
(-2.8534, 0.1692, -2.2261)
(-2.5178, 0.6854, -2.2137)
(-2.214, 1.0532, -2.2655)
(-2.1089, -2.3053, -2.6148)
(-2.5713, -1.8124, -2.6609)
(-2.8627, -1.204, -2.7168)
(-2.8764, -0.5747, -2.743)
(-2.6037, -0.0132, -2.6974)
(-2.2563, 0.4693, -2.6332)
(-2.0837, 0.8248, -2.8093)
(-2.0817, -2.3907, -3.2174)
(-2.5011, -1.8853, -3.248)
(-2.7216, -1.2599, -3.2483)
(-2.7328, -0.6374, -3.2432)
(-2.444, -0.133, -3.1471)
(-2.1731, 0.3583, -3.1129)
(-2.1015, 0.8125, -3.3901)
(-1.9738, -2.4214, -3.7938)
(-2.2248, -1.8676, -3.7133)
(-2.2851, -1.2536, -3.5239)
(-2.3665, -0.6372, -3.4778)
(-2.3734, -0.0962, -3.5405)
(-2.375, 0.4423, -3.5449)
(-2.3785, 0.967, -3.609)
(-1.7309, -2.3494, -4.2899)
(-1.7576, -1.7661, -4.0327)
(-1.8365, -1.2146, -3.7644)
(-2.0341, -0.6401, -3.7513)
(-2.2226, -0.0216, -3.9146)
(-2.5034, 0.5672, -3.925)
(-2.6286, 1.0719, -3.8228)
(-1.4812, -2.1741, -4.7644)
(-1.4305, -1.5973, -4.4324)
(-1.6908, -1.1284, -4.2506)
(-2.0879, -0.6418, -4.2982)
(-2.2897, 0.0007, -4.4085)
(-2.4858, 0.6323, -4.4409)
(-2.5718, 1.1579, -4.3946)
(-1.3354, -1.9669, -5.2049)
(-1.3359, -1.4038, -4.8766)
(-1.722, -1.0473, -4.7293)
(-2.214, -0.6894, -4.7659)
(-2.4477, -0.0636, -4.8544)
(-2.5215, 0.6125, -4.9104)
(-2.5026, 1.1787, -4.8845)
(-1.8157, 1.5349, 4.0329)
(-2.161, 1.9324, 3.8925)
(-2.613, 2.401, 3.6473)
(-3.042, 2.8566, 3.3207)
(-3.4772, 3.2879, 2.9696)
(-3.8529, 3.729, 2.5594)
(-4.1969, 4.2054, 2.184)
(-4.5761, 4.7064, 1.9498)
(-4.5488, 5.402, 1.9616)
(-3.783, 4.0403, 0.9276)
(-3.7759, 4.3934, 0.7543)
(-3.6697, 4.9632, 0.704)
(-3.6436, 5.5211, 0.9361)
(-3.8557, 5.8233, 1.3455)
(-4.2308, 5.6982, 1.7541)
(-1.039, 2.1102, 4.0112)
(-1.4614, 2.4924, 3.8579)
(-1.934, 2.9482, 3.6284)
(-2.3852, 3.3812, 3.3187)
(-2.8388, 3.805, 3.0292)
(-3.261, 4.2318, 2.6949)
(-3.6228, 4.7146, 2.3145)
(-3.9549, 5.2683, 2.0081)
(-0.5434, 2.2326, 3.7196)
(-1.0247, 2.6706, 3.5187)
(-1.5094, 3.1211, 3.272)
(-1.9697, 3.5472, 2.9715)
(-2.3921, 4.0024, 2.691)
(-2.8253, 4.4733, 2.3777)
(-3.2649, 4.9511, 1.9987)
(-3.5981, 5.4583, 1.646)
(1.0047, 1.5654, 3.3363)
(0.4054, 1.9051, 3.3565)
(-0.1759, 2.2896, 3.2425)
(-0.7223, 2.7034, 3.0182)
(-1.2345, 3.0839, 2.7632)
(-1.7002, 3.4649, 2.4595)
(-2.083, 3.924, 2.1922)
(-2.5212, 4.3671, 1.9033)
(-3.0046, 4.74, 1.5726)
(-3.3816, 5.1737, 1.2672)
(1.1534, 1.7574, 2.8945)
(0.5484, 2.0092, 2.8024)
(-0.0181, 2.3168, 2.6336)
(-0.5898, 2.6189, 2.4414)
(-1.1715, 2.8534, 2.2424)
(-1.5866, 3.1981, 1.9574)
(-1.9405, 3.6042, 1.7172)
(-2.422, 3.9414, 1.5087)
(-2.9014, 4.2755, 1.2701)
(-3.3505, 4.6497, 1.0363)
(1.2896, 1.9523, 2.3288)
(0.6498, 2.0484, 2.202)
(0.0577, 2.2364, 2.0242)
(-0.5436, 2.448, 1.8647)
(-1.1937, 2.5392, 1.7424)
(-1.6025, 2.8354, 1.4951)
(-1.9894, 3.1684, 1.3219)
(-2.5131, 3.4279, 1.1942)
(-2.97, 3.8096, 1.0734)
(-3.4241, 4.1448, 1.0146)
(1.3702, 2.0997, 1.7343)
(0.7353, 2.0513, 1.6099)
(0.1283, 2.0906, 1.4391)
(-0.5057, 2.2292, 1.2981)
(-1.1762, 2.2387, 1.2188)
(-1.678, 2.4541, 1.0256)
(-2.1715, 2.7129, 0.9236)
(-2.6923, 2.9924, 0.8572)
(-3.0239, 3.4229, 0.9397)
(-3.4132, 3.7814, 1.108)
(1.4161, 2.2319, 1.1313)
(0.7879, 2.123, 1.0195)
(0.1747, 1.9772, 0.8711)
(-0.4732, 1.9777, 0.748)
(-1.1406, 1.9654, 0.6803)
(-1.7281, 2.0966, 0.5557)
(-2.2685, 2.263, 0.4989)
(1.4477, 2.3311, 0.524)
(0.7997, 2.2687, 0.4325)
(0.1767, 2.0306, 0.306)
(-0.4482, 1.8443, 0.1899)
(-1.0911, 1.7709, 0.1196)
(-1.7219, 1.8156, 0.0527)
(-2.2537, 1.9199, 0.0044)
(1.4756, 2.3774, -0.0862)
(0.8078, 2.3677, -0.1625)
(0.1597, 2.1951, -0.2677)
(-0.4473, 1.9516, -0.3812)
(-1.0461, 1.7578, -0.4619)
(-1.6656, 1.6833, -0.5099)
(-2.2003, 1.7206, -0.5528)
(1.5062, 2.3845, -0.6916)
(0.8375, 2.3438, -0.7632)
(0.1702, 2.245, -0.8531)
(-0.4572, 2.1043, -0.9517)
(-1.0373, 1.8989, -1.0408)
(-1.6208, 1.7098, -1.0988)
(-2.1349, 1.6154, -1.1365)
(1.5151, 2.3299, -1.2759)
(0.8804, 2.1593, -1.3247)
(0.2157, 2.0793, -1.4178)
(-0.4316, 2.0793, -1.5266)
(-1.041, 1.9964, -1.6259)
(-1.6163, 1.7824, -1.6956)
(-2.0714, 1.5401, -1.7275)
(1.421, 2.3493, -1.8307)
(0.8549, 2.052, -1.8585)
(0.2573, 1.8186, -1.9471)
(-0.3809, 1.7782, -1.979)
(-0.9786, 1.748, -2.0494)
(-1.5203, 1.5582, -2.1528)
(-1.9468, 1.311, -2.2428)
(1.249, 2.4704, -2.3742)
(0.7184, 2.1896, -2.3925)
(0.1902, 1.7936, -2.4759)
(-0.4097, 1.6132, -2.4092)
(-0.9479, 1.5443, -2.4377)
(-1.4546, 1.3447, -2.5977)
(-1.8712, 1.072, -2.7668)
(1.1086, 2.3382, -2.8449)
(0.5077, 2.2915, -2.8511)
(-0.0649, 2.0251, -2.938)
(-0.623, 1.84, -2.8569)
(-1.0767, 1.7313, -2.8991)
(-1.5318, 1.4501, -3.1292)
(-1.9122, 1.1103, -3.3074)
(1.0697, 2.2323, -3.3216)
(0.4148, 2.4174, -3.2975)
(-0.2256, 2.3584, -3.3071)
(-0.8235, 2.1947, -3.2138)
(-1.3337, 2.0165, -3.1927)
(-1.8159, 1.6742, -3.3433)
(-2.1965, 1.3136, -3.4898)
(1.063, 2.2991, -3.8954)
(0.4564, 2.4218, -3.7645)
(-0.1599, 2.3231, -3.5925)
(-0.8123, 2.151, -3.4935)
(-1.4577, 1.9543, -3.4455)
(-2.0499, 1.7559, -3.541)
(-2.4543, 1.4861, -3.7131)
(0.9502, 2.1969, -4.4402)
(0.3573, 2.207, -4.2162)
(-0.2076, 2.1621, -3.9164)
(-0.8208, 2.1334, -3.7323)
(-1.4158, 1.9307, -3.757)
(-1.9548, 1.7391, -4.0083)
(-2.3765, 1.5517, -4.265)
(0.7674, 2.0458, -4.6384)
(0.2542, 2.1788, -4.3804)
(-0.323, 2.3663, -4.215)
(-0.8656, 2.3369, -4.0002)
(-1.3492, 2.1105, -4.0444)
(-1.873, 1.9248, -4.3708)
(-2.3263, 1.7248, -4.6301)
(-1.4451, 1.9117, 4.1258)
(-1.8611, 2.2308, 3.9872)
(-2.3338, 2.6827, 3.7652)
(-2.7823, 3.1129, 3.4493)
(-3.2291, 3.5285, 3.1343)
(-3.6164, 3.9081, 2.7374)
(-3.9386, 4.3445, 2.3382)
(-4.2872, 4.9197, 2.1093)
