(-0.4755, -0.6116, -6.0073)
(0.0278, -0.4342, -5.6979)
(0.5814, -0.6757, -5.6331)
(1.2009, -0.6602, -5.5625)
(1.6904, -0.2211, -5.5448)
(-0.5092, -0.8941, -5.6768)
(-0.0839, -0.6379, -5.3413)
(2.1348, 0.2555, -5.482)
(0.4823, -0.7254, -5.2313)
(2.42, 0.5486, -5.3556)
(1.1171, -0.6164, -5.1604)
(1.6923, -0.2601, -5.1432)
(2.1439, 0.1873, -5.0591)
(2.5027, 0.5411, -5.0224)
(-0.536, -1.2425, -5.2343)
(-0.1796, -0.8918, -4.8962)
(0.3657, -0.6834, -4.7408)
(0.9642, -0.4578, -4.7018)
(1.5948, -0.1884, -4.6693)
(2.1101, 0.1276, -4.5183)
(2.5649, 0.2255, -4.4972)
(-0.5237, -1.5859, -4.7566)
(-0.0375, -1.2498, -4.4963)
(0.5029, -0.9139, -4.2849)
(1.0826, -0.6641, -4.2677)
(1.6436, -0.3657, -4.2504)
(2.0628, -0.0212, -4.0866)
(2.5744, -0.1055, -3.9836)
(-0.5053, -1.9236, -4.2838)
(0.1061, -1.7024, -4.1803)
(0.676, -1.3666, -3.9981)
(1.1948, -1.0307, -3.8847)
(1.464, -0.5335, -3.9445)
(1.7964, -0.138, -4.0382)
(2.0823, 0.2223, -4.1675)
(-0.4903, -2.152, -3.7371)
(0.1605, -2.0439, -3.7119)
(0.7217, -1.705, -3.5485)
(1.1844, -1.2921, -3.3904)
(1.4142, -0.7592, -3.4331)
(1.7267, -0.3033, -3.5483)
(1.9342, -0.0417, -3.5816)
(-0.4625, -2.3168, -3.1575)
(0.1809, -2.2782, -3.1651)
(0.6896, -1.9035, -3.0241)
(1.1495, -1.4785, -2.9043)
(1.5392, -1.0732, -2.9676)
(1.7707, -0.5564, -2.9193)
(1.8392, -0.1161, -2.8006)
(-0.4111, -2.4233, -2.5635)
(0.2483, -2.4687, -2.6123)
(0.8433, -2.2069, -2.5897)
(1.3337, -1.808, -2.5286)
(1.6986, -1.3343, -2.4622)
(1.9827, -0.8254, -2.3688)
(2.2023, -0.4215, -2.2904)
(-0.3469, -2.4841, -1.9619)
(0.317, -2.5724, -2.0257)
(0.95, -2.3779, -2.0404)
(1.4699, -2.0097, -1.9999)
(1.8774, -1.5489, -1.9187)
(2.2376, -1.0815, -1.8416)
(2.5057, -0.709, -1.779)
(-0.2802, -2.539, -1.3604)
(0.3815, -2.6689, -1.4327)
(1.0209, -2.4967, -1.4548)
(1.5659, -2.1404, -1.4227)
(2.0531, -1.7349, -1.3701)
(2.4909, -1.3204, -1.3192)
(2.8118, -0.9828, -1.2712)
(-0.2241, -2.638, -0.7667)
(0.4566, -2.8161, -0.8528)
(1.1328, -2.7119, -0.9044)
(1.7208, -2.3578, -0.8906)
(2.2591, -1.9526, -0.8527)
(2.753, -1.5543, -0.8105)
(3.1192, -1.2411, -0.7665)
(-0.1728, -2.7368, -0.1854)
(0.5322, -2.9457, -0.2726)
(1.2481, -2.9289, -0.3528)
(1.8969, -2.6104, -0.3828)
(2.4821, -2.1959, -0.3635)
(3.0273, -1.7876, -0.3185)
(3.4471, -1.4618, -0.2525)
(-0.0768, -2.6357, 0.389)
(0.6161, -2.8578, 0.3106)
(1.3289, -2.9459, 0.2309)
(2.0179, -2.7451, 0.1731)
(2.6569, -2.4079, 0.1521)
(3.2801, -2.0455, 0.1579)
(3.9642, -1.6265, 0.2422)
(0.0292, -2.4899, 0.968)
(0.7039, -2.6901, 0.8847)
(1.3982, -2.7692, 0.7997)
(2.0947, -2.6797, 0.7337)
(4.6168, -1.7537, 0.6095)
(2.7782, -2.5086, 0.669)
(3.4486, -2.2877, 0.5929)
(5.2764, -1.985, 0.8126)
(4.119, -2.0657, 0.5358)
(5.8188, -2.1464, 1.2306)
(4.753, -1.911, 0.5826)
(0.1339, -2.354, 1.5568)
(0.7942, -2.5297, 1.4583)
(1.4698, -2.5786, 1.3381)
(6.1219, -2.036, 1.2317)
(2.1425, -2.4913, 1.2199)
(5.2536, -1.801, 0.841)
(2.8184, -2.3715, 1.1189)
(3.4949, -2.2331, 1.0278)
(5.786, -1.8053, 1.1173)
(4.1719, -2.0902, 0.9434)
(6.2498, -1.7824, 1.1735)
(4.8161, -1.9847, 0.8498)
(0.2437, -2.2349, 2.1295)
(0.9033, -2.4329, 2.054)
(1.5902, -2.5998, 1.8893)
(5.3378, -1.9531, 0.7174)
(2.2722, -2.6604, 1.6813)
(2.9459, -2.6494, 1.488)
(5.8742, -1.8003, 0.765)
(3.6175, -2.5861, 1.3101)
(0.3363, -2.133, 2.5855)
(6.3249, -1.6442, 0.7859)
(4.2874, -2.4856, 1.1405)
(4.9451, -2.3507, 1.0213)
(1.7828, -2.4619, 2.4277)
(1.006, -2.2269, 2.72)
(5.5497, -2.2037, 0.9769)
(2.4699, -2.6251, 2.2099)
(3.143, -2.7416, 2.0006)
(6.1207, -2.1396, 0.8162)
(3.8121, -2.7938, 1.7865)
(6.5425, -2.021, 0.6406)
(4.4811, -2.7622, 1.5755)
(5.1569, -2.6372, 1.4208)
(1.521, -2.1647, 3.0601)
(2.051, -2.3141, 2.918)
(5.8098, -2.5218, 1.3366)
(2.6964, -2.4721, 2.7319)
(3.3656, -2.6169, 2.5313)
(6.4025, -2.4683, 1.1628)
(4.0361, -2.7392, 2.3223)
(6.8088, -2.4613, 0.9071)
(4.7198, -2.8115, 2.1042)
(5.4332, -2.8001, 1.887)
(1.8247, -1.9622, 3.4477)
(2.2891, -2.0386, 3.3217)
(6.0786, -2.8422, 1.6899)
(2.9096, -2.182, 3.1568)
(3.5704, -2.333, 2.9693)
(6.6455, -2.8683, 1.4747)
(4.2347, -2.4855, 2.7795)
(2.0667, -1.7748, 3.6063)
(7.0736, -2.8673, 1.2638)
(4.9134, -2.63, 2.5884)
(2.3991, -1.7216, 3.5984)
(3.0575, -1.8846, 3.4283)
(5.6148, -2.746, 2.3647)
(3.7142, -2.0465, 3.2583)
(6.2587, -2.908, 2.1528)
(4.3661, -2.203, 3.0708)
(5.0182, -2.3981, 2.9382)
(6.8148, -3.0289, 1.942)
(5.6621, -2.4902, 2.693)
(7.2124, -3.084, 1.7313)
(6.3071, -2.6879, 2.4965)
(7.1149, -3.0657, 2.0651)
(6.962, -2.8848, 2.3302)
(1.3255, 3.3356, -3.9953)
(1.7681, 2.8115, -3.9949)
(2.1923, 2.3062, -3.98)
(2.5959, 1.9276, -4.327)
(2.9101, 1.594, -4.7784)
(1.3451, 3.2394, -3.6414)
(1.8857, 2.8431, -3.7655)
(2.8015, 1.1194, -5.1294)
(2.3894, 2.402, -3.8876)
(2.6167, 0.7615, -5.2664)
(2.797, 1.9237, -4.1107)
(2.9715, 1.4037, -4.4325)
(2.7856, 0.9015, -4.7553)
(2.52, 0.5508, -5.0164)
(1.1455, 2.8313, -3.3982)
(1.6761, 2.4728, -3.6054)
(2.2181, 2.1039, -3.6777)
(2.6808, 1.6407, -3.7467)
(2.9457, 1.11, -3.9671)
(2.8227, 0.5949, -4.2782)
(2.586, 0.2262, -4.4984)
(1.0213, 2.4266, -3.0944)
(1.5979, 2.1529, -3.2504)
(2.121, 1.9005, -3.2383)
(2.4969, 1.4179, -3.2723)
(2.743, 0.9064, -3.5306)
(2.7091, 0.3827, -3.8471)
(2.5908, -0.0914, -3.9762)
(1.1413, 2.4685, -2.6351)
(1.6387, 2.2096, -2.8302)
(1.8768, 1.7146, -2.8921)
(2.1341, 1.2209, -2.9135)
(2.313, 0.8952, -3.334)
(2.3024, 0.4561, -3.6835)
(2.0997, 0.2262, -4.1398)
(1.2668, 2.7567, -2.2376)
(1.5705, 2.2595, -2.3779)
(1.7342, 1.6207, -2.4512)
(1.9159, 1.0754, -2.4665)
(2.0784, 0.7631, -2.8876)
(2.0997, 0.3377, -3.251)
(1.9825, 0.0242, -3.5714)
(1.4689, 2.7912, -1.7298)
(1.8315, 2.2677, -1.9179)
(2.042, 1.6525, -2.0377)
(2.0982, 1.0733, -2.0282)
(2.0529, 0.6177, -2.319)
(2.0583, 0.1408, -2.6229)
(1.848, -0.176, -2.8187)
(1.5847, 2.6376, -1.1689)
(2.0159, 2.1435, -1.3815)
(2.3506, 1.5946, -1.5905)
(2.5087, 1.0321, -1.7501)
(2.4072, 0.4815, -1.9161)
(2.3528, -0.0512, -2.136)
(2.2114, -0.4402, -2.3096)
(1.5679, 2.3805, -0.6243)
(2.0229, 1.9038, -0.831)
(2.4055, 1.3833, -1.0552)
(2.6715, 0.8459, -1.2693)
(2.7155, 0.2756, -1.4614)
(2.6459, -0.2832, -1.6431)
(2.5269, -0.714, -1.7845)
(1.5121, 2.1035, -0.087)
(1.9478, 1.618, -0.3013)
(2.3268, 1.0955, -0.5302)
(2.6615, 0.5769, -0.7397)
(2.8669, 0.0304, -0.9459)
(2.8924, -0.53, -1.1354)
(2.8322, -0.977, -1.2729)
(1.4312, 1.8202, 0.4409)
(1.8055, 1.3008, 0.1948)
(2.1708, 0.7689, -0.0449)
(2.5609, 0.2629, -0.2418)
(2.9038, -0.2469, -0.4302)
(3.1011, -0.7776, -0.6242)
(3.1391, -1.2317, -0.7625)
(1.3123, 1.5178, 0.9489)
(1.6562, 0.9858, 0.6838)
(2.0513, 0.4737, 0.4519)
(2.4798, -0.0261, 0.2621)
(2.9077, -0.5124, 0.0832)
(3.2848, -0.9869, -0.0972)
(3.4771, -1.4383, -0.2328)
(1.216, 1.229, 1.4655)
(1.6412, 0.7613, 1.2246)
(2.1332, 0.338, 1.014)
(2.5868, -0.144, 0.8255)
(3.0532, -0.6136, 0.6388)
(3.5404, -1.0478, 0.4453)
(4.0229, -1.5916, 0.2779)
(1.2127, 0.9832, 2.0103)
(1.7476, 0.6406, 1.7967)
(2.302, 0.2942, 1.5915)
(2.7892, -0.1466, 1.3941)
(4.6402, -1.7539, 0.6497)
(3.275, -0.5905, 1.1999)
(3.8167, -0.9505, 0.9868)
(5.3546, -2.0315, 0.8684)
(4.3729, -1.3023, 0.837)
(5.8768, -2.2217, 1.2677)
(4.9624, -1.568, 0.884)
(1.2595, 0.7591, 2.5706)
(1.8499, 0.4997, 2.3805)
(2.445, 0.2203, 2.1751)
(6.1757, -2.2942, 1.2482)
(2.9899, -0.1364, 1.963)
(5.5049, -1.9337, 1.1684)
(3.5136, -0.5144, 1.7525)
(4.0843, -0.806, 1.5262)
(6.0603, -2.1669, 1.2502)
(4.6635, -1.0961, 1.3527)
(6.4795, -2.2484, 1.1136)
(5.272, -1.2932, 1.2609)
(1.2822, 0.522, 3.1022)
(1.8899, 0.2785, 2.9621)
(2.5357, 0.061, 2.7581)
(5.8452, -1.6423, 1.3656)
(3.1525, -0.1888, 2.5333)
(3.7364, -0.4602, 2.3014)
(6.3342, -1.8755, 1.3002)
(4.3256, -0.7155, 2.0781)
(1.253, 0.2591, 3.4913)
(6.7916, -1.8698, 1.0383)
(4.9283, -0.9528, 1.9064)
(5.5497, -1.1723, 1.7897)
(2.5801, -0.2638, 3.2633)
(1.7963, -0.1212, 3.5461)
(6.1641, -1.4329, 1.7201)
(3.247, -0.4406, 3.0525)
(3.877, -0.6444, 2.8315)
(6.6806, -1.639, 1.5896)
(4.5012, -0.8379, 2.619)
(7.1947, -1.6674, 1.3755)
(5.1469, -1.0004, 2.4561)
(5.796, -1.2531, 2.3516)
(2.0696, -0.6414, 3.7027)
(2.6034, -0.7556, 3.5553)
(6.4027, -1.4634, 2.243)
(3.2445, -0.9086, 3.3856)
(3.8969, -1.0809, 3.2036)
(7.0022, -1.6243, 2.1072)
(4.5432, -1.2513, 3.0085)
(7.4903, -1.6489, 1.9327)
(5.1947, -1.4301, 2.8309)
(5.8591, -1.6618, 2.7601)
(2.0963, -1.1673, 3.782)
(2.5417, -1.2936, 3.6312)
(6.4811, -1.8033, 2.6478)
(3.1559, -1.4492, 3.4754)
(3.8107, -1.6142, 3.3208)
(7.135, -1.9306, 2.5185)
(4.4554, -1.7789, 3.1403)
(2.1565, -1.5028, 3.7212)
(7.5988, -1.9759, 2.3755)
(5.0803, -1.9588, 2.9439)
(2.4023, -1.7059, 3.611)
(3.0563, -1.8656, 3.439)
(5.7136, -2.1546, 2.8246)
(3.7115, -2.0288, 3.2725)
(6.3655, -2.3133, 2.6584)
(4.3603, -2.1801, 3.0762)
(5.01, -2.3748, 2.9383)
(7.0308, -2.4465, 2.5393)
(5.6391, -2.4799, 2.6753)
(7.4887, -2.4927, 2.5029)
(6.2484, -2.6448, 2.4984)
(7.2612, -2.7686, 2.5354)
(6.9729, -2.8686, 2.3504)
(-0.9582, -0.7688, -6.2172)
(-1.1607, -0.3659, -5.9625)
(-1.1178, 0.1249, -5.5543)
(-1.423, 0.6281, -5.3192)
(-1.9056, 1.1003, -5.2358)
(-2.2923, 1.6473, -5.0927)
(-1.0241, -1.0197, -5.8471)
(-1.3048, -0.607, -5.6235)
(-1.3001, -0.0961, -5.2274)
(-2.5331, 2.2044, -4.8631)
(-1.5431, 0.4305, -4.9487)
(-2.5962, 2.5425, -4.6169)
(-1.9814, 0.9233, -4.8467)
(-2.3872, 1.4513, -4.7149)
(-2.5985, 2.0092, -4.4796)
(-2.6292, 2.4746, -4.283)
(-1.0811, -1.318, -5.3583)
(-1.4577, -0.9009, -5.1638)
(-1.5447, -0.3466, -4.7953)
(-1.6787, 0.2056, -4.4476)
(-2.0189, 0.7057, -4.3361)
(-2.4801, 1.1857, -4.2199)
(-2.7046, 1.7334, -3.9912)
(-2.7388, 2.1695, -3.76)
(-1.1296, -1.6031, -4.8252)
(-1.5762, -1.2104, -4.6638)
(-1.7053, -0.6552, -4.3349)
(-1.8102, -0.1101, -3.9819)
(-2.0785, 0.3867, -3.87)
(-2.5029, 0.8975, -3.7246)
(-2.7253, 1.481, -3.5732)
(-2.8, 1.8615, -3.2387)
(-1.1552, -1.8324, -4.2709)
(-1.702, -1.4757, -4.1685)
(-1.9888, -0.9499, -3.9642)
(-2.0347, -0.4363, -3.616)
(-2.0969, 0.1485, -3.4476)
(-2.2578, 0.7292, -3.295)
(-2.3543, 1.3706, -3.4098)
(-2.312, 1.949, -3.6391)
(-1.1353, -1.9648, -3.6821)
(-1.7033, -1.59, -3.5936)
(-2.1498, -1.0925, -3.4823)
(-2.4162, -0.5176, -3.3312)
(-2.4589, 0.1089, -3.178)
(-2.3158, 0.6085, -2.9472)
(-2.2541, 1.138, -3.017)
(-2.2254, 1.6224, -3.1875)
(-1.0884, -2.0652, -3.085)
(-1.6459, -1.6699, -2.9972)
(-2.1441, -1.202, -2.909)
(-2.5525, -0.6706, -2.8248)
(-2.7525, -0.0708, -2.7256)
(-2.6703, 0.5057, -2.5737)
(-2.3694, 0.9958, -2.4679)
(-2.1126, 1.3456, -2.395)
(-1.0294, -2.1424, -2.4844)
(-1.5909, -1.751, -2.3989)
(-2.1143, -1.3118, -2.3164)
(-2.5628, -0.8168, -2.2367)
(-2.829, -0.2508, -2.1403)
(-2.8297, 0.3381, -2.004)
(-2.5712, 0.85, -1.8546)
(-2.4115, 1.2623, -1.7569)
(-0.9685, -2.2018, -1.8811)
(-1.5513, -1.839, -1.7998)
(-2.1062, -1.4385, -1.7243)
(-2.5717, -0.9639, -1.646)
(-2.8408, -0.4051, -1.5406)
(-2.8899, 0.1859, -1.3992)
(-2.7638, 0.7398, -1.2506)
(-2.6749, 1.1828, -1.1482)
(-0.9178, -2.269, -1.279)
(-1.5379, -1.9556, -1.2054)
(-2.129, -1.5979, -1.1397)
(-2.5985, -1.1215, -1.0598)
(-2.8545, -0.543, -0.946)
(-2.9485, 0.0657, -0.803)
(-2.9453, 0.6516, -0.6587)
(-2.9285, 1.1083, -0.5525)
(-0.8917, -2.3832, -0.6863)
(-1.5563, -2.1141, -0.6216)
(-2.1975, -1.7972, -0.5667)
(-2.6845, -1.3075, -0.4862)
(-2.9258, -0.6818, -0.366)
(-3.056, -0.0381, -0.2222)
(-3.1372, 0.5753, -0.0779)
(-3.175, 1.0475, 0.0386)
(-0.8622, -2.4866, -0.1078)
(-1.5508, -2.2303, -0.0406)
(-2.2332, -1.9431, 0.0184)
(-2.7892, -1.4874, 0.0886)
(-3.0837, -0.8368, 0.1908)
(-3.2381, -0.1497, 0.3303)
(-3.3575, 0.5045, 0.486)
(-3.4273, 1.0164, 0.635)
(-0.7584, -2.393, 0.4642)
(-1.4384, -2.1465, 0.536)
(-2.1176, -1.8878, 0.603)
(-2.7331, -1.5292, 0.6737)
(-3.1168, -0.9315, 0.7623)
(-3.3606, -0.2604, 0.8845)
(-3.5765, 0.4047, 1.0288)
(-3.8041, 1.1465, 1.2529)
(-0.6369, -2.2565, 1.0443)
(-1.2998, -2.019, 1.1148)
(-1.9565, -1.7763, 1.179)
(-2.557, -1.4552, 1.2384)
(-2.9846, -0.9359, 1.3028)
(-4.308, 1.3501, 1.7938)
(-3.3663, -0.3738, 1.4082)
(-3.762, 0.1829, 1.4865)
(-4.7949, 1.4857, 2.3571)
(-4.1914, 0.71, 1.5024)
(-5.281, 1.908, 2.6234)
(-0.5205, -2.1262, 1.6356)
(-4.5929, 1.1975, 1.6742)
(-1.1746, -1.8907, 1.7044)
(-1.8288, -1.6604, 1.7662)
(-2.4759, -1.4073, 1.8115)
(-5.1833, 2.1937, 2.586)
(-3.0568, -1.0457, 1.8153)
(-4.8569, 1.6381, 2.0682)
(-3.5874, -0.6108, 1.808)
(-4.0822, -0.1287, 1.7879)
(-5.0582, 2.0286, 2.4796)
(-4.5651, 0.3677, 1.7521)
(-5.1885, 2.4176, 2.6294)
(-4.9867, 0.9001, 1.7899)
(-0.4103, -2.0089, 2.1932)
(-1.0546, -1.763, 2.2748)
(-1.6852, -1.4915, 2.3524)
(-2.3577, -1.2102, 2.3688)
(-5.2454, 1.4799, 1.9758)
(-3.018, -0.9161, 2.3626)
(-3.6402, -0.5865, 2.3424)
(-5.3758, 2.0303, 2.2354)
(-4.2231, -0.2039, 2.2976)
(-0.3361, -1.9353, 2.5876)
(-0.9688, -1.6807, 2.7375)
(-5.4927, 2.4801, 2.3793)
(-4.7716, 0.2244, 2.2332)
(-5.2704, 0.6968, 2.1925)
(-2.2475, -0.9669, 2.9181)
(-1.4858, -1.3415, 3.0238)
(-5.639, 1.2429, 2.2583)
(-2.9056, -0.6444, 2.8866)
(-3.5477, -0.338, 2.8737)
(-5.84, 1.8325, 2.4021)
(-4.1715, -0.0156, 2.8515)
(-5.9633, 2.2958, 2.5332)
(-4.7582, 0.3634, 2.7967)
(-5.3145, 0.7819, 2.7314)
(-1.7357, -0.9986, 3.4783)
(-2.2328, -0.7268, 3.4529)
(-5.8642, 1.1377, 2.7344)
(-2.8306, -0.3949, 3.4242)
(-3.4559, -0.0702, 3.4058)
(-6.2184, 1.6243, 2.8025)
(-4.0905, 0.233, 3.3964)
(-6.425, 2.0607, 2.8615)
(-4.717, 0.5583, 3.369)
(-5.3109, 0.9552, 3.2992)
(-1.741, -0.6773, 3.9065)
(-2.1631, -0.4349, 3.9098)
(-5.9084, 1.2643, 3.2659)
(-2.7425, -0.1317, 3.9121)
(-3.3616, 0.1891, 3.9021)
(-6.4459, 1.5505, 3.3016)
(-3.9908, 0.4963, 3.895)
(-1.7702, -0.3924, 4.1002)
(-6.785, 1.8819, 3.281)
(-4.6261, 0.8021, 3.8794)
(-1.9879, -0.1471, 4.1735)
(-2.6209, 0.1362, 4.2215)
(-5.2459, 1.1449, 3.8001)
(-3.2548, 0.4243, 4.2475)
(-5.8627, 1.4218, 3.7725)
(-3.888, 0.7217, 4.2504)
(-4.5324, 0.992, 4.2924)
(-6.4351, 1.6696, 3.8165)
(-5.0434, 1.3892, 4.042)
(-6.8407, 1.8963, 3.7902)
(-5.6882, 1.6414, 4.06)
(-6.6377, 1.9542, 4.0498)
(-6.3028, 1.9734, 4.1208)
(0.764, 3.7139, -3.9039)
(0.1165, 3.9241, -3.8003)
(-0.5655, 4.0212, -3.7419)
(-1.2539, 4.0516, -3.7118)
(-1.9222, 3.9535, -3.7644)
(-2.4411, 3.6212, -3.9632)
(0.7598, 3.5537, -3.4943)
(0.1193, 3.7709, -3.3859)
(-0.5605, 3.8638, -3.332)
(-2.6312, 3.1334, -4.3024)
(-1.2488, 3.8549, -3.3183)
(-2.6675, 2.7507, -4.4847)
(-1.9099, 3.7303, -3.3854)
(-2.408, 3.3728, -3.6018)
(-2.5967, 2.8826, -3.9475)
(-2.63, 2.4889, -4.2679)
(0.6412, 3.1846, -3.1181)
(0.074, 3.4875, -2.9156)
(-0.5663, 3.6273, -2.8155)
(-1.2317, 3.5654, -2.8331)
(-1.8533, 3.4077, -2.9549)
(-2.3489, 3.0441, -3.1475)
(-2.6067, 2.5737, -3.4688)
(-2.7365, 2.1834, -3.7443)
(0.4734, 2.7382, -2.8429)
(-0.0574, 3.0573, -2.5632)
(-0.6007, 3.2833, -2.3416)
(-1.1683, 3.1615, -2.4424)
(-1.6064, 2.9839, -2.7625)
(-2.129, 2.7061, -2.8514)
(-2.5245, 2.3093, -3.0905)
(-2.7992, 1.8766, -3.2242)
(0.5232, 2.605, -2.4044)
(-0.0809, 2.7571, -2.1647)
(-0.5914, 2.8783, -1.9725)
(-1.0204, 2.7173, -2.2207)
(-1.2637, 2.615, -2.6374)
(-1.7435, 2.4822, -2.8584)
(-2.1655, 2.1807, -3.1235)
(-2.2754, 1.9002, -3.5378)
(0.6912, 2.9163, -2.0202)
(0.1007, 2.8703, -1.7762)
(-0.3201, 2.6247, -1.7174)
(-0.6753, 2.5206, -2.052)
(-1.0957, 2.3364, -2.2542)
(-1.5785, 2.1921, -2.4743)
(-1.9893, 1.9134, -2.7459)
(-2.1927, 1.6183, -3.0532)
(0.9207, 3.0314, -1.5235)
(0.3934, 2.8391, -1.3555)
(0.0201, 2.4686, -1.4861)
(-0.499, 2.3895, -1.6478)
(-1.0188, 2.1582, -1.7846)
(-1.5183, 1.9523, -1.9514)
(-1.9444, 1.6571, -2.1652)
(-2.1718, 1.3367, -2.3989)
(1.0672, 2.9246, -0.9881)
(0.5432, 2.6966, -0.9056)
(0.0029, 2.3709, -1.0255)
(-0.6084, 2.2088, -1.1585)
(-1.2082, 2.134, -1.2766)
(-1.7598, 1.9688, -1.4295)
(-2.1852, 1.6182, -1.6023)
(-2.4378, 1.2684, -1.7658)
(1.0144, 2.7216, -0.4762)
(0.3955, 2.7614, -0.4413)
(-0.2062, 2.5023, -0.516)
(-0.7976, 2.2064, -0.619)
(-1.3935, 2.0324, -0.7387)
(-1.9656, 1.8869, -0.8731)
(-2.4137, 1.5528, -1.0227)
(-2.6878, 1.1988, -1.1522)
(0.9519, 2.4623, 0.0547)
(0.3008, 2.624, 0.0946)
(-0.3592, 2.5251, 0.0361)
(-0.9846, 2.2864, -0.0729)
(-1.5782, 2.0426, -0.1895)
(-2.1408, 1.7943, -0.3084)
(-2.6173, 1.4607, -0.4416)
(-2.9322, 1.1286, -0.5513)
(0.916, 2.2165, 0.6057)
(0.2668, 2.3807, 0.6462)
(-0.4097, 2.3131, 0.5854)
(-1.0626, 2.124, 0.4771)
(-1.6857, 1.9022, 0.3645)
(-2.2768, 1.6526, 0.2521)
(-2.8067, 1.3636, 0.1359)
(-3.1762, 1.0671, 0.0469)
(0.8753, 1.9691, 1.1555)
(0.2476, 2.1315, 1.1986)
(-0.4141, 2.0117, 1.1111)
(-1.065, 1.8099, 0.9902)
(-1.7177, 1.6269, 0.8887)
(-2.3627, 1.4607, 0.8023)
(-2.9702, 1.29, 0.716)
(-3.4254, 1.0547, 0.6579)
(0.8297, 1.7052, 1.6987)
(0.2287, 1.8818, 1.7513)
(-0.4165, 1.7339, 1.6466)
(-1.072, 1.5738, 1.5315)
(-1.7472, 1.4642, 1.453)
(-2.4237, 1.3834, 1.3829)
(-3.0925, 1.3516, 1.307)
(-3.8201, 1.2074, 1.294)
(0.7966, 1.4326, 2.2418)
(0.2051, 1.6472, 2.3083)
(-0.4425, 1.5754, 2.2132)
(-1.1129, 1.5664, 2.116)
(-1.7947, 1.526, 2.0437)
(-4.3154, 1.3908, 1.7984)
(-2.4721, 1.4701, 1.9771)
(-3.1389, 1.5502, 1.8877)
(-4.8455, 1.4895, 2.4789)
(-3.7935, 1.6467, 1.8757)
(-5.3758, 1.8983, 2.6942)
(0.7635, 1.1446, 2.7756)
(-4.3922, 1.7092, 2.1365)
(0.1651, 1.4148, 2.8544)
(-0.4886, 1.5325, 2.795)
(-1.1635, 1.6333, 2.7105)
(-5.4826, 1.8543, 2.3032)
(-1.8445, 1.6635, 2.6315)
(-4.8997, 1.8138, 2.5346)
(-2.5198, 1.6451, 2.5604)
(-3.1708, 1.7833, 2.4605)
(-5.2843, 1.9226, 2.5986)
(-3.7732, 2.0073, 2.395)
(-5.3565, 2.0375, 2.2225)
(-4.3712, 2.0809, 2.5538)
(0.6982, 0.8171, 3.2329)
(0.0813, 1.0708, 3.3138)
(-0.5541, 1.2875, 3.3394)
(-1.2263, 1.5222, 3.2934)
(-4.9822, 2.2019, 2.7564)
(-1.9053, 1.6976, 3.2172)
(-2.5799, 1.8033, 3.1326)
(-5.4723, 2.3466, 2.7387)
(-3.2372, 1.9662, 3.0397)
(0.6345, 0.548, 3.5251)
(-0.0074, 0.7394, 3.6414)
(-5.4615, 2.5359, 2.3952)
(-3.8627, 2.2167, 2.9788)
(-4.4965, 2.3793, 3.063)
(-1.3678, 1.1969, 3.7771)
(-0.6294, 0.7852, 3.8412)
(-5.0711, 2.553, 3.1267)
(-2.0343, 1.481, 3.7375)
(-2.6977, 1.711, 3.6836)
(-5.622, 2.7881, 3.0697)
(-3.3616, 1.9256, 3.6147)
(-5.7753, 2.9654, 2.7451)
(-4.0241, 2.1795, 3.5692)
(-4.6942, 2.4527, 3.6021)
(-1.1008, 0.523, 4.0973)
(-1.6107, 0.7707, 4.088)
(-5.308, 2.7224, 3.6249)
(-2.2314, 1.0537, 4.0808)
(-2.8758, 1.3292, 4.0754)
(-5.8021, 3.0142, 3.5613)
(-3.5211, 1.5934, 4.0728)
(-6.083, 3.108, 3.2989)
(-4.1685, 1.8677, 4.085)
(-4.8253, 2.185, 4.0621)
(-1.3992, 0.1053, 4.2259)
(-1.852, 0.2889, 4.2016)
(-5.44, 2.5104, 4.0744)
(-2.4501, 0.5531, 4.2126)
(-3.0829, 0.8374, 4.2441)
(-5.9324, 2.8388, 4.0374)
(-3.7139, 1.1203, 4.2928)
(-1.6545, -0.1256, 4.2195)
(-6.2579, 3.0791, 3.9041)
(-4.3328, 1.3936, 4.317)
(-1.9894, -0.1267, 4.1828)
(-2.6229, 0.156, 4.2326)
(-4.9233, 1.678, 4.1583)
(-3.2569, 0.4415, 4.2615)
(-5.5523, 2.0257, 4.1566)
(-3.8869, 0.7337, 4.267)
(-4.5168, 1.0091, 4.3146)
(-6.0708, 2.3846, 4.212)
(-5.0187, 1.3783, 4.0064)
(-6.3513, 2.726, 4.2651)
(-5.6683, 1.6, 4.0021)
(-6.3274, 2.3643, 4.2379)
(-6.2894, 2.0065, 4.1339)
(7.1841, -3.1015, 1.9164)
(6.2055, -1.9209, 1.2366)
(6.2778, -1.6619, 0.9938)
(6.4187, -1.79, 0.6559)
(6.6736, -2.246, 0.744)
(6.9468, -2.6765, 1.0739)
(7.1705, -3.0057, 1.498)
(-0.9919, -0.8894, -6.043)
(-1.0537, -1.1657, -5.6148)
(-1.1069, -1.4651, -5.0939)
(-1.1472, -1.7287, -4.552)
(-1.1503, -1.9074, -3.9794)
(-1.114, -2.0172, -3.3838)
(-1.0598, -2.1068, -2.7851)
(-0.9985, -2.1733, -2.1829)
(-0.9407, -2.2316, -1.5794)
(-0.9018, -2.3195, -0.981)
(-0.8832, -2.4514, -0.3955)
(-0.8175, -2.4585, 0.178)
(-0.6971, -2.3237, 0.7528)
(-0.5785, -2.1909, 1.3387)
(-0.4624, -2.0634, 1.9293)
(-0.3697, -1.968, 2.4058)
(-0.7684, -1.016, -5.8069)
(-0.797, -1.3413, -5.3384)
(-0.8224, -1.6483, -4.8213)
(-0.8322, -1.9173, -4.2908)
(-0.8193, -2.0897, -3.7157)
(-0.7839, -2.2173, -3.1246)
(-0.7284, -2.3036, -2.5256)
(-0.664, -2.3591, -1.9222)
(-0.6021, -2.4127, -1.3192)
(-0.5589, -2.5129, -0.7247)
(-0.5185, -2.6123, -0.1453)
(-0.4182, -2.5149, 0.4269)
(-0.3043, -2.3745, 1.0069)
(-0.1934, -2.243, 1.598)
(-0.0834, -2.125, 2.1595)
(-0.0037, -2.0426, 2.5698)
(-0.7333, -0.7442, -6.1583)
(-0.2233, -0.4767, -5.8318)
(0.2921, -0.5361, -5.6481)
(0.8972, -0.7287, -5.5983)
(1.4582, -0.4719, -5.5512)
(1.9217, 0.0299, -5.5196)
(2.3046, 0.4373, -5.4373)
(7.0386, -2.9863, 2.2001)
(6.6346, -2.7863, 2.4133)
(5.9846, -2.589, 2.5947)
(5.3401, -2.4441, 2.8156)
(4.6921, -2.3006, 3.0045)
(4.0401, -2.1247, 3.1646)
(3.3858, -1.9655, 3.3433)
(2.7283, -1.8031, 3.5134)
(2.2237, -1.7363, 3.6126)
(2.3309, 0.3621, -5.0263)
(1.9332, -0.0302, -5.1061)
(1.4179, -0.4616, -5.1527)
(0.8006, -0.7107, -5.1922)
(0.1792, -0.6656, -5.2653)
(-0.2959, -0.7352, -5.4974)
(2.3375, 0.1988, -4.4922)
(1.8676, -0.0174, -4.5935)
(1.2844, -0.3332, -4.6982)
(0.6614, -0.5772, -4.713)
(0.0706, -0.7741, -4.7928)
(-0.3551, -1.0677, -5.0641)
(2.2792, 0.0152, -4.0622)
(1.8635, -0.1722, -4.1663)
(1.3763, -0.5302, -4.2777)
(0.79, -0.7846, -4.2587)
(0.2227, -1.07, -4.3694)
(-0.273, -1.4373, -4.6376)
(1.9656, 0.0106, -4.0585)
(1.6192, -0.3141, -3.9987)
(1.3435, -0.7897, -3.8981)
(0.9599, -1.2119, -3.9223)
(0.3917, -1.5344, -4.0913)
(-0.1918, -1.8433, -4.2464)
(1.8476, -0.1459, -3.5635)
(1.5662, -0.5107, -3.4974)
(1.3078, -1.0316, -3.3886)
(0.9797, -1.5112, -3.4527)
(0.4503, -1.8905, -3.6429)
(-0.1577, -2.1354, -3.7402)
(1.8417, -0.3377, -2.8771)
(1.6726, -0.8157, -2.958)
(1.3604, -1.2858, -2.9309)
(0.9232, -1.6848, -2.943)
(0.4491, -2.1172, -3.1079)
(-0.1312, -2.343, -3.1771)
(2.0944, -0.6114, -2.3273)
(1.8504, -1.074, -2.4166)
(1.5292, -1.5803, -2.4978)
(1.1039, -2.0176, -2.5606)
(0.5575, -2.3674, -2.6092)
(-0.0802, -2.4843, -2.595)
(2.3804, -0.8853, -1.8093)
(2.0662, -1.3075, -1.8781)
(1.6823, -1.7867, -1.9616)
(1.2265, -2.2093, -2.0268)
(0.6434, -2.5058, -2.0401)
(-0.0169, -2.5612, -1.9981)
(2.6621, -1.143, -1.2951)
(2.2838, -1.5225, -1.3441)
(1.8138, -1.9413, -1.3971)
(1.3045, -2.3308, -1.4437)
(0.7098, -2.6177, -1.4514)
(0.0491, -2.6345, -1.4003)
(2.949, -1.3874, -0.7882)
(2.5182, -1.747, -0.832)
(1.9931, -2.1564, -0.8726)
(1.4372, -2.5529, -0.9038)
(0.8013, -2.8036, -0.8861)
(0.114, -2.7503, -0.811)
(3.259, -1.6139, -0.2882)
(2.7638, -1.9852, -0.3436)
(2.1944, -2.4066, -0.3777)
(1.5827, -2.7964, -0.375)
(0.8936, -2.9763, -0.3164)
(0.1766, -2.8564, -0.2281)
(5.9852, -2.1047, 1.2273)
(5.5476, -2.0657, 1.0216)
(4.9466, -1.8693, 0.711)
(4.2905, -1.6901, 0.4258)
(3.5984, -1.8628, 0.179)
(2.9684, -2.2267, 0.151)
(2.3421, -2.584, 0.1587)
(1.6792, -2.8759, 0.1977)
(0.9721, -2.9322, 0.2697)
(0.267, -2.7536, 0.3504)
(6.0265, -1.7995, 1.1667)
(5.5196, -1.7965, 0.9979)
(5.0092, -1.8442, 0.6914)
(4.4505, -1.9822, 0.5362)
(3.7833, -2.171, 0.5585)
(3.1143, -2.4026, 0.6314)
(2.4385, -2.6012, 0.7027)
(1.7474, -2.7409, 0.7648)
(1.0493, -2.7504, 0.8408)
(0.3644, -2.5989, 0.9273)
(6.1094, -1.7188, 0.7832)
(5.6087, -1.8881, 0.7278)
(5.0831, -1.9733, 0.7718)
(4.5071, -2.0261, 0.9045)
(3.8331, -2.1609, 0.9841)
(3.1567, -2.3042, 1.0727)
(2.48, -2.4331, 1.1675)
(1.8064, -2.5456, 1.2773)
(1.1312, -2.5733, 1.3997)
(0.4623, -2.4531, 1.5106)
(6.346, -2.0881, 0.7263)
(5.8478, -2.1689, 0.9083)
(5.2511, -2.27, 1.0031)
(4.6215, -2.4233, 1.0688)
(3.9524, -2.5399, 1.2231)
(3.2819, -2.6234, 1.3981)
(2.6096, -2.6619, 1.5819)
(1.9327, -2.6428, 1.7861)
(1.2449, -2.5255, 1.9821)
(0.5709, -2.3364, 2.0991)
(6.6229, -2.4616, 1.0404)
(6.1242, -2.4873, 1.2642)
(5.4864, -2.5732, 1.3798)
(4.82, -2.7059, 1.4867)
(4.1457, -2.7908, 1.678)
(3.4778, -2.7766, 1.8946)
(2.8078, -2.6905, 2.1047)
(2.1272, -2.5478, 2.3186)
(1.4326, -2.3667, 2.5401)
(0.6801, -2.1969, 2.6303)
(6.8719, -2.8696, 1.3681)
(6.377, -2.8601, 1.5839)
(5.7653, -2.8161, 1.7884)
(5.0789, -2.8071, 1.9934)
(4.3735, -2.7867, 2.2143)
(3.7006, -2.6814, 2.428)
(3.0313, -2.547, 2.6324)
(2.3633, -2.3932, 2.8293)
(1.775, -2.2383, 2.9931)
(7.0276, -3.0616, 1.8365)
(6.5541, -2.9777, 2.0477)
(5.9455, -2.8247, 2.2571)
(5.2661, -2.6859, 2.4781)
(4.5702, -2.5619, 2.6869)
(3.9019, -2.4087, 2.8737)
(3.2398, -2.2582, 3.0644)
(2.5846, -2.1047, 3.2438)
(2.0423, -1.9938, 3.3881)
(1.693, -2.0732, 3.2687)
(2.1795, -2.1884, 3.1369)
(2.8092, -2.3379, 2.9629)
(3.4743, -2.4852, 2.7685)
(4.1428, -2.626, 2.5687)
(4.8275, -2.7408, 2.3614)
(5.5426, -2.8024, 2.1351)
(6.1854, -2.9164, 1.9209)
(6.743, -2.9922, 1.701)
(1.2905, -2.2169, 2.8682)
(1.913, -2.3941, 2.6802)
(2.5815, -2.5621, 2.4776)
(3.2533, -2.7023, 2.2723)
(3.9234, -2.7967, 2.0578)
(4.5999, -2.8166, 1.8394)
(5.2961, -2.7385, 1.6507)
(5.9484, -2.6976, 1.5027)
(6.5308, -2.6738, 1.3109)
(0.2919, -2.1826, 2.3687)
(0.9674, -2.3558, 2.3478)
(1.6756, -2.546, 2.1627)
(2.3653, -2.6735, 1.9395)
(3.0391, -2.7341, 1.729)
(3.7088, -2.7285, 1.5241)
(4.3759, -2.6563, 1.3263)
(5.0398, -2.5129, 1.1953)
(5.6763, -2.3537, 1.1609)
(6.2637, -2.3014, 0.9828)
(0.1897, -2.292, 1.8532)
(0.8452, -2.4815, 1.7568)
(1.5221, -2.5861, 1.6125)
(2.1956, -2.5603, 1.4459)
(2.8687, -2.4841, 1.2978)
(3.543, -2.3782, 1.1674)
(4.2175, -2.258, 1.0449)
(4.8691, -2.148, 0.9315)
(5.4321, -2.0728, 0.8058)
(5.9833, -1.9519, 0.7274)
(0.0809, -2.4203, 1.2607)
(0.748, -2.6024, 1.1689)
(1.431, -2.6517, 1.0697)
(2.1151, -2.5595, 0.9858)
(2.7983, -2.4209, 0.9084)
(3.4751, -2.2493, 0.8254)
(4.1496, -2.0706, 0.7493)
(4.7858, -1.9278, 0.709)
(5.2799, -1.8464, 0.7592)
(5.8118, -1.7522, 0.9382)
(-0.0234, -2.5617, 0.6775)
(0.6599, -2.777, 0.5991)
(1.3644, -2.8753, 0.5197)
(2.0623, -2.744, 0.4591)
(2.7286, -2.4948, 0.4139)
(3.3815, -2.2011, 0.3742)
(4.0508, -1.9267, 0.3849)
(4.6939, -1.8545, 0.5537)
(5.2512, -1.8578, 0.8629)
(5.7837, -1.9392, 1.184)
(-0.1293, -2.7055, 0.1019)
(0.5731, -2.9244, 0.0194)
(1.2918, -2.9664, -0.0628)
(1.9644, -2.6983, -0.1106)
(2.5756, -2.3059, -0.1091)
(3.1593, -1.9071, -0.0749)
(3.7057, -1.5442, -0.0052)
(-0.2016, -2.7032, -0.4746)
(0.494, -2.8989, -0.5634)
(1.1936, -2.8346, -0.6321)
(1.8122, -2.4898, -0.6391)
(2.3732, -2.0752, -0.6084)
(2.89, -1.6711, -0.5634)
(3.2831, -1.3515, -0.5095)
(-0.25, -2.5811, -1.0621)
(0.4183, -2.736, -1.1417)
(1.0725, -2.5931, -1.1763)
(1.6357, -2.2372, -1.1502)
(2.1513, -1.8381, -1.1062)
(2.6201, -1.4375, -1.0625)
(2.9655, -1.112, -1.0188)
(-0.3131, -2.5089, -1.6606)
(0.3485, -2.6162, -1.7279)
(0.9832, -2.4311, -1.7449)
(1.5149, -2.0714, -1.7085)
(1.964, -1.6417, -1.6427)
(2.364, -1.2024, -1.5793)
(2.6588, -0.8459, -1.5251)
(-0.3799, -2.4574, -2.2632)
(0.2842, -2.5284, -2.3225)
(0.9083, -2.3116, -2.3298)
(1.4145, -1.9294, -2.2831)
(1.7872, -1.4465, -2.1929)
(2.1102, -0.9557, -2.1048)
(2.354, -0.5653, -2.0347)
(-0.4393, -2.3772, -2.8619)
(0.2103, -2.3819, -2.891)
(0.7535, -2.0537, -2.8075)
(1.2269, -1.6392, -2.7195)
(1.617, -1.2123, -2.7232)
(1.8609, -0.6919, -2.6361)
(2.0207, -0.2688, -2.5455)
(-0.4791, -2.2408, -3.4492)
(0.1682, -2.1685, -3.4409)
(0.6938, -1.8014, -3.2786)
(1.1487, -1.3752, -3.1325)
(1.4649, -0.9143, -3.1942)
(1.7327, -0.4228, -3.2278)
(1.8867, -0.0789, -3.1911)
(-0.4982, -2.0505, -4.0187)
(0.1428, -1.8915, -3.9658)
(0.7186, -1.5619, -3.7979)
(1.2043, -1.1805, -3.6497)
(1.4097, -0.6321, -3.7027)
(1.7356, -0.2091, -3.8481)
(2.0083, 0.0903, -3.8746)
(-0.5138, -1.7624, -4.5249)
(0.0452, -1.4772, -4.3435)
(0.5994, -1.1342, -4.1399)
(1.1532, -0.8488, -4.0811)
(1.5688, -0.4537, -4.1074)
(1.9328, -0.082, -4.0666)
(2.3284, 0.0584, -4.0756)
(-0.5334, -1.4143, -4.9942)
(-0.1287, -1.0543, -4.6815)
(0.4091, -0.7563, -4.4921)
(0.9991, -0.5156, -4.4755)
(1.6257, -0.2567, -4.4404)
(2.1078, 0.0573, -4.2526)
(2.5697, 0.06, -4.2404)
(-0.5261, -1.0643, -5.4671)
(-0.1516, -0.7553, -5.1242)
(0.4061, -0.6944, -4.9942)
(1.0243, -0.52, -4.935)
(1.6336, -0.2119, -4.9108)
(2.1255, 0.1649, -4.7991)
(2.5338, 0.3833, -4.7598)
(-0.492, -0.7459, -5.8522)
(-0.0234, -0.533, -5.5288)
(0.54, -0.7154, -5.4405)
(1.1731, -0.6584, -5.3672)
(1.7071, -0.2585, -5.3515)
(2.1452, 0.2179, -5.2818)
(2.477, 0.5697, -5.2079)
(1.9406, -1.8554, 3.5575)
(2.3716, -1.8902, 3.4637)
(2.9895, -2.0305, 3.3055)
(3.6476, -2.1864, 3.1255)
(4.3064, -2.3452, 2.9427)
(4.9728, -2.5086, 2.7696)
(5.6491, -2.6386, 2.5468)
(6.2942, -2.8198, 2.3412)
(6.8625, -2.981, 2.1439)
(7.3849, -2.6651, 2.5364)
(6.329, -2.31, 1.1919)
(6.6263, -2.0713, 1.0411)
(6.9917, -1.7396, 1.1579)
(7.3637, -1.6268, 1.6476)
(7.5717, -1.7683, 2.1897)
(7.5659, -2.2415, 2.4645)
(0.7707, 3.6514, -3.6998)
(0.717, 3.3947, -3.2916)
(0.5438, 2.9488, -2.9879)
(0.4727, 2.608, -2.6321)
(0.597, 2.7435, -2.2119)
(0.8048, 3.0129, -1.7866)
(1.0169, 2.9957, -1.2537)
(1.0559, 2.8324, -0.7313)
(0.9781, 2.5942, -0.2144)
(0.9329, 2.3373, 0.3291)
(0.897, 2.0946, 0.8815)
(0.8519, 1.8389, 1.4275)
(0.8115, 1.5693, 1.9701)
(0.7829, 1.294, 2.5122)
(0.7333, 0.9794, 3.0224)
(0.6653, 0.6757, 3.3936)
(1.0592, 3.4078, -3.5671)
(0.8954, 3.0102, -3.2568)
(0.7435, 2.5805, -2.9748)
(0.8369, 2.5416, -2.5201)
(1.0018, 2.8712, -2.1382)
(1.2094, 2.9604, -1.6309)
(1.3318, 2.8344, -1.0726)
(1.3033, 2.5789, -0.5392)
(1.2476, 2.303, -0.0046)
(1.1944, 2.0418, 0.5376)
(1.1164, 1.7676, 1.0677)
(1.0375, 1.4847, 1.5943)
(1.0089, 1.212, 2.1345)
(1.0114, 0.9477, 2.6789)
(0.9916, 0.6685, 3.1702)
(0.947, 0.4142, 3.4984)
(1.0601, 3.5473, -3.9565)
(1.5555, 3.0828, -4.01)
(1.9815, 2.547, -3.9607)
(2.3945, 2.1009, -4.1153)
(2.791, 1.7725, -4.5575)
(2.8953, 1.3618, -4.9715)
(2.7003, 0.9173, -5.2406)
(7.1211, -2.8287, 2.4636)
(6.6106, -2.7567, 2.4244)
(5.9437, -2.5624, 2.5868)
(5.3245, -2.4274, 2.8068)
(4.6852, -2.2775, 3.0073)
(4.0359, -2.1044, 3.1744)
(3.3839, -1.9472, 3.3558)
(2.7293, -1.7857, 3.525)
(2.2634, -1.6124, 3.668)
(2.6601, 0.7042, -4.8821)
(2.9072, 1.1411, -4.6021)
(2.9282, 1.6675, -4.264)
(2.6114, 2.1682, -3.984)
(2.1444, 2.6269, -3.82)
(1.6197, 3.0492, -3.7076)
(2.7034, 0.3969, -4.3987)
(2.9208, 0.8394, -4.1252)
(2.8554, 1.3804, -3.8365)
(2.4639, 1.8845, -3.7005)
(1.9511, 2.2953, -3.6532)
(1.4057, 2.6512, -3.5187)
(2.6255, 0.1735, -3.9668)
(2.7589, 0.6348, -3.6939)
(2.6462, 1.1635, -3.3794)
(2.3246, 1.6789, -3.2325)
(1.8744, 2.0437, -3.2565)
(1.3091, 2.2805, -3.1925)
(2.2357, 0.2886, -3.8575)
(2.3304, 0.6791, -3.5242)
(2.2439, 1.0572, -3.0972)
(2.002, 1.447, -2.8704)
(1.7735, 1.9825, -2.883)
(1.4205, 2.3664, -2.7429)
(2.0505, 0.1653, -3.4012)
(2.1102, 0.5557, -3.0884)
(2.0078, 0.9143, -2.647)
(1.8214, 1.3179, -2.4294)
(1.6568, 1.9433, -2.4319)
(1.4505, 2.5435, -2.3146)
(2.0029, -0.0384, -2.7425)
(2.0598, 0.3724, -2.482)
(2.0743, 0.8413, -2.1451)
(2.0899, 1.3481, -2.0186)
(1.9546, 1.9635, -1.9995)
(1.6737, 2.5515, -1.8255)
(2.2912, -0.2603, -2.2279)
(2.3785, 0.2035, -2.0257)
(2.4696, 0.7571, -1.8264)
(2.4641, 1.3124, -1.6749)
(2.1972, 1.8731, -1.4903)
(1.8125, 2.4008, -1.2729)
(2.5892, -0.5104, -1.7184)
(2.6894, -0.015, -1.5555)
(2.7169, 0.5648, -1.3669)
(2.5621, 1.1176, -1.1649)
(2.2234, 1.6462, -0.9428)
(1.8061, 2.1514, -0.7234)
(2.867, -0.7646, -1.209)
(2.8978, -0.2577, -1.0459)
(2.7862, 0.3094, -0.8429)
(2.5039, 0.8369, -0.6366)
(2.1413, 1.3571, -0.4172)
(1.742, 1.871, -0.1885)
(3.1342, -1.0103, -0.6981)
(3.0244, -0.517, -0.5311)
(2.7449, 0.0121, -0.3343)
(2.3657, 0.5134, -0.1474)
(1.9842, 1.0323, 0.0702)
(1.6282, 1.568, 0.3225)
(3.4091, -1.2119, -0.1706)
(3.1112, -0.7527, -0.0099)
(2.6952, -0.2705, 0.1734)
(2.264, 0.2224, 0.3534)
(1.8462, 0.7269, 0.5617)
(1.4844, 1.2521, 0.8164)
(6.0252, -2.2598, 1.2683)
(5.6157, -2.1266, 1.0681)
(4.9974, -1.8927, 0.7591)
(4.3315, -1.6728, 0.4638)
(3.7723, -1.2849, 0.3607)
(3.2985, -0.83, 0.5405)
(2.8156, -0.3847, 0.7334)
(2.3636, 0.1022, 0.9181)
(1.8871, 0.5522, 1.1159)
(1.4151, 0.9852, 1.3407)
(6.2843, -2.2184, 1.197)
(5.7904, -2.0748, 1.2458)
(5.2344, -1.7484, 1.0228)
(4.6698, -1.4323, 0.8244)
(4.0909, -1.1348, 0.8968)
(3.5417, -0.7748, 1.0925)
(3.0265, -0.3772, 1.2991)
(2.5517, 0.0825, 1.4913)
(2.0317, 0.4777, 1.6941)
(1.4644, 0.7987, 1.899)
(6.5641, -1.8922, 1.1831)
(6.0979, -1.7897, 1.3649)
(5.5681, -1.458, 1.3086)
(4.9665, -1.1893, 1.2834)
(4.3716, -0.9602, 1.4333)
(3.795, -0.6643, 1.6369)
(3.2488, -0.3326, 1.8599)
(2.7235, 0.0506, 2.0683)
(2.1528, 0.3698, 2.2806)
(1.544, 0.618, 2.4735)
(6.9353, -1.6692, 1.4891)
(6.4302, -1.5544, 1.6667)
(5.8655, -1.2999, 1.7552)
(5.2362, -1.0602, 1.8401)
(4.625, -0.8375, 1.9852)
(4.0293, -0.5902, 2.1857)
(3.4461, -0.3246, 2.418)
(2.8497, -0.0591, 2.6465)
(2.2121, 0.1709, 2.8667)
(1.5801, 0.3929, 3.0367)
(7.2575, -1.6495, 2.0232)
(6.7103, -1.5564, 2.1798)
(6.1011, -1.3649, 2.3)
(5.4755, -1.1221, 2.4002)
(4.8211, -0.9133, 2.5292)
(4.1875, -0.7469, 2.7217)
(3.5655, -0.5405, 2.9427)
(2.9171, -0.348, 3.1594)
(2.2328, -0.1877, 3.371)
(1.5464, 0.0846, 3.5041)
(7.3872, -1.9618, 2.4484)
(6.8185, -1.8719, 2.584)
(6.1674, -1.7403, 2.7104)
(5.531, -1.5492, 2.7904)
(4.8662, -1.3338, 2.9088)
(4.2204, -1.1674, 3.108)
(3.5723, -0.9939, 3.2958)
(2.915, -0.8277, 3.4729)
(2.3261, -0.6951, 3.631)
(7.2808, -2.4779, 2.5146)
(6.7127, -2.3875, 2.5875)
(6.0332, -2.2375, 2.7449)
(5.3958, -2.0586, 2.8822)
(4.7686, -1.8656, 3.0356)
(4.1355, -1.696, 3.2359)
(3.4837, -1.5318, 3.3991)
(2.833, -1.3685, 3.5532)
(2.3032, -1.2278, 3.7073)
(2.0981, -0.9189, 3.7603)
(2.5804, -1.0331, 3.6143)
(3.2062, -1.1858, 3.4556)
(3.8612, -1.3527, 3.292)
(4.5078, -1.5198, 3.1057)
(5.1442, -1.7031, 2.9151)
(5.7943, -1.9192, 2.8315)
(6.4346, -2.0625, 2.6939)
(7.1, -2.188, 2.5678)
(1.9721, -0.3679, 3.6212)
(2.5991, -0.4933, 3.4395)
(3.2587, -0.6532, 3.2495)
(3.903, -0.8375, 3.0464)
(4.5417, -1.0143, 2.8421)
(5.1971, -1.1784, 2.675)
(5.8594, -1.425, 2.5912)
(6.4689, -1.5964, 2.4852)
(7.1009, -1.7367, 2.3527)
(1.272, 0.3927, 3.3102)
(1.88, 0.1156, 3.2308)
(2.5607, -0.0783, 3.0297)
(3.2103, -0.2852, 2.8072)
(3.8203, -0.5167, 2.576)
(4.426, -0.7411, 2.3572)
(5.0508, -0.9352, 2.1912)
(5.6844, -1.1769, 2.0766)
(6.297, -1.4119, 1.9738)
(6.8547, -1.5963, 1.8364)
(1.2772, 0.6437, 2.8494)
(1.8785, 0.4028, 2.6766)
(2.4974, 0.1565, 2.4695)
(3.0778, -0.146, 2.2494)
(3.631, -0.4706, 2.0265)
(4.2099, -0.7447, 1.8)
(4.7982, -1.0122, 1.6253)
(5.4133, -1.2095, 1.5114)
(6.0136, -1.5134, 1.5151)
(6.502, -1.7357, 1.4077)
(1.2348, 0.8708, 2.2893)
(1.8047, 0.5776, 2.0869)
(2.3795, 0.2648, 1.8822)
(2.8927, -0.1391, 1.6779)
(3.3938, -0.557, 1.4773)
(3.9524, -0.8782, 1.2559)
(4.5227, -1.1946, 1.089)
(5.1196, -1.4259, 1.0527)
(5.6641, -1.8004, 1.2634)
(6.1877, -2.0389, 1.2607)
(1.2035, 1.1012, 1.7349)
(1.6869, 0.6951, 1.5086)
(2.2159, 0.3132, 1.3025)
(2.6838, -0.1525, 1.1107)
(3.1598, -0.6121, 0.9204)
(3.6789, -1.0128, 0.7168)
(4.2103, -1.4191, 0.5907)
(4.8068, -1.6792, 0.7481)
(5.4003, -1.9984, 1.0412)
(5.9494, -2.2125, 1.2363)
(1.2554, 1.369, 1.2042)
(1.6288, 0.8582, 0.9478)
(2.0702, 0.3864, 0.7271)
(2.5118, -0.1066, 0.5389)
(2.9633, -0.5845, 0.3571)
(3.4048, -1.0398, 0.1731)
(3.75, -1.515, 0.0226)
(1.3742, 1.6701, 0.6961)
(1.7222, 1.1377, 0.4358)
(2.0929, 0.6076, 0.1971)
(2.5045, 0.1045, 0.0045)
(2.8969, -0.3918, -0.1767)
(3.189, -0.894, -0.3631)
(3.3081, -1.335, -0.4976)
(1.4765, 1.9639, 0.1792)
(1.8837, 1.4625, -0.0495)
(2.2542, 0.9347, -0.2846)
(2.6182, 0.4234, -0.4878)
(2.8971, -0.1042, -0.6863)
(3.0026, -0.6545, -0.881)
(2.9856, -1.1044, -1.0177)
(1.5421, 2.2421, -0.3552)
(1.9937, 1.765, -0.5624)
(2.3779, 1.2458, -0.7872)
(2.6808, 0.7186, -1.0009)
(2.8084, 0.1566, -1.2067)
(2.7731, -0.4061, -1.3894)
(2.6795, -0.8455, -1.5287)
(1.5872, 2.5165, -0.8945)
(2.0351, 2.0332, -1.1047)
(2.4049, 1.5039, -1.3288)
(2.6245, 0.9546, -1.5334)
(2.5826, 0.3867, -1.7013)
(2.5092, -0.1628, -1.8948)
(2.3691, -0.5771, -2.0471)
(1.5453, 2.731, -1.4495)
(1.9501, 2.224, -1.6572)
(2.2226, 1.6435, -1.825)
(2.3092, 1.0685, -1.8923)
(2.2038, 0.5543, -2.1064)
(2.1801, 0.0471, -2.3662)
(2.0297, -0.3081, -2.5642)
(1.3649, 2.8097, -1.999)
(1.6749, 2.2731, -2.1536)
(1.8508, 1.633, -2.2402)
(1.957, 1.0646, -2.2274)
(2.0239, 0.6859, -2.5925)
(2.0456, 0.2388, -2.9341)
(1.9153, -0.0759, -3.195)
(1.2009, 2.6188, -2.4362)
(1.5878, 2.2433, -2.6055)
(1.759, 1.6486, -2.6799)
(1.984, 1.1324, -2.7036)
(2.1678, 0.8438, -3.1488)
(2.1739, 0.424, -3.5123)
(2.0411, 0.1252, -3.8556)
(1.0662, 2.3899, -2.8683)
(1.6292, 2.1549, -3.0437)
(2.0153, 1.8059, -3.0618)
(2.3254, 1.3191, -3.0882)
(2.5295, 0.8971, -3.4307)
(2.5109, 0.4127, -3.762)
(2.3453, 0.0674, -4.058)
(1.0534, 2.5935, -3.2674)
(1.6065, 2.271, -3.449)
(2.1678, 1.9867, -3.4642)
(2.6034, 1.5173, -3.5045)
(2.8781, 0.9813, -3.7208)
(2.806, 0.4533, -4.0314)
(2.5884, 0.0674, -4.2373)
(1.2608, 3.0659, -3.5127)
(1.7981, 2.6916, -3.6949)
(2.3218, 2.2743, -3.8125)
(2.7635, 1.7983, -3.9514)
(2.9734, 1.262, -4.2126)
(2.805, 0.7543, -4.5276)
(2.553, 0.3885, -4.7574)
(1.3576, 3.3163, -3.8069)
(1.862, 2.8663, -3.8684)
(2.3309, 2.3962, -3.9386)
(2.7279, 1.9551, -4.2297)
(2.9468, 1.5101, -4.6161)
(2.7866, 1.0195, -4.9516)
(2.5606, 0.6459, -5.1743)
(2.1066, -1.3593, 3.7644)
(2.4969, -1.5116, 3.6234)
(3.1055, -1.6708, 3.4648)
(3.7599, -1.834, 3.3059)
(4.406, -1.9958, 3.1252)
(5.0364, -2.1736, 2.9406)
(5.6638, -2.3375, 2.7678)
(6.309, -2.5028, 2.5876)
(6.9697, -2.655, 2.477)
(1.9584, -0.0087, -3.5765)
(2.091, 0.2243, -4.1537)
(2.5114, 0.546, -5.0194)
(5.8478, -2.184, 1.2492)
(5.3155, -2.0082, 0.8405)
(3.9936, -1.609, 0.26)
(3.4621, -1.4501, -0.2427)
(4.6285, -1.7538, 0.6296)
(2.5163, -0.7115, -1.7818)
(2.2068, -0.4308, -2.3)
(6.9675, -2.8767, 2.3403)
(2.5826, -0.0985, -3.9799)
(6.2778, -2.6663, 2.4974)
(5.6506, -2.485, 2.6841)
(5.0141, -2.3865, 2.9383)
(4.3632, -2.1915, 3.0735)
(3.1291, -1.2364, -0.7645)
(3.7128, -2.0376, 3.2654)
(3.0569, -1.8751, 3.4337)
(1.8436, -0.146, -2.8096)
(2.4007, -1.7137, 3.6047)
(2.5755, 0.2259, -4.4978)
(2.822, -0.9799, -1.2721)
(-6.7636, 1.9284, 3.9552)
(-5.1579, 2.3181, 2.6337)
(-5.3059, 2.4788, 2.5004)
(-5.7206, 2.4086, 2.4049)
(-6.1997, 2.1772, 2.6897)
(-6.6316, 1.9527, 3.0536)
(-6.8529, 1.8708, 3.5461)
(-1.2124, -0.8583, -5.7769)
(-1.3108, -1.1525, -5.2938)
(-1.3924, -1.4454, -4.77)
(-1.4529, -1.6833, -4.2287)
(-1.4316, -1.7959, -3.6403)
(-1.3752, -1.8794, -3.0418)
(-1.3157, -1.955, -2.4417)
(-1.2632, -2.0259, -1.8399)
(-1.2294, -2.1157, -1.2408)
(-1.2239, -2.2503, -0.6518)
(-1.2054, -2.3589, -0.0728)
(-1.0983, -2.2701, 0.5007)
(-0.9687, -2.1376, 1.0803)
(-0.8477, -2.0081, 1.6709)
(-0.7353, -1.8888, 2.2319)
(-0.6599, -1.8175, 2.6453)
(-1.1071, -0.6152, -6.1381)
(-1.1294, -0.1184, -5.7514)
(-1.2237, 0.3782, -5.4093)
(-1.6641, 0.8622, -5.2723)
(-2.116, 1.3638, -5.1781)
(-2.4352, 1.9363, -4.9826)
(-2.5788, 2.4199, -4.7462)
(-6.4783, 1.9675, 4.0967)
(-5.9955, 1.8074, 4.0904)
(-5.3658, 1.5153, 4.051)
(-4.7879, 1.1906, 4.1672)
(-4.2102, 0.8568, 4.2714)
(-3.5714, 0.573, 4.249)
(-2.9379, 0.2803, 4.2345)
(-2.3044, -0.0054, 4.1975)
(-1.8626, -0.2667, 4.1429)
(-2.6311, 2.244, -4.3664)
(-2.5195, 1.7374, -4.6034)
(-2.2013, 1.179, -4.7945)
(-1.7526, 0.6786, -4.8867)
(-1.3821, 0.1684, -5.063)
(-1.3039, -0.3513, -5.4265)
(-2.7313, 1.9644, -3.8734)
(-2.6276, 1.4622, -4.1134)
(-2.2584, 0.9387, -4.292)
(-1.8212, 0.4632, -4.3722)
(-1.5905, -0.0666, -4.5994)
(-1.5189, -0.6266, -4.9912)
(-2.7423, 1.7143, -3.4735)
(-2.6505, 1.194, -3.6495)
(-2.2927, 0.6317, -3.8049)
(-1.917, 0.1426, -3.9096)
(-1.7452, -0.3767, -4.138)
(-1.6661, -0.9388, -4.5161)
(-2.3659, 1.6462, -3.4755)
(-2.3183, 1.0541, -3.332)
(-2.1745, 0.4335, -3.3529)
(-2.0519, -0.1482, -3.5195)
(-2.027, -0.6959, -3.7842)
(-1.8825, -1.2195, -4.0886)
(-2.2383, 1.3891, -3.0828)
(-2.2733, 0.8705, -2.9529)
(-2.3924, 0.3665, -3.0461)
(-2.4683, -0.1964, -3.2663)
(-2.3085, -0.8163, -3.4064)
(-1.9455, -1.3526, -3.5433)
(-2.254, 1.1929, -2.4378)
(-2.5242, 0.7648, -2.5117)
(-2.7493, 0.2251, -2.651)
(-2.6845, -0.3745, -2.7813)
(-2.3664, -0.9459, -2.8665)
(-1.9025, -1.4434, -2.9527)
(-2.4742, 1.0642, -1.802)
(-2.7098, 0.6077, -1.9254)
(-2.8692, 0.0472, -2.0771)
(-2.724, -0.5413, -2.1925)
(-2.3543, -1.073, -2.277)
(-1.8578, -1.5369, -2.357)
(-2.7116, 0.9716, -1.1955)
(-2.8346, 0.4743, -1.3213)
(-2.8936, -0.11, -1.4737)
(-2.7336, -0.6925, -1.5978)
(-2.3576, -1.2124, -1.6869)
(-1.8343, -1.645, -1.7614)
(-2.9361, 0.893, -0.6021)
(-2.9534, 0.37, -0.7277)
(-2.9178, -0.2402, -0.8771)
(-2.7518, -0.8402, -1.0073)
(-2.3868, -1.3758, -1.1032)
(-1.8414, -1.7871, -1.1726)
(-3.1599, 0.8264, -0.0166)
(-3.1025, 0.2809, -0.1478)
(-2.9983, -0.3597, -0.2959)
(-2.8294, -1.0034, -0.4304)
(-2.47, -1.5755, -0.5313)
(-1.8863, -1.9701, -0.595)
(-3.4036, 0.7824, 0.5625)
(-3.301, 0.1885, 0.4077)
(-3.1694, -0.4926, 0.2569)
(-2.9651, -1.1771, 0.1348)
(-2.539, -1.7426, 0.0507)
(-1.8977, -2.0985, -0.011)
(-5.2288, 2.0543, 2.5866)
(-5.0379, 1.6968, 2.4902)
(-4.5515, 1.4179, 2.0754)
(-4.0561, 1.2483, 1.5234)
(-3.6896, 0.7368, 1.1129)
(-3.4681, 0.0743, 0.9545)
(-3.2476, -0.5971, 0.8196)
(-2.9524, -1.2531, 0.7144)
(-2.4459, -1.7336, 0.6372)
(-1.7789, -2.0213, 0.5697)
(-5.1298, 2.2221, 2.58)
(-4.9651, 1.8367, 2.2956)
(-4.7386, 1.4248, 1.8506)
(-4.4049, 0.959, 1.5589)
(-3.9739, 0.4511, 1.4905)
(-3.5604, -0.0934, 1.4575)
(-3.1753, -0.6545, 1.3526)
(-2.7871, -1.2131, 1.2668)
(-2.2738, -1.6367, 1.2094)
(-1.6296, -1.9002, 1.1476)
(-5.4333, 2.2642, 2.3201)
(-5.3188, 1.7657, 2.1109)
(-5.1376, 1.1873, 1.8646)
(-4.7909, 0.6273, 1.7553)
(-4.3261, 0.1173, 1.7677)
(-3.8373, -0.3732, 1.8011)
(-3.3275, -0.8354, 1.8122)
(-2.7747, -1.2395, 1.8171)
(-2.1573, -1.5431, 1.7931)
(-1.5011, -1.775, 1.7362)
(-5.9058, 2.0776, 2.4703)
(-5.7562, 1.5449, 2.327)
(-5.4758, 0.9588, 2.2112)
(-5.0316, 0.4536, 2.204)
(-4.5014, 0.0052, 2.2664)
(-3.9363, -0.4017, 2.3232)
(-3.3341, -0.7572, 2.355)
(-2.6921, -1.066, 2.367)
(-2.0182, -1.3517, 2.3669)
(-1.3673, -1.6296, 2.3187)
(-6.3312, 1.8515, 2.8342)
(-6.0679, 1.3726, 2.7654)
(-5.6019, 0.9541, 2.7221)
(-5.0352, 0.5786, 2.7602)
(-4.4706, 0.1646, 2.8283)
(-3.8627, -0.1814, 2.8657)
(-3.229, -0.4907, 2.8792)
(-2.5769, -0.803, 2.8997)
(-1.913, -1.138, 2.9445)
(-1.2519, -1.5176, 2.8597)
(-6.6337, 1.7118, 3.2984)
(-6.1968, 1.4037, 3.2833)
(-5.6095, 1.1208, 3.2723)
(-5.0158, 0.7579, 3.3359)
(-4.4072, 0.3862, 3.3879)
(-3.7724, 0.0829, 3.4011)
(-3.1423, -0.2292, 3.4133)
(-2.5223, -0.5652, 3.4382)
(-1.9749, -0.8688, 3.4661)
(-6.6535, 1.7848, 3.8118)
(-6.1648, 1.548, 3.7953)
(-5.5544, 1.2912, 3.7738)
(-4.9375, 0.9753, 3.8423)
(-4.3094, 0.6448, 3.8936)
(-3.6746, 0.3451, 3.8972)
(-3.0514, 0.0293, 3.908)
(-2.4382, -0.2894, 3.912)
(-1.9372, -0.5617, 3.908)
(-1.7545, -0.8345, 3.7137)
(-2.2075, -0.5854, 3.7017)
(-2.791, -0.2657, 3.6861)
(-3.4104, 0.0614, 3.6685)
(-4.0424, 0.3668, 3.6594)
(-4.6778, 0.6786, 3.64)
(-5.292, 1.0469, 3.571)
(-5.8996, 1.3393, 3.5374)
(-6.4692, 1.5878, 3.5759)
(-1.6486, -1.1676, 3.2377)
(-2.2366, -0.8505, 3.1889)
(-2.8649, -0.5174, 3.1539)
(-3.4999, -0.2023, 3.1385)
(-4.1319, 0.1061, 3.1252)
(-4.7395, 0.4568, 3.0846)
(-5.3147, 0.8662, 3.0157)
(-5.902, 1.1846, 2.9958)
(-6.3577, 1.5647, 3.0409)
(-1.0083, -1.7173, 2.5164)
(-1.6142, -1.4107, 2.6494)
(-2.292, -1.0874, 2.6442)
(-2.9609, -0.7837, 2.6261)
(-3.6005, -0.4754, 2.6118)
(-4.2098, -0.1295, 2.5767)
(-4.7798, 0.2725, 2.5118)
(-5.3116, 0.7126, 2.4534)
(-5.7765, 1.1615, 2.4844)
(-6.0446, 1.7185, 2.587)
(-1.1119, -1.8234, 1.9993)
(-1.7579, -1.5793, 2.0604)
(-2.4238, -1.3256, 2.0922)
(-3.0579, -1.0143, 2.088)
(-3.6438, -0.6393, 2.0624)
(-4.1846, -0.206, 2.0197)
(-4.6993, 0.259, 1.9692)
(-5.1575, 0.7669, 1.9631)
(-5.4581, 1.3568, 2.0761)
(-5.6098, 1.9472, 2.2664)
(-1.2364, -1.9559, 1.4082)
(-1.8914, -1.7229, 1.4715)
(-2.5098, -1.4383, 1.5249)
(-3.0088, -0.9967, 1.5572)
(-3.468, -0.4986, 1.6065)
(-3.921, 0.0183, 1.6324)
(-4.3845, 0.5281, 1.6064)
(-4.7859, 1.0584, 1.694)
(-5.0241, 1.5863, 1.9848)
(-5.1714, 2.0551, 2.3406)
(-1.368, -2.0821, 0.8244)
(-2.0346, -1.8317, 0.8907)
(-2.643, -1.4936, 0.9569)
(-3.0426, -0.9269, 1.0385)
(-3.3512, -0.3027, 1.1616)
(-3.6583, 0.3135, 1.2806)
(-4.0114, 0.8936, 1.3989)
(-4.4373, 1.2854, 1.7183)
(-4.7941, 1.6056, 2.186)
(-5.0885, 1.9684, 2.5525)
(-1.5048, -2.2067, 0.248)
(-2.1909, -1.9348, 0.312)
(-2.7857, -1.5294, 0.3823)
(-3.1296, -0.8997, 0.4766)
(-3.3199, -0.2089, 0.6058)
(-3.4738, 0.4638, 0.7611)
(-3.6157, 1.0814, 0.944)
(-1.5638, -2.1912, -0.3307)
(-2.2296, -1.8897, -0.2755)
(-2.7461, -1.4066, -0.2005)
(-3.0042, -0.7601, -0.0877)
(-3.1429, -0.0922, 0.0561)
(-3.2438, 0.5401, 0.2063)
(-3.3011, 1.0319, 0.3368)
(-1.5449, -2.0314, -0.9126)
(-2.1599, -1.6953, -0.8534)
(-2.633, -1.2107, -0.7718)
(-2.8775, -0.6102, -0.6527)
(-2.9924, 0.0133, -0.5093)
(-3.0385, 0.6121, -0.3665)
(-3.0517, 1.0779, -0.2569)
(-1.5403, -1.892, -1.5014)
(-2.112, -1.5127, -1.4303)
(-2.5804, -1.0403, -1.3517)
(-2.8447, -0.4755, -1.2424)
(-2.9164, 0.1226, -1.1001)
(-2.8545, 0.6941, -0.9535)
(-2.8017, 1.1455, -0.8503)
(-1.5686, -1.793, -2.0992)
(-2.1072, -1.3721, -2.0199)
(-2.5658, -0.889, -1.9411)
(-2.8368, -0.3301, -1.8398)
(-2.8631, 0.2572, -1.6999)
(-2.6704, 0.7897, -1.5502)
(-2.5432, 1.2225, -1.4526)
(-1.6169, -1.7103, -2.6983)
(-2.1272, -1.2562, -2.6131)
(-2.5619, -0.7472, -2.5324)
(-2.8095, -0.1664, -2.44)
(-2.7773, 0.4267, -2.3064)
(-2.4664, 0.9236, -2.1641)
(-2.2621, 1.3039, -2.076)
(-1.6766, -1.6297, -3.2955)
(-2.159, -1.147, -3.2016)
(-2.5165, -0.5839, -3.1032)
(-2.6345, 0.0342, -2.9796)
(-2.4908, 0.5613, -2.7787)
(-2.2955, 1.0573, -2.7539)
(-2.169, 1.484, -2.7913)
(-1.7175, -1.5467, -3.8892)
(-2.0948, -1.0353, -3.7408)
(-2.2318, -0.4903, -3.4848)
(-2.2508, 0.1261, -3.3129)
(-2.2304, 0.6648, -3.1139)
(-2.2598, 1.2593, -3.2474)
(-2.2687, 1.7857, -3.4133)
(-1.6464, -1.3578, -4.4214)
(-1.8416, -0.8161, -4.1494)
(-1.898, -0.2951, -3.7818)
(-2.0641, 0.2406, -3.6416)
(-2.3833, 0.8007, -3.4993)
(-2.5515, 1.4272, -3.4886)
(-2.556, 1.9053, -3.4389)
(-1.517, -1.056, -4.9126)
(-1.6214, -0.4949, -4.5563)
(-1.7423, 0.0608, -4.2043)
(-2.0569, 0.552, -4.0978)
(-2.5227, 1.0333, -3.9663)
(-2.7582, 1.5894, -3.7503)
(-2.7694, 2.0155, -3.4994)
(-1.3842, -0.7487, -5.4063)
(-1.4277, -0.215, -5.0239)
(-1.6109, 0.3257, -4.7063)
(-1.9983, 0.8261, -4.5966)
(-2.4324, 1.3278, -4.477)
(-2.6457, 1.8793, -4.244)
(-2.684, 2.3221, -4.0215)
(-1.2307, -0.4816, -5.8039)
(-1.1994, 0.016, -5.3998)
(-1.4811, 0.5302, -5.1475)
(-1.9489, 1.0131, -5.0547)
(-2.3404, 1.5549, -4.9153)
(-2.5626, 2.1142, -4.6816)
(-2.6118, 2.5425, -4.4585)
(-1.7363, -0.5294, 4.0296)
(-2.1035, -0.2867, 4.0586)
(-2.6844, 0.0027, 4.0821)
(-3.3092, 0.3096, 4.0877)
(-3.9397, 0.6117, 4.0879)
(-4.5711, 0.9105, 4.0786)
(-5.1638, 1.2542, 3.9593)
(-5.7854, 1.529, 3.9396)
(-6.362, 1.7892, 3.9844)
(-6.3488, 2.5392, 4.2832)
(-5.4217, 1.9041, 2.223)
(-5.3703, 2.2661, 2.2846)
(-5.6059, 2.7825, 2.5456)
(-5.9419, 3.0633, 3.0014)
(-6.1842, 3.1273, 3.6126)
(-6.3174, 2.9268, 4.1332)
(0.446, 3.6765, -3.4329)
(0.3681, 3.3488, -3.0037)
(0.2069, 2.8977, -2.7048)
(0.2119, 2.6746, -2.2893)
(0.3804, 2.9227, -1.8932)
(0.6369, 2.9853, -1.4133)
(0.804, 2.858, -0.9241)
(0.7073, 2.7851, -0.4427)
(0.6325, 2.574, 0.0881)
(0.6016, 2.3304, 0.6411)
(0.5773, 2.092, 1.1981)
(0.55, 1.8422, 1.751)
(0.5211, 1.5848, 2.3011)
(0.4783, 1.3035, 2.8358)
(0.3934, 0.9517, 3.2805)
(0.3157, 0.6563, 3.5731)
(0.4472, 3.8373, -3.8484)
(-0.2224, 3.9825, -3.7666)
(-0.9097, 4.0463, -3.7212)
(-1.5953, 4.0266, -3.7236)
(-2.2162, 3.8174, -3.8415)
(-2.5699, 3.3794, -4.129)
(-2.6608, 2.9227, -4.4371)
(-6.3071, 2.1869, 4.185)
(-5.9788, 1.8033, 4.068)
(-5.3435, 1.4892, 4.0042)
(-4.7678, 1.1937, 4.1605)
(-4.2018, 0.8714, 4.2908)
(-3.5719, 0.5876, 4.2643)
(-2.9399, 0.2987, 4.2471)
(-2.3062, 0.0147, 4.2077)
(-1.814, -0.1431, 4.2015)
(-2.6301, 2.6705, -4.1014)
(-2.5335, 3.1277, -3.7715)
(-2.1932, 3.5802, -3.4719)
(-1.5886, 3.8154, -3.3373)
(-0.9048, 3.8703, -3.3188)
(-0.2177, 3.8322, -3.3534)
(-2.6766, 2.3689, -3.6144)
(-2.5045, 2.8075, -3.3022)
(-2.1262, 3.2511, -3.0362)
(-1.5519, 3.5043, -2.8852)
(-0.9002, 3.6131, -2.8091)
(-0.2393, 3.5842, -2.8519)
(-2.6388, 2.1115, -3.2179)
(-2.3557, 2.5136, -2.9505)
(-1.8638, 2.8634, -2.817)
(-1.3898, 3.0756, -2.6129)
(-0.8953, 3.2509, -2.3447)
(-0.3226, 3.2045, -2.4281)
(-2.2714, 2.0182, -3.2763)
(-1.9828, 2.3459, -2.9816)
(-1.4811, 2.5666, -2.7614)
(-1.1368, 2.6547, -2.4411)
(-0.8302, 2.8149, -2.045)
(-0.3442, 2.8444, -2.0346)
(-2.1129, 1.7634, -2.8879)
(-1.8052, 2.0664, -2.6071)
(-1.3355, 2.2685, -2.3541)
(-0.8744, 2.4329, -2.1705)
(-0.4958, 2.5658, -1.8681)
(-0.1283, 2.7473, -1.6979)
(-2.0913, 1.5076, -2.2822)
(-1.7482, 1.813, -2.0535)
(-1.2719, 2.0555, -1.8621)
(-0.7636, 2.2886, -1.7157)
(-0.2247, 2.4174, -1.573)
(0.2073, 2.6337, -1.3949)
(-2.3249, 1.4389, -1.6863)
(-1.9947, 1.8062, -1.5155)
(-1.4937, 2.0742, -1.3485)
(-0.9127, 2.1711, -1.2157)
(-0.2979, 2.2697, -1.0965)
(0.2803, 2.5208, -0.9499)
(-2.5648, 1.3727, -1.0905)
(-2.212, 1.7365, -0.9482)
(-1.6879, 1.9743, -0.8036)
(-1.0953, 2.1041, -0.6769)
(-0.5017, 2.3445, -0.5659)
(0.0915, 2.6549, -0.4701)
(-2.7889, 1.2927, -0.4993)
(-2.3974, 1.634, -0.3756)
(-1.865, 1.926, -0.2472)
(-1.2847, 2.1617, -0.1315)
(-0.6766, 2.4131, -0.0153)
(-0.032, 2.6025, 0.0752)
(-3.0064, 1.2178, 0.0893)
(-2.5578, 1.5107, 0.1921)
(-1.9849, 1.7825, 0.3092)
(-1.378, 2.0155, 0.4203)
(-0.7398, 2.2266, 0.5339)
(-0.0728, 2.37, 0.6253)
(-3.2198, 1.1873, 0.6853)
(-2.6787, 1.3786, 0.757)
(-2.0413, 1.5426, 0.8454)
(-1.3915, 1.7151, 0.9363)
(-0.7399, 1.9116, 1.0502)
(-0.085, 2.0951, 1.165)
(-5.4565, 1.8624, 2.4742)
(-5.1107, 1.6939, 2.5866)
(-4.5805, 1.4402, 2.1387)
(-4.0678, 1.2991, 1.5462)
(-3.4286, 1.3082, 1.2899)
(-2.7593, 1.3685, 1.342)
(-2.0861, 1.4172, 1.4193)
(-1.4081, 1.5152, 1.4888)
(-0.7416, 1.6459, 1.5849)
(-0.0946, 1.8293, 1.7091)
(-5.3491, 1.9792, 2.4453)
(-5.1232, 1.8685, 2.6275)
(-4.6556, 1.7573, 2.3476)
(-4.1034, 1.6769, 1.9706)
(-3.4697, 1.6036, 1.8576)
(-2.8065, 1.4971, 1.9328)
(-2.1346, 1.4878, 2.0125)
(-1.4535, 1.5552, 2.0775)
(-0.7749, 1.5627, 2.1607)
(-0.1171, 1.6231, 2.2706)
(-5.5139, 2.4368, 2.5938)
(-5.2741, 2.2711, 2.789)
(-4.6755, 2.1332, 2.6671)
(-4.0707, 2.0534, 2.4511)
(-3.4759, 1.9048, 2.4083)
(-2.8507, 1.6909, 2.5144)
(-2.1835, 1.6469, 2.5972)
(-1.504, 1.6607, 2.6695)
(-0.8243, 1.5857, 2.7525)
(-0.1585, 1.4829, 2.8349)
(-5.7384, 2.8839, 2.9315)
(-5.3764, 2.6707, 3.1264)
(-4.7829, 2.457, 3.1036)
(-4.1846, 2.3072, 3.0107)
(-3.5498, 2.0928, 2.9949)
(-2.913, 1.8703, 3.0872)
(-2.2434, 1.7524, 3.1757)
(-1.5662, 1.6212, 3.2569)
(-0.8868, 1.406, 3.3235)
(-0.2329, 1.1787, 3.335)
(-5.9612, 3.0816, 3.448)
(-5.5792, 2.881, 3.614)
(-5.011, 2.5824, 3.6187)
(-4.3615, 2.3172, 3.58)
(-3.6916, 2.0473, 3.5836)
(-3.0299, 1.816, 3.6499)
(-2.3664, 1.6015, 3.7126)
(-1.7002, 1.3455, 3.7594)
(-1.0335, 1.0322, 3.7926)
(-0.329, 0.7925, 3.7297)
(-6.109, 2.9679, 3.9788)
(-5.7074, 2.6808, 4.0679)
(-5.1425, 2.3459, 4.0666)
(-4.4978, 2.0231, 4.0733)
(-3.8435, 1.7262, 4.0815)
(-3.1985, 1.462, 4.0718)
(-2.5538, 1.1937, 4.0784)
(-1.9111, 0.91, 4.084)
(-1.3453, 0.6431, 4.0926)
(-6.2316, 2.5569, 4.2388)
(-5.8389, 2.2068, 4.1843)
(-5.2382, 1.8459, 4.1367)
(-4.6259, 1.53, 4.2404)
(-4.0276, 1.258, 4.3247)
(-3.3986, 0.9796, 4.2646)
(-2.7668, 0.6952, 4.2268)
(-2.1375, 0.4135, 4.203)
(-1.612, 0.1896, 4.2107)
(-1.2656, 0.3103, 4.1826)
(-1.7375, 0.5253, 4.1663)
(-2.3435, 0.7984, 4.1688)
(-2.9805, 1.0802, 4.1858)
(-3.6168, 1.3569, 4.2171)
(-4.2485, 1.6313, 4.244)
(-4.8737, 1.9312, 4.1524)
(-5.4947, 2.2761, 4.1593)
(-6.0008, 2.6216, 4.167)
(-0.8889, 0.6909, 3.9736)
(-1.4818, 0.9948, 3.9574)
(-2.1262, 1.2872, 3.9362)
(-2.7802, 1.5485, 3.9063)
(-3.4366, 1.7909, 3.867)
(-4.0969, 2.0558, 3.8494)
(-4.7686, 2.3641, 3.8635)
(-5.387, 2.6665, 3.8802)
(-5.8714, 2.9775, 3.8218)
(0.0364, 0.9008, 3.4886)
(-0.6031, 1.091, 3.5763)
(-1.2833, 1.3789, 3.553)
(-1.9599, 1.6214, 3.4927)
(-2.6305, 1.7964, 3.4183)
(-3.2935, 1.9822, 3.3331)
(-3.9419, 2.2323, 3.2762)
(-4.5976, 2.4531, 3.3312)
(-5.1857, 2.6747, 3.3655)
(-5.7119, 2.9424, 3.3024)
(0.1268, 1.2508, 3.1006)
(-0.5167, 1.439, 3.0774)
(-1.1898, 1.6076, 3.0081)
(-1.8698, 1.7052, 2.9268)
(-2.5454, 1.7411, 2.8464)
(-3.1973, 1.8913, 2.7483)
(-3.8025, 2.1383, 2.6813)
(-4.4135, 2.2489, 2.801)
(-5.0129, 2.3906, 2.9222)
(-5.551, 2.5825, 2.8799)
(0.1897, 1.5402, 2.5866)
(-0.4638, 1.5601, 2.5046)
(-1.1382, 1.6082, 2.4127)
(-1.8199, 1.5967, 2.3376)
(-2.4958, 1.5508, 2.2708)
(-3.1529, 1.6668, 2.1742)
(-3.7784, 1.8369, 2.1287)
(-4.3785, 1.8947, 2.3303)
(-4.9421, 2.0002, 2.6295)
(-5.3661, 2.107, 2.6473)
(0.2177, 1.7607, 2.0292)
(-0.4263, 1.6333, 1.9263)
(-1.0893, 1.5455, 1.8205)
(-1.7695, 1.4732, 1.7477)
(-2.4487, 1.4101, 1.6802)
(-3.1226, 1.4399, 1.599)
(-3.7961, 1.4502, 1.6192)
(-4.3688, 1.5393, 1.971)
(-4.8686, 1.6613, 2.4687)
(-5.2822, 1.8458, 2.5914)
(0.2386, 2.0063, 1.4747)
(-0.4134, 1.8641, 1.3756)
(-1.0647, 1.668, 1.2545)
(-1.7301, 1.5189, 1.1649)
(-2.3953, 1.4009, 1.0888)
(-3.0397, 1.3005, 1.0113)
(-3.6228, 1.1311, 0.9759)
(0.2565, 2.256, 0.9223)
(-0.4144, 2.1652, 0.8496)
(-1.0678, 1.9717, 0.7353)
(-1.7065, 1.7666, 0.6264)
(-2.3246, 1.5534, 0.5259)
(-2.8919, 1.3169, 0.4247)
(-3.3008, 1.0609, 0.3524)
(0.2804, 2.5056, 0.3705)
(-0.3944, 2.4413, 0.3139)
(-1.038, 2.2376, 0.205)
(-1.6443, 1.9993, 0.0903)
(-2.2154, 1.7337, -0.0265)
(-2.7147, 1.4128, -0.1526)
(-3.0542, 1.0978, -0.2522)
(0.3341, 2.7216, -0.18)
(-0.2964, 2.5436, -0.2439)
(-0.8988, 2.2598, -0.3467)
(-1.4889, 2.0349, -0.4658)
(-2.0554, 1.8404, -0.5907)
(-2.5164, 1.5074, -0.7315)
(-2.81, 1.1637, -0.8517)
(0.4865, 2.7254, -0.6796)
(-0.0965, 2.4235, -0.7731)
(-0.6998, 2.1817, -0.8924)
(-1.3054, 2.0809, -1.0099)
(-1.8736, 1.9409, -1.1548)
(-2.3079, 1.5939, -1.3147)
(-2.5628, 1.2336, -1.459)
(0.5054, 2.7514, -1.1317)
(0.0558, 2.397, -1.2769)
(-0.5298, 2.2918, -1.4087)
(-1.0939, 2.1448, -1.5355)
(-1.6182, 1.9496, -1.6926)
(-2.044, 1.6232, -1.8822)
(-2.3048, 1.3025, -2.0823)
(0.2467, 2.8882, -1.5715)
(-0.1261, 2.5429, -1.6191)
(-0.5489, 2.4622, -1.8746)
(-1.0327, 2.2261, -2.0232)
(-1.521, 2.0438, -2.2133)
(-1.939, 1.7631, -2.459)
(-2.1823, 1.4775, -2.7261)
(-0.0138, 2.792, -1.9699)
(-0.4873, 2.7308, -1.8312)
(-0.8541, 2.5919, -2.1522)
(-1.1633, 2.4661, -2.4725)
(-1.6392, 2.3468, -2.7139)
(-2.0533, 2.0644, -2.9918)
(-2.234, 1.7593, -3.2955)
(-0.0929, 2.8597, -2.3691)
(-0.6176, 3.0739, -2.1429)
(-1.1178, 2.9229, -2.3118)
(-1.4254, 2.7874, -2.7187)
(-1.9291, 2.5901, -2.8627)
(-2.3514, 2.2455, -3.1053)
(-2.5373, 1.8884, -3.381)
(0.0092, 3.2804, -2.733)
(-0.5802, 3.4697, -2.5667)
(-1.2054, 3.3786, -2.6175)
(-1.7552, 3.1991, -2.8285)
(-2.2688, 2.864, -2.9536)
(-2.5993, 2.4234, -3.2291)
(-2.7679, 2.03, -3.4842)
(0.1085, 3.6509, -3.1442)
(-0.5607, 3.758, -3.0799)
(-1.2444, 3.7241, -3.0778)
(-1.8972, 3.5853, -3.1575)
(-2.3885, 3.218, -3.3773)
(-2.5989, 2.7325, -3.7201)
(-2.6833, 2.3361, -4.0061)
(0.12, 3.8565, -3.6022)
(-0.5625, 3.9482, -3.5482)
(-1.2515, 3.9603, -3.5258)
(-1.9164, 3.8489, -3.5855)
(-2.4245, 3.5039, -3.7932)
(-2.6093, 3.0138, -4.1365)
(-2.6539, 2.6115, -4.4103)
(-1.5218, -0.0435, 4.2328)
(-1.9451, 0.086, 4.2058)
(-2.5413, 0.3434, 4.2282)
(-3.1735, 0.6288, 4.2619)
(-3.8031, 0.9153, 4.3013)
(-4.4168, 1.1945, 4.3135)
(-4.9787, 1.4952, 4.1141)
(-5.6089, 1.8117, 4.1009)
(-6.1418, 2.1805, 4.189)
(-2.2091, 1.6204, -3.1204)
(-2.2937, 1.9246, -3.5884)
(-2.6296, 2.4818, -4.2754)
(-5.3284, 1.9031, 2.6588)
(-4.8202, 1.4876, 2.418)
(-3.8121, 1.177, 1.2734)
(-3.4264, 1.0355, 0.6464)
(-4.3117, 1.3704, 1.7961)
(-2.6814, 1.1908, -1.1502)
(-2.4246, 1.2653, -1.7613)
(-6.2961, 1.99, 4.1274)
(-2.7996, 1.8691, -3.2314)
(-5.6782, 1.6207, 4.031)
(-5.0311, 1.3838, 4.0242)
(-4.5246, 1.0005, 4.3035)
(-3.8874, 0.7277, 4.2587)
(-3.1756, 1.0573, 0.0427)
(-3.2558, 0.4329, 4.2545)
(-2.6219, 0.1461, 4.227)
(-2.1422, 1.3411, -2.397)
(-1.9887, -0.1369, 4.1781)
(-2.7377, 2.1765, -3.7522)
(-2.9304, 1.1184, -0.5519)
(-0.7515, -0.8744, -5.9931)
(-0.2572, -0.5991, -5.6743)
(0.2419, -0.6067, -5.4657)
(0.8598, -0.7387, -5.4022)
(1.4544, -0.4869, -5.3579)
(1.9389, -0.0122, -5.3226)
(-0.7832, -1.1759, -5.5851)
(-0.3376, -0.8944, -5.2888)
(2.3213, 0.4073, -5.2441)
(0.1044, -0.7103, -5.0356)
(0.714, -0.6301, -4.9592)
(1.3372, -0.3813, -4.9285)
(1.8951, -0.0152, -4.8577)
(2.3348, 0.29, -4.769)
(-0.8107, -1.4985, -5.0816)
(-0.3257, -1.2461, -4.8434)
(0.123, -0.892, -4.5609)
(0.6981, -0.6326, -4.4708)
(1.3203, -0.3984, -4.4779)
(1.8815, -0.0816, -4.3437)
(2.3339, 0.0944, -4.2286)
(-0.8299, -1.7921, -4.5599)
(-0.2259, -1.6453, -4.4479)
(0.3182, -1.2985, -4.2317)
(0.8864, -0.995, -4.0908)
(1.3765, -0.6638, -4.0968)
(1.7499, -0.2463, -4.0899)
(2.1263, 0.0103, -4.0636)
(-0.8286, -2.0134, -4.0077)
(-0.1708, -2.0047, -4.0072)
(0.4358, -1.7348, -3.8912)
(0.9923, -1.3883, -3.707)
(1.3173, -0.9117, -3.6512)
(1.5606, -0.3973, -3.7823)
(1.8844, -0.0534, -3.8697)
(-0.8044, -2.1578, -3.4211)
(-0.1464, -2.2473, -3.4618)
(0.4434, -2.0072, -3.3737)
(0.9348, -1.5895, -3.1846)
(1.3187, -1.1529, -3.1488)
(1.6075, -0.6594, -3.2225)
(1.8233, -0.2357, -3.2147)
(-0.7581, -2.2655, -2.8259)
(-0.1085, -2.4227, -2.8882)
(0.4951, -2.2464, -2.86)
(0.9973, -1.846, -2.7525)
(1.4378, -1.4358, -2.7217)
(1.7547, -0.952, -2.6887)
(1.9478, -0.4691, -2.5894)
(-0.6966, -2.3339, -2.2242)
(-0.0492, -2.5277, -2.2977)
(0.6068, -2.4499, -2.3332)
(1.1796, -2.1359, -2.3131)
(1.6116, -1.6964, -2.2407)
(1.9564, -1.1928, -2.1467)
(2.2392, -0.7505, -2.0683)
(-0.6317, -2.3829, -1.6202)
(0.0159, -2.5946, -1.6985)
(0.6751, -2.5561, -1.7437)
(1.2626, -2.2647, -1.7323)
(1.7458, -1.8622, -1.677)
(2.1745, -1.4159, -1.6097)
(2.5211, -1.0157, -1.5515)
(-0.5777, -2.4553, -1.0203)
(0.0824, -2.6858, -1.1046)
(0.7531, -2.7021, -1.1669)
(1.3644, -2.4293, -1.1686)
(1.8967, -2.0397, -1.1286)
(2.398, -1.6324, -1.0842)
(2.8042, -1.2669, -1.0407)
(-0.5433, -2.5783, -0.4333)
(0.1434, -2.8204, -0.5189)
(0.849, -2.907, -0.6036)
(1.5136, -2.6845, -0.6428)
(2.0967, -2.2842, -0.6265)
(2.6432, -1.8659, -0.5872)
(3.0991, -1.5027, -0.5372)
(-0.4742, -2.5825, 0.1407)
(0.2189, -2.8252, 0.0615)
(0.9339, -2.9809, -0.0237)
(1.6365, -2.8628, -0.0928)
(2.2752, -2.5077, -0.115)
(2.8716, -2.1027, -0.0959)
(3.4352, -1.7238, -0.0444)
(-0.3607, -2.4434, 0.7155)
(0.3159, -2.676, 0.6389)
(1.0106, -2.8509, 0.5583)
(1.7164, -2.834, 0.4867)
(2.399, -2.6277, 0.4357)
(3.0547, -2.3511, 0.3923)
(3.7133, -2.0508, 0.3663)
(4.3819, -1.8742, 0.4486)
(-0.2492, -2.3079, 1.3011)
(0.4126, -2.5227, 1.2166)
(1.0883, -2.647, 1.1186)
(1.7732, -2.6173, 1.0258)
(4.9784, -1.8459, 0.6944)
(2.4571, -2.4939, 0.9474)
(3.1374, -2.3383, 0.8673)
(5.524, -1.8984, 1.0442)
(3.8121, -2.1584, 0.7849)
(6.0057, -1.9416, 1.2331)
(4.4832, -1.9912, 0.7227)
(-0.1361, -2.1804, 1.8924)
(0.5154, -2.3938, 1.8097)
(1.1823, -2.5492, 1.6901)
(5.039, -1.8841, 0.715)
(1.8596, -2.5854, 1.5289)
(2.5319, -2.5259, 1.3689)
(5.5448, -1.8011, 0.8492)
(3.2058, -2.4341, 1.2314)
(3.8801, -2.3188, 1.1045)
(6.0534, -1.706, 0.9813)
(-0.0405, -2.0806, 2.3789)
(4.5525, -2.1985, 0.9895)
(0.6267, -2.2708, 2.3676)
(5.1558, -2.1107, 0.8661)
(1.323, -2.4545, 2.2676)
(2.0228, -2.6188, 2.0511)
(2.7034, -2.7119, 1.8325)
(5.7154, -2.0197, 0.762)
(3.3743, -2.7395, 1.6266)
(6.2129, -1.8736, 0.6924)
(4.0422, -2.7013, 1.4221)
(4.7102, -2.5927, 1.2453)
(5.3605, -2.4249, 1.182)
(1.6, -2.3073, 2.7733)
(2.2427, -2.4798, 2.5808)
(2.9184, -2.637, 2.3752)
(5.9864, -2.3192, 1.0897)
(3.5884, -2.7562, 2.1665)
(6.4854, -2.2769, 0.865)
(4.2588, -2.8203, 1.9474)
(4.9494, -2.7813, 1.7387)
(5.6283, -2.7125, 1.5766)
(1.9228, -2.1274, 3.2065)
(2.481, -2.2607, 3.0546)
(3.1416, -2.4127, 2.8669)
(6.2564, -2.6836, 1.4144)
(3.808, -2.5565, 2.6689)
(6.754, -2.6726, 1.1956)
(4.4803, -2.6909, 2.4674)
(5.1876, -2.7707, 2.2485)
(2.1397, -1.8629, 3.5165)
(2.6651, -1.9524, 3.3901)
(5.8744, -2.856, 2.0274)
(3.3185, -2.1089, 3.2168)
(3.9767, -2.2645, 3.0326)
(6.479, -2.9634, 1.8105)
(4.6377, -2.43, 2.8592)
(6.9681, -3.0037, 1.5975)
(5.3122, -2.572, 2.6608)
(5.9764, -2.726, 2.441)
(6.5998, -2.9059, 2.2443)
(7.0429, -3.0455, 2.0328)
(7.1995, -2.6727, 2.4958)
(6.1541, -2.2691, 1.2327)
(6.4154, -2.0709, 1.1654)
(6.7439, -1.7565, 1.2934)
(7.1127, -1.6258, 1.7462)
(7.3535, -1.7633, 2.2739)
(7.3538, -2.2221, 2.5148)
(2.3257, -0.9726, 3.6885)
(2.8803, -1.1055, 3.536)
(3.5345, -1.2689, 3.3749)
(4.1863, -1.4362, 3.2035)
(4.8249, -1.606, 3.0006)
(5.4704, -1.8147, 2.8692)
(6.1097, -1.9972, 2.7688)
(6.7796, -2.1302, 2.6265)
(2.285, -0.4277, 3.5286)
(2.9266, -0.5689, 3.3468)
(3.5836, -0.7438, 3.149)
(4.2214, -0.93, 2.9431)
(4.8661, -1.089, 2.7487)
(5.5335, -1.3008, 2.6287)
(6.1634, -1.5188, 2.543)
(6.7938, -1.6749, 2.4224)
(0.9711, 0.5384, 3.3492)
(1.5713, 0.248, 3.2776)
(2.22, 0.0142, 3.1379)
(2.8912, -0.1777, 2.9196)
(3.5184, -0.3993, 2.6921)
(4.1215, -0.6333, 2.4623)
(4.736, -0.8364, 2.2666)
(5.3681, -1.052, 2.1294)
(5.9958, -1.2971, 2.0268)
(6.5834, -1.5191, 1.9117)
(1.0055, 0.8076, 2.9408)
(1.5701, 0.5143, 2.7639)
(2.1904, 0.286, 2.5772)
(2.7933, 0.012, 2.3595)
(3.3537, -0.312, 2.1393)
(3.9178, -0.6103, 1.9099)
(4.5021, -0.8858, 1.7066)
(5.1025, -1.1075, 1.5537)
(5.724, -1.3536, 1.5109)
(6.2662, -1.6499, 1.4831)
(1.0099, 1.0811, 2.4076)
(1.5062, 0.7113, 2.1843)
(2.0992, 0.4325, 1.986)
(2.6424, 0.0721, 1.7787)
(3.1386, -0.3568, 1.5799)
(3.6686, -0.7228, 1.3651)
(4.2346, -1.0451, 1.1635)
(4.8231, -1.3043, 1.0389)
(5.3965, -1.6066, 1.1535)
(5.9326, -1.9494, 1.2999)
(1.0165, 1.3463, 1.8627)
(1.429, 0.8856, 1.6169)
(1.9556, 0.511, 1.4039)
(2.4552, 0.0879, 1.2051)
(2.9163, -0.3899, 1.0173)
(3.417, -0.8139, 0.8175)
(3.9388, -1.2238, 0.631)
(4.5052, -1.5539, 0.6384)
(5.105, -1.8379, 0.8924)
(5.6885, -2.1233, 1.1652)
(1.0733, 1.626, 1.3301)
(1.4349, 1.1085, 1.0735)
(1.8447, 0.6214, 0.8323)
(2.2918, 0.1416, 0.6304)
(2.7353, -0.3494, 0.4488)
(3.1922, -0.8127, 0.2628)
(3.5867, -1.2726, 0.0944)
(1.1583, 1.9069, 0.8042)
(1.5542, 1.4085, 0.5686)
(1.9005, 0.8694, 0.3105)
(2.2967, 0.3533, 0.0965)
(2.7074, -0.142, -0.0848)
(3.0628, -0.647, -0.2732)
(3.2646, -1.1203, -0.4357)
(1.2227, 2.1722, 0.2669)
(1.6918, 1.7226, 0.0704)
(2.0691, 1.1974, -0.1701)
(2.4403, 0.6779, -0.3892)
(2.7756, 0.1651, -0.5859)
(2.971, -0.3854, -0.7883)
(3.0025, -0.8897, -0.955)
(1.2743, 2.4391, -0.2734)
(1.7794, 2.0136, -0.4537)
(2.1928, 1.507, -0.6752)
(2.5456, 0.9845, -0.8954)
(2.7687, 0.4428, -1.1051)
(2.8048, -0.1345, -1.303)
(2.7289, -0.6378, -1.4629)
(1.3298, 2.7161, -0.8036)
(1.8215, 2.2836, -0.9962)
(2.231, 1.772, -1.2168)
(2.5457, 1.2314, -1.4364)
(2.6226, 0.673, -1.617)
(2.5486, 0.1002, -1.7983)
(2.4464, -0.3829, -1.976)
(1.2896, 2.9176, -1.3505)
(1.7651, 2.4925, -1.5527)
(2.1043, 1.9381, -1.7553)
(2.2961, 1.3492, -1.8553)
(2.2596, 0.8094, -1.981)
(2.1908, 0.2903, -2.2405)
(2.1231, -0.1463, -2.4725)
(1.1062, 2.9549, -1.9016)
(1.548, 2.5711, -2.0808)
(1.7732, 1.9545, -2.2173)
(1.9108, 1.3252, -2.2104)
(1.9933, 0.8699, -2.3785)
(2.0483, 0.4619, -2.7797)
(1.997, 0.0648, -3.0694)
(0.9142, 2.7005, -2.3284)
(1.429, 2.4673, -2.5289)
(1.6818, 1.9578, -2.6625)
(1.864, 1.3596, -2.6592)
(2.0927, 0.9851, -2.8978)
(2.1935, 0.6406, -3.3493)
(2.1189, 0.255, -3.6762)
(0.7674, 2.4975, -2.7532)
(1.3631, 2.2797, -2.9714)
(1.8403, 2.0018, -3.0701)
(2.1773, 1.5639, -3.0462)
(2.4498, 1.1084, -3.2355)
(2.547, 0.6516, -3.6065)
(2.4369, 0.2243, -3.9108)
(0.797, 2.7707, -3.131)
(1.3233, 2.423, -3.3792)
(1.8958, 2.14, -3.4687)
(2.4017, 1.772, -3.468)
(2.7751, 1.2529, -3.5908)
(2.8789, 0.7049, -3.8786)
(2.7007, 0.2495, -4.1496)
(0.9933, 3.2366, -3.3995)
(1.529, 2.8839, -3.613)
(2.0647, 2.489, -3.7581)
(2.5596, 2.0449, -3.8711)
(2.9134, 1.5344, -4.067)
(2.9212, 0.9946, -4.3748)
(2.6791, 0.5576, -4.6508)
(1.0746, 3.5006, -3.7561)
(1.6169, 3.1003, -3.8447)
(2.1018, 2.629, -3.8865)
(2.5412, 2.1722, -4.059)
(2.8787, 1.7393, -4.4219)
(2.8986, 1.2601, -4.7965)
(2.6712, 0.8183, -5.0744)
(2.2822, -1.4354, 3.6955)
(2.7834, -1.59, 3.5448)
(3.433, -1.7527, 3.3865)
(4.0848, -1.9139, 3.2184)
(4.7225, -2.0842, 3.031)
(5.3497, -2.2569, 2.8543)
(5.9802, -2.4192, 2.6767)
(6.6551, -2.5892, 2.515)
(-1.16, -0.7317, -5.9687)
(-1.21, -0.2315, -5.5984)
(-1.2956, 0.2743, -5.2472)
(-1.7114, 0.7711, -5.0937)
(-2.1625, 1.2747, -4.9987)
(-2.4756, 1.8436, -4.8036)
(-1.2635, -1.0012, -5.5475)
(-1.4161, -0.483, -5.2219)
(-2.6011, 2.3435, -4.5669)
(-1.4894, 0.0575, -4.8419)
(-1.7852, 0.5807, -4.6352)
(-2.2288, 1.0698, -4.5506)
(-2.5698, 1.608, -4.3679)
(-2.6765, 2.1121, -4.1283)
(-1.3529, -1.302, -5.0331)
(-1.5905, -0.7803, -4.7486)
(-1.6641, -0.2112, -4.358)
(-1.8704, 0.3141, -4.1326)
(-2.2949, 0.7839, -4.0454)
(-2.6788, 1.3144, -3.8644)
(-2.7765, 1.8194, -3.6312)
(-1.4297, -1.5778, -4.504)
(-1.7771, -1.093, -4.3067)
(-1.8703, -0.553, -3.952)
(-1.9564, -0.0292, -3.6954)
(-2.2229, 0.5111, -3.5647)
(-2.4944, 1.1199, -3.4846)
(-2.5645, 1.6827, -3.4721)
(-1.451, -1.7506, -3.9387)
(-1.9363, -1.3003, -3.8298)
(-2.187, -0.7708, -3.6111)
(-2.2507, -0.1799, -3.3993)
(-2.2381, 0.3972, -3.1918)
(-2.2415, 0.961, -3.152)
(-2.2696, 1.5298, -3.3307)
(-1.4049, -1.8381, -3.341)
(-1.9291, -1.3984, -3.2492)
(-2.3601, -0.8766, -3.1522)
(-2.6114, -0.2709, -3.0529)
(-2.5846, 0.307, -2.872)
(-2.3872, 0.8143, -2.7462)
(-2.2273, 1.2787, -2.7707)
(-1.3451, -1.9184, -2.7421)
(-1.8778, -1.4891, -2.6551)
(-2.3604, -1.0103, -2.5727)
(-2.7148, -0.464, -2.49)
(-2.8362, 0.1358, -2.378)
(-2.6309, 0.6911, -2.2309)
(-2.3495, 1.1239, -2.1156)
(-1.2879, -1.9899, -2.1409)
(-1.8431, -1.5881, -2.0589)
(-2.3534, -1.1402, -1.9816)
(-2.7291, -0.6173, -1.8948)
(-2.8843, -0.0351, -1.7743)
(-2.7753, 0.5355, -1.6212)
(-2.5956, 1.0146, -1.4963)
(-1.2429, -2.0662, -1.5395)
(-1.8327, -1.7104, -1.4655)
(-2.3667, -1.2899, -1.3935)
(-2.739, -0.766, -1.3016)
(-2.9027, -0.1779, -1.1745)
(-2.8925, 0.4196, -1.0234)
(-2.8246, 0.9312, -0.8977)
(-1.2241, -2.178, -0.9449)
(-1.8615, -1.8763, -0.8836)
(-2.4229, -1.4726, -0.817)
(-2.7795, -0.9184, -0.7165)
(-2.9459, -0.2992, -0.5828)
(-3.0217, 0.3245, -0.4351)
(-3.0471, 0.8579, -0.3085)
(-1.2227, -2.3221, -0.3612)
(-1.9049, -2.0546, -0.3035)
(-2.5175, -1.6742, -0.2421)
(-2.9014, -1.0944, -0.1488)
(-3.0805, -0.4252, -0.0184)
(-3.1981, 0.2367, 0.1326)
(-3.2769, 0.8002, 0.2737)
(-1.1604, -2.3329, 0.2139)
(-1.8507, -2.0784, 0.2802)
(-2.5123, -1.7587, 0.3453)
(-2.9871, -1.2345, 0.4254)
(-3.2348, -0.555, 0.5372)
(-3.3985, 0.1338, 0.6805)
(-3.5463, 0.7756, 0.8484)
(-1.0328, -2.2031, 0.7893)
(-1.7023, -1.96, 0.858)
(-2.3579, -1.6863, 0.9233)
(-2.8651, -1.2312, 0.9934)
(-3.2008, -0.6146, 1.0965)
(-3.5018, 0.0071, 1.2257)
(-3.8257, 0.6146, 1.3266)
(-4.2259, 1.1072, 1.5327)
(-0.9076, -2.0729, 1.3743)
(-1.5647, -1.8403, 1.4405)
(-2.2121, -1.5961, 1.5009)
(-2.7709, -1.2328, 1.5411)
(-4.6233, 1.4459, 1.9455)
(-3.2401, -0.7509, 1.5805)
(-3.6935, -0.2403, 1.6273)
(-4.9587, 1.7847, 2.398)
(-4.1538, 0.2727, 1.6175)
(-5.1404, 2.1447, 2.6153)
(-4.6014, 0.7906, 1.6266)
(-0.7882, -1.9441, 1.9648)
(-1.4331, -1.7014, 2.0321)
(-2.0909, -1.4567, 2.0809)
(-4.9235, 1.3268, 1.817)
(-2.7468, -1.1783, 2.0938)
(-3.357, -0.8347, 2.0773)
(-5.1029, 1.8286, 2.1756)
(-3.9185, -0.4282, 2.0431)
(-4.4452, 0.0231, 1.9933)
(-5.2386, 2.27, 2.4407)
(-0.694, -1.8486, 2.4525)
(-4.9421, 0.5041, 1.9551)
(-1.3096, -1.5695, 2.5904)
(-5.3302, 1.0536, 2.004)
(-1.9508, -1.2468, 2.6557)
(-2.6293, -0.9341, 2.6338)
(-3.2844, -0.6323, 2.62)
(-5.5459, 1.663, 2.1711)
(-3.9094, -0.3087, 2.598)
(-5.6663, 2.1903, 2.3422)
(-4.5, 0.0642, 2.5471)
(-5.0498, 0.4926, 2.476)
(-5.562, 0.9264, 2.4564)
(-1.942, -1.01, 3.2106)
(-2.5462, -0.6843, 3.1695)
(-3.1829, -0.3571, 3.1442)
(-5.9335, 1.4385, 2.5318)
(-3.817, -0.0496, 3.1334)
(-6.1286, 1.9606, 2.6397)
(-4.4409, 0.2712, 3.1099)
(-5.0264, 0.6663, 3.0495)
(-5.6136, 1.0289, 2.9956)
(-1.9688, -0.7167, 3.7079)
(-2.487, -0.4317, 3.6945)
(-3.0996, -0.0999, 3.6768)
(-6.1542, 1.3668, 3.0167)
(-3.7247, 0.2166, 3.663)
(-6.5092, 1.7604, 3.0518)
(-4.3615, 0.516, 3.6549)
(-4.9873, 0.8634, 3.6082)
(-1.9007, -0.4118, 4.0447)
(-2.3769, -0.1467, 4.0717)
(-5.5952, 1.2044, 3.5434)
(-2.9966, 0.1558, 4.0867)
(-3.6233, 0.4624, 4.0866)
(-6.2011, 1.4626, 3.5569)
(-4.2583, 0.7569, 4.0927)
(-6.6787, 1.7253, 3.5695)
(-4.8681, 1.0842, 4.021)
(-5.4728, 1.3968, 3.9351)
(-6.0893, 1.6666, 3.9639)
(-6.578, 1.8689, 3.9784)
(-6.271, 2.3615, 4.2361)
(-5.3774, 1.8841, 2.4406)
(-5.4069, 2.1808, 2.4964)
(-5.6255, 2.6825, 2.738)
(-5.8555, 3.0187, 3.1735)
(-6.0418, 3.0689, 3.7303)
(-6.1751, 2.778, 4.1533)
(-1.4889, 0.4122, 4.1729)
(-2.0281, 0.6568, 4.1651)
(-2.6622, 0.94, 4.1761)
(-3.2988, 1.2193, 4.1979)
(-3.9338, 1.4931, 4.2426)
(-4.5605, 1.7758, 4.1998)
(-5.1897, 2.0998, 4.1447)
(-5.7709, 2.4526, 4.169)
(-1.1829, 0.846, 3.9647)
(-1.7987, 1.143, 3.948)
(-2.4535, 1.422, 3.9228)
(-3.1082, 1.6698, 3.8861)
(-3.765, 1.9175, 3.8541)
(-4.4342, 2.2085, 3.8534)
(-5.0895, 2.5127, 3.8751)
(-5.6515, 2.8328, 3.8681)
(0.3527, 0.7966, 3.4397)
(-0.2806, 0.9923, 3.5397)
(-0.9428, 1.2329, 3.5737)
(-1.6223, 1.5097, 3.5252)
(-2.2958, 1.7137, 3.457)
(-2.9642, 1.8817, 3.3766)
(-3.6167, 2.1046, 3.2932)
(-4.2745, 2.3479, 3.2963)
(-4.8963, 2.5563, 3.3552)
(-5.4741, 2.8159, 3.3583)
(0.4384, 1.1287, 3.0763)
(-0.1915, 1.3501, 3.0983)
(-0.8507, 1.5274, 3.0459)
(-1.5299, 1.6685, 2.9675)
(-2.2088, 1.7204, 2.8875)
(-2.8771, 1.7955, 2.8002)
(-3.5021, 2.021, 2.6977)
(-4.1089, 2.2043, 2.7251)
(-4.7098, 2.3102, 2.8724)
(-5.3221, 2.4835, 2.9347)
(0.5043, 1.4526, 2.5737)
(-0.1344, 1.5605, 2.5557)
(-0.799, 1.5816, 2.456)
(-1.4791, 1.6144, 2.373)
(-2.1593, 1.5638, 2.306)
(-2.8278, 1.5887, 2.2253)
(-3.4692, 1.7611, 2.1303)
(-4.0821, 1.8709, 2.1995)
(-4.6656, 1.9422, 2.4918)
(-5.1956, 2.0513, 2.6899)
(0.5358, 1.714, 2.0263)
(-0.1039, 1.7134, 1.9876)
(-0.7547, 1.5796, 1.8688)
(-1.4284, 1.5117, 1.7811)
(-2.11, 1.4327, 1.7159)
(-2.7852, 1.4199, 1.6378)
(-3.463, 1.4457, 1.5806)
(-4.0949, 1.4873, 1.7581)
(-4.6251, 1.5934, 2.2333)
(-5.0992, 1.7581, 2.5931)
(0.564, 1.9686, 1.4752)
(-0.0889, 1.9587, 1.4355)
(-0.7377, 1.7621, 1.3125)
(-1.3963, 1.5882, 1.206)
(-2.0634, 1.4558, 1.1273)
(-2.724, 1.3541, 1.0473)
(-3.3356, 1.2253, 0.9889)
(0.5896, 2.2117, 0.9198)
(-0.0805, 2.2335, 0.8957)
(-0.7432, 2.0734, 0.7938)
(-1.3893, 1.8692, 0.6792)
(-2.0179, 1.6622, 0.5764)
(-2.6234, 1.4379, 0.4733)
(-3.1118, 1.1913, 0.3857)
(0.6148, 2.4508, 0.3635)
(-0.0586, 2.4986, 0.3521)
(-0.7211, 2.349, 0.2625)
(-1.3455, 2.1202, 0.1473)
(-1.9345, 1.8729, 0.0334)
(-2.482, 1.5766, -0.0908)
(-2.8988, 1.2537, -0.2053)
(0.6598, 2.695, -0.183)
(0.0146, 2.662, -0.2033)
(-0.6, 2.4015, -0.2925)
(-1.1949, 2.1366, -0.4053)
(-1.7789, 1.9475, -0.5264)
(-2.3063, 1.6862, -0.6613)
(-2.6773, 1.3329, -0.7941)
(0.7735, 2.8251, -0.6866)
(0.1971, 2.58, -0.7147)
(-0.3962, 2.285, -0.8339)
(-1.0039, 2.1208, -0.9494)
(-1.5994, 2.0326, -1.0787)
(-2.114, 1.7836, -1.2353)
(-2.4499, 1.41, -1.3888)
(0.7499, 2.9234, -1.1657)
(0.2877, 2.5528, -1.1855)
(-0.2264, 2.3279, -1.35)
(-0.8186, 2.2278, -1.469)
(-1.3625, 2.0593, -1.6096)
(-1.8503, 1.7958, -1.7845)
(-2.1898, 1.4599, -1.9821)
(0.5055, 2.9942, -1.6623)
(0.0496, 2.7031, -1.5558)
(-0.3254, 2.4923, -1.745)
(-0.7871, 2.3566, -1.9581)
(-1.2795, 2.1334, -2.1079)
(-1.7479, 1.9139, -2.3321)
(-2.078, 1.6183, -2.5906)
(0.2797, 2.7768, -2.0929)
(-0.267, 2.7757, -1.8563)
(-0.6846, 2.6653, -1.9557)
(-0.9984, 2.5231, -2.3285)
(-1.3877, 2.4188, -2.5942)
(-1.8715, 2.2209, -2.8485)
(-2.1666, 1.9083, -3.1377)
(0.1839, 2.7263, -2.5059)
(-0.3547, 2.9999, -2.228)
(-0.8885, 3.0246, -2.172)
(-1.2705, 2.8483, -2.5273)
(-1.6594, 2.7074, -2.8073)
(-2.1698, 2.4286, -2.9671)
(-2.4634, 2.065, -3.2448)
(0.2823, 3.1223, -2.8538)
(-0.2775, 3.4068, -2.6305)
(-0.897, 3.4479, -2.5611)
(-1.4867, 3.3005, -2.7245)
(-2.0241, 3.0527, -2.8882)
(-2.4614, 2.645, -3.0769)
(-2.692, 2.2218, -3.3677)
(0.4222, 3.5369, -3.206)
(-0.2213, 3.725, -3.1034)
(-0.9027, 3.7537, -3.0709)
(-1.5808, 3.6759, -3.104)
(-2.1747, 3.4292, -3.2469)
(-2.5222, 2.9738, -3.5459)
(-2.6478, 2.5234, -3.8702)
(0.4512, 3.7697, -3.6464)
(-0.2191, 3.914, -3.5708)
(-0.9071, 3.9645, -3.5311)
(-1.5922, 3.9282, -3.541)
(-2.2052, 3.7058, -3.6674)
(-2.5497, 3.26, -3.9612)
(-2.6393, 2.8004, -4.2848)
(-1.7183, 0.0093, 4.2153)
(-2.229, 0.2046, 4.2127)
(-2.8576, 0.4857, 4.2449)
(-3.4885, 0.7727, 4.2788)
(-4.116, 1.0545, 4.3278)
(-4.6957, 1.3423, 4.2167)
(-5.2904, 1.6485, 4.0834)
(-5.9059, 1.9939, 4.1414)
