(1.6751, -2.0974, -5.647)
(1.9858, -1.5354, -5.5987)
(2.1736, -0.8731, -5.5124)
(2.3382, -0.2023, -5.4238)
(2.4631, 0.4767, -5.3174)
(1.7576, -2.2004, -5.226)
(2.0883, -1.6278, -5.1822)
(2.5172, 1.1182, -5.1809)
(2.2891, -0.9672, -5.1011)
(2.4887, 1.5112, -5.0065)
(2.4342, -0.293, -5.0084)
(2.4961, 0.3877, -4.898)
(2.4792, 1.0248, -4.762)
(2.4253, 1.535, -4.6653)
(1.8076, -2.3148, -4.6733)
(2.1222, -1.7178, -4.6321)
(2.3018, -1.0489, -4.5618)
(2.4637, -0.3841, -4.4849)
(2.5665, 0.2855, -4.3884)
(2.5213, 0.8774, -4.2466)
(2.3996, 1.3258, -4.0889)
(1.7631, -2.3818, -4.0828)
(1.9938, -1.7439, -4.0637)
(2.0929, -1.0574, -4.0324)
(2.2208, -0.4228, -3.9902)
(2.4065, 0.235, -3.9116)
(2.6335, 0.7718, -3.832)
(2.7729, 1.2256, -3.6158)
(1.7179, -2.4298, -3.4867)
(1.9837, -1.8176, -3.4776)
(2.0348, -1.1417, -3.446)
(2.1681, -0.5135, -3.3858)
(2.3054, 0.1149, -3.3832)
(2.3568, 0.6497, -3.536)
(2.1821, 1.1045, -3.6064)
(1.6826, -2.4724, -2.8873)
(1.9655, -1.885, -2.8897)
(1.989, -1.2329, -2.8823)
(2.1872, -0.6357, -2.808)
(2.305, -0.0201, -2.7969)
(2.2475, 0.4995, -2.9768)
(2.136, 0.9259, -2.9786)
(1.6442, -2.4915, -2.2864)
(2.0064, -1.9391, -2.304)
(2.1744, -1.3103, -2.3457)
(2.486, -0.7597, -2.3751)
(2.5573, -0.1585, -2.3615)
(2.3034, 0.3584, -2.3709)
(2.0668, 0.7537, -2.3448)
(1.5906, -2.4776, -1.6853)
(2.0067, -1.952, -1.7116)
(2.2915, -1.3531, -1.7602)
(2.6173, -0.8186, -1.8061)
(2.6571, -0.2268, -1.7931)
(2.4421, 0.3199, -1.7704)
(2.3627, 0.7834, -1.7696)
(1.5358, -2.4354, -1.0858)
(2.0227, -1.9656, -1.1175)
(2.3918, -1.4103, -1.1669)
(2.6899, -0.8643, -1.1998)
(2.7059, -0.2672, -1.1848)
(2.5661, 0.3061, -1.1663)
(2.5239, 0.7725, -1.1591)
(1.4691, -2.3507, -0.4918)
(2.0243, -1.9503, -0.5235)
(2.4818, -1.4655, -0.5745)
(2.7501, -0.9025, -0.5993)
(2.7439, -0.2909, -0.5857)
(2.677, 0.303, -0.573)
(2.6854, 0.7738, -0.5664)
(1.3936, -2.2278, 0.096)
(1.9941, -1.884, 0.0698)
(2.5368, -1.4874, 0.0266)
(2.8314, -0.9305, -0.0047)
(2.8429, -0.3003, -0.0038)
(2.8422, 0.3119, -0.0027)
(2.8762, 0.7878, 0.0061)
(1.333, -2.0947, 0.6814)
(1.9741, -1.8092, 0.6635)
(2.5819, -1.4856, 0.6297)
(2.9585, -0.9585, 0.5814)
(3.0369, -0.307, 0.5527)
(3.0695, 0.3319, 0.542)
(3.0736, 0.8206, 0.5721)
(1.2256, -1.8565, 1.2258)
(1.8764, -1.6193, 1.2235)
(2.5105, -1.3831, 1.2201)
(2.966, -0.9234, 1.169)
(3.1589, -0.2868, 1.1171)
(3.3306, 0.3498, 1.0541)
(3.5271, 1.0711, 0.996)
(1.1003, -1.5603, 1.7456)
(1.7605, -1.387, 1.7689)
(2.3926, -1.2599, 1.7985)
(2.8313, -0.8308, 1.7126)
(4.1803, 1.2059, 1.1744)
(3.1465, -0.2637, 1.637)
(3.5207, 0.2413, 1.5046)
(4.6748, 1.6715, 1.0806)
(3.9165, 0.6099, 1.196)
(5.3012, 1.4937, 1.2403)
(4.38, 0.9558, 1.0646)
(0.9876, -1.2613, 2.2745)
(1.6456, -1.1059, 2.3023)
(2.305, -1.0598, 2.349)
(5.5397, 1.4282, 1.2867)
(2.8845, -0.8145, 2.2408)
(4.7419, 1.3108, 1.2682)
(3.3739, -0.4447, 2.0284)
(3.8446, -0.0513, 1.7826)
(5.1801, 1.4075, 1.3255)
(4.3049, 0.3218, 1.4885)
(5.4595, 1.5626, 1.1595)
(4.7705, 0.6487, 1.2532)
(0.8899, -0.9831, 2.7965)
(1.5296, -0.776, 2.8279)
(2.2264, -0.6738, 2.8171)
(5.0765, 1.0956, 1.3221)
(2.9012, -0.5266, 2.7179)
(3.5137, -0.3219, 2.5028)
(5.2859, 1.4486, 1.0807)
(4.0835, -0.0848, 2.2232)
(0.8227, -0.7626, 3.2175)
(5.5551, 1.6666, 0.8026)
(4.6168, 0.1922, 1.9131)
(5.0971, 0.5307, 1.6199)
(2.1613, -0.194, 3.2101)
(1.3656, -0.3643, 3.4025)
(5.3974, 0.9585, 1.4157)
(2.8475, -0.0388, 3.066)
(3.4967, 0.1184, 2.873)
(5.4641, 1.2099, 0.9764)
(4.128, 0.2674, 2.6498)
(5.6809, 1.3739, 0.6198)
(4.7082, 0.4466, 2.3849)
(5.0748, 0.7716, 2.0129)
(1.6988, 0.1016, 3.7242)
(2.1891, 0.3022, 3.5566)
(5.2915, 1.1251, 1.5961)
(2.821, 0.4738, 3.3979)
(3.4837, 0.6014, 3.2338)
(5.6459, 1.3245, 1.1987)
(4.1459, 0.6917, 3.0648)
(6.0006, 1.3622, 0.8945)
(4.7003, 0.813, 2.8105)
(4.9295, 1.0178, 2.3424)
(1.8384, 0.5499, 4.0147)
(2.2332, 0.7712, 3.8794)
(5.3694, 1.1468, 1.9363)
(2.822, 0.9675, 3.7076)
(3.4695, 1.1038, 3.5101)
(5.9113, 1.2016, 1.5656)
(4.1258, 1.1831, 3.3199)
(1.9756, 0.8764, 4.0995)
(6.2953, 1.1468, 1.268)
(4.725, 1.2382, 3.0707)
(2.1813, 1.1646, 4.122)
(2.8323, 1.3597, 3.9684)
(5.1413, 1.2581, 2.6196)
(3.4672, 1.5117, 3.7097)
(5.6822, 1.3099, 2.2424)
(4.0796, 1.6046, 3.3809)
(4.6915, 1.6272, 3.0428)
(6.2552, 1.3375, 1.9078)
(5.2829, 1.578, 2.67)
(6.6259, 1.2462, 1.6298)
(5.8583, 1.5752, 2.3754)
(6.7184, 1.4669, 1.8711)
(6.5566, 1.6425, 2.1003)
(-0.736, 1.8236, -4.4655)
(-0.1704, 2.1255, -4.3855)
(0.3832, 2.4212, -4.3424)
(0.9655, 2.2739, -4.2468)
(1.6013, 2.1961, -4.4018)
(-0.5342, 2.0429, -4.4761)
(0.0138, 2.0473, -4.2208)
(2.2152, 2.1334, -4.5076)
(0.5562, 2.2365, -4.1645)
(2.4795, 1.8993, -4.6836)
(1.1121, 2.3468, -4.087)
(1.626, 2.1081, -4.1136)
(2.1266, 1.8575, -4.341)
(2.4223, 1.553, -4.6569)
(-0.4425, 2.4052, -4.2007)
(0.1754, 2.3412, -4.0453)
(0.6857, 2.1799, -3.8329)
(1.2662, 2.1305, -3.8146)
(1.8056, 2.0062, -3.7294)
(2.2699, 1.7248, -3.8871)
(2.3984, 1.3447, -4.082)
(-0.4431, 2.5903, -3.6691)
(0.2157, 2.5892, -3.6133)
(0.8312, 2.3734, -3.485)
(1.3816, 2.04, -3.4235)
(1.8432, 1.6782, -3.4096)
(2.3452, 1.5347, -3.4916)
(2.7622, 1.2424, -3.6076)
(-0.5126, 2.5996, -3.1219)
(0.1167, 2.4766, -3.1042)
(0.7326, 2.1712, -3.0482)
(1.2432, 1.7628, -2.9426)
(1.6826, 1.4277, -2.9514)
(2.0061, 1.3774, -3.3224)
(2.196, 1.1303, -3.5883)
(-0.6498, 2.4507, -2.6943)
(-0.027, 2.176, -2.7197)
(0.5718, 1.8487, -2.7093)
(1.0592, 1.5462, -2.4833)
(1.5147, 1.3111, -2.3582)
(1.832, 1.2098, -2.7789)
(2.11, 0.9843, -3.1039)
(-0.5841, 2.5949, -2.1829)
(0.0261, 2.2882, -2.2108)
(0.6102, 1.9654, -2.217)
(1.083, 1.6287, -2.0137)
(1.5259, 1.3651, -1.8796)
(1.8404, 1.0847, -2.1371)
(2.0942, 0.7737, -2.307)
(-0.4692, 2.7604, -1.6123)
(0.1525, 2.4856, -1.6519)
(0.7482, 2.1705, -1.6853)
(1.3189, 1.9145, -1.6741)
(1.812, 1.6127, -1.6544)
(2.0982, 1.1599, -1.669)
(2.3769, 0.8033, -1.7637)
(-0.3809, 2.8274, -1.0139)
(0.2566, 2.5884, -1.0657)
(0.8628, 2.2797, -1.1096)
(1.4412, 1.9937, -1.1374)
(1.9618, 1.6606, -1.1526)
(2.3397, 1.2196, -1.1494)
(2.5241, 0.7929, -1.1606)
(-0.3337, 2.7986, -0.4052)
(0.299, 2.5546, -0.4651)
(0.9077, 2.2445, -0.5134)
(1.4877, 1.943, -0.5409)
(2.0261, 1.6128, -0.558)
(2.4617, 1.2066, -0.568)
(2.6843, 0.7937, -0.5713)
(-0.3254, 2.6891, 0.1948)
(0.2867, 2.4045, 0.1215)
(0.8958, 2.0969, 0.0705)
(1.4963, 1.8116, 0.0434)
(2.0706, 1.5148, 0.0278)
(2.5685, 1.166, 0.0138)
(2.8761, 0.8077, 0.0012)
(-0.3177, 2.5355, 0.7827)
(0.2963, 2.2685, 0.7011)
(0.9242, 2.041, 0.6491)
(1.5306, 1.7553, 0.6228)
(2.1178, 1.4475, 0.6068)
(2.6671, 1.1349, 0.5818)
(3.0676, 0.8403, 0.5717)
(-0.2507, 2.4166, 1.3715)
(0.4014, 2.2996, 1.2734)
(1.0506, 2.2419, 1.1807)
(1.6494, 1.9542, 1.1606)
(2.2334, 1.6091, 1.1527)
(2.8434, 1.3435, 1.0787)
(3.5299, 1.092, 0.991)
(-0.1332, 2.3591, 1.963)
(0.5269, 2.4055, 1.8486)
(1.1782, 2.4611, 1.7318)
(1.7975, 2.2415, 1.6719)
(4.1666, 1.2289, 1.2037)
(2.3962, 1.9433, 1.6187)
(3.0186, 1.769, 1.4474)
(4.6659, 1.7107, 1.0886)
(3.6368, 1.6762, 1.2061)
(5.2722, 1.4845, 1.3034)
(4.2414, 1.595, 1.1093)
(0.0051, 2.2886, 2.5538)
(0.6568, 2.4353, 2.4435)
(1.3031, 2.5872, 2.3128)
(5.2129, 1.6615, 0.9944)
(1.9486, 2.5182, 2.1799)
(4.8387, 1.6579, 1.2008)
(2.5762, 2.3592, 2.0112)
(3.1948, 2.2558, 1.7631)
(5.3556, 1.7247, 1.0848)
(3.7854, 2.2044, 1.4515)
(5.3218, 1.8915, 0.7674)
(4.3943, 2.0581, 1.2856)
(0.133, 2.1536, 3.1112)
(0.7818, 2.3633, 3.0515)
(1.4575, 2.5699, 2.908)
(5.055, 2.0503, 1.1898)
(2.1282, 2.6799, 2.7213)
(2.7726, 2.6711, 2.4693)
(5.6052, 2.1114, 0.9935)
(3.3961, 2.6285, 2.1686)
(0.2386, 1.9679, 3.533)
(5.5916, 2.3457, 0.7348)
(4.0051, 2.5926, 1.8443)
(4.627, 2.486, 1.5874)
(1.6587, 2.4196, 3.4724)
(0.8933, 2.0947, 3.6947)
(5.2758, 2.471, 1.3949)
(2.3447, 2.6243, 3.2778)
(3.0056, 2.7031, 3.0076)
(5.8603, 2.5467, 1.2056)
(3.6466, 2.7006, 2.6905)
(6.061, 2.6746, 0.8788)
(4.2867, 2.6973, 2.361)
(4.9303, 2.7004, 2.0198)
(1.3958, 1.9449, 3.9881)
(1.9299, 2.1282, 3.9047)
(5.5629, 2.7087, 1.7747)
(2.5782, 2.3152, 3.7336)
(3.2378, 2.4374, 3.474)
(6.166, 2.7977, 1.5579)
(3.8863, 2.4906, 3.1658)
(6.5089, 2.8044, 1.2631)
(4.5394, 2.5415, 2.8567)
(5.1829, 2.5786, 2.5043)
(1.6723, 1.5657, 4.2146)
(2.1396, 1.6679, 4.1227)
(5.7886, 2.5848, 2.2171)
(2.7596, 1.8297, 3.9651)
(3.4074, 1.9583, 3.7113)
(6.4141, 2.626, 1.9597)
(4.0387, 2.024, 3.3847)
(1.8856, 1.2968, 4.2409)
(6.8284, 2.6544, 1.7081)
(4.6695, 2.0504, 3.0397)
(2.1914, 1.2036, 4.1363)
(2.8434, 1.3916, 3.9893)
(5.3156, 2.0494, 2.6887)
(3.474, 1.5295, 3.7217)
(5.9226, 2.1043, 2.3888)
(4.0879, 1.6064, 3.4002)
(4.7023, 1.6279, 3.0634)
(6.535, 2.1291, 2.1492)
(5.3211, 1.5477, 2.6916)
(6.9588, 2.2074, 1.9612)
(6.0504, 1.6094, 2.3195)
(6.8831, 1.8865, 2.0852)
(6.6396, 1.6803, 2.1282)
(1.1222, -2.223, -5.5381)
(0.6681, -1.9226, -5.2163)
(0.1493, -1.8372, -4.9587)
(-0.3054, -2.1934, -4.9395)
(-0.9314, -2.2221, -5.0092)
(-1.565, -1.9734, -5.0938)
(1.2228, -2.4041, -5.1363)
(0.7698, -2.1069, -4.8305)
(0.2608, -1.9206, -4.5542)
(-2.1061, -1.6057, -5.1018)
(-0.2886, -2.1499, -4.514)
(-2.4486, -1.3639, -5.0014)
(-0.9348, -2.1409, -4.5922)
(-1.5723, -1.9124, -4.6787)
(-2.1504, -1.6544, -4.6843)
(-2.5249, -1.3238, -4.6652)
(1.3112, -2.6307, -4.6276)
(0.8245, -2.4005, -4.3702)
(0.3467, -2.0977, -4.0687)
(-0.2388, -2.092, -3.9763)
(-0.878, -1.9504, -4.1009)
(-1.5249, -1.7847, -4.1892)
(-2.1344, -1.7048, -4.1404)
(-2.5361, -1.4555, -4.0643)
(1.3087, -2.8159, -4.0834)
(0.7244, -2.8025, -3.9897)
(0.2098, -2.5117, -3.7448)
(-0.3203, -2.2713, -3.5287)
(-0.8975, -2.0616, -3.6302)
(-1.4595, -1.9007, -3.7328)
(-2.0395, -1.7473, -3.6721)
(-2.4267, -1.532, -3.4717)
(1.2393, -2.8897, -3.5017)
(0.6232, -3.0757, -3.5156)
(-0.0022, -2.9399, -3.4764)
(-0.59, -2.6706, -3.4022)
(-1.0795, -2.3364, -3.4187)
(-1.3348, -1.8685, -3.3344)
(-1.7519, -1.5069, -3.4489)
(-2.0781, -1.1219, -3.8505)
(1.1594, -2.8911, -2.9015)
(0.5265, -3.1204, -2.9369)
(-0.1458, -3.126, -2.9805)
(-0.7605, -2.9244, -3.0054)
(-1.1365, -2.4479, -2.9678)
(-1.3487, -1.8788, -2.8515)
(-1.648, -1.4675, -2.931)
(-1.7905, -1.3116, -3.376)
(1.0858, -2.8709, -2.2969)
(0.4421, -3.0874, -2.3329)
(-0.2339, -3.1043, -2.3896)
(-0.8733, -2.906, -2.4521)
(-1.3811, -2.5177, -2.4859)
(-1.6914, -1.9733, -2.4667)
(-1.8399, -1.4331, -2.4398)
(-2.0328, -1.1612, -2.6392)
(1.0157, -2.8365, -1.6913)
(0.368, -3.049, -1.7251)
(-0.3071, -3.0758, -1.7829)
(-0.9504, -2.8868, -1.852)
(-1.5045, -2.5552, -1.9084)
(-1.9218, -2.0994, -1.9517)
(-2.1529, -1.5628, -1.9752)
(-2.2908, -1.1451, -2.0474)
(0.9428, -2.7757, -1.0873)
(0.2956, -2.9979, -1.1167)
(-0.3768, -3.0474, -1.173)
(-1.0093, -2.8512, -1.2448)
(-1.5381, -2.4928, -1.3038)
(-1.9842, -2.061, -1.3569)
(-2.3169, -1.5759, -1.4056)
(-2.5099, -1.1606, -1.4531)
(0.8625, -2.6776, -0.4889)
(0.2197, -2.9203, -0.511)
(-0.4473, -3.0016, -0.5628)
(-1.0681, -2.7944, -0.6408)
(-1.5613, -2.3848, -0.7092)
(-2.0138, -1.9455, -0.7662)
(-2.4196, -1.5056, -0.818)
(-2.6913, -1.1267, -0.8674)
(0.7762, -2.5434, 0.1018)
(0.1369, -2.8097, 0.0888)
(-0.5252, -2.9456, 0.0464)
(-1.1539, -2.7687, -0.0382)
(-1.647, -2.334, -0.1184)
(-2.1059, -1.8695, -0.1836)
(-2.5437, -1.4329, -0.2411)
(-2.8712, -1.0889, -0.2888)
(0.6918, -2.3778, 0.683)
(0.0461, -2.6546, 0.6756)
(-0.6128, -2.8727, 0.649)
(-1.2654, -2.7904, 0.5609)
(-1.7883, -2.3571, 0.4645)
(-2.2599, -1.8584, 0.3881)
(-2.7154, -1.3902, 0.3231)
(-3.0597, -1.0214, 0.2825)
(0.5827, -2.1254, 1.2284)
(-0.0557, -2.4075, 1.2296)
(-0.7004, -2.669, 1.2208)
(-1.3549, -2.7099, 1.1541)
(-1.9112, -2.3431, 1.05)
(-2.4235, -1.8788, 0.9575)
(-2.9326, -1.4263, 0.8575)
(-3.4856, -0.8911, 0.7931)
(0.4637, -1.8261, 1.7532)
(-0.1633, -2.1166, 1.7629)
(-0.7942, -2.396, 1.7632)
(-1.4302, -2.5258, 1.72)
(-2.0072, -2.2812, 1.6088)
(-4.1639, -0.8567, 0.6178)
(-2.5935, -1.9812, 1.4672)
(-3.1682, -1.7004, 1.2449)
(-4.5746, -0.7592, 1.1821)
(-3.7142, -1.4656, 0.9141)
(-5.1949, -1.031, 1.0916)
(0.3532, -1.5244, 2.2825)
(-4.2766, -1.2633, 0.7084)
(-0.2748, -1.8069, 2.2873)
(-0.9102, -2.0672, 2.27)
(-1.5655, -2.2527, 2.1983)
(-5.356, -0.9672, 0.8423)
(-2.2106, -2.2901, 2.0385)
(-4.8122, -1.0393, 0.8817)
(-2.8262, -2.2223, 1.7731)
(-3.3973, -2.0684, 1.4267)
(-5.3386, -0.9029, 0.8718)
(-3.9461, -1.8955, 1.0419)
(-5.6015, -1.0441, 0.7172)
(-4.4901, -1.6818, 0.7196)
(0.2594, -1.2463, 2.7836)
(-0.379, -1.4872, 2.7803)
(-1.0278, -1.669, 2.7373)
(-1.704, -1.815, 2.5695)
(-5.0142, -1.3527, 0.5923)
(-2.3679, -1.8983, 2.3423)
(-3.0084, -1.9202, 2.0944)
(-5.5486, -1.0798, 0.4931)
(-3.6114, -1.8657, 1.7675)
(0.1959, -1.0587, 3.1413)
(-0.4671, -1.2443, 3.184)
(-5.9587, -0.9536, 0.4447)
(-4.1949, -1.7777, 1.4003)
(-4.7759, -1.6854, 1.0392)
(-1.8886, -1.49, 3.044)
(-1.128, -1.2782, 3.3349)
(-5.3291, -1.5603, 0.6885)
(-2.5408, -1.5335, 2.7543)
(-3.1485, -1.4947, 2.421)
(-5.8072, -1.4189, 0.3525)
(-3.7336, -1.4372, 2.05)
(-6.2219, -1.2677, 0.2228)
(-4.3251, -1.3851, 1.675)
(-4.9481, -1.3667, 1.3395)
(-1.6411, -1.1184, 3.6519)
(-2.1697, -1.2491, 3.5046)
(-5.5606, -1.3925, 1.0256)
(-2.7934, -1.3327, 3.2442)
(-3.4042, -1.3465, 2.8954)
(-6.0893, -1.5128, 0.714)
(-3.9905, -1.3408, 2.5096)
(-6.504, -1.5886, 0.4978)
(-4.5836, -1.3785, 2.1173)
(-5.2118, -1.447, 1.7472)
(-1.9521, -0.8218, 3.9775)
(-2.4167, -0.9052, 3.8632)
(-5.8195, -1.5048, 1.454)
(-3.0282, -1.024, 3.6522)
(-3.6526, -1.1125, 3.3363)
(-6.3955, -1.5596, 1.2038)
(-4.2546, -1.2082, 2.9794)
(-2.204, -0.6216, 4.1204)
(-6.8299, -1.5787, 0.9796)
(-4.8532, -1.3194, 2.6014)
(-2.5228, -0.514, 4.0659)
(-3.1831, -0.6867, 3.905)
(-5.4608, -1.3737, 2.1938)
(-3.8182, -0.8182, 3.6224)
(-6.0703, -1.4304, 1.8943)
(-4.4147, -0.9676, 3.2831)
(-5.0067, -1.1131, 2.9439)
(-6.6488, -1.4668, 1.6813)
(-5.4775, -1.1137, 2.4388)
(-7.0637, -1.4538, 1.4623)
(-6.1155, -1.1457, 2.1705)
(-7.027, -1.293, 1.7621)
(-6.7919, -1.1982, 1.9979)
(-1.1641, 1.7132, -4.717)
(-1.4846, 1.5353, -4.3924)
(-2.0394, 1.2726, -4.3044)
(-2.4206, 0.8012, -4.2497)
(-2.3931, 0.2784, -4.0794)
(-2.606, -0.2024, -4.3507)
(-1.0948, 2.0175, -4.6502)
(-1.5074, 1.6381, -4.501)
(-1.842, 1.1712, -4.2276)
(-2.8353, -0.7447, -4.6086)
(-2.2438, 0.7582, -3.968)
(-2.805, -1.127, -4.7716)
(-2.4626, 0.2183, -3.8309)
(-2.501, -0.3486, -4.0507)
(-2.5939, -0.8768, -4.369)
(-2.5389, -1.3113, -4.6546)
(-1.0803, 2.2507, -4.212)
(-1.578, 1.8604, -4.1118)
(-1.8082, 1.3299, -3.8512)
(-2.0364, 0.7461, -3.6521)
(-2.2561, 0.1115, -3.5933)
(-2.4278, -0.5115, -3.6559)
(-2.6125, -1.0156, -3.8963)
(-2.5476, -1.4409, -4.0541)
(-1.0577, 2.3186, -3.6298)
(-1.6169, 1.9307, -3.5751)
(-2.0354, 1.4395, -3.4985)
(-2.2594, 0.8208, -3.4211)
(-2.4486, 0.2025, -3.3223)
(-2.5465, -0.4147, -3.3277)
(-2.5323, -1.0147, -3.4633)
(-2.444, -1.5221, -3.4608)
(-1.0524, 2.3226, -3.0839)
(-1.5347, 1.8644, -3.0575)
(-1.8716, 1.3313, -3.089)
(-1.9999, 0.7089, -3.1249)
(-2.1968, 0.227, -2.9873)
(-2.2054, -0.2516, -3.2049)
(-2.1465, -0.824, -3.3652)
(-1.9948, -1.146, -3.69)
(-1.2267, 2.4879, -2.6613)
(-1.5613, 2.0365, -2.6078)
(-1.5497, 1.4238, -2.6871)
(-1.6069, 0.7705, -2.7131)
(-1.8032, 0.2588, -2.615)
(-1.9544, -0.2211, -2.7922)
(-1.946, -0.7918, -2.952)
(-1.7893, -1.2459, -3.1907)
(-1.1617, 2.6329, -2.1343)
(-1.3695, 2.1205, -2.0947)
(-1.3143, 1.4799, -2.1777)
(-1.442, 0.8395, -2.2109)
(-1.72, 0.3042, -2.1606)
(-1.9186, -0.2056, -2.2945)
(-1.9733, -0.7435, -2.4007)
(-2.0069, -1.1531, -2.5885)
(-1.0345, 2.7283, -1.5634)
(-1.2029, 2.1813, -1.5657)
(-1.3692, 1.5454, -1.6306)
(-1.6825, 0.9704, -1.7364)
(-2.0456, 0.4538, -1.8207)
(-2.262, -0.1176, -1.9246)
(-2.3295, -0.6853, -1.9762)
(-2.2928, -1.1245, -2.035)
(-0.9872, 2.7693, -0.9755)
(-1.3183, 2.255, -1.0167)
(-1.5933, 1.6376, -1.0934)
(-1.8921, 1.046, -1.1936)
(-2.1446, 0.4762, -1.2879)
(-2.282, -0.1205, -1.3719)
(-2.4124, -0.6923, -1.4163)
(-2.5156, -1.1402, -1.4489)
(-0.9652, 2.7372, -0.3731)
(-1.4037, 2.2682, -0.4238)
(-1.6925, 1.6564, -0.509)
(-1.9002, 1.0263, -0.611)
(-2.0213, 0.4055, -0.7131)
(-2.1814, -0.192, -0.7813)
(-2.4275, -0.7314, -0.8223)
(-2.7005, -1.1074, -0.8634)
(-0.9523, 2.6836, 0.2348)
(-1.3962, 2.2331, 0.1832)
(-1.6282, 1.6066, 0.0822)
(-1.7489, 0.9525, -0.043)
(-1.9124, 0.3282, -0.1404)
(-2.1924, -0.2413, -0.1959)
(-2.551, -0.7277, -0.2488)
(-2.8869, -1.0733, -0.2859)
(-0.9233, 2.6087, 0.8436)
(-1.3257, 2.1657, 0.7851)
(-1.4878, 1.5297, 0.6584)
(-1.6822, 0.9124, 0.5269)
(-1.996, 0.3363, 0.4337)
(-2.3477, -0.2054, 0.3681)
(-2.788, -0.6074, 0.2677)
(-3.0773, -0.9998, 0.2898)
(-0.8482, 2.5029, 1.4502)
(-1.2358, 2.0685, 1.3822)
(-1.4408, 1.4684, 1.236)
(-1.8363, 0.9831, 1.077)
(-2.2215, 0.4369, 0.9811)
(-2.5889, -0.0798, 0.8934)
(-3.0836, -0.3486, 0.7102)
(-3.5045, -0.8657, 0.8065)
(-0.747, 2.3753, 2.0516)
(-1.1911, 1.9653, 1.9785)
(-1.536, 1.438, 1.8212)
(-2.0337, 1.0544, 1.6456)
(-2.454, 0.5453, 1.5313)
(-4.1819, -0.8414, 0.5794)
(-2.8649, 0.0965, 1.3999)
(-3.3631, -0.0155, 1.1473)
(-4.5057, -0.7313, 1.2137)
(-3.8361, -0.3559, 1.1095)
(-5.2474, -0.9755, 1.0943)
(-0.6312, 2.1897, 2.6327)
(-4.3845, -0.5393, 0.9535)
(-1.1594, 1.8256, 2.5694)
(-1.6409, 1.4041, 2.418)
(-2.1969, 1.0935, 2.2329)
(-5.4608, -1.0663, 0.8933)
(-2.6797, 0.6637, 2.0755)
(-4.9357, -0.6835, 1.0655)
(-3.1523, 0.3146, 1.8823)
(-3.6481, 0.2886, 1.5875)
(-5.3841, -0.889, 0.9854)
(-4.1538, 0.0486, 1.4603)
(-5.7283, -1.0078, 0.6812)
(-4.6812, -0.1985, 1.2481)
(-0.5099, 1.94, 3.1406)
(-1.1101, 1.6321, 3.1231)
(-1.6877, 1.3114, 3.0331)
(-2.3041, 1.0491, 2.8367)
(-5.2499, -0.3864, 1.0933)
(-2.8768, 0.7483, 2.6225)
(-3.4254, 0.5065, 2.353)
(-5.7469, -0.5787, 0.859)
(-3.9775, 0.3805, 2.056)
(-0.4265, 1.7371, 3.4852)
(-1.0653, 1.4288, 3.5508)
(-6.1061, -0.6592, 0.5043)
(-4.5592, 0.3013, 1.8216)
(-5.1245, 0.0584, 1.531)
(-2.4097, 0.8343, 3.3959)
(-1.6523, 1.0548, 3.7036)
(-5.6615, -0.1126, 1.273)
(-3.0578, 0.641, 3.1657)
(-3.6602, 0.4565, 2.8781)
(-6.2045, -0.2264, 0.9729)
(-4.2536, 0.3132, 2.58)
(-6.5215, -0.2301, 0.5958)
(-4.874, 0.25, 2.3175)
(-5.497, 0.0728, 1.9643)
(-2.0248, 0.5854, 3.9567)
(-2.547, 0.4361, 3.8017)
(-6.1005, -0.0318, 1.6033)
(-3.1796, 0.2791, 3.605)
(-3.8073, 0.1271, 3.3311)
(-6.6346, -0.0287, 1.2823)
(-4.4142, -0.0176, 3.026)
(-6.9722, -0.1008, 0.971)
(-5.0274, -0.1461, 2.7404)
(-5.6516, -0.242, 2.3747)
(-2.1674, 0.0924, 4.1538)
(-2.6072, -0.0629, 4.0299)
(-6.2932, -0.2741, 2.0145)
(-3.214, -0.2239, 3.8493)
(-3.8359, -0.3723, 3.5727)
(-6.8673, -0.2597, 1.6989)
(-4.4247, -0.5269, 3.2453)
(-2.2915, -0.2444, 4.1633)
(-7.2436, -0.3163, 1.4394)
(-5.0133, -0.6809, 2.9586)
(-2.5202, -0.4926, 4.076)
(-3.1784, -0.6642, 3.9156)
(-5.5434, -0.7739, 2.5394)
(-3.8114, -0.802, 3.6454)
(-6.1641, -0.7673, 2.2207)
(-4.4062, -0.9461, 3.3007)
(-4.9941, -1.0885, 2.9586)
(-6.8024, -0.742, 1.989)
(-5.4234, -1.1515, 2.3948)
(-7.2382, -0.7308, 1.7982)
(-6.0523, -1.1571, 2.1417)
(-7.1, -1.0171, 1.9624)
(-6.8093, -1.1655, 2.0057)
(2.6848, 0.7837, -0.5688)
(2.399, 1.3352, -4.0854)
(2.1864, 1.1841, 4.1291)
(2.0805, 0.7637, -2.3259)
(2.8378, 1.3756, 3.9789)
(3.4706, 1.5206, 3.7157)
(2.8761, 0.7977, 0.0037)
(4.0837, 1.6055, 3.3905)
(4.6969, 1.6275, 3.0531)
(5.302, 1.5628, 2.6808)
(5.9544, 1.5923, 2.3474)
(2.7675, 1.234, -3.6117)
(6.5981, 1.6614, 2.1142)
(2.3698, 0.7934, -1.7667)
(2.524, 0.7827, -1.1598)
(4.1735, 1.2174, 1.189)
(3.0706, 0.8305, 0.5719)
(3.5285, 1.0815, 0.9935)
(4.6704, 1.6911, 1.0846)
(5.2867, 1.4891, 1.2718)
(2.4238, 1.544, -4.6611)
(2.1891, 1.1174, -3.5973)
(2.123, 0.9551, -3.0412)
(6.4605, 1.3028, 1.7634)
(6.386, 1.4704, 2.0201)
(6.6557, 1.5595, 1.9838)
(6.7109, 1.3586, 1.7609)
(5.4563, 1.4441, 1.274)
(5.2045, 1.4307, 1.3133)
(5.3387, 1.4722, 1.259)
(5.5075, 1.4729, 1.2555)
(5.2138, 1.4498, 1.2234)
(5.4131, 1.5677, 0.9349)
(5.4893, 1.66, 0.9912)
(5.3737, 1.3196, 0.9878)
(5.5523, 1.2954, 0.7828)
(5.6046, 1.5218, 0.6592)
(5.551, 1.2562, 1.0552)
(5.8277, 1.3555, 1.0379)
(5.8283, 1.3599, 0.7182)
(5.7633, 1.2734, 1.3755)
(6.1199, 1.1839, 1.4096)
(6.1477, 1.2566, 1.0803)
(6.0879, 1.2313, 1.7508)
(6.4699, 1.1546, 1.4589)
(1.9306, 0.2039, 3.6393)
(1.7815, 0.337, 3.8894)
(2.0178, 0.6618, 3.95)
(2.2136, 0.5456, 3.7272)
(2.4922, 0.3928, 3.477)
(2.5088, 0.8748, 3.7985)
(2.8196, 0.73, 3.5598)
(3.1525, 0.5436, 3.3163)
(3.1442, 1.0442, 3.6096)
(3.4768, 0.8584, 3.3859)
(3.8154, 0.6484, 3.1515)
(3.7972, 1.1479, 3.4141)
(4.1412, 0.9378, 3.2198)
(4.4611, 0.7413, 2.9625)
(4.4467, 1.2151, 3.2176)
(4.7135, 1.0248, 2.9744)
(4.8247, 0.9146, 2.587)
(4.9383, 1.2482, 2.8546)
(5.0111, 1.1303, 2.4996)
(5.1152, 1.0935, 2.129)
(5.3918, 1.2803, 2.4189)
(5.5217, 1.2037, 2.1077)
(5.65, 1.1862, 1.7452)
(5.9846, 1.3353, 2.0702)
(1.8096, -0.2771, 3.2806)
(1.5621, -0.136, 3.5527)
(2.1664, 0.0542, 3.3856)
(2.5068, -0.1159, 3.1423)
(2.8291, 0.2174, 3.2312)
(3.1763, 0.0399, 2.9751)
(3.4877, 0.3576, 3.0562)
(3.8136, 0.194, 2.7641)
(4.1381, 0.4734, 2.8655)
(4.4349, 0.3441, 2.5278)
(4.7042, 0.6227, 2.609)
(4.9222, 0.5936, 2.2101)
(4.9755, 0.903, 2.1825)
(5.1799, 0.958, 1.8063)
(5.2864, 1.1446, 1.7543)
(5.4555, 1.249, 1.3886)
(0.5757, -1.1133, 2.787)
(0.2249, -1.144, 2.9761)
(0.5149, -0.9238, 3.1656)
(0.8535, -0.8676, 3.0168)
(1.2042, -0.866, 2.813)
(1.1128, -0.5749, 3.2931)
(1.4746, -0.5926, 3.083)
(1.8743, -0.7203, 2.8311)
(2.1859, -0.4393, 3.0217)
(2.5709, -0.6097, 2.7814)
(2.8763, -0.2941, 2.9022)
(3.2144, -0.4292, 2.6225)
(3.5138, -0.1218, 2.698)
(3.8032, -0.2077, 2.368)
(4.1199, 0.0632, 2.4405)
(4.3543, 0.0489, 2.0717)
(4.6868, 0.2846, 2.149)
(4.8691, 0.347, 1.7523)
(5.1291, 0.6258, 1.8218)
(5.282, 0.7508, 1.5314)
(5.3674, 1.0331, 1.4878)
(5.4349, 1.1065, 1.2107)
(0.6683, -1.3858, 2.2768)
(0.3029, -1.3769, 2.546)
(0.9356, -1.1164, 2.5438)
(1.3136, -1.1634, 2.2813)
(1.5863, -0.9464, 2.5681)
(1.9801, -1.0896, 2.3351)
(2.2665, -0.887, 2.594)
(2.6078, -0.9641, 2.3152)
(2.9064, -0.7093, 2.4932)
(3.1357, -0.6366, 2.1414)
(3.469, -0.4362, 2.265)
(3.611, -0.2486, 1.9098)
(3.9891, -0.1213, 1.9882)
(4.0724, 0.1436, 1.6426)
(4.4836, 0.2175, 1.6888)
(4.5473, 0.4777, 1.3348)
(4.965, 0.5465, 1.424)
(4.9451, 0.8665, 1.2887)
(5.28, 0.9938, 1.3604)
(5.1811, 1.2924, 1.2353)
(0.7796, -1.6864, 1.7476)
(0.407, -1.6748, 2.0166)
(1.0423, -1.4099, 2.0076)
(1.4277, -1.4576, 1.7519)
(1.7036, -1.2533, 2.0363)
(2.0916, -1.3425, 1.7932)
(2.3451, -1.1789, 2.081)
(2.6376, -1.0813, 1.7638)
(2.842, -0.8332, 1.9784)
(2.9899, -0.5494, 1.6719)
(3.2425, -0.3556, 1.8331)
(3.3278, 0.0047, 1.5919)
(3.6732, 0.0943, 1.6429)
(3.7104, 0.4383, 1.3564)
(4.1068, 0.4551, 1.3231)
(4.1534, 0.7757, 1.0845)
(4.562, 0.7948, 1.1268)
(4.5613, 1.1543, 1.1516)
(4.8791, 1.2017, 1.2996)
(4.9639, 1.3759, 1.3311)
(0.9034, -1.9886, 1.2275)
(0.5229, -1.9779, 1.4915)
(1.1624, -1.7111, 1.4865)
(1.5494, -1.7318, 1.2237)
(1.818, -1.5071, 1.4976)
(2.2037, -1.5157, 1.2257)
(2.4506, -1.3237, 1.5108)
(2.7724, -1.1846, 1.1984)
(2.8919, -0.8696, 1.4452)
(3.0814, -0.6152, 1.1421)
(3.1414, -0.2541, 1.3934)
(3.2413, 0.0371, 1.0901)
(3.4204, 0.3234, 1.3009)
(3.4227, 0.6605, 1.0093)
(3.7465, 0.7931, 1.1018)
(3.8537, 1.1385, 1.0852)
(4.253, 1.1065, 1.0797)
(4.4276, 1.4387, 1.1275)
(4.6913, 1.4422, 1.2019)
(4.988, 1.5826, 1.1605)
(1.0128, -2.237, 0.6839)
(0.6402, -2.2616, 0.9601)
(1.285, -1.9884, 0.9589)
(1.6528, -1.9514, 0.6745)
(1.9333, -1.726, 0.9471)
(2.2929, -1.664, 0.6491)
(2.5597, -1.4429, 0.9267)
(2.8104, -1.2469, 0.6052)
(2.9879, -0.9534, 0.8782)
(3.0205, -0.6398, 0.5642)
(3.1213, -0.3049, 0.834)
(3.0507, 0.0234, 0.5452)
(3.2071, 0.3464, 0.8005)
(3.0884, 0.602, 0.5458)
(3.3003, 0.9458, 0.7841)
(1.0872, -2.39, 0.1012)
(0.7354, -2.4684, 0.3954)
(1.3652, -2.1686, 0.3915)
(1.6957, -2.0586, 0.0856)
(1.9885, -1.8548, 0.369)
(2.2835, -1.7007, 0.0489)
(2.5675, -1.4955, 0.329)
(2.7246, -1.2261, 0.0072)
(2.8972, -0.9473, 0.288)
(2.8563, -0.6192, -0.0063)
(2.9352, -0.3042, 0.2755)
(2.8361, 0.0178, -0.0031)
(2.9471, 0.32, 0.2738)
(2.8573, 0.5638, 0.0004)
(2.9749, 0.8042, 0.2891)
(1.1708, -2.5231, -0.4871)
(0.819, -2.6136, -0.193)
(1.4297, -2.2904, -0.1981)
(1.7554, -2.1604, -0.5039)
(2.0089, -1.9189, -0.2275)
(2.2695, -1.7185, -0.5492)
(2.5104, -1.4787, -0.275)
(2.6492, -1.1923, -0.5923)
(2.7837, -0.9163, -0.3007)
(2.7716, -0.6003, -0.595)
(2.7803, -0.2965, -0.2913)
(2.7044, 0.0171, -0.5779)
(2.7516, 0.3062, -0.2849)
(2.6752, 0.5507, -0.5704)
(2.7808, 0.7808, -0.2801)
(1.249, -2.6208, -1.0826)
(0.9038, -2.7318, -0.7872)
(1.5047, -2.3993, -0.7877)
(1.7958, -2.2162, -1.098)
(2.0284, -1.9649, -0.8202)
(2.2152, -1.6906, -1.1417)
(2.4411, -1.4412, -0.8714)
(2.563, -1.1394, -1.1885)
(2.7208, -0.8851, -0.8991)
(2.7335, -0.5705, -1.1962)
(2.7232, -0.2813, -0.8839)
(2.6356, 0.0303, -1.1738)
(2.6186, 0.3028, -0.8672)
(2.5329, 0.5496, -1.1627)
(2.6047, 0.7731, -0.8627)
(1.3175, -2.677, -1.6844)
(0.9799, -2.8102, -1.3889)
(1.5636, -2.4607, -1.3852)
(1.8223, -2.2333, -1.6949)
(2.0124, -1.959, -1.4146)
(2.1488, -1.649, -1.7337)
(2.3401, -1.3793, -1.4628)
(2.4659, -1.0849, -1.788)
(2.6542, -0.8414, -1.5019)
(2.6836, -0.527, -1.8052)
(2.6825, -0.2487, -1.4878)
(2.5553, 0.0585, -1.7801)
(2.5084, 0.3125, -1.4681)
(2.377, 0.5561, -1.7661)
(2.4433, 0.778, -1.4643)
(1.3814, -2.7024, -2.2883)
(1.0507, -2.8561, -1.9941)
(1.6184, -2.4883, -1.9858)
(1.8585, -2.2345, -2.2915)
(2.01, -1.9484, -2.0085)
(2.0875, -1.6202, -2.3233)
(2.2449, -1.3332, -2.0578)
(2.3275, -1.0333, -2.3658)
(2.5753, -0.7952, -2.1072)
(2.5718, -0.4601, -2.369)
(2.6279, -0.2002, -2.0946)
(2.4446, 0.1149, -2.3654)
(2.3688, 0.3296, -2.0712)
(2.1959, 0.5761, -2.3654)
(2.2148, 0.7685, -2.0572)
(1.4413, -2.7044, -2.8918)
(1.1218, -2.8824, -2.5995)
(1.665, -2.4859, -2.5869)
(1.8655, -2.1956, -2.8869)
(1.9838, -1.916, -2.5973)
(1.9786, -1.5561, -2.8924)
(2.0676, -1.2753, -2.6164)
(2.073, -0.9323, -2.8502)
(2.3266, -0.7028, -2.5913)
(2.27, -0.3249, -2.7775)
(2.4237, -0.0939, -2.5761)
(2.2916, 0.255, -2.8864)
(2.2615, 0.4202, -2.6709)
(2.1923, 0.7196, -2.9998)
(2.1014, 0.8398, -2.6617)
(1.501, -2.6858, -3.4928)
(1.1988, -2.8956, -3.2027)
(1.6999, -2.4527, -3.1873)
(1.8835, -2.1378, -3.483)
(1.9729, -1.8533, -3.1831)
(2.0164, -1.4784, -3.466)
(1.9955, -1.189, -3.1578)
(2.0899, -0.8245, -3.4174)
(2.152, -0.572, -3.078)
(2.2432, -0.1949, -3.3635)
(2.2768, 0.0485, -3.0787)
(2.3473, 0.3968, -3.462)
(2.2691, 0.5775, -3.2829)
(2.3188, 0.8795, -3.5506)
(2.1591, 1.0152, -3.2925)
(1.5625, -2.6429, -4.0889)
(1.2783, -2.8659, -3.7967)
(1.738, -2.4063, -3.7853)
(1.9039, -2.0764, -4.0744)
(1.9785, -1.7761, -3.7726)
(2.0482, -1.3971, -4.0489)
(2.0521, -1.0914, -3.7436)
(2.1504, -0.7395, -4.0151)
(2.1751, -0.4608, -3.6995)
(2.302, -0.0892, -3.9525)
(2.3444, 0.1824, -3.6611)
(2.5359, 0.5203, -3.8755)
(2.5168, 0.7151, -3.6971)
(2.662, 1.0024, -3.7623)
(2.4775, 1.1651, -3.6111)
(1.571, -2.5333, -4.6718)
(1.3219, -2.7349, -4.3588)
(1.7924, -2.3538, -4.3788)
(1.9897, -2.0338, -4.6578)
(2.0594, -1.7319, -4.348)
(2.2198, -1.3852, -4.5989)
(2.1997, -1.0528, -4.2986)
(2.3839, -0.7168, -4.5241)
(2.347, -0.4041, -4.2414)
(2.5314, -0.0463, -4.4418)
(2.5012, 0.2612, -4.1475)
(2.5552, 0.5971, -4.3207)
(2.607, 0.8211, -4.0148)
(2.4856, 1.1196, -4.1737)
(2.5862, 1.2757, -3.8524)
(1.4962, -2.3691, -5.2076)
(1.2739, -2.5154, -4.892)
(1.7925, -2.2602, -4.9623)
(1.9506, -1.9395, -5.213)
(2.1261, -1.6792, -4.9181)
(2.1972, -1.3004, -5.1437)
(2.3245, -1.0165, -4.8388)
(2.3697, -0.6313, -5.0562)
(2.48, -0.3437, -4.7501)
(2.4765, 0.0475, -4.9566)
(2.5482, 0.3319, -4.6467)
(2.4946, 0.7211, -4.8312)
(2.4796, 0.9515, -4.5073)
(2.4566, 1.2833, -4.6989)
(2.4124, 1.4304, -4.3771)
(1.4055, -2.2281, -5.6212)
(1.1717, -2.3086, -5.3472)
(1.7171, -2.1466, -5.4488)
(1.8616, -1.8493, -5.6338)
(2.0387, -1.5798, -5.4035)
(2.0849, -1.206, -5.5564)
(2.2346, -0.9189, -5.3203)
(2.2588, -0.5386, -5.4688)
(2.3841, -0.2458, -5.2285)
(2.4077, 0.1363, -5.3745)
(2.4693, 0.4355, -5.1178)
(2.5008, 0.813, -5.2509)
(2.4951, 1.0781, -4.9825)
(2.5108, 1.3603, -5.1081)
(2.4587, 1.5529, -4.8514)
(1.8993, 0.7252, 4.0769)
(2.0727, 1.0213, 4.1119)
(2.2393, 0.9699, 3.9992)
(2.5068, 1.2621, 4.0452)
(2.8258, 1.171, 3.8367)
(3.1497, 1.4357, 3.839)
(3.4657, 1.3148, 3.6115)
(3.7734, 1.5582, 3.5453)
(4.1042, 1.3991, 3.365)
(4.3856, 1.6159, 3.2119)
(4.7142, 1.434, 3.0798)
(4.9872, 1.6026, 2.8564)
(5.2282, 1.4129, 2.6708)
(5.5706, 1.5766, 2.5227)
(5.7947, 1.4414, 2.3254)
(6.2075, 1.6088, 2.2378)
(6.5695, 1.9, 2.1626)
(6.7663, 2.1616, 2.0513)
(6.9462, 2.0235, 2.0353)
(6.7734, 1.7771, 2.1126)
(5.2599, 1.6133, 1.1605)
(5.229, 1.5743, 1.1451)
(5.2466, 1.7526, 0.8618)
(5.3919, 1.7971, 0.9396)
(5.4776, 1.8963, 1.0143)
(5.4315, 2.1088, 0.7279)
(5.6517, 2.2118, 0.8675)
(5.7287, 2.337, 1.0672)
(5.8128, 2.5362, 0.7797)
(5.9973, 2.607, 1.0558)
(6.0113, 2.7129, 1.3694)
(6.2973, 2.7668, 1.0464)
(6.3629, 2.8114, 1.4184)
(6.3044, 2.7685, 1.7693)
(6.6889, 2.774, 1.498)
(6.6432, 2.6426, 1.8336)
(6.4883, 2.3907, 2.0858)
(6.9193, 2.4417, 1.8586)
(1.5556, 1.7628, 4.1222)
(1.6517, 2.0349, 3.9532)
(2.0486, 1.9065, 4.0436)
(1.8914, 1.6103, 4.1731)
(2.2444, 2.2252, 3.8316)
(2.6807, 2.0794, 3.882)
(2.4358, 1.7459, 4.055)
(2.9103, 2.3869, 3.6132)
(3.3352, 2.2071, 3.6266)
(3.0855, 1.9022, 3.8499)
(3.5623, 2.4682, 3.3211)
(3.9766, 2.2705, 3.3096)
(3.7248, 1.9973, 3.5532)
(4.2119, 2.5154, 3.0153)
(4.6206, 2.315, 2.9846)
(4.3515, 2.0428, 3.2139)
(4.8666, 2.5647, 2.6795)
(5.2655, 2.337, 2.6345)
(4.9956, 2.0461, 2.8615)
(5.4828, 2.5808, 2.3523)
(5.8634, 2.3675, 2.3411)
(5.6183, 2.0754, 2.5309)
(6.1145, 2.6029, 2.0873)
(6.2413, 2.1165, 2.2615)
(1.1723, 2.0595, 3.8346)
(1.3115, 2.2886, 3.5554)
(1.7923, 2.297, 3.7111)
(2.0027, 2.5341, 3.3835)
(2.4628, 2.5005, 3.527)
(2.6789, 2.679, 3.1514)
(3.1253, 2.6062, 3.2611)
(3.3274, 2.7062, 2.8517)
(3.773, 2.6333, 2.9499)
(3.9657, 2.697, 2.5288)
(4.4241, 2.6623, 2.6339)
(4.6099, 2.7003, 2.1847)
(5.0691, 2.6952, 2.2804)
(5.2448, 2.6963, 1.8856)
(5.6888, 2.6997, 2.0105)
(5.8857, 2.7528, 1.6719)
(-0.4643, 1.8325, 3.3275)
(-0.191, 2.0542, 3.1295)
(0.1877, 2.0642, 3.3348)
(-0.0971, 1.8614, 3.4952)
(0.4555, 2.2557, 3.089)
(0.85, 2.2702, 3.3427)
(0.575, 2.0548, 3.596)
(1.1174, 2.4726, 2.9882)
(1.5487, 2.5102, 3.1998)
(1.7956, 2.6409, 2.8208)
(2.2322, 2.6831, 3.0035)
(2.4536, 2.6862, 2.6031)
(2.8858, 2.7256, 2.7359)
(3.0869, 2.648, 2.3246)
(3.5175, 2.7025, 2.4218)
(3.7008, 2.6169, 2.0035)
(4.1425, 2.6777, 2.0914)
(4.3133, 2.5395, 1.7059)
(4.7765, 2.6263, 1.7853)
(4.9471, 2.4636, 1.4846)
(5.417, 2.6244, 1.5663)
(5.602, 2.5001, 1.3111)
(-0.568, 2.0654, 2.9042)
(-0.3214, 2.2556, 2.6049)
(0.0718, 2.2294, 2.8451)
(0.3321, 2.3485, 2.5002)
(0.7184, 2.4146, 2.7504)
(0.9799, 2.5286, 2.3795)
(1.376, 2.5967, 2.6102)
(1.6272, 2.5775, 2.2478)
(2.0337, 2.6207, 2.4456)
(2.2639, 2.4388, 2.1027)
(2.6706, 2.5416, 2.227)
(2.8882, 2.2955, 1.9002)
(3.2899, 2.4709, 1.9492)
(3.4917, 2.2377, 1.6012)
(3.8853, 2.4285, 1.6292)
(4.0844, 2.1291, 1.3487)
(4.4993, 2.2901, 1.423)
(4.7187, 2.0389, 1.2422)
(5.1601, 2.2737, 1.2627)
(5.3814, 2.0661, 1.1049)
(-0.6911, 2.2927, 2.3462)
(-0.4542, 2.3941, 2.0202)
(-0.0646, 2.33, 2.2584)
(0.1962, 2.3632, 1.906)
(0.5922, 2.4328, 2.1426)
(0.8555, 2.4556, 1.7868)
(1.2386, 2.5397, 2.0193)
(1.4923, 2.3808, 1.6947)
(1.8714, 2.387, 1.9238)
(2.0959, 2.0851, 1.6534)
(2.4849, 2.1508, 1.8159)
(2.7054, 1.8391, 1.5496)
(3.1052, 2.0147, 1.6024)
(3.3292, 1.7211, 1.3233)
(3.7043, 1.9464, 1.3129)
(3.9417, 1.6238, 1.1272)
(4.309, 1.8147, 1.1735)
(4.5359, 1.6166, 1.1558)
(4.9436, 1.8253, 1.1859)
(5.1441, 1.6868, 1.1775)
(-0.7996, 2.4433, 1.7522)
(-0.5653, 2.5016, 1.4222)
(-0.1965, 2.3838, 1.6671)
(0.0734, 2.3414, 1.3223)
(0.4639, 2.3545, 1.5596)
(0.7301, 2.2848, 1.2217)
(1.1168, 2.3598, 1.4517)
(1.3555, 2.1228, 1.1628)
(1.723, 2.0951, 1.4183)
(1.9399, 1.7762, 1.1615)
(2.3113, 1.7597, 1.3981)
(2.535, 1.4648, 1.1247)
(2.933, 1.5382, 1.2772)
(3.1606, 1.2371, 1.0229)
(3.5771, 1.4065, 1.1158)
(3.8483, 1.1605, 1.0973)
(4.1905, 1.4205, 1.1147)
(4.4163, 1.4698, 1.1462)
(4.7532, 1.6038, 1.1793)
(4.9691, 1.5976, 1.196)
(-0.8908, 2.5588, 1.1473)
(-0.6318, 2.6254, 0.8234)
(-0.2923, 2.4678, 1.0766)
(-0.0099, 2.4032, 0.7395)
(0.3405, 2.2645, 0.9878)
(0.6099, 2.1544, 0.6711)
(0.9804, 2.1207, 0.9176)
(1.2308, 1.9053, 0.6336)
(1.5816, 1.8296, 0.8969)
(1.8261, 1.603, 0.6149)
(2.1669, 1.4993, 0.8868)
(2.4029, 1.2875, 0.5959)
(2.7489, 1.2049, 0.8443)
(2.8956, 0.9972, 0.567)
(3.2988, 0.9662, 0.7814)
(-0.9424, 2.65, 0.5393)
(-0.6484, 2.7405, 0.2241)
(-0.3259, 2.6131, 0.4895)
(-0.0151, 2.5636, 0.1577)
(0.2818, 2.3222, 0.4121)
(0.5907, 2.2469, 0.0923)
(0.8982, 2.0404, 0.3639)
(1.1984, 1.9528, 0.0547)
(1.5047, 1.7577, 0.336)
(1.7876, 1.6684, 0.0349)
(2.0893, 1.4628, 0.319)
(2.3393, 1.3447, 0.0208)
(2.6125, 1.1346, 0.302)
(2.7395, 0.9875, 0.0073)
(2.9718, 0.824, 0.2865)
(-0.9586, 2.7119, -0.0695)
(-0.6624, 2.82, -0.3809)
(-0.3262, 2.7525, -0.1035)
(-0.0126, 2.6984, -0.4351)
(0.2962, 2.4883, -0.1701)
(0.606, 2.3995, -0.4918)
(0.9038, 2.175, -0.221)
(1.2019, 2.0935, -0.5292)
(1.4939, 1.8813, -0.2482)
(1.7637, 1.7864, -0.5503)
(2.0502, 1.5688, -0.2641)
(2.2667, 1.4155, -0.5637)
(2.5165, 1.1905, -0.2761)
(2.5936, 0.9997, -0.571)
(2.7802, 0.8007, -0.285)
(-0.975, 2.7594, -0.6755)
(-0.7075, 2.8541, -0.9878)
(-0.3517, 2.8242, -0.7095)
(-0.057, 2.7285, -1.0406)
(0.2864, 2.5892, -0.765)
(0.5629, 2.4335, -1.0893)
(0.8948, 2.2811, -0.811)
(1.1563, 2.1358, -1.1251)
(1.4702, 1.9802, -0.8378)
(1.7131, 1.8403, -1.1475)
(1.9978, 1.6427, -0.8549)
(2.1753, 1.4464, -1.1511)
(2.4092, 1.2188, -0.8616)
(2.4486, 1.0029, -1.1538)
(2.6042, 0.7933, -0.8659)
(-1.003, 2.7578, -1.2716)
(-0.7875, 2.8062, -1.5856)
(-0.4206, 2.8065, -1.3156)
(-0.153, 2.6414, -1.6332)
(0.2105, 2.5523, -1.3622)
(0.4529, 2.3228, -1.672)
(0.8126, 2.241, -1.4031)
(1.0372, 2.0379, -1.6843)
(1.3975, 1.9818, -1.4293)
(1.5868, 1.7821, -1.6626)
(1.909, 1.6624, -1.4375)
(1.9725, 1.3906, -1.6538)
(2.2343, 1.2003, -1.4217)
(2.2261, 0.9662, -1.7061)
(2.4505, 0.7981, -1.4621)
(-1.0911, 2.686, -1.8506)
(-0.8983, 2.6761, -2.1629)
(-0.5245, 2.689, -1.9018)
(-0.2758, 2.4524, -2.1955)
(0.0885, 2.3947, -1.9337)
(0.3282, 2.1281, -2.2311)
(0.6762, 2.0755, -1.9533)
(0.8549, 1.7923, -2.1346)
(1.196, 1.7752, -1.8474)
(1.3144, 1.4922, -1.9051)
(1.6598, 1.4907, -1.7698)
(1.6943, 1.2273, -1.9828)
(1.9507, 1.1073, -1.8924)
(1.9857, 0.9439, -2.2539)
(2.2356, 0.7885, -2.0354)
(-1.2233, 2.5687, -2.4116)
(-0.9534, 2.5226, -2.6832)
(-0.6385, 2.4935, -2.4517)
(-0.3394, 2.3272, -2.705)
(-0.0224, 2.1891, -2.4813)
(0.2833, 2.0126, -2.7334)
(0.5673, 1.8639, -2.4802)
(0.8235, 1.6932, -2.6169)
(1.0362, 1.5465, -2.236)
(1.2976, 1.4108, -2.3624)
(1.4826, 1.3076, -2.0825)
(1.6865, 1.2609, -2.5387)
(1.808, 1.1275, -2.4422)
(1.975, 1.1093, -2.9481)
(2.1021, 0.879, -2.7054)
(-1.143, 2.3927, -2.8713)
(-0.7921, 2.503, -3.1067)
(-0.5918, 2.5128, -2.9049)
(-0.2052, 2.5785, -3.1194)
(0.0321, 2.3038, -2.9108)
(0.4348, 2.3386, -3.0821)
(0.6382, 1.9773, -2.8805)
(0.999, 1.9746, -2.9984)
(1.1382, 1.6263, -2.7145)
(1.4746, 1.5613, -2.9049)
(1.5883, 1.3533, -2.6598)
(1.8567, 1.3965, -3.1238)
(1.8887, 1.2965, -3.096)
(2.137, 1.2788, -3.4503)
(2.153, 1.0573, -3.3461)
(-1.0344, 2.3096, -3.3411)
(-0.7571, 2.4798, -3.6558)
(-0.4644, 2.6229, -3.3819)
(-0.1138, 2.6244, -3.6556)
(0.1821, 2.5816, -3.3472)
(0.5304, 2.5004, -3.5483)
(0.8104, 2.3265, -3.2633)
(1.1196, 2.2205, -3.4457)
(1.3383, 1.9205, -3.1853)
(1.6104, 1.8395, -3.4091)
(1.7774, 1.5338, -3.2046)
(2.107, 1.5997, -3.4353)
(2.1953, 1.4521, -3.4184)
(2.5149, 1.4089, -3.5725)
(2.4791, 1.1863, -3.5979)
(-1.0744, 2.3048, -3.9252)
(-0.768, 2.3584, -4.2205)
(-0.4347, 2.5235, -3.9537)
(-0.1203, 2.3966, -4.1424)
(0.2137, 2.4986, -3.8588)
(0.4319, 2.2551, -3.9229)
(0.7735, 2.286, -3.6672)
(0.9715, 2.1482, -3.8181)
(1.3454, 2.0844, -3.6341)
(1.5418, 2.0878, -3.7635)
(1.8536, 1.8559, -3.5705)
(2.0623, 1.8818, -3.7821)
(2.3532, 1.6343, -3.654)
(2.3868, 1.5468, -3.9935)
(2.5803, 1.2935, -3.8448)
(-1.0832, 2.1503, -4.4699)
(-0.8233, 2.0614, -4.597)
(-0.4736, 2.2254, -4.379)
(-0.2556, 2.0256, -4.3323)
(0.1036, 2.1645, -4.152)
(0.2823, 2.1276, -4.1796)
(0.6182, 2.1713, -4.0086)
(0.8372, 2.329, -4.1276)
(1.1867, 2.2457, -3.9665)
(1.3699, 2.2529, -4.0747)
(1.7117, 2.0775, -3.9212)
(1.8903, 1.979, -4.2132)
(2.1769, 1.786, -4.1373)
(2.2999, 1.7209, -4.4688)
(2.4104, 1.4489, -4.3694)
(-1.1241, 1.8688, -4.7171)
(-0.9751, 1.7603, -4.6293)
(-0.6263, 1.9149, -4.4931)
(-0.4591, 1.9489, -4.3929)
(-0.0784, 2.0498, -4.2982)
(0.1079, 2.3145, -4.3782)
(0.476, 2.3252, -4.2694)
(0.6681, 2.377, -4.276)
(1.0386, 2.3441, -4.1757)
(1.276, 2.2162, -4.3101)
(1.5956, 2.147, -4.2698)
(1.9323, 2.1788, -4.4547)
(2.149, 1.9793, -4.4524)
(2.398, 2.0375, -4.6017)
(2.4733, 1.7328, -4.6927)
(1.7734, 1.4063, 4.2513)
(2.1962, 1.4454, 4.1441)
(2.0292, 1.2371, 4.1968)
(2.8087, 1.6, 3.9864)
(2.5174, 1.2976, 4.0628)
(3.4486, 1.7316, 3.7309)
(3.1587, 1.4606, 3.8555)
(4.0715, 1.8019, 3.4057)
(3.7809, 1.568, 3.5609)
(4.6929, 1.8193, 3.0576)
(4.3951, 1.6171, 3.2318)
(5.3342, 1.7943, 2.7001)
(5.0117, 1.5878, 2.8775)
(5.9778, 1.8515, 2.3804)
(5.6858, 1.5785, 2.5055)
(6.345, 1.6448, 2.2238)
(-2.6959, -1.117, -0.8654)
(-2.5418, -1.4482, -4.0592)
(-2.5215, -0.5033, 4.071)
(-2.0199, -1.1571, -2.6138)
(-3.1808, -0.6755, 3.9103)
(-3.8148, -0.8101, 3.6339)
(-2.8791, -1.0811, -0.2874)
(-4.4104, -0.9568, 3.2919)
(-5.0004, -1.1008, 2.9513)
(-5.4504, -1.1326, 2.4168)
(-6.0839, -1.1514, 2.1561)
(-2.4353, -1.527, -3.4662)
(-6.8006, -1.1819, 2.0018)
(-2.2918, -1.1348, -2.0412)
(-2.5127, -1.1504, -1.451)
(-4.1729, -0.8491, 0.5986)
(-3.0685, -1.0106, 0.2862)
(-3.4951, -0.8784, 0.7998)
(-4.5402, -0.7452, 1.1979)
(-5.2211, -1.0032, 1.0929)
(-2.5319, -1.3175, -4.6599)
(-2.0364, -1.1339, -3.7703)
(-1.7899, -1.2788, -3.2834)
(-6.8719, -1.4645, 1.5739)
(-6.7084, -1.3474, 1.8523)
(-6.9224, -1.2385, 1.8817)
(-7.0793, -1.3709, 1.6312)
(-5.2708, -0.9784, 0.9515)
(-5.2364, -0.9218, 0.9902)
(-5.4965, -0.9482, 0.8017)
(-5.4616, -1.0176, 0.7814)
(-5.4409, -0.9555, 0.6875)
(-5.7666, -1.0043, 0.4633)
(-5.7805, -0.9844, 0.6003)
(-5.6725, -1.2603, 0.363)
(-6.0191, -1.3441, 0.2673)
(-6.0993, -1.0673, 0.2908)
(-5.9454, -1.4891, 0.49)
(-6.306, -1.5575, 0.5963)
(-6.3548, -1.4614, 0.3076)
(-6.2414, -1.5418, 0.9554)
(-6.6263, -1.5727, 1.0897)
(-6.6672, -1.6154, 0.7287)
(-6.54, -1.5376, 1.4565)
(-6.9723, -1.5231, 1.2357)
(-1.8957, -1.1868, 3.5875)
(-1.8155, -0.9717, 3.8277)
(-2.1701, -0.8592, 3.9275)
(-2.3042, -1.0866, 3.7034)
(-2.4751, -1.2994, 3.3891)
(-2.7102, -0.9645, 3.7725)
(-2.9199, -1.1924, 3.4686)
(-3.1036, -1.3465, 3.0773)
(-3.3439, -1.0714, 3.5037)
(-3.5382, -1.2465, 3.1339)
(-3.6989, -1.3413, 2.7048)
(-3.9553, -1.1565, 3.1599)
(-4.1331, -1.293, 2.7604)
(-4.2829, -1.3534, 2.3132)
(-4.5531, -1.2675, 2.7957)
(-4.731, -1.3749, 2.3728)
(-4.8969, -1.4122, 1.9251)
(-5.1564, -1.3509, 2.3929)
(-5.3553, -1.446, 1.9822)
(-5.5176, -1.4767, 1.592)
(-5.7649, -1.4012, 2.028)
(-5.9615, -1.5059, 1.6853)
(-6.1198, -1.5347, 1.325)
(-6.3741, -1.4542, 1.7838)
(-1.5474, -1.4194, 3.1654)
(-1.4105, -1.2233, 3.4784)
(-2.0235, -1.3741, 3.2828)
(-2.219, -1.5257, 2.907)
(-2.6613, -1.4309, 2.9989)
(-2.8497, -1.52, 2.5925)
(-3.2655, -1.4049, 2.6456)
(-3.4421, -1.4665, 2.2389)
(-3.8468, -1.3619, 2.2593)
(-4.0262, -1.4084, 1.8596)
(-4.438, -1.3491, 1.8731)
(-4.6339, -1.3721, 1.502)
(-5.0671, -1.3792, 1.5264)
(-5.2602, -1.3684, 1.1833)
(-5.6822, -1.4298, 1.2315)
(-5.8397, -1.4491, 0.8628)
(-0.0592, -1.3733, 2.7826)
(-0.1317, -1.1672, 3.1495)
(-0.4245, -1.3579, 2.9903)
(-0.7004, -1.5839, 2.7706)
(-0.8061, -1.2835, 3.2407)
(-1.0905, -1.4901, 2.9911)
(-1.3646, -1.7478, 2.6671)
(-1.7844, -1.6316, 2.7966)
(-2.0386, -1.8646, 2.4584)
(-2.4453, -1.6897, 2.5308)
(-2.6922, -1.9182, 2.2247)
(-3.0716, -1.6816, 2.2471)
(-3.3141, -1.9007, 1.9401)
(-3.6696, -1.6306, 1.9047)
(-3.904, -1.8227, 1.5854)
(-4.2604, -1.5612, 1.5377)
(-4.4863, -1.7339, 1.2172)
(-4.8657, -1.5089, 1.1903)
(-5.0594, -1.6265, 0.8662)
(-5.4526, -1.4784, 0.8404)
(-5.5783, -1.4909, 0.5043)
(0.0392, -1.6664, 2.2865)
(-0.3288, -1.642, 2.5428)
(-0.5902, -1.9421, 2.2831)
(-0.9683, -1.8679, 2.5037)
(-1.2368, -2.1753, 2.2432)
(-1.6342, -2.0388, 2.3826)
(-1.8907, -2.2883, 2.1313)
(-2.2957, -2.1295, 2.1911)
(-2.5234, -2.2683, 1.9182)
(-2.9283, -2.1329, 1.9312)
(-3.1166, -2.152, 1.6078)
(-3.5154, -2.038, 1.589)
(-3.6724, -1.9827, 1.2352)
(-4.0815, -1.9085, 1.2125)
(-4.2206, -1.8015, 0.8602)
(-4.6391, -1.751, 0.8593)
(-4.7504, -1.524, 0.6407)
(-5.1697, -1.5032, 0.5906)
(-5.2893, -1.1987, 0.5405)
(0.1497, -1.9704, 1.7585)
(-0.219, -1.9651, 2.0262)
(-0.4766, -2.2616, 1.7658)
(-0.8507, -2.242, 2.0227)
(-1.1168, -2.5009, 1.7499)
(-1.4931, -2.4095, 1.9762)
(-1.7227, -2.4347, 1.6702)
(-2.1035, -2.3106, 1.8451)
(-2.2984, -2.1277, 1.5432)
(-2.7075, -2.1312, 1.6331)
(-2.8851, -1.8372, 1.371)
(-3.282, -1.9201, 1.3343)
(-3.4409, -1.5764, 1.0854)
(-3.8239, -1.7217, 0.9573)
(-3.9969, -1.3649, 0.7663)
(-4.3705, -1.4965, 0.6849)
(-4.5426, -1.152, 0.7798)
(-4.9022, -1.1876, 0.7179)
(-5.0948, -0.943, 0.9096)
(0.263, -2.2649, 1.2289)
(-0.1088, -2.2647, 1.4978)
(-0.3749, -2.5495, 1.2297)
(-0.745, -2.5379, 1.4955)
(-1.0339, -2.7367, 1.195)
(-1.3883, -2.6268, 1.4432)
(-1.6443, -2.562, 1.1029)
(-1.9512, -2.3009, 1.3387)
(-2.1691, -2.111, 1.0024)
(-2.5023, -1.9025, 1.2338)
(-2.6772, -1.649, 0.9106)
(-3.0506, -1.5282, 1.0825)
(-3.194, -1.2048, 0.801)
(-3.6066, -1.2063, 0.8545)
(-3.8248, -0.8739, 0.7055)
(-4.199, -1.0475, 0.7187)
(-4.3692, -0.8079, 0.8999)
(-4.7117, -0.9158, 1.0051)
(-4.8847, -0.8951, 1.1368)
(0.3698, -2.5167, 0.6801)
(-0.0037, -2.5408, 0.9565)
(-0.2804, -2.7849, 0.6683)
(-0.6568, -2.7857, 0.9391)
(-0.949, -2.8805, 0.6105)
(-1.3147, -2.7664, 0.859)
(-1.5411, -2.6008, 0.5107)
(-1.8567, -2.3618, 0.7571)
(-2.0254, -2.1064, 0.4242)
(-2.3429, -1.8664, 0.6731)
(-2.4938, -1.6154, 0.354)
(-2.8195, -1.3885, 0.5986)
(-2.9109, -1.1932, 0.2973)
(-3.2727, -0.9562, 0.5378)
(0.4598, -2.685, 0.0979)
(0.0928, -2.7415, 0.3853)
(-0.1927, -2.9066, 0.073)
(-0.5684, -2.9195, 0.3501)
(-0.8526, -2.8992, 0.0068)
(-1.2093, -2.7826, 0.2618)
(-1.4132, -2.5683, -0.0805)
(-1.7148, -2.3419, 0.1734)
(-1.876, -2.0998, -0.1524)
(-2.1783, -1.8575, 0.1031)
(-2.3345, -1.6429, -0.2134)
(-2.6232, -1.4069, 0.0425)
(-2.7185, -1.2507, -0.2662)
(-2.9655, -1.0552, -0.0031)
(0.5455, -2.8122, -0.4967)
(0.1792, -2.869, -0.2102)
(-0.1136, -2.991, -0.5327)
(-0.485, -2.973, -0.2582)
(-0.771, -2.9333, -0.6008)
(-1.1065, -2.7734, -0.3392)
(-1.3267, -2.6023, -0.677)
(-1.5948, -2.3483, -0.413)
(-1.7894, -2.1658, -0.7387)
(-2.0503, -1.8992, -0.4737)
(-2.2302, -1.7213, -0.7924)
(-2.4767, -1.4669, -0.528)
(-2.5677, -1.3098, -0.8432)
(-2.7813, -1.1078, -0.5781)
(0.6243, -2.9032, -1.0987)
(0.2583, -2.963, -0.8133)
(-0.0407, -3.0507, -1.1417)
(-0.4115, -3.0268, -0.8678)
(-0.7034, -2.9773, -1.209)
(-1.0369, -2.8228, -0.9425)
(-1.2859, -2.6849, -1.2759)
(-1.5459, -2.4376, -1.0056)
(-1.7718, -2.2858, -1.3308)
(-1.9954, -2.0038, -1.06)
(-2.1692, -1.8172, -1.3815)
(-2.3687, -1.5445, -1.1104)
(-2.4228, -1.3575, -1.4299)
(-2.6006, -1.1437, -1.1603)
(0.6976, -2.9622, -1.7049)
(0.3319, -3.026, -1.4208)
(0.0306, -3.0894, -1.7514)
(-0.3422, -3.0634, -1.4781)
(-0.6367, -3.0044, -1.8178)
(-0.9811, -2.8735, -1.5481)
(-1.2412, -2.7361, -1.8817)
(-1.5263, -2.5356, -1.6052)
(-1.735, -2.3439, -1.9333)
(-1.9659, -2.1002, -1.6569)
(-2.0572, -1.8264, -1.9613)
(-2.2531, -1.5889, -1.7002)
(-2.225, -1.3422, -2.0058)
(-2.4004, -1.1528, -1.7503)
(0.7707, -3.001, -2.312)
(0.4043, -3.0686, -2.0292)
(0.1046, -3.1228, -2.3592)
(-0.2712, -3.0872, -2.0871)
(-0.5641, -3.0308, -2.4223)
(-0.9156, -2.8925, -2.155)
(-1.1487, -2.7342, -2.474)
(-1.4639, -2.5459, -2.2082)
(-1.5631, -2.2603, -2.4855)
(-1.834, -2.0464, -2.2285)
(-1.7717, -1.679, -2.4345)
(-2.0022, -1.491, -2.2158)
(-1.9296, -1.2782, -2.5245)
(-2.1618, -1.1531, -2.3433)
(0.8515, -3.0324, -2.917)
(0.4824, -3.1063, -2.6356)
(0.1914, -3.149, -2.9592)
(-0.1938, -3.1273, -2.6889)
(-0.473, -3.0569, -2.9972)
(-0.821, -2.9326, -2.7373)
(-0.9813, -2.7142, -2.9998)
(-1.2483, -2.4829, -2.7298)
(-1.2426, -2.1572, -2.9056)
(-1.5029, -1.916, -2.6579)
(-1.4941, -1.6451, -2.8504)
(-1.713, -1.4408, -2.6715)
(-1.7661, -1.3505, -3.1087)
(-1.9117, -1.2364, -3.0076)
(0.9404, -3.0244, -3.5117)
(0.5745, -3.1191, -3.2339)
(0.3066, -3.0383, -3.5056)
(-0.0839, -3.0675, -3.2538)
(-0.3005, -2.8122, -3.4307)
(-0.6902, -2.834, -3.2428)
(-0.8642, -2.5197, -3.4142)
(-1.1038, -2.4098, -3.218)
(-1.2094, -2.1052, -3.3738)
(-1.302, -1.8605, -3.0905)
(-1.5317, -1.6709, -3.3622)
(-1.6616, -1.4689, -3.2169)
(-1.9332, -1.3521, -3.5822)
(-1.9343, -1.2168, -3.6133)
(1.0173, -2.8637, -4.0545)
(0.6707, -2.9675, -3.7699)
(0.4599, -2.6671, -3.8815)
(0.1009, -2.744, -3.6261)
(-0.0476, -2.3822, -3.6076)
(-0.45, -2.4644, -3.4608)
(-0.6089, -2.1631, -3.5519)
(-0.992, -2.2051, -3.5235)
(-1.1745, -1.9739, -3.7011)
(-1.3981, -1.8999, -3.5395)
(-1.7646, -1.8349, -3.7123)
(-1.9004, -1.6324, -3.567)
(-2.2405, -1.6201, -3.6333)
(-2.2524, -1.3269, -3.6611)
(1.0613, -2.5661, -4.5207)
(0.7858, -2.6009, -4.1775)
(0.5933, -2.2187, -4.207)
(0.3025, -2.2828, -3.8837)
(0.0666, -2.082, -3.9889)
(-0.2518, -2.1437, -3.7128)
(-0.5562, -2.0426, -4.0259)
(-0.8638, -1.9638, -3.8368)
(-1.1998, -1.8547, -4.1617)
(-1.4982, -1.8344, -3.9498)
(-1.8495, -1.7517, -4.176)
(-2.1097, -1.7537, -3.872)
(-2.3487, -1.5963, -4.1024)
(-2.4814, -1.4937, -3.768)
(0.9903, -2.2889, -4.9999)
(0.813, -2.2353, -4.598)
(0.5235, -1.9595, -4.6698)
(0.3217, -1.9845, -4.3068)
(-0.0049, -2.0213, -4.5083)
(-0.2601, -2.108, -4.2544)
(-0.6049, -2.1889, -4.5462)
(-0.9092, -2.0337, -4.3573)
(-1.2568, -2.0383, -4.6413)
(-1.5525, -1.8304, -4.4387)
(-1.8805, -1.7867, -4.6922)
(-2.1483, -1.6727, -4.4226)
(-2.3563, -1.5034, -4.6641)
(-2.5305, -1.3896, -4.3648)
(0.8903, -2.0917, -5.3905)
(0.7195, -2.0072, -5.0336)
(0.4085, -1.8155, -5.0616)
(0.2022, -1.8754, -4.7682)
(-0.0723, -2.0075, -4.9262)
(-0.3024, -2.1778, -4.7377)
(-0.601, -2.2604, -4.9692)
(-0.9397, -2.1991, -4.8064)
(-1.2562, -2.1218, -5.056)
(-1.5742, -1.9573, -4.894)
(-1.8525, -1.7895, -5.108)
(-2.1338, -1.6321, -4.9054)
(-2.3107, -1.4586, -5.0755)
(-2.5081, -1.328, -4.854)
(-2.0745, -0.7052, 4.0772)
(-2.3565, -0.5619, 4.1079)
(-2.4994, -0.7252, 3.9743)
(-2.853, -0.6004, 3.9854)
(-3.1114, -0.8523, 3.7853)
(-3.5006, -0.7525, 3.7637)
(-3.7406, -0.9681, 3.4899)
(-4.1164, -0.8929, 3.4527)
(-4.3439, -1.095, 3.1467)
(-4.7107, -1.0403, 3.1135)
(-4.9344, -1.2189, 2.7778)
(-5.2421, -1.1134, 2.6914)
(-5.5, -1.2567, 2.3491)
(-5.7965, -1.1297, 2.3046)
(-6.115, -1.3026, 2.0539)
(-6.4537, -1.172, 2.0842)
(-6.7692, -0.9567, 2.0268)
(-7.0403, -0.7351, 1.8908)
(-7.1859, -0.897, 1.9021)
(-6.9676, -1.1005, 1.9916)
(-5.2673, -0.9462, 1.0427)
(-5.3516, -1.0289, 0.9944)
(-5.5822, -1.0683, 0.7895)
(-5.5641, -0.9586, 0.8484)
(-5.5479, -0.7566, 0.9086)
(-5.908, -0.8646, 0.5738)
(-5.9382, -0.6306, 0.691)
(-5.9706, -0.3963, 0.8835)
(-6.3077, -0.428, 0.5095)
(-6.386, -0.2386, 0.7906)
(-6.4324, -0.0875, 1.1075)
(-6.7531, -0.1189, 0.7577)
(-6.8214, -0.0551, 1.1266)
(-6.7891, -0.0919, 1.4898)
(-7.1427, -0.1699, 1.2076)
(-7.0734, -0.28, 1.5645)
(-6.8548, -0.4949, 1.8744)
(-7.2664, -0.5208, 1.6412)
(-2.1135, 0.3284, 4.0744)
(-2.2748, 0.5116, 3.8816)
(-2.5898, 0.1858, 3.9412)
(-2.3712, 0.0157, 4.0955)
(-2.8551, 0.3579, 3.7117)
(-3.2081, 0.0295, 3.7551)
(-2.8962, -0.1441, 3.95)
(-3.4977, 0.2022, 3.4767)
(-3.8338, -0.1186, 3.4804)
(-3.5301, -0.2989, 3.7232)
(-4.1113, 0.0535, 3.1764)
(-4.4317, -0.2696, 3.164)
(-4.1307, -0.4481, 3.4048)
(-4.7196, -0.0846, 2.8877)
(-5.0333, -0.4186, 2.8825)
(-4.7247, -0.607, 3.1103)
(-5.337, -0.2, 2.5646)
(-5.613, -0.5084, 2.4944)
(-5.2774, -0.7396, 2.7542)
(-5.9726, -0.2676, 2.1899)
(-6.2465, -0.514, 2.1548)
(-5.8399, -0.779, 2.363)
(-6.6005, -0.2642, 1.8496)
(-6.499, -0.7533, 2.0978)
(-1.8718, 0.8313, 3.8245)
(-2.0734, 0.9366, 3.5146)
(-2.4806, 0.6561, 3.6202)
(-2.7376, 0.7365, 3.285)
(-3.1286, 0.4889, 3.405)
(-3.3637, 0.5474, 3.0284)
(-3.7482, 0.3238, 3.1246)
(-3.9547, 0.3728, 2.7241)
(-4.3529, 0.1823, 2.8249)
(-4.5612, 0.2859, 2.4528)
(-4.9737, 0.0874, 2.5486)
(-5.1869, 0.1688, 2.1502)
(-5.6104, -0.0427, 2.189)
(-5.8018, 0.0019, 1.7794)
(-6.2425, -0.1092, 1.8159)
(-6.3872, -0.0311, 1.4393)
(-0.8162, 1.7959, 3.1389)
(-1.0868, 1.5303, 3.3486)
(-0.7485, 1.5916, 3.5059)
(-1.3959, 1.4652, 3.0912)
(-1.6949, 1.2112, 3.3336)
(-1.3748, 1.2519, 3.614)
(-1.9956, 1.1797, 2.9426)
(-2.3523, 0.9656, 3.1296)
(-2.5966, 0.9002, 2.7325)
(-2.9712, 0.7259, 2.8997)
(-3.1522, 0.6145, 2.4962)
(-3.5503, 0.5181, 2.6133)
(-3.6985, 0.4284, 2.1991)
(-4.1268, 0.3719, 2.3165)
(-4.2665, 0.3536, 1.9389)
(-4.7348, 0.3201, 2.062)
(-4.8473, 0.1882, 1.6791)
(-5.3309, 0.1034, 1.7331)
(-5.3898, -0.0388, 1.3996)
(-5.8937, -0.0387, 1.4199)
(-5.9487, -0.1797, 1.1331)
(-0.9092, 2.0369, 2.6179)
(-1.1359, 1.7331, 2.8584)
(-1.3943, 1.6023, 2.5011)
(-1.6706, 1.3711, 2.7269)
(-1.9181, 1.2493, 2.3249)
(-2.2554, 1.0876, 2.5348)
(-2.447, 0.8919, 2.1512)
(-2.7809, 0.7197, 2.3476)
(-2.9131, 0.4496, 1.9947)
(-3.2919, 0.4276, 2.1132)
(-3.3981, 0.2949, 1.7266)
(-3.8122, 0.3586, 1.8145)
(-3.9, 0.1938, 1.517)
(-4.355, 0.2046, 1.6283)
(-4.4118, -0.086, 1.3594)
(-4.8945, -0.0487, 1.3803)
(-4.9656, -0.2931, 1.1671)
(-5.4416, -0.2339, 1.1627)
(-5.5151, -0.4895, 0.9935)
(-0.993, 2.2179, 2.0334)
(-1.1767, 1.9024, 2.2749)
(-1.3545, 1.6879, 1.9058)
(-1.5941, 1.4241, 2.1166)
(-1.7769, 1.2438, 1.7298)
(-2.122, 1.0798, 1.9367)
(-2.2564, 0.8167, 1.5807)
(-2.5691, 0.6033, 1.8041)
(-2.6498, 0.2803, 1.4836)
(-3.0088, 0.2011, 1.645)
(-3.1111, 0.0371, 1.2612)
(-3.5004, 0.1544, 1.3665)
(-3.5978, -0.1722, 1.1248)
(-3.984, -0.1459, 1.2887)
(-4.1015, -0.4715, 1.022)
(-4.5178, -0.3698, 1.1002)
(-4.6678, -0.6028, 0.9951)
(-5.0899, -0.5498, 1.066)
(-5.1754, -0.7882, 1.0643)
(-1.076, 2.3415, 1.4332)
(-1.2083, 2.0187, 1.6807)
(-1.3336, 1.7608, 1.3143)
(-1.4775, 1.4509, 1.5277)
(-1.6202, 1.2198, 1.1528)
(-1.9372, 1.0224, 1.3583)
(-2.0391, 0.7214, 1.02)
(-2.3391, 0.4912, 1.2558)
(-2.3932, 0.1508, 0.9506)
(-2.7242, 0.003, 1.1488)
(-2.8329, -0.2185, 0.7903)
(-3.2261, -0.1872, 0.9279)
(-3.2993, -0.5581, 0.7197)
(-3.6899, -0.57, 0.9307)
(-3.8432, -0.8536, 0.693)
(-4.2593, -0.6907, 0.8185)
(-4.3438, -0.7864, 0.8965)
(-4.7565, -0.7508, 1.0855)
(-4.8766, -0.8534, 1.154)
(-1.1596, 2.4392, 0.8284)
(-1.2782, 2.119, 1.0839)
(-1.4215, 1.8526, 0.7257)
(-1.4452, 1.4951, 0.9463)
(-1.5692, 1.2148, 0.5901)
(-1.7403, 0.9395, 0.8025)
(-1.8308, 0.622, 0.4739)
(-2.1007, 0.3806, 0.7091)
(-2.1617, 0.0527, 0.4044)
(-2.4614, -0.1513, 0.6345)
(-2.5691, -0.4186, 0.3128)
(-2.9341, -0.4922, 0.4942)
(-2.9626, -0.7978, 0.2623)
(-3.2909, -0.9327, 0.5482)
(-1.2034, 2.5009, 0.2188)
(-1.3669, 2.2036, 0.485)
(-1.5342, 1.9285, 0.1371)
(-1.557, 1.5687, 0.3714)
(-1.6926, 1.2786, 0.0196)
(-1.6899, 0.9204, 0.2433)
(-1.8184, 0.6345, -0.0976)
(-1.929, 0.3184, 0.1488)
(-2.0378, 0.0361, -0.1707)
(-2.2549, -0.2356, 0.0906)
(-2.3691, -0.5011, -0.223)
(-2.6577, -0.6853, 0.0194)
(-2.7228, -0.9107, -0.2692)
(-2.9821, -1.0366, 0.002)
(-1.2103, 2.5398, -0.3901)
(-1.4096, 2.2551, -0.1203)
(-1.5604, 1.9682, -0.4641)
(-1.6774, 1.6376, -0.2117)
(-1.808, 1.3413, -0.5584)
(-1.8313, 0.9917, -0.3261)
(-1.965, 0.7136, -0.6644)
(-1.9505, 0.3614, -0.4277)
(-2.0905, 0.1037, -0.752)
(-2.1681, -0.2243, -0.4877)
(-2.2968, -0.478, -0.8032)
(-2.4735, -0.74, -0.5312)
(-2.5633, -0.9343, -0.8427)
(-2.7937, -1.0903, -0.5746)
(-1.1788, 2.5509, -0.9878)
(-1.375, 2.2699, -0.7245)
(-1.4524, 1.9449, -1.0519)
(-1.666, 1.658, -0.8061)
(-1.7424, 1.3375, -1.1424)
(-1.9227, 1.0465, -0.9024)
(-2.0316, 0.7619, -1.2417)
(-2.096, 0.4467, -0.9986)
(-2.2212, 0.1809, -1.3334)
(-2.2263, -0.1536, -1.0749)
(-2.348, -0.4188, -1.398)
(-2.4114, -0.7122, -1.1175)
(-2.4653, -0.9252, -1.4328)
(-2.608, -1.1238, -1.1561)
(-1.1517, 2.4974, -1.5563)
(-1.241, 2.2214, -1.2961)
(-1.2682, 1.8578, -1.5905)
(-1.4804, 1.5947, -1.3646)
(-1.5099, 1.2481, -1.6837)
(-1.8095, 1.0206, -1.4749)
(-1.8717, 0.7124, -1.7782)
(-2.137, 0.4842, -1.5759)
(-2.1752, 0.1755, -1.8746)
(-2.316, -0.1049, -1.6684)
(-2.3129, -0.4121, -1.9551)
(-2.4058, -0.6808, -1.7128)
(-2.3154, -0.9196, -2.0016)
(-2.4042, -1.1324, -1.742)
(-1.318, 2.4243, -2.1032)
(-1.2562, 2.1474, -1.8305)
(-1.344, 1.8022, -2.1279)
(-1.3055, 1.5064, -1.903)
(-1.3474, 1.1522, -2.2115)
(-1.534, 0.9016, -1.9745)
(-1.5773, 0.5603, -2.175)
(-1.8703, 0.379, -1.9943)
(-1.8387, 0.0541, -2.2155)
(-2.0862, -0.1612, -2.1132)
(-1.956, -0.481, -2.3476)
(-2.1484, -0.7093, -2.1877)
(-1.9927, -0.9653, -2.4868)
(-2.1498, -1.1388, -2.3118)
(-1.4403, 2.3074, -2.6254)
(-1.4896, 2.0935, -2.3587)
(-1.5755, 1.7397, -2.6366)
(-1.4054, 1.4602, -2.445)
(-1.5556, 1.0896, -2.7231)
(-1.4751, 0.8037, -2.4638)
(-1.6977, 0.4976, -2.6495)
(-1.7013, 0.2708, -2.3809)
(-1.8955, 0.0296, -2.6822)
(-1.8882, -0.2222, -2.5291)
(-1.9673, -0.5102, -2.8755)
(-1.9157, -0.7751, -2.6662)
(-1.9011, -1.0228, -3.0554)
(-1.8981, -1.1995, -2.8896)
(-1.3027, 2.1036, -3.0658)
(-1.5533, 1.936, -2.8326)
(-1.7329, 1.6118, -3.063)
(-1.7118, 1.3605, -2.8933)
(-1.9402, 1.0158, -3.1294)
(-1.7917, 0.7225, -2.9343)
(-2.103, 0.4521, -3.0401)
(-1.9842, 0.2414, -2.8129)
(-2.2228, 0.0016, -3.0697)
(-2.0546, -0.2228, -3.0358)
(-2.1805, -0.5437, -3.2952)
(-2.0164, -0.7929, -3.2045)
(-2.0926, -1.0375, -3.4682)
(-1.892, -1.1959, -3.4404)
(-1.3477, 2.1347, -3.6041)
(-1.5715, 1.8839, -3.3076)
(-1.8515, 1.7022, -3.5378)
(-2.0021, 1.3835, -3.2977)
(-2.1613, 1.1385, -3.4626)
(-2.1902, 0.7673, -3.2872)
(-2.3589, 0.5088, -3.368)
(-2.383, 0.2234, -3.1594)
(-2.5112, -0.1036, -3.306)
(-2.4111, -0.3232, -3.2722)
(-2.5561, -0.7287, -3.3875)
(-2.348, -0.9186, -3.4109)
(-2.475, -1.2531, -3.522)
(-2.2194, -1.334, -3.5754)
(-1.3611, 2.0806, -4.1817)
(-1.614, 1.9263, -3.8455)
(-1.7118, 1.6055, -3.9902)
(-1.932, 1.4154, -3.6723)
(-1.9167, 1.044, -3.7342)
(-2.1481, 0.7958, -3.5326)
(-2.1537, 0.4333, -3.6083)
(-2.3466, 0.1461, -3.4657)
(-2.3389, -0.2095, -3.6018)
(-2.5105, -0.4918, -3.463)
(-2.5379, -0.779, -3.7697)
(-2.6128, -1.0448, -3.6398)
(-2.5998, -1.2306, -3.988)
(-2.4958, -1.4815, -3.7574)
(-1.3214, 1.8631, -4.6082)
(-1.5382, 1.7483, -4.3549)
(-1.6696, 1.3977, -4.3677)
(-1.7845, 1.2294, -4.0581)
(-2.047, 0.9699, -4.0929)
(-2.0981, 0.7378, -3.8048)
(-2.3853, 0.5018, -3.8646)
(-2.3389, 0.1508, -3.7126)
(-2.4856, -0.0672, -3.9051)
(-2.4362, -0.4476, -3.8608)
(-2.5473, -0.6226, -4.2164)
(-2.5845, -0.9519, -4.1554)
(-2.6005, -1.1017, -4.4935)
(-2.5433, -1.3761, -4.3543)
(-1.3103, 1.6357, -4.5869)
(-1.4916, 1.5721, -4.4928)
(-1.7458, 1.4234, -4.309)
(-1.9338, 1.1964, -4.2972)
(-2.2862, 1.0577, -4.3016)
(-2.35, 0.7806, -4.1149)
(-2.4165, 0.5345, -4.137)
(-2.4692, 0.2589, -3.9536)
(-2.4677, 0.0419, -4.1785)
(-2.5589, -0.2675, -4.21)
(-2.7423, -0.4765, -4.4928)
(-2.6883, -0.808, -4.5104)
(-2.8565, -0.9645, -4.7147)
(-2.6887, -1.2338, -4.7389)
(-2.2197, -0.095, 4.179)
(-2.5975, -0.283, 4.0644)
(-2.3964, -0.373, 4.1248)
(-3.2, -0.4509, 3.89)
(-2.8493, -0.5784, 3.9958)
(-3.8243, -0.5975, 3.617)
(-3.4949, -0.7331, 3.7805)
(-4.4147, -0.7486, 3.2842)
(-4.1088, -0.8741, 3.473)
(-4.9923, -0.8951, 2.9641)
(-4.7001, -1.0173, 3.1296)
(-5.4893, -0.9791, 2.5084)
(-5.2087, -1.12, 2.6767)
(-6.1064, -0.9775, 2.2101)
(-5.7378, -1.1543, 2.2683)
(-6.4308, -1.1613, 2.0737)
(6.5732, 1.4269, 1.8864)
(5.3804, 1.4375, 1.2999)
(5.3591, 1.5539, 1.1139)
(5.4706, 1.429, 0.8094)
(5.68, 1.3148, 0.8745)
(5.9685, 1.2771, 1.2205)
(6.2969, 1.2025, 1.5983)
(1.9814, 0.4426, 3.8086)
(2.4998, 0.643, 3.6447)
(3.1469, 0.802, 3.4724)
(3.809, 0.9008, 3.3031)
(4.4605, 0.9779, 3.1235)
(4.8674, 1.0786, 2.7473)
(5.2361, 1.1714, 2.2911)
(5.8199, 1.2281, 1.9246)
(1.8616, -0.0385, 3.4656)
(2.4926, 0.1391, 3.3094)
(3.1607, 0.2907, 3.1462)
(3.8136, 0.4173, 2.9633)
(4.4509, 0.5342, 2.7556)
(4.8623, 0.7548, 2.4086)
(5.1071, 1.0355, 1.9631)
(5.5207, 1.2273, 1.5556)
(0.5425, -1.0109, 2.9889)
(1.1587, -0.7212, 3.0558)
(1.8276, -0.5064, 3.0625)
(2.537, -0.3701, 2.9707)
(3.2008, -0.2104, 2.8098)
(3.8199, -0.0308, 2.5737)
(4.412, 0.1639, 2.3001)
(4.9316, 0.4379, 1.9857)
(5.2682, 0.8387, 1.6644)
(5.453, 1.1691, 1.2725)
(0.6185, -1.2414, 2.5434)
(1.2567, -1.0137, 2.5517)
(1.9262, -0.9173, 2.5891)
(2.5955, -0.8162, 2.5627)
(3.1956, -0.5798, 2.3902)
(3.7333, -0.2837, 2.1293)
(4.2368, 0.0506, 1.8431)
(4.7327, 0.3719, 1.5306)
(5.1557, 0.7676, 1.4023)
(5.3311, 1.1782, 1.1999)
(0.7221, -1.5348, 2.0101)
(1.3702, -1.312, 2.0149)
(2.0356, -1.2304, 2.069)
(2.6128, -1.0393, 2.0447)
(3.0443, -0.5982, 1.9067)
(3.4552, -0.1213, 1.7519)
(3.8859, 0.2848, 1.4915)
(4.3441, 0.6165, 1.179)
(4.7295, 1.0046, 1.2038)
(5.0463, 1.3428, 1.3002)
(0.8411, -1.8399, 1.4882)
(1.488, -1.5981, 1.4889)
(2.1474, -1.4329, 1.5109)
(2.7017, -1.1313, 1.4831)
(3.0256, -0.5677, 1.4168)
(3.2754, 0.0465, 1.3624)
(3.5669, 0.5735, 1.1981)
(3.9952, 0.9513, 1.0635)
(4.4709, 1.2975, 1.1308)
(4.9539, 1.4584, 1.2741)
(0.9624, -2.1244, 0.9607)
(1.608, -1.8545, 0.9538)
(2.258, -1.5994, 0.9396)
(2.8113, -1.2263, 0.9043)
(3.0779, -0.639, 0.8545)
(3.162, 0.0275, 0.8161)
(3.2541, 0.6481, 0.7886)
(1.0516, -2.321, 0.3955)
(1.677, -2.0125, 0.3827)
(2.2952, -1.6916, 0.3507)
(2.7736, -1.2427, 0.3062)
(2.9367, -0.6307, 0.2789)
(2.9368, 0.0204, 0.2734)
(2.9616, 0.5765, 0.2791)
(1.1279, -2.4585, -0.1927)
(1.7242, -2.1107, -0.2095)
(2.2777, -1.712, -0.2512)
(2.6847, -1.2102, -0.2927)
(2.8027, -0.6099, -0.2981)
(2.7589, 0.0162, -0.2871)
(2.7615, 0.5558, -0.2827)
(1.2114, -2.5775, -0.7837)
(1.7793, -2.1953, -0.8002)
(2.2476, -1.71, -0.8459)
(2.6088, -1.1679, -0.8906)
(2.7519, -0.5874, -0.8947)
(2.6674, 0.0216, -0.8739)
(2.6016, 0.5487, -0.8642)
(1.2841, -2.6534, -1.383)
(1.8081, -2.2272, -1.3964)
(2.1797, -1.6682, -1.4375)
(2.5141, -1.1106, -1.4873)
(2.7093, -0.55, -1.4996)
(2.5978, 0.043, -1.4762)
(2.4609, 0.5534, -1.4647)
(1.3499, -2.6929, -1.9863)
(1.8422, -2.2375, -1.9934)
(2.125, -1.6362, -2.0303)
(2.4149, -1.0627, -2.0875)
(2.653, -0.5007, -2.1067)
(2.5087, 0.0781, -2.0817)
(2.2762, 0.5566, -2.0635)
(1.4118, -2.7062, -2.5902)
(1.8632, -2.2193, -2.5892)
(2.0242, -1.5917, -2.6094)
(2.1867, -0.9873, -2.6095)
(2.4134, -0.3971, -2.5712)
(2.3581, 0.1787, -2.6227)
(2.1775, 0.6375, -2.6798)
(1.4703, -2.6972, -3.1927)
(1.8748, -2.1684, -3.1851)
(1.9892, -1.5197, -3.1768)
(2.0592, -0.8778, -3.1208)
(2.2296, -0.2579, -3.0508)
(2.2886, 0.3276, -3.1816)
(2.2239, 0.8027, -3.309)
(1.5341, -2.6699, -3.7919)
(1.8864, -2.1046, -3.7799)
(2.0215, -1.431, -3.7602)
(2.1047, -0.7741, -3.7242)
(2.2532, -0.1345, -3.6713)
(2.4471, 0.4645, -3.6825)
(2.5163, 0.9448, -3.6675)
(1.5772, -2.5978, -4.3826)
(1.9504, -2.0577, -4.3662)
(2.1354, -1.3912, -4.3244)
(2.2703, -0.7285, -4.2725)
(2.4253, -0.0673, -4.2)
(2.5682, 0.5578, -4.0848)
(2.6053, 1.0564, -3.9385)
(1.5404, -2.4526, -4.9522)
(1.9854, -1.9909, -4.9474)
(2.234, -1.3509, -4.8806)
(2.4079, -0.6809, -4.7951)
(2.5316, -0.0044, -4.7024)
(2.5224, 0.6567, -4.5791)
(2.4449, 1.2033, -4.44)
(1.4506, -2.2952, -5.4255)
(1.9073, -1.8924, -5.4362)
(2.1437, -1.2517, -5.3634)
(2.316, -0.5836, -5.2758)
(2.4346, 0.0942, -5.1766)
(2.4902, 0.7719, -5.0514)
(2.4823, 1.3329, -4.9163)
(2.0484, 0.8503, 4.0442)
(2.5121, 1.0767, 3.9276)
(3.1456, 1.2504, 3.7284)
(3.785, 1.3627, 3.489)
(4.4197, 1.4241, 3.236)
(4.9754, 1.4237, 2.8801)
(5.4997, 1.4205, 2.4888)
(6.1076, 1.4667, 2.1683)
(6.7773, 1.9537, 2.0934)
(5.2983, 1.6688, 1.032)
(5.5099, 1.9887, 0.8769)
(5.8166, 2.424, 0.9317)
(6.184, 2.7454, 1.2206)
(6.5199, 2.7795, 1.6368)
(6.7243, 2.4131, 1.97)
(1.7888, 1.8309, 4.0892)
(2.3524, 1.9931, 3.9751)
(3.0099, 2.1523, 3.765)
(3.6569, 2.2438, 3.4712)
(4.2967, 2.2953, 3.1499)
(4.9484, 2.3267, 2.8078)
(5.5622, 2.3522, 2.4803)
(6.1869, 2.378, 2.2097)
(1.4797, 2.1816, 3.775)
(2.1234, 2.4069, 3.6298)
(2.7971, 2.5668, 3.403)
(3.4497, 2.6242, 3.1069)
(4.0977, 2.6451, 2.7962)
(4.7503, 2.6827, 2.4543)
(5.3765, 2.6934, 2.1351)
(6.0134, 2.7329, 1.8918)
(-0.1405, 1.9555, 3.3268)
(0.5162, 2.1665, 3.3481)
(1.1998, 2.3928, 3.2825)
(1.8935, 2.6107, 3.1088)
(2.5627, 2.7187, 2.878)
(3.2036, 2.7163, 2.5826)
(3.8295, 2.6921, 2.2569)
(4.4589, 2.6525, 1.9305)
(5.094, 2.613, 1.6652)
(5.7406, 2.6652, 1.4771)
(-0.2531, 2.1586, 2.8834)
(0.395, 2.3146, 2.8021)
(1.0457, 2.5176, 2.6847)
(1.7065, 2.6288, 2.5324)
(2.3546, 2.5867, 2.3435)
(2.9833, 2.4994, 2.0972)
(3.5886, 2.458, 1.7836)
(4.1873, 2.3586, 1.5126)
(4.8242, 2.2664, 1.3427)
(5.4884, 2.2921, 1.1748)
(-0.3894, 2.3328, 2.3152)
(0.2645, 2.3642, 2.2009)
(0.9168, 2.5075, 2.0797)
(1.5576, 2.4913, 1.9685)
(2.1784, 2.2643, 1.8777)
(2.7959, 2.067, 1.7252)
(3.4066, 1.9853, 1.4538)
(4.0043, 1.8757, 1.215)
(4.6207, 1.8052, 1.1834)
(5.262, 1.849, 1.1257)
(-0.5138, 2.4476, 1.7219)
(0.1319, 2.3496, 1.6137)
(0.7945, 2.3769, 1.5008)
(1.4253, 2.2563, 1.4262)
(2.0154, 1.9199, 1.4152)
(2.6178, 1.6338, 1.3513)
(3.2535, 1.4631, 1.1877)
(3.8909, 1.3901, 1.096)
(4.4703, 1.5148, 1.1466)
(5.0464, 1.6137, 1.1978)
(-0.6054, 2.562, 1.1226)
(0.0232, 2.3573, 1.0307)
(0.6625, 2.1989, 0.9479)
(1.2856, 1.9915, 0.9022)
(1.8742, 1.6626, 0.894)
(2.4605, 1.3444, 0.8702)
(3.0266, 1.0836, 0.8122)
(-0.644, 2.6862, 0.5242)
(-0.0193, 2.4778, 0.4491)
(0.5888, 2.1777, 0.3842)
(1.204, 1.9002, 0.3481)
(1.8001, 1.614, 0.3269)
(2.3671, 1.2995, 0.3108)
(2.8085, 0.9778, 0.2933)
(-0.6529, 2.785, -0.0777)
(-0.0103, 2.6409, -0.1366)
(0.6011, 2.3296, -0.1987)
(1.202, 2.0269, -0.2369)
(1.7775, 1.7319, -0.2569)
(2.3049, 1.3853, -0.2705)
(2.6666, 0.9954, -0.2809)
(-0.6805, 2.845, -0.6847)
(-0.0279, 2.7281, -0.7375)
(0.5941, 2.436, -0.7902)
(1.1872, 2.1307, -0.8263)
(1.7422, 1.8214, -0.8476)
(2.2279, 1.437, -0.8591)
(2.5258, 1.0043, -0.8639)
(-0.7431, 2.8411, -1.2886)
(-0.0996, 2.6993, -1.3401)
(0.5137, 2.3928, -1.3838)
(1.1085, 2.1085, -1.4179)
(1.6713, 1.8404, -1.4375)
(2.0933, 1.4369, -1.4272)
(2.3482, 0.9898, -1.4355)
(-0.8402, 2.7507, -1.8775)
(-0.2134, 2.5568, -1.9179)
(0.3885, 2.2331, -1.9535)
(0.9421, 1.9205, -1.9121)
(1.4446, 1.6411, -1.7884)
(1.8186, 1.3022, -1.8145)
(2.0901, 0.9396, -1.9677)
(-0.9504, 2.5894, -2.4372)
(-0.3288, 2.3501, -2.4638)
(0.2837, 2.0268, -2.5014)
(0.8102, 1.7, -2.3809)
(1.2678, 1.415, -2.1047)
(1.6569, 1.2192, -2.2314)
(1.9566, 1.012, -2.596)
(-0.8795, 2.5012, -2.8925)
(-0.2847, 2.4365, -2.9096)
(0.3458, 2.1467, -2.9081)
(0.8968, 1.802, -2.8102)
(1.3765, 1.4627, -2.6329)
(1.7519, 1.3228, -2.8563)
(2.0233, 1.2, -3.2482)
(-0.7572, 2.4986, -3.3662)
(-0.1469, 2.6424, -3.3744)
(0.5052, 2.4744, -3.308)
(1.0889, 2.1387, -3.2198)
(1.5618, 1.6954, -3.1716)
(1.9972, 1.483, -3.3003)
(2.3484, 1.3453, -3.5161)
(-0.7611, 2.4398, -3.9481)
(-0.1024, 2.5429, -3.9268)
(0.4979, 2.4011, -3.7543)
(1.063, 2.1844, -3.6416)
(1.6004, 1.9704, -3.5992)
(2.1234, 1.7523, -3.5899)
(2.4918, 1.4769, -3.7458)
(-0.7849, 2.2225, -4.4487)
(-0.1741, 2.1968, -4.2689)
(0.3595, 2.1515, -4.0621)
(0.9005, 2.2218, -3.9876)
(1.4544, 2.1908, -3.9252)
(1.9642, 1.9392, -4.0071)
(2.3181, 1.6218, -4.2571)
(-0.8907, 1.9072, -4.6428)
(-0.3534, 1.9552, -4.3682)
(0.1974, 2.195, -4.2825)
(0.7583, 2.3752, -4.2171)
(1.3137, 2.2529, -4.1999)
(1.8886, 2.0631, -4.3546)
(2.3364, 1.8671, -4.567)
(1.968, 1.4146, 4.2013)
(2.4875, 1.5162, 4.0746)
(3.1306, 1.673, 3.8697)
(3.7616, 1.7732, 3.5734)
(4.3803, 1.8181, 3.2334)
(5.0125, 1.8025, 2.8777)
(5.6565, 1.8185, 2.5316)
(6.2911, 1.8733, 2.2589)
(-6.9136, -1.3606, 1.7448)
(-5.3759, -0.9593, 0.8937)
(-5.631, -0.9463, 0.646)
(-5.893, -1.1595, 0.3118)
(-6.1561, -1.4801, 0.382)
(-6.4663, -1.584, 0.8373)
(-6.7702, -1.5343, 1.3464)
(-2.0473, -1.0288, 3.7742)
(-2.602, -1.144, 3.6014)
(-3.2331, -1.2248, 3.3099)
(-3.8373, -1.2663, 2.9493)
(-4.429, -1.332, 2.5692)
(-5.0428, -1.4125, 2.1715)
(-5.6596, -1.4777, 1.821)
(-6.2632, -1.5273, 1.5668)
(-1.7165, -1.308, 3.3858)
(-2.342, -1.415, 3.1529)
(-2.9686, -1.4245, 2.8283)
(-3.5572, -1.382, 2.4547)
(-4.1382, -1.3497, 2.0637)
(-4.7504, -1.3613, 1.6928)
(-5.3782, -1.398, 1.3751)
(-5.9756, -1.4839, 1.0892)
(-0.0977, -1.2618, 2.9782)
(-0.7545, -1.4287, 3.0039)
(-1.4402, -1.5667, 2.9107)
(-2.1193, -1.6714, 2.667)
(-2.7626, -1.6921, 2.3936)
(-3.3731, -1.6603, 2.0827)
(-3.964, -1.5955, 1.7206)
(-4.5618, -1.5328, 1.3615)
(-5.1667, -1.4883, 1.0194)
(-5.7122, -1.4836, 0.6527)
(-0.0128, -1.5125, 2.5467)
(-0.6458, -1.7608, 2.5311)
(-1.2993, -1.9619, 2.4535)
(-1.9673, -2.0946, 2.2947)
(-2.6173, -2.1438, 2.0713)
(-3.2265, -2.0944, 1.7682)
(-3.7994, -1.9747, 1.4019)
(-4.3627, -1.8387, 1.027)
(-4.9071, -1.6343, 0.7187)
(-5.4284, -1.3759, 0.4637)
(0.0938, -1.8196, 2.0224)
(-0.5328, -2.1082, 2.0274)
(-1.1737, -2.3537, 2.008)
(-1.8011, -2.3846, 1.9215)
(-2.4068, -2.225, 1.749)
(-3.0, -2.0267, 1.4959)
(-3.5539, -1.8196, 1.149)
(-4.0987, -1.6185, 0.7863)
(-4.6333, -1.3471, 0.6836)
(-5.1853, -1.0445, 0.7179)
(0.2065, -2.12, 1.4947)
(-0.4243, -2.4088, 1.5001)
(-1.0723, -2.6279, 1.4774)
(-1.6772, -2.4989, 1.3936)
(-2.226, -2.0984, 1.2874)
(-2.7775, -1.7114, 1.1684)
(-3.3231, -1.3561, 0.9729)
(-3.9071, -1.1161, 0.7436)
(-4.4557, -0.9748, 0.8514)
(-4.9928, -0.9018, 1.0396)
(0.3182, -2.4, 0.9584)
(-0.327, -2.6794, 0.9532)
(-0.9936, -2.8248, 0.9058)
(-1.5993, -2.5965, 0.8073)
(-2.1021, -2.1144, 0.7129)
(-2.5831, -1.6216, 0.6352)
(-3.0485, -1.1713, 0.5648)
(0.4162, -2.6093, 0.3921)
(-0.2356, -2.8563, 0.3736)
(-0.9006, -2.8972, 0.31)
(-1.4757, -2.5839, 0.2153)
(-1.9467, -2.0977, 0.1366)
(-2.4093, -1.6227, 0.0714)
(-2.8054, -1.2214, 0.018)
(0.5031, -2.7527, -0.1985)
(-0.1522, -2.9512, -0.2294)
(-0.8094, -2.9118, -0.297)
(-1.3628, -2.5749, -0.3782)
(-1.8224, -2.1225, -0.4445)
(-2.2748, -1.6767, -0.5015)
(-2.6405, -1.2802, -0.5535)
(0.5858, -2.8623, -0.7969)
(-0.0766, -3.0241, -0.8369)
(-0.7363, -2.9565, -0.9048)
(-1.3035, -2.6427, -0.9759)
(-1.7764, -2.2252, -1.0335)
(-2.198, -1.7716, -1.0854)
(-2.4969, -1.3374, -1.1354)
(0.6613, -2.9361, -1.4015)
(-0.0051, -3.072, -1.4466)
(-0.6706, -2.9934, -1.5135)
(-1.2662, -2.718, -1.578)
(-1.7619, -2.331, -1.6319)
(-2.1304, -1.8436, -1.6787)
(-2.3369, -1.3617, -1.7244)
(0.7337, -2.9831, -2.0086)
(0.0668, -3.1052, -2.0557)
(-0.6012, -3.0127, -2.1215)
(-1.2065, -2.7374, -2.184)
(-1.677, -2.3148, -2.2261)
(-1.9317, -1.7543, -2.2137)
(-2.0785, -1.3004, -2.2655)
(0.8096, -3.0177, -2.6148)
(0.1455, -3.1425, -2.6609)
(-0.5242, -3.0611, -2.7168)
(-1.0621, -2.7342, -2.743)
(-1.3889, -2.2024, -2.6974)
(-1.6089, -1.65, -2.6332)
(-1.8159, -1.3133, -2.8093)
(0.8963, -3.0406, -3.2174)
(0.2447, -3.1225, -3.248)
(-0.4011, -2.9721, -3.2483)
(-0.932, -2.6469, -3.2432)
(-1.202, -2.1321, -3.1471)
(-1.4706, -1.6395, -3.1129)
(-1.8151, -1.3349, -3.3901)
(0.9803, -2.9662, -3.7938)
(0.3783, -2.88, -3.7133)
(-0.1717, -2.6007, -3.5239)
(-0.7353, -2.3379, -3.4778)
(-1.1951, -2.0528, -3.5405)
(-1.65, -1.7646, -3.5449)
(-2.0942, -1.4854, -3.609)
(1.0501, -2.7227, -4.2899)
(0.544, -2.4316, -4.0327)
(0.0365, -2.2015, -3.7644)
(-0.5541, -2.0592, -3.7513)
(-1.1769, -1.8855, -3.9146)
(-1.8243, -1.8058, -3.925)
(-2.3172, -1.6398, -3.8228)
(1.0366, -2.4178, -4.7644)
(0.5775, -2.065, -4.4324)
(0.0422, -2.0323, -4.2506)
(-0.5815, -2.1055, -4.2982)
(-1.2318, -1.9302, -4.4085)
(-1.8698, -1.7559, -4.4409)
(-2.3591, -1.5458, -4.3946)
(0.9403, -2.1835, -5.2049)
(0.4653, -1.8812, -4.8766)
(-0.0429, -2.015, -4.7293)
(-0.6092, -2.2374, -4.7659)
(-1.2626, -2.098, -4.8544)
(-1.8723, -1.7966, -4.9104)
(-2.3395, -1.4763, -4.8845)
(-2.2704, -0.7055, 4.0329)
(-2.7913, -0.783, 3.8925)
(-3.4293, -0.9121, 3.6473)
(-4.0442, -1.0288, 3.3207)
(-4.6418, -1.1638, 2.9696)
(-5.2158, -1.2434, 2.5594)
(-5.8024, -1.2773, 2.184)
(-6.4287, -1.3276, 1.9498)
(-7.0005, -0.9305, 1.9616)
(-5.4406, -1.0171, 0.9276)
(-5.7345, -0.8212, 0.7543)
(-6.1579, -0.4253, 0.704)
(-6.6142, -0.1033, 0.9361)
(-6.9831, -0.1196, 1.3455)
(-7.0793, -0.5032, 1.7541)
(-2.3378, 0.2587, 4.0112)
(-2.8872, 0.108, 3.8579)
(-3.5256, -0.0454, 3.6284)
(-4.1333, -0.193, 3.3187)
(-4.7345, -0.3475, 3.0292)
(-5.3214, -0.474, 2.6949)
(-5.9231, -0.5195, 2.3145)
(-6.5685, -0.5016, 2.0081)
(-2.1746, 0.7424, 3.7196)
(-2.8027, 0.5721, 3.5187)
(-3.4431, 0.4057, 3.272)
(-4.0499, 0.2466, 2.9715)
(-4.6608, 0.1352, 2.691)
(-5.2907, 0.0232, 2.3777)
(-5.93, -0.0905, 1.9987)
(-6.5367, -0.0987, 1.646)
(-0.7796, 1.6889, 3.3363)
(-1.3882, 1.3662, 3.3565)
(-2.025, 1.0828, 3.2425)
(-2.6677, 0.8447, 3.0182)
(-3.264, 0.6174, 2.7632)
(-3.8356, 0.4296, 2.4595)
(-4.4285, 0.3538, 2.1922)
(-5.0377, 0.2225, 1.9033)
(-5.6121, 0.0155, 1.5726)
(-6.1804, -0.0692, 1.2672)
(-0.8615, 1.9174, 2.8945)
(-1.3992, 1.5427, 2.8024)
(-1.9631, 1.2305, 2.6336)
(-2.5252, 0.911, 2.4414)
(-3.0357, 0.5466, 2.2424)
(-3.5495, 0.3819, 1.9574)
(-4.0822, 0.3019, 1.7172)
(-4.6254, 0.0773, 1.5087)
(-5.1649, -0.1473, 1.2701)
(-5.7219, -0.3247, 1.0363)
(-0.9526, 2.137, 2.3288)
(-1.3777, 1.6493, 2.202)
(-1.8545, 1.2512, 2.0242)
(-2.3563, 0.858, 1.8647)
(-2.7827, 0.3589, 1.7424)
(-3.2523, 0.1735, 1.4951)
(-3.7411, 0.0264, 1.3219)
(-4.2415, -0.2757, 1.1942)
(-4.809, -0.4556, 1.0734)
(-5.3358, -0.6583, 1.0146)
(-1.0335, 2.2842, 1.7343)
(-1.3341, 1.7229, 1.6099)
(-1.6937, 1.2323, 1.4391)
(-2.1515, 0.7723, 1.2981)
(-2.5199, 0.2121, 1.2188)
(-2.9714, -0.0952, 1.0256)
(-3.455, -0.3722, 0.9236)
(-3.9707, -0.6609, 0.8572)
(-4.512, -0.709, 0.9397)
(-5.0235, -0.8445, 1.108)
(-1.1203, 2.394, 1.1313)
(-1.3663, 1.8058, 1.0195)
(-1.5731, 1.2104, 0.8711)
(-1.922, 0.6644, 0.748)
(-2.2704, 0.0951, 0.6803)
(-2.6969, -0.3297, 0.5557)
(-3.1277, -0.6958, 0.4989)
(-1.187, 2.4741, 0.524)
(-1.4828, 1.8942, 0.4325)
(-1.617, 1.2408, 0.306)
(-1.796, 0.6138, 0.1899)
(-2.0798, 0.0323, 0.1196)
(-2.4567, -0.4755, 0.0527)
(-2.8306, -0.8678, 0.0044)
(-1.211, 2.5224, -0.0862)
(-1.5619, 1.9543, -0.1625)
(-1.7649, 1.315, -0.2677)
(-1.886, 0.6722, -0.3812)
(-2.0445, 0.0631, -0.4619)
(-2.3148, -0.4992, -0.5099)
(-2.6338, -0.93, -0.5528)
(-1.2005, 2.552, -0.6916)
(-1.5258, 1.9664, -0.7632)
(-1.8014, 1.3506, -0.8531)
(-2.0201, 0.746, -0.9517)
(-2.1588, 0.1465, -1.0408)
(-2.3131, -0.4472, -1.0988)
(-2.51, -0.9314, -1.1365)
(-1.1497, 2.5303, -1.2759)
(-1.3472, 1.9034, -1.3247)
(-1.6371, 1.2999, -1.4178)
(-1.9852, 0.7542, -1.5266)
(-2.243, 0.1958, -1.6259)
(-2.3719, -0.4044, -1.6956)
(-2.4123, -0.9183, -1.7275)
(-1.2167, 2.4614, -1.8307)
(-1.2704, 1.8242, -1.8585)
(-1.395, 1.1949, -1.9471)
(-1.7041, 0.6351, -1.979)
(-2.0, 0.1148, -2.0494)
(-2.1312, -0.444, -2.1528)
(-2.1521, -0.9364, -2.2428)
(-1.4113, 2.3814, -2.3742)
(-1.4598, 1.7831, -2.3925)
(-1.41, 1.1248, -2.4759)
(-1.5805, 0.522, -2.4092)
(-1.8118, 0.0312, -2.4377)
(-1.916, -0.5033, -2.5977)
(-1.91, -1.0012, -2.7668)
(-1.3753, 2.192, -2.8449)
(-1.6591, 1.6602, -2.8511)
(-1.7423, 1.0341, -2.938)
(-1.8864, 0.4641, -2.8569)
(-2.0387, 0.0231, -2.8991)
(-2.0463, -0.5118, -3.1292)
(-1.9643, -1.0152, -3.3074)
(-1.307, 2.1022, -3.3216)
(-1.8151, 1.6496, -3.2975)
(-2.1098, 1.0779, -3.3071)
(-2.2932, 0.4858, -3.2138)
(-2.4173, -0.0402, -3.1927)
(-2.388, -0.6308, -3.3433)
(-2.2887, -1.1456, -3.4898)
(-1.3668, 2.1325, -3.8954)
(-1.7965, 1.687, -3.7645)
(-2.0446, 1.1144, -3.5925)
(-2.2504, 0.4718, -3.4935)
(-2.4316, -0.1782, -3.4455)
(-2.5827, -0.7841, -3.541)
(-2.5727, -1.2702, -3.7131)
(-1.3413, 1.9824, -4.4402)
(-1.6686, 1.488, -4.2162)
(-1.9346, 0.9875, -3.9164)
(-2.2401, 0.4551, -3.7323)
(-2.3891, -0.1556, -3.757)
(-2.5174, -0.713, -4.0083)
(-2.5862, -1.1694, -4.265)
(-1.3123, 1.7471, -4.6384)
(-1.7003, 1.3859, -4.3804)
(-2.1687, 1.0, -4.215)
(-2.4358, 0.5268, -4.0002)
(-2.5049, -0.0027, -4.0444)
(-2.63, -0.5442, -4.3708)
(-2.7051, -1.034, -4.6301)
(-2.3888, -0.1905, 4.1258)
(-2.8816, -0.3696, 3.9872)
(-3.5168, -0.5252, 3.7652)
(-4.1206, -0.672, 3.4493)
(-4.7113, -0.8253, 3.1343)
(-5.2396, -0.9477, 2.7374)
(-5.7809, -0.9847, 2.3382)
(-6.4532, -0.9693, 2.1093)
