(3.8254, 1.7789, -4.9111)
(3.7608, 2.3663, -4.5755)
(3.5342, 2.9471, -4.2777)
(3.2446, 3.5106, -3.9946)
(2.9518, 4.073, -3.7115)
(3.7303, 1.56, -4.536)
(3.6966, 2.1491, -4.1979)
(2.7054, 4.6122, -3.4363)
(3.496, 2.7348, -3.8935)
(2.5777, 4.9353, -3.1907)
(3.2208, 3.3029, -3.6066)
(2.9333, 3.867, -3.3222)
(2.6862, 4.4079, -3.0477)
(2.5365, 4.8526, -2.8623)
(3.6047, 1.2764, -4.0494)
(3.6077, 1.8642, -3.7054)
(3.4401, 2.455, -3.3931)
(3.1842, 3.0288, -3.101)
(2.9046, 3.5956, -2.8145)
(2.6576, 4.1362, -2.5399)
(2.4966, 4.5558, -2.3254)
(3.4685, 0.9777, -3.5349)
(3.5082, 1.562, -3.1852)
(3.3741, 2.1565, -2.8653)
(3.1375, 2.7352, -2.5681)
(2.8657, 3.3041, -2.2797)
(2.6223, 3.8443, -2.0042)
(2.468, 4.2666, -1.7876)
(3.3284, 0.6808, -3.0201)
(3.404, 1.2597, -2.6657)
(3.3021, 1.8559, -2.3392)
(3.0823, 2.4369, -2.038)
(2.816, 3.0026, -1.7494)
(2.5733, 3.5361, -1.4752)
(2.4245, 3.96, -1.2559)
(3.1837, 0.3864, -2.5049)
(3.2956, 0.9579, -2.1468)
(3.2252, 1.5531, -1.8148)
(3.0208, 2.129, -1.5116)
(2.7584, 2.6776, -1.2263)
(2.5066, 3.1929, -0.9586)
(2.3314, 3.6008, -0.748)
(3.0336, 0.0949, -1.9892)
(3.183, 0.6565, -1.6283)
(3.1449, 1.2467, -1.2919)
(2.9553, 1.8079, -0.9892)
(2.6939, 2.3337, -0.7096)
(2.4267, 2.8276, -0.4512)
(2.2181, 3.2147, -0.2547)
(2.877, -0.1925, -1.4731)
(3.0661, 0.3558, -1.1102)
(3.0626, 0.9374, -0.7705)
(2.8841, 1.4832, -0.4696)
(2.6201, 1.9901, -0.1957)
(2.3381, 2.4652, 0.0542)
(2.0988, 2.8299, 0.237)
(2.7125, -0.4749, -0.9563)
(2.944, 0.0568, -0.5922)
(2.9796, 0.629, -0.2496)
(2.8057, 1.1667, 0.0492)
(2.5363, 1.6649, 0.3192)
(2.2474, 2.1312, 0.5664)
(1.9927, 2.4816, 0.7439)
(2.5422, -0.7525, -0.4387)
(2.8187, -0.2394, -0.0735)
(2.9022, 0.3243, 0.2725)
(2.7283, 0.8653, 0.5701)
(2.4537, 1.3698, 0.8406)
(2.1673, 1.8431, 1.0931)
(1.9174, 2.2005, 1.2777)
(2.3779, -1.0314, 0.0797)
(2.7005, -0.5355, 0.4476)
(2.8447, 0.0232, 0.7986)
(2.6888, 0.5854, 1.1003)
(2.4097, 1.1121, 1.376)
(2.1196, 1.601, 1.6364)
(1.8747, 1.9693, 1.8315)
(2.2214, -1.3154, 0.5963)
(2.5768, -0.832, 0.9676)
(2.7754, -0.2709, 1.3247)
(2.7046, 0.3288, 1.6409)
(2.434, 0.8884, 1.9242)
(2.1358, 1.4075, 2.1944)
(1.8662, 1.7885, 2.4067)
(2.0222, -1.5742, 1.1112)
(2.3833, -1.099, 1.4817)
(2.6148, -0.5492, 1.8399)
(2.6324, 0.0564, 2.1688)
(2.4329, 0.6511, 2.4634)
(2.2084, 1.2386, 2.7513)
(2.0144, 1.9064, 3.0611)
(1.7899, -1.8121, 1.6258)
(2.1433, -1.3389, 1.9916)
(2.406, -0.8112, 2.3479)
(2.4881, -0.2281, 2.6793)
(2.3483, 2.3389, 3.5004)
(2.3414, 0.3681, 2.9724)
(2.2331, 0.9759, 3.2696)
(2.6828, 2.446, 4.0984)
(2.3257, 1.5882, 3.5263)
(3.018, 2.4759, 4.7044)
(2.6358, 2.1342, 3.7488)
(1.5433, -2.0403, 2.1439)
(1.8846, -1.5649, 2.5056)
(2.2013, -1.0634, 2.8621)
(3.1564, 2.6728, 4.9402)
(2.3992, -0.5116, 3.1982)
(2.9119, 2.5899, 4.087)
(2.3996, 0.0919, 3.4907)
(2.3987, 0.7099, 3.7766)
(3.0883, 2.8266, 4.592)
(2.5503, 1.3207, 4.0146)
(3.2325, 2.9879, 4.9917)
(2.9016, 1.8804, 4.1704)
(1.2736, -2.2392, 2.638)
(1.5629, -1.7628, 3.0127)
(1.9132, -1.2545, 3.3703)
(3.2283, 2.4381, 4.3775)
(2.2473, -0.7442, 3.7163)
(2.453, -0.1683, 4.009)
(3.4578, 2.9297, 4.6559)
(2.5879, 0.4437, 4.2751)
(1.0452, -2.3868, 3.0299)
(3.5153, 3.2974, 4.9257)
(2.7536, 1.0501, 4.5171)
(3.0869, 1.6146, 4.6815)
(1.5233, -1.3229, 3.8409)
(1.0714, -1.9412, 3.5102)
(3.4016, 2.1937, 4.88)
(1.9164, -0.8336, 4.1931)
(2.2599, -0.3231, 4.5153)
(3.6591, 2.7493, 5.0979)
(2.5544, 0.2327, 4.7892)
(3.8057, 3.177, 5.2873)
(2.8273, 0.8151, 5.0246)
(3.1177, 1.4027, 5.2266)
(0.8193, -1.6389, 3.9994)
(1.109, -1.2328, 4.2623)
(3.4073, 1.9894, 5.4427)
(1.4752, -0.7626, 4.5903)
(1.8457, -0.2727, 4.9234)
(3.6735, 2.5405, 5.6627)
(2.201, 0.2397, 5.2289)
(3.901, 2.9484, 5.8317)
(2.5415, 0.7808, 5.4958)
(2.8692, 1.3398, 5.736)
(0.4788, -1.4679, 4.3891)
(0.6895, -1.0923, 4.6096)
(3.1978, 1.8974, 5.9756)
(1.0244, -0.6167, 4.9062)
(1.3869, -0.1129, 5.2192)
(3.5148, 2.4118, 6.2152)
(1.7476, 0.3948, 5.5287)
(0.2941, -1.2524, 4.597)
(3.7745, 2.7967, 6.3928)
(2.1032, 0.9166, 5.8182)
(0.2884, -0.9587, 4.7786)
(0.6646, -0.4582, 5.0833)
(2.4515, 1.4538, 6.0841)
(1.0258, 0.0401, 5.4011)
(2.8037, 1.9869, 6.3485)
(1.3878, 0.5419, 5.7189)
(1.7464, 1.06, 6.0146)
(3.1554, 2.4587, 6.619)
(2.0951, 1.5994, 6.2814)
(3.4497, 2.7781, 6.8198)
(2.4458, 2.1465, 6.5299)
(3.1206, 2.7856, 6.9046)
(2.8138, 2.6796, 6.7942)
(-1.1361, 5.1527, -3.7031)
(-0.5844, 5.4124, -3.3828)
(0.0729, 5.5117, -3.202)
(0.7616, 5.4933, -3.1245)
(1.4472, 5.3965, -3.1089)
(-1.1845, 4.8733, -3.3705)
(-0.5931, 5.0839, -3.0968)
(2.0771, 5.2308, -3.1474)
(0.0527, 5.2061, -2.8905)
(2.4659, 5.0587, -3.1323)
(0.7297, 5.2335, -2.7728)
(1.4141, 5.1616, -2.738)
(2.047, 5.0072, -2.7705)
(2.5194, 4.8629, -2.8592)
(-1.2481, 4.5137, -2.9327)
(-0.6183, 4.6629, -2.7117)
(0.029, 4.7848, -2.5034)
(0.6922, 4.8631, -2.3379)
(1.3731, 4.8399, -2.2633)
(2.0098, 4.7133, -2.2758)
(2.4779, 4.563, -2.3236)
(-1.3017, 4.1216, -2.4779)
(-0.6432, 4.2059, -2.3169)
(0.0108, 4.3109, -2.1235)
(0.6605, 4.4254, -1.9195)
(1.3304, 4.4662, -1.7863)
(1.9704, 4.3912, -1.7588)
(2.4494, 4.2744, -1.787)
(-1.3551, 3.7468, -2.007)
(-0.6837, 3.7811, -1.89)
(-0.0149, 3.8439, -1.7364)
(0.6346, 3.9569, -1.5322)
(1.2858, 4.047, -1.3475)
(1.9172, 4.0371, -1.2617)
(2.4068, 3.9705, -1.2562)
(-1.4148, 3.406, -1.5116)
(-0.7448, 3.4292, -1.4061)
(-0.0646, 3.4406, -1.2924)
(0.5937, 3.5034, -1.1296)
(1.2268, 3.5925, -0.9368)
(1.8335, 3.638, -0.7929)
(2.3138, 3.6115, -0.7497)
(-1.4713, 3.0944, -1.0004)
(-0.8203, 3.1865, -0.8615)
(-0.1412, 3.1683, -0.7635)
(0.5147, 3.1468, -0.65)
(1.143, 3.1676, -0.502)
(1.7312, 3.2144, -0.342)
(2.2007, 3.2255, -0.2564)
(-1.4887, 2.7537, -0.5087)
(-0.8869, 2.9732, -0.3053)
(-0.2247, 3.0055, -0.1863)
(0.4164, 2.9401, -0.0888)
(1.0344, 2.8829, 0.0238)
(1.6204, 2.8418, 0.1414)
(2.0812, 2.8406, 0.233)
(-1.451, 2.3641, -0.0543)
(-0.9231, 2.6907, 0.2179)
(-0.2982, 2.8377, 0.3882)
(0.3332, 2.8093, 0.4984)
(0.9416, 2.6973, 0.5946)
(1.5193, 2.5686, 0.6784)
(1.9751, 2.4923, 0.7401)
(-1.3667, 1.9403, 0.3651)
(-0.9151, 2.3341, 0.6961)
(-0.3556, 2.5996, 0.9337)
(0.2656, 2.6493, 1.0735)
(0.8772, 2.5318, 1.1689)
(1.4523, 2.3568, 1.239)
(1.9, 2.2108, 1.2781)
(-1.3572, 1.5504, 0.8144)
(-0.9148, 1.9548, 1.153)
(-0.4066, 2.2862, 1.4378)
(0.1992, 2.421, 1.6191)
(0.8252, 2.3431, 1.731)
(1.4102, 2.1567, 1.8002)
(1.8584, 1.9805, 1.8346)
(-1.498, 1.2597, 1.3176)
(-1.031, 1.6429, 1.6432)
(-0.4764, 1.9346, 1.91)
(0.118, 2.147, 2.1376)
(0.756, 2.1395, 2.2831)
(1.3669, 1.9708, 2.3623)
(1.8484, 1.8023, 2.4133)
(-1.6174, 0.9469, 1.8222)
(-1.138, 1.3237, 2.1428)
(-0.5977, 1.6454, 2.4195)
(-0.0163, 1.8954, 2.6621)
(0.6296, 1.9356, 2.8217)
(1.2794, 1.8689, 2.9244)
(2.0001, 1.9198, 3.0708)
(-1.6649, 0.5866, 2.3078)
(-1.2162, 0.9894, 2.641)
(-0.7259, 1.3676, 2.938)
(-0.1818, 1.6712, 3.1921)
(2.3323, 2.3445, 3.5121)
(0.4484, 1.7971, 3.3533)
(1.0918, 1.9106, 3.4628)
(2.6667, 2.4431, 4.1107)
(1.6949, 2.0603, 3.6391)
(3.003, 2.4671, 4.7178)
(2.1211, 2.4837, 3.8522)
(-1.6338, 0.1793, 2.7595)
(-1.2407, 0.6082, 3.1176)
(-0.8066, 1.038, 3.4373)
(3.1643, 2.6257, 4.9692)
(-0.3239, 1.4273, 3.7107)
(2.5566, 2.7879, 4.2141)
(0.2601, 1.686, 3.8755)
(0.8707, 1.861, 3.9869)
(2.9241, 2.8962, 4.7015)
(1.4357, 2.1214, 4.1702)
(3.191, 2.9504, 5.0913)
(1.8666, 2.5959, 4.3419)
(-1.5538, -0.2463, 3.1624)
(-1.2121, 0.1648, 3.5617)
(-0.8105, 0.6377, 3.9029)
(2.2967, 3.0544, 4.5692)
(-0.3804, 1.0878, 4.1958)
(0.1578, 1.4235, 4.3534)
(2.7581, 3.3384, 4.8762)
(0.6464, 1.8192, 4.4809)
(-1.4746, -0.6022, 3.4699)
(3.1343, 3.4508, 5.158)
(1.1439, 2.2099, 4.6688)
(1.6075, 2.6459, 4.8825)
(-0.6914, 0.1921, 4.3048)
(-1.1271, -0.4333, 3.9754)
(2.0209, 3.1403, 5.087)
(-0.3115, 0.6966, 4.6153)
(0.135, 1.1432, 4.839)
(2.4835, 3.5149, 5.3279)
(0.6069, 1.5838, 4.9825)
(2.8722, 3.7358, 5.5373)
(0.9923, 2.0875, 5.1795)
(1.3976, 2.583, 5.4072)
(-0.7416, -0.6171, 4.4001)
(-0.405, -0.2215, 4.6082)
(1.8181, 3.0698, 5.6385)
(-0.0226, 0.2609, 4.8661)
(0.3425, 0.7464, 5.175)
(2.2511, 3.4875, 5.8775)
(0.7474, 1.2351, 5.4071)
(2.6021, 3.7808, 6.0681)
(1.1463, 1.7488, 5.5969)
(1.4974, 2.2717, 5.8568)
(-0.3638, -0.9309, 4.6149)
(-0.0392, -0.6094, 4.774)
(1.85, 2.7887, 6.1368)
(0.3389, -0.1476, 5.0253)
(0.7033, 0.348, 5.3349)
(2.2041, 3.2626, 6.4048)
(1.0797, 0.8512, 5.6165)
(-0.0429, -1.045, 4.6949)
(2.4838, 3.6201, 6.6052)
(1.4641, 1.3665, 5.8572)
(0.2733, -0.9452, 4.7829)
(0.65, -0.4444, 5.0874)
(1.7938, 1.8942, 6.1475)
(1.0138, 0.0559, 5.4121)
(2.1164, 2.4229, 6.4505)
(1.377, 0.5545, 5.7344)
(1.7374, 1.0692, 6.0329)
(2.4299, 2.9134, 6.7385)
(2.0844, 1.6098, 6.2973)
(2.6542, 3.2827, 6.9518)
(2.4332, 2.1577, 6.5433)
(2.8131, 2.9885, 6.9594)
(2.7969, 2.6905, 6.7983)
(3.6121, 1.2722, -5.2837)
(3.1132, 0.9612, -5.5929)
(2.4729, 0.8873, -5.8083)
(1.7977, 0.952, -5.9399)
(1.1192, 1.0667, -6.03)
(0.4402, 1.1813, -6.1194)
(3.5005, 1.0498, -4.9005)
(3.0106, 0.7329, -5.2255)
(2.3795, 0.6355, -5.4593)
(-0.1996, 1.2618, -6.2257)
(1.7069, 0.6782, -5.6069)
(-0.6224, 1.2396, -6.2669)
(1.0285, 0.7813, -5.7067)
(0.3496, 0.892, -5.7994)
(-0.2913, 0.9746, -5.906)
(-0.7735, 1.0311, -6.0432)
(3.358, 0.7682, -4.4141)
(2.8764, 0.4385, -4.7478)
(2.2569, 0.3105, -5.0001)
(1.5886, 0.3254, -5.1672)
(0.9106, 0.4125, -5.2799)
(0.2316, 0.5172, -5.3776)
(-0.4091, 0.6003, -5.4834)
(-0.8951, 0.641, -5.584)
(3.2054, 0.4735, -3.9013)
(2.7323, 0.1297, -4.2414)
(2.1262, -0.0292, -4.5108)
(1.4637, -0.0425, -4.6969)
(0.7866, 0.0286, -4.822)
(0.108, 0.1274, -4.9246)
(-0.5316, 0.2081, -5.0312)
(-1.0183, 0.2435, -5.1361)
(3.049, 0.1813, -3.3878)
(2.5852, -0.1761, -3.7339)
(1.9941, -0.365, -4.019)
(1.3389, -0.4054, -4.2226)
(0.6643, -0.3482, -4.3573)
(-0.01, -0.2535, -4.4603)
(-0.6437, -0.1731, -4.5628)
(-1.1311, -0.1423, -4.6703)
(2.888, -0.1075, -2.8735)
(2.4343, -0.4785, -3.2251)
(1.8605, -0.6973, -3.5252)
(1.2148, -0.7641, -3.7445)
(0.5485, -0.72, -3.8838)
(-0.11, -0.6283, -3.9786)
(-0.7307, -0.5395, -4.0655)
(-1.2118, -0.4862, -4.1497)
(2.7215, -0.3924, -2.3583)
(2.2788, -0.7768, -2.715)
(1.725, -1.0262, -3.0294)
(1.0929, -1.12, -3.2626)
(0.4429, -1.0886, -3.4009)
(-0.1957, -0.9975, -3.4829)
(-0.8015, -0.8944, -3.5496)
(-1.2725, -0.8107, -3.6053)
(2.5483, -0.6721, -1.8422)
(2.1176, -1.0699, -2.2034)
(1.5875, -1.3515, -2.5315)
(0.9729, -1.4739, -2.7782)
(0.3393, -1.4519, -2.9132)
(-0.2835, -1.3581, -2.9832)
(-0.8766, -1.2416, -3.0317)
(-1.3354, -1.1301, -3.0594)
(2.3674, -0.9458, -1.3253)
(1.9493, -1.3568, -1.6903)
(1.4467, -1.6725, -2.0317)
(0.8523, -1.8267, -2.2941)
(0.2275, -1.8081, -2.4274)
(-0.3889, -1.7093, -2.4898)
(-0.9768, -1.5873, -2.5293)
(-1.428, -1.4634, -2.5401)
(2.1814, -1.2155, -0.8079)
(1.7746, -1.6391, -1.1766)
(1.302, -1.9909, -1.5314)
(0.7304, -2.1835, -1.8152)
(0.1041, -2.1638, -1.9515)
(-0.5192, -2.0608, -2.0153)
(-1.1141, -1.943, -2.059)
(-1.5729, -1.8263, -2.0743)
(2.0017, -1.4895, -0.2919)
(1.6028, -1.9263, -0.6652)
(1.1584, -2.3157, -1.0343)
(0.6113, -2.5561, -1.3486)
(-0.0256, -2.549, -1.509)
(-0.6694, -2.4429, -1.5835)
(-1.2817, -2.3255, -1.6327)
(-1.7526, -2.218, -1.6546)
(1.8313, -1.7695, 0.2218)
(1.4386, -2.2189, -0.1558)
(1.0141, -2.6364, -0.5342)
(0.4824, -2.919, -0.8796)
(-0.1566, -2.9757, -1.11)
(-0.8251, -2.8756, -1.2096)
(-1.4677, -2.7541, -1.2711)
(-1.9674, -2.6388, -1.2802)
(1.6315, -2.0255, 0.7372)
(1.2413, -2.4754, 0.361)
(0.825, -2.8976, -0.0156)
(0.313, -3.2063, -0.3719)
(-0.3036, -3.3335, -0.6532)
(-0.9761, -3.2859, -0.8149)
(-1.649, -3.2162, -0.9595)
(-2.3791, -3.1698, -1.1686)
(1.4045, -2.2598, 1.255)
(1.0167, -2.7045, 0.883)
(0.6013, -3.1183, 0.5104)
(0.1175, -3.451, 0.15)
(-0.4611, -3.6282, -0.1514)
(-2.8166, -3.6282, -1.4685)
(-1.115, -3.6146, -0.3427)
(-1.761, -3.6308, -0.5678)
(-3.1165, -4.2535, -1.4795)
(-2.309, -3.7631, -0.9303)
(-3.368, -4.8978, -1.4351)
(1.1635, -2.4844, 1.7758)
(-2.7065, -4.0378, -1.3893)
(0.7777, -2.9239, 1.4084)
(0.3585, -3.326, 1.0397)
(-0.0866, -3.7016, 0.6655)
(-3.593, -5.1208, -1.5502)
(-0.6034, -3.9661, 0.3234)
(-3.1216, -4.3826, -1.7172)
(-1.2099, -4.0451, 0.0518)
(-1.8089, -4.1373, -0.259)
(-3.5201, -4.8084, -1.7656)
(-2.3209, -4.3022, -0.6665)
(-3.8153, -5.1532, -1.7892)
(-2.6736, -4.5583, -1.1877)
(0.9206, -2.6799, 2.2638)
(0.5236, -3.1054, 1.9173)
(0.0761, -3.4793, 1.5844)
(-0.3607, -3.8786, 1.1865)
(-3.0633, -4.8321, -1.6717)
(-0.799, -4.2567, 0.7931)
(-1.3041, -4.4919, 0.4109)
(-3.4856, -5.0968, -2.0236)
(-1.8412, -4.661, 0.026)
(0.7474, -2.816, 2.6078)
(0.3095, -3.2377, 2.3225)
(-3.8823, -5.2546, -2.1948)
(-2.3483, -4.837, -0.3825)
(-2.7165, -5.0851, -0.8927)
(-0.74, -3.9353, 1.6671)
(-0.2799, -3.5027, 2.2119)
(-3.1217, -5.3401, -1.3874)
(-1.1433, -4.3649, 1.2544)
(-1.5635, -4.7351, 0.8442)
(-3.5436, -5.5716, -1.8244)
(-2.0062, -5.029, 0.4103)
(-3.9013, -5.7274, -2.1216)
(-2.4528, -5.2779, -0.0457)
(-2.8765, -5.5162, -0.5298)
(-0.8802, -3.6019, 2.3668)
(-1.2121, -3.9123, 2.033)
(-3.3081, -5.7631, -1.0068)
(-1.5982, -4.3099, 1.6385)
(-1.9993, -4.711, 1.2307)
(-3.726, -6.0021, -1.4443)
(-2.4062, -5.078, 0.8042)
(-4.0271, -6.2049, -1.7833)
(-2.8165, -5.4031, 0.3505)
(-3.2284, -5.698, -0.1196)
(-1.3629, -3.5946, 2.62)
(-1.6785, -3.8257, 2.3354)
(-3.6388, -5.9932, -0.5895)
(-2.0618, -4.1787, 1.942)
(-2.4642, -4.5575, 1.5204)
(-4.0233, -6.2876, -1.0232)
(-2.8679, -4.9321, 1.0958)
(-1.7097, -3.566, 2.6722)
(-4.3014, -6.5229, -1.3615)
(-3.2719, -5.2867, 0.656)
(-2.0277, -3.632, 2.5544)
(-2.4175, -4.0152, 2.1231)
(-3.6757, -5.6173, 0.1997)
(-2.8194, -4.3972, 1.7078)
(-4.0743, -5.9505, -0.2566)
(-3.2231, -4.7794, 1.2898)
(-3.6273, -5.1407, 0.8533)
(-4.4335, -6.2983, -0.6682)
(-4.0329, -5.4717, 0.3956)
(-4.6657, -6.5859, -0.9722)
(-4.4324, -5.7905, -0.0762)
(-4.8478, -6.4078, -0.7477)
(-4.8248, -6.1348, -0.5421)
(-1.5599, 4.7501, -4.0863)
(-1.9084, 4.2634, -4.447)
(-2.0682, 3.7023, -4.813)
(-1.9911, 3.1308, -5.1899)
(-1.7574, 2.5857, -5.5489)
(-1.4344, 2.0703, -5.8802)
(-1.6502, 4.5141, -3.711)
(-1.9314, 4.0206, -4.0839)
(-2.0149, 3.4539, -4.459)
(-1.0522, 1.6187, -6.1554)
(-1.9693, 2.8779, -4.834)
(-0.7894, 1.3011, -6.2606)
(-1.7934, 2.3224, -5.2001)
(-1.4986, 1.7996, -5.5389)
(-1.1262, 1.3441, -5.8206)
(-0.7893, 1.0429, -6.0389)
(-1.7499, 4.2028, -3.236)
(-1.9694, 3.7024, -3.6117)
(-1.966, 3.1329, -3.9893)
(-1.916, 2.5545, -4.3642)
(-1.8046, 1.9862, -4.7365)
(-1.5664, 1.4482, -5.0889)
(-1.2234, 0.9815, -5.3829)
(-0.9086, 0.6542, -5.577)
(-1.8294, 3.859, -2.7412)
(-1.9875, 3.3598, -3.1155)
(-1.8917, 2.7988, -3.4912)
(-1.8187, 2.2227, -3.8646)
(-1.7587, 1.6444, -4.2375)
(-1.6008, 1.0865, -4.6018)
(-1.3151, 0.6001, -4.9152)
(-1.0314, 0.2578, -5.1303)
(-1.8902, 3.506, -2.2489)
(-2.0151, 3.0109, -2.6232)
(-1.8555, 2.4607, -2.992)
(-1.7289, 1.8931, -3.3625)
(-1.6702, 1.3144, -3.7341)
(-1.5829, 0.7436, -4.0991)
(-1.3784, 0.2359, -4.4265)
(-1.1451, -0.1277, -4.6671)
(-1.9415, 3.1451, -1.7615)
(-2.0862, 2.6544, -2.1409)
(-1.9118, 2.1111, -2.5061)
(-1.7242, 1.5531, -2.8656)
(-1.6055, 0.9873, -3.2255)
(-1.53, 0.4236, -3.5759)
(-1.4059, -0.0958, -3.9016)
(-1.2252, -0.4705, -4.1474)
(-1.9707, 2.7719, -1.2846)
(-2.1885, 2.2893, -1.6746)
(-2.0887, 1.7496, -2.0599)
(-1.8719, 1.1976, -2.4053)
(-1.6665, 0.652, -2.7276)
(-1.5193, 0.1105, -3.0472)
(-1.4128, -0.4065, -3.3566)
(-1.2858, -0.7951, -3.6033)
(-1.9531, 2.3736, -0.8279)
(-2.2448, 1.9032, -1.2212)
(-2.2935, 1.3787, -1.6363)
(-2.127, 0.833, -1.994)
(-1.8857, 0.3011, -2.284)
(-1.6653, -0.2224, -2.5594)
(-1.4762, -0.7244, -2.8272)
(-1.3473, -1.1129, -3.058)
(-1.8814, 1.9505, -0.4007)
(-2.2327, 1.4962, -0.7815)
(-2.4249, 0.999, -1.1953)
(-2.3728, 0.4633, -1.5841)
(-2.1644, -0.0648, -1.8862)
(-1.9046, -0.5804, -2.1307)
(-1.6376, -1.0689, -2.3493)
(-1.4402, -1.4465, -2.5386)
(-1.773, 1.5141, 0.0018)
(-2.1612, 1.072, -0.3618)
(-2.4733, 0.6074, -0.7481)
(-2.5562, 0.0905, -1.1506)
(-2.4119, -0.439, -1.4843)
(-2.1487, -0.9578, -1.7313)
(-1.8436, -1.4435, -1.9244)
(-1.587, -1.8122, -2.0709)
(-1.7755, 1.1328, 0.459)
(-2.1505, 0.6861, 0.0909)
(-2.4857, 0.2259, -0.2928)
(-2.6709, -0.2757, -0.6928)
(-2.6064, -0.8089, -1.0575)
(-2.3657, -1.3402, -1.33)
(-2.0479, -1.8343, -1.5222)
(-1.7686, -2.2064, -1.6515)
(-1.9184, 0.8392, 0.9639)
(-2.2907, 0.3902, 0.5914)
(-2.5936, -0.087, 0.2021)
(-2.743, -0.6118, -0.2054)
(-2.7616, -1.1553, -0.5999)
(-2.5723, -1.7041, -0.9104)
(-2.2622, -2.2211, -1.1269)
(-1.9881, -2.6281, -1.2763)
(-2.0364, 0.5248, 1.4681)
(-2.4045, 0.0727, 1.0941)
(-2.6972, -0.4112, 0.7008)
(-2.8739, -0.9295, 0.2874)
(-2.9363, -1.4683, -0.1212)
(-2.7946, -2.0229, -0.4684)
(-2.5578, -2.5636, -0.7675)
(-2.4, -3.1643, -1.165)
(-2.0596, 0.1529, 1.9438)
(-2.4363, -0.2939, 1.5748)
(-2.7702, -0.7585, 1.1907)
(-3.0188, -1.2458, 0.7799)
(-3.1244, -1.765, 0.3607)
(-2.8336, -3.6238, -1.4579)
(-3.073, -2.2881, -0.0405)
(-2.9776, -2.7913, -0.4544)
(-3.1282, -4.2507, -1.4628)
(-2.9513, -3.3113, -0.8317)
(-3.3758, -4.8978, -1.4146)
(-1.9801, -0.2677, 2.3747)
(-3.2136, -3.6807, -1.2778)
(-2.3778, -0.7013, 2.0239)
(-2.7707, -1.1363, 1.6703)
(-3.0929, -1.5887, 1.2734)
(-3.5734, -5.1553, -1.5095)
(-3.261, -2.0742, 0.8374)
(-3.4762, -4.1799, -1.5867)
(-3.3607, -2.5278, 0.3776)
(-3.3335, -2.9955, -0.0583)
(-3.6984, -4.7534, -1.6695)
(-3.4074, -3.4747, -0.4882)
(-3.8649, -5.1981, -1.6948)
(-3.6801, -3.8117, -0.9902)
(-1.8737, -0.6755, 2.7628)
(-2.2812, -1.1018, 2.449)
(-2.6921, -1.5357, 2.1496)
(-3.0918, -1.9611, 1.7539)
(-3.975, -4.188, -1.4581)
(-3.383, -2.3946, 1.3098)
(-3.5114, -2.8191, 0.8261)
(-4.1808, -4.6724, -1.792)
(-3.6801, -3.1805, 0.321)
(-1.8016, -0.9635, 3.037)
(-2.1872, -1.4257, 2.7866)
(-4.2836, -5.1099, -1.9698)
(-3.8768, -3.5893, -0.1593)
(-4.1355, -3.9843, -0.637)
(-2.948, -2.4016, 2.1472)
(-2.4731, -1.985, 2.6857)
(-4.4482, -4.3277, -1.1286)
(-3.3386, -2.7932, 1.7122)
(-3.6135, -3.1828, 1.2409)
(-4.6788, -4.7517, -1.5526)
(-3.8276, -3.5361, 0.7239)
(-4.8105, -5.1294, -1.8423)
(-4.1509, -3.8515, 0.2361)
(-4.4817, -4.2035, -0.2423)
(-2.4448, -2.581, 2.7661)
(-2.7155, -2.8885, 2.3854)
(-4.8023, -4.571, -0.7215)
(-3.0644, -3.249, 1.9449)
(-3.4514, -3.6312, 1.5342)
(-5.0732, -4.9653, -1.158)
(-3.7788, -3.9878, 1.0626)
(-5.2588, -5.291, -1.4822)
(-4.1004, -4.306, 0.5581)
(-4.4891, -4.6366, 0.1065)
(-2.2035, -3.0524, 2.8495)
(-2.3988, -3.3326, 2.5071)
(-4.8852, -4.9835, -0.3328)
(-2.7289, -3.6881, 2.0781)
(-3.1236, -4.068, 1.6609)
(-5.2429, -5.3314, -0.7485)
(-3.501, -4.4351, 1.2172)
(-2.0459, -3.3552, 2.7724)
(-5.5072, -5.6017, -1.0701)
(-3.8595, -4.7776, 0.7425)
(-2.0459, -3.6217, 2.5562)
(-2.4354, -4.0053, 2.1242)
(-4.2787, -5.1132, 0.3145)
(-2.8417, -4.3936, 1.7093)
(-4.7083, -5.4524, -0.1048)
(-3.2453, -4.7801, 1.2944)
(-3.648, -5.1453, 0.8606)
(-5.1053, -5.7821, -0.4994)
(-4.0537, -5.4731, 0.4018)
(-5.4064, -6.0198, -0.7912)
(-4.453, -5.7887, -0.0706)
(-5.1409, -6.191, -0.6817)
(-4.8415, -6.1235, -0.5378)
(1.9087, 2.2056, 1.2779)
(2.4872, 4.5594, -2.3245)
(0.2809, -0.9519, 4.7808)
(2.2094, 3.2201, -0.2556)
(0.6573, -0.4513, 5.0854)
(1.0198, 0.048, 5.4066)
(1.8666, 1.9749, 1.8331)
(1.3824, 0.5482, 5.7266)
(1.7419, 1.0646, 6.0237)
(2.0898, 1.6046, 6.2894)
(2.4395, 2.1521, 6.5366)
(2.4587, 4.2705, -1.7873)
(2.8054, 2.6851, 6.7962)
(2.09, 2.8352, 0.235)
(1.9839, 2.487, 0.742)
(2.3403, 2.3417, 3.5062)
(1.8573, 1.7954, 2.41)
(2.0073, 1.9131, 3.066)
(2.6748, 2.4446, 4.1046)
(3.0105, 2.4715, 4.7111)
(2.5279, 4.8578, -2.8608)
(2.4157, 3.9652, -1.2561)
(2.3226, 3.6062, -0.7488)
(3.3083, 2.6321, 6.7265)
(2.975, 2.5349, 6.7191)
(2.966, 2.7436, 6.8604)
(3.2806, 2.7903, 6.901)
(3.0984, 2.5655, 4.8345)
(3.0109, 2.6764, 4.622)
(3.1615, 2.9095, 4.8061)
(3.1831, 2.8138, 4.9969)
(3.2633, 2.9167, 4.5872)
(3.5017, 3.1241, 4.7931)
(3.3526, 3.1769, 4.9342)
(3.5894, 2.8606, 4.8399)
(3.7424, 2.9752, 5.1956)
(3.6764, 3.2801, 5.0573)
(3.6855, 2.6391, 5.3771)
(3.7905, 2.7579, 5.7523)
(3.8811, 3.0588, 5.552)
(3.6212, 2.4587, 5.9474)
(3.6501, 2.6161, 6.3102)
(3.867, 2.8571, 6.1166)
(3.3478, 2.4147, 6.447)
(3.6249, 2.7742, 6.6401)
(0.9567, -1.4419, 4.1246)
(0.6427, -1.5482, 4.216)
(0.5724, -1.2894, 4.4922)
(0.894, -1.1656, 4.4527)
(1.2859, -1.0036, 4.4207)
(0.8456, -0.8641, 4.751)
(1.2426, -0.6938, 4.7633)
(1.6626, -0.5192, 4.7593)
(1.206, -0.3651, 5.0629)
(1.6093, -0.1973, 5.0867)
(2.0251, -0.0201, 5.0806)
(1.5676, 0.1399, 5.3753)
(1.9699, 0.3101, 5.3967)
(2.3732, 0.507, 5.3669)
(1.9264, 0.6535, 5.6767)
(2.3217, 0.8382, 5.6779)
(2.7061, 1.0592, 5.6177)
(2.2779, 1.1841, 5.9532)
(2.6643, 1.383, 5.9335)
(3.033, 1.6198, 5.8542)
(2.6261, 1.7227, 6.2142)
(3.0088, 1.9247, 6.1881)
(3.3615, 2.1675, 6.1001)
(2.9839, 2.2388, 6.4885)
(1.3273, -1.5862, 3.6726)
(0.9716, -1.7673, 3.7589)
(1.3183, -1.2916, 4.0575)
(1.7216, -1.0772, 4.017)
(1.7037, -0.8137, 4.4009)
(2.0958, -0.5836, 4.3602)
(2.0708, -0.3208, 4.7335)
(2.412, -0.0502, 4.6576)
(2.4082, 0.2084, 5.0241)
(2.6905, 0.5222, 4.9119)
(2.7239, 0.7696, 5.2723)
(2.9706, 1.1089, 5.1269)
(3.0273, 1.3472, 5.4943)
(3.2641, 1.6961, 5.3316)
(3.3323, 1.9224, 5.7209)
(3.545, 2.2783, 5.5566)
(1.1058, -2.4616, 2.449)
(0.827, -2.7532, 2.4494)
(0.9207, -2.603, 2.8063)
(1.1547, -2.3174, 2.8436)
(1.4181, -2.0066, 2.8271)
(1.0972, -2.1574, 3.2659)
(1.3686, -1.8381, 3.2531)
(1.7309, -1.5094, 3.1927)
(1.7259, -1.3088, 3.6116)
(2.0919, -1.0035, 3.5476)
(2.1024, -0.8104, 3.9632)
(2.3649, -0.4642, 3.8688)
(2.391, -0.2677, 4.269)
(2.5247, 0.1357, 4.1432)
(2.6111, 0.3196, 4.5343)
(2.654, 0.7513, 4.4045)
(2.825, 0.9173, 4.7709)
(2.9087, 1.3345, 4.6029)
(3.1311, 1.4964, 4.9524)
(3.2513, 1.9015, 4.7744)
(3.4272, 2.0826, 5.1594)
(3.5418, 2.4834, 4.9906)
(1.3562, -2.2641, 1.9603)
(1.0369, -2.5887, 2.0331)
(1.4071, -2.1457, 2.4005)
(1.7175, -1.8064, 2.3255)
(1.7327, -1.6706, 2.7626)
(2.0494, -1.3185, 2.6848)
(2.0718, -1.1703, 3.119)
(2.3245, -0.795, 3.0351)
(2.3417, -0.6402, 3.4594)
(2.4148, -0.214, 3.3475)
(2.4455, -0.0437, 3.7495)
(2.3879, 0.4001, 3.6352)
(2.5063, 0.5767, 4.0244)
(2.4473, 1.0202, 3.9067)
(2.6573, 1.1864, 4.2652)
(2.7139, 1.6038, 4.0954)
(3.0075, 1.7443, 4.4201)
(3.0746, 2.1611, 4.2626)
(3.3378, 2.3154, 4.6132)
(3.3621, 2.6986, 4.5131)
(1.5984, -2.037, 1.4408)
(1.2862, -2.3737, 1.515)
(1.6699, -1.928, 1.8844)
(1.9738, -1.5808, 1.8096)
(2.0186, -1.4535, 2.2481)
(2.2906, -1.083, 2.1715)
(2.3074, -0.9409, 2.6043)
(2.4778, -0.5239, 2.5187)
(2.4401, -0.3719, 2.9374)
(2.4295, 0.0694, 2.8275)
(2.3532, 0.2286, 3.2304)
(2.269, 0.6695, 3.1221)
(2.2985, 0.8413, 3.5245)
(2.2479, 1.2864, 3.4055)
(2.4384, 1.4535, 3.766)
(2.468, 1.8694, 3.6342)
(2.7748, 2.0164, 3.9384)
(2.7874, 2.3836, 3.8931)
(3.0726, 2.5447, 4.1941)
(3.0088, 2.7299, 4.3364)
(1.8271, -1.8004, 0.9245)
(1.5202, -2.1443, 0.9958)
(1.9082, -1.6947, 1.3683)
(2.212, -1.3432, 1.2972)
(2.266, -1.2213, 1.7366)
(2.5212, -0.8341, 1.6633)
(2.5108, -0.6812, 2.0938)
(2.6544, -0.2487, 2.0091)
(2.559, -0.0849, 2.4246)
(2.549, 0.3561, 2.3186)
(2.3826, 0.5123, 2.7193)
(2.3153, 0.9443, 2.6079)
(2.2156, 1.1152, 3.014)
(2.1166, 1.5413, 2.8944)
(2.2074, 1.7297, 3.2985)
(2.1814, 2.1226, 3.2807)
(2.4928, 2.2238, 3.6177)
(2.5156, 2.3924, 3.7994)
(2.7856, 2.541, 4.0681)
(2.8504, 2.461, 4.4014)
(2.027, -1.5436, 0.4094)
(1.7358, -1.9011, 0.4792)
(2.1278, -1.4484, 0.8539)
(2.4096, -1.0811, 0.7826)
(2.489, -0.9698, 1.2255)
(2.7051, -0.5608, 1.1498)
(2.7062, -0.4125, 1.5839)
(2.7732, 0.0302, 1.4883)
(2.6835, 0.1951, 1.9076)
(2.5835, 0.6137, 1.7845)
(2.4468, 0.7752, 2.1973)
(2.2801, 1.1567, 2.0632)
(2.1752, 1.3293, 2.4761)
(2.0066, 1.6269, 2.3103)
(1.9403, 1.8475, 2.7339)
(2.1931, -1.2634, -0.1058)
(1.9177, -1.6306, -0.035)
(2.3019, -1.1746, 0.3382)
(2.5515, -0.7909, 0.2644)
(2.6438, -0.6856, 0.7081)
(2.807, -0.2614, 0.6277)
(2.8175, -0.1252, 1.0624)
(2.7963, 0.3078, 0.9551)
(2.6982, 0.4567, 1.3705)
(2.5554, 0.8521, 1.2392)
(2.4165, 0.9983, 1.6494)
(2.2606, 1.3671, 1.5117)
(2.117, 1.4972, 1.9138)
(1.9945, 1.7991, 1.7413)
(1.8705, 1.8789, 2.1191)
(2.3684, -0.989, -0.6231)
(2.0898, -1.3512, -0.5496)
(2.4581, -0.891, -0.1794)
(2.6967, -0.5037, -0.2551)
(2.7582, -0.3869, 0.1869)
(2.8926, 0.0404, 0.1042)
(2.8713, 0.1732, 0.5351)
(2.8395, 0.6002, 0.4268)
(2.6998, 0.7218, 0.8335)
(2.5963, 1.1201, 0.7067)
(2.4235, 1.2358, 1.1063)
(2.3074, 1.6163, 0.9727)
(2.1377, 1.7164, 1.3627)
(2.0404, 2.0354, 1.1929)
(1.8961, 2.0849, 1.5546)
(2.5503, -0.7176, -1.1407)
(2.2745, -1.0808, -1.0666)
(2.6275, -0.6141, -0.6976)
(2.8476, -0.2167, -0.7729)
(2.8811, -0.0917, -0.3331)
(2.99, 0.3426, -0.4164)
(2.9391, 0.4762, 0.0111)
(2.9126, 0.9042, -0.095)
(2.7654, 1.0138, 0.309)
(2.6774, 1.4185, 0.1862)
(2.4931, 1.5131, 0.5786)
(2.3894, 1.9077, 0.449)
(2.2048, 1.9812, 0.8277)
(2.1181, 2.321, 0.6631)
(1.955, 2.3411, 1.0108)
(2.7269, -0.4416, -1.6577)
(2.4588, -0.8097, -1.5839)
(2.7957, -0.3344, -1.2148)
(2.9928, 0.0743, -1.2899)
(3.0057, 0.206, -0.8512)
(3.0893, 0.6472, -0.9361)
(3.021, 0.7829, -0.5101)
(2.9899, 1.2166, -0.6154)
(2.8457, 1.3234, -0.2102)
(2.7583, 1.7393, -0.3306)
(2.5791, 1.8243, 0.0613)
(2.4761, 2.2373, -0.0645)
(2.2924, 2.2932, 0.3089)
(2.2147, 2.6599, 0.1526)
(2.0458, 2.6557, 0.4904)
(2.8956, -0.1599, -2.1739)
(2.6359, -0.533, -2.1004)
(2.9562, -0.0494, -1.7312)
(3.131, 0.3688, -1.8067)
(3.1251, 0.5061, -1.3692)
(3.1866, 0.9521, -1.4562)
(3.1039, 1.0922, -1.0311)
(3.0642, 1.5326, -1.1367)
(2.9206, 1.6452, -0.7291)
(2.8296, 2.0734, -0.8477)
(2.6583, 2.1607, -0.4525)
(2.5556, 2.5905, -0.5745)
(2.3831, 2.6443, -0.1988)
(2.3163, 3.0312, -0.3473)
(2.1585, 3.0223, -0.0088)
(3.0575, 0.1266, -2.6894)
(2.8055, -0.2505, -2.616)
(3.1094, 0.2402, -2.2471)
(3.2634, 0.6658, -2.3233)
(3.2399, 0.8071, -1.8875)
(3.2811, 1.2557, -1.9771)
(3.1854, 1.4004, -1.5532)
(3.135, 1.8448, -1.66)
(2.9886, 1.9697, -1.2499)
(2.8928, 2.4054, -1.3678)
(2.7272, 2.5069, -0.9674)
(2.6256, 2.9457, -1.0869)
(2.468, 3.0115, -0.7042)
(2.4108, 3.4055, -0.8487)
(2.2748, 3.4077, -0.5013)
(3.2139, 0.4168, -3.2042)
(2.9691, 0.0365, -3.1307)
(3.2566, 0.5333, -2.7626)
(3.3909, 0.9646, -2.8399)
(3.3504, 1.1087, -2.4062)
(3.372, 1.5584, -2.4989)
(3.2642, 1.7049, -2.0768)
(3.2024, 2.1489, -2.1861)
(3.0522, 2.2846, -1.7743)
(2.9509, 2.7209, -1.8931)
(2.788, 2.8432, -1.4869)
(2.6859, 3.2804, -1.607)
(2.542, 3.3687, -1.2154)
(2.4877, 3.7555, -1.3616)
(2.3779, 3.7804, -1.0019)
(3.3656, 0.71, -3.7183)
(3.1277, 0.3271, -3.6447)
(3.399, 0.829, -3.2776)
(3.5141, 1.2649, -3.3565)
(3.4567, 1.4108, -2.9254)
(3.4585, 1.8605, -3.0217)
(3.3388, 2.0064, -2.6021)
(3.2642, 2.4478, -2.7147)
(3.1109, 2.5869, -2.3027)
(3.0024, 3.02, -2.4237)
(2.8421, 3.1556, -2.0138)
(2.735, 3.5853, -2.1366)
(2.6, 3.6937, -1.7384)
(2.5363, 4.0656, -1.8906)
(2.4463, 4.1133, -1.5217)
(3.5134, 1.0056, -4.2318)
(3.2821, 0.6206, -4.1578)
(3.5371, 1.1268, -3.7922)
(3.633, 1.5662, -3.8734)
(3.5586, 1.7131, -3.4452)
(3.5398, 2.1615, -3.5458)
(3.4079, 2.306, -3.1289)
(3.3187, 2.7437, -3.2455)
(3.162, 2.8825, -2.8342)
(3.0442, 3.3122, -2.9579)
(2.8865, 3.4505, -2.5467)
(2.7718, 3.8767, -2.6719)
(2.641, 3.9912, -2.2716)
(2.57, 4.3578, -2.4269)
(2.4823, 4.4112, -2.0565)
(3.651, 1.2873, -4.7184)
(3.4323, 0.9145, -4.667)
(3.6706, 1.4242, -4.3032)
(3.7413, 1.8513, -4.3621)
(3.6547, 2.013, -3.9624)
(3.6108, 2.4444, -4.0424)
(3.4701, 2.6014, -3.6541)
(3.3633, 3.0204, -3.749)
(3.2041, 3.1723, -3.3647)
(3.0758, 3.5845, -3.4648)
(2.9203, 3.7376, -3.0793)
(2.7995, 4.1479, -3.1799)
(2.6729, 4.2784, -2.8049)
(2.6019, 4.6328, -2.9366)
(2.5165, 4.7042, -2.5939)
(3.7575, 1.5079, -5.0986)
(3.5592, 1.1665, -5.1018)
(3.7807, 1.6755, -4.734)
(3.8213, 2.0694, -4.7367)
(3.7309, 2.264, -4.3975)
(3.6606, 2.6594, -4.4235)
(3.5166, 2.8472, -4.0966)
(3.3928, 3.2301, -4.1354)
(3.2338, 3.4129, -3.8117)
(3.0961, 3.791, -3.8537)
(2.9434, 3.9761, -3.528)
(2.8174, 4.3537, -3.5693)
(2.6966, 4.5164, -3.2532)
(2.6267, 4.8197, -3.3171)
(2.5514, 4.928, -3.0353)
(0.3603, -1.3714, 4.5076)
(0.2781, -1.1114, 4.6863)
(0.5052, -1.0143, 4.7166)
(0.4765, -0.7085, 4.931)
(0.8348, -0.5377, 5.0077)
(0.8452, -0.2091, 5.2422)
(1.1965, -0.0338, 5.3193)
(1.2068, 0.291, 5.56)
(1.5573, 0.4726, 5.6305)
(1.5671, 0.801, 5.8667)
(1.9144, 0.9919, 5.9238)
(1.9208, 1.3297, 6.148)
(2.2645, 1.5276, 6.1929)
(2.2704, 1.873, 6.4057)
(2.6184, 2.0631, 6.4552)
(2.6298, 2.4131, 6.6621)
(2.5892, 2.7751, 6.7872)
(2.5507, 3.1092, 6.8523)
(2.7525, 3.1295, 6.9911)
(2.82, 2.8419, 6.8877)
(2.9619, 2.68, 4.6798)
(3.096, 2.536, 4.8528)
(3.1898, 2.7584, 5.05)
(3.0655, 2.9248, 4.9085)
(2.8582, 3.133, 4.7585)
(3.1823, 3.2029, 5.1047)
(2.9553, 3.4076, 5.0213)
(2.6263, 3.461, 5.0753)
(3.0207, 3.6289, 5.3111)
(2.6869, 3.6373, 5.4368)
(2.3528, 3.5242, 5.5993)
(2.7277, 3.7843, 5.7946)
(2.4351, 3.6448, 5.9779)
(2.1945, 3.3995, 6.1533)
(2.5096, 3.728, 6.3464)
(2.3514, 3.4519, 6.5115)
(2.292, 3.088, 6.6076)
(2.5466, 3.4586, 6.8169)
(-0.5471, -0.7818, 4.533)
(-0.5787, -0.4279, 4.501)
(-0.2223, -0.4249, 4.7094)
(-0.2073, -0.7834, 4.6868)
(-0.215, 0.013, 4.728)
(0.1603, 0.0455, 4.9567)
(0.1471, -0.3914, 4.8879)
(0.1592, 0.5053, 5.0223)
(0.5189, 0.5369, 5.2719)
(0.5228, 0.0999, 5.1784)
(0.5407, 0.9883, 5.3027)
(0.9035, 1.0381, 5.5345)
(0.8882, 0.5983, 5.4829)
(0.952, 1.4894, 5.4984)
(1.3012, 1.5512, 5.7443)
(1.2758, 1.1071, 5.7356)
(1.3255, 2.0102, 5.7194)
(1.6365, 2.0766, 6.024)
(1.6342, 1.6293, 5.9968)
(1.6711, 2.5319, 5.9964)
(1.9651, 2.6015, 6.3235)
(1.9534, 2.1593, 6.299)
(2.0327, 3.0375, 6.2767)
(2.2806, 2.6801, 6.6012)
(-0.9371, -0.4875, 4.2086)
(-0.8893, -0.0706, 4.1465)
(-0.5664, -0.0177, 4.4715)
(-0.5046, 0.4484, 4.4648)
(-0.1891, 0.4817, 4.7582)
(-0.0978, 0.9264, 4.7414)
(0.2086, 0.9568, 5.0315)
(0.3777, 1.3576, 4.9117)
(0.651, 1.4186, 5.2163)
(0.8052, 1.8315, 5.073)
(1.0343, 1.9359, 5.4067)
(1.191, 2.3371, 5.2925)
(1.4083, 2.452, 5.6473)
(1.6049, 2.8295, 5.5213)
(1.7994, 2.9521, 5.9022)
(2.0397, 3.2933, 5.761)
(-1.8341, -0.831, 2.9105)
(-1.7073, -0.4587, 2.9554)
(-1.5133, -0.4315, 3.3246)
(-1.6337, -0.7679, 3.2347)
(-1.3914, -0.0438, 3.368)
(-1.1717, -0.0788, 3.7641)
(-1.3068, -0.4798, 3.7229)
(-1.0147, 0.3949, 3.7377)
(-0.7706, 0.4147, 4.1138)
(-0.6064, 0.8764, 4.0618)
(-0.3699, 0.8979, 4.422)
(-0.1153, 1.2589, 4.2881)
(0.1272, 1.2901, 4.6033)
(0.4072, 1.6153, 4.4127)
(0.602, 1.7254, 4.7325)
(0.894, 2.0149, 4.5676)
(1.0359, 2.1819, 4.927)
(1.3844, 2.4174, 4.7765)
(1.4784, 2.6403, 5.1496)
(1.812, 2.896, 4.9822)
(1.9002, 3.1284, 5.3637)
(2.2528, 3.3495, 5.2066)
(-1.9248, -0.4822, 2.5798)
(-1.8059, -0.0437, 2.566)
(-1.5963, -0.0379, 2.9712)
(-1.4447, 0.3952, 2.9439)
(-1.2342, 0.3925, 3.3457)
(-1.0275, 0.8235, 3.2816)
(-0.8203, 0.8467, 3.676)
(-0.576, 1.2444, 3.5841)
(-0.3641, 1.2678, 3.9577)
(-0.0414, 1.5734, 3.8068)
(0.1999, 1.566, 4.1149)
(0.5661, 1.7752, 3.9272)
(0.7466, 1.8501, 4.235)
(1.1672, 1.9668, 4.0739)
(1.2864, 2.1753, 4.4201)
(1.6619, 2.3422, 4.256)
(1.7381, 2.6284, 4.612)
(2.075, 2.8408, 4.4437)
(2.155, 3.1184, 4.8172)
(2.5318, 3.2217, 4.7195)
(-2.0291, -0.0531, 2.1634)
(-1.8667, 0.3726, 2.1278)
(-1.6583, 0.3888, 2.5379)
(-1.4472, 0.7916, 2.4791)
(-1.2353, 0.8068, 2.8825)
(-0.9757, 1.182, 2.7936)
(-0.7742, 1.2112, 3.1909)
(-0.4641, 1.539, 3.0738)
(-0.2603, 1.5579, 3.4545)
(0.1266, 1.7468, 3.2848)
(0.3477, 1.753, 3.6194)
(0.77, 1.8548, 3.4053)
(0.9855, 1.8915, 3.7282)
(1.4109, 1.9601, 3.5445)
(1.5706, 2.0877, 3.9071)
(1.9195, 2.2565, 3.7357)
(1.9969, 2.5496, 4.0799)
(2.338, 2.6653, 4.0099)
(2.4395, 2.9401, 4.3607)
(2.7544, 2.8578, 4.4579)
(-2.0618, 0.3461, 1.7113)
(-1.8335, 0.7403, 1.6482)
(-1.6509, 0.7725, 2.0684)
(-1.386, 1.1422, 1.988)
(-1.182, 1.1597, 2.3933)
(-0.8735, 1.4901, 2.2853)
(-0.6649, 1.51, 2.68)
(-0.3143, 1.7889, 2.5479)
(-0.0981, 1.7815, 2.9272)
(0.3019, 1.9414, 2.7531)
(0.5445, 1.8558, 3.0874)
(0.9552, 1.8988, 2.8738)
(1.1944, 1.8885, 3.1959)
(1.6098, 1.8793, 2.9883)
(1.8209, 2.0149, 3.3727)
(2.1662, 2.1321, 3.2915)
(2.2312, 2.3983, 3.6768)
(2.4995, 2.3938, 3.8114)
(2.6262, 2.6154, 4.1416)
(2.8348, 2.4551, 4.4142)
(-1.9872, 0.6888, 1.2181)
(-1.7133, 1.0526, 1.1431)
(-1.5664, 1.1099, 1.5717)
(-1.2737, 1.4603, 1.4865)
(-1.089, 1.4859, 1.8928)
(-0.7621, 1.7979, 1.7825)
(-0.5322, 1.7829, 2.1603)
(-0.1842, 2.059, 2.031)
(0.0573, 2.0167, 2.3984)
(0.4341, 2.1732, 2.2213)
(0.7007, 2.0337, 2.554)
(1.072, 2.0601, 2.3276)
(1.3341, 1.8999, 2.6452)
(1.6282, 1.8993, 2.3936)
(1.9243, 1.8611, 2.7421)
(-1.8388, 0.981, 0.7086)
(-1.5705, 1.3441, 0.6382)
(-1.418, 1.399, 1.0621)
(-1.1403, 1.7557, 0.9872)
(-0.9644, 1.7938, 1.3945)
(-0.6729, 2.1378, 1.3063)
(-0.4362, 2.1077, 1.673)
(-0.1119, 2.3821, 1.5403)
(0.1633, 2.2852, 1.8796)
(0.513, 2.4041, 1.6814)
(0.7956, 2.243, 2.0085)
(1.1306, 2.2537, 1.7704)
(1.3905, 2.0597, 2.0807)
(1.6486, 2.0686, 1.8212)
(1.8534, 1.8914, 2.124)
(-1.7537, 1.3118, 0.222)
(-1.5723, 1.729, 0.1842)
(-1.3432, 1.734, 0.5826)
(-1.1514, 2.1459, 0.5388)
(-0.9042, 2.1396, 0.923)
(-0.648, 2.4903, 0.8285)
(-0.3809, 2.4517, 1.1917)
(-0.0472, 2.6508, 1.0127)
(0.2328, 2.5437, 1.3505)
(0.5734, 2.6052, 1.1246)
(0.8511, 2.4402, 1.4514)
(1.1763, 2.4436, 1.2076)
(1.4296, 2.2563, 1.5199)
(1.6899, 2.2829, 1.2621)
(1.8792, 2.0956, 1.5563)
(-1.8234, 1.7305, -0.2014)
(-1.676, 2.1638, -0.2214)
(-1.4089, 2.1535, 0.1563)
(-1.2011, 2.5445, 0.094)
(-0.9239, 2.52, 0.4623)
(-0.6175, 2.7891, 0.3142)
(-0.3286, 2.7285, 0.6654)
(0.0204, 2.84, 0.4472)
(0.2983, 2.7368, 0.7888)
(0.639, 2.7596, 0.5475)
(0.9065, 2.6159, 0.8828)
(1.2411, 2.6286, 0.6387)
(1.4815, 2.4588, 0.9577)
(1.7604, 2.5286, 0.7128)
(1.9375, 2.3515, 1.0091)
(-1.9251, 2.1653, -0.6094)
(-1.7401, 2.5791, -0.6556)
(-1.4779, 2.5649, -0.2759)
(-1.2013, 2.8872, -0.3931)
(-0.9102, 2.8425, -0.0382)
(-0.5572, 3.0091, -0.2392)
(-0.2633, 2.928, 0.1035)
(0.1, 2.9768, -0.138)
(0.3722, 2.8725, 0.2046)
(0.7267, 2.9093, -0.0347)
(0.9844, 2.783, 0.3069)
(1.3388, 2.8582, 0.0842)
(1.5668, 2.6938, 0.4046)
(1.8633, 2.8394, 0.1908)
(2.0281, 2.6665, 0.4865)
(-1.9683, 2.576, -1.0533)
(-1.7486, 2.9607, -1.1237)
(-1.4862, 2.9299, -0.7507)
(-1.156, 3.1641, -0.9182)
(-0.8561, 3.0836, -0.5815)
(-0.4796, 3.183, -0.8124)
(-0.1834, 3.0799, -0.4774)
(0.1906, 3.154, -0.7102)
(0.4655, 3.0272, -0.3765)
(0.8313, 3.1514, -0.5807)
(1.0895, 3.0076, -0.2491)
(1.4487, 3.1923, -0.4168)
(1.6761, 3.0171, -0.1068)
(1.9766, 3.224, -0.2918)
(2.1409, 3.033, -0.0117)
(-1.9606, 2.9609, -1.5211)
(-1.7129, 3.3111, -1.6146)
(-1.4457, 3.25, -1.2559)
(-1.086, 3.4337, -1.4501)
(-0.782, 3.2971, -1.139)
(-0.403, 3.4287, -1.3553)
(-0.1006, 3.2869, -1.0373)
(0.2682, 3.4661, -1.217)
(0.5586, 3.3077, -0.9013)
(0.9113, 3.5487, -1.0329)
(1.1887, 3.368, -0.728)
(1.5414, 3.6247, -0.8529)
(1.784, 3.4251, -0.5681)
(2.0847, 3.6293, -0.7634)
(2.2572, 3.4185, -0.5031)
(-1.9173, 3.3266, -2.0043)
(-1.6598, 3.6622, -2.107)
(-1.3842, 3.5714, -1.7624)
(-1.0233, 3.774, -1.9432)
(-0.7118, 3.5924, -1.6562)
(-0.3466, 3.8032, -1.8219)
(-0.0361, 3.6294, -1.5243)
(0.3113, 3.8979, -1.6371)
(0.6179, 3.7236, -1.3371)
(0.9583, 4.011, -1.4314)
(1.2588, 3.8218, -1.1408)
(1.6142, 4.0543, -1.291)
(1.8787, 3.843, -1.0236)
(2.173, 4.0041, -1.2546)
(2.3603, 3.791, -1.003)
(-1.8613, 3.6834, -2.4947)
(-1.5998, 4.0222, -2.5921)
(-1.3277, 3.9306, -2.2454)
(-0.9763, 4.172, -2.3937)
(-0.6608, 3.987, -2.1096)
(-0.314, 4.2525, -2.2262)
(0.0001, 4.0735, -1.934)
(0.3343, 4.3721, -2.0176)
(0.6477, 4.1929, -1.7242)
(0.993, 4.4598, -1.8401)
(1.309, 4.2623, -1.5621)
(1.6653, 4.4397, -1.7613)
(1.9469, 4.2193, -1.507)
(2.2244, 4.3336, -1.7699)
(2.4281, 4.1224, -1.5216)
(-1.7928, 4.0326, -2.988)
(-1.5267, 4.3842, -3.0723)
(-1.2761, 4.3178, -2.7054)
(-0.9397, 4.5992, -2.8167)
(-0.6302, 4.4339, -2.5148)
(-0.2954, 4.7254, -2.606)
(0.0197, 4.5499, -2.3112)
(0.3579, 4.8334, -2.4116)
(0.6752, 4.6498, -2.1233)
(1.0317, 4.8663, -2.2881)
(1.3516, 4.6583, -2.0205)
(1.7075, 4.7846, -2.2617)
(1.9907, 4.5548, -2.0156)
(2.2602, 4.639, -2.2979)
(2.4637, 4.4187, -2.0553)
(-1.7006, 4.3664, -3.4824)
(-1.4373, 4.7132, -3.5339)
(-1.216, 4.7023, -3.1605)
(-0.8995, 4.9933, -3.2252)
(-0.6047, 4.8835, -2.9119)
(-0.2749, 5.1553, -2.9839)
(0.0406, 5.0081, -2.702)
(0.3885, 5.2323, -2.8204)
(0.711, 5.0612, -2.5608)
(1.0726, 5.2101, -2.7456)
(1.3943, 5.0105, -2.5092)
(1.7468, 5.0898, -2.7485)
(2.029, 4.8672, -2.534)
(2.2967, 4.9272, -2.8001)
(2.4987, 4.7129, -2.5914)
(-1.6037, 4.6389, -3.9081)
(-1.3592, 4.965, -3.894)
(-1.1585, 5.0201, -3.547)
(-0.8773, 5.303, -3.5283)
(-0.587, 5.2563, -3.2496)
(-0.2641, 5.4802, -3.2756)
(0.0633, 5.3691, -3.054)
(0.4163, 5.5139, -3.1538)
(0.7463, 5.3729, -2.9572)
(1.1059, 5.4548, -3.1092)
(1.4314, 5.2866, -2.9336)
(1.779, 5.318, -3.124)
(2.0628, 5.1254, -2.9701)
(2.3139, 5.1457, -3.1635)
(2.5194, 4.9633, -3.0192)
(-0.1987, -1.0205, 4.6612)
(0.1266, -0.7632, 4.8021)
(0.1143, -1.0104, 4.7359)
(0.4994, -0.3062, 5.0658)
(0.4616, -0.6948, 4.9352)
(0.8662, 0.192, 5.3781)
(0.8319, -0.1943, 5.2498)
(1.2359, 0.6944, 5.6782)
(1.1954, 0.3052, 5.5732)
(1.607, 1.2106, 5.9483)
(1.5572, 0.8119, 5.8836)
(1.9429, 1.7429, 6.2318)
(1.9109, 1.3395, 6.1651)
(2.2753, 2.2784, 6.515)
(2.2588, 1.8838, 6.4203)
(2.615, 2.4241, 6.6708)
(-1.58, -1.8192, -2.0726)
(-0.9018, 0.6476, -5.5805)
(-2.0368, -3.6268, 2.5553)
(-1.2792, -0.8029, -3.6043)
(-2.4264, -4.0102, 2.1237)
(-2.8306, -4.3954, 1.7086)
(-1.7606, -2.2122, -1.6531)
(-3.2342, -4.7798, 1.2921)
(-3.6376, -5.143, 0.857)
(-4.0433, -5.4724, 0.3987)
(-4.4427, -5.7896, -0.0734)
(-1.0248, 0.2507, -5.1332)
(-4.8331, -6.1291, -0.5399)
(-1.3414, -1.1215, -3.0587)
(-1.4341, -1.455, -2.5394)
(-2.8251, -3.626, -1.4632)
(-1.9778, -2.6334, -1.2783)
(-2.3895, -3.167, -1.1668)
(-3.1224, -4.2521, -1.4712)
(-3.3719, -4.8978, -1.4249)
(-0.7814, 1.037, -6.041)
(-1.1381, -0.135, -4.6687)
(-1.2185, -0.4783, -4.1485)
(-4.5614, -6.4485, -0.8298)
(-4.6161, -6.2244, -0.5707)
(-4.8511, -6.2758, -0.6471)
(-4.7875, -6.5185, -0.8462)
(-3.4772, -5.0271, -1.4878)
(-3.4627, -4.8006, -1.6043)
(-3.6773, -4.9908, -1.7734)
(-3.7155, -5.1528, -1.6383)
(-3.5118, -4.9138, -1.9314)
(-3.6869, -5.1862, -2.1242)
(-3.8664, -5.166, -2.0141)
(-3.4954, -5.3274, -1.9725)
(-3.7289, -5.6565, -1.9858)
(-3.8864, -5.4614, -2.2183)
(-3.6216, -5.7993, -1.643)
(-3.8878, -6.1068, -1.6227)
(-3.9465, -5.9814, -1.9689)
(-3.857, -6.1728, -1.2341)
(-4.1724, -6.4111, -1.2009)
(-4.1449, -6.3903, -1.5771)
(-4.2267, -6.3259, -0.8261)
(-4.4893, -6.589, -1.1506)
(-1.0411, -3.7486, 2.2057)
(-1.1405, -3.6076, 2.503)
(-1.5144, -3.6986, 2.4879)
(-1.455, -3.8773, 2.1967)
(-1.4001, -4.1039, 1.8411)
(-1.8637, -3.9911, 2.1489)
(-1.8387, -4.2503, 1.804)
(-1.7982, -4.5139, 1.4355)
(-2.2627, -4.3685, 1.7313)
(-2.2403, -4.6406, 1.3895)
(-2.2021, -4.8995, 1.0208)
(-2.666, -4.7462, 1.3092)
(-2.6442, -5.0155, 0.9654)
(-2.611, -5.2456, 0.5804)
(-3.0698, -5.1127, 0.8782)
(-3.0493, -5.3607, 0.5198)
(-3.0225, -5.5525, 0.1165)
(-3.4741, -5.454, 0.4292)
(-3.4546, -5.6789, 0.0573)
(-3.4337, -5.844, -0.3558)
(-3.876, -5.781, -0.0301)
(-3.8564, -5.9985, -0.4046)
(-3.8409, -6.1449, -0.8162)
(-4.2663, -6.1278, -0.4739)
(-0.5293, -3.7299, 1.8893)
(-0.5885, -3.5696, 2.2601)
(-0.9689, -3.9319, 1.8607)
(-0.9417, -4.1511, 1.4589)
(-1.362, -4.3522, 1.4564)
(-1.3502, -4.5605, 1.051)
(-1.7664, -4.7501, 1.0484)
(-1.7826, -4.89, 0.6302)
(-2.1834, -5.0907, 0.6147)
(-2.2314, -5.1568, 0.1858)
(-2.6065, -5.382, 0.1537)
(-2.6661, -5.3966, -0.2861)
(-3.03, -5.6444, -0.3226)
(-3.0899, -5.6388, -0.7706)
(-3.4541, -5.9111, -0.7963)
(-3.527, -5.8861, -1.2357)
(0.7281, -2.8979, 2.086)
(0.5465, -3.0359, 2.4464)
(0.4122, -3.1756, 2.1299)
(0.3028, -3.2945, 1.7555)
(0.0276, -3.3939, 2.2379)
(-0.087, -3.5192, 1.8547)
(-0.1452, -3.6748, 1.3906)
(-0.5366, -3.9201, 1.4386)
(-0.5746, -4.0801, 0.9871)
(-0.9526, -4.3355, 1.0296)
(-1.0441, -4.39, 0.6019)
(-1.4081, -4.6478, 0.6236)
(-1.5707, -4.5798, 0.2184)
(-1.8963, -4.8783, 0.208)
(-2.109, -4.7422, -0.1682)
(-2.3765, -5.0847, -0.2239)
(-2.5405, -4.955, -0.6307)
(-2.7758, -5.3222, -0.7205)
(-2.9108, -5.2139, -1.1451)
(-3.1988, -5.568, -1.2051)
(-3.3375, -5.463, -1.62)
(0.9727, -2.7067, 1.5919)
(0.6488, -3.0212, 1.6719)
(0.5719, -3.1288, 1.2248)
(0.2235, -3.4126, 1.3128)
(0.141, -3.52, 0.8521)
(-0.2118, -3.8043, 0.9264)
(-0.3327, -3.857, 0.4857)
(-0.687, -4.1277, 0.5572)
(-0.9006, -4.018, 0.1844)
(-1.2465, -4.281, 0.2256)
(-1.5148, -4.0829, -0.094)
(-1.8192, -4.4067, -0.1241)
(-2.0844, -4.2082, -0.447)
(-2.3328, -4.5727, -0.5285)
(-2.5061, -4.4233, -0.9209)
(-2.6842, -4.8277, -1.0482)
(-2.8595, -4.6941, -1.4414)
(-3.0741, -5.0919, -1.5492)
(-3.2753, -4.973, -1.8703)
(1.2116, -2.4834, 1.0692)
(0.9, -2.8166, 1.1448)
(0.8151, -2.9181, 0.6964)
(0.4832, -3.2254, 0.773)
(0.3702, -3.2986, 0.3269)
(0.0196, -3.579, 0.4076)
(-0.1598, -3.5657, -0.014)
(-0.532, -3.7935, 0.0893)
(-0.7832, -3.633, -0.2542)
(-1.1683, -3.8159, -0.1333)
(-1.4442, -3.6106, -0.442)
(-1.7914, -3.8725, -0.4011)
(-2.0545, -3.6789, -0.7306)
(-2.3115, -4.03, -0.7998)
(-2.5166, -3.8878, -1.1593)
(-2.6815, -4.2864, -1.3074)
(-2.9093, -4.1992, -1.5866)
(-3.0904, -4.5778, -1.7335)
(-3.3309, -4.5958, -1.7626)
(1.4368, -2.2509, 0.5494)
(1.1311, -2.5916, 0.6217)
(1.0409, -2.6948, 0.1721)
(0.7159, -3.0102, 0.2474)
(0.5832, -3.0712, -0.1989)
(0.2162, -3.329, -0.1107)
(0.0154, -3.2952, -0.527)
(-0.3835, -3.4806, -0.4025)
(-0.6367, -3.3226, -0.7442)
(-1.0492, -3.4491, -0.5793)
(-1.3146, -3.2478, -0.8835)
(-1.7146, -3.4213, -0.7652)
(-1.9831, -3.194, -1.0505)
(-2.3203, -3.4994, -1.0571)
(-2.5979, -3.399, -1.3185)
(-2.7481, -3.8312, -1.4238)
(-2.9666, -3.9409, -1.474)
(-3.1253, -4.2888, -1.6181)
(-3.2423, -4.5756, -1.4573)
(1.6358, -1.995, 0.0335)
(1.3448, -2.3522, 0.1016)
(1.2353, -2.4369, -0.3459)
(0.9256, -2.7747, -0.2769)
(0.764, -2.8024, -0.7161)
(0.4029, -3.0721, -0.63)
(0.1716, -2.9744, -1.0128)
(-0.2276, -3.1668, -0.8911)
(-0.4901, -2.9362, -1.1708)
(-0.9012, -3.0917, -1.0224)
(-1.1568, -2.8125, -1.2419)
(-1.5633, -2.9889, -1.1204)
(-1.7415, -2.7018, -1.2945)
(-2.1732, -2.9043, -1.2244)
(1.8054, -1.711, -0.4784)
(1.5223, -2.0746, -0.4109)
(1.3901, -2.1316, -0.8517)
(1.0893, -2.4804, -0.7859)
(0.8991, -2.4644, -1.2062)
(0.5503, -2.7436, -1.1172)
(0.2985, -2.5768, -1.4462)
(-0.0901, -2.7635, -1.3102)
(-0.3481, -2.5005, -1.5517)
(-0.7475, -2.6554, -1.3924)
(-0.9878, -2.3831, -1.6105)
(-1.3729, -2.5325, -1.4415)
(-1.5324, -2.2723, -1.6484)
(-1.86, -2.4284, -1.4674)
(1.984, -1.4331, -0.9927)
(1.6872, -1.7812, -0.9204)
(1.5494, -1.8286, -1.358)
(1.2293, -2.1521, -1.2825)
(1.0273, -2.1136, -1.6889)
(0.6707, -2.3681, -1.5805)
(0.4195, -2.1937, -1.899)
(0.0394, -2.3498, -1.7234)
(-0.2081, -2.1165, -1.9876)
(-0.5926, -2.2456, -1.7919)
(-0.8283, -2.0019, -2.0395)
(-1.1949, -2.1298, -1.8394)
(-1.3584, -1.8859, -2.0716)
(-1.6628, -2.0221, -1.8644)
(2.1675, -1.16, -1.509)
(1.8624, -1.4981, -1.4334)
(1.7101, -1.5307, -1.8667)
(1.3747, -1.8315, -1.7813)
(1.1579, -1.7728, -2.1775)
(0.7912, -2.0037, -2.0534)
(0.54, -1.834, -2.3747)
(0.1671, -1.9847, -2.1873)
(-0.0813, -1.764, -2.4633)
(-0.4509, -1.8835, -2.249)
(-0.6943, -1.649, -2.512)
(-1.0409, -1.763, -2.2894)
(-1.2182, -1.5268, -2.5401)
(-1.5005, -1.6449, -2.3072)
(2.3452, -0.8828, -2.0249)
(2.0344, -1.2142, -1.947)
(1.865, -1.2284, -2.3743)
(1.5176, -1.5125, -2.2818)
(1.287, -1.4333, -2.6682)
(0.9129, -1.6504, -2.5359)
(0.6553, -1.4767, -2.8578)
(0.2848, -1.6308, -2.6697)
(0.0272, -1.4103, -2.9528)
(-0.3333, -1.5346, -2.735)
(-0.5917, -1.3002, -3.0095)
(-0.9224, -1.4141, -2.7774)
(-1.1203, -1.1858, -3.0487)
(-1.3817, -1.2968, -2.7998)
(2.5152, -0.5994, -2.5398)
(2.1991, -0.9241, -2.4594)
(2.0144, -0.9204, -2.88)
(1.6565, -1.1893, -2.7807)
(1.415, -1.0918, -3.158)
(1.0328, -1.2971, -3.0206)
(0.7672, -1.1159, -3.3419)
(0.3916, -1.2711, -3.1572)
(0.1227, -1.0471, -3.4457)
(-0.2383, -1.179, -3.2329)
(-0.5109, -0.9448, -3.5175)
(-0.8371, -1.0687, -3.2898)
(-1.0499, -0.8503, -3.5783)
(-1.304, -0.9704, -3.3324)
(2.6787, -0.3107, -3.0535)
(2.3572, -0.6282, -2.9702)
(2.1596, -0.6077, -3.3838)
(1.793, -0.8622, -3.2776)
(1.5433, -0.748, -3.6457)
(1.1535, -0.9424, -3.504)
(0.8817, -0.752, -3.8224)
(0.4948, -0.9047, -3.6433)
(0.2183, -0.6767, -3.9339)
(-0.1538, -0.8137, -3.7319)
(-0.4337, -0.5807, -4.0226)
(-0.7669, -0.7182, -3.8088)
(-0.9832, -0.5085, -4.1066)
(-1.2422, -0.6484, -3.8775)
(2.837, -0.0178, -3.5661)
(2.5102, -0.3278, -3.4796)
(2.3014, -0.2912, -3.886)
(1.9275, -0.5316, -3.7724)
(1.6713, -0.401, -4.1309)
(1.2767, -0.5852, -3.984)
(1.0023, -0.3852, -4.2965)
(0.6051, -0.5346, -4.1218)
(0.3267, -0.3021, -4.4102)
(-0.0624, -0.4416, -4.2216)
(-0.3412, -0.2086, -4.5115)
(-0.6903, -0.358, -4.3175)
(-0.8994, -0.151, -4.6132)
(-1.1714, -0.3142, -4.41)
(2.991, 0.2785, -4.0778)
(2.6592, -0.0236, -3.9878)
(2.4405, 0.0287, -4.3865)
(2.0603, -0.1975, -4.2652)
(1.7986, -0.0503, -4.6134)
(1.4013, -0.2245, -4.4602)
(1.1257, -0.0138, -4.7648)
(0.725, -0.1606, -4.5906)
(0.4472, 0.0776, -4.8738)
(0.0475, -0.0641, -4.6943)
(-0.2263, 0.1726, -4.9777)
(-0.5901, 0.0157, -4.8001)
(-0.7887, 0.2304, -5.0831)
(-1.0747, 0.0506, -4.9032)
(3.1414, 0.5775, -4.5886)
(2.8047, 0.2837, -4.4948)
(2.5774, 0.3519, -4.8853)
(2.1917, 0.1401, -4.7558)
(1.9255, 0.3047, -5.0928)
(1.5261, 0.1407, -4.9326)
(1.2499, 0.3637, -5.2278)
(0.8484, 0.2196, -5.0518)
(0.5711, 0.4653, -5.3285)
(0.1696, 0.3212, -5.1522)
(-0.1032, 0.5639, -5.43)
(-0.4708, 0.4033, -5.2584)
(-0.6667, 0.6239, -5.5351)
(-0.9567, 0.4423, -5.36)
(3.2817, 0.863, -5.0721)
(2.9466, 0.5918, -4.997)
(2.7052, 0.6606, -5.3546)
(2.321, 0.4796, -5.2402)
(2.0451, 0.6449, -5.5418)
(1.6503, 0.5089, -5.3973)
(1.3678, 0.726, -5.6601)
(0.972, 0.6043, -5.5033)
(0.6891, 0.838, -5.7519)
(0.2931, 0.7123, -5.5984)
(0.0148, 0.9391, -5.8515)
(-0.3478, 0.7955, -5.7045)
(-0.5488, 0.9974, -5.9629)
(-0.8343, 0.8361, -5.8136)
(3.3907, 1.0868, -5.4498)
(3.0648, 0.8533, -5.4195)
(2.8022, 0.8992, -5.7123)
(2.4289, 0.7683, -5.6441)
(2.1365, 0.9088, -5.8823)
(1.7549, 0.8226, -5.7833)
(1.4584, 1.0069, -5.9873)
(1.0764, 0.9319, -5.878)
(0.7798, 1.1261, -6.0729)
(0.3975, 1.0447, -5.9689)
(0.1053, 1.2286, -6.1714)
(-0.243, 1.1264, -6.0755)
(-0.4472, 1.2716, -6.2708)
(-0.7191, 1.1511, -6.1791)
(-1.547, -3.5737, 2.6754)
(-1.8687, -3.5898, 2.6244)
(-1.868, -3.7537, 2.4373)
(-2.2226, -3.8236, 2.3387)
(-2.2508, -4.0989, 2.044)
(-2.6184, -4.2062, 1.9155)
(-2.6527, -4.4761, 1.6221)
(-3.0213, -4.5883, 1.4988)
(-3.0564, -4.8521, 1.199)
(-3.4252, -4.9601, 1.0716)
(-3.4605, -5.2107, 0.7616)
(-3.8301, -5.3062, 0.6245)
(-3.8644, -5.545, 0.3066)
(-4.2326, -5.6311, 0.1597)
(-4.2627, -5.8775, -0.1532)
(-4.6286, -5.9626, -0.3091)
(-4.9747, -5.9534, -0.4779)
(-5.2646, -5.9099, -0.6549)
(-5.2829, -6.1441, -0.7281)
(-4.9923, -6.1735, -0.6165)
(-3.5183, -4.8046, -1.5536)
(-3.4679, -5.0435, -1.458)
(-3.7047, -5.2043, -1.5808)
(-3.7866, -4.9894, -1.683)
(-3.926, -4.7017, -1.765)
(-4.0564, -5.1541, -1.8544)
(-4.2403, -4.8982, -1.8934)
(-4.4365, -4.6914, -1.7101)
(-4.5444, -5.1005, -1.9562)
(-4.7521, -4.9477, -1.709)
(-4.8958, -4.8417, -1.3638)
(-5.0519, -5.1932, -1.6777)
(-5.1733, -5.1357, -1.3302)
(-5.1953, -5.1286, -0.9451)
(-5.4211, -5.4244, -1.2709)
(-5.3835, -5.4743, -0.9181)
(-5.205, -5.5635, -0.5936)
(-5.4931, -5.8197, -0.9057)
(-2.3315, -2.8395, 2.8208)
(-2.5737, -2.7301, 2.5829)
(-2.5611, -3.1246, 2.4604)
(-2.2894, -3.1856, 2.6874)
(-2.88, -3.0628, 2.1661)
(-2.8943, -3.4796, 2.0225)
(-2.5486, -3.5027, 2.2977)
(-3.2607, -3.4406, 1.7399)
(-3.2919, -3.8602, 1.6144)
(-2.9244, -3.8782, 1.8681)
(-3.6221, -3.815, 1.3079)
(-3.6537, -4.2207, 1.1591)
(-3.317, -4.2545, 1.4452)
(-3.9336, -4.1486, 0.8075)
(-3.9873, -4.5518, 0.6646)
(-3.6767, -4.6086, 0.978)
(-4.2888, -4.4688, 0.3269)
(-4.3959, -4.8845, 0.2297)
(-4.063, -4.9455, 0.5236)
(-4.6891, -4.8076, -0.1129)
(-4.8184, -5.2262, -0.1922)
(-4.4947, -5.2814, 0.1054)
(-5.0738, -5.1633, -0.5496)
(-4.9163, -5.6249, -0.3117)
(-2.4992, -2.2883, 2.7109)
(-2.743, -2.2023, 2.3736)
(-2.8432, -2.6434, 2.284)
(-3.1508, -2.5973, 1.9311)
(-3.2219, -3.0171, 1.8467)
(-3.4923, -2.9899, 1.4837)
(-3.5671, -3.4002, 1.4079)
(-3.7144, -3.3661, 0.9832)
(-3.8329, -3.7564, 0.9121)
(-3.9793, -3.6932, 0.4761)
(-4.1628, -4.0634, 0.4139)
(-4.3184, -4.0237, -0.0027)
(-4.5269, -4.3982, -0.0548)
(-4.6445, -4.3835, -0.483)
(-4.882, -4.7584, -0.516)
(-4.9479, -4.7711, -0.9515)
(-2.0702, -0.8888, 2.5965)
(-2.2334, -1.2711, 2.6261)
(-1.9921, -1.1825, 2.8909)
(-2.4878, -1.3187, 2.3067)
(-2.6194, -1.7452, 2.3794)
(-2.3595, -1.6945, 2.7141)
(-2.8973, -1.7489, 1.9623)
(-3.0351, -2.1726, 1.9675)
(-3.2595, -2.1761, 1.5362)
(-3.3907, -2.5836, 1.5282)
(-3.455, -2.6137, 1.0727)
(-3.5806, -2.99, 1.0434)
(-3.5884, -3.0009, 0.5728)
(-3.7805, -3.3372, 0.5214)
(-3.7744, -3.3794, 0.0779)
(-4.0512, -3.6934, 0.0359)
(-3.9959, -3.7953, -0.396)
(-4.339, -4.0752, -0.441)
(-4.2934, -4.1522, -0.8845)
(-4.6498, -4.432, -0.9292)
(-4.5783, -4.5356, -1.3562)
(-2.1738, -0.486, 2.1957)
(-2.3308, -0.9084, 2.2443)
(-2.5784, -0.9178, 1.8509)
(-2.741, -1.3337, 1.913)
(-2.9485, -1.358, 1.4775)
(-3.1067, -1.7688, 1.5188)
(-3.1902, -1.8317, 1.0599)
(-3.3307, -2.2288, 1.0762)
(-3.3245, -2.3041, 0.6074)
(-3.446, -2.665, 0.6002)
(-3.3524, -2.7558, 0.1553)
(-3.5185, -3.0781, 0.1324)
(-3.345, -3.2462, -0.2672)
(-3.6506, -3.5279, -0.328)
(-3.5277, -3.654, -0.7342)
(-3.9126, -3.8972, -0.8194)
(-3.8342, -3.9842, -1.2359)
(-4.2215, -4.244, -1.3099)
(-4.0922, -4.4266, -1.6462)
(-2.2506, -0.0689, 1.76)
(-2.4159, -0.4942, 1.8016)
(-2.6111, -0.5237, 1.3858)
(-2.7807, -0.9439, 1.4304)
(-2.9086, -0.9984, 0.9883)
(-3.0647, -1.414, 1.0265)
(-3.0929, -1.5021, 0.5685)
(-3.1958, -1.9189, 0.5992)
(-3.1119, -2.0297, 0.1609)
(-3.2282, -2.4061, 0.1662)
(-3.0267, -2.5361, -0.2509)
(-3.16, -2.8977, -0.2618)
(-2.936, -3.0637, -0.6391)
(-3.1763, -3.3993, -0.6597)
(-3.0605, -3.5003, -1.0548)
(-3.4423, -3.7352, -1.1498)
(-3.3527, -3.9083, -1.4615)
(-3.7158, -4.1687, -1.5562)
(-3.5931, -4.4738, -1.6471)
(-2.2274, 0.3024, 1.2833)
(-2.4319, -0.1046, 1.3385)
(-2.5637, -0.1648, 0.9001)
(-2.7399, -0.5816, 0.9474)
(-2.7987, -0.667, 0.4959)
(-2.9514, -1.0857, 0.5336)
(-2.9257, -1.1963, 0.0789)
(-3.0343, -1.6162, 0.1203)
(-2.889, -1.7458, -0.3043)
(-2.926, -2.1617, -0.2515)
(-2.6734, -2.2943, -0.6164)
(-2.7653, -2.6863, -0.6151)
(-2.4747, -2.8392, -0.9422)
(-2.7142, -3.2272, -0.9918)
(-2.6168, -3.3941, -1.3114)
(-3.0075, -3.6548, -1.3621)
(-2.9809, -3.9373, -1.4604)
(-3.2844, -4.2115, -1.5425)
(-3.252, -4.5743, -1.4387)
(-2.1106, 0.6179, 0.7798)
(-2.3573, 0.238, 0.8445)
(-2.4571, 0.1568, 0.3991)
(-2.6491, -0.2455, 0.4523)
(-2.6859, -0.3448, -0.0002)
(-2.8008, -0.7721, 0.0411)
(-2.7733, -0.8823, -0.4088)
(-2.8446, -1.3156, -0.3621)
(-2.6923, -1.4302, -0.7684)
(-2.6786, -1.8702, -0.6901)
(-2.418, -1.9719, -1.0262)
(-2.3924, -2.4047, -0.9388)
(-2.1298, -2.4408, -1.2203)
(-2.1941, -2.8962, -1.2207)
(-1.9673, 0.9121, 0.2766)
(-2.211, 0.5328, 0.3377)
(-2.3278, 0.4591, -0.0983)
(-2.5317, 0.0649, -0.0487)
(-2.6061, -0.0193, -0.493)
(-2.7052, -0.4473, -0.4515)
(-2.6676, -0.5406, -0.8841)
(-2.6853, -0.9861, -0.8323)
(-2.5025, -1.0758, -1.2054)
(-2.4689, -1.5263, -1.1235)
(-2.2071, -1.5988, -1.4349)
(-2.1507, -2.0293, -1.3229)
(-1.9052, -2.0331, -1.5939)
(-1.8784, -2.4172, -1.4639)
(-1.9704, 1.2948, -0.1791)
(-2.1379, 0.8684, -0.1421)
(-2.337, 0.8451, -0.5508)
(-2.4735, 0.41, -0.5241)
(-2.5472, 0.3539, -0.9525)
(-2.6223, -0.0952, -0.9254)
(-2.5059, -0.175, -1.3291)
(-2.5159, -0.6257, -1.2746)
(-2.2905, -0.6997, -1.6167)
(-2.26, -1.1497, -1.5321)
(-1.994, -1.2114, -1.8336)
(-1.9465, -1.6382, -1.7222)
(-1.7116, -1.6403, -2.0039)
(-1.6778, -2.0093, -1.8612)
(-2.07, 1.7281, -0.5867)
(-2.1989, 1.2841, -0.5719)
(-2.3564, 1.2536, -0.9867)
(-2.459, 0.8047, -0.9716)
(-2.4266, 0.7331, -1.398)
(-2.4731, 0.2771, -1.3704)
(-2.2802, 0.1971, -1.7455)
(-2.2945, -0.2515, -1.6877)
(-2.0386, -0.3233, -2.013)
(-2.0294, -0.7674, -1.9296)
(-1.7654, -0.8344, -2.2428)
(-1.7389, -1.253, -2.1319)
(-1.5347, -1.2699, -2.4491)
(-1.5136, -1.6293, -2.3047)
(-2.1252, 2.1469, -1.0181)
(-2.2482, 1.7026, -0.9985)
(-2.3008, 1.6459, -1.4313)
(-2.3703, 1.1902, -1.418)
(-2.2292, 1.1059, -1.8249)
(-2.256, 0.6487, -1.7912)
(-2.0075, 0.565, -2.1443)
(-2.0247, 0.1197, -2.0825)
(-1.772, 0.0396, -2.4217)
(-1.7797, -0.3984, -2.339)
(-1.5641, -0.4832, -2.6963)
(-1.5469, -0.8927, -2.5808)
(-1.408, -0.9304, -2.9475)
(-1.3938, -1.2797, -2.7983)
(-2.1215, 2.5432, -1.4737)
(-2.2248, 2.099, -1.4466)
(-2.1679, 2.0228, -1.8718)
(-2.1954, 1.5652, -1.8483)
(-1.9843, 1.4736, -2.237)
(-1.9934, 1.0161, -2.196)
(-1.7636, 0.9237, -2.5679)
(-1.7609, 0.4787, -2.4981)
(-1.5852, 0.3817, -2.8869)
(-1.5737, -0.0527, -2.796)
(-1.4654, -0.1595, -3.2074)
(-1.433, -0.5631, -3.0873)
(-1.3522, -0.6127, -3.4859)
(-1.3166, -0.954, -3.3306)
(-2.0658, 2.917, -1.9449)
(-2.1382, 2.4737, -1.9058)
(-2.0191, 2.3843, -2.3271)
(-1.989, 1.9317, -2.278)
(-1.8099, 1.8338, -2.6852)
(-1.7793, 1.377, -2.6289)
(-1.6563, 1.2705, -3.0463)
(-1.6155, 0.8213, -2.9723)
(-1.5681, 0.7046, -3.4017)
(-1.5103, 0.268, -3.3095)
(-1.4769, 0.1496, -3.7467)
(-1.4077, -0.252, -3.6296)
(-1.3187, -0.2955, -4.0306)
(-1.2555, -0.6328, -3.8753)
(-2.0051, 3.2782, -2.4288)
(-2.0443, 2.8335, -2.3803)
(-1.9487, 2.7371, -2.81)
(-1.8686, 2.2875, -2.7454)
(-1.7803, 2.1791, -3.1763)
(-1.7104, 1.725, -3.1117)
(-1.6959, 1.6041, -3.5487)
(-1.6284, 1.1511, -3.4802)
(-1.6383, 1.0262, -3.9181)
(-1.5577, 0.5813, -3.8398)
(-1.4917, 0.4737, -4.2728)
(-1.3968, 0.0661, -4.1682)
(-1.26, 0.0435, -4.5516)
(-1.1851, -0.2991, -4.4072)
(-1.9554, 3.6289, -2.9217)
(-1.9974, 3.1863, -2.8686)
(-1.9514, 3.0813, -3.3051)
(-1.865, 2.6309, -3.2413)
(-1.8475, 2.5121, -3.6776)
(-1.7683, 2.0584, -3.6139)
(-1.7941, 1.9326, -4.0513)
(-1.7167, 1.4784, -3.9864)
(-1.6975, 1.3611, -4.4223)
(-1.5982, 0.9122, -4.3528)
(-1.4662, 0.8272, -4.7698)
(-1.3509, 0.4146, -4.6748)
(-1.1698, 0.4168, -5.0305)
(-1.0882, 0.065, -4.8987)
(-1.8962, 3.9696, -3.4196)
(-1.9802, 3.5319, -3.3632)
(-1.983, 3.4208, -3.8017)
(-1.9292, 2.9655, -3.7404)
(-1.9442, 2.8434, -4.1767)
(-1.8707, 2.3875, -4.1147)
(-1.8728, 2.2679, -4.5514)
(-1.789, 1.8135, -4.4878)
(-1.7031, 1.7121, -4.9169)
(-1.5897, 1.2655, -4.847)
(-1.3988, 1.1995, -5.2474)
(-1.2718, 0.7897, -5.1504)
(-1.0613, 0.8052, -5.4894)
(-0.97, 0.456, -5.3537)
(-1.8165, 4.2807, -3.8959)
(-1.9509, 3.8689, -3.8579)
(-1.9935, 3.742, -4.2716)
(-1.9926, 3.2998, -4.2349)
(-2.0073, 3.1646, -4.6468)
(-1.9484, 2.7222, -4.6099)
(-1.8974, 2.5968, -5.0192)
(-1.8045, 2.1604, -4.9795)
(-1.6602, 2.0561, -5.3742)
(-1.534, 1.6309, -5.3247)
(-1.3134, 1.5573, -5.6906)
(-1.1731, 1.171, -5.6115)
(-0.9559, 1.1723, -5.9261)
(-0.8489, 0.8486, -5.808)
(-1.7487, 4.5167, -4.269)
(-1.9178, 4.1489, -4.2758)
(-2.0181, 3.9888, -4.6278)
(-2.0403, 3.5851, -4.6469)
(-2.0556, 3.4144, -5.0019)
(-1.9822, 3.0112, -5.0226)
(-1.8882, 2.8546, -5.3725)
(-1.7767, 2.4612, -5.3851)
(-1.6066, 2.3237, -5.7189)
(-1.4655, 1.9427, -5.7195)
(-1.2423, 1.8305, -6.0288)
(-1.0869, 1.4896, -5.9977)
(-0.8914, 1.446, -6.244)
(-0.7671, 1.1693, -6.1775)
(-2.1037, -3.2173, 2.8331)
(-2.2429, -3.4975, 2.5267)
(-2.0337, -3.4885, 2.6739)
(-2.5785, -3.8585, 2.1092)
(-2.2407, -3.8135, 2.3402)
(-2.9753, -4.2411, 1.6892)
(-2.6386, -4.1994, 1.9167)
(-3.3657, -4.6163, 1.2581)
(-3.0435, -4.5869, 1.5018)
(-3.7478, -4.9693, 0.8038)
(-3.4467, -4.9627, 1.0775)
(-4.1637, -5.3039, 0.3662)
(-3.8509, -5.3092, 0.6312)
(-4.5827, -5.6354, -0.072)
(-4.2534, -5.6309, 0.1656)
(-4.6472, -5.9561, -0.3042)
(3.1324, 2.6809, 6.8184)
(3.1006, 2.7413, 4.8282)
(3.3159, 3.054, 4.7683)
(3.6478, 3.0821, 4.95)
(3.7889, 2.8618, 5.4688)
(3.748, 2.6707, 6.0377)
(3.4924, 2.6062, 6.5503)
(0.7591, -1.3653, 4.3273)
(1.0596, -0.9382, 4.6014)
(1.4268, -0.4463, 4.9261)
(1.7904, 0.0543, 5.2444)
(2.1471, 0.5715, 5.5412)
(2.4936, 1.1096, 5.8076)
(2.8354, 1.6558, 6.0588)
(3.1834, 2.1833, 6.3221)
(1.143, -1.5265, 3.9036)
(1.5084, -1.0544, 4.226)
(1.8916, -0.5704, 4.5715)
(2.2427, -0.061, 4.8845)
(2.5683, 0.4858, 5.1529)
(2.876, 1.0577, 5.3846)
(3.1799, 1.6356, 5.6057)
(3.4813, 2.2037, 5.8386)
(1.0065, -2.5372, 2.64)
(1.262, -2.085, 3.0516)
(1.5347, -1.5701, 3.4355)
(1.9205, -1.0601, 3.79)
(2.2582, -0.5464, 4.1227)
(2.5071, 0.0222, 4.4049)
(2.7102, 0.6199, 4.6591)
(2.9712, 1.2079, 4.864)
(3.2836, 1.7882, 5.0512)
(3.5633, 2.3736, 5.2714)
(1.2266, -2.3692, 2.2168)
(1.5716, -1.9125, 2.5824)
(1.9025, -1.4228, 2.9414)
(2.2248, -0.912, 3.2941)
(2.4094, -0.3485, 3.6091)
(2.4734, 0.2656, 3.8879)
(2.5586, 0.887, 4.1548)
(2.8194, 1.4683, 4.3464)
(3.1809, 2.0274, 4.5092)
(3.4806, 2.5999, 4.7258)
(1.4798, -2.1523, 1.7001)
(1.8498, -1.6951, 2.067)
(2.1747, -1.2034, 2.4276)
(2.4023, -0.6625, 2.7759)
(2.4115, -0.0738, 3.0859)
(2.3083, 0.5334, 3.3791)
(2.3388, 1.1515, 3.656)
(2.596, 1.7389, 3.8531)
(2.9364, 2.2924, 4.0468)
(3.1824, 2.7511, 4.3851)
(1.7148, -1.9202, 1.1823)
(2.0955, -1.464, 1.5533)
(2.4076, -0.9604, 1.9173)
(2.5657, -0.3863, 2.264)
(2.4863, 0.2145, 2.574)
(2.2869, 0.8112, 2.8671)
(2.1804, 1.4261, 3.1561)
(2.3305, 1.9945, 3.4492)
(2.6478, 2.4063, 3.8228)
(2.9055, 2.621, 4.3505)
(1.932, -1.6754, 0.6668)
(2.3183, -1.2162, 1.0404)
(2.6231, -0.7013, 1.4077)
(2.727, -0.1093, 1.7508)
(2.5814, 0.4892, 2.0549)
(2.3073, 1.0564, 2.3387)
(2.0556, 1.5909, 2.6065)
(2.1116, -1.4046, 0.152)
(2.4841, -0.9375, 0.5238)
(2.7631, -0.4129, 0.8895)
(2.7899, 0.1682, 1.2221)
(2.5674, 0.732, 1.5114)
(2.262, 1.2584, 1.7866)
(1.9896, 1.7007, 2.0226)
(2.2789, -1.1251, -0.3643)
(2.6224, -0.6465, 0.0046)
(2.8487, -0.1103, 0.3658)
(2.8124, 0.452, 0.6899)
(2.5665, 0.9815, 0.971)
(2.2771, 1.4863, 1.2402)
(2.0128, 1.9117, 1.465)
(2.4595, -0.8536, -0.882)
(2.7724, -0.3606, -0.5142)
(2.9402, 0.1912, -0.1564)
(2.8742, 0.751, 0.1654)
(2.6351, 1.2661, 0.4455)
(2.3463, 1.7569, 0.7092)
(2.0763, 2.1719, 0.9257)
(2.6396, -0.5804, -1.3993)
(2.9212, -0.0717, -1.0315)
(3.0398, 0.4947, -0.6763)
(2.9515, 1.0595, -0.3552)
(2.7189, 1.5766, -0.0723)
(2.4332, 2.0684, 0.1914)
(2.1651, 2.485, 0.406)
(2.8122, -0.3014, -1.9159)
(3.0627, 0.2212, -1.5483)
(3.1382, 0.7997, -1.1961)
(3.0275, 1.3746, -0.8759)
(2.7952, 1.9056, -0.5889)
(2.517, 2.4122, -0.3195)
(2.2657, 2.8435, -0.0978)
(2.9774, -0.0172, -2.4317)
(3.1978, 0.517, -2.065)
(3.2343, 1.104, -1.7165)
(3.1, 1.6896, -1.398)
(2.862, 2.2407, -1.1072)
(2.5918, 2.7693, -0.83)
(2.3649, 3.2197, -0.5972)
(3.1363, 0.2713, -2.9468)
(3.3277, 0.815, -2.5816)
(3.3271, 1.4071, -2.2379)
(3.1693, 1.9978, -1.9227)
(2.9225, 2.5655, -1.6298)
(2.657, 3.1167, -1.3457)
(2.4521, 3.5848, -1.1034)
(3.2903, 0.5631, -3.4613)
(3.453, 1.1146, -3.0982)
(3.4159, 1.7096, -2.7601)
(3.2341, 2.2988, -2.4501)
(2.9778, 2.8719, -2.1579)
(2.712, 3.4358, -1.8708)
(2.5148, 3.9143, -1.6247)
(3.44, 0.8576, -3.9751)
(3.5741, 1.4155, -3.6149)
(3.4999, 2.0111, -3.2836)
(3.2924, 2.5962, -2.9798)
(3.0246, 3.1666, -2.6904)
(2.7547, 3.7319, -2.4038)
(2.5538, 4.2125, -2.1584)
(3.5853, 1.1521, -4.4851)
(3.69, 1.715, -4.1284)
(3.5776, 2.3093, -3.8049)
(3.3428, 2.8885, -3.5081)
(3.0615, 3.4547, -3.2223)
(2.7869, 4.0186, -2.9369)
(2.5866, 4.5017, -2.6924)
(3.7071, 1.4033, -4.9185)
(3.7839, 1.9666, -4.5601)
(3.6376, 2.5582, -4.2438)
(3.3793, 3.1315, -3.9532)
(3.0869, 3.6939, -3.6704)
(2.8092, 4.2569, -3.3858)
(2.6144, 4.7366, -3.1386)
(0.4164, -1.2033, 4.605)
(0.6556, -0.786, 4.8551)
(1.0161, -0.286, 5.1631)
(1.377, 0.2186, 5.4758)
(1.7366, 0.7302, 5.78)
(2.0898, 1.2585, 6.0606)
(2.44, 1.7971, 6.3227)
(2.8002, 2.3179, 6.5923)
(2.6845, 2.9642, 6.896)
(3.0848, 2.7151, 4.8813)
(3.0288, 3.176, 4.9391)
(2.8328, 3.5585, 5.1968)
(2.5491, 3.6651, 5.7016)
(2.3601, 3.5743, 6.2555)
(2.4265, 3.2839, 6.7193)
(-0.3913, -0.6143, 4.6162)
(-0.033, -0.1996, 4.8216)
(0.3412, 0.2912, 5.113)
(0.706, 0.7859, 5.414)
(1.1067, 1.293, 5.637)
(1.4747, 1.8129, 5.8764)
(1.7987, 2.3401, 6.1736)
(2.1342, 2.8564, 6.4723)
(-0.7511, -0.2525, 4.3386)
(-0.3789, 0.2301, 4.6121)
(0.0036, 0.7243, 4.9033)
(0.431, 1.1836, 5.1311)
(0.8492, 1.6727, 5.3055)
(1.2197, 2.196, 5.5227)
(1.6008, 2.7048, 5.7737)
(2.0028, 3.1885, 6.0324)
(-1.6675, -0.6236, 3.1051)
(-1.3511, -0.2592, 3.5508)
(-0.9714, 0.1596, 3.9465)
(-0.5776, 0.6666, 4.2781)
(-0.1283, 1.0977, 4.5276)
(0.372, 1.5007, 4.665)
(0.8197, 1.9542, 4.8216)
(1.2586, 2.4075, 5.0389)
(1.6874, 2.8866, 5.255)
(2.1292, 3.3444, 5.4825)
(-1.7562, -0.2599, 2.772)
(-1.4233, 0.1768, 3.164)
(-1.0312, 0.6174, 3.5152)
(-0.6038, 1.0699, 3.8286)
(-0.0884, 1.4272, 4.0496)
(0.4757, 1.7059, 4.1705)
(1.022, 2.001, 4.3216)
(1.5237, 2.3874, 4.5171)
(1.9416, 2.8811, 4.7087)
(2.3917, 3.3146, 4.944)
(-1.8457, 0.1693, 2.3514)
(-1.4537, 0.6003, 2.7153)
(-1.0089, 1.0112, 3.0408)
(-0.5277, 1.3999, 3.3318)
(0.0347, 1.6704, 3.55)
(0.6667, 1.825, 3.6703)
(1.2953, 1.963, 3.8134)
(1.7939, 2.3011, 3.9898)
(2.2139, 2.769, 4.2009)
(2.6589, 3.0586, 4.5565)
(-1.8624, 0.5633, 1.8927)
(-1.4236, 0.9711, 2.2358)
(-0.9285, 1.3394, 2.5407)
(-0.3906, 1.666, 2.8116)
(0.2178, 1.8366, 3.0187)
(0.8688, 1.8697, 3.1403)
(1.5227, 1.9232, 3.2717)
(2.0416, 2.1983, 3.5081)
(2.429, 2.5345, 3.8905)
(2.8065, 2.6551, 4.4182)
(-1.7828, 0.9032, 1.3977)
(-1.3373, 1.3069, 1.7385)
(-0.8173, 1.6413, 2.0311)
(-0.2428, 1.9168, 2.2859)
(0.3749, 2.0553, 2.4876)
(1.0228, 1.9672, 2.6027)
(1.6317, 1.8695, 2.6919)
(-1.6332, 1.1928, 0.8874)
(-1.1975, 1.6022, 1.2328)
(-0.7107, 1.9638, 1.542)
(-0.1434, 2.2199, 1.7861)
(0.4784, 2.2906, 1.9529)
(1.1059, 2.157, 2.0498)
(1.635, 1.9733, 2.1046)
(-1.5512, 1.5248, 0.403)
(-1.1303, 1.9414, 0.758)
(-0.6557, 2.3166, 1.0702)
(-0.0801, 2.5269, 1.2825)
(0.5437, 2.5101, 1.4056)
(1.1527, 2.3498, 1.4898)
(1.6667, 2.173, 1.5409)
(-1.6214, 1.9455, -0.0197)
(-1.1795, 2.3498, 0.3198)
(-0.6365, 2.6491, 0.5767)
(-0.0142, 2.7547, 0.7336)
(0.6043, 2.6871, 0.838)
(1.2048, 2.5345, 0.9232)
(1.721, 2.4004, 0.9856)
(-1.7161, 2.3755, -0.4333)
(-1.2081, 2.7247, -0.1437)
(-0.5905, 2.9087, 0.0417)
(0.0583, 2.9103, 0.1555)
(0.6796, 2.8296, 0.2553)
(1.2865, 2.7335, 0.3573)
(1.8092, 2.6745, 0.4472)
(-1.7507, 2.7745, -0.886)
(-1.1833, 3.0316, -0.6523)
(-0.5195, 3.095, -0.526)
(0.1451, 3.053, -0.429)
(0.7794, 3.0122, -0.3169)
(1.3944, 3.0103, -0.1752)
(1.9199, 3.0251, -0.0543)
(-1.7346, 3.1379, -1.3676)
(-1.122, 3.2938, -1.1865)
(-0.4398, 3.2907, -1.0914)
(0.2329, 3.2918, -0.9744)
(0.8759, 3.3344, -0.8178)
(1.4976, 3.4022, -0.6393)
(2.0319, 3.4277, -0.5267)
(-1.6874, 3.4854, -1.8615)
(-1.0527, 3.5945, -1.7024)
(-0.3717, 3.6021, -1.5983)
(0.2937, 3.6717, -1.4359)
(0.9379, 3.7779, -1.2345)
(1.5805, 3.844, -1.0687)
(2.1326, 3.8219, -1.0059)
(-1.6308, 3.8412, -2.3506)
(-0.9978, 3.9673, -2.1735)
(-0.3276, 4.022, -2.0299)
(0.3238, 4.1338, -1.8286)
(0.9758, 4.2397, -1.6319)
(1.6418, 4.2528, -1.5219)
(2.2022, 4.1733, -1.51)
(-1.5657, 4.2043, -2.8319)
(-0.9581, 4.385, -2.6058)
(-0.3044, 4.4894, -2.4155)
(0.3452, 4.6068, -2.2104)
(1.0116, 4.6689, -2.0588)
(1.6868, 4.6162, -2.0086)
(2.2427, 4.4876, -2.0331)
(-1.4822, 4.557, -3.312)
(-0.9187, 4.8055, -3.0295)
(-0.2848, 4.9518, -2.8012)
(0.3729, 5.0461, -2.6208)
(1.0527, 5.0498, -2.5237)
(1.7279, 4.9454, -2.5149)
(2.279, 4.7889, -2.56)
(-1.3968, 4.846, -3.7237)
(-0.8864, 5.1557, -3.3871)
(-0.2684, 5.3271, -3.1385)
(0.4029, 5.3833, -2.995)
(1.0901, 5.341, -2.9368)
(1.7636, 5.2108, -2.9469)
(2.3093, 5.0427, -2.9955)
(-0.0406, -0.9096, 4.7217)
(0.3102, -0.5507, 4.922)
(0.684, -0.0573, 5.2205)
(1.0497, 0.4421, 5.5321)
(1.4241, 0.9505, 5.8139)
(1.7782, 1.4755, 6.0883)
(2.1078, 2.0112, 6.3736)
(2.4432, 2.5392, 6.6565)
(-4.7179, -6.377, -0.7201)
(-3.5961, -4.9927, -1.6127)
(-3.6956, -5.0495, -1.9789)
(-3.6942, -5.4039, -2.1114)
(-3.7936, -5.8949, -1.8161)
(-4.0119, -6.2858, -1.4142)
(-4.368, -6.4641, -0.997)
(-1.2913, -3.7326, 2.358)
(-1.6404, -4.0546, 2.0083)
(-2.0393, -4.4468, 1.5971)
(-2.442, -4.8309, 1.1795)
(-2.8466, -5.1922, 0.7453)
(-3.2521, -5.5218, 0.2898)
(-3.6562, -5.8363, -0.1752)
(-4.052, -6.1664, -0.6257)
(-0.7789, -3.7457, 2.0576)
(-1.1635, -4.1383, 1.6599)
(-1.5628, -4.5578, 1.2539)
(-1.9736, -4.9274, 0.8354)
(-2.3946, -5.2416, 0.387)
(-2.8184, -5.5145, -0.0836)
(-3.2414, -5.7765, -0.5608)
(-3.6658, -6.0458, -1.025)
(0.6308, -2.9714, 2.2789)
(0.1661, -3.3512, 1.9984)
(-0.3209, -3.7123, 1.6531)
(-0.7432, -4.1343, 1.2316)
(-1.1746, -4.5056, 0.8277)
(-1.6494, -4.7699, 0.4164)
(-2.1443, -4.98, -0.0016)
(-2.581, -5.2, -0.4679)
(-2.9819, -5.4453, -0.9666)
(-3.4183, -5.6884, -1.4354)
(0.846, -2.8087, 1.8511)
(0.4394, -3.2195, 1.4946)
(0.0074, -3.6095, 1.1213)
(-0.4399, -3.9844, 0.7366)
(-0.9596, -4.2188, 0.3899)
(-1.5345, -4.3414, 0.0547)
(-2.094, -4.4799, -0.3132)
(-2.518, -4.6931, -0.781)
(-2.8699, -4.961, -1.305)
(-3.2861, -5.2192, -1.7792)
(1.0946, -2.5969, 1.33)
(0.6964, -3.0263, 0.9589)
(0.2596, -3.4127, 0.5882)
(-0.2434, -3.7118, 0.2369)
(-0.8448, -3.8162, -0.0272)
(-1.4871, -3.8321, -0.2539)
(-2.0715, -3.9374, -0.5823)
(-2.5039, -4.1507, -1.0496)
(-2.8779, -4.4258, -1.5443)
(-3.3066, -4.7487, -1.8571)
(1.3262, -2.3687, 0.809)
(0.9305, -2.8086, 0.434)
(0.4787, -3.1864, 0.0642)
(-0.0723, -3.4304, -0.2703)
(-0.7122, -3.4772, -0.4996)
(-1.3852, -3.4274, -0.6632)
(-2.0319, -3.4373, -0.8955)
(-2.549, -3.6422, -1.2449)
(-2.9383, -4.0482, -1.5509)
(-3.3031, -4.5514, -1.6215)
(1.5407, -2.1271, 0.2909)
(1.1436, -2.5723, -0.0884)
(0.6795, -2.9454, -0.4602)
(0.0975, -3.1457, -0.7768)
(-0.5625, -3.1417, -0.968)
(-1.2379, -3.0383, -1.0711)
(-1.8718, -2.9456, -1.1722)
(1.7218, -1.8544, -0.2225)
(1.3149, -2.2872, -0.5996)
(0.8351, -2.6392, -0.9637)
(0.2374, -2.7798, -1.2319)
(-0.4189, -2.7168, -1.3597)
(-1.0725, -2.592, -1.4192)
(-1.6306, -2.4794, -1.4579)
(1.8931, -1.5706, -0.7351)
(1.4686, -1.9786, -1.1043)
(0.9627, -2.2881, -1.4471)
(0.3589, -2.381, -1.6685)
(-0.2773, -2.3014, -1.7619)
(-0.9057, -2.1872, -1.8181)
(-1.442, -2.0754, -1.8543)
(2.076, -1.2966, -1.2507)
(1.6303, -1.6798, -1.6123)
(1.0926, -1.9423, -1.9325)
(0.4802, -2.0124, -2.1352)
(-0.1425, -1.939, -2.2226)
(-0.7574, -1.8236, -2.2716)
(-1.2836, -1.7037, -2.3007)
(2.2573, -1.0222, -1.7671)
(1.7884, -1.3803, -2.1207)
(1.2227, -1.6032, -2.4228)
(0.5984, -1.6557, -2.6158)
(-0.0249, -1.5882, -2.7071)
(-0.6394, -1.475, -2.7585)
(-1.1648, -1.355, -2.7907)
(2.4311, -0.7418, -2.2825)
(1.9403, -1.0751, -2.6274)
(1.351, -1.2628, -2.9133)
(0.7114, -1.2967, -3.1)
(0.0759, -1.2298, -3.1993)
(-0.5496, -1.1236, -3.263)
(-1.0832, -1.0182, -3.3124)
(2.5977, -0.4556, -2.7968)
(2.0875, -0.7646, -3.1321)
(1.4791, -0.9202, -3.4022)
(0.8238, -0.9343, -3.5829)
(0.1695, -0.8625, -3.691)
(-0.4731, -0.7638, -3.7713)
(-1.0174, -0.6807, -3.8438)
(2.7585, -0.1647, -3.3099)
(2.2309, -0.4499, -3.6351)
(1.6073, -0.5749, -3.8886)
(0.9414, -0.5691, -4.0603)
(0.2706, -0.4899, -4.1738)
(-0.3903, -0.3957, -4.2697)
(-0.9443, -0.3322, -4.3637)
(2.9145, 0.13, -3.8221)
(2.3713, -0.1317, -4.1365)
(1.735, -0.2261, -4.3725)
(1.0639, -0.2002, -4.5313)
(0.386, -0.1131, -4.6434)
(-0.2858, -0.0192, -4.7471)
(-0.8465, 0.0374, -4.8517)
(3.0666, 0.4277, -4.3333)
(2.5092, 0.1899, -4.6362)
(1.8621, 0.1266, -4.8536)
(1.1877, 0.1742, -4.997)
(0.509, 0.2704, -5.1021)
(-0.1651, 0.3672, -5.205)
(-0.7282, 0.4265, -5.3099)
(3.2146, 0.7259, -4.8403)
(2.6442, 0.5126, -5.1305)
(1.9879, 0.4817, -5.3277)
(1.3114, 0.5522, -5.4541)
(0.6326, 0.6592, -5.5501)
(-0.0417, 0.7593, -5.6505)
(-0.6057, 0.8187, -5.7583)
(3.3391, 0.9807, -5.2709)
(2.7565, 0.7865, -5.5438)
(2.0934, 0.7841, -5.7222)
(1.4157, 0.8742, -5.8334)
(0.737, 0.9901, -5.9219)
(0.0626, 1.092, -6.0209)
(-0.4983, 1.1442, -6.1291)
(-1.7022, -3.6492, 2.5701)
(-2.0537, -3.9131, 2.253)
(-2.4513, -4.2876, 1.8328)
(-2.8545, -4.665, 1.4114)
(-3.2584, -5.0343, 0.9825)
(-3.6627, -5.3799, 0.5357)
(-4.0645, -5.709, 0.0758)
(-4.4544, -6.0535, -0.3746)
(-5.136, -6.0609, -0.6162)
(-3.6148, -5.0229, -1.5629)
(-3.9979, -4.9376, -1.8172)
(-4.4986, -4.9025, -1.8463)
(-4.981, -5.0249, -1.5314)
(-5.3159, -5.2841, -1.1175)
(-5.358, -5.6995, -0.758)
(-2.4378, -2.9758, 2.6494)
(-2.7144, -3.2946, 2.2441)
(-3.0919, -3.6702, 1.8171)
(-3.4802, -4.0446, 1.3958)
(-3.8162, -4.3881, 0.9093)
(-4.184, -4.7172, 0.4409)
(-4.6086, -5.0535, 0.0193)
(-5.0216, -5.4013, -0.4013)
(-2.6699, -2.4649, 2.496)
(-3.0299, -2.8276, 2.066)
(-3.4055, -3.2093, 1.6313)
(-3.701, -3.5849, 1.1654)
(-3.9885, -3.9114, 0.6597)
(-4.3442, -4.2263, 0.177)
(-4.707, -4.5749, -0.286)
(-5.0482, -4.9485, -0.7407)
(-2.0285, -1.046, 2.7537)
(-2.4286, -1.5081, 2.5122)
(-2.8281, -1.9645, 2.1837)
(-3.2305, -2.3774, 1.7507)
(-3.4982, -2.7918, 1.293)
(-3.6711, -3.1683, 0.7817)
(-3.9107, -3.5104, 0.2741)
(-4.1922, -3.8862, -0.201)
(-4.4959, -4.2506, -0.6861)
(-4.7852, -4.6362, -1.16)
(-2.1206, -0.6973, 2.406)
(-2.5384, -1.1204, 2.0837)
(-2.9362, -1.5483, 1.7237)
(-3.2366, -1.9981, 1.3028)
(-3.3982, -2.4523, 0.8398)
(-3.4818, -2.8684, 0.364)
(-3.5704, -3.305, -0.0959)
(-3.7675, -3.7239, -0.5701)
(-4.071, -4.0617, -1.0695)
(-4.3448, -4.4624, -1.5284)
(-2.2211, -0.2737, 1.9812)
(-2.6042, -0.7174, 1.6192)
(-2.9391, -1.1745, 1.2325)
(-3.1464, -1.6652, 0.8143)
(-3.2254, -2.1654, 0.3836)
(-3.1993, -2.6463, -0.0527)
(-3.1403, -3.1625, -0.4549)
(-3.2903, -3.5753, -0.8999)
(-3.5866, -3.9312, -1.375)
(-3.8308, -4.4362, -1.683)
(-2.2524, 0.1236, 1.5266)
(-2.5961, -0.3396, 1.1458)
(-2.8586, -0.8304, 0.7428)
(-3.0151, -1.3475, 0.3234)
(-2.9978, -1.8908, -0.0694)
(-2.8439, -2.4223, -0.4332)
(-2.7066, -2.9639, -0.7987)
(-2.8386, -3.4421, -1.1874)
(-3.1546, -3.9155, -1.4791)
(-3.4063, -4.5207, -1.5574)
(-2.1791, 0.467, 1.0336)
(-2.5183, 0.0014, 0.6509)
(-2.7395, -0.5049, 0.2484)
(-2.8422, -1.0422, -0.1655)
(-2.788, -1.5928, -0.5387)
(-2.5343, -2.1428, -0.8169)
(-2.2838, -2.6531, -1.0749)
(-2.0302, 0.7599, 0.5252)
(-2.383, 0.3028, 0.1468)
(-2.6411, -0.1859, -0.2494)
(-2.7208, -0.7151, -0.6493)
(-2.5984, -1.2571, -0.9906)
(-2.311, -1.789, -1.2326)
(-2.0095, -2.2346, -1.3989)
(-1.9488, 1.092, 0.0409)
(-2.3192, 0.6431, -0.3295)
(-2.5792, 0.163, -0.7261)
(-2.596, -0.3598, -1.1106)
(-2.4009, -0.889, -1.4138)
(-2.1025, -1.4051, -1.6345)
(-1.8071, -1.8349, -1.796)
(-2.0182, 1.5102, -0.3843)
(-2.3534, 1.0504, -0.7683)
(-2.4969, 0.5444, -1.1767)
(-2.4004, 0.0111, -1.5406)
(-2.1693, -0.5105, -1.8156)
(-1.8802, -1.0204, -2.0348)
(-1.6198, -1.4517, -2.2211)
(-2.1059, 1.9405, -0.7981)
(-2.3394, 1.452, -1.2087)
(-2.3372, 0.9202, -1.6145)
(-2.1465, 0.3819, -1.9449)
(-1.9025, -0.1396, -2.2128)
(-1.6564, -0.6552, -2.4624)
(-1.463, -1.0966, -2.6921)
(-2.1307, 2.348, -1.2437)
(-2.2416, 1.8363, -1.6514)
(-2.1063, 1.2904, -2.0298)
(-1.8745, 0.7457, -2.35)
(-1.6605, 0.2134, -2.6463)
(-1.4988, -0.3183, -2.9458)
(-1.3734, -0.77, -3.2137)
(-2.0975, 2.7323, -1.7076)
(-2.0886, 2.2051, -2.0962)
(-1.8812, 1.6551, -2.4549)
(-1.6895, 1.0988, -2.8015)
(-1.558, 0.5446, -3.1411)
(-1.4635, -0.0049, -3.4763)
(-1.3363, -0.4554, -3.7594)
(-2.0341, 3.0988, -2.1855)
(-1.9727, 2.5617, -2.5657)
(-1.7784, 2.0084, -2.9274)
(-1.6623, 1.4387, -3.2965)
(-1.5995, 0.8644, -3.6614)
(-1.4883, 0.3083, -4.013)
(-1.2934, -0.1298, -4.2955)
(-1.9798, 3.4548, -2.6744)
(-1.9431, 2.9101, -3.057)
(-1.8059, 2.3466, -3.427)
(-1.7434, 1.7683, -3.8003)
(-1.6731, 1.1916, -4.1716)
(-1.4846, 0.6472, -4.5246)
(-1.218, 0.2269, -4.7951)
(-1.9286, 3.8007, -3.1701)
(-1.968, 3.2512, -3.5533)
(-1.8972, 2.6771, -3.9274)
(-1.8392, 2.0988, -4.3018)
(-1.7077, 1.5346, -4.6709)
(-1.4368, 1.0119, -5.0103)
(-1.1168, 0.6104, -5.2607)
(-1.8569, 4.1329, -3.6672)
(-1.9892, 3.5883, -4.0471)
(-1.9798, 3.0101, -4.4225)
(-1.8913, 2.4382, -4.7963)
(-1.6853, 1.8906, -5.1567)
(-1.3558, 1.3861, -5.4792)
(-1.0059, 0.9969, -5.7167)
(-1.781, 4.4055, -4.0922)
(-2.0037, 3.8724, -4.4604)
(-2.0319, 3.2964, -4.8351)
(-1.8949, 2.7326, -5.2065)
(-1.6335, 2.1973, -5.5569)
(-1.2762, 1.7019, -5.8694)
(-0.9184, 1.3168, -6.0975)
(-2.1566, -3.3507, 2.6905)
(-2.3933, -3.6708, 2.3253)
(-2.7755, -4.0497, 1.898)
(-3.1727, -4.4307, 1.4771)
(-3.5546, -4.7955, 1.031)
(-3.9525, -5.1379, 0.5832)
(-4.3743, -5.4687, 0.1476)
(-4.7865, -5.8035, -0.2876)
