(0.4576, -2.572, -5.4648)
(0.8338, -2.1424, -5.2316)
(1.4247, -2.141, -5.0904)
(1.9913, -1.8877, -5.0289)
(2.3019, -1.3223, -5.1579)
(0.4812, -2.7307, -5.0593)
(0.7554, -2.2509, -4.8277)
(2.5527, -0.7257, -5.2567)
(1.3016, -2.0951, -4.6949)
(2.7078, -0.3274, -5.2345)
(1.8515, -1.7537, -4.6641)
(2.2699, -1.2315, -4.766)
(2.5345, -0.6515, -4.835)
(2.7489, -0.2015, -4.9177)
(0.52, -2.9105, -4.5263)
(0.6981, -2.3706, -4.3235)
(1.1214, -1.9466, -4.246)
(1.6023, -1.525, -4.2841)
(2.0996, -1.0553, -4.3427)
(2.4597, -0.5482, -4.305)
(2.8506, -0.2953, -4.3176)
(0.5898, -3.0613, -3.9618)
(0.9032, -2.5128, -3.8276)
(1.273, -1.9605, -3.7395)
(1.731, -1.5308, -3.8061)
(2.1553, -1.0647, -3.8887)
(2.4144, -0.5623, -3.8484)
(2.9093, -0.425, -3.7233)
(0.6638, -3.2064, -3.4037)
(1.1509, -2.7639, -3.3794)
(1.5519, -2.2105, -3.3188)
(1.9129, -1.6963, -3.3232)
(2.0071, -1.1811, -3.5445)
(2.1981, -0.7441, -3.764)
(2.3614, -0.3654, -4.0055)
(0.6899, -3.2331, -2.8122)
(1.2604, -2.9011, -2.8242)
(1.6544, -2.3538, -2.7825)
(1.9323, -1.7774, -2.7702)
(1.9757, -1.2392, -2.9872)
(2.1306, -0.7625, -3.247)
(2.242, -0.4688, -3.3652)
(0.703, -3.1889, -2.2107)
(1.2935, -2.9311, -2.2307)
(1.6291, -2.3776, -2.222)
(1.9048, -1.8035, -2.2498)
(2.1426, -1.3282, -2.4439)
(2.1824, -0.7754, -2.5697)
(2.0867, -0.3255, -2.6037)
(0.7172, -3.0806, -1.6151)
(1.3553, -2.9042, -1.646)
(1.823, -2.4568, -1.7115)
(2.1427, -1.9131, -1.7861)
(2.3195, -1.3459, -1.8806)
(2.4059, -0.7676, -1.9612)
(2.4685, -0.3093, -2.0211)
(0.7275, -2.925, -1.0274)
(1.3857, -2.7895, -1.0582)
(1.9156, -2.3998, -1.1366)
(2.2755, -1.8793, -1.2204)
(2.4947, -1.3039, -1.2966)
(2.668, -0.7405, -1.3789)
(2.7883, -0.2979, -1.4433)
(0.738, -2.7633, -0.4416)
(1.409, -2.6679, -0.4668)
(1.9531, -2.298, -0.5448)
(2.3415, -1.7818, -0.6325)
(2.6569, -1.2361, -0.7175)
(2.9235, -0.7003, -0.8068)
(3.1064, -0.2745, -0.8734)
(0.7542, -2.6468, 0.1514)
(1.4605, -2.5916, 0.1292)
(2.0651, -2.278, 0.0459)
(2.4965, -1.7543, -0.0585)
(2.8617, -1.1954, -0.1571)
(3.1871, -0.657, -0.2493)
(3.421, -0.238, -0.3116)
(0.7672, -2.5356, 0.7325)
(1.5066, -2.4994, 0.7195)
(2.1807, -2.2579, 0.6383)
(2.686, -1.7579, 0.5044)
(3.0942, -1.1801, 0.3851)
(3.464, -0.6139, 0.2922)
(3.7413, -0.1581, 0.2464)
(0.7566, -2.2343, 1.2409)
(1.4881, -2.2113, 1.2406)
(2.194, -2.0633, 1.1945)
(2.7791, -1.6618, 1.0735)
(3.268, -1.1459, 0.9418)
(3.7307, -0.605, 0.8272)
(4.2224, 0.0317, 0.7677)
(0.7401, -1.8885, 1.7388)
(1.4478, -1.8541, 1.7265)
(2.134, -1.7063, 1.6726)
(2.764, -1.403, 1.5806)
(4.8327, 0.2627, 1.1564)
(3.3548, -1.0318, 1.4629)
(3.918, -0.6247, 1.3179)
(5.5033, 0.3533, 1.4248)
(4.4787, -0.2107, 1.1904)
(6.0159, 0.5311, 1.8726)
(5.0155, 0.1633, 1.1832)
(0.7245, -1.5488, 2.2492)
(1.4124, -1.5026, 2.2145)
(2.0751, -1.3457, 2.1174)
(6.263, 0.7354, 1.837)
(2.6897, -1.0689, 1.9769)
(5.4176, 0.5166, 1.3905)
(3.2945, -0.7569, 1.8419)
(3.8926, -0.4251, 1.7101)
(5.8853, 0.7857, 1.6527)
(4.4889, -0.0872, 1.5831)
(6.3054, 0.9863, 1.6981)
(5.0679, 0.2033, 1.4598)
(0.721, -1.2273, 2.7501)
(1.413, -1.1939, 2.7445)
(2.1306, -1.1511, 2.6444)
(5.5613, 0.3735, 1.3244)
(2.8134, -1.0294, 2.4683)
(3.463, -0.8429, 2.2823)
(6.0073, 0.7117, 1.3186)
(4.0915, -0.6062, 2.0934)
(0.7208, -0.9633, 3.1464)
(6.375, 1.0145, 1.2866)
(4.7052, -0.3346, 1.9001)
(5.2901, -0.0213, 1.7429)
(2.2025, -0.7944, 3.1066)
(1.3632, -0.769, 3.3045)
(5.8125, 0.3071, 1.6523)
(2.9252, -0.7647, 2.9553)
(3.6184, -0.696, 2.7964)
(6.3445, 0.5145, 1.4794)
(4.2871, -0.5734, 2.6118)
(6.7206, 0.713, 1.2744)
(4.9275, -0.3759, 2.4022)
(5.5368, -0.076, 2.2148)
(1.7851, -0.4276, 3.6047)
(2.3474, -0.4174, 3.5202)
(6.1196, 0.2293, 2.0971)
(3.0257, -0.3879, 3.397)
(3.7236, -0.3429, 3.2558)
(6.677, 0.4308, 1.9154)
(4.4163, -0.2801, 3.0991)
(7.0849, 0.5004, 1.6719)
(5.1058, -0.1714, 2.9174)
(5.7952, 0.0219, 2.7086)
(1.9572, -0.0217, 3.9032)
(2.4319, 0.035, 3.8097)
(6.4363, 0.1504, 2.5367)
(3.0796, 0.0752, 3.7017)
(3.7702, 0.1158, 3.5749)
(7.0008, 0.2597, 2.3423)
(4.4648, 0.1556, 3.4464)
(2.1031, 0.2781, 3.9908)
(7.4258, 0.3456, 2.143)
(5.1704, 0.2072, 3.3139)
(2.3976, 0.4395, 3.9657)
(3.0878, 0.4741, 3.8592)
(5.8916, 0.2818, 3.1414)
(3.7762, 0.5091, 3.7525)
(6.5727, 0.2993, 2.9952)
(4.4602, 0.5418, 3.6276)
(5.1508, 0.5574, 3.5671)
(7.158, 0.3224, 2.8364)
(5.8128, 0.6263, 3.3663)
(7.5732, 0.3481, 2.6559)
(6.5051, 0.6174, 3.2465)
(7.4369, 0.4336, 2.9647)
(7.2029, 0.622, 3.1548)
(0.6006, 2.1718, -4.8753)
(1.1886, 1.8646, -4.7011)
(1.7515, 1.572, -4.5195)
(2.2954, 1.2717, -4.7213)
(2.7527, 0.9474, -5.0367)
(0.6096, 2.2036, -4.5095)
(1.2615, 2.005, -4.4951)
(2.8493, 0.3811, -5.2104)
(1.8936, 1.7545, -4.4641)
(2.8109, -0.0426, -5.221)
(2.4598, 1.4061, -4.516)
(2.833, 0.9083, -4.6472)
(2.863, 0.2991, -4.7852)
(2.7612, -0.185, -4.9152)
(0.5297, 1.8485, -4.1447)
(1.1694, 1.654, -4.2213)
(1.8076, 1.4962, -4.1672)
(2.4023, 1.2283, -4.0788)
(2.852, 0.7842, -4.1107)
(2.9439, 0.1894, -4.2335)
(2.8702, -0.2877, -4.319)
(0.5121, 1.5417, -3.7239)
(1.1608, 1.4542, -3.7803)
(1.7329, 1.4188, -3.6853)
(2.2488, 1.1142, -3.5574)
(2.6789, 0.6686, -3.6314)
(2.8577, 0.0959, -3.7564)
(2.9192, -0.4045, -3.721)
(0.5571, 1.7635, -3.3045)
(1.1313, 1.6491, -3.4027)
(1.5256, 1.2763, -3.297)
(1.9327, 0.9239, -3.1535)
(2.2571, 0.5687, -3.4422)
(2.4335, 0.0687, -3.6264)
(2.3731, -0.3473, -3.9806)
(0.5327, 2.1855, -3.0251)
(0.9983, 1.8095, -2.9925)
(1.3718, 1.2801, -2.8499)
(1.7246, 0.8576, -2.6835)
(2.0293, 0.5081, -2.9773)
(2.2326, 0.027, -3.1791)
(2.2642, -0.3905, -3.3774)
(0.6513, 2.4447, -2.5574)
(1.1863, 2.0512, -2.5613)
(1.6013, 1.5447, -2.4703)
(1.8449, 1.0558, -2.2694)
(1.9873, 0.5472, -2.3926)
(2.186, 0.0336, -2.5213)
(2.1169, -0.3809, -2.6009)
(0.7453, 2.5238, -1.9773)
(1.3376, 2.1729, -2.014)
(1.8573, 1.7408, -2.0292)
(2.2104, 1.25, -1.9933)
(2.3172, 0.6765, -1.9673)
(2.4686, 0.1186, -1.9982)
(2.4854, -0.3285, -2.0331)
(0.7513, 2.4598, -1.3783)
(1.3595, 2.1345, -1.4153)
(1.9164, 1.7396, -1.4542)
(2.3685, 1.292, -1.4779)
(2.6212, 0.7441, -1.4701)
(2.7625, 0.1697, -1.4562)
(2.8103, -0.2965, -1.4469)
(0.7284, 2.3623, -0.7795)
(1.3222, 2.0201, -0.8207)
(1.8769, 1.6207, -0.8634)
(2.3867, 1.2153, -0.8891)
(2.7841, 0.7408, -0.9025)
(3.0159, 0.1959, -0.8955)
(3.1238, -0.2627, -0.877)
(0.6851, 2.2476, -0.1876)
(1.2364, 1.8439, -0.2475)
(1.7826, 1.4281, -0.2973)
(2.3385, 1.0571, -0.3153)
(2.8505, 0.6689, -0.324)
(3.2338, 0.2093, -0.331)
(3.436, -0.2214, -0.311)
(0.6148, 2.0964, 0.392)
(1.1441, 1.665, 0.3183)
(1.7107, 1.2795, 0.2693)
(2.2998, 0.9298, 0.2559)
(2.8824, 0.5951, 0.2484)
(3.4138, 0.2525, 0.2355)
(3.7593, -0.1207, 0.2572)
(0.5602, 1.9678, 0.9751)
(1.1415, 1.6293, 0.9029)
(1.767, 1.3629, 0.8446)
(2.3734, 1.0382, 0.8266)
(2.9875, 0.7294, 0.8061)
(3.6101, 0.4569, 0.7675)
(4.2616, 0.0942, 0.7899)
(0.5751, 1.9187, 1.5706)
(1.2144, 1.7377, 1.4827)
(1.8722, 1.5628, 1.404)
(2.4974, 1.2835, 1.3639)
(4.85, 0.2832, 1.1944)
(3.1221, 1.0019, 1.3278)
(3.7734, 0.8081, 1.2462)
(5.5854, 0.357, 1.4929)
(4.4282, 0.6464, 1.2214)
(6.0908, 0.4965, 1.9326)
(5.0628, 0.6334, 1.3538)
(0.6279, 1.911, 2.1736)
(1.2888, 1.8304, 2.0802)
(1.9626, 1.729, 1.979)
(6.397, 0.5314, 1.9383)
(2.6157, 1.5396, 1.8972)
(5.6587, 0.5893, 1.7434)
(3.2558, 1.3245, 1.8239)
(3.9131, 1.1972, 1.7071)
(6.2465, 0.6039, 1.8979)
(4.5718, 1.0906, 1.6396)
(6.6819, 0.6368, 1.796)
(5.2176, 1.1019, 1.6183)
(0.6659, 1.8746, 2.7537)
(1.3319, 1.8296, 2.7022)
(2.0324, 1.8011, 2.5819)
(5.8578, 1.0275, 1.8329)
(2.7189, 1.7275, 2.4526)
(3.3825, 1.621, 2.3239)
(6.4005, 0.9731, 1.8485)
(4.0448, 1.5332, 2.1978)
(0.6804, 1.7529, 3.2079)
(6.8574, 1.0576, 1.5995)
(4.7077, 1.4821, 2.1144)
(5.3759, 1.4704, 2.0771)
(2.1228, 1.6867, 3.1662)
(1.3087, 1.625, 3.3857)
(6.0456, 1.4345, 2.0979)
(2.8302, 1.6995, 3.026)
(3.5135, 1.6723, 2.885)
(6.6126, 1.3936, 2.0431)
(4.1868, 1.6548, 2.7486)
(7.1283, 1.4827, 1.8506)
(4.8641, 1.6876, 2.6489)
(5.5678, 1.6601, 2.6341)
(1.7188, 1.3101, 3.7059)
(2.2736, 1.3511, 3.6047)
(6.2181, 1.6538, 2.6013)
(2.9443, 1.3886, 3.4954)
(3.6334, 1.4092, 3.3807)
(6.8486, 1.6802, 2.5266)
(4.3177, 1.4253, 3.2532)
(7.334, 1.7758, 2.3701)
(5.0077, 1.4411, 3.1449)
(5.7147, 1.448, 3.1549)
(1.909, 0.8797, 3.9551)
(2.3854, 0.8778, 3.8547)
(6.3571, 1.5068, 3.0959)
(3.0302, 0.9078, 3.7593)
(3.7159, 0.9442, 3.6681)
(7.0265, 1.584, 3.0161)
(4.3951, 0.9693, 3.5525)
(2.0836, 0.5856, 4.009)
(7.4924, 1.6626, 2.8962)
(5.0627, 0.9691, 3.4268)
(2.3939, 0.4584, 3.9724)
(3.0791, 0.4937, 3.863)
(5.7344, 0.9816, 3.3792)
(3.7661, 0.5282, 3.7601)
(6.4167, 1.019, 3.275)
(4.4466, 0.5616, 3.625)
(5.1354, 0.5751, 3.5595)
(7.0976, 1.0982, 3.2068)
(5.7899, 0.6218, 3.3462)
(7.5458, 1.207, 3.1878)
(6.4356, 0.6354, 3.2339)
(7.4205, 0.8935, 3.3099)
(7.2054, 0.6463, 3.1686)
(0.0822, -2.9456, -5.6106)
(-0.2706, -2.5819, -5.5039)
(-0.4407, -2.0065, -5.2815)
(-0.9207, -1.5964, -5.2265)
(-1.5388, -1.323, -5.3045)
(-2.0988, -0.9314, -5.3508)
(0.0606, -3.0755, -5.1783)
(-0.3651, -2.7402, -5.1042)
(-0.5762, -2.1644, -4.8999)
(-2.5357, -0.4527, -5.3189)
(-1.0108, -1.6981, -4.8115)
(-2.7356, -0.0998, -5.1987)
(-1.5964, -1.3852, -4.8786)
(-2.1667, -1.0206, -4.9294)
(-2.5769, -0.529, -4.8924)
(-2.7829, -0.0677, -4.8612)
(0.0491, -3.2073, -4.6183)
(-0.4643, -2.9109, -4.573)
(-0.7725, -2.3375, -4.4092)
(-1.1216, -1.7889, -4.2642)
(-1.6188, -1.4322, -4.3249)
(-2.2233, -1.1342, -4.3743)
(-2.6417, -0.6583, -4.3401)
(-2.8453, -0.2134, -4.2667)
(0.0362, -3.3107, -4.0208)
(-0.531, -3.0707, -3.9987)
(-0.8742, -2.5236, -3.8725)
(-1.1943, -1.9694, -3.7201)
(-1.6232, -1.5901, -3.7793)
(-2.2068, -1.243, -3.8115)
(-2.6262, -0.7588, -3.8621)
(-2.8613, -0.3451, -3.6727)
(0.0237, -3.3501, -3.4218)
(-0.6184, -3.1955, -3.4434)
(-1.0851, -2.7684, -3.425)
(-1.3389, -2.2228, -3.2668)
(-1.6107, -1.6759, -3.3018)
(-1.9716, -1.1722, -3.3504)
(-2.2613, -0.6752, -3.6714)
(-2.3867, -0.2206, -4.0794)
(0.0176, -3.2774, -2.8224)
(-0.6488, -3.1185, -2.8632)
(-1.2447, -2.8014, -2.9231)
(-1.7023, -2.3404, -2.9712)
(-1.9679, -1.7544, -3.0344)
(-2.0264, -1.1912, -2.9822)
(-2.1361, -0.7235, -3.2236)
(-2.25, -0.3385, -3.5451)
(0.0252, -3.1642, -2.2258)
(-0.638, -2.9838, -2.274)
(-1.2699, -2.7182, -2.3459)
(-1.8382, -2.3662, -2.4427)
(-2.2358, -1.8759, -2.5479)
(-2.3678, -1.2906, -2.5958)
(-2.2608, -0.7192, -2.6584)
(-2.1449, -0.2974, -2.7057)
(0.0361, -3.0252, -1.6335)
(-0.6293, -2.8503, -1.6827)
(-1.2746, -2.6207, -1.7504)
(-1.8679, -2.3164, -1.8394)
(-2.316, -1.8801, -1.9361)
(-2.5278, -1.3178, -2.0027)
(-2.473, -0.7285, -2.0316)
(-2.4715, -0.2779, -2.076)
(0.0425, -2.869, -1.0447)
(-0.6329, -2.7281, -1.0883)
(-1.294, -2.5459, -1.1498)
(-1.8963, -2.2661, -1.2333)
(-2.3457, -1.8344, -1.3191)
(-2.6041, -1.2857, -1.3817)
(-2.6871, -0.7061, -1.4251)
(-2.7627, -0.2518, -1.4754)
(0.042, -2.7236, -0.4544)
(-0.651, -2.6419, -0.4888)
(-1.3306, -2.5133, -0.5455)
(-1.9374, -2.2327, -0.628)
(-2.3822, -1.7764, -0.7125)
(-2.6886, -1.2275, -0.7794)
(-2.8967, -0.664, -0.8375)
(-3.0448, -0.2217, -0.8887)
(0.0353, -2.6314, 0.1426)
(-0.6837, -2.6072, 0.1145)
(-1.3955, -2.5355, 0.0612)
(-2.0231, -2.2492, -0.0252)
(-2.4704, -1.744, -0.1193)
(-2.8225, -1.1766, -0.197)
(-3.1188, -0.6186, -0.2642)
(-3.3242, -0.1786, -0.3109)
(0.0298, -2.5328, 0.7228)
(-0.7077, -2.5275, 0.7012)
(-1.4487, -2.4954, 0.6616)
(-2.1285, -2.2665, 0.5767)
(-2.6318, -1.7636, 0.4574)
(-3.0204, -1.1677, 0.3613)
(-3.3672, -0.5834, 0.2912)
(-3.6196, -0.1096, 0.2621)
(0.0293, -2.2361, 1.2314)
(-0.6975, -2.235, 1.2173)
(-1.4268, -2.2244, 1.1948)
(-2.1303, -2.102, 1.1426)
(-2.698, -1.6815, 1.028)
(-3.1629, -1.1364, 0.9208)
(-3.6024, -0.5801, 0.8364)
(-4.0875, 0.0647, 0.8019)
(0.0302, -1.8928, 1.7334)
(-0.6774, -1.894, 1.7212)
(-1.3801, -1.8905, 1.7012)
(-2.0557, -1.7996, 1.6508)
(-2.6357, -1.4711, 1.5394)
(-4.6899, 0.2353, 1.2447)
(-3.1917, -1.076, 1.4525)
(-3.7559, -0.6992, 1.3418)
(-5.2562, 0.3588, 1.7312)
(-4.3345, -0.3795, 1.182)
(-5.8824, 0.6436, 1.8424)
(0.0271, -1.5532, 2.248)
(-4.892, -0.0367, 1.1824)
(-0.6714, -1.5537, 2.2349)
(-1.3675, -1.561, 2.2168)
(-2.0624, -1.5508, 2.1756)
(-5.8813, 0.9188, 1.7124)
(-2.7266, -1.4344, 2.0594)
(-5.3312, 0.382, 1.4081)
(-3.3668, -1.239, 1.9083)
(-3.9875, -0.9933, 1.7294)
(-5.6971, 0.7838, 1.6668)
(-4.6, -0.7357, 1.5311)
(-5.9655, 1.1281, 1.6792)
(-5.1756, -0.4019, 1.3902)
(0.0264, -1.2378, 2.7352)
(-0.6678, -1.2217, 2.7306)
(-1.3573, -1.1794, 2.7139)
(-2.0821, -1.1622, 2.6361)
(-5.6318, 0.0771, 1.3734)
(-2.7971, -1.1364, 2.5327)
(-3.4865, -1.0702, 2.4044)
(-5.9666, 0.5979, 1.4358)
(-4.1538, -0.951, 2.2352)
(0.0255, -1.0243, 3.0829)
(-0.6688, -0.9752, 3.1399)
(-6.2419, 0.9988, 1.4225)
(-4.8018, -0.7855, 2.0325)
(-5.4208, -0.5562, 1.8374)
(-2.1236, -0.7381, 3.0736)
(-1.2986, -0.7684, 3.2975)
(-5.9546, -0.1829, 1.7185)
(-2.843, -0.6943, 2.937)
(-3.5442, -0.6533, 2.8232)
(-6.355, 0.3118, 1.6586)
(-4.2325, -0.5946, 2.6954)
(-6.6393, 0.7184, 1.6287)
(-4.901, -0.4831, 2.518)
(-5.553, -0.3292, 2.3176)
(-1.6992, -0.4123, 3.6127)
(-2.2518, -0.3548, 3.4985)
(-6.186, -0.2072, 2.2026)
(-2.918, -0.2807, 3.3615)
(-3.609, -0.2193, 3.2365)
(-6.6868, 0.1192, 2.1055)
(-4.3025, -0.1774, 3.1271)
(-7.0318, 0.4504, 2.0165)
(-4.9937, -0.1188, 2.9933)
(-5.6733, 0.0013, 2.7959)
(-1.8606, 0.0025, 3.9101)
(-2.3365, 0.0693, 3.8329)
(-6.3312, 0.0541, 2.662)
(-2.9797, 0.1342, 3.7345)
(-3.6645, 0.1969, 3.6186)
(-6.9335, 0.129, 2.6007)
(-4.3546, 0.2449, 3.5101)
(-2.0049, 0.3041, 3.9984)
(-7.3584, 0.2962, 2.4714)
(-5.049, 0.2869, 3.394)
(-2.2986, 0.4669, 3.9862)
(-2.9908, 0.5096, 3.9376)
(-5.7337, 0.3472, 3.2056)
(-3.6828, 0.5494, 3.8666)
(-6.3997, 0.3665, 3.0877)
(-4.3745, 0.5904, 3.7707)
(-5.0723, 0.6157, 3.7207)
(-7.0229, 0.3978, 3.047)
(-5.6533, 0.7093, 3.3528)
(-7.4748, 0.4474, 2.947)
(-6.3426, 0.711, 3.2861)
(-7.3341, 0.6505, 3.1728)
(-7.0352, 0.8071, 3.2335)
(-0.0612, 2.3371, -4.9144)
(-0.7492, 2.3273, -4.8864)
(-1.4266, 2.1915, -4.8635)
(-2.0847, 1.9858, -4.8452)
(-2.6717, 1.648, -4.8622)
(-3.0243, 1.1104, -4.9397)
(-0.0598, 2.3212, -4.4749)
(-0.744, 2.3216, -4.4446)
(-1.4176, 2.1815, -4.4245)
(-3.001, 0.5074, -5.0979)
(-2.0606, 1.936, -4.4087)
(-2.8868, 0.1001, -5.143)
(-2.6304, 1.5728, -4.4307)
(-2.953, 1.0148, -4.5163)
(-2.9268, 0.4082, -4.68)
(-2.7902, -0.0507, -4.8517)
(-0.0922, 2.0703, -3.9976)
(-0.7473, 2.2013, -3.9069)
(-1.4048, 2.1309, -3.8589)
(-2.0052, 1.8369, -3.855)
(-2.5206, 1.4414, -3.9176)
(-2.8416, 0.8863, -3.9787)
(-2.8896, 0.2804, -4.1259)
(-2.8496, -0.1955, -4.2564)
(-0.1334, 1.7025, -3.5899)
(-0.7688, 1.8846, -3.4318)
(-1.3781, 1.962, -3.2977)
(-1.8574, 1.6237, -3.3525)
(-2.1713, 1.2135, -3.5955)
(-2.5582, 0.7569, -3.5873)
(-2.769, 0.1932, -3.6814)
(-2.8671, -0.327, -3.664)
(-0.0938, 1.7384, -3.1321)
(-0.7377, 1.7348, -2.9564)
(-1.2782, 1.7222, -2.8153)
(-1.5974, 1.3521, -2.996)
(-1.7428, 1.047, -3.3553)
(-2.1222, 0.6925, -3.5197)
(-2.3864, 0.1956, -3.6699)
(-2.348, -0.2194, -3.9677)
(-0.0844, 2.1917, -2.8729)
(-0.6504, 2.0193, -2.6274)
(-0.9698, 1.6727, -2.4904)
(-1.2288, 1.3521, -2.7716)
(-1.5378, 0.9788, -2.9013)
(-1.9163, 0.6134, -3.0611)
(-2.1769, 0.1385, -3.225)
(-2.2337, -0.2889, -3.4171)
(0.0344, 2.5282, -2.4424)
(-0.4151, 2.2252, -2.2201)
(-0.6265, 1.7262, -2.2205)
(-1.0674, 1.4237, -2.3469)
(-1.4614, 0.9943, -2.3992)
(-1.8414, 0.5851, -2.4883)
(-2.1175, 0.1082, -2.5921)
(-2.197, -0.3272, -2.7064)
(0.1446, 2.6515, -1.9018)
(-0.28, 2.2916, -1.7485)
(-0.6638, 1.7768, -1.7536)
(-1.1669, 1.3776, -1.8253)
(-1.6899, 1.064, -1.9119)
(-2.1337, 0.6768, -2.0014)
(-2.3956, 0.164, -2.0482)
(-2.4971, -0.2845, -2.0864)
(0.1028, 2.6126, -1.3516)
(-0.4939, 2.4411, -1.3319)
(-0.9625, 1.9776, -1.3165)
(-1.4062, 1.4764, -1.3155)
(-1.8923, 1.0761, -1.3708)
(-2.3641, 0.7048, -1.4494)
(-2.6554, 0.2058, -1.4796)
(-2.7796, -0.2434, -1.4845)
(0.0685, 2.5264, -0.7648)
(-0.5994, 2.4527, -0.7807)
(-1.1777, 2.1153, -0.8031)
(-1.6714, 1.6508, -0.8268)
(-2.1327, 1.1907, -0.856)
(-2.5632, 0.7368, -0.8859)
(-2.8832, 0.2333, -0.901)
(-3.0551, -0.2048, -0.8943)
(0.0521, 2.4677, -0.1635)
(-0.6149, 2.3971, -0.1797)
(-1.2187, 2.0808, -0.2146)
(-1.7546, 1.6507, -0.2541)
(-2.2513, 1.2009, -0.2868)
(-2.7089, 0.7378, -0.3101)
(-3.0956, 0.2603, -0.3239)
(-3.3329, -0.1592, -0.3096)
(0.032, 2.4055, 0.4372)
(-0.6146, 2.3417, 0.4241)
(-1.1841, 1.9762, 0.3813)
(-1.7125, 1.5317, 0.3341)
(-2.2511, 1.1092, 0.299)
(-2.7898, 0.7089, 0.2727)
(-3.2918, 0.3178, 0.2478)
(-3.6333, -0.068, 0.271)
(0.0135, 2.325, 1.0373)
(-0.6138, 2.2861, 1.0283)
(-1.1566, 1.8963, 0.9785)
(-1.7039, 1.4887, 0.9231)
(-2.2905, 1.1303, 0.8854)
(-2.8889, 0.7994, 0.846)
(-3.4957, 0.5127, 0.7849)
(-4.1275, 0.1256, 0.8205)
(0.0096, 2.2412, 1.64)
(-0.6231, 2.2435, 1.6316)
(-1.1945, 1.923, 1.5657)
(-1.8078, 1.6492, 1.477)
(-2.4243, 1.3516, 1.4221)
(-4.7108, 0.2701, 1.2355)
(-3.0322, 1.0434, 1.3779)
(-3.6726, 0.852, 1.2669)
(-5.3191, 0.3823, 1.8449)
(-4.316, 0.7035, 1.2236)
(-5.9762, 0.6238, 1.9124)
(0.0119, 2.1409, 2.2391)
(-4.9277, 0.6292, 1.4489)
(-0.6471, 2.1937, 2.2239)
(-1.2912, 2.0495, 2.1288)
(-1.9466, 1.8751, 2.0157)
(-6.016, 0.426, 1.5582)
(-2.585, 1.6379, 1.9311)
(-5.4838, 0.6669, 1.7899)
(-3.2028, 1.3622, 1.8701)
(-3.8464, 1.2245, 1.73)
(-5.8875, 0.6477, 1.8142)
(-4.4771, 1.1903, 1.594)
(-5.9493, 0.607, 1.4213)
(-5.0799, 1.0945, 1.7194)
(0.0061, 1.9706, 2.7792)
(-0.665, 2.003, 2.7714)
(-1.3347, 1.979, 2.7237)
(-2.0365, 1.9358, 2.6025)
(-5.7156, 1.0495, 1.8704)
(-2.7215, 1.8285, 2.4723)
(-3.3782, 1.6585, 2.3575)
(-6.2204, 0.9996, 1.8057)
(-4.0368, 1.5425, 2.2158)
(0.0016, 1.8012, 3.144)
(-0.6764, 1.7808, 3.1903)
(-6.233, 1.064, 1.4189)
(-4.6984, 1.5251, 2.0754)
(-5.3554, 1.4721, 2.1009)
(-2.1175, 1.7489, 3.1666)
(-1.2971, 1.6647, 3.3636)
(-5.9584, 1.4433, 2.1034)
(-2.8311, 1.7534, 3.0351)
(-3.5221, 1.7066, 2.908)
(-6.5455, 1.4397, 1.9717)
(-4.2068, 1.6414, 2.7718)
(-6.71, 1.4417, 1.6066)
(-4.9059, 1.6187, 2.6447)
(-5.6277, 1.6348, 2.5852)
(-1.6814, 1.3469, 3.6922)
(-2.2399, 1.3836, 3.6013)
(-6.2944, 1.6644, 2.5172)
(-2.9139, 1.4132, 3.5006)
(-3.608, 1.4284, 3.4042)
(-6.8463, 1.7287, 2.3605)
(-4.2994, 1.4342, 3.3142)
(-7.1098, 1.6314, 2.0819)
(-4.9978, 1.4527, 3.2347)
(-5.7153, 1.4951, 3.1079)
(-1.8373, 0.913, 3.9519)
(-2.3192, 0.9086, 3.8681)
(-6.4001, 1.5702, 3.0116)
(-2.968, 0.9351, 3.7909)
(-3.6584, 0.9735, 3.7264)
(-6.9657, 1.6758, 2.8678)
(-4.3486, 1.0168, 3.6786)
(-1.9989, 0.6174, 4.0225)
(-7.3345, 1.7323, 2.6624)
(-5.0214, 1.0482, 3.6108)
(-2.3079, 0.4873, 3.9882)
(-3.0005, 0.5298, 3.9414)
(-5.6501, 1.0427, 3.3668)
(-3.692, 0.5682, 3.8741)
(-6.3541, 1.1282, 3.2499)
(-4.3794, 0.6065, 3.7824)
(-5.066, 0.6432, 3.7359)
(-6.9649, 1.2802, 3.1831)
(-5.6224, 0.6973, 3.3228)
(-7.3469, 1.4997, 3.12)
(-6.3035, 0.6635, 3.2452)
(-7.2015, 1.1801, 3.2143)
(-7.0352, 0.8452, 3.2348)
(7.5309, 0.3801, 2.8363)
(6.3025, 0.868, 1.8035)
(6.3126, 1.0468, 1.4886)
(6.5263, 0.8783, 1.2123)
(6.9059, 0.5924, 1.4466)
(7.266, 0.4106, 1.9006)
(7.5351, 0.3301, 2.4098)
(0.0703, -3.0099, -5.4063)
(0.0542, -3.1428, -4.9107)
(0.043, -3.2642, -4.3201)
(0.0295, -3.343, -3.7213)
(0.0192, -3.3242, -3.122)
(0.0201, -3.2236, -2.5236)
(0.0309, -3.0978, -1.9291)
(0.0401, -2.948, -1.3389)
(0.0432, -2.792, -0.7502)
(0.039, -2.6701, -0.1565)
(0.032, -2.5983, 0.4396)
(0.029, -2.4035, 0.9831)
(0.0301, -2.0637, 1.4806)
(0.0288, -1.7229, 1.9894)
(0.0264, -1.3861, 2.5043)
(0.026, -1.1215, 2.9222)
(0.2941, -2.9699, -5.1415)
(0.3206, -3.1219, -4.5917)
(0.3383, -3.2415, -4.0021)
(0.3565, -3.3178, -3.4124)
(0.3588, -3.287, -2.8127)
(0.3653, -3.2038, -2.2127)
(0.3761, -3.0746, -1.6189)
(0.3845, -2.9137, -1.0313)
(0.3899, -2.7521, -0.4447)
(0.3944, -2.6409, 0.1495)
(0.3976, -2.5346, 0.7291)
(0.3926, -2.2358, 1.2366)
(0.385, -1.8917, 1.7372)
(0.3764, -1.553, 2.2513)
(0.3749, -1.236, 2.7419)
(0.3743, -1.0078, 3.1017)
(0.2778, -2.8266, -5.5632)
(0.6286, -2.3097, -5.3439)
(1.1093, -2.1241, -5.1509)
(1.7338, -2.066, -5.04)
(2.1685, -1.6274, -5.0808)
(2.4324, -1.0115, -5.2173)
(2.6462, -0.4916, -5.2747)
(7.3234, 0.5189, 3.0657)
(6.854, 0.6197, 3.2006)
(6.1589, 0.6218, 3.3064)
(5.4818, 0.5919, 3.4667)
(4.8055, 0.5496, 3.5974)
(4.1182, 0.5254, 3.69)
(3.432, 0.4916, 3.8059)
(2.7427, 0.4568, 3.9125)
(2.2366, 0.3693, 3.9839)
(2.6478, -0.4212, -4.8621)
(2.4149, -0.9323, -4.8073)
(2.0809, -1.5088, -4.7082)
(1.5901, -1.9581, -4.6628)
(1.002, -2.1593, -4.7468)
(0.6073, -2.4598, -4.9427)
(2.6459, -0.3974, -4.304)
(2.2895, -0.7848, -4.3279)
(1.8604, -1.3013, -4.322)
(1.3597, -1.7403, -4.2551)
(0.8812, -2.1466, -4.265)
(0.6117, -2.6398, -4.4236)
(2.6021, -0.4465, -3.8374)
(2.2872, -0.7905, -3.8735)
(1.9627, -1.3124, -3.86)
(1.496, -1.7373, -3.7577)
(1.0724, -2.2231, -3.7675)
(0.7613, -2.8049, -3.8987)
(2.3096, -0.5597, -3.8324)
(2.0859, -0.9496, -3.6683)
(1.9738, -1.4354, -3.4158)
(1.7575, -1.9506, -3.2986)
(1.3521, -2.4876, -3.3511)
(0.9264, -3.0136, -3.3951)
(2.1933, -0.5857, -3.3136)
(2.0431, -0.9862, -3.1302)
(1.9612, -1.5035, -2.8549)
(1.8206, -2.0622, -2.7564)
(1.4728, -2.6423, -2.81)
(0.9961, -3.1026, -2.8207)
(2.1714, -0.5441, -2.6024)
(2.181, -1.0508, -2.5202)
(2.0414, -1.5674, -2.3388)
(1.7658, -2.0772, -2.2179)
(1.4845, -2.6769, -2.2301)
(1.0242, -3.1018, -2.2206)
(2.4347, -0.5264, -1.9929)
(2.3701, -1.0484, -1.9239)
(2.2466, -1.6338, -1.8325)
(2.0008, -2.1889, -1.7468)
(1.6109, -2.705, -1.6767)
(1.051, -3.028, -1.6245)
(2.7329, -0.507, -1.4135)
(2.5867, -1.0117, -1.3383)
(2.3959, -1.5957, -1.2583)
(2.1169, -2.1494, -1.1797)
(1.6709, -2.6204, -1.0939)
(1.0662, -2.8884, -1.0359)
(3.0222, -0.476, -0.8429)
(2.7995, -0.9593, -0.7633)
(2.5046, -1.5109, -0.6744)
(2.1623, -2.0484, -0.5892)
(1.7015, -2.5131, -0.5014)
(1.0826, -2.7443, -0.4476)
(3.3127, -0.4337, -0.2836)
(3.0337, -0.9163, -0.2057)
(2.6826, -1.4751, -0.1083)
(2.2973, -2.0303, -0.0063)
(1.783, -2.4698, 0.0936)
(1.1131, -2.6409, 0.1467)
(3.6198, -0.3696, 0.2632)
(3.2858, -0.8888, 0.334)
(2.8964, -1.4717, 0.4415)
(2.4526, -2.0301, 0.5733)
(1.8603, -2.413, 0.6883)
(1.139, -2.5317, 0.7318)
(6.1582, 0.6254, 1.8557)
(5.7596, 0.4422, 1.6487)
(5.168, 0.308, 1.2906)
(4.5276, 0.1472, 0.9621)
(3.9656, -0.3252, 0.7865)
(3.4997, -0.8766, 0.8808)
(3.0309, -1.41, 1.0064)
(2.5026, -1.8887, 1.14)
(1.8509, -2.1646, 1.2267)
(1.1221, -2.2295, 1.2436)
(6.1028, 0.8907, 1.6973)
(5.6469, 0.6628, 1.5371)
(5.2206, 0.3461, 1.2637)
(4.7614, -0.0203, 1.1631)
(4.1967, -0.4146, 1.2467)
(3.6387, -0.8317, 1.3923)
(3.0635, -1.2225, 1.5254)
(2.4556, -1.5694, 1.6303)
(1.7963, -1.7996, 1.7051)
(1.0948, -1.8796, 1.7365)
(6.1983, 0.872, 1.3088)
(5.7921, 0.5293, 1.3126)
(5.3232, 0.283, 1.3824)
(4.786, 0.0751, 1.5251)
(4.1904, -0.2561, 1.6449)
(3.5943, -0.5929, 1.776)
(2.9925, -0.9151, 1.9081)
(2.3864, -1.2171, 2.0491)
(1.7492, -1.4409, 2.1737)
(1.0702, -1.5353, 2.2385)
(6.5489, 0.6113, 1.3775)
(6.088, 0.4213, 1.5761)
(5.5518, 0.1518, 1.699)
(5.0056, -0.1845, 1.8118)
(4.3999, -0.4747, 1.996)
(3.7795, -0.7297, 2.1888)
(3.1413, -0.943, 2.375)
(2.4776, -1.1006, 2.5613)
(1.7719, -1.1779, 2.7073)
(1.0646, -1.2114, 2.755)
(6.8954, 0.4762, 1.7977)
(6.4109, 0.3477, 2.0173)
(5.8289, 0.0836, 2.1549)
(5.2365, -0.2346, 2.2998)
(4.611, -0.4872, 2.5084)
(3.9558, -0.6422, 2.708)
(3.2755, -0.7363, 2.8777)
(2.5661, -0.7831, 3.0322)
(1.8299, -0.7985, 3.1811)
(1.0586, -0.885, 3.2099)
(7.2256, 0.3051, 2.2422)
(6.7339, 0.2065, 2.4426)
(6.1229, 0.0939, 2.6209)
(5.4534, -0.0757, 2.8113)
(4.7604, -0.2371, 3.013)
(4.0706, -0.3142, 3.1797)
(3.3757, -0.3672, 3.328)
(2.6763, -0.405, 3.4627)
(2.0552, -0.4241, 3.5659)
(7.3804, 0.3356, 2.7477)
(6.8847, 0.3088, 2.9192)
(6.2398, 0.2951, 3.0659)
(5.532, 0.2476, 3.2285)
(4.815, 0.1774, 3.3843)
(4.1168, 0.1358, 3.5098)
(3.4247, 0.0952, 3.6398)
(2.7396, 0.0562, 3.7582)
(2.1783, 0.0083, 3.8575)
(1.8915, -0.2216, 3.7712)
(2.4005, -0.1933, 3.6851)
(3.0599, -0.158, 3.5705)
(3.7541, -0.1147, 3.4358)
(4.4499, -0.0662, 3.2941)
(5.1532, 0.0087, 3.1366)
(5.8694, 0.1354, 2.9435)
(6.534, 0.1941, 2.7791)
(7.1068, 0.2548, 2.5969)
(1.609, -0.6142, 3.441)
(2.2725, -0.6103, 3.3223)
(2.9776, -0.5867, 3.1869)
(3.677, -0.5382, 3.0397)
(4.3606, -0.4527, 2.8686)
(5.026, -0.3003, 2.6692)
(5.6739, -0.0452, 2.4653)
(6.2883, 0.1742, 2.3121)
(6.848, 0.3404, 2.1233)
(0.7209, -1.09, 2.9584)
(1.4132, -1.012, 2.9961)
(2.1608, -0.9886, 2.8845)
(2.8748, -0.9281, 2.7162)
(3.5503, -0.8101, 2.5377)
(4.1993, -0.6335, 2.3425)
(4.823, -0.3967, 2.132)
(5.4123, -0.0774, 1.9609)
(5.9593, 0.2762, 1.8757)
(6.5127, 0.4736, 1.6902)
(0.7216, -1.3825, 2.5083)
(1.4094, -1.3495, 2.4802)
(2.0946, -1.2487, 2.3787)
(2.736, -1.041, 2.213)
(3.3581, -0.783, 2.048)
(3.9694, -0.4931, 1.8898)
(4.5754, -0.1879, 1.7345)
(5.1622, 0.1031, 1.5909)
(5.6789, 0.3283, 1.4474)
(6.1641, 0.6045, 1.3335)
(0.7313, -1.718, 1.9919)
(1.4269, -1.6729, 1.9657)
(2.0942, -1.5072, 1.8884)
(2.7139, -1.2114, 1.7787)
(3.3166, -0.8729, 1.6597)
(3.903, -0.5092, 1.5245)
(4.4841, -0.1379, 1.3934)
(5.0371, 0.1992, 1.308)
(5.4668, 0.4604, 1.3284)
(5.9127, 0.786, 1.4661)
(0.7485, -2.0605, 1.4885)
(1.4688, -2.0349, 1.4859)
(2.1701, -1.8988, 1.4437)
(2.787, -1.5564, 1.3429)
(3.3335, -1.1161, 1.2177)
(3.8519, -0.6396, 1.0828)
(4.3864, -0.1587, 1.0019)
(4.9449, 0.1835, 1.1373)
(5.4316, 0.4724, 1.4301)
(5.9197, 0.6873, 1.76)
(0.7641, -2.4035, 0.9932)
(1.5039, -2.3756, 0.9879)
(2.2003, -2.1856, 0.9242)
(2.7466, -1.7273, 0.7903)
(3.1885, -1.1654, 0.6616)
(3.5988, -0.5974, 0.5616)
(3.9819, -0.0632, 0.5071)
(0.7628, -2.6058, 0.4485)
(1.4893, -2.5618, 0.4297)
(2.1309, -2.2804, 0.3435)
(2.5965, -1.7606, 0.2225)
(2.9808, -1.1877, 0.1141)
(3.3254, -0.6352, 0.0225)
(3.5812, -0.1981, -0.0326)
(0.7455, -2.6973, -0.1462)
(1.4318, -2.624, -0.17)
(2.0009, -2.2786, -0.25)
(2.4072, -1.7582, -0.3434)
(2.7524, -1.2109, -0.4342)
(3.0533, -0.6787, -0.5258)
(3.2637, -0.2563, -0.5925)
(0.7322, -2.8415, -0.7349)
(1.395, -2.7247, -0.7628)
(1.9299, -2.3434, -0.8402)
(2.3041, -1.8276, -0.9251)
(2.5745, -1.2697, -1.0054)
(2.7959, -0.7215, -1.0913)
(2.9474, -0.2862, -1.1584)
(0.7228, -3.0065, -1.3204)
(1.375, -2.8543, -1.3529)
(1.8882, -2.4457, -1.4316)
(2.23, -1.9157, -1.5142)
(2.4083, -1.3302, -1.5893)
(2.5377, -0.7558, -1.6689)
(2.6284, -0.3036, -1.7322)
(0.7103, -3.1425, -1.9119)
(1.3234, -2.9273, -1.9377)
(1.7135, -2.4206, -1.9678)
(2.009, -1.8608, -2.0222)
(2.2331, -1.3478, -2.1672)
(2.2787, -0.7754, -2.2576)
(2.2776, -0.3174, -2.3124)
(0.6963, -3.2183, -2.5112)
(1.2773, -2.9243, -2.5273)
(1.6288, -2.3649, -2.4959)
(1.8963, -1.7833, -2.4993)
(2.0468, -1.2843, -2.7104)
(2.1385, -0.7665, -2.905)
(2.1643, -0.3972, -2.9844)
(0.6817, -3.2337, -3.1116)
(1.2229, -2.8515, -3.1143)
(1.6331, -2.3059, -3.0652)
(1.9441, -1.7523, -3.0519)
(1.9608, -1.2122, -3.2837)
(2.1426, -0.7692, -3.5611)
(2.3017, -0.4171, -3.6854)
(0.6306, -3.1417, -3.6846)
(1.0382, -2.6371, -3.608)
(1.4196, -2.0762, -3.5297)
(1.8366, -1.6112, -3.5689)
(2.0977, -1.1244, -3.7247)
(2.3105, -0.6554, -3.8094)
(2.6354, -0.3952, -3.8644)
(0.5515, -2.9869, -4.2428)
(0.7746, -2.4296, -4.0671)
(1.1572, -1.9186, -3.9873)
(1.6278, -1.4935, -4.0514)
(2.1245, -1.0337, -4.1042)
(2.4499, -0.5286, -4.0311)
(2.8799, -0.3602, -4.0205)
(0.4973, -2.8219, -4.805)
(0.7055, -2.311, -4.5839)
(1.1924, -2.0208, -4.4815)
(1.7063, -1.6312, -4.4834)
(2.1719, -1.1374, -4.5628)
(2.4944, -0.5971, -4.5823)
(2.7997, -0.2484, -4.6177)
(0.4686, -2.6483, -5.2739)
(0.799, -2.1952, -5.0394)
(1.3767, -2.1309, -4.8956)
(1.9419, -1.8353, -4.8453)
(2.3075, -1.2896, -4.9631)
(2.5516, -0.6932, -5.0553)
(2.7369, -0.2429, -5.1022)
(2.0175, 0.1474, 3.9714)
(2.4434, 0.2391, 3.8945)
(3.0869, 0.2832, 3.7918)
(3.7757, 0.3209, 3.6736)
(4.4664, 0.3554, 3.5538)
(5.1647, 0.3915, 3.4446)
(5.8669, 0.4452, 3.2776)
(6.5549, 0.4481, 3.1437)
(7.1633, 0.4441, 3.011)
(7.5019, 1.0287, 3.2765)
(6.5523, 0.5538, 1.8904)
(6.769, 0.8223, 1.669)
(6.9876, 1.28, 1.6692)
(7.2414, 1.6623, 2.0938)
(7.4199, 1.7788, 2.6521)
(7.5393, 1.4441, 3.0682)
(-0.058, 2.3476, -4.7011)
(-0.0707, 2.2287, -4.2309)
(-0.1204, 1.8682, -3.7965)
(-0.1154, 1.6527, -3.3479)
(-0.093, 1.9464, -2.9965)
(-0.0373, 2.3894, -2.6845)
(0.1049, 2.6142, -2.176)
(0.1347, 2.6458, -1.6291)
(0.0806, 2.5685, -1.0623)
(0.0601, 2.4944, -0.4644)
(0.0426, 2.4389, 0.1371)
(0.0215, 2.3667, 0.7371)
(0.0098, 2.2828, 1.3384)
(0.0112, 2.1979, 1.9411)
(0.0096, 2.061, 2.5267)
(0.0035, 1.884, 2.9776)
(0.2774, 2.2749, -4.4952)
(0.2198, 1.9625, -4.0706)
(0.1871, 1.6171, -3.6621)
(0.2345, 1.7567, -3.2203)
(0.2351, 2.2244, -2.9692)
(0.3408, 2.5336, -2.5201)
(0.4321, 2.6386, -1.9516)
(0.4279, 2.5684, -1.3638)
(0.405, 2.4712, -0.7679)
(0.3786, 2.3901, -0.1698)
(0.3347, 2.285, 0.4213)
(0.2933, 2.1708, 1.0119)
(0.2939, 2.0876, 1.6119)
(0.3205, 2.0241, 2.2132)
(0.3374, 1.923, 2.7692)
(0.3417, 1.7846, 3.1632)
(0.2773, 2.2776, -4.9089)
(0.9014, 2.0248, -4.8053)
(1.4722, 1.7166, -4.5811)
(2.0248, 1.4197, -4.5791)
(2.5563, 1.1318, -4.8874)
(2.8383, 0.6772, -5.1418)
(2.8345, 0.1324, -5.2483)
(7.3177, 0.7688, 3.2621)
(6.8205, 0.6408, 3.2013)
(6.1128, 0.6286, 3.2901)
(5.4627, 0.5985, 3.4528)
(4.791, 0.5684, 3.5923)
(4.1063, 0.5449, 3.6926)
(3.4226, 0.511, 3.8116)
(2.7365, 0.4761, 3.9177)
(2.2263, 0.5098, 3.9951)
(2.8258, 0.0414, -4.8394)
(2.8797, 0.601, -4.7201)
(2.6854, 1.1783, -4.5756)
(2.1902, 1.5961, -4.4775)
(1.5818, 1.888, -4.4749)
(0.9374, 2.1116, -4.5089)
(2.9119, -0.0647, -4.2815)
(2.9369, 0.4874, -4.1701)
(2.6626, 1.0319, -4.0772)
(2.1131, 1.3817, -4.116)
(1.4913, 1.5791, -4.2076)
(0.8471, 1.7435, -4.1987)
(2.8627, -0.1554, -3.7999)
(2.8028, 0.3836, -3.6954)
(2.4854, 0.9087, -3.574)
(1.9963, 1.2965, -3.6063)
(1.4567, 1.4531, -3.7499)
(0.8415, 1.4833, -3.768)
(2.4469, -0.1568, -3.735)
(2.3672, 0.3249, -3.5501)
(2.1111, 0.761, -3.2725)
(1.729, 1.0906, -3.1878)
(1.339, 1.4794, -3.3772)
(0.8649, 1.7379, -3.3723)
(2.2613, -0.1891, -3.2636)
(2.1513, 0.2737, -3.098)
(1.8851, 0.6915, -2.8004)
(1.5514, 1.0501, -2.729)
(1.1901, 1.5438, -2.9387)
(0.7843, 2.0379, -3.027)
(2.2075, -0.1813, -2.5746)
(2.0941, 0.2824, -2.4651)
(1.913, 0.8062, -2.3027)
(1.7449, 1.2986, -2.3514)
(1.4119, 1.8005, -2.5374)
(0.9337, 2.2752, -2.5682)
(2.4909, -0.1163, -2.0156)
(2.3953, 0.3868, -1.9786)
(2.2739, 0.9697, -1.9741)
(2.067, 1.5052, -2.0153)
(1.6097, 1.964, -2.0271)
(1.0492, 2.3623, -1.9969)
(2.7934, -0.0743, -1.452)
(2.7041, 0.4491, -1.4625)
(2.5156, 1.0293, -1.4768)
(2.1639, 1.5259, -1.4696)
(1.6456, 1.9427, -1.4353)
(1.0619, 2.3104, -1.3958)
(3.0785, -0.0431, -0.8871)
(2.9203, 0.4661, -0.9012)
(2.6041, 0.9908, -0.8978)
(2.1409, 1.4215, -0.8781)
(1.6034, 1.8217, -0.8435)
(1.0325, 2.2062, -0.7982)
(3.3506, -0.0076, -0.3236)
(3.0648, 0.4414, -0.3296)
(2.6048, 0.8716, -0.3194)
(2.0618, 1.2391, -0.3093)
(1.5072, 1.6309, -0.2761)
(0.9669, 2.0573, -0.2157)
(3.6133, 0.0747, 0.2409)
(3.1635, 0.4255, 0.2402)
(2.5928, 0.7621, 0.2533)
(2.0047, 1.1018, 0.2597)
(1.4219, 1.4652, 0.2889)
(0.8795, 1.8811, 0.3551)
(6.2424, 0.5152, 1.9458)
(5.8381, 0.4267, 1.7127)
(5.2177, 0.3201, 1.3437)
(4.5558, 0.1887, 0.9922)
(3.9156, 0.3028, 0.7663)
(3.3003, 0.5938, 0.7851)
(2.6781, 0.8773, 0.8195)
(2.072, 1.2058, 0.8323)
(1.4536, 1.4973, 0.8697)
(0.842, 1.7836, 0.9383)
(6.4795, 0.6206, 1.8648)
(5.9638, 0.589, 1.8633)
(5.361, 0.6127, 1.5447)
(4.7507, 0.6319, 1.2526)
(4.1017, 0.7137, 1.2223)
(3.4454, 0.8994, 1.2876)
(2.8072, 1.1337, 1.3507)
(2.1878, 1.4325, 1.3796)
(1.5463, 1.6618, 1.4399)
(0.885, 1.8095, 1.5267)
(6.635, 1.0027, 1.7436)
(6.1433, 0.9859, 1.8811)
(5.5439, 1.0752, 1.718)
(4.8944, 1.0933, 1.6051)
(4.2441, 1.1331, 1.6706)
(3.5825, 1.255, 1.7646)
(2.9351, 1.4253, 1.865)
(2.292, 1.6438, 1.9346)
(1.6272, 1.7911, 2.029)
(0.9524, 1.8563, 2.1287)
(6.8729, 1.4252, 1.9583)
(6.3412, 1.4042, 2.0878)
(5.7178, 1.458, 2.0869)
(5.0393, 1.4749, 2.0875)
(4.3763, 1.5018, 2.1506)
(3.7133, 1.5732, 2.2578)
(3.0522, 1.6749, 2.3889)
(2.3792, 1.7707, 2.5164)
(1.6803, 1.8182, 2.6479)
(0.9952, 1.8449, 2.7347)
(7.1058, 1.7216, 2.4557)
(6.5443, 1.6602, 2.5725)
(5.8964, 1.6525, 2.6224)
(5.2185, 1.6782, 2.6365)
(4.5217, 1.6727, 2.689)
(3.8509, 1.6567, 2.8154)
(3.1744, 1.6891, 2.9555)
(2.4783, 1.6985, 3.0961)
(1.7598, 1.6652, 3.2426)
(1.0114, 1.7059, 3.2778)
(7.2811, 1.6233, 2.9604)
(6.7031, 1.545, 3.0585)
(6.0352, 1.4717, 3.1341)
(5.3667, 1.4416, 3.1463)
(4.6591, 1.4349, 3.1865)
(3.9761, 1.4168, 3.3193)
(3.29, 1.4006, 3.4389)
(2.5988, 1.3713, 3.5509)
(1.9851, 1.3306, 3.656)
(7.345, 1.1506, 3.1939)
(6.7746, 1.0534, 3.2327)
(6.0704, 0.996, 3.3314)
(5.3983, 0.9726, 3.4017)
(4.7293, 0.9703, 3.4824)
(4.057, 0.9598, 3.6151)
(3.3733, 0.9264, 3.7146)
(2.692, 0.8899, 3.806)
(2.1314, 0.8757, 3.9046)
(1.8308, 1.0929, 3.8523)
(2.3372, 1.1162, 3.7524)
(2.9922, 1.152, 3.6533)
(3.6798, 1.184, 3.5543)
(4.3623, 1.2058, 3.434)
(5.0411, 1.2084, 3.3148)
(5.7311, 1.2201, 3.3076)
(6.3941, 1.2758, 3.2253)
(7.0733, 1.3597, 3.148)
(1.5464, 1.4921, 3.5384)
(2.1961, 1.5453, 3.4086)
(2.8888, 1.5769, 3.2822)
(3.5767, 1.5776, 3.1518)
(4.2571, 1.5824, 3.0176)
(4.9446, 1.6159, 2.9144)
(5.6562, 1.6049, 2.9171)
(6.296, 1.6348, 2.8739)
(6.9496, 1.6918, 2.7954)
(0.6749, 1.8214, 2.9928)
(1.3453, 1.7657, 3.0097)
(2.0703, 1.7712, 2.8843)
(2.773, 1.7477, 2.743)
(3.4478, 1.6857, 2.6016)
(4.1147, 1.6326, 2.4696)
(4.7834, 1.6291, 2.3773)
(5.4701, 1.6027, 2.3493)
(6.1335, 1.5785, 2.3303)
(6.7327, 1.569, 2.2617)
(0.6503, 1.9019, 2.4748)
(1.3133, 1.8467, 2.3917)
(1.9985, 1.7825, 2.2779)
(2.6677, 1.6509, 2.1706)
(3.3193, 1.4894, 2.0679)
(3.9785, 1.3805, 1.9451)
(4.6383, 1.2968, 1.869)
(5.2929, 1.3032, 1.8269)
(5.9552, 1.2469, 1.9312)
(6.4987, 1.1889, 1.9036)
(0.6006, 1.9136, 1.8711)
(1.2549, 1.7922, 1.7774)
(1.9206, 1.6544, 1.6879)
(2.5588, 1.4145, 1.6291)
(3.1899, 1.1593, 1.5784)
(3.8452, 1.0032, 1.4761)
(4.5034, 0.8723, 1.4235)
(5.1431, 0.8665, 1.4659)
(5.7525, 0.7925, 1.7889)
(6.3221, 0.765, 1.8654)
(0.5594, 1.9341, 1.2716)
(1.1731, 1.6751, 1.1928)
(1.8189, 1.4597, 1.125)
(2.4338, 1.1533, 1.0984)
(3.054, 0.8555, 1.0713)
(3.6965, 0.6208, 1.012)
(4.3435, 0.4096, 1.0278)
(4.9698, 0.4383, 1.2626)
(5.5971, 0.456, 1.6449)
(6.1594, 0.5204, 1.8999)
(0.5811, 2.0242, 0.6822)
(1.13, 1.6246, 0.6096)
(1.7253, 1.2945, 0.5579)
(2.3241, 0.9558, 0.5438)
(2.9265, 0.636, 0.5306)
(3.5122, 0.3319, 0.5081)
(4.0105, -0.0132, 0.5236)
(0.6517, 2.1742, 0.103)
(1.1843, 1.7453, 0.0339)
(1.735, 1.3333, -0.0155)
(2.3096, 0.9739, -0.0304)
(2.8626, 0.6172, -0.0368)
(3.3243, 0.2184, -0.0461)
(3.5977, -0.1711, -0.0269)
(0.7102, 2.3092, -0.4821)
(1.2844, 1.9384, -0.5316)
(1.8337, 1.5294, -0.5784)
(2.3677, 1.1427, -0.6006)
(2.8268, 0.7131, -0.6129)
(3.1307, 0.2037, -0.6141)
(3.2799, -0.2421, -0.594)
(0.7417, 2.412, -1.0785)
(1.3468, 2.085, -1.1158)
(1.9049, 1.6917, -1.1558)
(2.3882, 1.2661, -1.1825)
(2.7179, 0.7508, -1.1903)
(2.8927, 0.1846, -1.1761)
(2.9671, -0.2796, -1.1619)
(0.7558, 2.5029, -1.6782)
(1.3599, 2.1681, -1.7163)
(1.9077, 1.761, -1.7522)
(2.3192, 1.2895, -1.7632)
(2.4879, 0.721, -1.7333)
(2.6239, 0.1499, -1.7336)
(2.6479, -0.3125, -1.74)
(0.7102, 2.5053, -2.273)
(1.2814, 2.1354, -2.3008)
(1.7486, 1.6662, -2.2667)
(2.0281, 1.1679, -2.1395)
(2.1249, 0.6103, -2.171)
(2.3011, 0.0733, -2.248)
(2.3011, -0.3547, -2.317)
(0.5792, 2.3408, -2.8175)
(1.0654, 1.9279, -2.7854)
(1.4524, 1.3974, -2.6549)
(1.7387, 0.9366, -2.4543)
(1.9695, 0.5124, -2.6733)
(2.1778, 0.019, -2.8473)
(2.1905, -0.3857, -2.9892)
(0.5399, 1.9788, -3.1667)
(1.0463, 1.7307, -3.2019)
(1.4125, 1.2424, -3.0749)
(1.797, 0.8582, -2.9262)
(2.1167, 0.5297, -3.2504)
(2.3039, 0.0483, -3.4542)
(2.3186, -0.3689, -3.679)
(0.54, 1.5953, -3.4984)
(1.1654, 1.5311, -3.586)
(1.6447, 1.3529, -3.4873)
(2.0995, 1.0237, -3.3509)
(2.4704, 0.6164, -3.5341)
(2.6522, 0.0792, -3.686)
(2.6462, -0.3759, -3.8508)
(0.507, 1.6467, -3.9425)
(1.1529, 1.4999, -4.0069)
(1.7745, 1.4413, -3.927)
(2.3426, 1.1673, -3.8094)
(2.8027, 0.7232, -3.8357)
(2.9465, 0.1351, -3.9537)
(2.8947, -0.3461, -4.02)
(0.5731, 2.0607, -4.3305)
(1.2215, 1.8624, -4.3783)
(1.8638, 1.6413, -4.3509)
(2.4514, 1.333, -4.3242)
(2.8562, 0.852, -4.3927)
(2.9036, 0.2466, -4.5216)
(2.8157, -0.2363, -4.6171)
(0.6151, 2.2245, -4.6911)
(1.2437, 1.9853, -4.5999)
(1.8467, 1.7131, -4.5103)
(2.3986, 1.3726, -4.6387)
(2.796, 0.9365, -4.8557)
(2.8478, 0.3428, -5.0096)
(2.786, -0.1358, -5.0957)
(1.9843, 0.7081, 4.0021)
(2.4166, 0.6671, 3.9196)
(3.0577, 0.6911, 3.8228)
(3.7429, 0.7276, 3.727)
(4.4226, 0.7556, 3.6101)
(5.0932, 0.7629, 3.495)
(5.7551, 0.785, 3.3863)
(6.4349, 0.8097, 3.271)
(7.1168, 0.8732, 3.2171)
(2.2531, -0.4296, -3.3713)
(2.3673, -0.3564, -3.9931)
(2.755, -0.1932, -4.9165)
(6.0534, 0.5138, 1.9026)
(5.5444, 0.3552, 1.4588)
(4.242, 0.063, 0.7788)
(3.7503, -0.1394, 0.2518)
(4.8414, 0.273, 1.1754)
(2.7993, -0.2972, -1.4451)
(2.4769, -0.3189, -2.0271)
(7.2041, 0.6341, 3.1617)
(2.9143, -0.4148, -3.7222)
(6.4704, 0.6264, 3.2402)
(5.8013, 0.624, 3.3562)
(5.1431, 0.5663, 3.5633)
(4.4534, 0.5517, 3.6263)
(3.4285, -0.2297, -0.3113)
(3.7711, 0.5187, 3.7563)
(3.0835, 0.4839, 3.8611)
(2.1018, -0.3532, -2.6023)
(2.3958, 0.449, 3.969)
(2.8604, -0.2915, -4.3183)
(3.1151, -0.2686, -0.8752)
(-7.4324, 0.5541, 3.0922)
(-5.9043, 1.0524, 1.7162)
(-6.0806, 1.1009, 1.5371)
(-6.4345, 0.8636, 1.4703)
(-6.8395, 0.5792, 1.8157)
(-7.2119, 0.342, 2.2334)
(-7.4492, 0.3448, 2.7253)
(-0.1774, -2.9773, -5.1656)
(-0.2283, -3.1219, -4.6122)
(-0.2685, -3.2466, -4.0209)
(-0.3094, -3.31, -3.4314)
(-0.3207, -3.2193, -2.8389)
(-0.3099, -3.0875, -2.2466)
(-0.2991, -2.947, -1.6554)
(-0.2965, -2.8044, -1.0642)
(-0.305, -2.6859, -0.4692)
(-0.3238, -2.62, 0.1312)
(-0.338, -2.5297, 0.7134)
(-0.3339, -2.2356, 1.225)
(-0.3241, -1.8932, 1.728)
(-0.3225, -1.5529, 2.2422)
(-0.3222, -1.2339, 2.7319)
(-0.3235, -1.0161, 3.0983)
(-0.1173, -2.8377, -5.5869)
(-0.348, -2.2867, -5.3868)
(-0.6407, -1.775, -5.2287)
(-1.2295, -1.4598, -5.2599)
(-1.8298, -1.1464, -5.3374)
(-2.3413, -0.6922, -5.3427)
(-2.6636, -0.2421, -5.2801)
(-7.1947, 0.7327, 3.2127)
(-6.6889, 0.7591, 3.2598)
(-5.9979, 0.7101, 3.3195)
(-5.3628, 0.6625, 3.5368)
(-4.7234, 0.603, 3.7457)
(-4.0286, 0.5699, 3.8187)
(-3.3368, 0.5295, 3.9021)
(-2.6447, 0.4883, 3.9619)
(-2.1381, 0.3959, 3.997)
(-2.6985, -0.298, -4.8634)
(-2.3985, -0.7798, -4.919)
(-1.8931, -1.2205, -4.9142)
(-1.2964, -1.5334, -4.8353)
(-0.7598, -1.9085, -4.8324)
(-0.4719, -2.4529, -5.0031)
(-2.7571, -0.4271, -4.3056)
(-2.4655, -0.9087, -4.3655)
(-1.9255, -1.2968, -4.3604)
(-1.3492, -1.5881, -4.2785)
(-0.931, -2.0454, -4.3171)
(-0.6327, -2.6366, -4.5011)
(-2.731, -0.5278, -3.8454)
(-2.4521, -1.0097, -3.8389)
(-1.9126, -1.4288, -3.7991)
(-1.3865, -1.7613, -3.7358)
(-1.0268, -2.2305, -3.779)
(-0.7224, -2.8166, -3.9493)
(-2.3558, -0.4563, -3.8247)
(-2.1317, -0.9179, -3.493)
(-1.7889, -1.4221, -3.307)
(-1.4618, -1.9445, -3.2713)
(-1.2261, -2.5016, -3.3395)
(-0.8817, -3.0078, -3.453)
(-2.1968, -0.5166, -3.369)
(-2.0729, -0.9466, -3.0745)
(-2.0063, -1.4626, -2.9953)
(-1.8652, -2.0548, -3.0164)
(-1.4936, -2.5897, -2.9431)
(-0.96, -2.9783, -2.8944)
(-2.2217, -0.4952, -2.6955)
(-2.3241, -0.9912, -2.6232)
(-2.3397, -1.5902, -2.5757)
(-2.065, -2.1375, -2.4998)
(-1.5678, -2.5569, -2.3908)
(-0.9585, -2.86, -2.3071)
(-2.4593, -0.4889, -2.053)
(-2.5141, -1.0132, -2.018)
(-2.4598, -1.6114, -1.9753)
(-2.1153, -2.116, -1.889)
(-1.5831, -2.4819, -1.7925)
(-0.9551, -2.742, -1.7141)
(-2.7215, -0.4659, -1.45)
(-2.6571, -0.9874, -1.4038)
(-2.5008, -1.5715, -1.3539)
(-2.1434, -2.0683, -1.2778)
(-1.6086, -2.4231, -1.1895)
(-0.9666, -2.6443, -1.1164)
(-2.9747, -0.43, -0.8641)
(-2.8029, -0.9369, -0.8092)
(-2.5499, -1.5098, -0.7478)
(-2.1804, -2.0219, -0.6718)
(-1.6499, -2.3964, -0.5846)
(-0.9948, -2.5896, -0.5138)
(-3.2304, -0.3857, -0.2897)
(-2.9805, -0.8881, -0.2325)
(-2.6533, -1.4633, -0.1599)
(-2.2661, -2.0142, -0.0734)
(-1.7282, -2.4245, 0.0211)
(-1.0435, -2.5877, 0.0919)
(-3.5114, -0.3304, 0.2713)
(-3.2005, -0.8671, 0.3222)
(-2.8338, -1.4692, 0.4057)
(-2.4014, -2.0398, 0.5175)
(-1.8052, -2.4157, 0.6256)
(-1.0797, -2.5238, 0.6854)
(-5.8777, 0.7798, 1.7592)
(-5.5693, 0.5012, 1.7868)
(-4.9731, 0.2971, 1.4879)
(-4.3887, 0.15, 1.0233)
(-3.8282, -0.3004, 0.8057)
(-3.3827, -0.8568, 0.8759)
(-2.938, -1.4143, 0.9712)
(-2.4319, -1.9226, 1.0895)
(-1.7894, -2.193, 1.1759)
(-1.0617, -2.2337, 1.2077)
(-5.8399, 0.9608, 1.6973)
(-5.5248, 0.5899, 1.5568)
(-5.1244, 0.1676, 1.2735)
(-4.6235, -0.2171, 1.1528)
(-4.0437, -0.5355, 1.2566)
(-3.4722, -0.8814, 1.406)
(-2.9133, -1.2741, 1.4931)
(-2.3547, -1.6577, 1.5974)
(-1.727, -1.8692, 1.6837)
(-1.0294, -1.8949, 1.7127)
(-6.1077, 0.8106, 1.4381)
(-5.811, 0.3456, 1.4061)
(-5.4208, -0.178, 1.3655)
(-4.8978, -0.5848, 1.448)
(-4.295, -0.868, 1.6288)
(-3.6787, -1.1191, 1.8229)
(-3.0494, -1.3448, 1.9867)
(-2.3985, -1.5058, 2.1253)
(-1.717, -1.5645, 2.2033)
(-1.0192, -1.5563, 2.2265)
(-6.5058, 0.5263, 1.6417)
(-6.1724, 0.0639, 1.6832)
(-5.7021, -0.3911, 1.7682)
(-5.1178, -0.6835, 1.9289)
(-4.4801, -0.8738, 2.1365)
(-3.8227, -1.017, 2.325)
(-3.1448, -1.1095, 2.4729)
(-2.4428, -1.1529, 2.5865)
(-1.7171, -1.1685, 2.6812)
(-1.01, -1.2002, 2.7278)
(-6.8715, 0.2901, 2.06)
(-6.4582, -0.0617, 2.1539)
(-5.8781, -0.281, 2.2518)
(-5.2275, -0.4016, 2.4123)
(-4.5696, -0.5478, 2.6138)
(-3.8901, -0.6282, 2.7638)
(-3.1958, -0.6745, 2.879)
(-2.4841, -0.7148, 3.0019)
(-1.7567, -0.7634, 3.1553)
(-1.0021, -0.8927, 3.2011)
(-7.1624, 0.2045, 2.5443)
(-6.6495, 0.0812, 2.6322)
(-6.0046, 0.0343, 2.7156)
(-5.3358, -0.0578, 2.896)
(-4.6489, -0.1561, 3.0682)
(-3.9555, -0.1968, 3.1812)
(-3.2636, -0.2472, 3.2962)
(-2.5746, -0.3184, 3.4311)
(-1.9647, -0.3855, 3.5581)
(-7.265, 0.4214, 3.0044)
(-6.727, 0.3788, 3.0674)
(-6.068, 0.3599, 3.1323)
(-5.3937, 0.3189, 3.3016)
(-4.7019, 0.2637, 3.4596)
(-4.0087, 0.2231, 3.5624)
(-3.3218, 0.1666, 3.6773)
(-2.6425, 0.1019, 3.7867)
(-2.0828, 0.0361, 3.8731)
(-1.7986, -0.2009, 3.7803)
(-2.304, -0.1438, 3.6864)
(-2.9544, -0.0714, 3.5657)
(-3.6406, -0.0056, 3.4407)
(-4.3325, 0.0392, 3.3308)
(-5.0285, 0.0853, 3.2091)
(-5.7177, 0.1733, 3.0219)
(-6.3795, 0.2076, 2.8932)
(-6.9996, 0.2389, 2.8472)
(-1.5336, -0.6057, 3.4416)
(-2.1835, -0.5474, 3.2905)
(-2.8781, -0.4848, 3.1471)
(-3.5753, -0.4345, 3.028)
(-4.2676, -0.3883, 2.9133)
(-4.9481, -0.3046, 2.7587)
(-5.6143, -0.1666, 2.5579)
(-6.2673, -0.0979, 2.4336)
(-6.8252, 0.0917, 2.3501)
(-0.6678, -1.0901, 2.9434)
(-1.3522, -0.9909, 2.9672)
(-2.0934, -0.9452, 2.8552)
(-2.8182, -0.9176, 2.7374)
(-3.5175, -0.8745, 2.6217)
(-4.1986, -0.794, 2.4739)
(-4.858, -0.6594, 2.2794)
(-5.4949, -0.4758, 2.0783)
(-6.0826, -0.233, 1.9588)
(-6.5302, 0.1967, 1.8709)
(-0.6694, -1.3807, 2.4907)
(-1.3622, -1.3732, 2.4675)
(-2.0735, -1.3732, 2.4134)
(-2.7698, -1.3224, 2.3062)
(-3.4397, -1.205, 2.1577)
(-4.0847, -1.0256, 1.9738)
(-4.7149, -0.8115, 1.772)
(-5.3116, -0.5258, 1.5978)
(-5.8017, -0.0753, 1.5088)
(-6.1616, 0.4519, 1.4926)
(-0.6732, -1.7249, 1.9771)
(-1.371, -1.7297, 1.9595)
(-2.0505, -1.6791, 1.9155)
(-2.6678, -1.4544, 1.7996)
(-3.2687, -1.1605, 1.681)
(-3.8672, -0.8551, 1.534)
(-4.4671, -0.5757, 1.3404)
(-5.0289, -0.2212, 1.2473)
(-5.4608, 0.2516, 1.3466)
(-5.7957, 0.7243, 1.5269)
(-0.6865, -2.0639, 1.4681)
(-1.4013, -2.0564, 1.4476)
(-2.0907, -1.951, 1.398)
(-2.6622, -1.5656, 1.2871)
(-3.1725, -1.0845, 1.1963)
(-3.6781, -0.6112, 1.1042)
(-4.2148, -0.1862, 1.0235)
(-4.7806, 0.1093, 1.1949)
(-5.2753, 0.4119, 1.53)
(-5.7139, 0.7427, 1.7555)
(-0.7061, -2.4009, 0.9656)
(-1.446, -2.382, 0.9358)
(-2.1455, -2.2112, 0.8678)
(-2.6872, -1.7466, 0.7479)
(-3.1095, -1.1632, 0.6408)
(-3.4947, -0.575, 0.5642)
(-3.8536, -0.0225, 0.532)
(-0.699, -2.5876, 0.4145)
(-1.4287, -2.5382, 0.3666)
(-2.0812, -2.2697, 0.2773)
(-2.5503, -1.7543, 0.1693)
(-2.9184, -1.1685, 0.0835)
(-3.24, -0.5989, 0.0155)
(-3.4719, -0.1441, -0.0244)
(-0.6665, -2.6205, -0.1874)
(-1.3606, -2.5213, -0.243)
(-1.9737, -2.2343, -0.3268)
(-2.4156, -1.7528, -0.4134)
(-2.7466, -1.1979, -0.4849)
(-3.0049, -0.6409, -0.5487)
(-3.1845, -0.2001, -0.5998)
(-0.6398, -2.6785, -0.7892)
(-1.3091, -2.5223, -0.8478)
(-1.9134, -2.2452, -0.9303)
(-2.3608, -1.8054, -1.0145)
(-2.6428, -1.2581, -1.0785)
(-2.7915, -0.6861, -1.1298)
(-2.9038, -0.2368, -1.182)
(-0.6295, -2.7866, -1.386)
(-1.2825, -2.5794, -1.4507)
(-1.8812, -2.2895, -1.5365)
(-2.332, -1.8596, -1.6263)
(-2.5676, -1.3067, -1.6891)
(-2.5813, -0.7221, -1.7243)
(-2.6171, -0.2648, -1.7757)
(-0.6323, -2.9164, -1.9786)
(-1.2705, -2.6682, -2.0488)
(-1.8557, -2.3464, -2.1414)
(-2.2908, -1.8917, -2.2468)
(-2.4729, -1.3151, -2.3174)
(-2.3631, -0.7228, -2.3479)
(-2.3082, -0.2876, -2.3909)
(-0.6453, -3.0516, -2.5687)
(-1.2679, -2.7657, -2.6402)
(-1.8008, -2.3633, -2.7341)
(-2.1307, -1.8205, -2.8224)
(-2.1943, -1.2421, -2.8076)
(-2.1788, -0.7277, -2.9486)
(-2.1975, -0.3179, -3.1254)
(-0.642, -3.1769, -3.1564)
(-1.1821, -2.8117, -3.1859)
(-1.5208, -2.2991, -3.1251)
(-1.763, -1.7079, -3.1674)
(-1.9457, -1.1632, -3.1582)
(-2.1548, -0.6898, -3.4813)
(-2.3183, -0.2796, -3.8122)
(-0.576, -3.1503, -3.7211)
(-0.9701, -2.656, -3.6441)
(-1.2384, -2.1015, -3.47)
(-1.5879, -1.6433, -3.5154)
(-2.089, -1.2165, -3.5668)
(-2.4554, -0.719, -3.7645)
(-2.624, -0.2829, -3.8761)
(-0.4977, -2.9907, -4.2846)
(-0.823, -2.4212, -4.1345)
(-1.1614, -1.8636, -3.9867)
(-1.6312, -1.5073, -4.049)
(-2.2423, -1.2051, -4.0846)
(-2.6723, -0.7296, -4.0651)
(-2.8533, -0.2792, -3.9697)
(-0.4177, -2.8259, -4.8523)
(-0.68, -2.2511, -4.6684)
(-1.0677, -1.7393, -4.5481)
(-1.6091, -1.3994, -4.6105)
(-2.1958, -1.0717, -4.664)
(-2.6055, -0.5872, -4.6271)
(-2.8141, -0.1405, -4.564)
(-0.3163, -2.6594, -5.3159)
(-0.499, -2.0835, -5.0997)
(-0.9626, -1.65, -5.0322)
(-1.5715, -1.3591, -5.1047)
(-2.1339, -0.9748, -5.1528)
(-2.5546, -0.4864, -5.1178)
(-2.7687, -0.0561, -5.0493)
(-1.9195, 0.173, 3.9772)
(-2.3472, 0.2673, 3.9241)
(-2.9898, 0.3261, 3.8503)
(-3.677, 0.3793, 3.7538)
(-4.3676, 0.4247, 3.6539)
(-5.0566, 0.4638, 3.546)
(-5.7116, 0.522, 3.3196)
(-6.3824, 0.5402, 3.2098)
(-7.0137, 0.5813, 3.1658)
(-7.2848, 1.3411, 3.1991)
(-5.9662, 0.4664, 1.4659)
(-6.0453, 0.8234, 1.404)
(-6.4675, 1.2778, 1.479)
(-6.9282, 1.5492, 1.816)
(-7.2475, 1.7103, 2.3714)
(-7.3665, 1.648, 2.929)
(-0.4014, 2.3385, -4.4577)
(-0.4157, 2.1548, -3.9441)
(-0.4519, 1.7926, -3.5125)
(-0.4217, 1.7262, -3.0466)
(-0.3923, 2.1275, -2.7552)
(-0.2288, 2.4219, -2.3231)
(-0.0872, 2.52, -1.8194)
(-0.2097, 2.5711, -1.3411)
(-0.2715, 2.5231, -0.7703)
(-0.2841, 2.4688, -0.1678)
(-0.2927, 2.4225, 0.4368)
(-0.2999, 2.364, 1.0412)
(-0.3057, 2.2972, 1.6455)
(-0.3148, 2.1997, 2.2432)
(-0.3295, 1.9971, 2.7794)
(-0.3384, 1.7997, 3.1534)
(-0.4052, 2.3519, -4.903)
(-1.0897, 2.2703, -4.8739)
(-1.7596, 2.0991, -4.8522)
(-2.3947, 1.8401, -4.848)
(-2.8929, 1.4004, -4.8899)
(-3.0453, 0.8, -5.0159)
(-2.9431, 0.2691, -5.1551)
(-7.1175, 1.0141, 3.2232)
(-6.6694, 0.7543, 3.24)
(-5.963, 0.6804, 3.284)
(-5.3442, 0.6703, 3.5294)
(-4.7227, 0.6249, 3.7592)
(-4.0357, 0.5874, 3.8283)
(-3.3463, 0.549, 3.9078)
(-2.6542, 0.5086, 3.9648)
(-2.1404, 0.5403, 4.0113)
(-2.8698, 0.1613, -4.7549)
(-2.9694, 0.7015, -4.5952)
(-2.8358, 1.3138, -4.4625)
(-2.3634, 1.7758, -4.4135)
(-1.7436, 2.0703, -4.4143)
(-1.0836, 2.2674, -4.4343)
(-2.8701, 0.0298, -4.1954)
(-2.8908, 0.5746, -4.0462)
(-2.7147, 1.1819, -3.9424)
(-2.2786, 1.6543, -3.8838)
(-1.7134, 2.003, -3.8481)
(-1.0801, 2.1964, -3.879)
(-2.7956, -0.0611, -3.7359)
(-2.695, 0.4764, -3.617)
(-2.3661, 0.9997, -3.607)
(-2.0164, 1.4171, -3.4848)
(-1.6429, 1.829, -3.2899)
(-1.0816, 1.9633, -3.3532)
(-2.4139, -0.0327, -3.7601)
(-2.2867, 0.4497, -3.5908)
(-1.9158, 0.8893, -3.4562)
(-1.66, 1.1876, -3.1832)
(-1.4723, 1.5598, -2.8627)
(-1.0282, 1.7598, -2.8626)
(-2.2262, -0.0814, -3.3092)
(-2.0714, 0.3815, -3.1447)
(-1.7281, 0.8037, -2.9731)
(-1.3723, 1.1678, -2.8544)
(-1.0973, 1.5122, -2.6131)
(-0.8332, 1.8544, -2.5128)
(-2.1918, -0.1118, -2.653)
(-1.9986, 0.3496, -2.5385)
(-1.6553, 0.7905, -2.4383)
(-1.2737, 1.2205, -2.3775)
(-0.8286, 1.5679, -2.2855)
(-0.5166, 1.9661, -2.1892)
(-2.4572, -0.0696, -2.0679)
(-2.2897, 0.4239, -2.0286)
(-1.929, 0.8886, -1.9599)
(-1.4326, 1.2195, -1.8667)
(-0.9036, 1.5597, -1.787)
(-0.4626, 2.0302, -1.732)
(-2.7293, -0.0274, -1.4839)
(-2.5362, 0.4621, -1.4703)
(-2.1412, 0.9012, -1.4127)
(-1.6442, 1.2634, -1.3362)
(-1.1811, 1.7188, -1.3112)
(-0.7398, 2.2312, -1.3238)
(-2.9814, 0.0067, -0.8997)
(-2.7424, 0.4841, -0.8961)
(-2.3558, 0.969, -0.8718)
(-1.9042, 1.417, -0.8407)
(-1.4318, 1.8888, -0.8145)
(-0.9016, 2.3108, -0.7919)
(-3.2288, 0.0468, -0.3196)
(-2.918, 0.4951, -0.3196)
(-2.4853, 0.9728, -0.2993)
(-2.0074, 1.4264, -0.2717)
(-1.4931, 1.8724, -0.2346)
(-0.9268, 2.2618, -0.1959)
(-3.488, 0.1299, 0.2529)
(-3.0531, 0.5113, 0.2571)
(-2.5211, 0.9076, 0.2862)
(-1.9805, 1.3165, 0.3147)
(-1.4489, 1.7544, 0.357)
(-0.91, 2.1823, 0.4045)
(-6.0142, 0.4954, 1.7168)
(-5.6477, 0.503, 1.8786)
(-5.015, 0.3262, 1.5402)
(-4.4192, 0.1978, 1.028)
(-3.7939, 0.351, 0.7832)
(-3.1934, 0.6556, 0.8124)
(-2.5883, 0.9592, 0.8691)
(-1.9941, 1.3056, 0.9022)
(-1.4247, 1.6851, 0.9495)
(-0.8942, 2.113, 1.006)
(-5.949, 0.6273, 1.6508)
(-5.7221, 0.6655, 1.8594)
(-5.2148, 0.6448, 1.6322)
(-4.6272, 0.6508, 1.3032)
(-3.9965, 0.7736, 1.2209)
(-3.349, 0.936, 1.3271)
(-2.7262, 1.1886, 1.4054)
(-2.1184, 1.5077, 1.4443)
(-1.4954, 1.7786, 1.5203)
(-0.9123, 2.0973, 1.604)
(-6.2724, 1.0197, 1.6392)
(-6.0157, 1.0181, 1.8783)
(-5.3953, 1.0689, 1.8089)
(-4.7774, 1.1439, 1.6316)
(-4.1664, 1.2084, 1.6405)
(-3.5225, 1.2721, 1.8116)
(-2.8929, 1.4935, 1.9043)
(-2.2698, 1.7669, 1.9679)
(-1.6181, 1.9653, 2.071)
(-0.9703, 2.134, 2.1829)
(-6.6701, 1.4405, 1.8095)
(-6.2832, 1.4399, 2.0641)
(-5.654, 1.4527, 2.1134)
(-5.0335, 1.5017, 2.0754)
(-4.3662, 1.5306, 2.1316)
(-3.707, 1.5866, 2.2925)
(-3.0513, 1.7452, 2.4151)
(-2.3833, 1.8925, 2.5352)
(-1.6837, 1.9618, 2.6693)
(-0.9974, 1.9944, 2.7555)
(-7.0044, 1.6972, 2.2312)
(-6.5996, 1.7058, 2.4544)
(-5.9692, 1.6431, 2.5578)
(-5.2687, 1.6251, 2.6093)
(-4.5525, 1.6234, 2.7021)
(-3.864, 1.6721, 2.8414)
(-3.179, 1.7353, 2.9716)
(-2.4759, 1.7578, 3.1007)
(-1.7517, 1.7257, 3.2359)
(-1.0053, 1.7421, 3.256)
(-7.1669, 1.7096, 2.7697)
(-6.7062, 1.6248, 2.949)
(-6.0661, 1.5271, 3.0588)
(-5.3563, 1.4706, 3.1722)
(-4.6462, 1.4409, 3.2783)
(-3.9536, 1.4311, 3.3567)
(-3.2619, 1.4228, 3.4519)
(-2.5667, 1.3998, 3.5513)
(-1.9496, 1.3656, 3.6478)
(-7.1758, 1.3842, 3.1513)
(-6.6857, 1.196, 3.2159)
(-5.9981, 1.0736, 3.2907)
(-5.3322, 1.0419, 3.4932)
(-4.6917, 1.0381, 3.663)
(-4.0035, 0.9946, 3.6986)
(-3.3133, 0.9537, 3.7572)
(-2.628, 0.9187, 3.8282)
(-2.0626, 0.908, 3.9097)
(-1.7751, 1.1276, 3.8431)
(-2.2863, 1.1466, 3.7564)
(-2.9445, 1.1757, 3.6683)
(-3.6363, 1.206, 3.5909)
(-4.3273, 1.2365, 3.5287)
(-5.0129, 1.2651, 3.4631)
(-5.687, 1.2818, 3.2772)
(-6.3835, 1.3705, 3.1694)
(-6.9728, 1.5002, 3.0621)
(-1.5242, 1.5313, 3.5197)
(-2.1782, 1.5863, 3.4038)
(-2.8761, 1.6115, 3.2868)
(-3.5714, 1.6032, 3.1719)
(-4.2617, 1.5744, 3.0544)
(-4.9657, 1.5709, 2.95)
(-5.6984, 1.6115, 2.8611)
(-6.3796, 1.6664, 2.7767)
(-6.9294, 1.7528, 2.6184)
(-0.6711, 1.8913, 2.9926)
(-1.3431, 1.8618, 3.0123)
(-2.0726, 1.8698, 2.8949)
(-2.7795, 1.8275, 2.7575)
(-3.4566, 1.7233, 2.6294)
(-4.129, 1.6279, 2.4874)
(-4.8124, 1.6034, 2.3508)
(-5.5058, 1.585, 2.3295)
(-6.1339, 1.5847, 2.2884)
(-6.7079, 1.6167, 2.14)
(-0.6573, 2.1118, 2.5105)
(-1.3194, 2.0447, 2.4263)
(-1.9974, 1.9355, 2.305)
(-2.657, 1.7575, 2.1959)
(-3.2919, 1.5269, 2.1081)
(-3.9406, 1.3999, 1.9658)
(-4.5813, 1.3846, 1.8207)
(-5.204, 1.3047, 1.897)
(-5.8262, 1.2569, 1.9643)
(-6.3887, 1.2241, 1.8607)
(-0.6345, 2.2299, 1.9296)
(-1.2433, 1.9925, 1.8456)
(-1.8799, 1.7694, 1.7431)
(-2.5056, 1.4963, 1.676)
(-3.1153, 1.1975, 1.6282)
(-3.7578, 1.0391, 1.4986)
(-4.3944, 0.9554, 1.3993)
(-4.999, 0.8581, 1.5703)
(-5.5964, 0.8461, 1.8176)
(-6.0309, 0.797, 1.799)
(-0.6164, 2.2615, 1.3306)
(-1.1651, 1.8907, 1.2758)
(-1.7444, 1.5474, 1.2051)
(-2.3487, 1.2218, 1.1604)
(-2.9558, 0.9065, 1.1176)
(-3.5871, 0.6707, 1.0312)
(-4.2234, 0.4495, 1.0468)
(-4.8301, 0.4361, 1.3492)
(-5.3966, 0.5227, 1.7783)
(-5.8592, 0.5784, 1.8328)
(-0.6137, 2.3137, 0.7261)
(-1.1654, 1.9281, 0.6797)
(-1.696, 1.4886, 0.6305)
(-2.2591, 1.0951, 0.5954)
(-2.8339, 0.7335, 0.5627)
(-3.3949, 0.3943, 0.5229)
(-3.8804, 0.0288, 0.5457)
(-0.6153, 2.369, 0.1222)
(-1.2048, 2.0305, 0.0837)
(-1.7391, 1.5945, 0.04)
(-2.2563, 1.1551, 0.0053)
(-2.7526, 0.7183, -0.0189)
(-3.1936, 0.2786, -0.036)
(-3.4831, -0.1136, -0.0193)
(-0.6114, 2.4266, -0.4812)
(-1.2152, 2.1152, -0.5133)
(-1.7376, 1.6752, -0.5485)
(-2.2128, 1.2161, -0.5777)
(-2.6458, 0.7445, -0.5998)
(-2.9921, 0.2464, -0.6124)
(-3.194, -0.182, -0.6019)
(-0.5686, 2.4654, -1.0722)
(-1.0924, 2.0668, -1.0734)
(-1.5503, 1.5725, -1.0763)
(-2.0143, 1.1295, -1.1141)
(-2.4656, 0.7199, -1.1675)
(-2.7705, 0.2201, -1.1899)
(-2.9174, -0.2241, -1.1894)
(-0.3689, 2.3673, -1.5447)
(-0.8038, 1.8667, -1.5329)
(-1.2745, 1.4041, -1.5653)
(-1.7944, 1.0658, -1.6427)
(-2.263, 0.6974, -1.733)
(-2.536, 0.1886, -1.7688)
(-2.6383, -0.264, -1.7855)
(-0.3072, 2.2565, -1.98)
(-0.5938, 1.7404, -1.9995)
(-1.0917, 1.4008, -2.0889)
(-1.5563, 1.0334, -2.1597)
(-1.9642, 0.6279, -2.2433)
(-2.2325, 0.1311, -2.3139)
(-2.347, -0.3059, -2.3964)
(-0.5436, 2.15, -2.4402)
(-0.7725, 1.6991, -2.3706)
(-1.1118, 1.3999, -2.5849)
(-1.4692, 0.9753, -2.6469)
(-1.8437, 0.5836, -2.7657)
(-2.1133, 0.1125, -2.9045)
(-2.2153, -0.3081, -3.0618)
(-0.709, 1.8498, -2.7841)
(-1.1483, 1.6723, -2.6331)
(-1.4083, 1.3211, -2.8898)
(-1.6187, 1.0019, -3.1503)
(-1.9965, 0.6543, -3.3385)
(-2.2582, 0.1732, -3.507)
(-2.2909, -0.2542, -3.6924)
(-0.759, 1.7578, -3.1832)
(-1.3477, 1.8328, -3.0409)
(-1.7462, 1.4713, -3.1502)
(-1.9419, 1.1172, -3.4891)
(-2.3313, 0.7212, -3.5595)
(-2.5841, 0.1931, -3.6742)
(-2.6076, -0.2732, -3.8159)
(-0.7606, 2.0524, -3.666)
(-1.3945, 2.064, -3.5719)
(-1.9437, 1.7481, -3.5896)
(-2.3743, 1.3308, -3.7292)
(-2.7295, 0.8155, -3.7361)
(-2.8607, 0.2247, -3.85)
(-2.8584, -0.2612, -3.9602)
(-0.7425, 2.2868, -4.1768)
(-1.412, 2.1663, -4.1516)
(-2.0411, 1.8966, -4.1385)
(-2.597, 1.5199, -4.1676)
(-2.9096, 0.9545, -4.2532)
(-2.9056, 0.3454, -4.4157)
(-2.8199, -0.1231, -4.554)
(-0.7466, 2.3303, -4.6771)
(-1.4223, 2.1882, -4.6565)
(-2.0739, 1.9637, -4.6394)
(-2.6525, 1.6132, -4.6588)
(-2.9896, 1.0654, -4.7404)
(-2.9601, 0.461, -4.9017)
(-2.8366, 0.0049, -5.0267)
(-1.9035, 0.7407, 4.0078)
(-2.3396, 0.6979, 3.9394)
(-2.9858, 0.7227, 3.8752)
(-3.6761, 0.763, 3.8123)
(-4.3652, 0.807, 3.7545)
(-5.0337, 0.8418, 3.6735)
(-5.6362, 0.848, 3.3857)
(-6.3297, 0.902, 3.2683)
(-6.9611, 1.0678, 3.229)
(-2.2418, -0.3137, -3.4811)
(-2.3673, -0.22, -4.0236)
(-2.7865, -0.0592, -4.8565)
(-5.9293, 0.6337, 1.8774)
(-5.2877, 0.3705, 1.788)
(-4.1075, 0.0952, 0.8112)
(-3.6265, -0.0888, 0.2665)
(-4.7004, 0.2527, 1.2401)
(-2.7711, -0.2476, -1.48)
(-2.4843, -0.2812, -2.0812)
(-7.0352, 0.8261, 3.2341)
(-2.8642, -0.3361, -3.6684)
(-6.3231, 0.6872, 3.2657)
(-5.6378, 0.7033, 3.3378)
(-5.0692, 0.6295, 3.7283)
(-4.377, 0.5985, 3.7766)
(-3.3286, -0.1689, -0.3102)
(-3.6874, 0.5588, 3.8704)
(-2.9957, 0.5197, 3.9395)
(-2.1709, -0.3123, -2.7061)
(-2.3033, 0.4771, 3.9872)
(-2.8474, -0.2044, -4.2615)
(-3.05, -0.2132, -0.8915)
(0.2846, -2.8966, -5.3642)
(0.619, -2.3809, -5.1547)
(1.0645, -2.1474, -4.9554)
(1.6794, -2.0272, -4.8517)
(2.1473, -1.5821, -4.8935)
(2.4395, -0.9815, -5.0175)
(0.3074, -3.0475, -4.8793)
(0.5967, -2.5503, -4.6931)
(2.6492, -0.4522, -5.0826)
(0.92, -2.1538, -4.5153)
(1.4552, -1.845, -4.4697)
(1.9526, -1.3967, -4.5233)
(2.3452, -0.8553, -4.5778)
(2.6454, -0.4037, -4.5954)
(0.33, -3.1858, -4.2973)
(0.6725, -2.7185, -4.1563)
(0.9424, -2.1603, -4.0072)
(1.3842, -1.7011, -4.0082)
(1.8899, -1.2779, -4.0926)
(2.2947, -0.7592, -4.0709)
(2.6465, -0.409, -4.0207)
(0.3485, -3.2899, -3.7078)
(0.8522, -2.9132, -3.6508)
(1.2215, -2.3486, -3.5618)
(1.6365, -1.8372, -3.5295)
(1.9861, -1.3742, -3.645)
(2.1965, -0.8721, -3.7769)
(2.4607, -0.5051, -3.8371)
(0.3587, -3.3135, -3.1135)
(0.9717, -3.0745, -3.1159)
(1.4366, -2.587, -3.0959)
(1.8212, -2.0281, -3.037)
(1.961, -1.4757, -3.1424)
(2.0335, -0.9765, -3.4366)
(2.2328, -0.5862, -3.6331)
(0.361, -3.2505, -2.5121)
(1.0114, -3.1109, -2.5209)
(1.4737, -2.6642, -2.5174)
(1.7732, -2.0639, -2.4775)
(1.9838, -1.5322, -2.5885)
(2.0991, -1.0177, -2.8216)
(2.1597, -0.5653, -2.9547)
(0.3707, -3.1446, -1.915)
(1.0382, -3.0745, -1.9216)
(1.5416, -2.6979, -1.9535)
(1.8665, -2.1344, -1.9848)
(2.1392, -1.6078, -2.0917)
(2.2717, -1.0587, -2.221)
(2.2808, -0.5336, -2.2874)
(0.3808, -2.9967, -1.3246)
(1.0597, -2.9631, -1.3296)
(1.6522, -2.6749, -1.389)
(2.0821, -2.19, -1.4741)
(2.3323, -1.6275, -1.5516)
(2.4772, -1.0323, -1.6298)
(2.5862, -0.518, -1.7024)
(0.3875, -2.8296, -0.7385)
(1.073, -2.8133, -0.7421)
(1.6827, -2.5617, -0.7976)
(2.1347, -2.0943, -0.8834)
(2.4473, -1.5519, -0.9647)
(2.6928, -0.9861, -1.0492)
(2.8778, -0.4928, -1.127)
(0.3921, -2.6884, -0.1485)
(1.0964, -2.6862, -0.1516)
(1.7369, -2.4842, -0.205)
(2.2189, -2.0289, -0.297)
(2.5835, -1.4853, -0.3885)
(2.9126, -0.9356, -0.4817)
(3.1666, -0.4566, -0.5618)
(0.3967, -2.6027, 0.4461)
(1.1299, -2.6018, 0.4456)
(1.829, -2.4566, 0.3944)
(2.382, -2.0387, 0.2836)
(2.7933, -1.4752, 0.1663)
(3.1617, -0.9015, 0.0647)
(3.4622, -0.4049, -0.0086)
(0.3959, -2.404, 0.989)
(1.1345, -2.3994, 0.9948)
(1.8654, -2.312, 0.966)
(2.4921, -1.9822, 0.8616)
(2.9749, -1.4511, 0.7229)
(3.3968, -0.8778, 0.6066)
(3.7928, -0.3292, 0.5296)
(0.3891, -2.0628, 1.4851)
(1.1086, -2.0543, 1.49)
(1.8263, -1.9896, 1.4719)
(2.4898, -1.7489, 1.3988)
(3.0664, -1.3427, 1.2823)
(3.5936, -0.8813, 1.1496)
(4.1138, -0.3927, 1.0255)
(4.6715, 0.0237, 1.0446)
(0.3803, -1.7221, 1.9927)
(1.0809, -1.7056, 1.9842)
(1.7662, -1.6083, 1.933)
(2.4083, -1.3701, 1.8356)
(5.192, 0.3347, 1.2671)
(3.0169, -1.0452, 1.7207)
(3.6115, -0.6935, 1.5935)
(5.6794, 0.5887, 1.6145)
(4.1931, -0.3231, 1.4561)
(6.1227, 0.7784, 1.8071)
(4.7732, 0.0411, 1.342)
(0.375, -1.3863, 2.5083)
(1.0654, -1.3715, 2.5011)
(1.7552, -1.3115, 2.4397)
(5.259, 0.3287, 1.2992)
(2.42, -1.1554, 2.2996)
(3.0484, -0.9163, 2.1289)
(5.6893, 0.6213, 1.3983)
(3.6649, -0.6411, 1.9688)
(4.2727, -0.3417, 1.8109)
(6.1185, 0.9251, 1.4914)
(0.3747, -1.1135, 2.9342)
(4.8758, -0.0348, 1.6625)
(1.0638, -1.0506, 2.9866)
(5.4258, 0.2165, 1.5169)
(1.7882, -0.9992, 2.9531)
(2.523, -0.9655, 2.8034)
(3.2166, -0.8764, 2.628)
(5.9317, 0.4611, 1.3885)
(3.8778, -0.7289, 2.4428)
(6.3572, 0.7434, 1.2744)
(4.5143, -0.5239, 2.2373)
(5.1242, -0.2482, 2.0344)
(5.6849, 0.109, 1.9191)
(1.9398, -0.6149, 3.3814)
(2.6212, -0.6011, 3.257)
(3.3298, -0.5663, 3.1152)
(6.2465, 0.3936, 1.7969)
(4.0209, -0.5009, 2.9578)
(6.7258, 0.5366, 1.571)
(4.6953, -0.3899, 2.7723)
(5.3532, -0.1775, 2.5625)
(5.985, 0.0715, 2.3868)
(2.1318, -0.208, 3.7305)
(2.7164, -0.1767, 3.6314)
(3.4071, -0.1371, 3.5047)
(6.5823, 0.2674, 2.2242)
(4.1017, -0.0914, 3.3655)
(7.07, 0.3841, 2.014)
(4.7992, -0.0363, 3.22)
(5.5133, 0.0738, 3.0399)
(2.2111, 0.1981, 3.9352)
(2.7474, 0.2644, 3.8457)
(6.2104, 0.1712, 2.8597)
(3.4313, 0.302, 3.734)
(4.1205, 0.3388, 3.6119)
(6.8373, 0.2215, 2.6906)
(4.8144, 0.3711, 3.5032)
(7.3334, 0.2916, 2.5031)
(5.5161, 0.421, 3.363)
(6.2146, 0.4502, 3.2068)
(6.8808, 0.4494, 3.0808)
(7.3665, 0.4162, 2.9275)
(7.3356, 0.9442, 3.2407)
(6.3702, 0.5412, 1.9153)
(6.557, 0.7872, 1.7861)
(6.7454, 1.22, 1.8026)
(6.9946, 1.6056, 2.1864)
(7.2041, 1.7327, 2.7299)
(7.3284, 1.4023, 3.1093)
(2.07, 1.1032, 3.8024)
(2.6511, 1.1334, 3.7025)
(3.3366, 1.169, 3.6047)
(4.0222, 1.1971, 3.4985)
(4.7, 1.2085, 3.3634)
(5.3888, 1.2103, 3.3086)
(6.0595, 1.2425, 3.2743)
(6.7474, 1.3163, 3.1842)
(1.8699, 1.5206, 3.4708)
(2.5385, 1.5649, 3.3461)
(3.2347, 1.5799, 3.2175)
(3.9176, 1.5756, 3.085)
(4.5965, 1.6014, 2.9543)
(5.3056, 1.6117, 2.9113)
(5.9775, 1.6139, 2.9027)
(6.6335, 1.6601, 2.8407)
(0.3404, 1.8564, 2.9813)
(1.0069, 1.7886, 3.01)
(1.708, 1.7667, 2.9557)
(2.4255, 1.7653, 2.8133)
(3.1127, 1.7194, 2.6722)
(3.7817, 1.6534, 2.5329)
(4.4472, 1.6292, 2.4157)
(5.1263, 1.6183, 2.3578)
(5.8073, 1.5906, 2.3422)
(6.4443, 1.5653, 2.3072)
(0.331, 1.9795, 2.5067)
(0.9774, 1.8639, 2.4371)
(1.6556, 1.8224, 2.3367)
(2.3362, 1.7246, 2.2221)
(2.994, 1.5671, 2.1218)
(3.6477, 1.4306, 2.0042)
(4.3098, 1.3296, 1.9038)
(4.9632, 1.2972, 1.8331)
(5.6317, 1.285, 1.8742)
(6.2408, 1.2052, 1.9463)
(0.3066, 2.0572, 1.913)
(0.9197, 1.8356, 1.8249)
(1.5905, 1.7362, 1.7303)
(2.2427, 1.5444, 1.6542)
(2.8726, 1.2782, 1.6088)
(3.5151, 1.0746, 1.5275)
(4.1754, 0.9263, 1.4442)
(4.8268, 0.8654, 1.4126)
(5.4506, 0.8355, 1.6209)
(6.049, 0.7666, 1.8727)
(0.2883, 2.1246, 1.311)
(0.8559, 1.7863, 1.2318)
(1.4978, 1.5744, 1.1551)
(2.129, 1.3145, 1.1078)
(2.741, 0.9962, 1.089)
(3.3736, 0.7357, 1.0412)
(4.0198, 0.4992, 1.0011)
(4.6587, 0.409, 1.1175)
(5.2847, 0.4477, 1.4513)
(5.8938, 0.4854, 1.8033)
(0.3108, 2.2262, 0.7158)
(0.8507, 1.8166, 0.6452)
(1.4241, 1.4555, 0.5792)
(2.0252, 1.1262, 0.5478)
(2.6244, 0.792, 0.5393)
(3.2274, 0.4856, 0.5174)
(3.7689, 0.1657, 0.511)
(0.3585, 2.341, 0.1265)
(0.9219, 1.9667, 0.0694)
(1.4549, 1.5322, 0.0046)
(2.0219, 1.1491, -0.0261)
(2.5917, 0.7998, -0.0329)
(3.1138, 0.4201, -0.0433)
(3.4786, 0.0225, -0.0396)
(0.3934, 2.4311, -0.4684)
(1.0045, 2.1379, -0.5047)
(1.5599, 1.732, -0.5575)
(2.1052, 1.3356, -0.5919)
(2.6121, 0.9394, -0.6075)
(3.0011, 0.459, -0.6159)
(3.2172, -0.0271, -0.606)
(0.4162, 2.5174, -1.0666)
(1.0512, 2.263, -1.0956)
(1.6319, 1.8921, -1.1366)
(2.1612, 1.4862, -1.1712)
(2.5741, 1.0211, -1.1894)
(2.8223, 0.4625, -1.1847)
(2.9367, -0.0584, -1.1687)
(0.4381, 2.6169, -1.6587)
(1.0642, 2.3479, -1.697)
(1.643, 1.9715, -1.7354)
(2.1425, 1.5364, -1.7634)
(2.4206, 1.0142, -1.7487)
(2.5623, 0.4259, -1.7298)
(2.6475, -0.0918, -1.7372)
(0.3974, 2.611, -2.2414)
(1.007, 2.3399, -2.2912)
(1.532, 1.9065, -2.2985)
(1.9185, 1.4227, -2.1977)
(2.078, 0.894, -2.1373)
(2.2158, 0.3309, -2.21)
(2.3243, -0.1506, -2.2841)
(0.2774, 2.4085, -2.7737)
(0.8393, 2.169, -2.8156)
(1.2705, 1.6612, -2.7399)
(1.6071, 1.1559, -2.5248)
(1.8548, 0.7305, -2.5323)
(2.0884, 0.265, -2.7757)
(2.2058, -0.1937, -2.9173)
(0.2319, 1.9838, -3.0921)
(0.8144, 1.8965, -3.2039)
(1.2356, 1.4938, -3.161)
(1.6042, 1.0305, -2.9595)
(1.9702, 0.706, -3.0605)
(2.2314, 0.297, -3.3723)
(2.3275, -0.1712, -3.5529)
(0.2112, 1.621, -3.4255)
(0.8666, 1.5703, -3.5591)
(1.4169, 1.4619, -3.5601)
(1.8748, 1.201, -3.3924)
(2.3031, 0.8356, -3.42)
(2.5888, 0.3512, -3.6185)
(2.6628, -0.1594, -3.764)
(0.1924, 1.7555, -3.8725)
(0.8293, 1.5562, -3.9914)
(1.4695, 1.4797, -3.9821)
(2.0651, 1.3327, -3.8593)
(2.6011, 0.9673, -3.8031)
(2.9135, 0.4304, -3.8929)
(2.9292, -0.1186, -3.9976)
(0.253, 2.1526, -4.2803)
(0.8963, 1.9631, -4.3649)
(1.5457, 1.7575, -4.3708)
(2.1694, 1.5041, -4.3301)
(2.6927, 1.1167, -4.3457)
(2.9149, 0.5471, -4.4571)
(2.8653, -0.0096, -4.5726)
(0.2831, 2.3037, -4.7043)
(0.9339, 2.1132, -4.6551)
(1.5489, 1.8544, -4.5383)
(2.1318, 1.5517, -4.5496)
(2.6336, 1.1753, -4.7484)
(2.8548, 0.6428, -4.943)
(2.8208, 0.0864, -5.0586)
(2.1819, 0.6813, 3.9624)
(2.72, 0.6741, 3.8715)
(3.4006, 0.7095, 3.776)
(4.0838, 0.7441, 3.6709)
(4.7591, 0.7596, 3.5506)
(5.4242, 0.7727, 3.4411)
(6.0889, 0.7957, 3.3274)
(6.796, 0.8326, 3.2312)
(-0.1479, -2.9067, -5.3885)
(-0.4037, -2.3675, -5.205)
(-0.6925, -1.8418, -5.0414)
(-1.2644, -1.5015, -5.0612)
(-1.8648, -1.1857, -5.1386)
(-2.3693, -0.7327, -5.1432)
(-0.2045, -3.0503, -4.9018)
(-0.5572, -2.5452, -4.7664)
(-2.68, -0.2618, -5.0856)
(-0.8493, -1.9756, -4.587)
(-1.3238, -1.5532, -4.5656)
(-1.9111, -1.2509, -4.6479)
(-2.4301, -0.8386, -4.654)
(-2.7251, -0.3565, -4.5951)
(-0.2485, -3.1877, -4.3168)
(-0.677, -2.7221, -4.2213)
(-0.9802, -2.1241, -4.0414)
(-1.3737, -1.6626, -4.003)
(-1.9371, -1.3699, -4.0765)
(-2.4934, -0.98, -4.0816)
(-2.7795, -0.4959, -4.029)
(-0.2906, -3.2941, -3.7262)
(-0.7995, -2.9268, -3.7007)
(-1.1072, -2.3725, -3.5451)
(-1.3914, -1.8604, -3.4767)
(-1.8352, -1.4362, -3.5325)
(-2.3006, -0.9691, -3.6588)
(-2.5543, -0.4927, -3.8336)
(-0.3191, -3.2787, -3.1355)
(-0.9354, -3.0178, -3.1821)
(-1.3712, -2.5703, -3.1513)
(-1.6514, -2.005, -3.1474)
(-1.8552, -1.4265, -3.143)
(-2.0499, -0.9173, -3.2924)
(-2.244, -0.4803, -3.6495)
(-0.3165, -3.1543, -2.5426)
(-0.9638, -2.9217, -2.6017)
(-1.5516, -2.5821, -2.6832)
(-1.9993, -2.1047, -2.7904)
(-2.1869, -1.5286, -2.8114)
(-2.185, -0.9721, -2.8609)
(-2.1864, -0.5134, -3.0379)
(-0.3037, -3.0183, -1.9509)
(-0.9549, -2.7994, -2.0112)
(-1.5752, -2.5204, -2.0922)
(-2.0976, -2.1368, -2.1953)
(-2.4233, -1.6149, -2.2885)
(-2.4323, -1.0066, -2.3338)
(-2.3258, -0.4897, -2.3685)
(-0.2966, -2.8748, -1.36)
(-0.9591, -2.6895, -1.4159)
(-1.5944, -2.4492, -1.4915)
(-2.1295, -2.0924, -1.5829)
(-2.482, -1.5954, -1.6623)
(-2.5869, -1.0056, -1.7071)
(-2.592, -0.4804, -1.7481)
(-0.2992, -2.7397, -0.7674)
(-0.978, -2.6097, -0.8155)
(-1.6257, -2.4036, -0.887)
(-2.1587, -2.0432, -0.974)
(-2.5218, -1.5418, -1.0491)
(-2.7278, -0.9635, -1.1046)
(-2.8486, -0.4488, -1.1557)
(-0.3138, -2.6472, -0.1694)
(-1.0178, -2.5857, -0.2115)
(-1.6849, -2.4057, -0.2826)
(-2.2142, -2.0104, -0.3714)
(-2.5909, -1.4805, -0.4507)
(-2.8859, -0.9104, -0.518)
(-3.1013, -0.4088, -0.5755)
(-0.3327, -2.5929, 0.4292)
(-1.0668, -2.5784, 0.3949)
(-1.7736, -2.4387, 0.3267)
(-2.3361, -2.0325, 0.2225)
(-2.7409, -1.4639, 0.1236)
(-3.088, -0.8737, 0.0466)
(-3.3651, -0.3599, -0.0071)
(-0.3379, -2.4019, 0.9753)
(-1.0762, -2.3991, 0.9535)
(-1.8092, -2.3292, 0.9089)
(-2.4368, -2.0081, 0.8106)
(-2.9071, -1.4602, 0.6908)
(-3.3054, -0.8649, 0.5976)
(-3.6761, -0.2979, 0.5432)
(-0.3285, -2.0639, 1.475)
(-1.0438, -2.0631, 1.4594)
(-1.756, -2.0315, 1.4302)
(-2.3899, -1.786, 1.3454)
(-2.9206, -1.3274, 1.2383)
(-3.4236, -0.8439, 1.154)
(-3.94, -0.3898, 1.0477)
(-4.502, -0.0314, 1.0789)
(-0.3226, -1.7233, 1.9839)
(-1.0226, -1.7282, 1.9691)
(-1.7167, -1.7213, 1.9452)
(-2.365, -1.5844, 1.8627)
(-5.0345, 0.2563, 1.3561)
(-2.9686, -1.3113, 1.74)
(-3.5678, -1.0051, 1.6149)
(-5.5135, 0.5781, 1.6707)
(-4.1677, -0.7168, 1.4356)
(-5.8284, 0.8996, 1.7563)
(-4.7596, -0.4139, 1.2724)
(-0.3223, -1.3843, 2.4983)
(-1.0143, -1.3756, 2.4813)
(-1.7171, -1.3755, 2.4462)
(-5.261, 0.0057, 1.2743)
(-2.4249, -1.3561, 2.366)
(-3.1082, -1.2722, 2.2366)
(-5.6372, 0.4971, 1.4462)
(-3.7647, -1.1211, 2.0695)
(-4.4016, -0.9231, 1.8729)
(-5.9414, 0.9216, 1.5501)
(-0.3226, -1.1154, 2.9267)
(-5.0218, -0.6847, 1.6773)
(-1.0075, -1.0425, 2.9642)
(-5.573, -0.3205, 1.5413)
(-1.7224, -0.9625, 2.9189)
(-2.4588, -0.9315, 2.7945)
(-3.1706, -0.8995, 2.6814)
(-5.9965, 0.1938, 1.4969)
(-3.8604, -0.8401, 2.5534)
(-6.304, 0.6703, 1.4835)
(-4.5311, -0.7341, 2.3818)
(-5.1795, -0.571, 2.1726)
(-5.8006, -0.3739, 2.0103)
(-1.8574, -0.578, 3.3639)
(-2.5262, -0.5154, 3.2171)
(-3.2279, -0.458, 3.0848)
(-6.3269, -0.0287, 1.9116)
(-3.9222, -0.4126, 2.9726)
(-6.6953, 0.3973, 1.8403)
(-4.6099, -0.3558, 2.8441)
(-5.282, -0.2314, 2.6561)
(-5.9457, -0.1341, 2.485)
(-2.0376, -0.174, 3.7358)
(-2.6157, -0.1086, 3.6286)
(-3.2972, -0.0363, 3.5019)
(-6.5663, -0.0191, 2.3928)
(-3.9858, 0.0193, 3.384)
(-7.0333, 0.2146, 2.2956)
(-4.6803, 0.0574, 3.2771)
(-5.3759, 0.1299, 3.1179)
(-2.1143, 0.2238, 3.9525)
(-2.651, 0.299, 3.8901)
(-6.0505, 0.1973, 2.9436)
(-3.3333, 0.353, 3.8039)
(-4.0216, 0.4035, 3.7021)
(-6.7049, 0.2166, 2.8708)
(-4.7145, 0.4425, 3.6102)
(-7.2406, 0.2847, 2.7956)
(-5.3856, 0.495, 3.4341)
(-6.0454, 0.5319, 3.2494)
(-6.7153, 0.5624, 3.1871)
(-7.2416, 0.5739, 3.1337)
(-7.1476, 1.1969, 3.2135)
(-5.9434, 0.532, 1.6779)
(-6.0759, 0.8009, 1.6321)
(-6.4751, 1.2423, 1.6937)
(-6.8526, 1.5936, 1.9932)
(-7.1086, 1.7453, 2.5018)
(-7.1862, 1.5728, 2.9974)
(-2.0168, 1.1361, 3.8002)
(-2.6018, 1.1602, 3.7117)
(-3.2907, 1.191, 3.6283)
(-3.9818, 1.2207, 3.5561)
(-4.6723, 1.2532, 3.5076)
(-5.3477, 1.2695, 3.3735)
(-6.0378, 1.3173, 3.214)
(-6.7017, 1.4323, 3.12)
(-1.8499, 1.5622, 3.4599)
(-2.523, 1.603, 3.3457)
(-3.2255, 1.6114, 3.2294)
(-3.9163, 1.5888, 3.1127)
(-4.6097, 1.5669, 3.0003)
(-5.3326, 1.5885, 2.9032)
(-6.0494, 1.6336, 2.8229)
(-6.6809, 1.7167, 2.7101)
(-0.3347, 1.8952, 2.9811)
(-1.0041, 1.8765, 3.0105)
(-1.7078, 1.8669, 2.9628)
(-2.4301, 1.8576, 2.8252)
(-3.1203, 1.78, 2.6933)
(-3.7924, 1.6684, 2.5617)
(-4.4675, 1.6101, 2.4091)
(-5.1644, 1.5948, 2.3314)
(-5.8225, 1.5786, 2.3179)
(-6.4498, 1.6058, 2.2347)
(-0.3222, 2.1059, 2.5281)
(-0.9879, 2.087, 2.4754)
(-1.6578, 1.9956, 2.3672)
(-2.3313, 1.8572, 2.2464)
(-2.9747, 1.6396, 2.1537)
(-3.6151, 1.444, 2.0465)
(-4.2631, 1.3917, 1.8751)
(-4.8951, 1.3488, 1.8402)
(-5.51, 1.277, 1.9439)
(-6.148, 1.2341, 1.9453)
(-0.3094, 2.2592, 1.9465)
(-0.941, 2.1244, 1.8938)
(-1.5585, 1.8785, 1.7927)
(-2.1965, 1.6428, 1.7035)
(-2.8087, 1.3382, 1.6571)
(-3.4335, 1.1002, 1.5727)
(-4.08, 0.9975, 1.4259)
(-4.6983, 0.9007, 1.4548)
(-5.3022, 0.8493, 1.7069)
(-5.8577, 0.8209, 1.8576)
(-0.3028, 2.3312, 1.3434)
(-0.8969, 2.0938, 1.3071)
(-1.4481, 1.71, 1.2394)
(-2.046, 1.3861, 1.1792)
(-2.6504, 1.0565, 1.1438)
(-3.2692, 0.7837, 1.0744)
(-3.9056, 0.5505, 1.0119)
(-4.5317, 0.4203, 1.1656)
(-5.1186, 0.4752, 1.5786)
(-5.6589, 0.5657, 1.8636)
(-0.2966, 2.3949, 0.739)
(-0.8999, 2.1444, 0.7049)
(-1.4278, 1.7046, 0.654)
(-1.9743, 1.2864, 0.6112)
(-2.5458, 0.9107, 0.5808)
(-3.1212, 0.5638, 0.5391)
(-3.6444, 0.217, 0.5267)
(-0.2885, 2.4462, 0.1345)
(-0.9202, 2.2225, 0.1045)
(-1.4757, 1.8166, 0.0615)
(-1.9996, 1.3736, 0.0211)
(-2.5074, 0.9379, -0.0073)
(-2.988, 0.495, -0.0303)
(-3.3532, 0.0784, -0.0311)
(-0.2793, 2.4936, -0.4696)
(-0.9243, 2.2956, -0.4962)
(-1.4845, 1.9029, -0.5312)
(-1.9798, 1.4455, -0.564)
(-2.436, 0.9848, -0.5895)
(-2.8358, 0.4921, -0.6084)
(-3.1056, 0.0249, -0.6093)
(-0.2545, 2.5555, -1.0662)
(-0.8452, 2.2932, -1.0744)
(-1.3239, 1.8195, -1.0722)
(-1.7798, 1.3414, -1.0908)
(-2.2498, 0.9316, -1.1423)
(-2.6412, 0.4735, -1.183)
(-2.8559, -0.0101, -1.1911)
(-0.1325, 2.554, -1.5844)
(-0.5876, 2.1262, -1.5297)
(-1.0314, 1.6202, -1.5443)
(-1.5324, 1.2257, -1.5989)
(-2.0456, 0.8984, -1.6916)
(-2.4266, 0.449, -1.7567)
(-2.5993, -0.0467, -1.7777)
(-0.1314, 2.4838, -2.0691)
(-0.4389, 1.9879, -1.9648)
(-0.8265, 1.5576, -2.0455)
(-1.3339, 1.2241, -2.1246)
(-1.7708, 0.8404, -2.2014)
(-2.1198, 0.382, -2.279)
(-2.3032, -0.0954, -2.354)
(-0.3258, 2.3063, -2.5611)
(-0.6685, 1.922, -2.364)
(-0.9276, 1.5453, -2.4726)
(-1.29, 1.1971, -2.6287)
(-1.6596, 0.7804, -2.696)
(-1.9992, 0.3523, -2.8347)
(-2.1802, -0.105, -2.9806)
(-0.4149, 1.9013, -2.8951)
(-0.954, 1.7817, -2.6716)
(-1.2968, 1.5065, -2.7288)
(-1.5, 1.1549, -3.0334)
(-1.7988, 0.8435, -3.2494)
(-2.1565, 0.4198, -3.4237)
(-2.2955, -0.0499, -3.5929)
(-0.4398, 1.6948, -3.2681)
(-1.067, 1.8334, -3.0966)
(-1.5815, 1.6851, -3.052)
(-1.8394, 1.2848, -3.3287)
(-2.1241, 0.9367, -3.5462)
(-2.4909, 0.4615, -3.6044)
(-2.6129, -0.049, -3.746)
(-0.4384, 1.9712, -3.7276)
(-1.0828, 2.0951, -3.6113)
(-1.6845, 1.9352, -3.5594)
(-2.1687, 1.547, -3.6646)
(-2.5706, 1.0885, -3.737)
(-2.8228, 0.5161, -3.7798)
(-2.8645, -0.029, -3.9138)
(-0.4038, 2.2772, -4.1973)
(-1.0807, 2.249, -4.1628)
(-1.7319, 2.045, -4.1418)
(-2.337, 1.7277, -4.1472)
(-2.7946, 1.2567, -4.2002)
(-2.9341, 0.6396, -4.3313)
(-2.8646, 0.0969, -4.4879)
(-0.4026, 2.3563, -4.69)
(-1.0868, 2.2717, -4.6665)
(-1.7523, 2.0868, -4.6458)
(-2.3804, 1.8109, -4.6432)
(-2.8659, 1.3598, -4.6886)
(-3.0064, 0.7538, -4.818)
(-2.9001, 0.216, -4.9709)
(-2.1029, 0.7129, 3.9738)
(-2.6455, 0.705, 3.9066)
(-3.331, 0.7424, 3.8437)
(-4.0207, 0.7847, 3.7805)
(-4.7074, 0.8283, 3.7334)
(-5.3325, 0.8443, 3.5332)
(-5.9753, 0.8643, 3.3059)
(-6.6728, 0.9711, 3.2461)
