(2.585, -0.723, -5.647)
(2.5087, -0.0854, -5.5987)
(2.2741, 0.5618, -5.5124)
(2.0156, 1.2023, -5.4238)
(1.7201, 1.8263, -5.3174)
(2.7121, -0.7584, -5.226)
(2.6458, -0.1004, -5.1822)
(1.3891, 2.3784, -5.1809)
(2.4228, 0.5529, -5.1011)
(1.1363, 2.6807, -5.0065)
(2.1464, 1.1848, -5.0084)
(1.7988, 1.7734, -4.898)
(1.4129, 2.2804, -4.762)
(1.071, 2.663, -4.6653)
(2.8196, -0.822, -4.6733)
(2.7259, -0.1537, -4.6321)
(2.4808, 0.4941, -4.5618)
(2.2237, 1.1281, -4.4849)
(1.9157, 1.7315, -4.3884)
(1.5331, 2.1855, -4.2466)
(1.1724, 2.4781, -4.0889)
(2.8226, -0.9024, -4.0828)
(2.637, -0.2499, -4.0637)
(2.3163, 0.3651, -4.0324)
(2.0492, 0.9548, -3.9902)
(1.8155, 1.5971, -3.9116)
(1.6859, 2.1653, -3.832)
(1.5338, 2.615, -3.6158)
(2.814, -0.9677, -3.4867)
(2.672, -0.3156, -3.4776)
(2.3183, 0.2627, -3.446)
(2.0594, 0.8504, -3.3858)
(1.8035, 1.4406, -3.3832)
(1.5328, 1.9046, -3.536)
(1.1252, 2.1715, -3.6064)
(2.8103, -1.0229, -2.8873)
(2.6965, -0.3809, -2.8897)
(2.3345, 0.162, -2.8823)
(2.1463, 0.7624, -2.808)
(1.8822, 1.3308, -2.7969)
(1.5319, 1.7188, -2.9768)
(1.1922, 1.9997, -2.9786)
(2.7902, -1.0608, -2.2864)
(2.7614, -0.401, -2.304)
(2.5302, 0.2076, -2.3457)
(2.4613, 0.8364, -2.3751)
(2.1678, 1.3659, -2.3615)
(1.6596, 1.637, -2.3709)
(1.2367, 1.8194, -2.3448)
(2.7387, -1.0809, -1.6853)
(2.7691, -0.4113, -1.7116)
(2.6502, 0.2413, -1.7602)
(2.6022, 0.8654, -1.8061)
(2.2886, 1.3688, -1.7931)
(1.7947, 1.6868, -1.7704)
(1.4594, 2.0165, -1.7696)
(2.6695, -1.0787, -1.0858)
(2.79, -0.4129, -1.1175)
(2.765, 0.2534, -1.1669)
(2.6878, 0.8706, -1.1998)
(2.3519, 1.3645, -1.1848)
(1.9034, 1.748, -1.1663)
(1.5966, 2.1019, -1.1591)
(2.5659, -1.0489, -0.4918)
(2.7824, -0.3995, -0.5235)
(2.8703, 0.2612, -0.5745)
(2.7591, 0.8748, -0.5993)
(2.3965, 1.3675, -0.5857)
(1.9952, 1.8103, -0.573)
(1.7269, 2.1973, -0.5664)
(2.4327, -0.9933, 0.096)
(2.7192, -0.3634, 0.0698)
(2.9277, 0.2756, 0.0266)
(2.8413, 0.8997, -0.0046)
(2.4824, 1.4178, -0.0038)
(2.124, 1.9141, -0.0027)
(1.8735, 2.3201, 0.0061)
(2.3058, -0.9207, 0.6814)
(2.6592, -0.3144, 0.6635)
(2.9633, 0.3033, 0.6297)
(2.9608, 0.9512, 0.5814)
(2.6438, 1.5257, 0.5527)
(2.2968, 2.0632, 0.542)
(2.0145, 2.4621, 0.5721)
(2.0795, -0.7903, 1.2258)
(2.469, -0.2174, 1.2235)
(2.8455, 0.3449, 1.2201)
(2.9464, 0.9841, 1.169)
(2.7309, 1.6133, 1.1171)
(2.4982, 2.2303, 1.0541)
(2.2361, 2.9304, 0.996)
(1.8047, -0.6231, 1.7456)
(2.2392, -0.0966, 1.7689)
(2.6778, 0.3759, 1.7985)
(2.783, 0.9805, 1.7126)
(2.6874, 3.4215, 1.1744)
(2.7073, 1.6248, 1.637)
(2.7159, 2.2533, 1.5046)
(2.8166, 4.0884, 1.0806)
(2.8216, 2.7837, 1.196)
(3.4288, 4.3101, 1.2403)
(2.9956, 3.3353, 1.0646)
(1.5385, -0.4464, 2.2745)
(1.9817, 0.0643, 2.3023)
(2.4898, 0.487, 2.349)
(3.6606, 4.3964, 1.2867)
(2.8167, 1.0248, 2.2408)
(3.0817, 3.8349, 1.2682)
(2.9977, 1.6109, 2.0284)
(3.1497, 2.2052, 1.7826)
(3.3809, 4.1694, 1.3255)
(3.3052, 2.777, 1.4885)
(3.5169, 4.4586, 1.1595)
(3.4919, 3.3143, 1.2532)
(1.2966, -0.2777, 2.7965)
(1.6947, 0.2642, 2.8279)
(2.2004, 0.7544, 2.8171)
(3.4791, 3.8558, 1.3221)
(2.662, 1.2682, 2.7179)
(3.0393, 1.7922, 2.5028)
(3.4428, 4.2646, 1.0807)
(3.3631, 2.3176, 2.2232)
(1.1133, -0.138, 3.2175)
(3.5338, 4.5989, 0.8026)
(3.634, 2.8541, 1.9131)
(3.8259, 3.4095, 1.6199)
(1.8672, 1.1057, 3.2101)
(1.321, 0.5025, 3.4025)
(3.8196, 3.9321, 1.4157)
(2.3333, 1.6326, 3.066)
(2.7683, 2.1396, 2.873)
(3.7268, 4.175, 0.9764)
(3.1934, 2.6294, 2.6498)
(3.8069, 4.4349, 0.6198)
(3.5594, 3.1139, 2.3849)
(3.667, 3.5919, 2.0129)
(1.3191, 1.0752, 3.7242)
(1.5998, 1.5246, 3.5566)
(3.6363, 4.0054, 1.5961)
(2.0122, 2.0331, 3.3979)
(2.4754, 2.5239, 3.2338)
(3.8074, 4.3743, 1.1987)
(2.96, 2.9842, 3.0648)
(4.0732, 4.6122, 0.8945)
(3.339, 3.4066, 2.8105)
(3.4052, 3.7067, 2.3424)
(1.1704, 1.5206, 4.0147)
(1.3615, 1.9309, 3.8794)
(3.6868, 4.0685, 1.9363)
(1.7245, 2.4343, 3.7076)
(2.1702, 2.9233, 3.5101)
(4.0946, 4.4297, 1.5656)
(2.6565, 3.3712, 3.3199)
(1.0909, 1.8658, 4.0995)
(4.4382, 4.6096, 1.268)
(3.1105, 3.7661, 3.0707)
(1.0894, 2.2198, 4.122)
(1.5037, 2.7586, 3.9684)
(3.4367, 4.0255, 2.6196)
(1.93, 3.2529, 3.7097)
(3.8453, 4.3836, 2.2424)
(2.3727, 3.6863, 3.3809)
(2.856, 4.0621, 3.0428)
(4.2942, 4.7409, 1.9078)
(3.3646, 4.3679, 2.67)
(4.6483, 4.8835, 1.6298)
(3.8332, 4.7019, 2.3754)
(4.5944, 5.1167, 1.8711)
(4.3605, 5.1646, 2.1003)
(-1.663, 1.0496, -4.4655)
(-1.3805, 1.6251, -4.3855)
(-1.104, 2.1887, -4.3424)
(-0.5455, 2.4094, -4.2468)
(0.016, 2.7179, -4.4018)
(-1.6274, 1.3456, -4.4761)
(-1.1852, 1.6694, -4.2208)
(0.5508, 3.0258, -4.5076)
(-0.8558, 2.1399, -4.1645)
(0.902, 2.9902, -4.6836)
(-0.4691, 2.5542, -4.087)
(0.0874, 2.6608, -4.1136)
(0.6401, 2.7501, -4.341)
(1.058, 2.6758, -4.6569)
(-1.7647, 1.6932, -4.2007)
(-1.2259, 2.0023, -4.0453)
(-0.7175, 2.1696, -3.8329)
(-0.2176, 2.4688, -3.8146)
(0.2927, 2.6832, -3.7294)
(0.834, 2.7262, -3.8871)
(1.1603, 2.4928, -4.082)
(-1.8734, 1.843, -3.6691)
(-1.3381, 2.2271, -3.6133)
(-0.7126, 2.4117, -3.485)
(-0.0711, 2.4628, -3.4235)
(0.5149, 2.439, -3.4096)
(1.0062, 2.6159, -3.4916)
(1.5153, 2.6224, -3.6076)
(-1.9352, 1.8099, -3.1219)
(-1.3527, 2.0779, -3.1042)
(-0.6744, 2.1899, -3.0482)
(-0.0214, 2.157, -2.9426)
(0.531, 2.1419, -2.9514)
(0.823, 2.2901, -3.3224)
(1.1214, 2.2006, -3.5883)
(-1.9595, 1.6089, -2.6943)
(-1.2936, 1.75, -2.7197)
(-0.6164, 1.8343, -2.7093)
(-0.0442, 1.8737, -2.4833)
(0.4628, 1.9491, -2.3582)
(0.7796, 2.0524, -2.7789)
(1.137, 2.0318, -3.1039)
(-1.9904, 1.7643, -2.1829)
(-1.3161, 1.872, -2.2108)
(-0.6534, 1.9515, -2.217)
(-0.073, 1.9545, -2.0137)
(0.4404, 1.9995, -1.8796)
(0.8594, 1.9558, -2.1371)
(1.2472, 1.8517, -2.307)
(-1.994, 1.9657, -1.6123)
(-1.3289, 2.1061, -1.6519)
(-0.6613, 2.1985, -1.6853)
(-0.0487, 2.3243, -1.6741)
(0.5278, 2.3676, -1.6544)
(1.0247, 2.1675, -1.669)
(1.4593, 2.041, -1.7637)
(-1.9614, 2.0717, -1.0139)
(-1.3044, 2.2503, -1.0657)
(-0.6321, 2.3542, -1.1096)
(0.0043, 2.46, -1.1374)
(0.6215, 2.494, -1.1526)
(1.1859, 2.357, -1.1494)
(1.5848, 2.1185, -1.1606)
(-1.9063, 2.0759, -0.4052)
(-1.2503, 2.2477, -0.4651)
(-0.5752, 2.3517, -0.5134)
(0.0717, 2.4461, -0.5409)
(0.7015, 2.4928, -0.558)
(1.2924, 2.4178, -0.568)
(1.7143, 2.2128, -0.5713)
(-1.8356, 1.9919, 0.1948)
(-1.1725, 2.1187, 0.1215)
(-0.4985, 2.225, 0.0705)
(0.1555, 2.3445, 0.0434)
(0.7949, 2.4393, 0.0278)
(1.4028, 2.4472, 0.0138)
(1.8618, 2.3362, 0.0012)
(-1.7396, 1.8718, 0.7827)
(-1.0853, 2.0139, 0.7011)
(-0.4429, 2.1963, 0.6491)
(0.2162, 2.3188, 0.6228)
(0.8726, 2.4122, 0.6068)
(1.501, 2.4796, 0.5818)
(1.9981, 2.4746, 0.5717)
(-1.6157, 1.8144, 1.3715)
(-1.0182, 2.1007, 1.2734)
(-0.4577, 2.4332, 1.1807)
(0.1964, 2.5497, 1.1606)
(0.8719, 2.611, 1.1527)
(1.5221, 2.7519, 1.0787)
(2.2262, 2.949, 0.991)
(-1.4868, 1.8364, 1.963)
(-0.9782, 2.2599, 1.8486)
(-0.4823, 2.6856, 1.7318)
(0.1486, 2.8694, 1.6719)
(2.6628, 3.4322, 1.2037)
(0.8087, 2.9772, 1.6187)
(1.4157, 3.1996, 1.4474)
(2.7864, 4.115, 1.0886)
(1.9715, 3.4855, 1.2061)
(3.4106, 4.2858, 1.3034)
(2.5096, 3.7729, 1.1093)
(-1.3333, 1.8601, 2.5538)
(-0.8902, 2.36, 2.4435)
(-0.4546, 2.8609, 2.3128)
(3.2591, 4.3947, 0.9944)
(0.1095, 3.1822, 2.1799)
(2.9575, 4.1731, 1.2008)
(0.7118, 3.42, 2.0112)
(1.2741, 3.6976, 1.7631)
(3.3379, 4.5294, 1.0848)
(1.7834, 4.001, 1.4515)
(3.213, 4.645, 0.7674)
(2.363, 4.2381, 1.2856)
(-1.1506, 1.8253, 3.1112)
(-0.7467, 2.3746, 3.0515)
(-0.3192, 2.9372, 2.908)
(2.9037, 4.6179, 1.1898)
(0.1608, 3.4183, 2.7213)
(0.6889, 3.7878, 2.4693)
(3.3145, 4.989, 0.9935)
(1.2197, 4.1176, 2.1686)
(-0.9564, 1.7363, 3.533)
(3.1665, 5.1712, 0.7348)
(1.7348, 4.4444, 1.8443)
(2.3017, 4.7214, 1.5874)
(-0.0681, 2.9328, 3.4724)
(-0.4993, 2.2218, 3.6947)
(2.837, 5.0884, 1.3949)
(0.369, 3.4998, 3.2778)
(0.8592, 3.95, 3.0076)
(3.2671, 5.4914, 1.2056)
(1.3808, 4.3225, 2.6905)
(3.3551, 5.7124, 0.8788)
(1.9021, 4.6939, 2.361)
(2.4226, 5.0726, 2.0198)
(-0.004, 2.3939, 3.9881)
(0.3223, 2.8548, 3.9047)
(2.9311, 5.4491, 1.7747)
(0.739, 3.3854, 3.7336)
(1.2029, 3.87, 3.474)
(3.3685, 5.8737, 1.5579)
(1.698, 4.2922, 3.1658)
(3.6428, 6.0796, 1.2631)
(2.1982, 4.7152, 2.8567)
(2.6987, 5.1214, 2.5043)
(0.442, 2.2478, 4.2146)
(0.7614, 2.6038, 4.1227)
(3.1866, 5.4804, 2.2171)
(1.17, 3.0975, 3.9651)
(1.6205, 3.5804, 3.7113)
(3.6701, 5.8793, 1.9597)
(2.0944, 4.0026, 3.3847)
(0.7722, 2.1542, 4.2409)
(3.9897, 6.1445, 1.7081)
(2.5908, 4.3927, 3.0397)
(1.0749, 2.2574, 4.1363)
(1.494, 2.7909, 3.9893)
(3.1157, 4.7695, 2.6887)
(1.9251, 3.2714, 3.7217)
(3.5761, 5.1688, 2.3888)
(2.3783, 3.6925, 3.4002)
(2.8643, 4.069, 3.0634)
(4.0586, 5.5468, 2.1492)
(3.4134, 4.3656, 2.6916)
(4.3567, 5.858, 1.9612)
(3.9691, 4.8419, 2.3195)
(4.4828, 5.5533, 2.0852)
(4.4058, 5.2437, 2.1282)
(2.2098, -1.148, -5.5381)
(1.6657, -1.1697, -5.2163)
(1.1948, -1.4035, -4.9587)
(1.034, -1.9584, -4.9395)
(0.5429, -2.3474, -5.0092)
(-0.1166, -2.5159, -5.0938)
(2.3973, -1.2362, -5.1363)
(1.8559, -1.2598, -4.8305)
(1.334, -1.4061, -4.5542)
(-0.7706, -2.5338, -5.1018)
(1.0222, -1.9132, -4.514)
(-1.1898, -2.5377, -5.0014)
(0.4926, -2.2835, -4.5922)
(-0.1582, -2.4707, -4.6787)
(-0.7781, -2.5992, -4.6843)
(-1.2752, -2.5498, -4.6652)
(2.6014, -1.3684, -4.6276)
(2.0719, -1.4661, -4.3702)
(1.5073, -1.4996, -4.0687)
(1.0288, -1.8371, -3.9763)
(0.4273, -2.0958, -4.1009)
(-0.1944, -2.3394, -4.1892)
(-0.7357, -2.6307, -4.1404)
(-1.2073, -2.6632, -4.0643)
(2.7076, -1.5202, -4.0834)
(2.2256, -1.8507, -3.9897)
(1.6381, -1.9155, -3.7448)
(1.0675, -2.0303, -3.5287)
(0.4765, -2.1974, -3.6302)
(-0.0735, -2.3952, -3.7328)
(-0.6338, -2.6097, -3.6721)
(-1.0738, -2.6613, -3.4717)
(2.6944, -1.6206, -3.5017)
(2.3032, -2.1316, -3.5156)
(1.7163, -2.3869, -3.4764)
(1.082, -2.5119, -3.4022)
(0.4895, -2.5267, -3.4187)
(0.0089, -2.2963, -3.3344)
(-0.541, -2.2466, -3.4489)
(-1.0306, -2.1248, -3.8505)
(2.6304, -1.6684, -2.9015)
(2.2508, -2.2244, -2.9369)
(1.7085, -2.6218, -2.9805)
(1.0919, -2.8175, -3.0054)
(0.5083, -2.6505, -2.9678)
(0.0036, -2.3127, -2.8515)
(-0.4797, -2.154, -2.931)
(-0.6864, -2.1107, -3.376)
(2.5588, -1.695, -2.2969)
(2.163, -2.2469, -2.3329)
(1.6244, -2.6557, -2.3896)
(0.9896, -2.8685, -2.4521)
(0.3507, -2.8501, -2.4859)
(-0.2193, -2.5898, -2.4667)
(-0.6555, -2.2382, -2.4398)
(-0.9709, -2.1303, -2.6392)
(2.4819, -1.7081, -1.6913)
(2.0805, -2.2591, -1.7251)
(1.5483, -2.6754, -1.7829)
(0.9159, -2.898, -1.852)
(0.2725, -2.9526, -1.9084)
(-0.3325, -2.8267, -1.9517)
(-0.8337, -2.5264, -1.9752)
(-1.1897, -2.268, -2.0474)
(2.3873, -1.7014, -1.0873)
(1.9918, -2.2599, -1.1167)
(1.4752, -2.693, -1.173)
(0.8473, -2.9035, -1.2448)
(0.2087, -2.9217, -1.3038)
(-0.4056, -2.832, -1.3569)
(-0.9591, -2.6328, -1.4056)
(-1.3584, -2.4086, -1.4531)
(2.2647, -1.6687, -0.4889)
(1.885, -2.2413, -0.511)
(1.3912, -2.6971, -0.5628)
(0.7664, -2.8917, -0.6408)
(0.1267, -2.8476, -0.7092)
(-0.4972, -2.7556, -0.7662)
(-1.0835, -2.6358, -0.818)
(-1.5254, -2.487, -0.8674)
(2.1162, -1.6103, 0.1018)
(1.7531, -2.1999, 0.0888)
(1.2953, -2.6972, 0.0464)
(0.6817, -2.921, -0.0382)
(0.0275, -2.8565, -0.1184)
(-0.6163, -2.7478, -0.1836)
(-1.2267, -2.6493, -0.2411)
(-1.6935, -2.5616, -0.2888)
(1.9509, -1.5252, 0.683)
(1.5888, -2.1272, 0.6756)
(1.1816, -2.6892, 0.649)
(0.6039, -3.0038, 0.5609)
(-0.0737, -2.9578, 0.4645)
(-0.7478, -2.8287, 0.3881)
(-1.391, -2.7149, 0.3231)
(-1.8859, -2.617, 0.2825)
(1.7149, -1.3841, 1.2284)
(1.3618, -1.9862, 1.2296)
(0.9914, -2.5752, 1.2208)
(0.4843, -2.9907, 1.1541)
(-0.1815, -3.0182, 1.05)
(-0.8685, -2.9409, 0.9575)
(-1.5461, -2.8712, 0.8575)
(-2.3077, -2.7601, 0.7931)
(1.4434, -1.2108, 1.7532)
(1.1045, -1.8129, 1.7629)
(0.7558, -2.4084, 1.7632)
(0.3156, -2.8855, 1.72)
(-0.2956, -3.0241, 1.6088)
(-2.8782, -3.1286, 0.6178)
(-0.9466, -3.1233, 1.4672)
(-1.5771, -3.2313, 1.2449)
(-3.2684, -3.2895, 1.1821)
(-2.1574, -3.3598, 0.9141)
(-3.6129, -3.8725, 1.0916)
(1.1775, -1.0306, 2.2825)
(-2.732, -3.5245, 0.7084)
(0.833, -1.6269, 2.2873)
(0.4695, -2.2093, 2.27)
(0.0462, -2.7428, 2.1983)
(-3.7809, -3.915, 0.8423)
(-0.4554, -3.1502, 2.0385)
(-3.2975, -3.6556, 0.8817)
(-0.9946, -3.455, 1.7731)
(-1.548, -3.6638, 1.4267)
(-3.8043, -3.8526, 0.8718)
(-2.0943, -3.8443, 1.0419)
(-3.9352, -4.1208, 0.7172)
(-2.6606, -3.9888, 0.7195)
(0.9388, -0.8598, 2.7836)
(0.5616, -1.4283, 2.7803)
(0.1413, -1.955, 2.7373)
(-0.322, -2.4686, 2.5695)
(-3.2783, -4.028, 0.5923)
(-0.8121, -2.9242, 2.3423)
(-1.319, -3.3163, 2.0944)
(-3.8713, -4.1189, 0.4931)
(-1.8402, -3.6245, 1.7675)
(0.7776, -0.7446, 3.1413)
(0.3481, -1.2827, 3.184)
(-4.278, -4.2561, 0.4447)
(-2.365, -3.8941, 1.4003)
(-2.8905, -4.1587, 1.0392)
(-0.6618, -2.3128, 3.044)
(-0.1683, -1.6964, 3.3349)
(-3.4124, -4.3805, 0.6885)
(-1.1656, -2.7293, 2.7543)
(-1.6814, -3.053, 2.421)
(-3.8831, -4.5452, 0.3525)
(-2.1897, -3.3482, 2.05)
(-4.308, -4.6648, 0.2228)
(-2.7001, -3.6516, 1.675)
(-3.2165, -4.0007, 1.3395)
(-0.6781, -1.8666, 3.6519)
(-1.0307, -2.2816, 3.5046)
(-3.6984, -4.3797, 1.0256)
(-1.4879, -2.7139, 3.2442)
(-1.9755, -3.0821, 2.8954)
(-4.0571, -4.7863, 0.714)
(-2.4545, -3.4201, 2.5096)
(-4.3493, -5.0901, 0.4978)
(-2.9138, -3.7973, 2.1173)
(-3.3835, -4.22, 1.7472)
(-1.1038, -1.8076, 3.9775)
(-1.432, -2.1469, 3.8632)
(-3.8428, -4.622, 1.454)
(-1.8588, -2.6007, 3.6522)
(-2.3137, -3.0373, 3.3363)
(-4.2782, -5.0031, 1.2038)
(-2.7464, -3.4669, 2.9794)
(-1.4251, -1.7924, 4.1204)
(-4.6196, -5.2725, 0.9796)
(-3.1671, -3.9069, 2.6014)
(-1.7468, -1.8914, 4.0659)
(-2.1816, -2.4175, 3.905)
(-3.6284, -4.3061, 2.1938)
(-2.6201, -2.8953, 3.6224)
(-4.0899, -4.7083, 1.8943)
(-3.0168, -3.3651, 3.2831)
(-3.4122, -3.8292, 2.9439)
(-4.538, -5.0758, 1.6813)
(-3.7939, -4.1049, 2.4388)
(-4.8823, -5.3078, 1.4623)
(-4.2928, -4.5037, 2.1705)
(-4.9465, -5.1559, 1.7621)
(-4.8111, -4.9416, 1.9979)
(-1.9459, 0.7098, -4.717)
(-2.102, 0.3782, -4.3924)
(-2.3986, -0.1592, -4.3044)
(-2.4324, -0.7645, -4.2497)
(-2.1046, -1.1726, -4.0794)
(-1.9964, -1.6872, -4.3507)
(-2.0675, 0.9972, -4.6502)
(-2.1805, 0.4483, -4.501)
(-2.1792, -0.1261, -4.2276)
(-1.8655, -2.2612, -4.6086)
(-2.2638, -0.6961, -3.968)
(-1.6175, -2.5538, -4.7716)
(-2.1258, -1.262, -3.8309)
(-1.8257, -1.7444, -4.0507)
(-1.5925, -2.2274, -4.369)
(-1.2939, -2.5478, -4.6546)
(-2.1919, 1.195, -4.212)
(-2.3678, 0.5874, -4.1118)
(-2.2444, 0.0224, -3.8512)
(-2.0885, -0.5847, -3.6521)
(-1.8959, -1.228, -3.5933)
(-1.6711, -1.8339, -3.6559)
(-1.5264, -2.3509, -3.8963)
(-1.2252, -2.6581, -4.0541)
(-2.2133, 1.2633, -3.6298)
(-2.4404, 0.6218, -3.5751)
(-2.4929, -0.0214, -3.4985)
(-2.3131, -0.6544, -3.4211)
(-2.1053, -1.2667, -3.3223)
(-1.824, -1.8247, -3.3277)
(-1.4619, -2.3033, -3.4633)
(-1.0937, -2.6634, -3.4608)
(-2.2113, 1.2697, -3.0839)
(-2.3349, 0.616, -3.0575)
(-2.2967, -0.0135, -3.089)
(-2.0371, -0.5935, -3.1249)
(-1.9152, -1.0997, -2.9873)
(-1.6425, -1.4931, -3.2049)
(-1.2602, -1.9231, -3.3652)
(-0.949, -2.0957, -3.69)
(-2.4494, 1.3019, -2.6612)
(-2.4571, 0.7401, -2.6078)
(-2.0896, 0.2497, -2.6871)
(-1.7543, -0.3139, -2.7131)
(-1.6144, -0.8438, -2.615)
(-1.4567, -1.3216, -2.7922)
(-1.1164, -1.7798, -2.952)
(-0.7238, -2.0567, -3.1907)
(-2.4814, 1.4576, -2.1343)
(-2.3505, 0.9204, -2.0947)
(-1.9314, 0.4328, -2.1777)
(-1.6607, -0.1615, -2.2109)
(-1.5735, -0.7583, -2.1606)
(-1.4367, -1.2881, -2.2945)
(-1.1667, -1.7565, -2.4007)
(-0.9546, -2.1085, -2.5885)
(-2.4339, 1.6093, -1.5634)
(-2.2509, 1.0671, -1.5657)
(-2.0142, 0.4539, -1.6306)
(-1.9324, -0.1958, -1.7364)
(-1.9251, -0.8272, -1.8207)
(-1.7668, -1.4173, -1.9246)
(-1.4898, -1.9175, -1.9762)
(-1.2033, -2.2524, -2.035)
(-2.4194, 1.6702, -0.9755)
(-2.3876, 1.0594, -1.0167)
(-2.25, 0.3977, -1.0934)
(-2.1466, -0.257, -1.1936)
(-2.0185, -0.8669, -1.2879)
(-1.7813, -1.4314, -1.3719)
(-1.553, -1.9716, -1.4163)
(-1.3749, -2.3954, -1.4489)
(-2.3829, 1.657, -0.3731)
(-2.4646, 1.0202, -0.4238)
(-2.3414, 0.355, -0.509)
(-2.1417, -0.2777, -0.611)
(-1.8771, -0.8522, -0.7131)
(-1.6579, -1.4307, -0.7813)
(-1.5424, -2.0122, -0.8223)
(-1.5441, -2.4768, -0.8634)
(-2.3411, 1.6211, 0.2348)
(-2.438, 0.9961, 0.1832)
(-2.2602, 0.3521, 0.0822)
(-1.9758, -0.2492, -0.043)
(-1.7437, -0.8513, -0.1404)
(-1.638, -1.4771, -0.1959)
(-1.6447, -2.0813, -0.2488)
(-1.7154, -2.5581, -0.2859)
(-2.2738, 1.5773, 0.8436)
(-2.3415, 0.9826, 0.7851)
(-2.1013, 0.3717, 0.6584)
(-1.8982, -0.2427, 0.5269)
(-1.8162, -0.8936, 0.4337)
(-1.785, -1.5387, 0.3681)
(-1.9073, -2.1222, 0.2677)
(-1.9128, -2.6097, 0.2898)
(-2.151, 1.5353, 1.4502)
(-2.2117, 0.9563, 1.3822)
(-2.0273, 0.3496, 1.236)
(-2.0646, -0.2754, 1.077)
(-2.058, -0.9437, 0.9811)
(-2.0541, -1.5777, 0.8934)
(-2.2985, -2.085, 0.7102)
(-2.3379, -2.7505, 0.8065)
(-1.9943, 1.4908, 2.0516)
(-2.1151, 0.8987, 1.9785)
(-2.0868, 0.2693, 1.8212)
(-2.2664, -0.3329, 1.6456)
(-2.31, -0.9917, 1.5313)
(-2.9017, -3.1268, 0.5794)
(-2.3812, -1.596, 1.3999)
(-2.7199, -1.978, 1.1473)
(-3.2288, -3.2266, 1.2137)
(-2.9049, -2.5307, 1.1095)
(-3.688, -3.8582, 1.0943)
(-1.7919, 1.408, 2.6327)
(-3.2427, -3.0, 0.9535)
(-2.0077, 0.8038, 2.5694)
(-2.1521, 0.1804, 2.418)
(-2.4217, -0.3966, 2.2329)
(-3.808, -4.0567, 0.8933)
(-2.5623, -1.0275, 2.0755)
(-3.6057, -3.4391, 1.0655)
(-2.7418, -1.587, 1.8823)
(-3.1289, -1.8979, 1.5875)
(-3.8494, -3.8679, 0.9854)
(-3.3991, -2.3881, 1.4603)
(-4.0593, -4.1655, 0.6812)
(-3.6825, -2.8969, 1.2481)
(-1.5475, 1.2762, 3.1406)
(-1.8546, 0.6757, 3.1231)
(-2.1359, 0.0778, 3.0331)
(-2.4828, -0.4952, 2.8367)
(-4.0343, -3.3816, 1.0933)
(-2.7717, -1.074, 2.6225)
(-3.0756, -1.5908, 2.353)
(-4.3252, -3.8282, 0.859)
(-3.45, -2.0157, 2.056)
(-1.3613, 1.1603, 3.4852)
(-1.6995, 0.5368, 3.5508)
(-4.5696, -4.1034, 0.5043)
(-3.8756, -2.42, 1.8216)
(-4.1924, -2.9474, 1.531)
(-2.443, -0.7313, 3.3959)
(-1.9572, -0.1097, 3.7036)
(-4.5283, -3.4, 1.273)
(-2.8559, -1.2669, 3.1657)
(-3.2369, -1.7686, 2.8781)
(-4.9024, -3.8097, 0.9729)
(-3.6347, -2.2317, 2.58)
(-5.1574, -3.998, 0.5958)
(-4.1011, -2.6456, 2.3175)
(-4.5031, -3.1534, 1.9643)
(-1.9851, -0.7083, 3.9567)
(-2.3216, -1.1346, 3.8017)
(-4.9317, -3.5911, 1.6033)
(-2.7432, -1.6317, 3.605)
(-3.1637, -2.1219, 3.3311)
(-5.367, -3.9006, 1.2823)
(-3.5716, -2.594, 3.026)
(-5.5987, -4.1564, 0.971)
(-3.9941, -3.0566, 2.7404)
(-4.4446, -3.4992, 2.3747)
(-1.8128, -1.1917, 4.1538)
(-2.0789, -1.5747, 4.0299)
(-4.9464, -3.9002, 2.0145)
(-2.4772, -2.06, 3.8493)
(-2.8951, -2.5439, 3.5727)
(-5.4207, -4.224, 1.6989)
(-3.2825, -3.0134, 3.2453)
(-1.7166, -1.5375, 4.1633)
(-5.693, -4.4899, 1.4394)
(-3.6702, -3.4824, 2.9586)
(-1.7571, -1.8726, 4.076)
(-2.191, -2.3965, 3.9156)
(-4.0459, -3.8676, 2.5394)
(-2.6241, -2.8782, 3.6454)
(-4.5535, -4.225, 2.2207)
(-3.0225, -3.3427, 3.3007)
(-3.4164, -3.8019, 2.9586)
(-5.0862, -4.5775, 1.989)
(-3.7279, -4.1039, 2.3948)
(-5.4464, -4.8232, 1.7982)
(-4.235, -4.476, 2.1417)
(-5.1669, -4.9746, 1.9624)
(-4.8443, -4.9252, 2.0057)
(1.7206, 2.205, -0.5688)
(1.1663, 2.4855, -4.0854)
(1.0821, 2.2386, 4.1291)
(1.242, 1.8356, -2.3259)
(1.4988, 2.7747, 3.9789)
(1.9276, 3.2622, 3.7157)
(1.8676, 2.3282, 0.0037)
(2.3755, 3.6894, 3.3905)
(2.8602, 4.0656, 3.0531)
(3.389, 4.3667, 2.6808)
(3.9012, 4.7719, 2.3474)
(1.5246, 2.6187, -3.6117)
(4.3832, 5.2041, 2.1142)
(1.4594, 2.0287, -1.7667)
(1.5907, 2.1102, -1.1598)
(2.6751, 3.4269, 1.189)
(2.0063, 2.4684, 0.5719)
(2.2311, 2.9397, 0.9935)
(2.8015, 4.1017, 1.0846)
(3.4197, 4.2979, 1.2718)
(1.0645, 2.6694, -4.6611)
(1.1233, 2.186, -3.5973)
(1.1646, 2.0158, -3.0412)
(4.481, 4.8328, 1.7634)
(4.3226, 4.9252, 2.0201)
(4.4894, 5.1551, 1.9838)
(4.6516, 5.0243, 1.7609)
(3.5836, 4.3605, 1.274)
(3.3871, 4.2025, 1.3133)
(3.4717, 4.3146, 1.259)
(3.6083, 4.4138, 1.2555)
(3.3835, 4.2235, 1.2234)
(3.4763, 4.4356, 0.9349)
(3.4843, 4.555, 0.9912)
(3.5893, 4.2113, 0.9878)
(3.7484, 4.296, 0.7828)
(3.6585, 4.5103, 0.6592)
(3.7703, 4.2634, 1.0552)
(3.9367, 4.5057, 1.0379)
(3.9347, 4.5096, 0.7182)
(3.9325, 4.4014, 1.3755)
(4.2741, 4.5372, 1.4096)
(4.2543, 4.6125, 1.0803)
(4.2204, 4.557, 1.7508)
(4.5753, 4.718, 1.4589)
(1.4474, 1.2937, 3.6393)
(1.2486, 1.3145, 3.8894)
(1.2506, 1.7163, 3.95)
(1.4774, 1.7364, 3.7272)
(1.7927, 1.7752, 3.477)
(1.5245, 2.176, 3.7985)
(1.8614, 2.2402, 3.5598)
(2.2405, 2.2835, 3.3163)
(1.9412, 2.6848, 3.6096)
(2.3196, 2.7285, 3.3859)
(2.7171, 2.7559, 3.1515)
(2.4105, 3.1506, 3.4141)
(2.8124, 3.1811, 3.2198)
(3.1867, 3.2087, 2.9625)
(2.8982, 3.5847, 3.2176)
(3.2259, 3.5862, 2.9744)
(3.3805, 3.5617, 2.587)
(3.2777, 3.8989, 2.8546)
(3.4057, 3.8457, 2.4996)
(3.5117, 3.8768, 2.129)
(3.6269, 4.19, 2.4189)
(3.7771, 4.2037, 2.1077)
(3.8915, 4.2645, 1.7452)
(4.0759, 4.581, 2.0702)
(1.6303, 0.8327, 3.2806)
(1.3471, 0.8026, 3.5527)
(1.7263, 1.31, 3.3856)
(2.1019, 1.371, 3.1423)
(2.1686, 1.8298, 3.2312)
(2.5541, 1.8887, 2.9751)
(2.6212, 2.3285, 3.0562)
(2.9812, 2.3861, 2.7641)
(3.0812, 2.8025, 2.8655)
(3.3976, 2.8711, 2.5278)
(3.4533, 3.2545, 2.609)
(3.6472, 3.3583, 2.2101)
(3.5096, 3.6405, 2.1825)
(3.6434, 3.8046, 1.8063)
(3.6208, 4.0183, 1.7543)
(3.697, 4.2017, 1.3886)
(1.1178, -0.567, 2.787)
(0.8511, -0.7969, 2.9761)
(0.9577, -0.4487, 3.1656)
(1.1996, -0.2052, 3.0168)
(1.4832, 0.001, 2.813)
(1.239, 0.1838, 3.2931)
(1.5429, 0.3809, 3.083)
(1.9419, 0.5109, 2.8311)
(2.0305, 0.921, 3.0217)
(2.4425, 1.0077, 2.7814)
(2.5059, 1.4423, 2.9022)
(2.8592, 1.5302, 2.6225)
(2.9225, 1.9547, 2.698)
(3.2075, 2.0541, 2.368)
(3.3062, 2.459, 2.4405)
(3.5047, 2.5844, 2.0717)
(3.6368, 2.9699, 2.149)
(3.7482, 3.1271, 1.7523)
(3.7963, 3.5053, 1.8218)
(3.8473, 3.6961, 1.5314)
(3.7517, 3.9751, 1.4878)
(3.7635, 4.0741, 1.2107)
(1.3522, -0.734, 2.2768)
(1.0505, -0.9403, 2.546)
(1.4116, -0.3592, 2.5438)
(1.7458, -0.1763, 2.2813)
(1.8403, 0.1591, 2.5681)
(2.2436, 0.273, 2.3351)
(2.3575, 0.6048, 2.594)
(2.6796, 0.7417, 2.3152)
(2.7729, 1.1229, 2.4932)
(2.9166, 1.316, 2.1414)
(3.0698, 1.6734, 2.265)
(3.0754, 1.9086, 1.9098)
(3.3078, 2.2328, 1.9882)
(3.2207, 2.4964, 1.6426)
(3.5111, 2.7968, 1.6888)
(3.4108, 3.0451, 1.3348)
(3.7095, 3.3451, 1.424)
(3.5064, 3.5931, 1.2887)
(3.7037, 3.8921, 1.3604)
(3.449, 4.0766, 1.2353)
(1.6182, -0.9128, 1.7476)
(1.309, -1.1212, 2.0166)
(1.6697, -0.5349, 2.0076)
(2.0103, -0.3484, 1.7519)
(2.1148, -0.0214, 2.0363)
(2.4818, 0.133, 1.7932)
(2.5919, 0.4139, 2.081)
(2.7722, 0.664, 1.7638)
(2.7931, 0.9848, 1.9784)
(2.7473, 1.3016, 1.6719)
(2.839, 1.6064, 1.8331)
(2.6976, 1.9487, 1.5919)
(2.9255, 2.2232, 1.6429)
(2.7547, 2.5241, 1.3564)
(3.0665, 2.7694, 1.3231)
(2.917, 3.0567, 1.0845)
(3.2374, 3.311, 1.1268)
(3.0267, 3.6023, 1.1516)
(3.2569, 3.8265, 1.2996)
(3.2239, 4.0174, 1.3311)
(1.8953, -1.0857, 1.2275)
(1.5803, -1.2994, 1.4915)
(1.9432, -0.7092, 1.4865)
(2.2694, -0.4998, 1.2237)
(2.356, -0.1605, 1.4976)
(2.674, 0.0579, 1.2257)
(2.7622, 0.358, 1.5108)
(2.9419, 0.659, 1.1984)
(2.8549, 0.9845, 1.4452)
(2.86, 1.3016, 1.1421)
(2.6976, 1.6297, 1.3934)
(2.6085, 1.9244, 1.0901)
(2.5865, 2.2614, 1.3009)
(2.3913, 2.5363, 1.0093)
(2.5766, 2.833, 1.1018)
(2.4618, 3.176, 1.0852)
(2.8044, 3.3834, 1.0797)
(2.752, 3.755, 1.1275)
(2.964, 3.912, 1.2019)
(3.1227, 4.1993, 1.1605)
(2.1292, -1.2234, 0.6839)
(1.8412, -1.4611, 0.9601)
(2.2048, -0.8625, 0.9589)
(2.4816, -0.6175, 0.6745)
(2.5775, -0.2707, 0.9471)
(2.833, -0.0102, 0.6491)
(2.9203, 0.325, 0.9267)
(3.0092, 0.6306, 0.6052)
(2.9818, 0.9725, 0.8782)
(2.8249, 1.2461, 0.5642)
(2.7109, 1.5767, 0.834)
(2.4619, 1.8019, 0.5452)
(2.3999, 2.1554, 0.8005)
(2.1543, 2.2934, 0.5458)
(2.1253, 2.6962, 0.7841)
(2.279, -1.304, 0.1012)
(2.0393, -1.5732, 0.3954)
(2.3752, -0.9618, 0.3915)
(2.5791, -0.6795, 0.0856)
(2.6975, -0.343, 0.369)
(2.8469, -0.0455, 0.0489)
(2.9574, 0.287, 0.329)
(2.9274, 0.5973, 0.0072)
(2.9046, 0.9244, 0.288)
(2.6797, 1.1668, -0.0063)
(2.5596, 1.4685, 0.2755)
(2.291, 1.6719, -0.0031)
(2.2044, 1.982, 0.2738)
(1.9891, 2.1274, 0.0004)
(1.944, 2.3911, 0.2891)
(2.4246, -1.3632, -0.4871)
(2.192, -1.6422, -0.193)
(2.4987, -1.023, -0.1981)
(2.6869, -0.7272, -0.5039)
(2.7516, -0.3831, -0.2275)
(2.8459, -0.0682, -0.5492)
(2.9012, 0.2672, -0.275)
(2.8465, 0.5807, -0.5923)
(2.7944, 0.8833, -0.3007)
(2.5999, 1.1326, -0.595)
(2.4294, 1.3843, -0.2913)
(2.1846, 1.5944, -0.5779)
(2.0539, 1.8565, -0.2849)
(1.849, 2.0103, -0.5704)
(1.8002, 2.2587, -0.2801)
(2.5451, -1.3967, -1.0826)
(2.3299, -1.6885, -0.7872)
(2.6232, -1.0675, -0.7877)
(2.7524, -0.7488, -1.098)
(2.7943, -0.409, -0.8202)
(2.7856, -0.0773, -1.1417)
(2.8232, 0.2571, -0.8714)
(2.7456, 0.5733, -1.1885)
(2.7251, 0.8718, -0.8991)
(2.5515, 1.1345, -1.1962)
(2.3741, 1.3632, -0.8839)
(2.1209, 1.5648, -1.1738)
(1.9479, 1.7761, -0.8672)
(1.7342, 1.9263, -1.1627)
(1.6618, 2.1496, -0.8627)
(2.6335, -1.4023, -1.6844)
(2.4375, -1.7077, -1.3889)
(2.7069, -1.0829, -1.3852)
(2.7839, -0.7472, -1.6949)
(2.7779, -0.4135, -1.4146)
(2.7073, -0.0823, -1.7337)
(2.705, 0.2483, -1.4628)
(2.635, 0.5607, -1.788)
(2.6455, 0.8684, -1.5019)
(2.4856, 1.1407, -1.8052)
(2.3221, 1.3659, -1.4878)
(2.0393, 1.5408, -1.7801)
(1.8529, 1.7195, -1.4681)
(1.6039, 1.8404, -1.7661)
(1.528, 2.0592, -1.4643)
(2.7002, -1.3856, -2.2883)
(2.5217, -1.7036, -1.9941)
(2.7675, -1.0733, -1.9858)
(2.814, -0.7271, -2.2915)
(2.7697, -0.4064, -2.0085)
(2.6408, -0.0947, -2.3233)
(2.6008, 0.2301, -2.0578)
(2.4925, 0.5218, -2.3658)
(2.5545, 0.8597, -2.1072)
(2.3558, 1.1297, -2.369)
(2.2494, 1.3733, -2.0946)
(1.9166, 1.5219, -2.3654)
(1.7296, 1.6518, -2.0712)
(1.4452, 1.7508, -2.3654)
(1.3481, 1.918, -2.0572)
(2.7501, -1.3522, -2.8918)
(2.5948, -1.6834, -2.5995)
(2.8038, -1.0442, -2.5869)
(2.7969, -0.6914, -2.8869)
(2.7295, -0.3954, -2.5973)
(2.515, -0.1064, -2.8924)
(2.423, 0.1735, -2.6164)
(2.227, 0.4549, -2.8502)
(2.2986, 0.7895, -2.5913)
(2.0319, 1.063, -2.7775)
(2.0216, 1.3403, -2.5761)
(1.7105, 1.5462, -2.8864)
(1.5895, 1.6626, -2.6709)
(1.3584, 1.8651, -2.9998)
(1.2144, 1.9096, -2.6617)
(2.7876, -1.3022, -3.4928)
(2.665, -1.649, -3.2027)
(2.8128, -0.9968, -3.1873)
(2.7778, -0.6339, -3.483)
(2.6841, -0.3509, -3.1831)
(2.5002, -0.0213, -3.466)
(2.3142, 0.2014, -3.1578)
(2.1777, 0.5523, -3.4174)
(2.0806, 0.7935, -3.078)
(1.9342, 1.1528, -3.3635)
(1.8192, 1.3699, -3.0787)
(1.6729, 1.6938, -3.462)
(1.5038, 1.7947, -3.2829)
(1.3676, 2.0688, -3.5506)
(1.1587, 2.0856, -3.2925)
(2.8124, -1.2315, -4.0889)
(2.7122, -1.5784, -3.7967)
(2.8166, -0.9369, -3.7853)
(2.7584, -0.5723, -4.0744)
(2.6434, -0.285, -3.7726)
(2.4785, 0.0633, -4.0489)
(2.303, 0.3136, -3.7436)
(2.1771, 0.6567, -4.0151)
(2.0343, 0.8972, -3.6995)
(1.9201, 1.273, -3.9525)
(1.7958, 1.5181, -3.6611)
(1.7537, 1.9042, -3.8755)
(1.6243, 2.0511, -3.6971)
(1.5742, 2.3691, -3.7623)
(1.3295, 2.3933, -3.6111)
(2.7553, -1.1376, -4.6718)
(2.671, -1.4467, -4.3588)
(2.83, -0.8625, -4.3788)
(2.8031, -0.4875, -4.6578)
(2.6833, -0.2018, -4.348)
(2.6108, 0.1732, -4.5989)
(2.4002, 0.4312, -4.2986)
(2.3534, 0.8115, -4.5241)
(2.1407, 1.0438, -4.2414)
(2.0812, 1.4418, -4.4418)
(1.877, 1.6737, -4.1475)
(1.7245, 1.9779, -4.3207)
(1.6357, 2.1898, -4.0148)
(1.3626, 2.3612, -4.1737)
(1.3531, 2.5466, -3.8524)
(2.5987, -1.048, -5.2076)
(2.5037, -1.2967, -4.892)
(2.7755, -0.7865, -4.9623)
(2.7163, -0.4338, -5.213)
(2.7066, -0.1201, -4.9181)
(2.5429, 0.2289, -5.1437)
(2.4802, 0.5336, -4.8388)
(2.2918, 0.8726, -5.0562)
(2.2133, 1.1704, -4.7501)
(1.9819, 1.4858, -4.9566)
(1.8738, 1.7586, -4.6467)
(1.6029, 2.043, -4.8312)
(1.456, 2.2212, -4.5073)
(1.2435, 2.4771, -4.6989)
(1.1217, 2.5705, -4.3771)
(2.4426, -0.9866, -5.6212)
(2.3, -1.1885, -5.3472)
(2.6478, -0.7384, -5.4488)
(2.5914, -0.4127, -5.6338)
(2.5775, -0.0905, -5.4035)
(2.3966, 0.2398, -5.5564)
(2.3503, 0.5602, -5.3203)
(2.1477, 0.883, -5.4688)
(2.0783, 1.1938, -5.2285)
(1.874, 1.5177, -5.3745)
(1.7492, 1.7964, -5.1178)
(1.5541, 2.1212, -5.2509)
(1.3946, 2.333, -4.9825)
(1.2424, 2.5712, -5.1081)
(1.0876, 2.697, -4.8514)
(1.1174, 1.6984, 4.0769)
(1.0851, 2.04, 4.1119)
(1.2503, 2.0957, 3.9992)
(1.2965, 2.4892, 4.0452)
(1.6087, 2.6017, 3.8367)
(1.7168, 3.0058, 3.839)
(2.0438, 3.0923, 3.6115)
(2.1513, 3.4696, 3.5453)
(2.5127, 3.5338, 3.365)
(2.6143, 3.8742, 3.2119)
(2.9874, 3.9187, 3.0798)
(3.1103, 4.215, 2.8564)
(3.4167, 4.2019, 2.6708)
(3.5989, 4.5349, 2.5227)
(3.8598, 4.5561, 2.3254)
(4.0969, 4.9332, 2.2378)
(4.2205, 5.3811, 2.1626)
(4.2273, 5.7084, 2.0513)
(4.454, 5.7014, 2.0353)
(4.4578, 5.4005, 2.1126)
(3.3254, 4.3831, 1.1605)
(3.3231, 4.3333, 1.1451)
(3.2332, 4.4883, 0.8618)
(3.3251, 4.6093, 0.9396)
(3.3366, 4.7399, 1.0143)
(3.175, 4.8854, 0.7279)
(3.2936, 5.0977, 0.8675)
(3.2828, 5.2443, 1.0672)
(3.2346, 5.4551, 0.7797)
(3.343, 5.6204, 1.0558)
(3.2924, 5.7145, 1.3694)
(3.4931, 5.9253, 1.0464)
(3.5202, 5.9999, 1.4184)
(3.4978, 5.9308, 1.7693)
(3.8066, 6.1601, 1.498)
(3.8463, 6.0267, 1.8336)
(3.8678, 5.7318, 2.0858)
(4.1877, 6.025, 1.8586)
(0.2321, 2.3396, 4.1222)
(0.1511, 2.6165, 3.9532)
(0.5482, 2.7443, 4.0436)
(0.5937, 2.4121, 4.1731)
(0.5209, 3.1173, 3.8316)
(0.96, 3.254, 3.882)
(0.9562, 2.8402, 4.055)
(0.9666, 3.6377, 3.6132)
(1.4165, 3.7401, 3.6266)
(1.392, 3.3468, 3.8499)
(1.4482, 4.0847, 3.3211)
(1.8999, 4.1664, 3.3096)
(1.8553, 3.7975, 3.5532)
(1.9478, 4.5026, 3.0153)
(2.3965, 4.5789, 2.9846)
(2.3372, 4.2007, 3.2139)
(2.4502, 4.9252, 2.6795)
(2.9069, 4.9736, 2.6345)
(2.8579, 4.5799, 2.8615)
(2.9408, 5.2984, 2.3523)
(3.3744, 5.3478, 2.3411)
(3.3461, 4.9675, 2.5309)
(3.4405, 5.6856, 2.0873)
(3.8276, 5.365, 2.2615)
(-0.2523, 2.3563, 3.8346)
(-0.2733, 2.6235, 3.5554)
(0.112, 2.9114, 3.7111)
(0.1441, 3.2267, 3.3835)
(0.5371, 3.4684, 3.527)
(0.6081, 3.7394, 3.1514)
(1.013, 3.9413, 3.2611)
(1.1185, 4.1405, 2.8517)
(1.5227, 4.3418, 2.9499)
(1.6419, 4.5061, 2.5288)
(2.0341, 4.7458, 2.6339)
(2.1626, 4.8853, 2.1847)
(2.5382, 5.1495, 2.2804)
(2.6802, 5.253, 1.8856)
(3.0384, 5.5153, 2.0105)
(3.1672, 5.6735, 1.6719)
(-1.4477, 1.2157, 3.3275)
(-1.3555, 1.5553, 3.1295)
(-1.0541, 1.7847, 3.3348)
(-1.1666, 1.4538, 3.4952)
(-0.9486, 2.0966, 3.089)
(-0.637, 2.3389, 3.3427)
(-0.7343, 2.0034, 3.596)
(-0.5383, 2.6594, 2.9882)
(-0.2103, 2.942, 3.1998)
(-0.0864, 3.1923, 2.8208)
(0.2433, 3.4818, 3.0035)
(0.4211, 3.6136, 2.6031)
(0.7489, 3.8982, 2.7359)
(0.9573, 3.9528, 2.3246)
(1.2749, 4.2486, 2.4218)
(1.4737, 4.2863, 2.0035)
(1.7966, 4.5938, 2.0914)
(2.0159, 4.5815, 1.7059)
(2.3411, 4.9226, 1.7853)
(2.5746, 4.8902, 1.4846)
(2.8619, 5.2954, 1.5663)
(3.0847, 5.3026, 1.3111)
(-1.6679, 1.3441, 2.9042)
(-1.579, 1.6424, 2.6049)
(-1.2447, 1.851, 2.8451)
(-1.103, 2.0998, 2.5002)
(-0.8282, 2.3792, 2.7504)
(-0.6826, 2.6245, 2.3795)
(-0.401, 2.9113, 2.6102)
(-0.1859, 3.0425, 2.2478)
(0.1187, 3.3151, 2.4456)
(0.4118, 3.302, 2.1027)
(0.6818, 3.6231, 2.227)
(1.0022, 3.5506, 1.9002)
(1.2255, 3.9277, 1.9492)
(1.5257, 3.8564, 1.6012)
(1.7335, 4.2413, 1.6292)
(2.07, 4.1146, 1.3487)
(2.3126, 4.4877, 1.423)
(2.6374, 4.4121, 1.2422)
(2.8585, 4.8606, 1.2627)
(3.1593, 4.8215, 1.1049)
(-1.9007, 1.4565, 2.3462)
(-1.7677, 1.6773, 2.0202)
(-1.4141, 1.853, 2.2584)
(-1.2219, 2.0323, 1.906)
(-0.9412, 2.3202, 2.1426)
(-0.7409, 2.4926, 1.7868)
(-0.4792, 2.7847, 2.0193)
(-0.1804, 2.804, 1.6947)
(0.1236, 3.0306, 1.9238)
(0.4822, 2.9168, 1.6534)
(0.7594, 3.1975, 1.8159)
(1.1205, 3.0734, 1.5496)
(1.3423, 3.4495, 1.6024)
(1.6957, 3.3422, 1.3233)
(1.8684, 3.7443, 1.3129)
(2.2495, 3.6212, 1.1272)
(2.4361, 3.9908, 1.1735)
(2.7359, 3.9627, 1.1558)
(2.9448, 4.3703, 1.1859)
(3.1884, 4.375, 1.1775)
(-2.0768, 1.5153, 1.7522)
(-1.9207, 1.6996, 1.4222)
(-1.5526, 1.8195, 1.6672)
(-1.3088, 1.9429, 1.3223)
(-0.9996, 2.1817, 1.5596)
(-0.7428, 2.2807, 1.2217)
(-0.4729, 2.5676, 1.4517)
(-0.1407, 2.5148, 1.1628)
(0.1737, 2.707, 1.4183)
(0.5361, 2.575, 1.1615)
(0.8471, 2.7786, 1.3981)
(1.2011, 2.6701, 1.1247)
(1.481, 2.9623, 1.2772)
(1.8417, 2.851, 1.0229)
(2.0807, 3.2318, 1.1158)
(2.4445, 3.1906, 1.0973)
(2.5702, 3.6017, 1.1147)
(2.7246, 3.7736, 1.1462)
(2.9197, 4.0793, 1.1793)
(3.0985, 4.2004, 1.196)
(-2.2183, 1.5557, 1.1473)
(-2.047, 1.7612, 0.8234)
(-1.6794, 1.8317, 1.0766)
(-1.4125, 1.9443, 0.7395)
(-1.0471, 2.0365, 0.9878)
(-0.7641, 2.1046, 0.6711)
(-0.4438, 2.2939, 0.9176)
(-0.1148, 2.2654, 0.6336)
(0.2142, 2.409, 0.8969)
(0.545, 2.3679, 0.6149)
(0.8821, 2.483, 0.8868)
(1.1974, 2.449, 0.5959)
(1.5264, 2.5842, 0.8443)
(1.7669, 2.5015, 0.567)
(2.1122, 2.7118, 0.7814)
(-2.3134, 1.5996, 0.5393)
(-2.1277, 1.8448, 0.2241)
(-1.7916, 1.9299, 0.4895)
(-1.5105, 2.0714, 0.1577)
(-1.1285, 2.049, 0.4121)
(-0.8338, 2.1685, 0.0923)
(-0.4635, 2.1806, 0.3639)
(-0.1688, 2.285, 0.0547)
(0.1938, 2.3057, 0.336)
(0.4755, 2.3986, 0.0349)
(0.8405, 2.408, 0.319)
(1.1123, 2.4583, 0.0208)
(1.4569, 2.4475, 0.302)
(1.6459, 2.4023, 0.0073)
(1.93, 2.4054, 0.2865)
(-2.3627, 1.6404, -0.0695)
(-2.1855, 1.9012, -0.3809)
(-1.8733, 2.0429, -0.1035)
(-1.5872, 2.1822, -0.435)
(-1.2138, 2.1923, -0.1701)
(-0.9106, 2.3013, -0.4918)
(-0.5377, 2.2931, -0.221)
(-0.2482, 2.4012, -0.5292)
(0.1128, 2.3996, -0.2482)
(0.3872, 2.4803, -0.5503)
(0.7469, 2.4712, -0.2641)
(1.0121, 2.4733, -0.5637)
(1.3463, 2.4368, -0.2761)
(1.5203, 2.327, -0.571)
(1.788, 2.2745, -0.285)
(-2.4038, 1.6694, -0.6755)
(-2.2421, 1.9025, -0.9878)
(-1.9359, 2.0862, -0.7095)
(-1.6408, 2.1807, -1.0406)
(-1.2807, 2.2684, -0.765)
(-0.9654, 2.3037, -1.0893)
(-0.607, 2.374, -0.811)
(-0.3099, 2.4089, -1.1251)
(0.0358, 2.4661, -0.8378)
(0.3146, 2.4944, -1.1475)
(0.6611, 2.5005, -0.8549)
(0.9198, 2.4449, -1.1511)
(1.2427, 2.397, -0.8616)
(1.4008, 2.2448, -1.1538)
(1.6496, 2.1657, -0.8659)
(-2.4256, 1.6517, -1.2716)
(-2.279, 1.8169, -1.5856)
(-1.9815, 2.0315, -1.3156)
(-1.6678, 2.054, -1.6332)
(-1.3208, 2.1941, -1.3622)
(-0.99, 2.1495, -1.672)
(-0.6503, 2.2934, -1.4031)
(-0.3494, 2.2598, -1.6843)
(-0.0241, 2.4249, -1.4293)
(0.2461, 2.3735, -1.6626)
(0.5775, 2.4646, -1.4375)
(0.7879, 2.2811, -1.6538)
(1.1115, 2.2797, -1.4217)
(1.2417, 2.085, -1.7061)
(1.5221, 2.0797, -1.4621)
(-2.4551, 1.5419, -1.8506)
(-2.2929, 1.6465, -2.1629)
(-1.9971, 1.8755, -1.9018)
(-1.657, 1.8288, -2.1955)
(-1.3277, 1.9949, -1.9337)
(-0.9774, 1.9186, -2.2311)
(-0.6642, 2.0794, -1.9533)
(-0.3538, 1.954, -2.1346)
(-0.0669, 2.1395, -1.8474)
(0.1945, 1.979, -1.9051)
(0.4757, 2.1796, -1.7698)
(0.6576, 1.986, -1.9828)
(0.9358, 2.0385, -1.8924)
(1.0596, 1.9264, -2.2539)
(1.3533, 1.9463, -2.0354)
(-2.4939, 1.3695, -2.4116)
(-2.2479, 1.4898, -2.6832)
(-1.9753, 1.6503, -2.4517)
(-1.6354, 1.69, -2.705)
(-1.2975, 1.7633, -2.4813)
(-0.9463, 1.7987, -2.7334)
(-0.629, 1.844, -2.4802)
(-0.3213, 1.8553, -2.6169)
(-0.063, 1.8605, -2.236)
(0.2284, 1.9031, -2.3624)
(0.4389, 1.9275, -2.0825)
(0.6316, 2.0087, -2.5387)
(0.8081, 1.9715, -2.4422)
(0.9543, 2.0544, -2.9481)
(1.1921, 1.9418, -2.7054)
(-2.3258, 1.2736, -2.8713)
(-2.1056, 1.5681, -3.1067)
(-1.9488, 1.6932, -2.9049)
(-1.6734, 1.9725, -3.1194)
(-1.3203, 1.8882, -2.9108)
(-1.0139, 2.1518, -3.0821)
(-0.6377, 1.9774, -2.8805)
(-0.3433, 2.1861, -2.9984)
(-0.0268, 1.9848, -2.7145)
(0.2841, 2.1287, -2.9049)
(0.498, 2.0264, -2.6598)
(0.6905, 2.2182, -3.1238)
(0.7749, 2.1558, -3.096)
(0.9868, 2.2866, -3.4503)
(1.1292, 2.1162, -3.3461)
(-2.1891, 1.2696, -3.3411)
(-2.0636, 1.5698, -3.6558)
(-1.9097, 1.857, -3.3819)
(-1.6261, 2.063, -3.6556)
(-1.361, 2.2013, -3.3472)
(-1.0309, 2.3389, -3.5483)
(-0.7021, 2.3615, -3.2633)
(-0.3892, 2.4562, -3.4457)
(-0.0364, 2.3405, -3.1853)
(0.2318, 2.4338, -3.4091)
(0.546, 2.2833, -3.2046)
(0.7748, 2.5295, -3.4353)
(0.9328, 2.4612, -3.4184)
(1.2173, 2.613, -3.5725)
(1.3184, 2.4115, -3.5979)
(-2.2188, 1.2424, -3.9252)
(-2.0015, 1.465, -4.2205)
(-1.8276, 1.7937, -3.9537)
(-1.4982, 1.8744, -4.1424)
(-1.2868, 2.1524, -3.8588)
(-0.9674, 2.0823, -3.9229)
(-0.7083, 2.307, -3.6672)
(-0.4672, 2.3109, -3.8181)
(-0.1264, 2.4777, -3.6341)
(0.0309, 2.5952, -3.7635)
(0.4196, 2.5893, -3.5705)
(0.5737, 2.7323, -3.7821)
(0.9544, 2.7015, -3.654)
(1.0328, 2.65, -3.9935)
(1.3378, 2.5576, -3.8448)
(-2.1356, 1.1119, -4.4699)
(-1.8728, 1.1916, -4.597)
(-1.6848, 1.5291, -4.379)
(-1.3912, 1.4943, -4.3323)
(-1.1809, 1.8169, -4.152)
(-1.0143, 1.8914, -4.1796)
(-0.7673, 2.1232, -4.0086)
(-0.6817, 2.3792, -4.1276)
(-0.3495, 2.5158, -3.9665)
(-0.205, 2.6287, -4.0747)
(0.1749, 2.6862, -3.9212)
(0.3774, 2.7106, -4.2132)
(0.7227, 2.7215, -4.1373)
(0.8606, 2.7405, -4.4688)
(1.1092, 2.5843, -4.3694)
(-2.0043, 0.8595, -4.7171)
(-1.82, 0.8585, -4.6293)
(-1.6273, 1.1879, -4.4931)
(-1.5115, 1.3131, -4.3929)
(-1.2616, 1.6175, -4.2982)
(-1.2651, 1.9412, -4.3782)
(-0.9726, 2.165, -4.2694)
(-0.847, 2.3193, -4.276)
(-0.5271, 2.5092, -4.1757)
(-0.2598, 2.544, -4.3101)
(0.04, 2.6747, -4.2698)
(0.2946, 2.8972, -4.4547)
(0.5871, 2.862, -4.4524)
(0.7551, 3.0548, -4.6017)
(0.9943, 2.8515, -4.6927)
(0.6172, 2.1775, 4.2513)
(0.9374, 2.4564, 4.1441)
(0.9236, 2.1897, 4.1968)
(1.3441, 2.9398, 3.9864)
(1.2844, 2.5241, 4.0628)
(1.7864, 3.4205, 3.7309)
(1.7096, 3.0312, 3.8555)
(2.2507, 3.8416, 3.4057)
(2.1517, 3.482, 3.5609)
(2.7449, 4.2188, 3.0576)
(2.6213, 3.8808, 3.2318)
(3.2798, 4.5734, 2.7001)
(3.1388, 4.2173, 2.8775)
(3.7687, 4.9959, 2.3804)
(3.6912, 4.6037, 2.5056)
(4.1875, 5.0428, 2.2238)
(-1.5348, -2.4819, -0.8654)
(-1.2162, -2.6606, -4.0592)
(-1.7519, -1.882, 4.071)
(-0.9628, -2.1194, -2.6138)
(-2.1863, -2.407, 3.9103)
(-2.6221, -2.8868, 3.6339)
(-1.7044, -2.5599, -0.2874)
(-3.0197, -3.3539, 3.2919)
(-3.4143, -3.8155, 2.9513)
(-3.7609, -4.1044, 2.4168)
(-4.2639, -4.4898, 2.1561)
(-1.0838, -2.6623, -3.4662)
(-4.8277, -4.9334, 2.0018)
(-1.1965, -2.2602, -2.0412)
(-1.3666, -2.402, -1.451)
(-2.8899, -3.1277, 0.5986)
(-1.8994, -2.6134, 0.2862)
(-2.3228, -2.7553, 0.7998)
(-3.2486, -3.2581, 1.1979)
(-3.6504, -3.8654, 1.0929)
(-1.2846, -2.5488, -4.6599)
(-0.9898, -2.1102, -3.7703)
(-0.7051, -2.0837, -3.2834)
(-4.7203, -5.2044, 1.5739)
(-4.6561, -5.0139, 1.8523)
(-4.8935, -5.0505, 1.8817)
(-4.9434, -5.2496, 1.6312)
(-3.7052, -3.8742, 0.9515)
(-3.7104, -3.8082, 0.9902)
(-3.906, -3.9816, 0.8017)
(-3.8371, -4.0175, 0.7814)
(-3.8567, -3.955, 0.6875)
(-4.0924, -4.185, 0.4632)
(-4.1153, -4.177, 0.6003)
(-3.8665, -4.3378, 0.363)
(-4.0988, -4.6083, 0.2673)
(-4.3256, -4.4306, 0.2908)
(-3.9542, -4.6829, 0.49)
(-4.2068, -4.9491, 0.5963)
(-4.3025, -4.8997, 0.3076)
(-4.1636, -4.8986, 0.9554)
(-4.4578, -5.1487, 1.0897)
(-4.4661, -5.2072, 0.7287)
(-4.4083, -5.0698, 1.4564)
(-4.7676, -5.3106, 1.2357)
(-0.8447, -2.0709, 3.5875)
(-0.9053, -1.8495, 3.8277)
(-1.2588, -1.9654, 3.9275)
(-1.2347, -2.2283, 3.7034)
(-1.2491, -2.5009, 3.3891)
(-1.6355, -2.3665, 3.7725)
(-1.6725, -2.6741, 3.4686)
(-1.7315, -2.9064, 3.0773)
(-2.0873, -2.8236, 3.5037)
(-2.1426, -3.0792, 3.1339)
(-2.2176, -3.25, 2.7048)
(-2.5337, -3.25, 3.1599)
(-2.5982, -3.4647, 2.7604)
(-2.6845, -3.6012, 2.3132)
(-2.9539, -3.6895, 2.7957)
(-3.0355, -3.8805, 2.3728)
(-3.1483, -4.0078, 1.9251)
(-3.3947, -4.1096, 2.3929)
(-3.5005, -4.303, 1.9822)
(-3.6143, -4.4229, 1.592)
(-3.859, -4.5061, 2.028)
(-3.9574, -4.7059, 1.6853)
(-4.0691, -4.8218, 1.325)
(-4.3224, -4.9052, 1.7838)
(-0.4261, -2.0561, 3.1654)
(-0.4296, -1.817, 3.4784)
(-0.839, -2.2976, 3.2828)
(-0.909, -2.5348, 2.907)
(-1.3233, -2.7164, 2.9989)
(-1.4241, -2.8988, 2.5925)
(-1.8288, -3.0485, 2.6456)
(-1.9361, -3.2016, 2.2389)
(-2.3256, -3.3532, 2.2593)
(-2.444, -3.4958, 1.8596)
(-2.8128, -3.6884, 1.8731)
(-2.9584, -3.8215, 1.502)
(-3.3057, -4.0804, 1.5264)
(-3.4687, -4.1845, 1.1833)
(-3.7752, -4.481, 1.2315)
(-3.8918, -4.5887, 0.8628)
(0.7546, -1.1489, 2.7826)
(0.5753, -1.0241, 3.1495)
(0.4491, -1.3499, 2.9903)
(0.3573, -1.6946, 2.7706)
(0.096, -1.5126, 3.2407)
(-0.014, -1.8465, 2.9911)
(-0.0859, -2.2157, 2.6671)
(-0.4944, -2.3668, 2.7966)
(-0.5646, -2.7044, 2.4584)
(-0.9968, -2.8002, 2.5308)
(-1.0636, -3.1299, 2.2247)
(-1.5097, -3.1596, 2.2471)
(-1.5784, -3.4792, 1.9401)
(-2.0248, -3.4677, 1.9047)
(-2.1027, -3.7606, 1.5854)
(-2.5447, -3.7567, 1.5377)
(-2.6272, -4.0288, 1.2172)
(-3.0665, -4.068, 1.1903)
(-3.1549, -4.2766, 0.8662)
(-3.5605, -4.3862, 0.8404)
(-3.6552, -4.4698, 0.5043)
(1.0057, -1.3293, 2.2865)
(0.6928, -1.5245, 2.5428)
(0.6561, -1.9208, 2.2831)
(0.3059, -2.0816, 2.5037)
(0.2676, -2.488, 2.2432)
(-0.1346, -2.6095, 2.3826)
(-0.197, -2.9618, 2.1313)
(-0.6184, -3.0697, 2.1911)
(-0.7221, -3.3153, 1.9182)
(-1.1297, -3.4421, 1.9312)
(-1.2714, -3.5676, 1.6078)
(-1.6615, -3.7082, 1.589)
(-1.8213, -3.7551, 1.2352)
(-2.1966, -3.9339, 1.2125)
(-2.3721, -3.9284, 0.8602)
(-2.7412, -4.132, 0.8593)
(-2.9641, -4.0129, 0.6407)
(-3.3165, -4.241, 0.5906)
(-3.5915, -4.0638, 0.5405)
(1.273, -1.5114, 1.7585)
(0.9707, -1.7226, 2.0262)
(0.935, -2.1137, 1.7658)
(0.6199, -2.3165, 2.0227)
(0.5553, -2.6821, 1.7499)
(0.1966, -2.8279, 1.9762)
(0.025, -2.9824, 1.6702)
(-0.3565, -3.1042, 1.8451)
(-0.6216, -3.0698, 1.5432)
(-0.9516, -3.3116, 1.6331)
(-1.2675, -3.1769, 1.371)
(-1.5411, -3.4761, 1.3343)
(-1.8708, -3.2901, 1.0854)
(-2.0968, -3.6318, 0.9573)
(-2.4457, -3.4434, 0.7663)
(-2.6718, -3.7685, 0.6849)
(-3.0128, -3.5896, 0.7798)
(-3.2839, -3.8286, 0.7179)
(-3.5831, -3.7427, 0.9096)
(1.5371, -1.6842, 1.2289)
(1.2352, -1.9013, 1.4978)
(1.1857, -2.2879, 1.2297)
(0.8787, -2.4948, 1.4955)
(0.7604, -2.8249, 1.195)
(0.4086, -2.9428, 1.4432)
(0.163, -3.0399, 1.1029)
(-0.2387, -3.0074, 1.3387)
(-0.5265, -2.9806, 1.0024)
(-0.9186, -3.0061, 1.2338)
(-1.2087, -2.9027, 0.9106)
(-1.5823, -3.0229, 1.0825)
(-1.8877, -2.8443, 0.801)
(-2.2216, -3.0866, 0.8545)
(-2.5929, -2.9444, 0.7055)
(-2.7951, -3.3039, 0.7187)
(-3.0733, -3.2091, 0.8999)
(-3.2881, -3.4967, 1.0051)
(-3.4406, -3.581, 1.1368)
(1.7709, -1.8261, 0.6801)
(1.4819, -2.0639, 0.9565)
(1.4, -2.4237, 0.6683)
(1.0951, -2.6443, 0.9391)
(0.9133, -2.892, 0.6105)
(0.5499, -3.0131, 0.859)
(0.2695, -3.0111, 0.5107)
(-0.1264, -3.0016, 0.7571)
(-0.4125, -2.8929, 0.4242)
(-0.8104, -2.8837, 0.6731)
(-1.0795, -2.7683, 0.354)
(-1.4765, -2.7744, 0.5986)
(-1.6647, -2.6694, 0.2973)
(-2.0968, -2.6885, 0.5378)
(1.9422, -1.9101, 0.0979)
(1.6774, -2.1704, 0.3853)
(1.5422, -2.4712, 0.073)
(1.2449, -2.7012, 0.3501)
(1.0025, -2.8508, 0.0068)
(0.6449, -2.9647, 0.2618)
(0.3542, -2.91, -0.0805)
(-0.0228, -2.9025, 0.1734)
(-0.2952, -2.8003, -0.1524)
(-0.6821, -2.7804, 0.1031)
(-0.9342, -2.6975, -0.2134)
(-1.3064, -2.6746, 0.0425)
(-1.475, -2.6036, -0.2662)
(-1.7897, -2.5893, -0.0031)
(2.0861, -1.9632, -0.4967)
(1.8221, -2.2233, -0.2102)
(1.6558, -2.4935, -0.5327)
(1.3439, -2.6959, -0.2582)
(1.0886, -2.8309, -0.6008)
(0.7229, -2.8972, -0.3392)
(0.4443, -2.887, -0.677)
(0.0783, -2.8376, -0.413)
(-0.1863, -2.8033, -0.7387)
(-0.5538, -2.7393, -0.4737)
(-0.8037, -2.7001, -0.7924)
(-1.1525, -2.6378, -0.528)
(-1.3181, -2.5634, -0.8432)
(-1.6095, -2.5243, -0.5781)
(2.2032, -1.991, -1.0987)
(1.9413, -2.2534, -0.8133)
(1.7499, -2.4993, -1.1417)
(1.435, -2.6966, -0.8678)
(1.1692, -2.827, -1.209)
(0.8082, -2.8966, -0.9425)
(0.5256, -2.9301, -1.2759)
(0.1701, -2.8815, -1.0056)
(-0.1019, -2.8903, -1.3308)
(-0.4481, -2.7921, -1.06)
(-0.6982, -2.7423, -1.3815)
(-1.0195, -2.6376, -1.1104)
(-1.1727, -2.5175, -1.4299)
(-1.4419, -2.4478, -1.1603)
(2.2972, -1.996, -1.7049)
(2.0378, -2.2615, -1.4208)
(1.8303, -2.4891, -1.7514)
(1.5126, -2.6857, -1.4781)
(1.2391, -2.81, -1.8178)
(0.8832, -2.9051, -1.5481)
(0.5918, -2.9456, -1.8817)
(0.2433, -2.9495, -1.6052)
(-0.038, -2.916, -1.9333)
(-0.3678, -2.8531, -1.6569)
(-0.602, -2.6843, -1.9613)
(-0.8997, -2.606, -1.7002)
(-1.0211, -2.3895, -2.0058)
(-1.2741, -2.3383, -1.7503)
(2.3792, -1.9848, -2.312)
(2.1214, -2.2538, -2.0292)
(1.9099, -2.4729, -2.3592)
(1.5841, -2.6636, -2.0871)
(1.3135, -2.789, -2.4223)
(0.9474, -2.8822, -2.155)
(0.6657, -2.89, -2.474)
(0.3, -2.9214, -2.2082)
(0.0526, -2.7476, -2.4855)
(-0.2923, -2.7323, -2.2285)
(-0.4565, -2.3978, -2.4345)
(-0.7534, -2.38, -2.2158)
(-0.8187, -2.1649, -2.5245)
(-1.0803, -2.1991, -2.3433)
(2.4631, -1.963, -2.917)
(2.2068, -2.2387, -2.6356)
(1.9957, -2.4434, -2.9592)
(1.6704, -2.6509, -2.6889)
(1.4026, -2.757, -2.9972)
(1.0476, -2.8595, -2.7373)
(0.7899, -2.7759, -2.9998)
(0.4381, -2.7443, -2.7298)
(0.2523, -2.4767, -2.9056)
(-0.0998, -2.4331, -2.6579)
(-0.251, -2.2081, -2.8504)
(-0.548, -2.1702, -2.6715)
(-0.6439, -2.1279, -3.1087)
(-0.8287, -2.1205, -3.0076)
(2.5306, -1.9046, -3.5117)
(2.289, -2.1953, -3.2339)
(2.0245, -2.2863, -3.5056)
(1.7246, -2.5382, -3.2538)
(1.3996, -2.4576, -3.4307)
(1.0961, -2.703, -3.2428)
(0.7713, -2.5497, -3.4142)
(0.5126, -2.6005, -3.218)
(0.2489, -2.4151, -3.3738)
(0.0308, -2.2706, -3.0905)
(-0.2664, -2.251, -3.3622)
(-0.4898, -2.163, -3.2169)
(-0.7786, -2.2269, -3.5822)
(-0.8585, -2.1178, -3.6133)
(2.4991, -1.7292, -4.0545)
(2.2785, -2.016, -3.7699)
(1.9319, -1.8954, -3.8815)
(1.6855, -2.1677, -3.6261)
(1.3536, -1.9609, -3.6076)
(1.0751, -2.2627, -3.4608)
(0.7701, -2.1111, -3.5519)
(0.4837, -2.3691, -3.5235)
(0.2005, -2.2882, -3.7011)
(-0.0242, -2.3587, -3.5395)
(-0.3596, -2.5202, -3.7123)
(-0.5881, -2.4353, -3.567)
(-0.8713, -2.624, -3.6333)
(-1.0522, -2.393, -3.6611)
(2.3608, -1.4621, -4.5207)
(2.1577, -1.6513, -4.1775)
(1.7781, -1.4536, -4.207)
(1.5795, -1.6756, -3.8837)
(1.2708, -1.6505, -3.9889)
(1.0485, -1.8867, -3.7128)
(0.7424, -1.9826, -4.0259)
(0.4467, -2.0984, -3.8368)
(0.1103, -2.2062, -4.1617)
(-0.1437, -2.3641, -3.9498)
(-0.4771, -2.5022, -4.176)
(-0.6871, -2.656, -3.872)
(-0.973, -2.668, -4.1024)
(-1.1406, -2.6622, -3.768)
(2.1412, -1.2786, -4.9999)
(1.9661, -1.3387, -4.598)
(1.57, -1.2841, -4.6698)
(1.4208, -1.4224, -4.3068)
(1.1773, -1.643, -4.5083)
(1.0209, -1.8626, -4.2544)
(0.7883, -2.1297, -4.5462)
(0.4507, -2.1816, -4.3573)
(0.1713, -2.3885, -4.6413)
(-0.1901, -2.3926, -4.4387)
(-0.4818, -2.5488, -4.6922)
(-0.7657, -2.6129, -4.4226)
(-1.0335, -2.597, -4.6641)
(-1.2413, -2.6065, -4.3648)
(1.9448, -1.177, -5.3905)
(1.7568, -1.2083, -5.0336)
(1.3925, -1.2345, -5.0616)
(1.2601, -1.4036, -4.7682)
(1.1146, -1.6713, -4.9262)
(1.0273, -1.9439, -4.7377)
(0.8333, -2.1855, -4.9692)
(0.5227, -2.3336, -4.8064)
(0.2206, -2.4559, -5.056)
(-0.1335, -2.5082, -4.894)
(-0.4574, -2.5347, -5.108)
(-0.7776, -2.5714, -4.9054)
(-1.0226, -2.534, -5.0755)
(-1.2591, -2.5434, -4.854)
(-1.2712, -1.7846, 4.0772)
(-1.5838, -1.8331, 4.1079)
(-1.6043, -2.0492, 3.9743)
(-1.9642, -2.1545, 3.9854)
(-2.0267, -2.5099, 3.7853)
(-2.4009, -2.6564, 3.7637)
(-2.4695, -2.9716, 3.4899)
(-2.8185, -3.1302, 3.4527)
(-2.885, -3.4272, 3.1467)
(-3.2145, -3.5972, 3.1135)
(-3.2917, -3.8728, 2.7778)
(-3.6031, -3.967, 2.6914)
(-3.7286, -4.234, 2.3491)
(-4.0434, -4.3043, 2.3046)
(-4.2008, -4.6307, 2.0538)
(-4.552, -4.7226, 2.0842)
(-4.9338, -4.7323, 2.0268)
(-5.2833, -4.711, 1.8908)
(-5.3068, -4.9274, 1.9021)
(-5.0108, -4.9649, 1.9916)
(-3.7212, -3.8461, 1.0427)
(-3.7413, -3.9624, 0.9944)
(-3.9054, -4.1292, 0.7895)
(-3.9548, -4.0296, 0.8484)
(-4.0597, -3.8562, 0.9086)
(-4.2888, -4.1543, 0.5738)
(-4.4501, -3.982, 0.691)
(-4.6133, -3.8109, 0.8835)
(-4.8683, -4.0336, 0.5095)
(-5.0425, -3.9257, 0.7906)
(-5.1685, -3.8301, 1.1075)
(-5.4104, -4.0431, 0.7577)
(-5.5031, -4.0312, 1.1266)
(-5.4554, -4.0423, 1.4898)
(-5.6967, -4.3121, 1.2076)
(-5.5761, -4.361, 1.5645)
(-5.2732, -4.4076, 1.8744)
(-5.592, -4.6692, 1.6412)
(-1.907, -0.9687, 4.0744)
(-2.1449, -0.9143, 3.8816)
(-2.2101, -1.3628, 3.9412)
(-1.9333, -1.373, 4.0955)
(-2.5259, -1.3781, 3.7117)
(-2.6205, -1.8509, 3.7551)
(-2.266, -1.8095, 3.95)
(-2.9564, -1.88, 3.4767)
(-3.0417, -2.3368, 3.4804)
(-2.6899, -2.3056, 3.7232)
(-3.3674, -2.3593, 3.1764)
(-3.4385, -2.8087, 3.164)
(-3.09, -2.7777, 3.4048)
(-3.7803, -2.8269, 2.8877)
(-3.8397, -3.2812, 2.8825)
(-3.4791, -3.2537, 3.1103)
(-4.2139, -3.2813, 2.5646)
(-4.2576, -3.6928, 2.4944)
(-3.8501, -3.6843, 2.7542)
(-4.6901, -3.7076, 2.1899)
(-4.7684, -4.0676, 2.1548)
(-4.2836, -4.045, 2.363)
(-5.2016, -4.0718, 1.8496)
(-4.8334, -4.4094, 2.0978)
(-2.0047, -0.4193, 3.8245)
(-2.2298, -0.4517, 3.5146)
(-2.3963, -0.9173, 3.6202)
(-2.6519, -1.0022, 3.285)
(-2.8245, -1.4317, 3.405)
(-3.0494, -1.5216, 3.0284)
(-3.2307, -1.9277, 3.1246)
(-3.4269, -2.0087, 2.7241)
(-3.6388, -2.3959, 2.8249)
(-3.8683, -2.4336, 2.4528)
(-4.087, -2.8358, 2.5486)
(-4.3076, -2.8943, 2.1502)
(-4.5277, -3.3135, 2.189)
(-4.709, -3.3891, 1.7794)
(-5.0016, -3.7368, 1.8159)
(-5.1648, -3.758, 1.4393)
(-1.7119, 0.9803, 3.1389)
(-1.7762, 0.6066, 3.3486)
(-1.5375, 0.8541, 3.5059)
(-1.989, 0.3732, 3.0912)
(-2.0831, -0.0077, 3.3336)
(-1.8472, 0.2124, 3.614)
(-2.3087, -0.209, 2.9426)
(-2.4731, -0.5912, 3.1296)
(-2.6331, -0.787, 2.7325)
(-2.8353, -1.1474, 2.8997)
(-2.917, -1.3436, 2.4962)
(-3.1837, -1.6544, 2.6133)
(-3.2515, -1.8139, 2.1991)
(-3.566, -2.11, 2.3165)
(-3.6687, -2.2065, 1.9389)
(-4.0292, -2.5073, 2.062)
(-4.0433, -2.6801, 1.6791)
(-4.3862, -3.0315, 1.7331)
(-4.3509, -3.1813, 1.3996)
(-4.7598, -3.4757, 1.4199)
(-4.7221, -3.6223, 1.1331)
(-1.9281, 1.1215, 2.6179)
(-1.9346, 0.7425, 2.8584)
(-2.0679, 0.4854, 2.5011)
(-2.1569, 0.1363, 2.7269)
(-2.2865, -0.1072, 2.3249)
(-2.4658, -0.4355, 2.5348)
(-2.5069, -0.7063, 2.1512)
(-2.6771, -1.0412, 2.3476)
(-2.6266, -1.3376, 1.9947)
(-2.9211, -1.5768, 2.1132)
(-2.9297, -1.7466, 1.7266)
(-3.303, -1.9368, 1.8145)
(-3.2779, -2.122, 1.517)
(-3.6534, -2.379, 1.6283)
(-3.5298, -2.6481, 1.3594)
(-3.9432, -2.8999, 1.3803)
(-3.8581, -3.1398, 1.1671)
(-4.2789, -3.3699, 1.1627)
(-4.1892, -3.6203, 0.9935)
(-2.102, 1.2194, 2.0334)
(-2.0666, 0.856, 2.2749)
(-2.0856, 0.5781, 1.9058)
(-2.1259, 0.224, 2.1166)
(-2.1687, -0.0292, 1.7298)
(-2.3529, -0.3639, 1.9367)
(-2.3083, -0.6559, 1.5807)
(-2.4373, -1.0119, 1.8041)
(-2.314, -1.3211, 1.4836)
(-2.5591, -1.5952, 1.645)
(-2.5462, -1.788, 1.2612)
(-2.9306, -1.9204, 1.3665)
(-2.8188, -2.2423, 1.1248)
(-3.1475, -2.4467, 1.2887)
(-3.0527, -2.7796, 1.022)
(-3.4499, -2.9403, 1.1002)
(-3.4354, -3.2171, 0.9951)
(-3.8089, -3.4207, 1.066)
(-3.739, -3.6642, 1.0643)
(-2.2415, 1.2712, 1.4332)
(-2.1602, 0.932, 1.6807)
(-2.1112, 0.6494, 1.3143)
(-2.0468, 0.3139, 1.5277)
(-2.0276, 0.0429, 1.1528)
(-2.1694, -0.3025, 1.3583)
(-2.0762, -0.6063, 1.02)
(-2.1852, -0.9684, 1.2558)
(-2.0301, -1.2762, 0.9506)
(-2.2123, -1.5897, 1.1488)
(-2.1711, -1.8329, 0.7903)
(-2.5084, -2.0373, 0.9279)
(-2.351, -2.381, 0.7197)
(-2.6611, -2.619, 0.9307)
(-2.6198, -2.9386, 0.6929)
(-3.0526, -3.0497, 0.8185)
(-3.0652, -3.1767, 0.8965)
(-3.4209, -3.389, 1.0855)
(-3.4584, -3.5424, 1.154)
(-2.3665, 1.3016, 0.8284)
(-2.2755, 0.9725, 1.0839)
(-2.2362, 0.6726, 0.7257)
(-2.0465, 0.3686, 0.9463)
(-1.9832, 0.0687, 0.5901)
(-1.9612, -0.2547, 0.8025)
(-1.8491, -0.5652, 0.4739)
(-1.9271, -0.9188, 0.7091)
(-1.785, -1.2205, 0.4044)
(-1.9089, -1.5613, 0.6345)
(-1.8401, -1.8411, 0.3128)
(-2.0932, -2.1141, 0.4942)
(-1.9378, -2.3788, 0.2623)
(-2.1253, -2.6801, 0.5482)
(-2.438, 1.3261, 0.2188)
(-2.3971, 0.9893, 0.485)
(-2.372, 0.6683, 0.1371)
(-2.1801, 0.363, 0.3714)
(-2.1207, 0.0484, 0.0196)
(-1.9092, -0.2407, 0.2433)
(-1.8463, -0.5478, -0.0976)
(-1.7514, -0.8689, 0.1488)
(-1.6747, -1.1616, -0.1707)
(-1.692, -1.509, 0.0906)
(-1.6296, -1.7911, -0.223)
(-1.7561, -2.1093, 0.0194)
(-1.6772, -2.3302, -0.2692)
(-1.8141, -2.5839, 0.002)
(-2.4664, 1.3537, -0.3901)
(-2.4617, 1.0061, -0.1203)
(-2.4164, 0.6852, -0.4641)
(-2.3182, 0.3486, -0.2117)
(-2.251, 0.0318, -0.5584)
(-2.0656, -0.2655, -0.3261)
(-2.0115, -0.5693, -0.6644)
(-1.794, -0.8466, -0.4277)
(-1.757, -1.1375, -0.752)
(-1.6282, -1.4491, -0.4877)
(-1.5844, -1.7302, -0.8032)
(-1.5747, -2.046, -0.5312)
(-1.534, -2.2562, -0.8427)
(-1.6298, -2.5174, -0.5746)
(-2.4473, 1.3811, -0.9878)
(-2.4423, 1.0383, -0.7245)
(-2.3152, 0.7294, -1.0519)
(-2.3208, 0.3718, -0.8061)
(-2.1955, 0.0671, -1.1424)
(-2.1718, -0.2745, -0.9024)
(-2.0938, -0.569, -1.2417)
(-1.9619, -0.8624, -0.9986)
(-1.9081, -1.1513, -1.3334)
(-1.7168, -1.4257, -1.0749)
(-1.6606, -1.712, -1.398)
(-1.5405, -1.9872, -1.1175)
(-1.4597, -2.1915, -1.4328)
(-1.4595, -2.4361, -1.1561)
(-2.394, 1.3535, -1.5563)
(-2.3052, 1.0774, -1.2961)
(-2.1148, 0.7664, -1.5905)
(-2.1333, 0.4289, -1.3646)
(-1.9546, 0.1303, -1.6837)
(-2.0648, -0.2293, -1.4749)
(-1.9352, -0.5158, -1.7782)
(-2.017, -0.856, -1.5759)
(-1.8677, -1.1288, -1.8746)
(-1.818, -1.4386, -1.6684)
(-1.636, -1.6861, -1.9551)
(-1.5543, -1.9585, -1.7128)
(-1.3414, -2.0993, -2.0016)
(-1.2891, -2.3239, -1.742)
(-2.4863, 1.197, -2.1032)
(-2.2743, 1.0083, -1.8305)
(-2.1438, 0.677, -2.1279)
(-1.9397, 0.4594, -1.903)
(-1.7667, 0.1475, -2.2115)
(-1.7716, -0.1649, -1.9745)
(-1.6073, -0.4671, -2.175)
(-1.7392, -0.7855, -1.9943)
(-1.5236, -1.0307, -2.2155)
(-1.5986, -1.35, -2.1132)
(-1.3062, -1.5334, -2.3476)
(-1.3288, -1.8312, -2.1877)
(-1.0528, -1.9478, -2.4868)
(-1.079, -2.1805, -2.3118)
(-2.5173, 1.0306, -2.6254)
(-2.4322, 0.8282, -2.3587)
(-2.2952, 0.4909, -2.6366)
(-1.9938, 0.3636, -2.445)
(-1.8991, -0.025, -2.7231)
(-1.6666, -0.2099, -2.4638)
(-1.6684, -0.5884, -2.6495)
(-1.5388, -0.7745, -2.3809)
(-1.5554, -1.0838, -2.6822)
(-1.4023, -1.2838, -2.5291)
(-1.2982, -1.5637, -2.8755)
(-1.1015, -1.7485, -2.6662)
(-0.9449, -1.941, -3.0554)
(-0.8392, -2.0826, -2.8896)
(-2.2865, 0.9456, -3.0658)
(-2.3918, 0.6632, -2.8326)
(-2.3481, 0.2951, -3.063)
(-2.1841, 0.1036, -2.8933)
(-2.168, -0.3096, -3.1294)
(-1.8761, -0.4608, -2.9343)
(-1.9707, -0.8622, -3.0401)
(-1.7512, -0.9637, -2.8129)
(-1.8046, -1.2977, -3.0697)
(-1.537, -1.3815, -3.0358)
(-1.4516, -1.7155, -3.2952)
(-1.1728, -1.8218, -3.2045)
(-1.0917, -2.0648, -3.4682)
(-0.8364, -2.0762, -3.4404)
(-2.3411, 0.9446, -3.6041)
(-2.3762, 0.6103, -3.3076)
(-2.4972, 0.2992, -3.5378)
(-2.4332, -0.0474, -3.2977)
(-2.4192, -0.3393, -3.4626)
(-2.2257, -0.6574, -3.2872)
(-2.2115, -0.9657, -3.368)
(-2.0643, -1.2114, -3.1594)
(-1.9772, -1.5517, -3.306)
(-1.7676, -1.6713, -3.2722)
(-1.6483, -2.0851, -3.3875)
(-1.3685, -2.1177, -3.4109)
(-1.2761, -2.4632, -3.522)
(-1.0213, -2.3795, -3.5754)
(-2.3204, 0.8929, -4.1817)
(-2.4354, 0.6199, -3.8455)
(-2.3273, 0.3024, -3.9902)
(-2.3949, 0.0195, -3.6723)
(-2.1655, -0.273, -3.7342)
(-2.2082, -0.6097, -3.5326)
(-2.0009, -0.907, -3.6083)
(-1.9895, -1.2529, -3.4657)
(-1.7755, -1.5369, -3.6018)
(-1.7498, -1.8662, -3.463)
(-1.6041, -2.1153, -3.7697)
(-1.5096, -2.3747, -3.6398)
(-1.3905, -2.518, -3.988)
(-1.1594, -2.6607, -3.7574)
(-2.1611, 0.7396, -4.6082)
(-2.2699, 0.5197, -4.3549)
(-2.1717, 0.1584, -4.3677)
(-2.1665, -0.0452, -4.0581)
(-2.2279, -0.4093, -4.0929)
(-2.1337, -0.6275, -3.8048)
(-2.2288, -0.9868, -3.8646)
(-1.986, -1.2445, -3.7126)
(-1.9777, -1.5071, -3.9051)
(-1.7153, -1.787, -3.8608)
(-1.7031, -1.9939, -4.2164)
(-1.5409, -2.2829, -4.1554)
(-1.4664, -2.4137, -4.4935)
(-1.2595, -2.603, -4.3543)
(-2.0192, 0.5615, -4.5869)
(-2.1291, 0.404, -4.4928)
(-2.2485, 0.1348, -4.309)
(-2.2684, -0.1593, -4.2972)
(-2.4733, -0.4778, -4.3016)
(-2.3631, -0.74, -4.1149)
(-2.2733, -0.9785, -4.137)
(-2.1549, -1.2329, -3.9536)
(-2.0269, -1.4081, -4.1785)
(-1.9201, -1.7125, -4.21)
(-1.9468, -1.9893, -4.4928)
(-1.7093, -2.2267, -4.5104)
(-1.7542, -2.452, -4.7147)
(-1.4607, -2.5725, -4.7389)
(-1.7456, -1.3743, 4.179)
(-1.9424, -1.7476, 4.0644)
(-1.7266, -1.7032, 4.1248)
(-2.3331, -2.236, 3.89)
(-1.974, -2.1345, 3.9958)
(-2.7541, -2.7198, 3.617)
(-2.4075, -2.6373, 3.7805)
(-3.1448, -3.1874, 3.2842)
(-2.8233, -3.1105, 3.473)
(-3.528, -3.6439, 2.9641)
(-3.2195, -3.5723, 3.1296)
(-3.8822, -4.0025, 2.5084)
(-3.5721, -3.9529, 2.6767)
(-4.3838, -4.3618, 2.2101)
(-3.9814, -4.2899, 2.2683)
(-4.5396, -4.7006, 2.0737)
(4.5, 4.9994, 1.8864)
(3.5259, 4.3108, 1.2999)
(3.4405, 4.3929, 1.1139)
(3.604, 4.3567, 0.8094)
(3.8407, 4.3863, 0.8745)
(4.0968, 4.5243, 1.2205)
(4.4069, 4.6557, 1.5983)
(1.3491, 1.5171, 3.8086)
(1.6527, 1.9827, 3.6447)
(2.0849, 2.4899, 3.4724)
(2.5644, 2.957, 3.3031)
(3.048, 3.4003, 3.1235)
(3.3193, 3.7198, 2.7473)
(3.5643, 4.0106, 2.2911)
(4.0048, 4.3978, 1.9246)
(1.5331, 1.0567, 3.4656)
(1.9413, 1.5696, 3.3094)
(2.3949, 2.083, 3.1462)
(2.8507, 2.5674, 2.9633)
(3.2995, 3.0347, 2.7556)
(3.5044, 3.454, 2.4086)
(3.5391, 3.8249, 1.9631)
(3.7626, 4.2222, 1.5556)
(1.031, -0.5032, 2.9889)
(1.3617, 0.0919, 3.0558)
(1.779, 0.6572, 3.0625)
(2.275, 1.1823, 2.9707)
(2.7203, 1.6998, 2.8098)
(3.1177, 2.2074, 2.5737)
(3.4843, 2.7115, 2.3001)
(3.7458, 3.2374, 1.9857)
(3.7847, 3.7593, 1.6644)
(3.7417, 4.1354, 1.2725)
(1.2273, -0.6459, 2.5434)
(1.6122, -0.0881, 2.5517)
(2.0991, 0.3813, 2.5891)
(2.5832, 0.8545, 2.5627)
(2.9319, 1.397, 2.3902)
(3.1953, 1.9516, 2.1293)
(3.4084, 2.5171, 1.8431)
(3.623, 3.0676, 1.5306)
(3.735, 3.636, 1.4023)
(3.6373, 4.0716, 1.1999)
(1.4829, -0.8234, 2.0101)
(1.8786, -0.2639, 2.0149)
(2.3709, 0.1912, 2.069)
(2.7276, 0.6836, 2.0447)
(2.8199, 1.2937, 1.9067)
(2.8747, 1.9208, 1.7519)
(2.9868, 2.5021, 1.4915)
(3.1648, 3.039, 1.179)
(3.2506, 3.5792, 1.2038)
(3.3101, 4.0387, 1.3002)
(1.7578, -1.0014, 1.4882)
(2.1413, -0.4272, 1.4889)
(2.5799, 0.0922, 1.5109)
(2.8535, 0.6609, 1.4831)
(2.7869, 1.3076, 1.4168)
(2.6307, 1.9519, 1.3624)
(2.5592, 2.5499, 1.1981)
(2.686, 3.1068, 1.0635)
(2.8697, 3.6657, 1.1308)
(3.1675, 4.0786, 1.2741)
(2.0225, -1.1614, 0.9607)
(2.3886, -0.5651, 0.9538)
(2.767, 0.0218, 0.9396)
(2.9979, 0.6479, 0.9043)
(2.871, 1.2802, 0.8545)
(2.5497, 1.8702, 0.8161)
(2.2619, 2.4276, 0.7886)
(2.2097, -1.2688, 0.3955)
(2.537, -0.653, 0.3827)
(2.851, -0.0313, 0.3507)
(2.9769, 0.6126, 0.3062)
(2.7516, 1.2045, 0.2789)
(2.3711, 1.7328, 0.2734)
(2.0663, 2.1986, 0.2791)
(2.352, -1.3359, -0.1927)
(2.6326, -0.7051, -0.2095)
(2.8488, -0.0581, -0.2512)
(2.8858, 0.587, -0.2927)
(2.6307, 1.1431, -0.2981)
(2.2293, 1.6255, -0.2871)
(1.916, 2.0649, -0.2827)
(2.4893, -1.3836, -0.7837)
(2.7268, -0.7415, -0.8002)
(2.8231, -0.0741, -0.8459)
(2.7994, 0.5769, -0.8906)
(2.5763, 1.1316, -0.8947)
(2.1519, 1.5764, -0.8739)
(1.7904, 1.9656, -0.8642)
(2.5927, -1.4027, -1.383)
(2.7688, -0.7506, -1.3964)
(2.7436, -0.0798, -1.4375)
(2.6891, 0.5681, -1.4873)
(2.5199, 1.1371, -1.4996)
(2.0829, 1.5531, -1.4762)
(1.6735, 1.8872, -1.4647)
(2.6691, -1.3963, -1.9863)
(2.8025, -0.739, -1.9934)
(2.6805, -0.0859, -2.0303)
(2.5807, 0.5489, -2.0875)
(2.4454, 1.1442, -2.1067)
(1.99, 1.5295, -2.0817)
(1.5217, 1.7819, -2.0635)
(2.7272, -1.3709, -2.5902)
(2.8089, -0.712, -2.5892)
(2.5727, -0.1087, -2.6094)
(2.3514, 0.4768, -2.6095)
(2.1905, 1.0882, -2.5712)
(1.8091, 1.5231, -2.6227)
(1.3944, 1.7899, -2.6798)
(2.7694, -1.3294, -3.1927)
(2.7885, -0.6639, -3.1851)
(2.5023, -0.0706, -3.1768)
(2.1839, 0.4911, -3.1208)
(1.9599, 1.0937, -3.0508)
(1.6657, 1.6033, -3.1816)
(1.3355, 1.951, -3.309)
(2.8052, -1.27, -3.7919)
(2.7607, -0.6054, -3.7799)
(2.4766, 0.0202, -3.7602)
(2.1602, 0.6018, -3.7242)
(1.907, 1.2077, -3.6713)
(1.7142, 1.807, -3.6825)
(1.4897, 2.2372, -3.6675)
(2.798, -1.1862, -4.3826)
(2.7852, -0.5299, -4.3662)
(2.5458, 0.1191, -4.3244)
(2.268, 0.7357, -4.2725)
(2.0073, 1.3628, -4.2)
(1.758, 1.9535, -4.0848)
(1.4968, 2.3798, -3.9385)
(2.6833, -1.09, -4.9522)
(2.7746, -0.4553, -4.9474)
(2.6023, 0.2094, -4.8806)
(2.3518, 0.8547, -4.7951)
(2.0569, 1.4759, -4.7024)
(1.663, 2.007, -4.5791)
(1.2807, 2.4053, -4.44)
(2.5185, -1.0147, -5.4255)
(2.6537, -0.421, -5.4362)
(2.4711, 0.2371, -5.3634)
(2.2203, 0.8799, -5.2758)
(1.9206, 1.4992, -5.1766)
(1.5696, 2.0816, -5.0514)
(1.2353, 2.5323, -4.9163)
(1.1653, 1.8871, 4.0442)
(1.4092, 2.3418, 3.9276)
(1.8217, 2.8529, 3.7284)
(2.275, 3.3178, 3.489)
(2.7542, 3.7385, 3.236)
(3.2053, 4.0629, 2.8801)
(3.6326, 4.3667, 2.4888)
(4.0989, 4.7595, 2.1683)
(4.3577, 5.5461, 2.0934)
(3.3241, 4.4505, 1.032)
(3.3088, 4.8338, 0.8769)
(3.3033, 5.3663, 0.9317)
(3.4136, 5.8417, 1.2206)
(3.6663, 6.0658, 1.6368)
(4.0462, 5.8879, 1.97)
(0.3815, 2.5312, 4.0892)
(0.744, 2.9921, 3.9751)
(1.1846, 3.5055, 3.765)
(1.6561, 3.9579, 3.4712)
(2.1452, 4.3736, 3.1499)
(2.6556, 4.7799, 2.8078)
(3.1389, 5.1594, 2.4803)
(3.6307, 5.5453, 2.2097)
(-0.0742, 2.635, 3.775)
(0.3164, 3.194, 3.6298)
(0.7697, 3.7175, 3.403)
(1.2656, 4.1455, 3.1069)
(1.7793, 4.5412, 2.7962)
(2.2868, 4.9531, 2.4543)
(2.7888, 5.3277, 2.1351)
(3.2825, 5.732, 1.8918)
(-1.2569, 1.5047, 3.3268)
(-0.8473, 2.0598, 3.3481)
(-0.4248, 2.6428, 3.2825)
(0.0107, 3.2251, 3.1088)
(0.4907, 3.7037, 2.878)
(1.0121, 4.0764, 2.5826)
(1.5341, 4.4225, 2.2569)
(2.068, 4.7582, 1.9305)
(2.6065, 5.0974, 1.6652)
(3.1007, 5.5175, 1.4771)
(-1.4668, 1.6037, 2.8834)
(-1.0321, 2.109, 2.8021)
(-0.6228, 2.6541, 2.6847)
(-0.1515, 3.1305, 2.5324)
(0.399, 3.4751, 2.3435)
(0.9601, 3.7716, 2.0972)
(1.4755, 4.0918, 1.7836)
(2.0194, 4.361, 1.5126)
(2.5901, 4.6584, 1.3427)
(3.114, 5.0675, 1.1748)
(-1.6793, 1.6654, 2.3152)
(-1.167, 2.073, 2.2009)
(-0.7214, 2.5705, 2.0797)
(-0.192, 2.9319, 1.9685)
(0.4444, 3.1105, 1.8777)
(1.0607, 3.3112, 1.7252)
(1.6041, 3.6018, 1.4538)
(2.1531, 3.8622, 1.215)
(2.6945, 4.1652, 1.1834)
(3.1893, 4.5756, 1.1257)
(-1.8474, 1.6859, 1.7219)
(-1.2661, 1.9837, 1.6137)
(-0.7444, 2.3931, 1.5008)
(-0.162, 2.6639, 1.4262)
(0.5134, 2.7357, 1.4152)
(1.1695, 2.8556, 1.3513)
(1.785, 3.0887, 1.1877)
(2.3449, 3.4019, 1.096)
(2.7422, 3.8416, 1.1466)
(3.1519, 4.2587, 1.1978)
(-1.9885, 1.7252, 1.1226)
(-1.3588, 1.9264, 1.0307)
(-0.7475, 2.1715, 0.9479)
(-0.1206, 2.3674, 0.9022)
(0.5492, 2.4445, 0.894)
(1.211, 2.5289, 0.8702)
(1.8227, 2.6481, 0.8122)
(-2.0924, 1.8034, 0.5242)
(-1.4637, 1.9993, 0.4491)
(-0.7949, 2.1112, 0.3842)
(-0.1335, 2.2456, 0.3481)
(0.5175, 2.3617, 0.3269)
(1.1613, 2.4379, 0.3108)
(1.7075, 2.4348, 0.2933)
(-2.1574, 1.8783, -0.0777)
(-1.5517, 2.137, -0.1366)
(-0.8737, 2.2417, -0.1987)
(-0.2091, 2.3472, -0.2369)
(0.4302, 2.4441, -0.2569)
(1.0607, 2.4711, -0.2705)
(1.5822, 2.3661, -0.2809)
(-2.2148, 1.911, -0.6847)
(-1.617, 2.1975, -0.7375)
(-0.9415, 2.3239, -0.7902)
(-0.2819, 2.4228, -0.8263)
(0.3492, 2.4961, -0.8476)
(0.968, 2.468, -0.8591)
(1.4627, 2.2911, -0.8639)
(-2.2634, 1.8712, -1.2886)
(-1.6583, 2.1322, -1.3401)
(-0.9816, 2.2419, -1.3838)
(-0.3327, 2.3588, -1.4179)
(0.2806, 2.4701, -1.4375)
(0.8589, 2.3894, -1.4272)
(1.3271, 2.1755, -1.4355)
(-2.2894, 1.7411, -1.8775)
(-1.6674, 1.95, -1.9179)
(-0.9898, 2.0391, -1.9535)
(-0.3579, 2.109, -1.9121)
(0.2131, 2.176, -1.7884)
(0.7147, 2.1195, -1.8145)
(1.1469, 1.984, -1.9677)
(-2.2845, 1.5458, -2.4372)
(-1.6403, 1.7148, -2.4638)
(-0.9543, 1.8104, -2.5014)
(-0.336, 1.853, -2.3809)
(0.2018, 1.8891, -2.1047)
(0.632, 1.9577, -2.2314)
(0.9963, 1.9647, -2.596)
(-2.1754, 1.5157, -2.8925)
(-1.6549, 1.8108, -2.9096)
(-0.974, 1.9441, -2.9081)
(-0.3253, 1.9863, -2.8102)
(0.2621, 1.9914, -2.6329)
(0.6485, 2.0972, -2.8563)
(0.9405, 2.1562, -3.2482)
(-2.0747, 1.585, -3.3662)
(-1.6634, 2.0583, -3.3744)
(-1.0362, 2.3031, -3.308)
(-0.3663, 2.3718, -3.2198)
(0.2766, 2.2885, -3.1716)
(0.754, 2.3706, -3.3003)
(1.1194, 2.4641, -3.5161)
(-2.0435, 1.535, -3.9481)
(-1.5692, 2.0036, -3.9268)
(-0.9992, 2.2393, -3.7543)
(-0.414, 2.3938, -3.6416)
(0.1472, 2.5342, -3.5992)
(0.699, 2.6629, -3.5899)
(1.1589, 2.6547, -3.7458)
(-1.9358, 1.3448, -4.4487)
(-1.4251, 1.6809, -4.2689)
(-0.9656, 1.9559, -4.0621)
(-0.5677, 2.3292, -3.9876)
(-0.1001, 2.6277, -3.9252)
(0.4606, 2.7214, -4.0071)
(0.9332, 2.6708, -4.2571)
(-1.8374, 1.027, -4.6428)
(-1.4294, 1.38, -4.3682)
(-1.1226, 1.8966, -4.2825)
(-0.7728, 2.3706, -4.2171)
(-0.2506, 2.5959, -4.1999)
(0.3268, 2.7779, -4.3546)
(0.8047, 2.8804, -4.567)
(0.7702, 2.2981, 4.2013)
(1.1324, 2.6841, 4.0746)
(1.5627, 3.1871, 3.8697)
(2.0161, 3.6372, 3.5734)
(2.4919, 4.0352, 3.2334)
(3.014, 4.392, 2.8777)
(3.5273, 4.7814, 2.5316)
(4.0101, 5.1967, 2.2589)
(-4.8149, -5.1445, 1.7448)
(-3.8017, -3.9201, 0.8937)
(-4.0163, -4.0588, 0.646)
(-4.1043, -4.3848, 0.3118)
(-4.1304, -4.7988, 0.382)
(-4.3214, -5.0644, 0.8373)
(-4.5971, -5.2016, 1.3464)
(-1.06, -2.0313, 3.7742)
(-1.4429, -2.449, 3.6014)
(-1.9078, -2.8833, 3.3099)
(-2.3738, -3.2701, 2.9493)
(-2.8155, -3.6692, 2.5692)
(-3.2665, -4.0933, 2.1715)
(-3.7289, -4.5067, 1.821)
(-4.1897, -4.8996, 1.5668)
(-0.6285, -2.0645, 3.3858)
(-1.0734, -2.5169, 3.1529)
(-1.5764, -2.8908, 2.8283)
(-2.0788, -3.2003, 2.4547)
(-2.5692, -3.5137, 2.0637)
(-3.0592, -3.8808, 1.6928)
(-3.5472, -4.2776, 1.3751)
(-3.9817, -4.6963, 1.0892)
(0.6581, -1.081, 2.9782)
(0.2227, -1.6003, 3.0039)
(-0.253, -2.1129, 2.9107)
(-0.7429, -2.5948, 2.667)
(-1.2528, -2.9876, 2.3936)
(-1.7668, -3.3185, 2.0827)
(-2.2842, -3.6113, 1.7206)
(-2.8059, -3.9098, 1.3615)
(-3.3228, -4.2272, 1.0194)
(-3.7682, -4.5422, 0.6527)
(0.8736, -1.2348, 2.5467)
(0.505, -1.8063, 2.5311)
(0.0923, -2.3513, 2.4535)
(-0.3723, -2.8494, 2.2947)
(-0.871, -3.2691, 2.0713)
(-1.3942, -3.5851, 1.7682)
(-1.929, -3.8228, 1.4019)
(-2.4656, -4.0417, 1.027)
(-3.0268, -4.194, 0.7187)
(-3.6008, -4.2889, 0.4637)
(1.1394, -1.4217, 2.0224)
(0.7997, -2.0221, 2.0274)
(0.4231, -2.5959, 2.008)
(-0.0679, -2.9876, 1.9215)
(-0.6527, -3.2121, 1.749)
(-1.2499, -3.3978, 1.4959)
(-1.8205, -3.5535, 1.149)
(-2.38, -3.7087, 0.7863)
(-2.9724, -3.8009, 0.6836)
(-3.5972, -3.8779, 0.7179)
(1.4065, -1.5996, 1.4947)
(1.0635, -2.2026, 1.5001)
(0.6656, -2.7591, 1.4774)
(0.0994, -3.0079, 1.3936)
(-0.5799, -3.0037, 1.2874)
(-1.2537, -3.0119, 1.1684)
(-1.904, -3.0425, 0.9729)
(-2.5181, -3.189, 0.7436)
(-3.046, -3.395, 0.8514)
(-3.5244, -3.6496, 1.0396)
(1.6608, -1.7615, 0.9584)
(1.3005, -2.3653, 0.9532)
(0.8446, -2.8729, 0.9058)
(0.2197, -3.0415, 0.8073)
(-0.4701, -2.9442, 0.7129)
(-1.1484, -2.8254, 0.6352)
(-1.7892, -2.7321, 0.5648)
(1.8626, -1.8741, 0.3921)
(1.4781, -2.4554, 0.3736)
(0.9624, -2.8773, 0.31)
(0.3126, -2.9591, 0.2153)
(-0.3538, -2.8398, 0.1366)
(-1.0067, -2.7248, 0.0714)
(-1.5626, -2.6306, 0.018)
(2.0169, -1.9397, -0.1985)
(1.6012, -2.4837, -0.2294)
(1.0449, -2.8358, -0.297)
(0.3989, -2.8859, -0.3782)
(-0.2384, -2.7874, -0.4445)
(-0.866, -2.69, -0.5015)
(-1.3945, -2.5819, -0.5535)
(2.1481, -1.9803, -0.7969)
(1.7051, -2.4987, -0.8369)
(1.1303, -2.8293, -0.9048)
(0.4867, -2.9062, -0.9759)
(-0.141, -2.8438, -1.0335)
(-0.7482, -2.7221, -1.0854)
(-1.2445, -2.5444, -1.1354)
(2.2525, -1.996, -1.4015)
(1.7912, -2.4957, -1.4466)
(1.2053, -2.8209, -1.5135)
(0.561, -2.9455, -1.578)
(-0.0675, -2.9212, -1.6319)
(-0.6513, -2.741, -1.6787)
(-1.1005, -2.4707, -1.7244)
(2.3387, -1.9919, -2.0086)
(1.8689, -2.4807, -2.0557)
(1.2728, -2.796, -2.1215)
(0.6207, -2.9264, -2.184)
(-0.008, -2.8584, -2.2261)
(-0.5423, -2.5524, -2.2137)
(-0.9266, -2.2699, -2.2655)
(2.4206, -1.9755, -2.6148)
(1.9545, -2.465, -2.6609)
(1.3636, -2.7903, -2.7168)
(0.736, -2.8394, -2.743)
(0.1601, -2.5988, -2.6974)
(-0.3412, -2.2792, -2.6332)
(-0.706, -2.1269, -2.8093)
(2.5043, -1.9435, -3.2174)
(2.0234, -2.3907, -3.248)
(1.4114, -2.6462, -3.2483)
(0.7906, -2.6925, -3.2432)
(0.2706, -2.4326, -3.1471)
(-0.2351, -2.1898, -3.1129)
(-0.6927, -2.144, -3.3901)
(2.5289, -1.8341, -3.7938)
(1.9901, -2.1159, -3.7133)
(1.3805, -2.2107, -3.5239)
(0.7697, -2.3268, -3.4778)
(0.23, -2.3642, -3.5405)
(-0.3076, -2.3962, -3.5449)
(-0.8313, -2.4292, -3.609)
(2.4433, -1.5956, -4.2899)
(1.8625, -1.6552, -4.0327)
(1.3162, -1.765, -3.7644)
(0.7538, -1.9948, -3.7513)
(0.1469, -2.2178, -3.9146)
(-0.425, -2.5315, -3.925)
(-0.922, -2.6849, -3.8228)
(2.2541, -1.3562, -4.7644)
(1.6754, -1.3381, -4.4324)
(1.222, -1.6245, -4.2506)
(0.7586, -2.0484, -4.2982)
(0.1284, -2.2861, -4.4085)
(-0.4911, -2.5175, -4.4409)
(-1.011, -2.633, -4.3946)
(2.0391, -1.2223, -5.2049)
(1.4769, -1.2546, -4.8766)
(1.1428, -1.6601, -4.7293)
(0.8132, -2.1716, -4.7659)
(0.2016, -2.4403, -4.8544)
(-0.4693, -2.552, -4.9104)
(-1.0356, -2.5651, -4.8845)
(-1.43, -1.8994, 4.0329)
(-1.8074, -2.2666, 3.8925)
(-2.2497, -2.7442, 3.6473)
(-2.6804, -3.1983, 3.3207)
(-3.0865, -3.6571, 2.9696)
(-3.5057, -4.0571, 2.5594)
(-3.9619, -4.4274, 2.184)
(-4.4408, -4.8343, 1.9498)
(-5.1368, -4.8463, 1.9616)
(-3.8205, -4.0049, 0.9276)
(-4.1734, -4.0177, 0.7543)
(-4.7483, -3.9438, 0.704)
(-5.3068, -3.9493, 0.9361)
(-5.5966, -4.1781, 1.3455)
(-5.4505, -4.5455, 1.7541)
(-2.0482, -1.1564, 4.0112)
(-2.4059, -1.5997, 3.8579)
(-2.8344, -2.0973, 3.6284)
(-3.2412, -2.5722, 3.3187)
(-3.6388, -3.0489, 3.0292)
(-4.0411, -3.4945, 2.6949)
(-4.5027, -3.883, 2.3145)
(-5.0369, -4.2457, 2.0081)
(-2.1984, -0.6684, 3.7196)
(-2.6086, -1.1737, 3.5187)
(-3.031, -1.683, 3.272)
(-3.4304, -2.1667, 2.9715)
(-3.861, -2.6141, 2.691)
(-4.3068, -3.0731, 2.3777)
(-4.7591, -3.539, 1.9987)
(-5.2466, -3.9002, 1.646)
(-1.6196, 0.9148, 3.3363)
(-1.9249, 0.2973, 3.3565)
(-2.276, -0.3047, 3.2425)
(-2.6584, -0.8736, 3.0182)
(-3.0094, -1.4065, 2.7632)
(-3.3635, -1.893, 2.4595)
(-3.8003, -2.301, 2.1922)
(-4.2179, -2.7635, 1.9033)
(-4.563, -3.2672, 1.5726)
(-4.9747, -3.6681, 1.2672)
(-1.8196, 1.0524, 2.8945)
(-2.037, 0.4341, 2.8024)
(-2.312, -0.1488, 2.6336)
(-2.5814, -0.7365, 2.4414)
(-2.7828, -1.3306, 2.2424)
(-3.1035, -1.7645, 1.9574)
(-3.489, -2.1407, 1.7172)
(-3.7985, -2.6404, 1.5087)
(-4.105, -3.1379, 1.2701)
(-4.4533, -3.6074, 1.0363)
(-2.0219, 1.1774, 2.3288)
(-2.0818, 0.5332, 2.202)
(-2.2361, -0.0685, 2.0242)
(-2.4134, -0.6808, 1.8647)
(-2.4678, -1.335, 1.7424)
(-2.7405, -1.7599, 1.4951)
(-3.0512, -2.165, 1.3219)
(-3.2807, -2.7025, 1.1942)
(-3.636, -3.1802, 1.0734)
(-3.945, -3.6525, 1.0146)
(-2.1736, 1.2495, 1.7343)
(-2.0895, 0.6184, 1.6099)
(-2.0945, 0.0101, 1.4391)
(-2.1971, -0.6307, 1.2981)
(-2.1688, -1.3006, 1.2188)
(-2.3555, -1.8138, 1.0256)
(-2.586, -2.3211, 0.9235)
(-2.8358, -2.8568, 0.8572)
(-3.2469, -3.2122, 0.9397)
(-3.5828, -3.6211, 1.108)
(-2.3082, 1.2879, 1.1313)
(-2.164, 0.6669, 1.0195)
(-1.9839, 0.0628, 0.8711)
(-1.9479, -0.584, 0.748)
(-1.8979, -1.2497, 0.6803)
(-1.9957, -1.8437, 0.5557)
(-2.1314, -2.3925, 0.4989)
(-2.4091, 1.3139, 0.524)
(-2.3102, 0.6705, 0.4325)
(-2.0373, 0.0619, 0.306)
(-1.8161, -0.5515, 0.1899)
(-1.7066, -1.1893, 0.1196)
(-1.7156, -1.8216, 0.0527)
(-1.7897, -2.3584, 0.0044)
(-2.4568, 1.3391, -0.0862)
(-2.4095, 0.673, -0.1625)
(-2.2006, 0.0356, -0.2677)
(-1.9233, -0.5567, -0.3812)
(-1.696, -1.1436, -0.4619)
(-1.5867, -1.7579, -0.5099)
(-1.5937, -2.2939, -0.5528)
(-2.4656, 1.3692, -0.6916)
(-2.3873, 0.704, -0.7632)
(-2.2511, 0.0432, -0.8531)
(-2.0752, -0.5752, -0.9517)
(-1.8374, -1.1428, -1.0408)
(-1.6156, -1.7147, -1.0988)
(-1.4924, -2.2227, -1.1365)
(-2.4116, 1.3813, -1.276)
(-2.2055, 0.7572, -1.3247)
(-2.0881, 0.0981, -1.4178)
(-2.0516, -0.5482, -1.5266)
(-1.9345, -1.152, -1.6259)
(-1.6884, -1.7143, -1.6956)
(-1.4208, -2.155, -1.7275)
(-2.4257, 1.2863, -1.8307)
(-2.0969, 0.7378, -1.8585)
(-1.8302, 0.1543, -1.9471)
(-1.7539, -0.4806, -1.979)
(-1.69, -1.0756, -2.0494)
(-1.4699, -1.6058, -2.1528)
(-1.1991, -2.0176, -2.2428)
(-2.5369, 1.1076, -2.3742)
(-2.2266, 0.5937, -2.3925)
(-1.8015, 0.0887, -2.4759)
(-1.5876, -0.5001, -2.4092)
(-1.4884, -1.0335, -2.4377)
(-1.2606, -1.5282, -2.5977)
(-0.9647, -1.9286, -2.7668)
(-2.397, 0.9749, -2.8449)
(-2.3165, 0.3776, -2.8511)
(-2.0182, -0.1791, -2.938)
(-1.8019, -0.7259, -2.8569)
(-1.6678, -1.1727, -2.8991)
(-1.3614, -1.6111, -3.1292)
(-1.0006, -1.9717, -3.3074)
(-2.2891, 0.9421, -3.3216)
(-2.4369, 0.2778, -3.2975)
(-2.3419, -0.3583, -3.3071)
(-2.1447, -0.946, -3.2138)
(-1.938, -1.4453, -3.1927)
(-1.5691, -1.9074, -3.3433)
(-1.1876, -2.2671, -3.4898)
(-2.3554, 0.9316, -3.8953)
(-2.4437, 0.3191, -3.7645)
(-2.3104, -0.2906, -3.5925)
(-2.1018, -0.9323, -3.4935)
(-1.869, -1.5656, -3.4455)
(-1.6375, -2.1457, -3.541)
(-1.3453, -2.5342, -3.7131)
(-2.247, 0.8248, -4.4402)
(-2.2236, 0.2323, -4.2162)
(-2.1469, -0.3293, -3.9164)
(-2.0837, -0.9398, -3.7323)
(-1.8477, -1.5224, -3.757)
(-1.626, -2.0498, -4.0083)
(-1.4152, -2.4603, -4.265)
(-2.0859, 0.6508, -4.6384)
(-2.1896, 0.1309, -4.3804)
(-2.3443, -0.456, -4.215)
(-2.2844, -0.996, -4.0002)
(-2.0311, -1.4661, -4.0444)
(-1.8161, -1.9786, -4.3708)
(-1.5908, -2.4199, -4.6301)
(-1.8271, -1.5506, 4.1258)
(-2.1223, -1.984, 3.9872)
(-2.5468, -2.4814, 3.7652)
(-2.951, -2.9535, 3.4493)
(-3.3407, -3.423, 3.1343)
(-3.6979, -3.8311, 2.7374)
(-4.1154, -4.1774, 2.3382)
(-4.6701, -4.5579, 2.1093)
