(0.8311, -2.5523, -5.647)
(1.3196, -2.1354, -5.5987)
(1.7281, -1.5813, -5.5124)
(2.118, -1.0111, -5.4238)
(2.4736, -0.4193, -5.3174)
(0.8722, -2.6777, -5.226)
(1.383, -2.2578, -5.1822)
(2.7495, 0.1622, -5.1809)
(1.8032, -1.71, -5.1011)
(2.8611, 0.5402, -5.0065)
(2.1759, -1.1297, -5.0084)
(2.4731, -0.5142, -4.898)
(2.6812, 0.0881, -4.762)
(2.8101, 0.5847, -4.6653)
(0.8788, -2.8024, -4.6733)
(1.3831, -2.354, -4.6321)
(1.7863, -1.7909, -4.5618)
(2.1716, -1.2255, -4.4849)
(2.5031, -0.6347, -4.3884)
(2.6688, -0.0646, -4.2466)
(2.7124, 0.3979, -4.0889)
(0.8136, -2.8495, -4.0828)
(1.2537, -2.3334, -4.0637)
(1.5878, -1.7255, -4.0324)
(1.9305, -1.1763, -3.9902)
(2.3356, -0.6257, -3.9116)
(2.7367, -0.2029, -3.832)
(3.0267, 0.173, -3.6158)
(0.7544, -2.8785, -3.4867)
(1.2184, -2.3988, -3.4776)
(1.5038, -1.7839, -3.446)
(1.8493, -1.2427, -3.3858)
(2.1987, -0.7026, -3.3832)
(2.4348, -0.22, -3.536)
(2.4311, 0.2672, -3.6064)
(0.7064, -2.906, -2.8873)
(1.1777, -2.4555, -2.8897)
(1.4289, -1.8532, -2.8823)
(1.8243, -1.3638, -2.808)
(2.1509, -0.8289, -2.7969)
(2.2797, -0.3222, -2.9768)
(2.3252, 0.1162, -2.9786)
(0.6637, -2.9104, -2.2864)
(1.1969, -2.5206, -2.304)
(1.5753, -1.9908, -2.3457)
(2.0605, -1.5849, -2.3751)
(2.3385, -1.0471, -2.3615)
(2.2824, -0.4739, -2.3709)
(2.1998, -0.0208, -2.3448)
(0.6184, -2.8786, -1.6853)
(1.1927, -2.5327, -1.7116)
(1.6699, -2.0721, -1.7602)
(2.1627, -1.6862, -1.8061)
(2.4079, -1.1461, -1.7931)
(2.3988, -0.5587, -1.7704)
(2.4873, -0.0969, -1.7696)
(0.582, -2.8198, -1.0858)
(1.2029, -2.551, -1.1175)
(1.7436, -2.1609, -1.1669)
(2.2145, -1.7545, -1.1998)
(2.4394, -1.2011, -1.1848)
(2.5099, -0.6153, -1.1663)
(2.6344, -0.1637, -1.1591)
(0.5493, -2.7171, -0.4918)
(1.2098, -2.5373, -0.5235)
(1.8085, -2.2442, -0.5745)
(2.2575, -1.8115, -0.5993)
(2.4666, -1.2366, -0.5857)
(2.6127, -0.6571, -0.573)
(2.7861, -0.2193, -0.5664)
(0.5218, -2.5754, 0.096)
(1.2048, -2.4646, 0.0698)
(1.8522, -2.284, 0.0266)
(2.3238, -1.8662, -0.0047)
(2.556, -1.2802, -0.0038)
(2.7705, -0.7068, -0.0027)
(2.9696, -0.2732, 0.0061)
(0.5118, -2.4295, 0.6814)
(1.2124, -2.3875, 0.6635)
(1.8951, -2.2982, 0.6297)
(2.4329, -1.9371, 0.5814)
(2.7353, -1.3547, 0.5527)
(2.9904, -0.768, 0.542)
(3.1659, -0.3119, 0.5721)
(0.4949, -2.1688, 1.2258)
(1.1877, -2.1755, 1.2235)
(1.8643, -2.1771, 1.2201)
(2.4523, -1.9068, 1.169)
(2.8566, -1.3786, 1.1171)
(3.2411, -0.843, 1.0541)
(3.6785, -0.2368, 0.996)
(0.4818, -1.8474, 1.7456)
(1.1608, -1.9172, 1.7689)
(1.7972, -2.0204, 1.7985)
(2.3587, -1.7728, 1.7126)
(4.3374, -0.3401, 1.1744)
(2.8531, -1.3527, 1.637)
(3.381, -1.0114, 1.5046)
(4.9641, -0.078, 1.0806)
(3.881, -0.8054, 1.196)
(5.488, -0.4646, 1.2403)
(4.4365, -0.6444, 1.0646)
(0.4813, -1.528, 2.2745)
(1.152, -1.6137, 2.3023)
(1.7855, -1.8023, 2.349)
(5.6883, -0.6098, 1.2867)
(2.4143, -1.7763, 2.2408)
(4.9001, -0.4392, 1.2682)
(3.0025, -1.602, 2.0284)
(3.5814, -1.3991, 1.7826)
(5.3443, -0.5027, 1.3255)
(4.1434, -1.2116, 1.4885)
(5.6604, -0.4557, 1.1595)
(4.6941, -1.0692, 1.2532)
(0.4876, -1.2331, 2.7965)
(1.1593, -1.2641, 2.8279)
(1.8476, -1.4133, 2.8171)
(5.1377, -0.7584, 1.3221)
(2.5311, -1.5126, 2.7179)
(3.1764, -1.5362, 2.5028)
(5.4578, -0.5015, 1.0807)
(3.7932, -1.5145, 2.2232)
(0.5023, -1.0031, 3.2175)
(5.7865, -0.3919, 0.8026)
(4.3898, -1.4425, 1.9131)
(4.9585, -1.2944, 1.6199)
(1.9553, -0.9412, 3.2101)
(1.1505, -0.821, 3.4025)
(5.3899, -0.9995, 1.4157)
(2.6522, -1.037, 3.066)
(3.3153, -1.1181, 2.873)
(5.5407, -0.7875, 0.9764)
(3.9587, -1.2004, 2.6498)
(5.8014, -0.7102, 0.6198)
(4.5648, -1.2364, 2.3849)
(5.0223, -1.061, 2.0129)
(1.6261, -0.5019, 3.7242)
(2.1557, -0.4864, 3.5566)
(5.3493, -0.8062, 1.5961)
(2.8075, -0.5478, 3.3979)
(3.4728, -0.6612, 3.2338)
(5.7513, -0.7441, 1.1987)
(4.1245, -0.8094, 3.0648)
(6.0965, -0.8335, 0.8945)
(4.6862, -0.8907, 2.8105)
(4.9727, -0.7795, 2.3424)
(1.9144, -0.1313, 4.0147)
(2.3618, -0.0628, 3.8794)
(5.4299, -0.8134, 1.9363)
(2.982, -0.086, 3.7076)
(3.6361, -0.1859, 3.5101)
(5.9565, -0.9525, 1.5656)
(4.2784, -0.3423, 3.3199)
(2.1576, 0.1262, 4.0995)
(6.2968, -1.1388, 1.268)
(4.8587, -0.5013, 3.0707)
(2.4514, 0.3237, 4.122)
(3.1295, 0.2776, 3.9684)
(5.2555, -0.629, 2.6196)
(3.7773, 0.1968, 3.7097)
(5.7801, -0.7706, 2.2424)
(4.3833, 0.0686, 3.3809)
(4.9641, -0.1254, 3.0428)
(6.3262, -0.9461, 1.9078)
(5.5005, -0.3792, 2.67)
(6.6412, -1.1618, 1.6298)
(6.0382, -0.5841, 2.3754)
(6.8054, -0.9877, 1.8711)
(6.7156, -0.7665, 2.1003)
(-0.0482, 1.9659, -4.4655)
(0.5874, 2.0498, -4.3855)
(1.2097, 2.1321, -4.3424)
(1.703, 1.7896, -4.2468)
(2.271, 1.4932, -4.4018)
(0.2178, 2.1003, -4.4761)
(0.7324, 1.9119, -4.2208)
(2.8237, 1.2188, -4.5076)
(1.3067, 1.8984, -4.1645)
(2.9888, 0.9067, -4.6836)
(1.8659, 1.8063, -4.087)
(2.2631, 1.4022, -4.1136)
(2.6437, 0.9917, -4.341)
(2.8136, 0.6026, -4.6569)
(0.431, 2.4073, -4.2007)
(0.9869, 2.1302, -4.0453)
(1.4081, 1.7998, -3.8329)
(1.9342, 1.5496, -3.8146)
(2.3955, 1.2437, -3.7294)
(2.7313, 0.817, -3.8871)
(2.718, 0.4161, -4.082)
(0.4955, 2.5808, -3.6691)
(1.1119, 2.3482, -3.6133)
(1.6123, 1.9299, -3.485)
(2.0104, 1.4243, -3.4235)
(2.3154, 0.9234, -3.4096)
(2.735, 0.6126, -3.4916)
(3.0226, 0.1924, -3.6076)
(0.4337, 2.6139, -3.1219)
(0.9796, 2.2776, -3.1042)
(1.4489, 1.7752, -3.0482)
(1.7834, 1.2135, -2.9426)
(2.077, 0.7453, -2.9514)
(2.3622, 0.5845, -3.3224)
(2.4532, 0.2864, -3.5883)
(0.2529, 2.5227, -2.6943)
(0.7394, 2.0467, -2.7197)
(1.185, 1.5298, -2.7093)
(1.535, 1.0754, -2.4833)
(1.8788, 0.6952, -2.3582)
(2.1403, 0.4888, -2.7789)
(2.3214, 0.18, -3.1039)
(0.3651, 2.6346, -2.1829)
(0.8285, 2.1331, -2.2108)
(1.262, 1.6256, -2.217)
(1.5863, 1.1442, -2.0137)
(1.9083, 0.7418, -1.8796)
(2.1042, 0.3688, -2.1371)
(2.2325, -0.0116, -2.307)
(0.5308, 2.7492, -1.6122)
(1.0163, 2.2735, -1.6519)
(1.4633, 1.7691, -1.6853)
(1.9076, 1.3289, -1.6741)
(2.2631, 0.873, -1.6544)
(2.372, 0.3486, -1.669)
(2.5076, -0.0832, -1.7637)
(0.6371, 2.7809, -1.0139)
(1.1499, 2.3331, -1.0657)
(1.609, 1.8311, -1.1096)
(2.0499, 1.36, -1.1374)
(2.4202, 0.8652, -1.1526)
(2.6191, 0.3195, -1.1494)
(2.6418, -0.1448, -1.1606)
(0.6711, 2.7373, -0.4052)
(1.1777, 2.2866, -0.4651)
(1.6385, 1.7823, -0.5134)
(2.0757, 1.2962, -0.5409)
(2.4637, 0.7979, -0.558)
(2.7288, 0.2645, -0.568)
(2.792, -0.2002, -0.5713)
(0.6404, 2.6319, 0.1948)
(1.1135, 2.1504, 0.1215)
(1.5756, 1.6483, 0.0705)
(2.0375, 1.1702, 0.0434)
(2.4709, 0.6905, 0.0278)
(2.8144, 0.1889, 0.0138)
(2.9765, -0.2546, 0.0012)
(0.5936, 2.4854, 0.7827)
(1.0746, 2.0196, 0.7011)
(1.5825, 1.586, 0.6491)
(2.0498, 1.1054, 0.6228)
(2.4914, 0.6109, 0.6068)
(2.8958, 0.1252, 0.5818)
(3.1673, -0.2913, 0.5717)
(0.6145, 2.3505, 1.3715)
(1.184, 2.0119, 1.2734)
(1.7715, 1.7297, 1.1807)
(2.231, 1.2498, 1.1606)
(2.6564, 0.7216, 1.1527)
(3.1342, 0.2586, 1.0787)
(3.6885, -0.2182, 0.991)
(0.7043, 2.2554, 1.963)
(1.3387, 2.0669, 1.8486)
(1.968, 1.8901, 1.7318)
(2.4706, 1.4669, 1.6719)
(4.3327, -0.3138, 1.2037)
(2.9263, 0.9772, 1.6187)
(3.4478, 0.5953, 1.4474)
(4.9695, -0.0382, 1.0886)
(3.9939, 0.2912, 1.2061)
(5.4576, -0.463, 1.3034)
(4.5313, 0.0027, 1.1093)
(0.8091, 2.1408, 2.5538)
(1.4708, 2.0491, 2.4435)
(2.1292, 1.9642, 2.3128)
(5.4643, -0.2765, 0.9944)
(2.7093, 1.6728, 2.1799)
(5.1127, -0.1483, 1.2008)
(3.241, 1.3034, 2.0112)
(3.7838, 0.9892, 1.7631)
(5.6201, -0.2675, 1.0848)
(4.3187, 0.7335, 1.4515)
(5.6471, -0.0995, 0.7674)
(4.8373, 0.3825, 1.2856)
(0.8814, 1.9694, 3.1112)
(1.5625, 1.9378, 3.0515)
(2.2677, 1.8938, 2.908)
(5.453, 0.143, 1.1898)
(2.9343, 1.761, 2.7213)
(3.5345, 1.5263, 2.4693)
(5.9897, 0.0069, 0.9935)
(4.1032, 1.2673, 2.1686)
(0.9149, 1.7585, 3.533)
(6.0592, 0.231, 0.7348)
(4.6608, 1.0197, 1.8443)
(5.2055, 0.7014, 1.5874)
(2.4032, 1.6824, 3.4724)
(1.5724, 1.6471, 3.6947)
(5.8077, 0.4593, 1.3949)
(3.1174, 1.6329, 3.2778)
(3.7639, 1.4744, 3.0076)
(6.3815, 0.3248, 1.2056)
(4.363, 1.2468, 2.6905)
(6.6143, 0.374, 0.8788)
(4.9612, 1.0188, 2.361)
(5.5649, 0.7955, 2.0198)
(1.9903, 1.3303, 3.9881)
(2.5547, 1.3142, 3.9047)
(6.16, 0.581, 1.7747)
(3.2273, 1.2615, 3.7336)
(3.8878, 1.1441, 3.474)
(6.7559, 0.4523, 1.5579)
(4.5137, 0.966, 3.1658)
(7.0793, 0.3381, 1.2631)
(5.143, 0.7841, 2.8567)
(5.7585, 0.5927, 2.5043)
(2.1159, 0.8782, 4.2146)
(2.5893, 0.8096, 4.1227)
(6.3278, 0.3856, 2.2171)
(3.2266, 0.7432, 3.9651)
(3.8783, 0.6359, 3.7113)
(6.9278, 0.2044, 1.9597)
(4.4923, 0.4756, 3.3847)
(2.221, 0.5514, 4.2409)
(7.3257, 0.0854, 1.7081)
(5.0922, 0.2786, 3.0397)
(2.4746, 0.3567, 4.1363)
(3.151, 0.3036, 3.9893)
(5.6967, 0.0506, 2.6887)
(3.79, 0.2111, 3.7217)
(6.2843, -0.1113, 2.3888)
(4.3916, 0.0673, 3.4002)
(4.9744, -0.1285, 3.0634)
(6.8664, -0.3033, 2.1492)
(5.5256, -0.421, 2.6916)
(7.2907, -0.3789, 1.9612)
(6.2301, -0.6196, 2.3195)
(7.107, -0.6528, 2.0852)
(6.8066, -0.7603, 2.1282)
(0.2694, -2.4756, -5.5381)
(-0.0502, -2.0347, -5.2163)
(-0.5058, -1.7725, -4.9587)
(-1.0568, -1.9462, -4.9395)
(-1.6528, -1.753, -5.0092)
(-2.1587, -1.2976, -5.0938)
(0.2999, -2.6805, -5.1363)
(-0.0197, -2.243, -4.8305)
(-0.4308, -1.8897, -4.5542)
(-2.5361, -0.7631, -5.1018)
(-1.0258, -1.9113, -4.514)
(-2.7717, -0.4164, -5.0014)
(-1.6275, -1.6758, -4.5922)
(-2.1441, -1.2378, -4.6787)
(-2.5946, -0.7932, -4.6843)
(-2.8291, -0.352, -4.6652)
(0.3031, -2.9237, -4.6276)
(-0.0718, -2.5372, -4.3702)
(-0.4126, -2.0858, -4.0687)
(-0.9588, -1.8747, -3.9763)
(-1.5074, -1.5174, -4.1009)
(-2.0548, -1.135, -4.1892)
(-2.5974, -0.8459, -4.1404)
(-2.8858, -0.4714, -4.0643)
(0.2356, -3.0962, -4.0834)
(-0.3067, -2.8783, -3.9897)
(-0.6862, -2.4252, -3.7448)
(-1.0981, -2.0139, -3.5287)
(-1.5648, -1.6147, -3.6302)
(-2.0343, -1.2665, -3.7328)
(-2.5234, -0.9191, -3.6721)
(-2.8102, -0.5814, -3.4717)
(0.1447, -3.1409, -3.5017)
(-0.4974, -3.0985, -3.5156)
(-1.0353, -2.7516, -3.4764)
(-1.4909, -2.2929, -3.4022)
(-1.8317, -1.808, -3.4187)
(-1.9063, -1.2803, -3.3344)
(-2.1697, -0.7951, -3.4489)
(-2.3398, -0.32, -3.8505)
(0.0694, -3.1141, -2.9015)
(-0.6037, -3.1064, -2.9369)
(-1.2351, -2.8753, -2.9805)
(-1.7398, -2.4706, -3.0054)
(-1.9243, -1.8923, -2.9678)
(-1.9229, -1.285, -2.8515)
(-2.0586, -0.7947, -2.931)
(-2.1373, -0.5987, -3.376)
(0.0076, -3.0693, -2.2969)
(-0.6711, -3.0458, -2.3329)
(-1.3099, -2.8241, -2.3896)
(-1.8389, -2.4137, -2.4521)
(-2.1778, -1.8717, -2.4859)
(-2.277, -1.253, -2.4667)
(-2.2262, -0.6951, -2.4398)
(-2.3112, -0.3727, -2.6392)
(-0.046, -3.0125, -1.6913)
(-0.727, -2.9838, -1.7251)
(-1.3685, -2.7717, -1.7829)
(-1.9043, -2.3687, -1.852)
(-2.3065, -1.8635, -1.9084)
(-2.537, -1.2902, -1.9517)
(-2.5648, -0.7065, -1.9752)
(-2.5471, -0.2669, -2.0474)
(-0.0928, -2.93, -1.0873)
(-0.7768, -2.9105, -1.1167)
(-1.4237, -2.7206, -1.173)
(-1.9469, -2.3147, -1.2448)
(-2.316, -1.7933, -1.3038)
(-2.5819, -1.2322, -1.3569)
(-2.7229, -0.6611, -1.4056)
(-2.7577, -0.2046, -1.4531)
(-0.1335, -2.8099, -0.4889)
(-0.8206, -2.8113, -0.511)
(-1.4736, -2.653, -0.5628)
(-1.982, -2.2408, -0.6408)
(-2.2998, -1.684, -0.7092)
(-2.5691, -1.1137, -0.7662)
(-2.7944, -0.5592, -0.818)
(-2.9155, -0.109, -0.8674)
(-0.1672, -2.6539, 0.1018)
(-0.8593, -2.6786, 0.0888)
(-1.5269, -2.5731, 0.0464)
(-2.0533, -2.1866, -0.0382)
(-2.3622, -1.6063, -0.1184)
(-2.6286, -1.0102, -0.1836)
(-2.8851, -0.4476, -0.2411)
(-3.0708, -0.0104, -0.2888)
(-0.188, -2.4692, 0.683)
(-0.8898, -2.5015, 0.6756)
(-1.5833, -2.4741, 0.649)
(-2.1653, -2.1677, 0.5609)
(-2.5026, -1.5782, 0.4645)
(-2.7689, -0.9456, 0.3881)
(-3.0307, -0.3472, 0.3231)
(-3.2235, 0.119, 0.2825)
(-0.2014, -2.1946, 1.2284)
(-0.8982, -2.2344, 1.2296)
(-1.5938, -2.2526, 1.2208)
(-2.2208, -2.0609, 1.1541)
(-2.6127, -1.522, 1.05)
(-2.9291, -0.9073, 0.9575)
(-3.2468, -0.3047, 0.8575)
(-3.5765, 0.3907, 0.7931)
(-0.2076, -1.8725, 1.7532)
(-0.8967, -1.9242, 1.7629)
(-1.5856, -1.9641, 1.7632)
(-2.2267, -1.8621, 1.72)
(-2.6808, -1.4303, 1.6088)
(-4.1994, 0.6613, 0.6178)
(-3.1243, -0.9434, 1.4672)
(-3.5637, -0.4785, 1.2449)
(-4.5496, 0.8969, 1.1821)
(-3.9923, -0.0668, 0.9141)
(-5.2258, 0.8604, 1.0916)
(-0.2051, -1.5513, 2.2825)
(-4.4478, 0.3202, 0.7084)
(-0.8923, -1.5951, 2.2873)
(-1.5786, -1.6154, 2.27)
(-2.2573, -1.5588, 2.1983)
(-5.3542, 0.9767, 0.8423)
(-2.8744, -1.3672, 2.0385)
(-4.8705, 0.7182, 0.8817)
(-3.427, -1.0873, 1.7731)
(-3.9075, -0.7425, 1.4267)
(-5.3153, 1.0308, 0.8718)
(-4.3605, -0.3879, 1.0419)
(-5.6111, 0.9911, 0.7172)
(-4.7947, 0.0034, 0.7196)
(-0.1952, -1.258, 2.7836)
(-0.8775, -1.2591, 2.7803)
(-1.5488, -1.2013, 2.7373)
(-2.2331, -1.1004, 2.5695)
(-5.1697, 0.4958, 0.5923)
(-2.884, -0.945, 2.3423)
(-3.4913, -0.7405, 2.0944)
(-5.5741, 0.939, 0.4931)
(-4.0367, -0.4775, 1.7675)
(-0.1887, -1.06, 3.1413)
(-0.8746, -1.0008, 3.184)
(-5.9138, 1.2014, 0.4447)
(-4.5521, -0.1901, 1.4003)
(-5.0635, 0.1005, 1.0392)
(-2.2918, -0.7312, 3.044)
(-1.5053, -0.8003, 3.3349)
(-5.5375, 0.412, 0.6885)
(-2.9177, -0.5427, 2.7543)
(-3.473, -0.2929, 2.421)
(-5.9354, 0.7125, 0.3525)
(-4.0005, -0.0335, 2.05)
(-6.2706, 0.9997, 0.2228)
(-4.536, 0.2232, 1.675)
(-5.1128, 0.4594, 1.3395)
(-1.9295, -0.4703, 3.6519)
(-2.4703, -0.4069, 3.5046)
(-5.6953, 0.6505, 1.0256)
(-3.0836, -0.266, 3.2442)
(-3.6603, -0.0643, 2.8954)
(-6.2326, 0.7236, 0.714)
(-4.2071, 0.1471, 2.5096)
(-6.6474, 0.7984, 0.4978)
(-4.7757, 0.3203, 2.1173)
(-5.3879, 0.4769, 1.7472)
(-2.1163, -0.0833, 3.9775)
(-2.5807, 0.0018, 3.8632)
(-5.9771, 0.6363, 1.454)
(-3.1949, 0.1055, 3.6522)
(-3.8105, 0.2421, 3.3363)
(-6.5356, 0.7875, 1.2038)
(-4.4079, 0.3641, 2.9794)
(-2.2818, 0.1926, 4.1204)
(-6.9491, 0.9223, 0.9796)
(-5.0073, 0.4704, 2.6014)
(-2.5425, 0.4054, 4.0659)
(-3.2214, 0.4757, 3.905)
(-5.5953, 0.633, 2.1938)
(-3.8621, 0.5758, 3.6224)
(-6.1858, 0.7941, 1.8943)
(-4.4731, 0.6456, 3.2831)
(-5.0785, 0.7174, 2.9439)
(-6.7401, 0.9634, 1.6813)
(-5.5195, 0.8823, 2.4388)
(-7.1241, 1.1214, 1.4623)
(-6.128, 1.0765, 2.1705)
(-7.0332, 1.259, 1.7621)
(-6.7798, 1.2651, 1.9979)
(-0.4878, 2.013, -4.717)
(-0.8504, 1.9591, -4.3924)
(-1.462, 1.9081, -4.3044)
(-1.9846, 1.6007, -4.2497)
(-2.1426, 1.1017, -4.0794)
(-2.5109, 0.7264, -4.3507)
(-0.316, 2.2735, -4.6502)
(-0.8356, 2.0634, -4.501)
(-1.3129, 1.7438, -4.2276)
(-2.9161, 0.2993, -4.6086)
(-1.8342, 1.4984, -3.968)
(-3.0222, -0.0693, -4.7716)
(-2.2288, 1.0698, -3.8309)
(-2.4639, 0.5526, -4.0507)
(-2.7366, 0.0907, -4.369)
(-2.8378, -0.3354, -4.6546)
(-0.2204, 2.4868, -4.212)
(-0.8236, 2.2963, -4.1118)
(-1.2255, 1.8805, -3.8512)
(-1.6443, 1.4142, -3.6521)
(-2.073, 0.8972, -3.5933)
(-2.4527, 0.3743, -3.6559)
(-2.8027, -0.0327, -3.8963)
(-2.8915, -0.4537, -4.0541)
(-0.1754, 2.5425, -3.6298)
(-0.8352, 2.3758, -3.5751)
(-1.3997, 2.063, -3.4985)
(-1.8268, 1.5625, -3.4211)
(-2.2213, 1.0501, -3.3223)
(-2.5298, 0.5066, -3.3277)
(-2.7274, -0.06, -3.4633)
(-2.823, -0.5661, -3.4608)
(-0.169, 2.5443, -3.0839)
(-0.7816, 2.2848, -3.0575)
(-1.2843, 1.9041, -3.089)
(-1.6232, 1.3665, -3.1249)
(-1.9769, 0.9845, -2.9873)
(-2.1532, 0.5395, -3.2049)
(-2.2992, -0.0171, -3.3652)
(-2.2702, -0.3718, -3.69)
(-0.2741, 2.7603, -2.6612)
(-0.746, 2.4553, -2.6078)
(-0.9504, 1.8776, -2.6871)
(-1.2336, 1.2861, -2.7131)
(-1.5972, 0.876, -2.615)
(-1.9074, 0.4799, -2.7922)
(-2.1002, -0.0574, -2.952)
(-2.113, -0.5376, -3.1907)
(-0.1623, 2.8732, -2.1343)
(-0.5369, 2.4666, -2.0947)
(-0.7104, 1.8474, -2.1777)
(-1.055, 1.2927, -2.2109)
(-1.5034, 0.8893, -2.1606)
(-1.8685, 0.4818, -2.2945)
(-2.1087, -0.0026, -2.4007)
(-2.2841, -0.3742, -2.5885)
(-0.0097, 2.9179, -1.5634)
(-0.3596, 2.4649, -1.5657)
(-0.7387, 1.928, -1.6306)
(-1.2342, 1.4998, -1.7364)
(-1.7556, 1.1437, -1.8207)
(-2.159, 0.6849, -1.9246)
(-2.4218, 0.1771, -1.9762)
(-2.5417, -0.247, -2.035)
(0.049, 2.9395, -0.9755)
(-0.4418, 2.5744, -1.0167)
(-0.9162, 2.0931, -1.0934)
(-1.4038, 1.6442, -1.1936)
(-1.8405, 1.1995, -1.2879)
(-2.1788, 0.6891, -1.3719)
(-2.5018, 0.1997, -1.4163)
(-2.7558, -0.1834, -1.4489)
(0.0583, 2.9018, -0.3731)
(-0.517, 2.6169, -0.4238)
(-1.0025, 2.1456, -0.509)
(-1.4183, 1.6286, -0.611)
(-1.7498, 1.0899, -0.7131)
(-2.1098, 0.5869, -0.7813)
(-2.5297, 0.1684, -0.8223)
(-2.9174, -0.0877, -0.8634)
(0.0515, 2.8471, 0.2348)
(-0.5224, 2.5813, 0.1832)
(-0.9598, 2.0763, 0.0822)
(-1.3026, 1.5064, -0.043)
(-1.6751, 0.9794, -0.1404)
(-2.1373, 0.5446, -0.1959)
(-2.644, 0.2152, -0.2488)
(-3.08, 0.0097, -0.2859)
(0.0524, 2.7668, 0.8436)
(-0.4801, 2.4935, 0.7851)
(-0.8554, 1.955, 0.6584)
(-1.2542, 1.4454, 0.5269)
(-1.7505, 1.0163, 0.4337)
(-2.2701, 0.6327, 0.3681)
(-2.8236, 0.4111, 0.2677)
(-3.2324, 0.1454, 0.2898)
(0.0855, 2.6414, 1.4502)
(-0.43, 2.3709, 1.3822)
(-0.8328, 1.8811, 1.236)
(-1.3736, 1.5658, 1.077)
(-1.9262, 1.1898, 0.9811)
(-2.4518, 0.8351, 0.8934)
(-3.0094, 0.7573, 0.7102)
(-3.5852, 0.4212, 0.8065)
(0.1353, 2.4863, 2.0516)
(-0.4245, 2.2586, 1.9785)
(-0.9326, 1.8861, 1.8212)
(-1.5334, 1.7019, 1.6456)
(-2.1058, 1.3729, 1.5313)
(-4.2109, 0.6819, 0.5794)
(-2.6483, 1.0972, 1.3999)
(-3.154, 1.1674, 1.1473)
(-4.4753, 0.8988, 1.2137)
(-3.7165, 1.0149, 1.1095)
(-5.2555, 0.9308, 1.0943)
(0.1786, 2.2718, 2.6327)
(-4.2944, 1.036, 0.9535)
(-0.4439, 2.1166, 2.5695)
(-1.0428, 1.8912, 2.418)
(-1.6725, 1.7958, 2.2329)
(-5.4872, 0.9208, 0.8933)
(-2.2755, 1.5631, 2.0755)
(-4.8611, 1.0947, 1.0655)
(-2.8407, 1.4023, 1.8823)
(-3.314, 1.5522, 1.5875)
(-5.3531, 1.0598, 0.9854)
(-3.8718, 1.5053, 1.4603)
(-5.7171, 1.0696, 0.6812)
(-4.4524, 1.4592, 1.2481)
(0.2044, 1.9955, 3.1406)
(-0.4657, 1.9181, 3.1231)
(-1.1192, 1.8209, 3.0331)
(-1.7885, 1.7919, 2.8367)
(-5.0508, 1.4833, 1.0933)
(-2.4303, 1.7116, 2.6225)
(-3.0289, 1.678, 2.353)
(-5.5837, 1.4779, 0.859)
(-3.5901, 1.7541, 2.056)
(0.2112, 1.7762, 3.4852)
(-0.4953, 1.7121, 3.5508)
(-5.9483, 1.5288, 0.5043)
(-4.1625, 1.8843, 1.8216)
(-4.7771, 1.8556, 1.531)
(-1.9628, 1.6279, 3.3959)
(-1.1762, 1.5682, 3.7036)
(-5.34, 1.8842, 1.273)
(-2.6375, 1.6748, 3.1657)
(-3.2663, 1.7137, 2.8781)
(-5.8883, 1.9685, 0.9729)
(-3.8722, 1.7881, 2.5801)
(-6.1864, 2.0764, 0.5958)
(-4.4752, 1.9469, 2.3175)
(-5.1208, 2.0, 1.9643)
(-1.6899, 1.2596, 3.9567)
(-2.2313, 1.3034, 3.8017)
(-5.7226, 2.1141, 1.6033)
(-2.8787, 1.3787, 3.605)
(-3.5198, 1.457, 3.3311)
(-6.2215, 2.3048, 1.2823)
(-4.1388, 1.5348, 3.026)
(-6.5629, 2.3559, 0.971)
(-4.758, 1.63, 2.7404)
(-5.3761, 1.7596, 2.3747)
(-1.9967, 0.8482, 4.1538)
(-2.463, 0.8574, 4.0299)
(-5.9881, 1.955, 2.0145)
(-3.0877, 0.9199, 3.8493)
(-3.7221, 0.9995, 3.5727)
(-6.5205, 2.1703, 1.6989)
(-4.3277, 1.0617, 3.2453)
(-2.2312, 0.5765, 4.1633)
(-6.8927, 2.2495, 1.4394)
(-4.9328, 1.1243, 2.9586)
(-2.5326, 0.4245, 4.076)
(-3.2091, 0.4951, 3.9156)
(-5.4617, 1.2235, 2.5394)
(-3.8501, 0.5886, 3.6454)
(-6.0406, 1.4479, 2.2207)
(-4.4576, 0.6627, 3.3007)
(-5.0581, 0.7361, 2.9586)
(-6.6292, 1.6959, 1.989)
(-5.4821, 0.8279, 2.3948)
(-7.0334, 1.8595, 1.7982)
(-6.0729, 1.0437, 2.1417)
(-7.0045, 1.543, 1.9624)
(-6.7845, 1.3018, 2.0057)
(2.789, -0.2098, -0.5688)
(2.7152, 0.407, -4.0854)
(2.463, 0.3402, 4.1291)
(2.2162, -0.0162, -2.3259)
(3.1403, 0.2906, 3.9789)
(3.7836, 0.204, 3.7157)
(2.973, -0.2639, 0.0037)
(4.3875, 0.0679, 3.3905)
(4.9693, -0.1269, 3.0531)
(5.513, -0.4001, 2.6808)
(6.1342, -0.6018, 2.3474)
(3.0246, 0.1827, -3.6117)
(6.7611, -0.7634, 2.1142)
(2.4975, -0.0901, -1.7667)
(2.6381, -0.1542, -1.1598)
(4.3351, -0.3269, 1.189)
(3.1666, -0.3016, 0.5719)
(3.6835, -0.2275, 0.9935)
(4.9668, -0.0581, 1.0846)
(5.4728, -0.4638, 1.2718)
(2.8118, 0.5937, -4.6611)
(2.4421, 0.2768, -3.5973)
(2.3233, 0.1481, -3.0412)
(6.5063, -1.0507, 1.7634)
(6.4954, -0.8676, 2.0201)
(6.7792, -0.879, 1.9838)
(6.7602, -1.0865, 1.7609)
(5.6158, -0.5656, 1.274)
(5.3753, -0.4896, 1.3133)
(5.5155, -0.4979, 1.259)
(5.6738, -0.5565, 1.2555)
(5.3908, -0.475, 1.2234)
(5.6188, -0.4346, 0.9349)
(5.7226, -0.3751, 0.9912)
(5.4947, -0.653, 0.9878)
(5.6534, -0.7385, 0.7828)
(5.782, -0.5449, 0.6592)
(5.6384, -0.7748, 1.0552)
(5.9323, -0.779, 1.0379)
(5.9345, -0.7751, 0.7182)
(5.8432, -0.8333, 1.3755)
(6.1456, -1.0423, 1.4096)
(6.1972, -0.9841, 1.0803)
(6.1323, -0.9867, 1.7508)
(6.463, -1.1928, 1.4589)
(1.8791, -0.4876, 3.6393)
(1.7862, -0.3106, 3.8894)
(2.1217, -0.0895, 3.95)
(2.2641, -0.2671, 3.7272)
(2.4713, -0.508, 3.477)
(2.6562, -0.0626, 3.7985)
(2.8963, -0.3075, 3.5598)
(3.1425, -0.599, 3.3163)
(3.3106, -0.1274, 3.6096)
(3.5567, -0.4182, 3.3859)
(3.7999, -0.7338, 3.1515)
(3.9584, -0.2598, 3.4141)
(4.2066, -0.5774, 3.2198)
(4.4371, -0.8737, 2.9625)
(4.5901, -0.4252, 3.2176)
(4.773, -0.6971, 2.9744)
(4.8383, -0.8393, 2.587)
(5.0619, -0.5669, 2.8546)
(5.0887, -0.7029, 2.4996)
(5.1733, -0.7739, 2.129)
(5.4978, -0.6962, 2.4189)
(5.5925, -0.8135, 2.1077)
(5.7065, -0.8751, 1.7452)
(6.0722, -0.8531, 2.0702)
(1.5968, -0.8953, 3.2806)
(1.4147, -0.6763, 3.5527)
(2.0473, -0.7106, 3.3856)
(2.3062, -0.9895, 3.1423)
(2.725, -0.7906, 3.2312)
(2.9878, -1.0789, 2.9751)
(3.3909, -0.8909, 3.0562)
(3.6385, -1.1586, 2.7641)
(4.0405, -1.0111, 2.8655)
(4.273, -1.2364, 2.5278)
(4.623, -1.0702, 2.609)
(4.8168, -1.174, 2.2101)
(4.9755, -0.9031, 2.1825)
(5.1862, -0.9235, 1.8063)
(5.3515, -0.7862, 1.7543)
(5.5464, -0.7479, 1.3886)
(0.1477, -1.2446, 2.787)
(-0.1914, -1.1501, 2.9761)
(0.1574, -1.0458, 3.1656)
(0.4942, -1.1122, 3.0168)
(0.823, -1.2339, 2.813)
(0.8398, -0.9293, 3.2931)
(1.1723, -1.073, 3.083)
(1.5016, -1.3331, 2.8311)
(1.8921, -1.1794, 3.0217)
(2.1926, -1.4743, 2.7814)
(2.5895, -1.2862, 2.9022)
(2.8585, -1.5315, 2.6225)
(3.2469, -1.3489, 2.698)
(3.4876, -1.531, 2.368)
(3.8793, -1.3887, 2.4405)
(4.0938, -1.4845, 2.0717)
(4.4878, -1.3806, 2.149)
(4.6804, -1.3863, 1.7523)
(5.0218, -1.2167, 1.8218)
(5.2089, -1.1533, 1.5314)
(5.3881, -0.9191, 1.4878)
(5.4771, -0.8741, 1.2107)
(0.1387, -1.5323, 2.2768)
(-0.2003, -1.3955, 2.546)
(0.4836, -1.374, 2.5438)
(0.821, -1.5508, 2.2813)
(1.1525, -1.4435, 2.5681)
(1.4709, -1.716, 2.3351)
(1.8102, -1.6269, 2.594)
(2.1027, -1.8191, 2.3152)
(2.4717, -1.6855, 2.4932)
(2.712, -1.698, 2.1414)
(3.0944, -1.6275, 2.265)
(3.2933, -1.5018, 1.9098)
(3.692, -1.5154, 1.9882)
(3.8631, -1.2968, 1.6426)
(4.274, -1.372, 1.6888)
(4.4251, -1.1509, 1.3348)
(4.8404, -1.2332, 1.424)
(4.9342, -0.9267, 1.2887)
(5.2925, -0.9252, 1.3604)
(5.3048, -0.6109, 1.2353)
(0.1373, -1.8528, 1.7476)
(-0.2076, -1.711, 2.0166)
(0.4803, -1.6862, 2.0076)
(0.8244, -1.8663, 1.7519)
(1.1545, -1.772, 2.0363)
(1.4864, -1.9919, 1.7932)
(1.7812, -1.9279, 2.081)
(2.0894, -1.9393, 1.7638)
(2.3679, -1.7788, 1.9784)
(2.6061, -1.5651, 1.6719)
(2.9107, -1.4725, 1.8331)
(3.1172, -1.1651, 1.5919)
(3.472, -1.2026, 1.6429)
(3.6278, -0.8936, 1.3564)
(4.0048, -1.0172, 1.3231)
(4.161, -0.7334, 1.0845)
(4.5503, -0.8592, 1.1268)
(4.676, -0.5223, 1.1516)
(4.9902, -0.5897, 1.2996)
(5.1308, -0.4564, 1.3311)
(0.1469, -2.1793, 1.2275)
(-0.2055, -2.0355, 1.4915)
(0.4869, -2.0105, 1.4865)
(0.842, -2.1659, 1.2237)
(1.1724, -2.0498, 1.4976)
(1.5304, -2.1935, 1.2257)
(1.8291, -2.1005, 1.5108)
(2.1792, -2.0833, 1.1984)
(2.4019, -1.8304, 1.4452)
(2.6686, -1.6589, 1.1421)
(2.8517, -1.3418, 1.3934)
(3.0476, -1.1043, 1.0901)
(3.3159, -0.8992, 1.3009)
(3.4365, -0.5844, 1.0093)
(3.7862, -0.5741, 1.1018)
(4.008, -0.2885, 1.0852)
(4.3705, -0.4587, 1.0797)
(4.6508, -0.2091, 1.1275)
(4.8989, -0.2985, 1.2019)
(5.226, -0.2713, 1.1605)
(0.162, -2.4503, 0.6839)
(-0.1955, -2.3423, 0.9601)
(0.5042, -2.3132, 0.9589)
(0.8616, -2.4078, 0.6745)
(1.2034, -2.2953, 0.9471)
(1.5619, -2.3636, 0.6491)
(1.8893, -2.2504, 0.9267)
(2.1929, -2.155, 0.6052)
(2.4623, -1.9427, 0.8782)
(2.603, -1.6605, 0.5642)
(2.815, -1.3823, 0.834)
(2.8644, -1.0502, 0.5452)
(3.1242, -0.8027, 0.8005)
(3.1029, -0.5218, 0.5458)
(3.4222, -0.2743, 0.7841)
(0.1779, -2.6197, 0.1012)
(-0.1789, -2.5694, 0.3954)
(0.5161, -2.51, 0.3915)
(0.8641, -2.5232, 0.0856)
(1.2098, -2.4353, 0.369)
(1.5402, -2.3947, 0.0489)
(1.8782, -2.3024, 0.329)
(2.1199, -2.1054, 0.0072)
(2.3795, -1.9051, 0.288)
(2.4565, -1.5835, -0.0063)
(2.6411, -1.3163, 0.2755)
(2.6615, -0.98, -0.0031)
(2.8716, -0.7361, 0.2738)
(2.8732, -0.4763, 0.0004)
(3.0677, -0.2926, 0.2891)
(0.2094, -2.7737, -0.4871)
(-0.1517, -2.7347, -0.193)
(0.5336, -2.6467, -0.1981)
(0.8842, -2.6394, -0.5039)
(1.2064, -2.5025, -0.2275)
(1.5208, -2.4065, -0.5492)
(1.8306, -2.2666, -0.275)
(2.0612, -2.0473, -0.5923)
(2.2841, -1.8362, -0.3007)
(2.3838, -1.5361, -0.595)
(2.4988, -1.2547, -0.2913)
(2.5379, -0.9344, -0.5779)
(2.6837, -0.6803, -0.2849)
(2.6981, -0.4246, -0.5704)
(2.8778, -0.2463, -0.2801)
(0.2483, -2.8925, -1.0826)
(-0.1138, -2.8751, -0.7872)
(0.5656, -2.7751, -0.7877)
(0.9024, -2.7059, -1.098)
(1.2085, -2.5524, -0.8202)
(1.4798, -2.3613, -1.1417)
(1.7789, -2.2072, -0.8714)
(1.9991, -1.9674, -1.1885)
(2.2362, -1.7849, -0.8991)
(2.3586, -1.4948, -1.1962)
(2.4506, -1.2204, -0.8839)
(2.4781, -0.8978, -1.1738)
(2.558, -0.6367, -0.8672)
(2.5645, -0.3756, -1.1627)
(2.7102, -0.1915, -0.8627)
(0.2927, -2.9692, -1.6844)
(-0.0702, -2.9754, -1.3889)
(0.5991, -2.8532, -1.3852)
(0.9213, -2.7312, -1.6949)
(1.1956, -2.5413, -1.4146)
(1.4322, -2.299, -1.7337)
(1.7061, -2.1137, -1.4628)
(1.9273, -1.8823, -1.788)
(2.1892, -1.7205, -1.5019)
(2.3272, -1.4365, -1.8052)
(2.424, -1.1756, -1.4878)
(2.4128, -0.8432, -1.7801)
(2.4582, -0.589, -1.4681)
(2.4209, -0.3147, -1.7661)
(2.5609, -0.1303, -1.4643)
(0.3436, -3.0154, -2.2883)
(-0.0201, -3.0432, -1.9941)
(0.6408, -2.8983, -1.9858)
(0.9547, -2.7451, -2.2915)
(1.197, -2.5305, -2.0085)
(1.385, -2.2504, -2.3233)
(1.6332, -2.0371, -2.0578)
(1.8159, -1.7853, -2.3658)
(2.1315, -1.6495, -2.1072)
(2.2461, -1.3346, -2.369)
(2.3899, -1.111, -2.0946)
(2.3291, -0.7516, -2.3654)
(2.3335, -0.5239, -2.0712)
(2.2583, -0.2324, -2.3654)
(2.3436, -0.0588, -2.0572)
(0.3989, -3.0385, -2.8918)
(0.0373, -3.0928, -2.5995)
(0.6851, -2.9125, -2.5869)
(0.9749, -2.7112, -2.8869)
(1.1839, -2.4909, -2.5973)
(1.3055, -2.1522, -2.8924)
(1.4875, -1.9206, -2.6164)
(1.6131, -1.6013, -2.8502)
(1.9312, -1.4756, -2.5913)
(2.0111, -1.102, -2.7776)
(2.2361, -0.9397, -2.5761)
(2.2351, -0.5666, -2.8864)
(2.2649, -0.4014, -2.6709)
(2.3053, -0.0968, -2.9998)
(2.2625, 0.0477, -2.6617)
(0.4614, -3.042, -3.4928)
(0.1047, -3.1322, -3.2027)
(0.7295, -2.8937, -3.1873)
(1.0121, -2.6633, -3.483)
(1.1958, -2.4285, -3.1831)
(1.3682, -2.0927, -3.466)
(1.4504, -1.8145, -3.1578)
(1.6668, -1.5064, -3.4174)
(1.8137, -1.2918, -3.078)
(2.0316, -0.9708, -3.3635)
(2.1486, -0.7548, -3.0787)
(2.3371, -0.4534, -3.462)
(2.3273, -0.2568, -3.2829)
(2.48, 0.0085, -3.5506)
(2.3781, 0.1917, -3.2925)
(0.534, -3.0234, -4.0889)
(0.1896, -3.1323, -3.7967)
(0.7814, -2.8636, -3.7853)
(1.0527, -2.613, -4.0744)
(1.2281, -2.3581, -3.7726)
(1.4266, -2.0278, -4.0489)
(1.5376, -1.7429, -3.7436)
(1.7534, -1.448, -4.0151)
(1.8744, -1.1958, -3.6995)
(2.1238, -0.8925, -3.9525)
(2.259, -0.6532, -3.6611)
(2.557, -0.404, -3.8755)
(2.6075, -0.215, -3.6971)
(2.8444, 0.003, -3.7623)
(2.7289, 0.2201, -3.6111)
(0.5805, -2.9238, -4.6718)
(0.2765, -3.025, -4.3588)
(0.8509, -2.8335, -4.3788)
(1.1481, -2.6033, -4.6578)
(1.3194, -2.3452, -4.348)
(1.5913, -2.077, -4.5989)
(1.6894, -1.7587, -4.2986)
(1.9799, -1.5089, -4.5241)
(2.0553, -1.2031, -4.2414)
(2.3536, -0.933, -4.4418)
(2.4335, -0.6345, -4.1475)
(2.6021, -0.339, -4.3207)
(2.7293, -0.1475, -4.0148)
(2.7205, 0.1747, -4.1737)
(2.8696, 0.2855, -3.8524)
(0.5682, -2.7438, -5.2076)
(0.3086, -2.8026, -4.892)
(0.8839, -2.746, -4.9623)
(1.1446, -2.5013, -5.213)
(1.4004, -2.3192, -4.9181)
(1.6, -1.9896, -5.1437)
(1.819, -1.7685, -4.8388)
(1.9967, -1.4238, -5.0562)
(2.201, -1.1934, -4.7501)
(2.3352, -0.8259, -4.9566)
(2.5024, -0.5848, -4.6467)
(2.5889, -0.2016, -4.8312)
(2.6558, 0.0194, -4.5073)
(2.7509, 0.3381, -4.6989)
(2.7612, 0.4913, -4.3771)
(0.5328, -2.5799, -5.6212)
(0.2857, -2.5731, -5.3472)
(0.8532, -2.6131, -5.4488)
(1.093, -2.3856, -5.6338)
(1.3535, -2.1954, -5.4035)
(1.5281, -1.8618, -5.5564)
(1.7691, -1.6456, -5.3203)
(1.9254, -1.2981, -5.4688)
(2.1457, -1.068, -5.2285)
(2.302, -0.7185, -5.3745)
(2.4648, -0.4601, -5.1178)
(2.627, -0.1177, -5.2509)
(2.7148, 0.1325, -4.9825)
(2.8287, 0.3912, -5.1081)
(2.8476, 0.5898, -4.8514)
(2.033, 0.0115, 4.0769)
(2.2994, 0.2277, 4.1119)
(2.4373, 0.1211, 3.9992)
(2.7904, 0.3007, 4.0452)
(3.0571, 0.1033, 3.8367)
(3.4534, 0.2372, 3.839)
(3.7067, 0.013, 3.6115)
(4.0803, 0.1327, 3.5453)
(4.3341, -0.1325, 3.365)
(4.6737, -0.0284, 3.2119)
(4.9175, -0.3142, 3.0798)
(5.2323, -0.2523, 2.8564)
(5.3912, -0.5146, 2.6708)
(5.7694, -0.4817, 2.5227)
(5.9316, -0.687, 2.3254)
(6.3769, -0.6753, 2.2378)
(6.8182, -0.5299, 2.1626)
(7.0944, -0.3541, 2.0513)
(7.2142, -0.5467, 2.0353)
(6.9659, -0.7166, 2.1126)
(5.4914, -0.3381, 1.1605)
(5.4487, -0.3638, 1.1451)
(5.5279, -0.2031, 0.8618)
(5.6795, -0.2124, 0.9396)
(5.7946, -0.1497, 1.0143)
(5.8261, 0.0654, 0.7279)
(6.0685, 0.0845, 0.8675)
(6.1846, 0.1747, 1.0672)
(6.3333, 0.3316, 0.7797)
(6.531, 0.3331, 1.0558)
(6.5812, 0.4273, 1.3694)
(6.868, 0.3772, 1.0464)
(6.9451, 0.396, 1.4184)
(6.8752, 0.3763, 1.7693)
(7.2371, 0.2463, 1.498)
(7.1482, 0.1394, 1.8336)
(6.9146, -0.0419, 2.0858)
(7.336, -0.1457, 1.8586)
(2.0759, 1.1037, 4.1222)
(2.2615, 1.3246, 3.9532)
(2.588, 1.0649, 4.0436)
(2.3367, 0.8429, 4.1731)
(2.8833, 1.2945, 3.8316)
(3.2405, 1.0047, 3.882)
(2.894, 0.7785, 4.055)
(3.5635, 1.2119, 3.6132)
(3.8981, 0.8942, 3.6266)
(3.5572, 0.6966, 3.8499)
(4.2025, 1.0588, 3.3211)
(4.5209, 0.7282, 3.3096)
(4.1891, 0.5609, 3.5532)
(4.8272, 0.8747, 3.0153)
(5.1394, 0.5435, 2.9846)
(4.7918, 0.3833, 3.2139)
(5.4575, 0.6908, 2.6795)
(5.7509, 0.3375, 2.6345)
(5.396, 0.16, 2.8615)
(6.04, 0.4894, 2.3523)
(6.3214, 0.1558, 2.3411)
(5.9893, -0.0315, 2.5309)
(6.6393, 0.2881, 2.0873)
(6.587, -0.2119, 2.2615)
(1.8213, 1.5161, 3.8346)
(2.0321, 1.6817, 3.5554)
(2.4853, 1.5206, 3.7111)
(2.7655, 1.6687, 3.3835)
(3.1845, 1.4755, 3.527)
(3.4495, 1.5667, 3.1514)
(3.8419, 1.3416, 3.2611)
(4.0662, 1.3643, 2.8517)
(4.4578, 1.1394, 2.9499)
(4.6605, 1.1313, 2.5288)
(5.0775, 0.9377, 2.6339)
(5.2648, 0.908, 2.1847)
(5.6929, 0.7419, 2.2804)
(5.8578, 0.6811, 1.8856)
(6.2747, 0.5283, 2.0105)
(6.4777, 0.5088, 1.6719)
(0.2093, 1.8788, 3.3275)
(0.5431, 1.9903, 3.1295)
(0.9012, 1.8666, 3.3348)
(0.5633, 1.7768, 3.4952)
(1.2192, 1.9517, 3.089)
(1.5936, 1.8267, 3.3427)
(1.2604, 1.7216, 3.596)
(1.9151, 1.9222, 2.9882)
(2.3321, 1.8058, 3.1998)
(2.6091, 1.8414, 2.8208)
(3.0328, 1.7275, 3.0035)
(3.2411, 1.6526, 2.6031)
(3.6596, 1.5376, 2.7359)
(3.8206, 1.3943, 2.3246)
(4.2429, 1.294, 2.4218)
(4.3844, 1.1494, 2.0035)
(4.8193, 1.0511, 2.0914)
(4.9307, 0.8617, 1.7059)
(5.3948, 0.7802, 1.7853)
(5.4973, 0.5679, 1.4846)
(5.9938, 0.5533, 1.5663)
(6.1233, 0.3719, 1.3111)
(0.1941, 2.1333, 2.9042)
(0.4917, 2.2247, 2.6049)
(0.8507, 2.062, 2.8451)
(1.1363, 2.082, 2.5002)
(1.5211, 2.0081, 2.7504)
(1.806, 2.023, 2.3795)
(2.2008, 1.9476, 2.6102)
(2.4292, 1.8413, 2.2478)
(2.825, 1.7388, 2.4456)
(2.9766, 1.4876, 2.1027)
(3.3935, 1.4409, 2.227)
(3.5107, 1.1341, 1.9002)
(3.9484, 1.1572, 1.9492)
(4.0554, 0.8678, 1.6012)
(4.491, 0.9082, 1.6292)
(4.5721, 0.5579, 1.3487)
(5.0171, 0.5628, 1.423)
(5.1342, 0.2506, 1.2422)
(5.63, 0.3152, 1.2627)
(5.7643, 0.0431, 1.1049)
(0.1587, 2.3894, 2.3462)
(0.4161, 2.401, 2.0202)
(0.7584, 2.2041, 2.2585)
(1.0142, 2.1435, 1.906)
(1.4094, 2.0695, 2.1426)
(1.6639, 1.9984, 1.7868)
(2.0521, 1.9424, 2.0193)
(2.2338, 1.7045, 1.6947)
(2.5909, 1.5771, 1.9238)
(2.695, 1.2155, 1.6534)
(3.0823, 1.1404, 1.8159)
(3.1792, 0.771, 1.5496)
(3.6151, 0.7949, 1.6024)
(3.7217, 0.4413, 1.3233)
(4.1521, 0.5205, 1.3129)
(4.2609, 0.135, 1.1272)
(4.6719, 0.1846, 1.1735)
(4.8147, -0.0805, 1.1558)
(5.2698, -0.0285, 1.1859)
(5.4087, -0.2286, 1.1775)
(0.11, 2.5684, 1.7522)
(0.35, 2.5407, 1.4222)
(0.6538, 2.3008, 1.6672)
(0.8916, 2.1663, 1.3223)
(1.2617, 2.0413, 1.5596)
(1.4865, 1.8824, 1.2217)
(1.8749, 1.8168, 1.4517)
(2.0151, 1.5111, 1.1628)
(2.3493, 1.3559, 1.4183)
(2.4403, 0.9812, 1.1615)
(2.7822, 0.8352, 1.3981)
(2.8881, 0.4804, 1.1247)
(3.2865, 0.4093, 1.2772)
(3.3938, 0.0475, 1.0229)
(3.8432, 0.0597, 1.1158)
(4.0106, -0.266, 1.0973)
(4.4224, -0.1428, 1.1147)
(4.6511, -0.176, 1.1462)
(5.0136, -0.1689, 1.1793)
(5.2136, -0.2506, 1.196)
(0.0652, 2.7086, 1.1473)
(0.3312, 2.68, 0.8234)
(0.5936, 2.4131, 1.0766)
(0.8353, 2.2534, 0.7395)
(1.1146, 2.0003, 0.9878)
(1.3281, 1.8026, 0.6711)
(1.6632, 1.6409, 0.9176)
(1.8219, 1.3513, 0.6336)
(2.1237, 1.1571, 0.8969)
(2.2729, 0.859, 0.6149)
(2.5556, 0.6422, 0.8868)
(2.7021, 0.3609, 0.5959)
(2.997, 0.162, 0.8443)
(3.0614, -0.084, 0.567)
(3.4279, -0.2547, 0.7814)
(0.049, 2.8121, 0.5393)
(0.356, 2.7935, 0.2241)
(0.6132, 2.5609, 0.4895)
(0.8867, 2.4054, 0.1577)
(1.0799, 2.0751, 0.4121)
(1.3427, 1.896, 0.0923)
(1.558, 1.5945, 0.3639)
(1.8083, 1.4071, 0.0547)
(2.0265, 1.1168, 0.336)
(2.2599, 0.9338, 0.0349)
(2.4701, 0.6353, 0.319)
(2.6626, 0.4369, 0.0208)
(2.8446, 0.1441, 0.302)
(2.9118, -0.0383, 0.0073)
(3.0719, -0.273, 0.2865)
(0.0556, 2.8758, -0.0695)
(0.3709, 2.8729, -0.3809)
(0.662, 2.6916, -0.1035)
(0.9365, 2.5307, -0.435)
(1.1518, 2.2255, -0.1701)
(1.4107, 2.0335, -0.4918)
(1.6105, 1.7186, -0.221)
(1.861, 1.5376, -0.5292)
(2.0598, 1.2363, -0.2482)
(2.279, 1.0526, -0.5503)
(2.4708, 0.7482, -0.2641)
(2.6196, 0.5286, -0.5637)
(2.7744, 0.2302, -0.2761)
(2.7795, 0.0245, -0.571)
(2.8842, -0.2274, -0.285)
(0.057, 2.9261, -0.6755)
(0.3406, 2.9207, -0.9878)
(0.6632, 2.7677, -0.7095)
(0.9055, 2.5745, -1.0406)
(1.1781, 2.3234, -0.765)
(1.3823, 2.0805, -1.0893)
(1.6394, 1.8211, -0.811)
(1.8332, 1.5932, -1.1251)
(2.0724, 1.3372, -0.8378)
(2.2505, 1.1209, -1.1475)
(2.4477, 0.8358, -0.8549)
(2.5448, 0.5897, -1.1511)
(2.6838, 0.2944, -0.8616)
(2.6448, 0.0784, -1.1538)
(2.7169, -0.1725, -0.8659)
(0.0302, 2.9344, -1.2716)
(0.2489, 2.9039, -1.5856)
(0.5925, 2.7753, -1.3156)
(0.7851, 2.5267, -1.6332)
(1.094, 2.3155, -1.3622)
(1.2403, 2.0155, -1.672)
(1.5483, 1.8125, -1.4031)
(1.6872, 1.5434, -1.6843)
(2.0048, 1.3642, -1.4293)
(2.1119, 1.1108, -1.6626)
(2.3714, 0.8855, -1.4375)
(2.3353, 0.6087, -1.6538)
(2.5136, 0.3386, -1.4217)
(2.4237, 0.1223, -1.7061)
(2.5747, -0.114, -1.4621)
(-0.0775, 2.8982, -1.8506)
(0.0994, 2.8211, -2.1629)
(0.4539, 2.7019, -1.9018)
(0.6036, 2.3929, -2.1955)
(0.9244, 2.2109, -1.9337)
(1.0551, 1.877, -2.2311)
(1.3625, 1.7054, -1.9533)
(1.4302, 1.3776, -2.1346)
(1.7436, 1.2416, -1.8474)
(1.755, 0.9351, -1.9051)
(2.0778, 0.8123, -1.7698)
(2.0175, 0.5536, -1.9828)
(2.2154, 0.3511, -1.8924)
(2.1907, 0.1859, -2.2539)
(2.3701, -0.0474, -2.0354)
(-0.2426, 2.8348, -2.4116)
(-0.0061, 2.6967, -2.6832)
(0.2786, 2.5588, -2.4517)
(0.5001, 2.298, -2.705)
(0.7483, 2.0573, -2.4813)
(0.9725, 1.7846, -2.7334)
(1.1861, 1.5456, -2.4802)
(1.3661, 1.2958, -2.6169)
(1.5136, 1.0837, -2.236)
(1.7106, 0.8648, -2.3624)
(1.8475, 0.7031, -2.0825)
(2.022, 0.5878, -2.5387)
(2.0889, 0.4203, -2.4422)
(2.2389, 0.3445, -2.9481)
(2.2769, 0.0842, -2.7054)
(-0.2292, 2.6418, -2.8713)
(0.138, 2.6217, -3.1067)
(0.329, 2.5605, -2.9049)
(0.7141, 2.4862, -3.1194)
(0.8397, 2.1456, -2.9108)
(1.2289, 2.0367, -3.0821)
(1.2923, 1.6269, -2.8805)
(1.6292, 1.4975, -2.9984)
(1.6371, 1.1225, -2.7145)
(1.9292, 0.9435, -2.9049)
(1.9626, 0.7088, -2.6598)
(2.229, 0.6549, -3.1238)
(2.2238, 0.55, -3.096)
(2.4501, 0.4462, -3.4503)
(2.3873, 0.2332, -3.3461)
(-0.1567, 2.5258, -3.3411)
(0.1626, 2.5877, -3.6558)
(0.487, 2.6188, -3.3819)
(0.8157, 2.497, -3.6556)
(1.0777, 2.3529, -3.3472)
(1.3752, 2.1545, -3.5483)
(1.5763, 1.8933, -3.2633)
(1.8285, 1.6854, -3.4457)
(1.9279, 1.3276, -3.1853)
(2.1542, 1.1562, -3.4091)
(2.2031, 0.8113, -3.2046)
(2.5348, 0.7572, -3.4353)
(2.5655, 0.588, -3.4184)
(2.8496, 0.4352, -3.5725)
(2.7379, 0.2394, -3.5979)
(-0.1959, 2.5354, -3.9252)
(0.1099, 2.4779, -4.2205)
(0.4798, 2.5154, -3.9537)
(0.7296, 2.286, -4.1424)
(1.0782, 2.2641, -3.8588)
(1.1968, 1.9594, -3.9229)
(1.5275, 1.8683, -3.6672)
(1.6644, 1.6698, -3.8181)
(1.9921, 1.4786, -3.6341)
(2.1771, 1.4128, -3.7635)
(2.3876, 1.0861, -3.5705)
(2.5921, 1.037, -3.7821)
(2.7775, 0.7031, -3.654)
(2.7782, 0.6093, -3.9935)
(2.8703, 0.3042, -3.8448)
(-0.2584, 2.3938, -4.4699)
(-0.0463, 2.2193, -4.597)
(0.3387, 2.2499, -4.379)
(0.4726, 1.9862, -4.3323)
(0.8576, 1.99, -4.152)
(1.012, 1.8926, -4.1796)
(1.3419, 1.8156, -4.0086)
(1.6023, 1.8862, -4.1276)
(1.9002, 1.6855, -3.9665)
(2.0743, 1.6277, -4.0747)
(2.3327, 1.3434, -3.9212)
(2.4652, 1.1884, -4.2132)
(2.6657, 0.907, -4.1373)
(2.758, 0.8028, -4.4688)
(2.7658, 0.5094, -4.3694)
(-0.3957, 2.1446, -4.7171)
(-0.2943, 1.9907, -4.6293)
(0.0867, 2.0129, -4.4931)
(0.2551, 1.9859, -4.3929)
(0.6469, 1.9466, -4.2982)
(0.9144, 2.129, -4.3782)
(1.2628, 2.0096, -4.2694)
(1.4609, 1.9906, -4.276)
(1.7962, 1.8296, -4.1757)
(1.9734, 1.6264, -4.3101)
(2.2484, 1.4493, -4.2698)
(2.5747, 1.3608, -4.4547)
(2.7075, 1.0978, -4.4524)
(2.9611, 1.0649, -4.6017)
(2.9245, 0.7531, -4.6927)
(2.1545, 0.6933, 4.2513)
(2.5641, 0.5814, 4.1441)
(2.3345, 0.445, 4.1968)
(3.1918, 0.5109, 3.9864)
(2.8128, 0.3301, 4.0628)
(3.8371, 0.4092, 3.7309)
(3.4705, 0.2573, 3.8555)
(4.445, 0.2562, 3.4057)
(4.0908, 0.1392, 3.5609)
(5.0329, 0.054, 3.0576)
(4.683, -0.0306, 3.2318)
(5.6245, -0.1947, 2.7001)
(5.25, -0.2748, 2.8775)
(6.2472, -0.3674, 2.3804)
(5.8778, -0.5203, 2.5055)
(6.5183, -0.6899, 2.2238)
(-2.9165, -0.0984, -0.8654)
(-2.8887, -0.4626, -4.0592)
(-2.5375, 0.4149, 4.071)
(-2.2977, -0.3735, -2.6138)
(-3.2153, 0.4854, 3.9103)
(-3.8561, 0.5822, 3.6339)
(-3.0754, -0.0004, -0.2874)
(-4.4653, 0.6542, 3.2919)
(-5.0683, 0.7267, 2.9513)
(-5.5008, 0.8551, 2.4168)
(-6.1005, 1.0601, 2.1561)
(-2.8166, -0.5738, -3.4662)
(-6.7822, 1.2834, 2.0018)
(-2.5444, -0.257, -2.0412)
(-2.7567, -0.194, -1.451)
(-4.2051, 0.6716, 0.5986)
(-3.228, 0.1322, 0.2862)
(-3.5808, 0.4059, 0.7998)
(-4.5125, 0.8978, 1.1979)
(-5.2407, 0.8956, 1.0929)
(-2.8334, -0.3437, -4.6599)
(-2.305, -0.3459, -3.7703)
(-2.1251, -0.5682, -3.2834)
(-6.9482, 1.0439, 1.5739)
(-6.754, 1.0961, 1.8523)
(-6.9161, 1.2733, 1.8817)
(-7.1095, 1.2045, 1.6312)
(-5.2784, 0.9363, 0.9515)
(-5.2263, 0.9772, 0.9902)
(-5.4791, 1.0439, 0.8017)
(-5.4708, 0.9667, 0.7814)
(-5.4296, 1.0176, 0.6875)
(-5.7516, 1.0864, 0.4633)
(-5.7578, 1.1098, 0.6003)
(-5.7536, 0.8136, 0.363)
(-6.1075, 0.857, 0.2673)
(-6.0854, 1.1442, 0.2908)
(-6.0895, 0.6953, 0.49)
(-6.4511, 0.758, 0.5963)
(-6.463, 0.8651, 0.3076)
(-6.3851, 0.75, 0.9554)
(-6.7563, 0.8563, 1.0897)
(-6.8096, 0.8307, 0.7287)
(-6.6632, 0.8588, 1.4565)
(-7.0628, 1.0243, 1.2357)
(-2.1918, -0.4449, 3.5875)
(-2.0412, -0.2717, 3.8277)
(-2.3336, -0.0417, 3.9275)
(-2.5391, -0.2076, 3.7034)
(-2.7739, -0.3467, 3.3891)
(-2.8762, 0.0495, 3.7725)
(-3.1527, -0.0902, 3.4686)
(-3.3788, -0.1699, 3.0773)
(-3.5071, 0.1721, 3.5037)
(-3.7506, 0.0765, 3.1339)
(-3.9343, 0.0442, 2.7048)
(-4.1095, 0.3073, 3.1599)
(-4.3239, 0.242, 2.7604)
(-4.4854, 0.2381, 2.3132)
(-4.7082, 0.4134, 2.7957)
(-4.9124, 0.3754, 2.3728)
(-5.0808, 0.3987, 1.9251)
(-5.3022, 0.5474, 2.3929)
(-5.5218, 0.5283, 1.9822)
(-5.6847, 0.5566, 1.592)
(-5.8896, 0.7141, 2.028)
(-6.1104, 0.6852, 1.6853)
(-6.2688, 0.7139, 1.325)
(-6.4786, 0.8786, 1.7838)
(-1.9475, -0.7851, 3.1654)
(-1.7504, -0.6496, 3.4784)
(-2.3774, -0.5753, 3.2828)
(-2.6137, -0.6485, 2.907)
(-2.9944, -0.4044, 2.9989)
(-3.2021, -0.4216, 2.5925)
(-3.551, -0.1677, 2.6456)
(-3.738, -0.1633, 2.2389)
(-4.08, 0.0769, 2.2593)
(-4.2643, 0.0964, 1.8596)
(-4.629, 0.2966, 1.8731)
(-4.8206, 0.3439, 1.502)
(-5.2286, 0.4895, 1.5264)
(-5.4055, 0.5674, 1.1833)
(-5.8222, 0.6583, 1.2315)
(-5.9765, 0.6956, 0.8628)
(-0.538, -1.2649, 2.7826)
(-0.5335, -1.0465, 3.1495)
(-0.8746, -1.1221, 2.9903)
(-1.2124, -1.2367, 2.7706)
(-1.2057, -0.9183, 3.2407)
(-1.5446, -1.0119, 2.9911)
(-1.8917, -1.1567, 2.6671)
(-2.244, -0.9005, 2.7966)
(-2.5639, -1.0292, 2.4584)
(-2.8831, -0.7225, 2.5308)
(-3.1946, -0.8497, 2.2247)
(-3.4666, -0.4949, 2.2471)
(-3.7707, -0.6148, 1.9401)
(-4.0085, -0.237, 1.9047)
(-4.2955, -0.3345, 1.5854)
(-4.5373, 0.0356, 1.5377)
(-4.8095, -0.0466, 1.2172)
(-5.0856, 0.2973, 1.1903)
(-5.3083, 0.2552, 0.8662)
(-5.6243, 0.5321, 0.8404)
(-5.7464, 0.5645, 0.5043)
(-0.5489, -1.5739, 2.2865)
(-0.8848, -1.4217, 2.5428)
(-1.2351, -1.6108, 2.2831)
(-1.5629, -1.4084, 2.5037)
(-1.9224, -1.6019, 2.2432)
(-2.2465, -1.3344, 2.3826)
(-2.5743, -1.4778, 2.1313)
(-2.8977, -1.1869, 2.1911)
(-3.1596, -1.2368, 1.9182)
(-3.4911, -0.9677, 1.9312)
(-3.6741, -0.9194, 1.6078)
(-4.0073, -0.6726, 1.589)
(-4.1349, -0.5656, 1.2352)
(-4.4918, -0.3524, 1.2125)
(-4.5845, -0.2033, 0.8602)
(-4.9586, -0.009, 0.8593)
(-4.983, 0.2427, 0.6407)
(-5.3682, 0.4095, 0.5906)
(-5.3731, 0.7366, 0.5405)
(-0.5523, -1.8973, 1.7585)
(-0.8957, -1.7628, 2.0262)
(-1.241, -1.9498, 1.7658)
(-1.5844, -1.8, 2.0227)
(-1.9245, -1.9489, 1.7499)
(-2.2447, -1.7311, 1.9762)
(-2.4684, -1.674, 1.6702)
(-2.7813, -1.424, 1.8451)
(-2.8996, -1.1842, 1.5432)
(-3.2838, -1.0437, 1.6331)
(-3.3468, -0.7061, 1.371)
(-3.7474, -0.6442, 1.3343)
(-3.7754, -0.2666, 1.0854)
(-4.1851, -0.268, 0.9573)
(-4.2216, 0.1268, 0.7663)
(-4.6176, 0.1348, 0.6849)
(-4.6577, 0.5179, 0.7798)
(-5.0069, 0.611, 0.7179)
(-5.1012, 0.9076, 0.9096)
(-0.5497, -2.2129, 1.2289)
(-0.8978, -2.082, 1.4978)
(-1.247, -2.2551, 1.2297)
(-1.5894, -2.1142, 1.4955)
(-1.9297, -2.1988, 1.195)
(-2.2229, -1.9713, 1.4432)
(-2.4398, -1.8207, 1.1029)
(-2.6353, -1.4684, 1.3387)
(-2.7726, -1.214, 1.0024)
(-3.0112, -0.9018, 1.2338)
(-3.086, -0.603, 0.9106)
(-3.393, -0.3587, 1.0825)
(-3.4137, -0.0055, 0.801)
(-3.8005, 0.1381, 0.8545)
(-3.8879, 0.526, 0.7055)
(-4.2993, 0.495, 0.7187)
(-4.3745, 0.7791, 0.8999)
(-4.733, 0.7984, 1.0051)
(-4.8877, 0.8786, 1.1368)
(-0.5383, -2.4862, 0.6801)
(-0.8964, -2.3774, 0.9565)
(-1.2412, -2.5088, 0.6683)
(-1.5939, -2.3772, 0.9391)
(-1.9008, -2.3633, 0.6105)
(-2.203, -2.1279, 0.859)
(-2.3568, -1.8934, 0.5107)
(-2.5683, -1.5586, 0.7571)
(-2.6364, -1.2603, 0.4242)
(-2.8494, -0.924, 0.6731)
(-2.9025, -0.636, 0.354)
(-3.1276, -0.309, 0.5986)
(-3.1446, -0.0941, 0.2973)
(-3.4, 0.2549, 0.5378)
(-0.5132, -2.6753, 0.0979)
(-0.8766, -2.5992, 0.3853)
(-1.2019, -2.6534, 0.073)
(-1.5581, -2.5335, 0.3501)
(-1.817, -2.4146, 0.0068)
(-2.11, -2.1802, 0.2618)
(-2.2256, -1.9078, -0.0805)
(-2.4285, -1.5899, 0.1734)
(-2.4943, -1.3065, -0.1524)
(-2.6922, -0.9735, 0.1031)
(-2.763, -0.7177, -0.2134)
(-2.9503, -0.3953, 0.0425)
(-2.9846, -0.2155, -0.2662)
(-3.1472, 0.0543, -0.0031)
(-0.4776, -2.8246, -0.4967)
(-0.8405, -2.7489, -0.2102)
(-1.1575, -2.7603, -0.5327)
(-1.4988, -2.613, -0.2582)
(-1.7527, -2.4753, -0.6008)
(-2.0106, -2.2076, -0.3392)
(-2.1566, -1.9701, -0.677)
(-2.3183, -1.6381, -0.413)
(-2.4364, -1.3988, -0.7387)
(-2.5869, -1.0575, -0.4737)
(-2.6928, -0.8277, -0.7924)
(-2.8343, -0.503, -0.528)
(-2.8642, -0.3239, -0.8432)
(-2.9932, -0.0597, -0.5781)
(-0.4359, -2.9374, -1.0987)
(-0.7994, -2.8648, -0.8133)
(-1.1102, -2.8419, -1.1417)
(-1.449, -2.6891, -0.8678)
(-1.7049, -2.5402, -1.209)
(-1.9628, -2.2783, -0.9425)
(-2.1474, -2.0617, -1.2759)
(-2.304, -1.7388, -1.0056)
(-2.4621, -1.5174, -1.3308)
(-2.5723, -1.1748, -1.06)
(-2.6694, -0.939, -1.3815)
(-2.7604, -0.6135, -1.1104)
(-2.7454, -0.4195, -1.4299)
(-2.8366, -0.1568, -1.1603)
(-0.3879, -3.0184, -1.7049)
(-0.7527, -2.9496, -1.4208)
(-1.0571, -2.9031, -1.7514)
(-1.3969, -2.7477, -1.4781)
(-1.652, -2.589, -1.8178)
(-1.9283, -2.3455, -1.5481)
(-2.1236, -2.1254, -1.8817)
(-2.32, -1.8374, -1.6052)
(-2.4481, -1.5847, -1.9333)
(-2.5785, -1.2754, -1.6569)
(-2.5679, -0.9869, -1.9613)
(-2.6677, -0.6957, -1.7002)
(-2.5548, -0.4746, -2.0058)
(-2.6524, -0.2357, -1.7503)
(-0.3331, -3.0805, -2.312)
(-0.6999, -3.015, -2.0292)
(-0.9995, -2.9604, -2.3592)
(-1.3388, -2.795, -2.0871)
(-1.5933, -2.6392, -2.4223)
(-1.8737, -2.3862, -2.155)
(-2.0363, -2.1561, -2.474)
(-2.2652, -1.869, -2.2082)
(-2.2577, -1.5668, -2.4855)
(-2.4362, -1.2713, -2.2285)
(-2.2487, -0.9492, -2.4345)
(-2.3985, -0.6922, -2.2158)
(-2.2557, -0.5186, -2.5245)
(-2.4292, -0.3198, -2.3433)
(-0.2685, -3.1382, -2.917)
(-0.64, -3.0777, -2.6356)
(-0.9274, -3.0154, -2.9592)
(-1.2804, -2.8597, -2.6889)
(-1.5172, -2.6957, -2.9972)
(-1.7993, -2.457, -2.7373)
(-1.8725, -2.1962, -2.9998)
(-2.0413, -1.8859, -2.7298)
(-1.9215, -1.5829, -2.9056)
(-2.0804, -1.2656, -2.6579)
(-1.977, -1.0151, -2.8504)
(-2.1101, -0.7469, -2.6715)
(-2.128, -0.6437, -3.1087)
(-2.2243, -0.4857, -3.0076)
(-0.1825, -3.162, -3.5117)
(-0.5583, -3.122, -3.2339)
(-0.7807, -2.9523, -3.5056)
(-1.1566, -2.8424, -3.2538)
(-1.2697, -2.5272, -3.4307)
(-1.6422, -2.4106, -3.2428)
(-1.6946, -2.0553, -3.4142)
(-1.8803, -1.8681, -3.218)
(-1.8721, -1.5458, -3.3738)
(-1.8727, -1.2843, -3.0905)
(-2.0212, -1.026, -3.3622)
(-2.0718, -0.7913, -3.2169)
(-2.2851, -0.5864, -3.5822)
(-2.2385, -0.4594, -3.6133)
(-0.0539, -3.0385, -4.0545)
(-0.4149, -3.0139, -3.7699)
(-0.5067, -2.6586, -3.8815)
(-0.8699, -2.6044, -3.6261)
(-0.8817, -2.2136, -3.6076)
(-1.2873, -2.149, -3.4608)
(-1.3302, -1.8112, -3.5519)
(-1.7037, -1.7158, -3.5235)
(-1.7933, -1.4353, -3.7011)
(-1.9766, -1.2873, -3.5395)
(-2.2969, -1.0977, -3.7123)
(-2.3529, -0.8604, -3.567)
(-2.6669, -0.7293, -3.6333)
(-2.575, -0.4507, -3.6611)
(0.0918, -2.7754, -4.5207)
(-0.1783, -2.7112, -4.1775)
(-0.2242, -2.2857, -4.207)
(-0.519, -2.2434, -3.8837)
(-0.6693, -1.9726, -3.9889)
(-0.9891, -1.9185, -3.7128)
(-1.2386, -1.7169, -4.0259)
(-1.4989, -1.535, -3.8368)
(-1.7751, -1.3147, -4.1617)
(-2.0473, -1.1909, -3.9498)
(-2.3471, -0.99, -4.176)
(-2.5915, -0.9004, -3.872)
(-2.7599, -0.6691, -4.1024)
(-2.848, -0.5264, -3.768)
(0.1227, -2.4909, -4.9999)
(-0.0244, -2.3785, -4.598)
(-0.1985, -2.0185, -4.6698)
(-0.3963, -1.971, -4.3068)
(-0.7149, -1.8907, -4.5083)
(-0.9843, -1.8822, -4.2544)
(-1.3356, -1.8367, -4.5462)
(-1.566, -1.5845, -4.3573)
(-1.893, -1.4666, -4.6413)
(-2.0968, -1.168, -4.4387)
(-2.3884, -1.0119, -4.6922)
(-2.5992, -0.811, -4.4226)
(-2.7343, -0.5794, -4.6641)
(-2.8575, -0.4117, -4.3648)
(0.0984, -2.2711, -5.3905)
(-0.0318, -2.132, -5.0336)
(-0.2556, -1.8433, -5.0616)
(-0.4697, -1.8268, -4.7682)
(-0.7732, -1.8541, -4.9262)
(-1.0484, -1.9326, -4.7377)
(-1.3571, -1.905, -4.9692)
(-1.6526, -1.7286, -4.8064)
(-1.9217, -1.5449, -5.056)
(-2.1616, -1.2792, -4.894)
(-2.3632, -1.0244, -5.108)
(-2.5713, -0.7782, -4.9054)
(-2.6759, -0.5535, -5.0755)
(-2.8148, -0.3619, -4.854)
(-2.19, 0.0688, 4.0772)
(-2.4036, 0.302, 4.1079)
(-2.5948, 0.1994, 3.9743)
(-2.882, 0.4406, 3.9854)
(-3.2124, 0.2955, 3.7853)
(-3.5418, 0.5258, 3.7637)
(-3.8422, 0.4082, 3.4899)
(-4.1676, 0.6107, 3.4527)
(-4.4517, 0.5014, 3.1467)
(-4.7758, 0.6815, 3.1135)
(-5.048, 0.5929, 2.7778)
(-5.299, 0.7999, 2.6914)
(-5.5908, 0.7564, 2.3491)
(-5.8238, 0.9794, 2.3046)
(-6.1827, 0.9295, 2.0539)
(-6.4539, 1.1708, 2.0842)
(-6.6736, 1.4833, 2.0268)
(-6.8496, 1.786, 1.8908)
(-7.0427, 1.6855, 1.9021)
(-6.9099, 1.4183, 1.9916)
(-5.2639, 0.9652, 1.0427)
(-5.3718, 0.9175, 0.9944)
(-5.6016, 0.9616, 0.7895)
(-5.546, 1.0579, 0.8484)
(-5.4599, 1.2414, 0.9086)
(-5.835, 1.2668, 0.5738)
(-5.781, 1.4965, 0.691)
(-5.7291, 1.7272, 0.8835)
(-6.0557, 1.8161, 0.5095)
(-6.0625, 2.0209, 0.7906)
(-6.0528, 2.1787, 1.1075)
(-6.3642, 2.262, 0.7577)
(-6.4057, 2.3457, 1.1266)
(-6.3884, 2.2999, 1.4898)
(-6.7468, 2.3511, 1.2076)
(-6.7206, 2.2237, 1.5645)
(-6.5915, 1.9457, 1.8744)
(-6.9859, 2.066, 1.6412)
(-1.8633, 1.0502, 4.0744)
(-1.9499, 1.2784, 3.8816)
(-2.3593, 1.0841, 3.9412)
(-2.2144, 0.848, 4.0955)
(-2.5472, 1.3384, 3.7117)
(-2.993, 1.1551, 3.7551)
(-2.7621, 0.883, 3.95)
(-3.2036, 1.4185, 3.4767)
(-3.631, 1.2363, 3.4804)
(-3.41, 0.9608, 3.7232)
(-3.8303, 1.4949, 3.1764)
(-4.2437, 1.305, 3.164)
(-4.0247, 1.0321, 3.4048)
(-4.4483, 1.5794, 2.8877)
(-4.8594, 1.377, 2.8825)
(-4.6366, 1.0921, 3.1103)
(-5.0669, 1.6884, 2.5646)
(-5.4336, 1.4967, 2.4944)
(-5.2007, 1.1622, 2.7542)
(-5.6857, 1.8484, 2.1899)
(-6.0287, 1.714, 2.1548)
(-5.7412, 1.323, 2.363)
(-6.2724, 2.0723, 1.8496)
(-6.3492, 1.5787, 2.0978)
(-1.4603, 1.4361, 3.8245)
(-1.612, 1.6055, 3.5146)
(-2.0918, 1.486, 3.6202)
(-2.3042, 1.6517, 3.285)
(-2.7573, 1.5572, 3.405)
(-2.9568, 1.6946, 3.0284)
(-3.3953, 1.6204, 3.1246)
(-3.5714, 1.7388, 2.7241)
(-4.0112, 1.7005, 2.8249)
(-4.1698, 1.8706, 2.4528)
(-4.6257, 1.8297, 2.5486)
(-4.7968, 1.9809, 2.1502)
(-5.2676, 1.9317, 2.189)
(-5.431, 2.0408, 1.7794)
(-5.8827, 2.0915, 1.8159)
(-5.9908, 2.2156, 1.4393)
(-0.133, 1.9682, 3.1389)
(-0.4797, 1.8146, 3.3486)
(-0.1414, 1.7531, 3.5059)
(-0.7919, 1.8623, 3.0912)
(-1.1611, 1.7296, 3.3336)
(-0.8471, 1.6552, 3.614)
(-1.4537, 1.8057, 2.9426)
(-1.8629, 1.7307, 3.1296)
(-2.1146, 1.7553, 2.7325)
(-2.5266, 1.7238, 2.8997)
(-2.7352, 1.683, 2.4962)
(-3.1417, 1.7328, 2.6133)
(-3.3121, 1.7008, 2.1991)
(-3.7329, 1.7984, 2.3165)
(-3.8701, 1.8304, 1.9389)
(-4.3203, 1.9637, 2.062)
(-4.472, 1.8796, 1.6791)
(-4.9545, 1.9702, 1.7331)
(-5.0596, 1.8579, 1.3996)
(-5.5313, 2.035, 1.4199)
(-5.6324, 1.9224, 1.1331)
(-0.1354, 2.2265, 2.6179)
(-0.4543, 2.0217, 2.8584)
(-0.7423, 1.9901, 2.5011)
(-1.0822, 1.8707, 2.7269)
(-1.3567, 1.8437, 2.3249)
(-1.7293, 1.8109, 2.5348)
(-1.9775, 1.695, 2.1512)
(-2.3506, 1.651, 2.3476)
(-2.5693, 1.4447, 1.9947)
(-2.9316, 1.5572, 2.1132)
(-3.0777, 1.4703, 1.7266)
(-3.4429, 1.6755, 1.8145)
(-3.5831, 1.552, 1.517)
(-4.0053, 1.722, 1.6283)
(-4.1606, 1.47, 1.3594)
(-4.5994, 1.6744, 1.3803)
(-4.7519, 1.4707, 1.1671)
(-5.1767, 1.6934, 1.1627)
(-5.3354, 1.4799, 0.9935)
(-0.1502, 2.4255, 2.0334)
(-0.4331, 2.1946, 2.2749)
(-0.6749, 2.0563, 1.9058)
(-0.992, 1.8935, 2.1166)
(-1.2264, 1.7889, 1.7298)
(-1.6071, 1.7566, 1.9367)
(-1.8254, 1.5576, 1.5807)
(-2.1932, 1.4677, 1.8041)
(-2.3822, 1.1936, 1.4836)
(-2.7462, 1.2457, 1.645)
(-2.8996, 1.128, 1.2612)
(-3.2229, 1.3747, 1.3665)
(-3.4288, 1.1032, 1.1248)
(-3.7811, 1.2635, 1.2887)
(-4.0056, 1.0, 1.022)
(-4.3595, 1.2415, 1.1002)
(-4.5819, 1.076, 0.9951)
(-4.9584, 1.274, 1.066)
(-5.1223, 1.0809, 1.0643)
(-0.1845, 2.5703, 1.4332)
(-0.4218, 2.3146, 1.6807)
(-0.6298, 2.1171, 1.3143)
(-0.8733, 1.8776, 1.5277)
(-1.0882, 1.7114, 1.1528)
(-1.4543, 1.6379, 1.3583)
(-1.6555, 1.392, 1.02)
(-2.0173, 1.282, 1.2558)
(-2.1875, 0.9822, 0.9506)
(-2.5494, 0.9602, 1.1488)
(-2.729, 0.791, 0.7903)
(-3.0861, 0.9585, 0.9279)
(-3.285, 0.637, 0.7197)
(-3.6549, 0.7631, 0.9307)
(-3.898, 0.5515, 0.693)
(-4.2304, 0.8502, 0.8185)
(-4.3431, 0.7903, 0.8965)
(-4.717, 0.9686, 1.0855)
(-4.8654, 0.9148, 1.154)
(-0.2284, 2.6911, 0.8284)
(-0.452, 2.433, 1.0839)
(-0.6798, 2.234, 0.7257)
(-0.8276, 1.9076, 0.9463)
(-1.0422, 1.6887, 0.5901)
(-1.2991, 1.4911, 0.8025)
(-1.4954, 1.2258, 0.4739)
(-1.833, 1.0946, 0.7091)
(-2.0053, 0.8091, 0.4044)
(-2.3576, 0.7233, 0.6345)
(-2.5523, 0.511, 0.3128)
(-2.9199, 0.5703, 0.4942)
(-3.054, 0.2942, 0.2623)
(-3.4088, 0.2833, 0.5482)
(-0.2477, 2.7643, 0.2188)
(-0.5053, 2.5435, 0.4851)
(-0.7586, 2.3447, 0.1371)
(-0.9064, 2.0158, 0.3714)
(-1.1353, 1.7919, 0.0196)
(-1.2587, 1.4556, 0.2433)
(-1.4794, 1.2331, -0.0976)
(-1.694, 0.976, 0.1488)
(-1.8952, 0.75, -0.1707)
(-2.1939, 0.5718, 0.0906)
(-2.3941, 0.3635, -0.223)
(-2.729, 0.2924, 0.0194)
(-2.8692, 0.1043, -0.2692)
(-3.1562, 0.0776, 0.002)
(-0.2405, 2.8032, -0.3901)
(-0.5271, 2.6066, -0.1203)
(-0.7692, 2.391, -0.4641)
(-0.9949, 2.1226, -0.2117)
(-1.2213, 1.8911, -0.5584)
(-1.366, 1.5721, -0.3261)
(-1.5889, 1.3586, -0.6644)
(-1.6991, 1.0238, -0.4277)
(-1.9207, 0.8318, -0.752)
(-2.1086, 0.5519, -0.4877)
(-2.3183, 0.3597, -0.8032)
(-2.5758, 0.1765, -0.5312)
(-2.7281, 0.0261, -0.8427)
(-2.9987, -0.039, -0.5746)
(-0.2071, 2.8025, -0.9878)
(-0.4896, 2.6083, -0.7245)
(-0.6763, 2.3313, -1.0519)
(-0.977, 2.1377, -0.8061)
(-1.1612, 1.8645, -1.1424)
(-1.4323, 1.6554, -0.9024)
(-1.6342, 1.4273, -1.2417)
(-1.8053, 1.1549, -0.9986)
(-2.016, 0.95, -1.3334)
(-2.1382, 0.6386, -1.0749)
(-2.3454, 0.4331, -1.398)
(-2.5079, 0.1807, -1.1175)
(-2.6332, 0.0002, -1.4328)
(-2.8366, -0.1356, -1.1561)
(-0.2005, 2.7428, -1.5563)
(-0.3811, 2.5159, -1.2961)
(-0.5344, 2.185, -1.5905)
(-0.8255, 2.0133, -1.3646)
(-0.975, 1.6991, -1.6837)
(-1.3354, 1.5914, -1.4749)
(-1.502, 1.3247, -1.7782)
(-1.8305, 1.2043, -1.5759)
(-1.9748, 0.9287, -1.8746)
(-2.2051, 0.7157, -1.6684)
(-2.3102, 0.427, -1.9551)
(-2.4916, 0.2081, -1.7128)
(-2.4909, -0.0472, -2.0016)
(-2.6488, -0.2152, -1.742)
(-0.382, 2.7329, -2.1032)
(-0.4214, 2.4519, -1.8305)
(-0.6249, 2.1596, -2.1279)
(-0.6928, 1.8691, -1.903)
(-0.8565, 1.5522, -2.2115)
(-1.1193, 1.3831, -1.9745)
(-1.2797, 1.0789, -2.175)
(-1.6178, 1.0122, -1.9943)
(-1.7024, 0.6968, -2.2155)
(-2.0097, 0.5822, -2.1132)
(-2.0003, 0.2371, -2.3476)
(-2.2607, 0.0909, -2.1877)
(-2.2048, -0.2034, -2.4868)
(-2.4129, -0.3106, -2.3118)
(-0.5376, 2.6664, -2.6254)
(-0.6589, 2.4834, -2.3587)
(-0.8637, 2.1824, -2.6366)
(-0.8026, 1.861, -2.445)
(-1.0735, 1.5668, -2.7231)
(-1.0986, 1.2708, -2.4638)
(-1.4145, 1.0625, -2.6495)
(-1.4976, 0.8514, -2.3809)
(-1.7642, 0.6939, -2.6822)
(-1.8458, 0.4555, -2.5291)
(-2.0211, 0.2137, -2.8755)
(-2.0659, -0.0524, -2.6662)
(-2.1393, -0.2894, -3.0554)
(-2.1986, -0.4559, -2.8896)
(-0.4804, 2.4272, -3.0658)
(-0.7738, 2.3584, -2.8326)
(-1.0559, 2.118, -3.063)
(-1.1245, 1.8753, -2.8933)
(-1.4595, 1.6328, -3.1294)
(-1.4235, 1.3061, -2.9343)
(-1.81, 1.1623, -3.0401)
(-1.7728, 0.9233, -2.8129)
(-2.0804, 0.7826, -3.0697)
(-2.0018, 0.5135, -3.0358)
(-2.2325, 0.2573, -3.2952)
(-2.1664, -0.0337, -3.2045)
(-2.3237, -0.2359, -3.4682)
(-2.1916, -0.4547, -3.4404)
(-0.5115, 2.4721, -3.6041)
(-0.8092, 2.316, -3.3076)
(-1.1352, 2.2443, -3.5378)
(-1.3882, 1.9989, -3.2977)
(-1.6234, 1.8254, -3.4626)
(-1.7809, 1.4881, -3.2872)
(-2.0297, 1.3054, -3.368)
(-2.1525, 1.0466, -3.1594)
(-2.3874, 0.7855, -3.306)
(-2.3709, 0.5447, -3.2722)
(-2.6491, 0.2161, -3.3875)
(-2.5211, -0.0349, -3.4109)
(-2.7575, -0.3033, -3.522)
(-2.5466, -0.469, -3.5754)
(-0.5431, 2.4262, -4.1817)
(-0.8341, 2.3706, -3.8455)
(-1.0384, 2.1047, -3.9902)
(-1.3113, 2.0041, -3.6723)
(-1.4276, 1.651, -3.7342)
(-1.7314, 1.4999, -3.5326)
(-1.864, 1.1626, -3.6083)
(-2.1456, 0.9614, -3.4657)
(-2.2633, 0.6258, -3.6018)
(-2.5232, 0.4219, -3.463)
(-2.6498, 0.1626, -3.7697)
(-2.8133, -0.0599, -3.6398)
(-2.8665, -0.2384, -3.988)
(-2.8573, -0.5099, -3.7574)
(-0.5824, 2.2086, -4.6082)
(-0.8257, 2.1773, -4.3549)
(-1.0719, 1.8953, -4.3677)
(-1.2386, 1.7781, -4.0581)
(-1.5756, 1.6274, -4.0929)
(-1.705, 1.4281, -3.8048)
(-2.0568, 1.3081, -3.8646)
(-2.1367, 0.9632, -3.7126)
(-2.3506, 0.8106, -3.9051)
(-2.4381, 0.4371, -3.8608)
(-2.6036, 0.3123, -4.2164)
(-2.7542, 0.0171, -4.1554)
(-2.8218, -0.1175, -4.4936)
(-2.8646, -0.3945, -4.3543)
(-0.6519, 1.9918, -4.5869)
(-0.8439, 1.996, -4.4928)
(-1.1342, 1.9462, -4.309)
(-1.39, 1.7997, -4.2972)
(-1.7686, 1.7937, -4.3016)
(-1.9258, 1.5567, -4.1149)
(-2.0746, 1.3497, -4.137)
(-2.2207, 1.1101, -3.9536)
(-2.2955, 0.9065, -4.1785)
(-2.4897, 0.6488, -4.21)
(-2.7349, 0.5176, -4.4928)
(-2.8008, 0.1883, -4.5104)
(-3.0133, 0.1009, -4.7147)
(-2.9508, -0.2102, -4.7389)
(-2.1115, 0.6911, 4.179)
(-2.5313, 0.6479, 4.0644)
(-2.3746, 0.4929, 4.1248)
(-3.1543, 0.7025, 3.89)
(-2.8708, 0.4598, 3.9958)
(-3.7904, 0.7846, 3.617)
(-3.5296, 0.5419, 3.7805)
(-4.3962, 0.8506, 3.2842)
(-4.1539, 0.6256, 3.473)
(-4.9884, 0.9165, 2.9641)
(-4.7578, 0.6994, 3.1296)
(-5.4833, 1.0125, 2.5084)
(-5.2701, 0.782, 2.6767)
(-6.0604, 1.2308, 2.2101)
(-5.7775, 0.9358, 2.2683)
(-6.4287, 1.1728, 2.0737)
(6.6554, -0.9741, 1.8864)
(5.5423, -0.5451, 1.2999)
(5.5633, -0.4285, 1.1139)
(5.6238, -0.5847, 0.8094)
(5.7798, -0.7652, 0.8745)
(6.0366, -0.9019, 1.2205)
(6.3178, -1.0872, 1.5983)
(2.0105, -0.282, 3.8086)
(2.5664, -0.2765, 3.6447)
(3.2281, -0.3551, 3.4724)
(3.8826, -0.4952, 3.3031)
(4.5196, -0.6521, 3.1235)
(4.9359, -0.7008, 2.7473)
(5.3138, -0.7435, 2.2911)
(5.8802, -0.8955, 1.9246)
(1.7293, -0.6903, 3.4656)
(2.3825, -0.7457, 3.3094)
(3.0612, -0.8386, 3.1462)
(3.717, -0.9495, 2.9633)
(4.3547, -1.0641, 2.7556)
(4.8174, -1.0021, 2.4086)
(5.1453, -0.8254, 1.9631)
(5.5999, -0.7912, 1.5556)
(0.1527, -1.1371, 2.9889)
(0.8313, -1.0824, 3.0558)
(1.5331, -1.1164, 3.0625)
(2.2451, -1.2381, 2.9707)
(2.9227, -1.3218, 2.8098)
(3.5654, -1.3712, 2.5737)
(4.1882, -1.397, 2.3001)
(4.7709, -1.3231, 1.9857)
(5.2269, -1.0662, 1.6644)
(5.516, -0.8219, 1.2725)
(0.1427, -1.3796, 2.5434)
(0.8203, -1.3907, 2.5517)
(1.481, -1.5357, 2.5891)
(2.1431, -1.6763, 2.5627)
(2.788, -1.6659, 2.3902)
(3.3955, -1.5776, 2.1293)
(3.9843, -1.4416, 1.8431)
(4.5615, -1.315, 1.5306)
(5.0966, -1.0932, 1.4023)
(5.4051, -0.7704, 1.1999)
(0.1366, -1.6906, 2.0101)
(0.8217, -1.7099, 2.0149)
(1.4734, -1.8673, 2.069)
(2.0809, -1.8913, 2.0447)
(2.6399, -1.6299, 1.9067)
(3.1922, -1.3278, 1.7519)
(3.7382, -1.099, 1.4915)
(4.2837, -0.9495, 1.179)
(4.7809, -0.7215, 1.2038)
(5.1963, -0.5163, 1.3002)
(0.1409, -2.0181, 1.4882)
(0.8314, -2.019, 1.4889)
(1.5068, -2.0962, 1.5109)
(2.1318, -2.0086, 1.4831)
(2.6331, -1.5947, 1.4168)
(3.0828, -1.1076, 1.3624)
(3.5409, -0.7166, 1.1981)
(4.0747, -0.5134, 1.0635)
(4.6417, -0.3565, 1.1308)
(5.1504, -0.3755, 1.2741)
(0.1545, -2.3271, 0.9607)
(0.8537, -2.3014, 0.9538)
(1.5519, -2.2909, 0.9396)
(2.2011, -2.136, 0.9043)
(2.657, -1.6799, 0.8545)
(2.9699, -1.0855, 0.8161)
(3.2743, -0.5369, 0.7886)
(0.1689, -2.5425, 0.3955)
(0.8628, -2.4735, 0.3827)
(1.5543, -2.3903, 0.3507)
(2.16, -2.1381, 0.3062)
(2.5278, -1.6225, 0.2789)
(2.7566, -1.013, 0.2734)
(2.9753, -0.5011, 0.2791)
(0.1919, -2.6981, -0.1927)
(0.8724, -2.582, -0.2095)
(1.5307, -2.4033, -0.2512)
(2.0882, -2.0765, -0.2927)
(2.4096, -1.5559, -0.2981)
(2.5887, -0.9544, -0.2871)
(2.7807, -0.4501, -0.2827)
(0.2283, -2.8388, -0.7837)
(0.8943, -2.6805, -0.8002)
(1.5032, -2.3908, -0.8459)
(2.0319, -2.0102, -0.8906)
(2.3699, -1.517, -0.8947)
(2.5049, -0.9172, -0.8739)
(2.6285, -0.4006, -0.8642)
(0.2697, -2.9354, -1.383)
(0.9101, -2.7205, -1.3964)
(1.4544, -2.3277, -1.4375)
(1.9635, -1.9233, -1.4873)
(2.3432, -1.467, -1.4996)
(2.4472, -0.8727, -1.4762)
(2.4984, -0.3468, -1.4647)
(0.3174, -2.9955, -1.9863)
(0.9384, -2.7422, -1.9934)
(1.4144, -2.2786, -2.0303)
(1.8874, -1.8436, -2.0875)
(2.3079, -1.4011, -2.1067)
(2.3761, -0.8085, -2.0817)
(2.3266, -0.2788, -2.0635)
(0.3707, -3.0297, -2.5902)
(0.9644, -2.7325, -2.5892)
(1.3357, -2.2015, -2.6094)
(1.7002, -1.6928, -2.6095)
(2.1199, -1.22, -2.5713)
(2.2704, -0.6614, -2.6227)
(2.2627, -0.1684, -2.6798)
(0.4286, -3.0419, -3.1927)
(0.9932, -2.6889, -3.1851)
(1.3283, -2.1218, -3.1768)
(1.6193, -1.5454, -3.1208)
(1.9967, -1.025, -3.0508)
(2.2578, -0.4976, -3.1816)
(2.3642, -0.0301, -3.309)
(0.4979, -3.0388, -3.7919)
(1.0264, -2.6333, -3.7799)
(1.3896, -2.0501, -3.7602)
(1.6984, -1.4644, -3.7242)
(2.0622, -0.9178, -3.6713)
(2.4542, -0.4251, -3.6825)
(2.6878, 0.0003, -3.6675)
(0.5637, -2.9863, -4.3826)
(1.1028, -2.6119, -4.3662)
(1.5103, -2.0529, -4.3244)
(1.8695, -1.4799, -4.2725)
(2.2469, -0.9153, -4.2)
(2.6004, -0.3803, -4.0848)
(2.8104, 0.0734, -3.9385)
(0.5802, -2.8375, -4.9522)
(1.1591, -2.5616, -4.9474)
(1.6168, -2.0499, -4.8806)
(2.015, -1.4837, -4.7951)
(2.3686, -0.8939, -4.7024)
(2.5923, -0.2716, -4.5791)
(2.7118, 0.2674, -4.44)
(0.5515, -2.6586, -5.4255)
(1.1206, -2.442, -5.4362)
(1.5671, -1.9252, -5.3634)
(1.9632, -1.3602, -5.2758)
(2.3124, -0.7674, -5.1766)
(2.6026, -0.1525, -5.0514)
(2.7924, 0.3755, -4.9163)
(2.2166, 0.0762, 4.0442)
(2.7302, 0.1252, 3.9276)
(3.3843, 0.0652, 3.7284)
(4.0225, -0.0544, 3.489)
(4.6383, -0.22, 3.236)
(5.1583, -0.4157, 2.8801)
(5.648, -0.6029, 2.4888)
(6.2335, -0.7733, 2.1683)
(7.0316, -0.5527, 2.0934)
(5.5468, -0.2997, 1.032)
(5.8574, -0.0745, 0.8769)
(6.2975, 0.2253, 0.9317)
(6.7543, 0.397, 1.2206)
(7.0809, 0.3109, 1.6368)
(7.1434, -0.1039, 1.97)
(2.3182, 1.0855, 4.0892)
(2.9028, 1.0393, 3.9751)
(3.5743, 0.9572, 3.765)
(4.2122, 0.8155, 3.4712)
(4.8293, 0.6389, 3.1499)
(5.4504, 0.4393, 2.8078)
(6.0341, 0.2474, 2.4803)
(6.628, 0.052, 2.2097)
(2.152, 1.5224, 3.775)
(2.8338, 1.5071, 3.6298)
(3.5208, 1.42, 3.403)
(4.1519, 1.2445, 3.1069)
(4.7659, 1.0363, 2.7962)
(5.3901, 0.8422, 2.4543)
(5.9801, 0.6321, 2.1351)
(6.5903, 0.4453, 1.8918)
(0.5557, 1.8802, 3.3268)
(1.2447, 1.8469, 3.3481)
(1.9641, 1.8185, 3.2825)
(2.6902, 1.7788, 3.1088)
(3.3546, 1.6446, 2.878)
(3.9538, 1.4172, 2.5826)
(4.5313, 1.1746, 2.2569)
(5.1066, 0.9163, 1.9305)
(5.6874, 0.6562, 1.6652)
(6.3111, 0.4777, 1.4771)
(0.5217, 2.1098, 2.8834)
(1.1832, 2.0281, 2.8021)
(1.8638, 1.9896, 2.6847)
(2.5215, 1.8614, 2.5324)
(3.1135, 1.5942, 2.3435)
(3.6713, 1.2915, 2.0972)
(4.2235, 1.04, 1.7836)
(4.7491, 0.7367, 1.5126)
(5.313, 0.4265, 1.3427)
(5.9438, 0.2172, 1.1748)
(0.4552, 2.3208, 2.3152)
(1.0785, 2.1204, 2.2009)
(1.7396, 2.0253, 2.0797)
(2.3338, 1.785, 1.9685)
(2.8352, 1.3543, 1.8777)
(3.3439, 0.9526, 1.7252)
(3.887, 0.6615, 1.4538)
(4.408, 0.3488, 1.215)
(4.9604, 0.0661, 1.1834)
(5.5761, -0.1181, 1.1257)
(0.3791, 2.4721, 1.7219)
(0.9492, 2.1534, 1.6137)
(1.5791, 1.9461, 1.5008)
(2.1274, 1.6115, 1.4262)
(2.5615, 1.0892, 1.4152)
(3.025, 0.6096, 1.3513)
(3.5602, 0.2264, 1.1877)
(4.1312, -0.0659, 1.096)
(4.7174, -0.1528, 1.1466)
(5.2917, -0.2627, 1.1978)
(0.3336, 2.6114, 1.1226)
(0.8501, 2.1988, 1.0307)
(1.393, 1.8258, 0.9479)
(1.9035, 1.4127, 0.9022)
(2.339, 0.8979, 0.894)
(2.776, 0.3939, 0.8702)
(3.2143, -0.0491, 0.8122)
(0.3412, 2.7412, 0.5242)
(0.8527, 2.3266, 0.4491)
(1.3165, 1.8318, 0.3842)
(1.795, 1.3559, 0.3481)
(2.2525, 0.8785, 0.3269)
(2.6728, 0.3848, 0.3108)
(2.973, -0.0715, 0.2933)
(0.3675, 2.8368, -0.0777)
(0.9185, 2.4761, -0.1366)
(1.3814, 1.9698, -0.1987)
(1.8377, 1.4751, -0.2369)
(2.2728, 0.9967, -0.2569)
(2.6447, 0.4869, -0.2705)
(2.8463, -0.0053, -0.2809)
(0.3628, 2.9027, -0.6847)
(0.9327, 2.5639, -0.7375)
(1.4123, 2.0718, -0.7902)
(1.8603, 1.5776, -0.8263)
(2.2711, 1.093, -0.8476)
(2.5907, 0.5624, -0.8591)
(2.7176, 0.0526, -0.8639)
(0.3027, 2.9211, -1.2886)
(0.8554, 2.5621, -1.3401)
(1.3218, 2.0597, -1.3838)
(1.7788, 1.5845, -1.4179)
(2.2115, 1.1357, -1.4375)
(2.4648, 0.6096, -1.4272)
(2.5463, 0.1014, -1.4355)
(0.1801, 2.8706, -1.8775)
(0.6987, 2.4687, -1.9179)
(1.1485, 1.9542, -1.9535)
(1.5569, 1.4669, -1.9121)
(1.9292, 1.0288, -1.7884)
(2.1602, 0.58, -1.8145)
(2.287, 0.1452, -1.9677)
(0.0202, 2.7583, -2.4372)
(0.518, 2.3157, -2.4638)
(0.9779, 1.7978, -2.5014)
(1.356, 1.3068, -2.3809)
(1.6842, 0.8792, -2.1047)
(1.9797, 0.5592, -2.2314)
(2.1875, 0.2599, -2.596)
(0.0556, 2.6507, -2.8925)
(0.5898, 2.3811, -2.9096)
(1.0782, 1.8883, -2.9081)
(1.4729, 1.3718, -2.8102)
(1.8027, 0.8857, -2.6329)
(2.105, 0.6227, -2.8563)
(2.3159, 0.4124, -3.2482)
(0.1692, 2.6054, -3.3662)
(0.7911, 2.5254, -3.3744)
(1.3425, 2.1391, -3.308)
(1.771, 1.6196, -3.2198)
(2.058, 1.0384, -3.1716)
(2.391, 0.6865, -3.3003)
(2.6713, 0.4342, -3.5161)
(0.1449, 2.5517, -3.9481)
(0.7978, 2.4167, -3.9268)
(1.3099, 2.0729, -3.7543)
(1.7629, 1.6715, -3.6416)
(2.1908, 1.2823, -3.5992)
(2.6038, 0.8943, -3.5899)
(2.8519, 0.507, -3.7458)
(0.0463, 2.3566, -4.4487)
(0.609, 2.1179, -4.2689)
(1.0926, 1.8879, -4.0621)
(1.6239, 1.7636, -3.9876)
(2.1316, 1.5399, -3.9252)
(2.5204, 1.1252, -4.0071)
(2.7402, 0.7037, -4.2571)
(-0.1637, 2.0986, -4.6428)
(0.3562, 1.9547, -4.3682)
(0.9562, 1.9856, -4.2825)
(1.5447, 1.9572, -4.2171)
(2.0216, 1.6476, -4.1999)
(2.4932, 1.2678, -4.3546)
(2.8435, 0.9269, -4.567)
(2.3396, 0.6328, 4.2013)
(2.8617, 0.5453, 4.0746)
(3.5189, 0.4661, 3.8697)
(4.1449, 0.3382, 3.5734)
(4.7398, 0.1627, 3.2334)
(5.3262, -0.074, 2.8777)
(5.9348, -0.2854, 2.5316)
(6.5481, -0.457, 2.2589)
(-6.9508, 1.1558, 1.7448)
(-5.3701, 0.9912, 0.8937)
(-5.6044, 1.0929, 0.646)
(-5.9246, 0.9854, 0.3118)
(-6.2836, 0.7777, 0.382)
(-6.6105, 0.7895, 0.8373)
(-6.8776, 0.9429, 1.3464)
(-2.2783, -0.2437, 3.7742)
(-2.8381, -0.1566, 3.6014)
(-3.4573, -0.0104, 3.3099)
(-4.0376, 0.163, 2.9493)
(-4.6146, 0.3095, 2.5692)
(-5.2176, 0.4498, 2.1715)
(-5.8179, 0.6055, 1.821)
(-6.4004, 0.7712, 1.5668)
(-2.0667, -0.6213, 3.3858)
(-2.6899, -0.5017, 3.1529)
(-3.2798, -0.2904, 2.8283)
(-3.8159, -0.0437, 2.4547)
(-4.3486, 0.1907, 2.0637)
(-4.9258, 0.395, 1.6928)
(-5.5265, 0.5812, 1.3751)
(-6.1159, 0.7108, 1.0892)
(-0.5349, -1.147, 2.9782)
(-1.2084, -1.0724, 3.0039)
(-1.8989, -0.9606, 2.9107)
(-2.5715, -0.82, 2.667)
(-3.181, -0.6133, 2.3936)
(-3.7414, -0.369, 2.0827)
(-4.2719, -0.1007, 1.7206)
(-4.8095, 0.1681, 1.3615)
(-5.3602, 0.4224, 1.0194)
(-5.8693, 0.6185, 0.6527)
(-0.5435, -1.4115, 2.5467)
(-1.2234, -1.4215, 2.5311)
(-1.9059, -1.3802, 2.4535)
(-2.5779, -1.2696, 2.2947)
(-3.2037, -1.0872, 2.0713)
(-3.7567, -0.8269, 1.7682)
(-4.251, -0.5135, 1.4019)
(-4.7306, -0.1882, 1.027)
(-5.1685, 0.1944, 0.7187)
(-5.5656, 0.6196, 0.4637)
(-0.5517, -1.7364, 2.0224)
(-1.2397, -1.7865, 2.0274)
(-1.9261, -1.7911, 2.008)
(-2.5242, -1.5995, 1.9215)
(-3.0352, -1.2372, 1.749)
(-3.5209, -0.8431, 1.4959)
(-3.9667, -0.4546, 1.149)
(-4.4061, -0.0749, 0.7863)
(-4.8112, 0.3671, 0.6836)
(-5.2216, 0.8444, 0.7179)
(-0.5517, -2.0573, 1.4947)
(-1.2438, -2.1061, 1.5001)
(-1.9274, -2.0834, 1.4774)
(-2.4484, -1.7501, 1.3936)
(-2.8214, -1.1823, 1.2874)
(-3.2018, -0.6261, 1.1684)
(-3.5877, -0.1018, 0.9729)
(-4.0501, 0.3281, 0.7436)
(-4.5141, 0.6533, 0.8514)
(-4.9912, 0.9104, 1.0396)
(-0.5455, -2.3587, 0.9584)
(-1.2477, -2.3935, 0.9532)
(-1.9229, -2.2955, 0.9058)
(-2.4097, -1.8688, 0.8073)
(-2.711, -1.2408, 0.7129)
(-2.9882, -0.6104, 0.6352)
(-3.2657, -0.0253, 0.5648)
(-0.5274, -2.5891, 0.3921)
(-1.2243, -2.5913, 0.3736)
(-1.8613, -2.3959, 0.31)
(-2.2896, -1.9004, 0.2153)
(-2.5597, -1.2797, 0.1366)
(-2.8259, -0.6725, 0.0714)
(-3.0557, -0.1576, 0.018)
(-0.4964, -2.7539, -0.1985)
(-1.1796, -2.7094, -0.2294)
(-1.781, -2.4416, -0.297)
(-2.1808, -1.9317, -0.3782)
(-2.4521, -1.3466, -0.4445)
(-2.7189, -0.7703, -0.5015)
(-2.922, -0.2706, -0.5535)
(-0.4575, -2.8856, -0.7969)
(-1.1345, -2.8043, -0.8369)
(-1.7283, -2.5091, -0.9048)
(-2.1491, -2.016, -0.9759)
(-2.4451, -1.4589, -1.0335)
(-2.6804, -0.8862, -1.0854)
(-2.8076, -0.3746, -1.1354)
(-0.4127, -2.9812, -1.4015)
(-1.0843, -2.8742, -1.4466)
(-1.6798, -2.5668, -1.5135)
(-2.1406, -2.0997, -1.578)
(-2.4687, -1.5631, -1.6319)
(-2.6424, -0.9774, -1.6787)
(-2.6664, -0.4536, -1.7244)
(-0.3614, -3.0507, -2.0086)
(-1.0287, -2.9306, -2.0557)
(-1.6216, -2.6093, -2.1215)
(-2.0916, -2.1388, -2.184)
(-2.3835, -1.5778, -2.2261)
(-2.425, -0.9635, -2.2137)
(-2.4029, -0.487, -2.2655)
(-0.3025, -3.1097, -2.6148)
(-0.9682, -2.9931, -2.6609)
(-1.5665, -2.6816, -2.7168)
(-1.9552, -2.1865, -2.743)
(-2.0743, -1.5738, -2.6974)
(-2.0861, -0.9794, -2.6332)
(-2.1616, -0.5914, -2.8093)
(-0.2294, -3.1617, -3.2174)
(-0.8683, -3.0093, -3.248)
(-1.4201, -2.6416, -3.2483)
(-1.8028, -2.1505, -3.2432)
(-1.8746, -1.5737, -3.1471)
(-1.9529, -1.0181, -3.1129)
(-2.1685, -0.6119, -3.3901)
(-0.1247, -3.1215, -3.7938)
(-0.6579, -2.8292, -3.7133)
(-1.0748, -2.3744, -3.5239)
(-1.51, -1.9304, -3.4778)
(-1.8403, -1.5019, -3.5405)
(-2.1649, -1.0722, -3.5449)
(-2.4826, -0.6547, -3.609)
(0.0263, -2.918, -4.2899)
(-0.3452, -2.4677, -4.0327)
(-0.7395, -2.0739, -3.7644)
(-1.2424, -1.7331, -3.7513)
(-1.7645, -1.3517, -3.9146)
(-2.3425, -1.0495, -3.925)
(-2.7457, -0.7209, -3.8228)
(0.1207, -2.6279, -4.7644)
(-0.185, -2.1362, -4.4324)
(-0.6747, -1.9175, -4.2506)
(-1.2844, -1.7668, -4.2982)
(-1.8316, -1.3741, -4.4085)
(-2.3676, -0.9868, -4.4409)
(-2.7519, -0.6181, -4.3946)
(0.113, -2.3747, -5.2049)
(-0.2255, -1.9247, -4.8766)
(-0.7483, -1.8714, -4.7293)
(-1.3567, -1.8806, -4.7659)
(-1.9193, -1.5204, -4.8544)
(-2.3842, -1.024, -4.9104)
(-2.7091, -0.5599, -4.8845)
(-2.3735, 0.1374, 4.0329)
(-2.8884, 0.2479, 3.8925)
(-3.5311, 0.3513, 3.6473)
(-4.1478, 0.4581, 3.3207)
(-4.7547, 0.5417, 2.9696)
(-5.32, 0.6689, 2.5594)
(-5.8811, 0.8433, 2.184)
(-6.4852, 1.0164, 1.9498)
(-6.881, 1.589, 1.9616)
(-5.451, 0.9598, 0.9276)
(-5.6574, 1.2464, 0.7543)
(-5.9145, 1.7659, 0.704)
(-6.2286, 2.2277, 0.9361)
(-6.5797, 2.3421, 1.3455)
(-6.8045, 2.0168, 1.7541)
(-2.0978, 1.0638, 4.0112)
(-2.6651, 1.1158, 3.8579)
(-3.3167, 1.1965, 3.6284)
(-3.9375, 1.2719, 3.3187)
(-4.5546, 1.3385, 3.0292)
(-5.1485, 1.4264, 2.6949)
(-5.7278, 1.5952, 2.3145)
(-6.3258, 1.8387, 2.0081)
(-1.775, 1.4592, 3.7196)
(-2.4229, 1.5205, 3.5187)
(-3.0809, 1.5898, 3.272)
(-3.7049, 1.6541, 2.9715)
(-4.316, 1.7645, 2.691)
(-4.9451, 1.8811, 2.3777)
(-5.5835, 1.9993, 1.9987)
(-6.1545, 2.2048, 1.646)
(-0.1364, 1.8551, 3.3363)
(-0.8196, 1.7669, 3.3565)
(-1.5153, 1.7254, 3.2425)
(-2.2007, 1.7283, 3.0182)
(-2.8388, 1.7251, 2.7632)
(-3.44, 1.7501, 2.4595)
(-4.0217, 1.8875, 2.1922)
(-4.6382, 1.9787, 1.9033)
(-5.2487, 1.9867, 1.5726)
(-5.8105, 2.1072, 1.2672)
(-0.1327, 2.0979, 2.8945)
(-0.7678, 1.936, 2.8024)
(-1.4054, 1.8419, 2.6336)
(-2.044, 1.7403, 2.4414)
(-2.65, 1.5786, 2.2424)
(-3.1889, 1.6049, 1.9574)
(-3.7157, 1.7173, 1.7172)
(-4.3032, 1.6979, 1.5087)
(-4.8872, 1.6772, 1.2701)
(-5.471, 1.7069, 1.0363)
(-0.1408, 2.3355, 2.3288)
(-0.7102, 2.0282, 2.202)
(-1.2965, 1.8231, 2.0242)
(-1.9044, 1.6313, 1.8647)
(-2.4791, 1.3139, 1.7424)
(-2.9839, 1.3054, 1.4951)
(-3.4932, 1.3394, 1.3219)
(-4.0679, 1.2325, 1.1942)
(-4.6624, 1.2635, 1.0734)
(-5.2268, 1.2588, 1.0146)
(-0.1649, 2.5017, 1.7343)
(-0.6435, 2.0819, 1.6099)
(-1.1526, 1.7489, 1.4391)
(-1.7428, 1.4791, 1.2981)
(-2.2847, 1.0841, 1.2188)
(-2.8153, 0.9551, 1.0256)
(-3.3654, 0.8657, 0.9236)
(-3.9497, 0.7766, 0.8572)
(-4.4733, 0.9219, 0.9397)
(-4.9999, 0.9748, 1.108)
(-0.2075, 2.635, 1.1313)
(-0.6445, 2.1708, 1.0195)
(-1.0474, 1.686, 0.8711)
(-1.5659, 1.2975, 0.748)
(-2.0922, 0.8869, 0.6803)
(-2.6408, 0.6391, 0.5557)
(-3.1728, 0.4478, 0.4989)
(-0.2418, 2.7334, 0.524)
(-0.7226, 2.2945, 0.4325)
(-1.0778, 1.73, 0.306)
(-1.4657, 1.2058, 0.1899)
(-1.9358, 0.7611, 0.1196)
(-2.4671, 0.4182, 0.0527)
(-2.955, 0.1823, 0.0044)
(-0.2473, 2.7871, -0.0862)
(-0.7755, 2.3785, -0.1625)
(-1.1902, 1.8513, -0.2677)
(-1.5295, 1.2921, -0.3812)
(-1.8919, 0.7776, -0.4619)
(-2.3426, 0.3462, -0.5099)
(-2.7926, 0.0549, -0.5528)
(-0.2271, 2.8112, -0.6916)
(-0.7374, 2.3772, -0.7632)
(-1.2118, 1.8975, -0.8531)
(-1.6291, 1.4083, -0.9517)
(-1.9696, 0.8958, -1.0408)
(-2.3227, 0.3942, -1.0988)
(-2.6772, 0.0101, -1.1365)
(-0.1872, 2.7729, -1.2759)
(-0.5923, 2.2554, -1.3247)
(-1.0758, 1.7924, -1.4178)
(-1.5935, 1.4037, -1.5266)
(-2.0312, 0.9716, -1.6259)
(-2.3627, 0.455, -1.6956)
(-2.5812, -0.012, -1.7275)
(-0.2741, 2.732, -1.8307)
(-0.5483, 2.1543, -1.8585)
(-0.8861, 1.6089, -1.9471)
(-1.3722, 1.1934, -1.979)
(-1.832, 0.8104, -2.0494)
(-2.1513, 0.3333, -2.1528)
(-2.344, -0.1204, -2.2428)
(-0.4844, 2.7254, -2.3742)
(-0.7401, 2.1824, -2.3925)
(-0.9248, 1.5486, -2.4759)
(-1.2962, 1.0441, -2.4092)
(-1.6852, 0.6659, -2.4377)
(-1.9706, 0.2021, -2.5977)
(-2.14, -0.2661, -2.7668)
(-0.5173, 2.5355, -2.8449)
(-0.9698, 2.1373, -2.8511)
(-1.2678, 1.5805, -2.938)
(-1.603, 1.0974, -2.8569)
(-1.9005, 0.7381, -2.8991)
(-2.0956, 0.24, -3.1292)
(-2.1958, -0.2601, -3.3074)
(-0.4848, 2.4275, -3.3216)
(-1.1196, 2.1823, -3.2975)
(-1.5964, 1.7506, -3.3071)
(-1.9762, 1.2607, -3.2138)
(-2.2772, 0.8119, -3.1927)
(-2.4573, 0.2486, -3.3433)
(-2.5453, -0.2682, -3.4898)
(-0.5302, 2.4768, -3.8954)
(-1.089, 2.2108, -3.7645)
(-1.5226, 1.7618, -3.5925)
(-1.941, 1.2325, -3.4935)
(-2.3391, 0.6877, -3.4455)
(-2.6935, 0.1735, -3.541)
(-2.855, -0.285, -3.7131)
(-0.5591, 2.3274, -4.4402)
(-1.0393, 1.9795, -4.2162)
(-1.4641, 1.6044, -3.9164)
(-1.9372, 1.2133, -3.7323)
(-2.2913, 0.694, -3.757)
(-2.6074, 0.2172, -4.0083)
(-2.8322, -0.1859, -4.265)
(-0.6146, 2.0968, -4.6384)
(-1.1048, 1.895, -4.3804)
(-1.679, 1.6984, -4.215)
(-2.0953, 1.3492, -4.0002)
(-2.3461, 0.8778, -4.0444)
(-2.6535, 0.4148, -4.3708)
(-2.8959, -0.0174, -4.6301)
(-2.3034, 0.6612, 4.1258)
(-2.8277, 0.6666, 3.9872)
(-3.477, 0.7442, 3.7652)
(-4.0939, 0.819, 3.4493)
(-4.7008, 0.883, 3.1343)
(-5.2385, 0.9541, 2.7374)
(-5.7582, 1.1097, 2.3382)
(-6.3822, 1.3604, 2.1093)
