(-0.1188, -0.6576, -6.2167)
(0.4849, -0.4673, -6.0986)
(1.0622, -0.142, -5.8928)
(1.6275, 0.203, -5.6777)
(2.1684, 0.5725, -5.435)
(-0.1245, -0.9216, -5.8632)
(0.5014, -0.7346, -5.751)
(2.6312, 0.9494, -5.1578)
(1.0872, -0.4169, -5.5535)
(2.8684, 1.1885, -4.889)
(1.6401, -0.0587, -5.3293)
(2.1347, 0.3498, -5.0688)
(2.5412, 0.7677, -4.7777)
(2.8363, 1.1316, -4.5473)
(-0.1621, -1.2172, -5.3813)
(0.4676, -1.002, -5.2619)
(1.043, -0.6616, -5.0678)
(1.6024, -0.3154, -4.8647)
(2.1204, 0.0645, -4.6288)
(2.4759, 0.4661, -4.3375)
(2.6792, 0.8078, -4.0501)
(-0.2397, -1.4329, -4.8312)
(0.3537, -1.1293, -4.7042)
(0.8802, -0.7135, -4.5249)
(1.394, -0.3561, -4.3546)
(1.9667, -0.0302, -4.1567)
(2.4908, 0.1839, -3.9972)
(2.8944, 0.3481, -3.7103)
(-0.3053, -1.6366, -4.2709)
(0.2977, -1.3697, -4.1675)
(0.7809, -0.9317, -3.98)
(1.2946, -0.5882, -3.7955)
(1.8116, -0.2278, -3.6661)
(2.2022, 0.1708, -3.688)
(2.3699, 0.6256, -3.6027)
(-0.3599, -1.8437, -3.7083)
(0.2396, -1.6012, -3.6257)
(0.6864, -1.155, -3.461)
(1.2287, -0.8784, -3.2851)
(1.7225, -0.5179, -3.1466)
(2.0211, -0.0535, -3.1741)
(2.2177, 0.3193, -3.0449)
(-0.4014, -2.0326, -3.1378)
(0.2348, -1.8593, -3.0955)
(0.7752, -1.503, -3.0145)
(1.372, -1.2956, -2.9728)
(1.8214, -0.9172, -2.8254)
(1.9703, -0.3893, -2.6498)
(2.0522, 0.0297, -2.475)
(-0.4326, -2.1888, -2.5556)
(0.2265, -2.065, -2.54)
(0.8352, -1.8002, -2.4984)
(1.4322, -1.6076, -2.4793)
(1.8515, -1.2161, -2.328)
(2.0494, -0.7019, -2.1232)
(2.2946, -0.3236, -1.9894)
(-0.4461, -2.3236, -1.9674)
(0.2297, -2.2815, -1.9863)
(0.873, -2.0998, -1.9748)
(1.4567, -1.8861, -1.9346)
(1.8617, -1.4769, -1.7748)
(2.1336, -0.9889, -1.5837)
(2.4088, -0.6338, -1.4513)
(-0.4406, -2.4189, -1.3714)
(0.2409, -2.4686, -1.4224)
(0.9045, -2.3913, -1.4494)
(1.4769, -2.1498, -1.3908)
(1.8747, -1.7159, -1.2238)
(2.2151, -1.2567, -1.049)
(2.5313, -0.9297, -0.927)
(-0.4166, -2.4796, -0.7697)
(0.2618, -2.5995, -0.8396)
(0.9314, -2.6403, -0.8997)
(1.5197, -2.4172, -0.8544)
(1.9431, -1.9769, -0.6988)
(2.3454, -1.542, -0.5447)
(2.6841, -1.2279, -0.4251)
(-0.3746, -2.5415, -0.1709)
(0.296, -2.7308, -0.2564)
(0.9665, -2.867, -0.3401)
(1.597, -2.7103, -0.3363)
(2.0848, -2.2867, -0.2177)
(2.5297, -1.8495, -0.0755)
(2.8543, -1.5148, 0.074)
(-0.2988, -2.4861, 0.4256)
(0.3474, -2.7209, 0.3406)
(0.9803, -2.9456, 0.2581)
(1.6258, -2.8849, 0.2252)
(2.1899, -2.5352, 0.2932)
(2.7381, -2.1686, 0.3552)
(3.3606, -1.759, 0.4376)
(-0.1982, -2.3703, 1.0173)
(0.413, -2.6647, 0.9385)
(0.9725, -2.9767, 0.8603)
(1.5852, -2.9157, 0.7907)
(3.9412, -2.1279, 0.497)
(2.1957, -2.6835, 0.7921)
(2.8098, -2.5132, 0.7116)
(4.62, -2.073, 0.4169)
(3.3504, -2.3947, 0.4262)
(4.9746, -2.6411, 0.3865)
(3.927, -2.3931, 0.2874)
(-0.0863, -2.2633, 1.6155)
(0.5114, -2.5706, 1.5369)
(1.0382, -2.9627, 1.4487)
(5.1111, -2.8512, 0.3619)
(1.636, -3.1123, 1.2814)
(4.4331, -2.433, 0.4892)
(2.2479, -3.083, 1.0666)
(2.8612, -3.0142, 0.8302)
(4.8268, -2.6555, 0.4718)
(3.4533, -2.9374, 0.5455)
(5.1392, -2.6636, 0.2929)
(4.019, -2.9162, 0.3035)
(0.0232, -2.178, 2.1987)
(0.6411, -2.4385, 2.1405)
(1.2331, -2.7949, 2.0038)
(4.5435, -2.8116, 0.4133)
(1.8381, -3.0763, 1.7997)
(2.434, -3.2398, 1.5143)
(4.9335, -2.6108, 0.228)
(3.019, -3.3324, 1.1854)
(0.1177, -2.1193, 2.6656)
(5.2797, -2.5308, -0.0387)
(3.6029, -3.3638, 0.8456)
(4.1873, -3.3244, 0.5487)
(1.4998, -2.5439, 2.5085)
(0.7886, -2.2347, 2.8211)
(4.6949, -3.1392, 0.3973)
(2.1186, -2.8118, 2.2616)
(2.7109, -3.0393, 1.9772)
(4.9105, -2.8564, 0.0311)
(3.2843, -3.2513, 1.6661)
(5.1818, -2.7562, -0.3117)
(3.8391, -3.3963, 1.3343)
(4.3291, -3.2697, 0.9846)
(1.346, -2.2172, 3.1683)
(1.8473, -2.3236, 2.9532)
(4.7248, -3.0149, 0.6322)
(2.4359, -2.5413, 2.7085)
(3.0189, -2.8076, 2.441)
(5.1229, -2.9616, 0.2298)
(3.577, -3.0986, 2.1597)
(5.4147, -3.0541, -0.1252)
(4.0742, -3.2723, 1.829)
(4.3816, -3.1139, 1.3885)
(1.7462, -2.0818, 3.5238)
(2.189, -2.1248, 3.3653)
(4.7977, -3.1607, 0.9416)
(2.7616, -2.2939, 3.1238)
(3.3389, -2.5335, 2.8302)
(5.2419, -3.3353, 0.4874)
(3.8852, -2.8216, 2.5273)
(2.0644, -1.9631, 3.6554)
(5.495, -3.5139, 0.1091)
(4.3726, -3.0718, 2.1752)
(2.4088, -1.8935, 3.7037)
(3.0274, -2.1081, 3.4654)
(4.6992, -3.1666, 1.6638)
(3.6055, -2.3085, 3.1208)
(5.1406, -3.3405, 1.2029)
(4.1278, -2.5137, 2.7002)
(4.6034, -2.7654, 2.2534)
(5.5902, -3.5657, 0.7691)
(5.0163, -3.0439, 1.7604)
(5.8093, -3.7685, 0.4031)
(5.4478, -3.3054, 1.3561)
(6.0242, -3.7491, 0.6658)
(6.0179, -3.6, 0.9611)
(0.6457, 3.233, -3.5971)
(1.2703, 3.0698, -3.5697)
(1.8818, 2.9219, -3.5759)
(2.2233, 2.4241, -3.6495)
(2.6509, 2.0254, -3.9539)
(0.9421, 3.267, -3.5964)
(1.3576, 2.8452, -3.474)
(3.0719, 1.6349, -4.2033)
(1.8905, 2.6243, -3.492)
(3.1168, 1.3628, -4.4855)
(2.3816, 2.3318, -3.5125)
(2.6115, 1.852, -3.7094)
(2.8236, 1.4386, -4.0957)
(2.8459, 1.1435, -4.5343)
(1.2495, 3.3761, -3.2661)
(1.6726, 2.8956, -3.2703)
(1.9508, 2.3937, -3.2215)
(2.3554, 1.9922, -3.3432)
(2.6797, 1.5408, -3.4115)
(2.8442, 1.1049, -3.7319)
(2.6909, 0.8197, -4.0386)
(1.3708, 3.3318, -2.7182)
(1.8662, 2.9034, -2.8096)
(2.1877, 2.3255, -2.8767)
(2.3827, 1.7266, -3.022)
(2.4922, 1.1784, -3.1999)
(2.7758, 0.792, -3.4226)
(2.8974, 0.3639, -3.696)
(1.3246, 3.2, -2.1845)
(1.7176, 2.7161, -2.3357)
(1.9803, 2.0982, -2.4936)
(2.0961, 1.4562, -2.6073)
(2.2065, 0.9482, -2.7951)
(2.417, 0.8346, -3.2283)
(2.3974, 0.6293, -3.5823)
(1.1233, 3.0376, -1.7883)
(1.4115, 2.4644, -2.0168)
(1.6471, 1.8566, -2.2192)
(1.815, 1.2642, -2.1879)
(2.0033, 0.773, -2.2279)
(2.1756, 0.6434, -2.7193)
(2.2365, 0.4184, -3.1429)
(1.2677, 2.9298, -1.2842)
(1.5253, 2.3424, -1.5202)
(1.7528, 1.7524, -1.7341)
(1.8872, 1.1523, -1.7295)
(2.0473, 0.6457, -1.7654)
(2.0996, 0.3367, -2.1469)
(2.086, 0.0144, -2.4403)
(1.4631, 2.7869, -0.7295)
(1.7504, 2.2188, -0.9712)
(1.9916, 1.6362, -1.2114)
(2.2529, 1.0963, -1.3892)
(2.4256, 0.5693, -1.5535)
(2.3432, 0.0748, -1.7428)
(2.3184, -0.3202, -1.982)
(1.5737, 2.5812, -0.1676)
(1.8965, 2.0328, -0.4152)
(2.1498, 1.4517, -0.6659)
(2.3971, 0.8987, -0.8897)
(2.5699, 0.3439, -1.1009)
(2.5643, -0.2051, -1.2903)
(2.4224, -0.619, -1.4477)
(1.5903, 2.3296, 0.3892)
(1.9062, 1.7834, 0.1337)
(2.1604, 1.2012, -0.1221)
(2.3988, 0.6361, -0.3498)
(2.5869, 0.0729, -0.5658)
(2.6477, -0.4827, -0.7717)
(2.5435, -0.9131, -0.9264)
(1.5245, 2.0478, 0.9261)
(1.7982, 1.4899, 0.6524)
(2.0543, 0.9101, 0.3946)
(2.3188, 0.3436, 0.1667)
(2.556, -0.2186, -0.0473)
(2.7013, -0.7709, -0.2562)
(2.6971, -1.2121, -0.4247)
(1.4292, 1.7389, 1.4408)
(1.7158, 1.1951, 1.1631)
(2.0389, 0.661, 0.9203)
(2.3075, 0.0903, 0.6919)
(2.5472, -0.4876, 0.4718)
(2.7551, -1.0424, 0.2503)
(2.8629, -1.497, 0.0799)
(1.4014, 1.4177, 1.9519)
(1.8155, 0.9622, 1.6879)
(2.2664, 0.549, 1.4444)
(2.5279, -0.0206, 1.223)
(2.7406, -0.6256, 1.002)
(3.0251, -1.1684, 0.7327)
(3.3766, -1.7442, 0.4374)
(1.452, 1.1077, 2.47)
(1.9797, 0.7688, 2.2296)
(2.5067, 0.4428, 1.9912)
(2.8285, -0.0778, 1.7448)
(3.9461, -2.1128, 0.5334)
(3.083, -0.6438, 1.4895)
(3.4371, -1.0972, 1.1486)
(4.6391, -2.0423, 0.4361)
(3.8414, -1.4669, 0.7629)
(4.9468, -2.6506, 0.45)
(4.2432, -1.8678, 0.5194)
(1.5098, 0.7759, 2.9796)
(2.0971, 0.5121, 2.7699)
(2.6837, 0.2622, 2.5436)
(5.0186, -2.3856, 0.2156)
(3.1243, -0.1435, 2.2602)
(4.7345, -2.2243, 0.4911)
(3.4923, -0.5902, 1.9243)
(3.8901, -0.9654, 1.5295)
(5.1676, -2.4592, 0.2855)
(4.301, -1.2652, 1.0938)
(5.2519, -2.2146, 0.0351)
(4.6631, -1.6922, 0.7679)
(1.5173, 0.4158, 3.4438)
(2.1438, 0.1818, 3.2983)
(2.7886, -0.0433, 3.0671)
(5.1555, -2.0761, 0.5315)
(3.366, -0.3197, 2.7721)
(3.8454, -0.6425, 2.3916)
(5.61, -2.3092, 0.2415)
(4.2868, -0.9601, 1.9613)
(1.4746, 0.0785, 3.7724)
(5.7539, -2.0486, 0.059)
(4.7218, -1.2561, 1.5134)
(5.1199, -1.6327, 1.1088)
(2.8412, -0.4621, 3.5182)
(2.051, -0.2915, 3.8138)
(5.5986, -1.9824, 0.7819)
(3.4924, -0.6781, 3.236)
(4.0419, -0.9428, 2.8565)
(6.0886, -2.2287, 0.4946)
(4.5229, -1.2374, 2.417)
(6.3238, -2.154, 0.1745)
(5.0027, -1.5279, 1.9656)
(5.4895, -1.8121, 1.5041)
(2.3308, -0.8071, 3.9436)
(2.8536, -0.9808, 3.7941)
(5.9713, -2.1176, 1.1369)
(3.4648, -1.1937, 3.5379)
(4.0419, -1.4303, 3.1796)
(6.4839, -2.357, 0.823)
(4.5652, -1.693, 2.7606)
(6.7466, -2.4673, 0.4717)
(5.0905, -1.9598, 2.3393)
(5.5995, -2.216, 1.8756)
(2.2895, -1.3232, 4.0022)
(2.7086, -1.5103, 3.8391)
(6.0597, -2.4925, 1.4741)
(3.282, -1.728, 3.5956)
(3.8544, -1.9547, 3.2468)
(6.5577, -2.7662, 1.1051)
(4.3729, -2.1916, 2.8175)
(2.2732, -1.6554, 3.9134)
(6.8884, -2.9198, 0.7844)
(4.8653, -2.4501, 2.3609)
(2.4421, -1.8768, 3.7247)
(3.0567, -2.0993, 3.4908)
(5.3511, -2.7355, 1.8885)
(3.6224, -2.3041, 3.1351)
(5.8443, -2.9739, 1.4869)
(4.1352, -2.524, 2.717)
(4.612, -2.7784, 2.2706)
(6.3218, -3.257, 1.1335)
(5.0252, -3.0963, 1.7648)
(6.6925, -3.4022, 0.8831)
(5.615, -3.3819, 1.27)
(6.4243, -3.6243, 0.9366)
(6.1052, -3.6339, 0.9787)
(-0.6178, -0.4397, -6.0247)
(-0.7621, -0.051, -5.547)
(-1.0965, 0.2462, -5.1695)
(-1.6733, 0.2691, -5.1411)
(-2.1635, 0.6605, -5.0774)
(-2.477, 1.2585, -4.9569)
(-0.6612, -0.7641, -5.7128)
(-0.8067, -0.373, -5.2512)
(-1.0675, -0.0163, -4.833)
(-2.6425, 1.8583, -4.7546)
(-1.632, 0.1486, -4.7325)
(-2.7412, 2.2094, -4.5248)
(-2.1127, 0.582, -4.663)
(-2.4423, 1.1688, -4.5485)
(-2.7079, 1.7128, -4.3632)
(-2.7724, 2.1739, -4.1809)
(-0.7437, -1.1486, -5.3087)
(-0.9588, -0.7682, -4.9022)
(-1.1193, -0.3565, -4.4379)
(-1.5564, -0.0196, -4.2216)
(-1.9445, 0.5192, -4.1643)
(-2.3226, 1.0678, -4.0651)
(-2.729, 1.4867, -3.8661)
(-2.8674, 1.888, -3.6445)
(-0.8675, -1.459, -4.841)
(-1.2986, -1.1178, -4.6217)
(-1.4947, -0.673, -4.2058)
(-1.7358, -0.2448, -3.8262)
(-2.0324, 0.2963, -3.7437)
(-2.3497, 0.7935, -3.6777)
(-2.6855, 1.2424, -3.4556)
(-2.8353, 1.5692, -3.1283)
(-0.9684, -1.6612, -4.2955)
(-1.5546, -1.4063, -4.2205)
(-1.9362, -0.9345, -4.0132)
(-2.2016, -0.4029, -3.7478)
(-2.3502, 0.1439, -3.5731)
(-2.2346, 0.6068, -3.3211)
(-2.3107, 1.1606, -3.2478)
(-2.303, 1.7697, -3.4594)
(-1.0294, -1.8116, -3.7121)
(-1.6569, -1.5699, -3.6647)
(-2.1668, -1.142, -3.5605)
(-2.497, -0.6089, -3.3996)
(-2.4665, -0.0494, -3.1631)
(-2.2519, 0.448, -2.865)
(-2.2066, 0.9524, -2.772)
(-2.2113, 1.2991, -3.1219)
(-1.0715, -1.952, -3.1206)
(-1.6987, -1.6942, -3.0682)
(-2.2188, -1.2678, -2.9785)
(-2.5698, -0.7092, -2.8483)
(-2.6967, -0.107, -2.6726)
(-2.5722, 0.466, -2.4508)
(-2.3285, 0.9331, -2.2581)
(-2.2948, 1.3121, -2.3363)
(-1.1017, -2.0848, -2.5254)
(-1.7292, -1.8225, -2.469)
(-2.2552, -1.4032, -2.3829)
(-2.6153, -0.8467, -2.2606)
(-2.8142, -0.2485, -2.1102)
(-2.8286, 0.3487, -1.9462)
(-2.6495, 0.8812, -1.7839)
(-2.4785, 1.2876, -1.7177)
(-1.1166, -2.1967, -1.9245)
(-1.7501, -1.9429, -1.8665)
(-2.289, -1.5421, -1.7852)
(-2.6362, -0.9862, -1.666)
(-2.7985, -0.3838, -1.5168)
(-2.8502, 0.2175, -1.3618)
(-2.7816, 0.7849, -1.2141)
(-2.6537, 1.2154, -1.1131)
(-1.1125, -2.2755, -1.3179)
(-1.7562, -2.0416, -1.2591)
(-2.312, -1.668, -1.1828)
(-2.643, -1.1096, -1.0692)
(-2.745, -0.4897, -0.9238)
(-2.7966, 0.1222, -0.7692)
(-2.8127, 0.7037, -0.6197)
(-2.7679, 1.158, -0.5125)
(-1.0892, -2.3224, -0.7083)
(-1.7458, -2.1104, -0.6475)
(-2.3338, -1.7819, -0.577)
(-2.6907, -1.2379, -0.4756)
(-2.776, -0.5963, -0.3351)
(-2.816, 0.0402, -0.1805)
(-2.8583, 0.6412, -0.0302)
(-2.8786, 1.1047, 0.0821)
(-1.0437, -2.3451, -0.1001)
(-1.7121, -2.1384, -0.0354)
(-2.3518, -1.8755, 0.0288)
(-2.789, -1.3827, 0.1086)
(-2.8976, -0.7183, 0.2399)
(-2.9246, -0.0459, 0.3952)
(-2.9594, 0.591, 0.5502)
(-2.9761, 1.0802, 0.6791)
(-0.9598, -2.2789, 0.5012)
(-1.6262, -2.0834, 0.5712)
(-2.2837, -1.866, 0.6382)
(-2.8034, -1.4666, 0.7079)
(-2.9809, -0.8262, 0.8226)
(-3.0612, -0.1477, 0.963)
(-3.1467, 0.523, 1.0927)
(-3.211, 1.2679, 1.2862)
(-0.8525, -2.1663, 1.097)
(-1.5157, -1.9868, 1.1704)
(-2.1747, -1.7937, 1.2386)
(-2.739, -1.4767, 1.3041)
(-3.0125, -0.9079, 1.3862)
(-3.6991, 1.7716, 1.2774)
(-3.2565, -0.2839, 1.4554)
(-3.5045, 0.3461, 1.4411)
(-3.9442, 1.9087, 1.9237)
(-3.7611, 0.9616, 1.3068)
(-4.5901, 2.1307, 1.9058)
(-0.7372, -2.0589, 1.6957)
(-4.0516, 1.5226, 1.286)
(-1.3959, -1.8714, 1.7667)
(-2.0456, -1.6561, 1.8241)
(-2.6611, -1.3573, 1.8531)
(-4.6695, 2.3586, 1.7217)
(-3.1715, -0.9304, 1.8338)
(-4.3074, 1.9568, 1.6223)
(-3.5905, -0.4121, 1.7346)
(-3.9192, 0.1667, 1.5708)
(-4.614, 2.3837, 1.7618)
(-4.2187, 0.7577, 1.3706)
(-4.9049, 2.498, 1.638)
(-4.4877, 1.3542, 1.2386)
(-0.6248, -1.9693, 2.2584)
(-1.264, -1.743, 2.3345)
(-1.8722, -1.4551, 2.39)
(-2.4774, -1.0835, 2.3428)
(-4.6657, 1.9555, 1.3151)
(-3.0322, -0.6551, 2.2525)
(-3.5289, -0.1908, 2.1529)
(-4.8886, 2.514, 1.4061)
(-3.9471, 0.3306, 1.9896)
(-0.5491, -1.9152, 2.6566)
(-1.1705, -1.6496, 2.7952)
(-5.1144, 2.8744, 1.4815)
(-4.3285, 0.8771, 1.7924)
(-4.7052, 1.4231, 1.6016)
(-2.4026, -0.8953, 2.9119)
(-1.6905, -1.3135, 3.0732)
(-5.0395, 1.9716, 1.4226)
(-2.9223, -0.4252, 2.77)
(-3.3544, 0.0901, 2.5978)
(-5.3064, 2.4803, 1.2453)
(-3.7571, 0.6172, 2.3898)
(-5.5192, 2.8882, 1.2512)
(-4.1682, 1.1457, 2.1781)
(-4.6252, 1.6568, 2.002)
(-1.9717, -0.9865, 3.5242)
(-2.4557, -0.7023, 3.4679)
(-5.1034, 2.1228, 1.8331)
(-2.9804, -0.2882, 3.3374)
(-3.4494, 0.1968, 3.1382)
(-5.5807, 2.4689, 1.6244)
(-3.8871, 0.6928, 2.9035)
(-5.9428, 2.7441, 1.492)
(-4.3585, 1.1643, 2.6534)
(-4.8766, 1.6283, 2.4241)
(-2.0106, -0.6907, 3.9732)
(-2.4154, -0.4237, 3.946)
(-5.3722, 2.0617, 2.2657)
(-2.954, -0.0584, 3.8506)
(-3.4824, 0.3711, 3.6667)
(-5.842, 2.4633, 2.1417)
(-3.9988, 0.7952, 3.4374)
(-2.0686, -0.4395, 4.213)
(-6.1817, 2.7938, 2.0201)
(-4.5226, 1.2132, 3.1837)
(-2.2379, -0.147, 4.258)
(-2.8488, 0.1936, 4.2071)
(-5.0159, 1.6869, 2.9182)
(-3.4134, 0.5881, 4.0462)
(-5.5122, 2.1243, 2.7544)
(-3.9609, 0.9648, 3.819)
(-4.5024, 1.3414, 3.5918)
(-5.9716, 2.5282, 2.6706)
(-4.8574, 1.8007, 3.2178)
(-6.2756, 2.8676, 2.5577)
(-5.3588, 2.263, 3.0959)
(-6.1421, 2.8597, 2.8728)
(-5.9027, 2.7028, 3.0676)
(0.2507, 3.5037, -3.7685)
(-0.1076, 3.4687, -3.4368)
(-0.6982, 3.5973, -3.2983)
(-1.2955, 3.4809, -3.2812)
(-1.6188, 3.036, -3.257)
(-2.0955, 2.9166, -3.5866)
(0.5031, 3.6547, -3.6446)
(-0.0572, 3.5918, -3.5085)
(-0.6163, 3.3772, -3.2942)
(-2.625, 2.7592, -3.9152)
(-1.1907, 3.2472, -3.0647)
(-2.8538, 2.5228, -4.171)
(-1.7107, 2.954, -3.0224)
(-2.1126, 2.648, -3.3629)
(-2.5301, 2.436, -3.7748)
(-2.7746, 2.1879, -4.1648)
(0.6676, 3.666, -3.1761)
(0.0359, 3.6646, -3.0705)
(-0.4865, 3.3441, -2.9068)
(-1.0424, 3.0051, -2.815)
(-1.6254, 2.6712, -2.87)
(-2.1647, 2.356, -3.0471)
(-2.6355, 2.1922, -3.3595)
(-2.8665, 1.9021, -3.6287)
(0.7293, 3.5073, -2.6148)
(0.053, 3.5607, -2.5381)
(-0.5854, 3.4461, -2.4972)
(-1.1612, 3.12, -2.5298)
(-1.7105, 2.7655, -2.5496)
(-2.1904, 2.3896, -2.6875)
(-2.5745, 1.9995, -2.9682)
(-2.8419, 1.5834, -3.1118)
(0.7359, 3.3258, -2.1)
(0.0712, 3.2909, -2.0842)
(-0.5333, 3.1318, -2.1736)
(-1.0394, 2.7812, -2.3349)
(-1.5048, 2.5155, -2.2824)
(-1.8262, 2.253, -2.6053)
(-2.1585, 1.8629, -2.9122)
(-2.2561, 1.6477, -3.3322)
(0.7134, 3.4113, -1.622)
(0.1645, 3.2806, -1.6113)
(-0.23, 2.8645, -1.8416)
(-0.703, 2.4445, -2.0167)
(-1.1875, 2.1703, -2.0091)
(-1.6171, 1.982, -2.2631)
(-1.9864, 1.6244, -2.5581)
(-2.1671, 1.2836, -2.9309)
(0.8578, 3.2993, -1.1028)
(0.3642, 3.0511, -1.148)
(-0.0159, 2.5893, -1.3983)
(-0.5334, 2.2246, -1.5616)
(-1.095, 2.0003, -1.5872)
(-1.58, 1.8058, -1.7974)
(-1.9751, 1.4928, -2.02)
(-2.2699, 1.285, -2.2921)
(1.0164, 3.0988, -0.5681)
(0.5296, 2.8155, -0.6701)
(-0.014, 2.4885, -0.8538)
(-0.6284, 2.3096, -1.0288)
(-1.2417, 2.1959, -1.1582)
(-1.7806, 1.9588, -1.3516)
(-2.2051, 1.6146, -1.5273)
(-2.4664, 1.2993, -1.7004)
(1.0789, 2.9035, -0.0136)
(0.4912, 2.7574, -0.1086)
(-0.1222, 2.5151, -0.2751)
(-0.7364, 2.3134, -0.4521)
(-1.3015, 2.0967, -0.6283)
(-1.7976, 1.7859, -0.8265)
(-2.272, 1.4755, -0.9827)
(-2.6445, 1.232, -1.1028)
(1.0744, 2.6674, 0.542)
(0.4356, 2.6233, 0.4727)
(-0.1845, 2.3962, 0.3026)
(-0.7555, 2.1113, 0.0944)
(-1.2552, 1.7793, -0.1306)
(-1.769, 1.4769, -0.3091)
(-2.3092, 1.2601, -0.4287)
(-2.7621, 1.1761, -0.5019)
(1.0488, 2.4198, 1.0993)
(0.4181, 2.3924, 1.035)
(-0.1689, 2.1249, 0.8338)
(-0.6901, 1.7767, 0.5788)
(-1.2241, 1.467, 0.3667)
(-1.8096, 1.2546, 0.2333)
(-2.3997, 1.1491, 0.1402)
(-2.8801, 1.1246, 0.0922)
(1.0214, 2.1467, 1.6486)
(0.4268, 2.1013, 1.5706)
(-0.1138, 1.792, 1.3276)
(-0.6662, 1.5178, 1.0919)
(-1.2817, 1.3343, 0.9286)
(-1.903, 1.1895, 0.8082)
(-2.499, 1.2105, 0.7092)
(-2.9751, 1.1041, 0.6952)
(1.0083, 1.8238, 2.1781)
(0.4306, 1.7784, 2.0901)
(-0.1186, 1.5278, 1.847)
(-0.7357, 1.4813, 1.6622)
(-1.3853, 1.3642, 1.5193)
(-2.0019, 1.2543, 1.3878)
(-2.5513, 1.4312, 1.2558)
(-3.2085, 1.2933, 1.3094)
(1.0005, 1.471, 2.6915)
(0.3963, 1.4796, 2.6171)
(-0.2103, 1.3713, 2.4123)
(-0.8375, 1.466, 2.2595)
(-1.489, 1.4031, 2.1162)
(-3.7026, 1.8063, 1.2489)
(-2.0938, 1.383, 1.9698)
(-2.5426, 1.6964, 1.8123)
(-3.874, 1.8753, 1.9455)
(-3.1228, 1.7608, 1.7948)
(-4.5931, 2.2018, 1.9337)
(0.9656, 1.0745, 3.1682)
(-3.6564, 2.0227, 1.7216)
(0.3282, 1.1648, 3.1328)
(-0.3117, 1.2145, 2.9898)
(-0.9347, 1.4003, 2.8589)
(-4.8136, 2.3364, 1.768)
(-1.581, 1.4469, 2.7084)
(-4.1663, 2.2253, 1.9115)
(-2.1667, 1.5564, 2.5421)
(-2.5571, 1.9434, 2.3657)
(-4.6392, 2.3842, 1.8824)
(-3.0958, 2.1291, 2.2961)
(-4.9766, 2.6144, 1.6408)
(-3.6555, 2.3513, 2.1493)
(0.8926, 0.6535, 3.5586)
(0.2381, 0.8132, 3.5961)
(-0.4079, 0.9737, 3.5571)
(-1.0446, 1.2352, 3.4409)
(-4.2074, 2.6223, 2.0803)
(-1.6738, 1.448, 3.2887)
(-2.246, 1.7062, 3.0937)
(-4.7082, 2.8718, 1.9198)
(-2.7446, 2.0579, 2.9025)
(0.8219, 0.3433, 3.8148)
(0.138, 0.4991, 3.9391)
(-5.0316, 3.1553, 1.6434)
(-3.2348, 2.4404, 2.7885)
(-3.8203, 2.7152, 2.577)
(-1.2655, 0.9627, 3.9379)
(-0.5501, 0.5471, 4.1179)
(-4.3372, 3.0127, 2.4081)
(-1.8807, 1.3041, 3.8138)
(-2.4557, 1.6424, 3.6278)
(-4.8209, 3.3685, 2.215)
(-2.9968, 2.0078, 3.4403)
(-5.062, 3.6875, 1.9275)
(-3.5056, 2.435, 3.3121)
(-4.0913, 2.8131, 3.0707)
(-1.1394, 0.361, 4.3208)
(-1.6309, 0.6305, 4.2512)
(-4.6146, 3.233, 2.8357)
(-2.2105, 0.9769, 4.1645)
(-2.7832, 1.3495, 4.005)
(-5.0147, 3.6733, 2.6501)
(-3.3354, 1.7246, 3.8135)
(-5.3163, 3.9349, 2.4121)
(-3.8817, 2.1087, 3.6458)
(-4.4148, 2.5493, 3.413)
(-1.5713, 0.034, 4.4148)
(-2.0046, 0.2378, 4.3551)
(-4.9191, 3.0442, 3.2052)
(-2.5674, 0.56, 4.2769)
(-3.1334, 0.9323, 4.1145)
(-5.3419, 3.5155, 3.0362)
(-3.6785, 1.2966, 3.8955)
(-1.8863, -0.1314, 4.3668)
(-5.6625, 3.7949, 2.8594)
(-4.2231, 1.6477, 3.715)
(-2.2218, -0.1368, 4.2723)
(-2.8304, 0.2031, 4.2217)
(-4.6834, 2.0496, 3.412)
(-3.3977, 0.5877, 4.0705)
(-5.1464, 2.5454, 3.2484)
(-3.9404, 0.9689, 3.8391)
(-4.4768, 1.3462, 3.6091)
(-5.6104, 3.0364, 3.1753)
(-4.8415, 1.7548, 3.1551)
(-5.9312, 3.3782, 3.0932)
(-5.3187, 2.2253, 3.0521)
(-6.0155, 3.0346, 3.1465)
(-5.8943, 2.7343, 3.0869)
(2.5374, -0.9214, -0.9267)
(2.685, 0.8138, -4.0444)
(2.4255, -1.8852, 3.7142)
(2.0691, 0.0221, -2.4576)
(3.0421, -2.1037, 3.4781)
(3.6139, -2.3063, 3.128)
(2.6906, -1.22, -0.4249)
(4.1315, -2.5188, 2.7086)
(4.6077, -2.7719, 2.262)
(5.0208, -3.0701, 1.7626)
(5.5314, -3.3437, 1.3131)
(2.8959, 0.356, -3.7031)
(6.0616, -3.6169, 0.9699)
(2.3065, -0.3219, -1.9857)
(2.4156, -0.6264, -1.4495)
(3.9437, -2.1203, 0.5152)
(2.8586, -1.5059, 0.077)
(3.3686, -1.7516, 0.4375)
(4.6295, -2.0577, 0.4265)
(4.9607, -2.6459, 0.4182)
(2.8411, 1.1375, -4.5408)
(2.3836, 0.6275, -3.5925)
(2.2271, 0.3688, -3.0939)
(5.722, -3.6699, 0.5794)
(5.7762, -3.5897, 0.8797)
(6.0379, -3.6818, 0.8089)
(5.9472, -3.7849, 0.5364)
(5.0588, -2.7839, 0.3721)
(4.8604, -2.6501, 0.4607)
(4.9887, -2.6859, 0.3906)
(5.1163, -2.789, 0.3506)
(4.88, -2.6125, 0.3786)
(5.1076, -2.5568, 0.0924)
(5.2257, -2.5572, 0.1519)
(4.9147, -2.7261, 0.089)
(5.0332, -2.7863, -0.1494)
(5.2217, -2.6168, -0.221)
(5.0064, -2.9036, 0.0981)
(5.2801, -2.999, 0.0462)
(5.2835, -2.8904, -0.2545)
(5.1776, -3.1294, 0.3582)
(5.3872, -3.4256, 0.2903)
(5.456, -3.2821, -0.0084)
(5.3944, -3.4852, 0.631)
(5.6315, -3.6801, 0.2531)
(1.5879, -2.2603, 3.0632)
(1.5632, -2.1561, 3.3649)
(1.9549, -2.0922, 3.4516)
(2.0258, -2.2224, 3.1697)
(2.1351, -2.4209, 2.8347)
(2.4647, -2.1954, 3.2547)
(2.6035, -2.4121, 2.9255)
(2.7315, -2.6705, 2.5767)
(3.0547, -2.407, 2.9801)
(3.1829, -2.6712, 2.6501)
(3.2996, -2.9529, 2.3027)
(3.6146, -2.6739, 2.6791)
(3.7354, -2.9723, 2.3683)
(3.847, -3.2251, 2.0068)
(4.1479, -2.9642, 2.3688)
(4.2236, -3.1844, 2.0337)
(4.2348, -3.2032, 1.6164)
(4.5398, -3.1254, 1.9273)
(4.5171, -3.1367, 1.5471)
(4.5713, -3.1046, 1.1656)
(4.9025, -3.2397, 1.4254)
(4.9499, -3.2716, 1.0843)
(5.0349, -3.2436, 0.7099)
(5.385, -3.4531, 0.9808)
(1.1803, -2.4079, 2.631)
(1.0868, -2.2443, 2.977)
(1.6669, -2.4289, 2.7349)
(1.8114, -2.6804, 2.3887)
(2.2733, -2.6731, 2.4855)
(2.418, -2.93, 2.1238)
(2.8616, -2.9245, 2.2117)
(2.9992, -3.1462, 1.8242)
(3.4275, -3.1828, 1.9188)
(3.5659, -3.3469, 1.5032)
(3.952, -3.3431, 1.5906)
(4.097, -3.3668, 1.1594)
(4.3407, -3.1709, 1.199)
(4.5308, -3.1341, 0.8132)
(4.7338, -3.0504, 0.7875)
(4.9298, -2.9599, 0.4316)
(-0.2991, -2.0724, 2.2259)
(-0.5834, -1.9391, 2.4731)
(-0.2201, -2.0255, 2.6436)
(0.0718, -2.1464, 2.4434)
(0.3369, -2.2954, 2.175)
(0.4596, -2.1911, 2.7205)
(0.7204, -2.3586, 2.4389)
(0.9374, -2.614, 2.0822)
(1.3569, -2.6709, 2.2642)
(1.5347, -2.9514, 1.911)
(1.9723, -2.9568, 2.0371)
(2.138, -3.1699, 1.6657)
(2.5658, -3.1625, 1.7484)
(2.7271, -3.2937, 1.3524)
(3.1438, -3.3219, 1.4194)
(3.3109, -3.3553, 1.0167)
(3.7164, -3.4199, 1.076)
(3.8947, -3.3572, 0.6775)
(4.2739, -3.3437, 0.756)
(4.4713, -3.2534, 0.4798)
(4.7214, -3.0916, 0.4906)
(4.8205, -2.9894, 0.2327)
(-0.4087, -2.1543, 1.6562)
(-0.678, -2.0103, 1.9922)
(-0.0302, -2.2173, 1.917)
(0.2236, -2.3983, 1.5753)
(0.5717, -2.5086, 1.8405)
(0.774, -2.7776, 1.499)
(1.123, -2.8972, 1.7313)
(1.3293, -3.0715, 1.3746)
(1.7217, -3.1348, 1.541)
(1.9423, -3.1089, 1.1772)
(2.3251, -3.2144, 1.2712)
(2.5555, -3.0515, 0.9519)
(2.9239, -3.2218, 0.9751)
(3.1609, -2.9708, 0.697)
(3.5192, -3.1888, 0.6694)
(3.7384, -2.9263, 0.3864)
(4.0983, -3.1662, 0.3967)
(4.2938, -2.8817, 0.3533)
(4.6297, -3.0229, 0.3796)
(4.7518, -2.708, 0.3577)
(-0.5226, -2.2615, 1.0576)
(-0.7956, -2.111, 1.3956)
(-0.1429, -2.3143, 1.3147)
(0.1159, -2.5026, 0.9774)
(0.4581, -2.6231, 1.2366)
(0.6916, -2.8467, 0.9003)
(0.9901, -2.9834, 1.1573)
(1.2746, -2.9904, 0.8186)
(1.5917, -3.0122, 1.0385)
(1.8899, -2.8008, 0.7878)
(2.2075, -2.8734, 0.9332)
(2.5089, -2.5904, 0.777)
(2.8279, -2.758, 0.7721)
(3.0823, -2.4418, 0.5796)
(3.3919, -2.6649, 0.4659)
(3.6379, -2.387, 0.3107)
(3.9581, -2.6412, 0.2662)
(4.1941, -2.3935, 0.3795)
(4.4646, -2.6062, 0.4616)
(4.6432, -2.5455, 0.5163)
(-0.6283, -2.3806, 0.4645)
(-0.9078, -2.2243, 0.7993)
(-0.2507, -2.4301, 0.7216)
(0.0271, -2.5979, 0.384)
(0.3772, -2.6958, 0.64)
(0.6619, -2.8512, 0.2972)
(0.9743, -2.9627, 0.5602)
(1.3081, -2.96, 0.23)
(1.6054, -2.8922, 0.5155)
(1.9154, -2.7287, 0.2516)
(2.1982, -2.5927, 0.5658)
(2.4651, -2.3473, 0.3306)
(2.7884, -2.325, 0.5618)
(3.0119, -1.9902, 0.3703)
(3.3429, -2.1277, 0.4201)
(3.6509, -1.9434, 0.4673)
(3.9306, -2.2122, 0.367)
(4.2806, -2.1005, 0.4569)
(4.4816, -2.2864, 0.4705)
(4.7973, -2.3571, 0.4017)
(-0.7094, -2.4447, -0.1342)
(-1.0061, -2.3224, 0.2015)
(-0.3409, -2.5282, 0.1279)
(-0.0395, -2.636, -0.2115)
(0.32, -2.7404, 0.0408)
(0.6316, -2.8207, -0.3033)
(0.9779, -2.9214, -0.0444)
(1.2957, -2.8312, -0.3535)
(1.6225, -2.8234, -0.0614)
(1.8534, -2.5167, -0.2865)
(2.1497, -2.4308, 0.0298)
(2.3126, -2.058, -0.1454)
(2.6429, -2.0103, 0.142)
(2.7216, -1.6706, -0.0086)
(3.1075, -1.6369, 0.2558)
(-0.7541, -2.4064, -0.7384)
(-1.0705, -2.3412, -0.4036)
(-0.399, -2.5179, -0.4699)
(-0.0778, -2.5435, -0.8032)
(0.2768, -2.6745, -0.5487)
(0.6004, -2.642, -0.8766)
(0.9493, -2.7654, -0.6231)
(1.2447, -2.5648, -0.8937)
(1.5582, -2.567, -0.5969)
(1.7433, -2.211, -0.7837)
(2.01, -2.1296, -0.4564)
(2.1473, -1.747, -0.6173)
(2.4297, -1.6931, -0.3048)
(2.5225, -1.3735, -0.4822)
(2.7692, -1.3714, -0.1755)
(-0.7787, -2.3578, -1.3449)
(-1.1031, -2.3012, -1.0132)
(-0.4306, -2.449, -1.0706)
(-0.0998, -2.4574, -1.3977)
(0.25, -2.5349, -1.132)
(0.578, -2.4477, -1.4424)
(0.9173, -2.5177, -1.1763)
(1.2102, -2.2953, -1.4345)
(1.4932, -2.2794, -1.1198)
(1.692, -1.9498, -1.3159)
(1.8985, -1.8401, -0.9555)
(2.0477, -1.4752, -1.131)
(2.2734, -1.3963, -0.7926)
(2.3768, -1.0805, -0.9843)
(2.6077, -1.0788, -0.676)
(-0.7841, -2.2782, -1.9481)
(-1.117, -2.2408, -1.6218)
(-0.4458, -2.3774, -1.6705)
(-0.1061, -2.3252, -1.981)
(0.2344, -2.3832, -1.7069)
(0.5555, -2.1977, -1.9825)
(0.8898, -2.2504, -1.7145)
(1.1802, -2.0065, -1.9649)
(1.4663, -2.0198, -1.6628)
(1.6829, -1.7057, -1.8674)
(1.8654, -1.5974, -1.4982)
(2.0045, -1.2255, -1.6749)
(2.171, -1.123, -1.3139)
(2.2689, -0.7966, -1.5123)
(2.4701, -0.7817, -1.1892)
(-0.7695, -2.1612, -2.5449)
(-1.1113, -2.1443, -2.2257)
(-0.4418, -2.2595, -2.2623)
(-0.0973, -2.1559, -2.5542)
(0.2263, -2.172, -2.2628)
(0.5329, -1.9306, -2.5162)
(0.8545, -1.9476, -2.235)
(1.1429, -1.7088, -2.4958)
(1.4449, -1.7475, -2.2061)
(1.674, -1.4419, -2.4202)
(1.8563, -1.3487, -2.051)
(1.9626, -0.9546, -2.2223)
(2.0945, -0.8485, -1.8543)
(2.1558, -0.4951, -2.0459)
(2.3517, -0.4787, -1.7203)
(-0.7381, -2.0186, -3.1349)
(-1.0883, -2.0201, -2.8236)
(-0.4187, -2.114, -2.8478)
(-0.0709, -1.9814, -3.1252)
(0.2314, -1.966, -2.8198)
(0.5058, -1.6766, -3.0518)
(0.8131, -1.6585, -2.764)
(1.0727, -1.3946, -2.9977)
(1.4159, -1.465, -2.7484)
(1.6338, -1.138, -2.911)
(1.847, -1.0792, -2.5994)
(1.9164, -0.6518, -2.7363)
(2.0005, -0.5497, -2.3886)
(2.0326, -0.1697, -2.5669)
(2.1734, -0.1469, -2.2322)
(-0.6943, -1.8572, -3.7179)
(-1.052, -1.8822, -3.4168)
(-0.3821, -1.9419, -3.4245)
(-0.0401, -1.7607, -3.6788)
(0.233, -1.7315, -3.3615)
(0.4659, -1.3748, -3.5489)
(0.7177, -1.3221, -3.2379)
(0.9474, -1.0042, -3.374)
(1.2895, -1.0845, -3.1278)
(1.4955, -0.7192, -3.1968)
(1.7633, -0.7173, -2.9826)
(1.8934, -0.2845, -3.1594)
(1.9794, -0.2199, -2.9084)
(2.1243, 0.1448, -3.1288)
(2.135, 0.1745, -2.7599)
(-0.6371, -1.6817, -4.2932)
(-1.0027, -1.7394, -4.006)
(-0.334, -1.741, -3.9902)
(0.0116, -1.5332, -4.2307)
(0.2661, -1.4861, -3.8962)
(0.5455, -1.1529, -4.079)
(0.7202, -1.0366, -3.7114)
(1.0311, -0.7501, -3.8859)
(1.244, -0.7218, -3.5162)
(1.5609, -0.4159, -3.7113)
(1.7463, -0.3583, -3.3892)
(2.0287, -0.0275, -3.6793)
(2.0886, 0.09, -3.4481)
(2.3248, 0.3625, -3.6361)
(2.2938, 0.4725, -3.3238)
(-0.5626, -1.4918, -4.8583)
(-0.9232, -1.5707, -4.5763)
(-0.2748, -1.5334, -4.5512)
(0.0673, -1.3061, -4.7777)
(0.321, -1.2392, -4.4343)
(0.623, -0.9216, -4.6156)
(0.827, -0.8081, -4.2521)
(1.1327, -0.5291, -4.4418)
(1.3346, -0.4511, -4.0799)
(1.6747, -0.182, -4.2535)
(1.8853, -0.112, -3.92)
(2.2519, 0.0803, -4.0797)
(2.3657, 0.1713, -3.8585)
(2.664, 0.3069, -3.88)
(2.6322, 0.4869, -3.6565)
(-0.4841, -1.226, -5.3827)
(-0.8042, -1.3183, -5.0835)
(-0.1992, -1.333, -5.1098)
(0.16, -1.1357, -5.3362)
(0.4111, -1.0673, -4.9838)
(0.7599, -0.8373, -5.1688)
(0.9635, -0.6883, -4.7982)
(1.3234, -0.4892, -4.9673)
(1.5014, -0.3378, -4.6144)
(1.8756, -0.1317, -4.7544)
(2.0553, 0.0079, -4.3934)
(2.317, 0.2704, -4.4847)
(2.5034, 0.2959, -4.1515)
(2.6084, 0.6361, -4.2004)
(2.7868, 0.578, -3.8802)
(-0.4323, -0.8853, -5.8309)
(-0.696, -0.9558, -5.5212)
(-0.1375, -1.0732, -5.637)
(0.1926, -0.8604, -5.8279)
(0.496, -0.8822, -5.523)
(0.7988, -0.5824, -5.6567)
(1.0814, -0.5608, -5.326)
(1.369, -0.2432, -5.4448)
(1.6413, -0.2089, -5.1083)
(1.896, 0.1397, -5.2047)
(2.1372, 0.1945, -4.857)
(2.3529, 0.5654, -4.9222)
(2.4932, 0.631, -4.5558)
(2.6943, 0.9445, -4.6487)
(2.7578, 0.9697, -4.2987)
(-0.4078, -0.5917, -6.1661)
(-0.6368, -0.5945, -5.8767)
(-0.1196, -0.7844, -6.0511)
(0.1849, -0.6016, -6.1829)
(0.4956, -0.5963, -5.937)
(0.7763, -0.3089, -5.9981)
(1.0779, -0.2761, -5.7363)
(1.3464, 0.0283, -5.7867)
(1.6335, 0.0788, -5.5143)
(1.9026, 0.3841, -5.5617)
(2.1459, 0.4732, -5.2584)
(2.4181, 0.766, -5.2965)
(2.5882, 0.8688, -4.9759)
(2.7858, 1.1013, -5.0274)
(2.8732, 1.1853, -4.7257)
(1.9073, -2.0156, 3.613)
(2.2328, -1.9245, 3.6821)
(2.3244, -2.0271, 3.5266)
(2.7181, -2.0008, 3.5846)
(2.8984, -2.1945, 3.2955)
(3.3165, -2.2083, 3.2931)
(3.4748, -2.4149, 2.9793)
(3.8667, -2.4111, 2.9105)
(4.011, -2.6697, 2.6286)
(4.3656, -2.6396, 2.4768)
(4.4934, -2.9291, 2.2351)
(4.8099, -2.9047, 2.0069)
(4.8665, -3.1275, 1.7318)
(5.2321, -3.1747, 1.5583)
(5.3118, -3.3444, 1.2894)
(5.7329, -3.4527, 1.1586)
(6.1971, -3.4456, 1.0813)
(6.5174, -3.3451, 0.9987)
(6.5619, -3.5496, 0.9098)
(6.2697, -3.643, 0.959)
(5.0223, -2.5041, 0.35)
(4.9733, -2.5075, 0.3326)
(5.1039, -2.2979, 0.1059)
(5.2426, -2.3822, 0.1588)
(5.3724, -2.3897, 0.2353)
(5.4775, -2.1152, 0.0282)
(5.7111, -2.225, 0.1376)
(5.8515, -2.25, 0.3405)
(6.0459, -2.0654, 0.1006)
(6.2314, -2.2212, 0.3385)
(6.3116, -2.2586, 0.6577)
(6.5624, -2.2909, 0.3041)
(6.6412, -2.4232, 0.6518)
(6.5689, -2.5337, 0.985)
(6.8621, -2.6786, 0.6465)
(6.7412, -2.8548, 0.9402)
(6.4588, -3.0212, 1.1491)
(6.8168, -3.1772, 0.8534)
(2.3314, -1.0801, 3.9897)
(2.5828, -0.8905, 3.8773)
(2.7971, -1.2581, 3.8439)
(2.4839, -1.4139, 3.9265)
(3.1543, -1.083, 3.6807)
(3.3869, -1.4741, 3.5967)
(2.983, -1.6163, 3.7301)
(3.7621, -1.309, 3.3698)
(3.9638, -1.705, 3.2448)
(3.5751, -1.8406, 3.4339)
(4.3065, -1.5593, 2.9723)
(4.4885, -1.953, 2.8216)
(4.119, -2.0716, 3.0382)
(4.8267, -1.8276, 2.5538)
(5.0026, -2.2135, 2.3857)
(4.6209, -2.3158, 2.5927)
(5.3521, -2.0877, 2.1065)
(5.5027, -2.4821, 1.9202)
(5.1081, -2.5965, 2.1206)
(5.8267, -2.3503, 1.6674)
(5.973, -2.7344, 1.5205)
(5.5962, -2.8527, 1.6801)
(6.317, -2.6389, 1.285)
(6.0924, -3.1209, 1.3003)
(2.2379, -0.5361, 3.8761)
(2.4935, -0.3671, 3.6395)
(2.8611, -0.7113, 3.6836)
(3.1755, -0.5648, 3.3879)
(3.4999, -0.9219, 3.4145)
(3.78, -0.8048, 3.0575)
(4.0683, -1.17, 3.0455)
(4.2862, -1.0886, 2.6401)
(4.5739, -1.4497, 2.6173)
(4.7608, -1.3845, 2.1939)
(5.0832, -1.7285, 2.1843)
(5.2481, -1.6679, 1.7295)
(5.5905, -1.9883, 1.7183)
(5.7235, -1.9658, 1.3079)
(6.0601, -2.2803, 1.3297)
(6.2434, -2.2526, 0.9805)
(0.8562, 0.4868, 3.6981)
(1.2079, 0.5403, 3.507)
(1.4997, 0.2443, 3.6206)
(1.1518, 0.2238, 3.7834)
(1.8273, 0.2955, 3.3781)
(2.1339, -0.0232, 3.5349)
(1.7851, -0.0895, 3.7801)
(2.4684, 0.0721, 3.1927)
(2.8179, -0.2391, 3.3076)
(3.0898, -0.1738, 2.9288)
(3.4464, -0.4755, 3.0165)
(3.6151, -0.478, 2.5912)
(3.9666, -0.7624, 2.632)
(4.0669, -0.8059, 2.1807)
(4.427, -1.0667, 2.1921)
(4.5087, -1.1027, 1.7361)
(4.8813, -1.3629, 1.7379)
(4.919, -1.4393, 1.3024)
(5.3249, -1.6915, 1.2979)
(5.3462, -1.8133, 0.9364)
(5.8059, -2.0178, 0.9511)
(5.8634, -2.1364, 0.6389)
(0.9314, 0.857, 3.3795)
(1.2422, 0.9382, 3.0908)
(1.5211, 0.5959, 3.2251)
(1.7955, 0.6332, 2.8727)
(2.1298, 0.3575, 3.0409)
(2.4018, 0.3991, 2.6624)
(2.7448, 0.1251, 2.8107)
(2.9214, 0.0756, 2.4091)
(3.2559, -0.2117, 2.5178)
(3.3095, -0.3701, 2.0987)
(3.6834, -0.5908, 2.1529)
(3.6853, -0.7923, 1.7357)
(4.1032, -0.9333, 1.7381)
(4.1017, -1.1089, 1.3075)
(4.5237, -1.227, 1.2957)
(4.4765, -1.4703, 0.9128)
(4.8948, -1.6381, 0.9326)
(4.8948, -1.8928, 0.6514)
(5.3817, -2.0069, 0.6331)
(5.4117, -2.2394, 0.3842)
(0.9883, 1.2799, 2.9367)
(1.2334, 1.3129, 2.6027)
(1.4846, 0.9465, 2.7265)
(1.7028, 0.9251, 2.3454)
(2.0468, 0.6502, 2.4995)
(2.26, 0.621, 2.1122)
(2.6038, 0.3658, 2.2689)
(2.6903, 0.203, 1.8676)
(2.9798, -0.1039, 2.0026)
(2.9503, -0.3681, 1.6232)
(3.2864, -0.6168, 1.708)
(3.2473, -0.8868, 1.3308)
(3.6639, -1.0278, 1.3373)
(3.6394, -1.2829, 0.9518)
(4.0701, -1.3522, 0.9164)
(4.0366, -1.6672, 0.6089)
(4.4388, -1.775, 0.6201)
(4.4793, -2.0507, 0.5044)
(4.9236, -2.1655, 0.496)
(4.9834, -2.3856, 0.4097)
(1.0056, 1.6512, 2.4375)
(1.2205, 1.6565, 2.0897)
(1.4206, 1.2627, 2.2108)
(1.596, 1.1794, 1.816)
(1.8986, 0.8676, 1.958)
(2.0532, 0.7648, 1.5637)
(2.3938, 0.5018, 1.7151)
(2.4176, 0.281, 1.3313)
(2.676, -0.0515, 1.4852)
(2.6295, -0.3275, 1.116)
(2.8983, -0.6483, 1.2541)
(2.8727, -0.9061, 0.8737)
(3.2207, -1.1516, 0.9491)
(3.194, -1.4225, 0.5844)
(3.619, -1.5915, 0.6234)
(3.6613, -1.9285, 0.4854)
(4.0901, -1.9619, 0.492)
(4.2926, -2.0775, 0.4848)
(4.6345, -2.2024, 0.476)
(4.7929, -2.3464, 0.4431)
(1.013, 1.9904, 1.9155)
(1.2519, 1.9843, 1.5701)
(1.4038, 1.5777, 1.6956)
(1.5739, 1.4682, 1.2998)
(1.7465, 1.0698, 1.423)
(1.8769, 0.9293, 1.0379)
(2.1338, 0.5937, 1.1812)
(2.1805, 0.3794, 0.8049)
(2.3949, 0.0205, 0.9579)
(2.4298, -0.1987, 0.5819)
(2.6183, -0.5741, 0.7382)
(2.6566, -0.7746, 0.3593)
(2.8627, -1.1305, 0.4976)
(2.8366, -1.2772, 0.1521)
(3.1197, -1.6206, 0.2587)
(1.0341, 2.2888, 1.376)
(1.315, 2.2751, 1.0371)
(1.4741, 1.8964, 1.1853)
(1.6755, 1.7783, 0.7921)
(1.7402, 1.3382, 0.907)
(1.9233, 1.1989, 0.5192)
(2.019, 0.7712, 0.6567)
(2.1875, 0.6252, 0.2777)
(2.2897, 0.2031, 0.4275)
(2.4439, 0.0639, 0.0595)
(2.5358, -0.3636, 0.2104)
(2.6463, -0.5038, -0.155)
(2.7138, -0.916, -0.0018)
(2.7126, -1.0016, -0.3443)
(2.78, -1.3546, -0.1724)
(1.0627, 2.5447, 0.8207)
(1.3569, 2.5408, 0.4892)
(1.5656, 2.1922, 0.6607)
(1.7661, 2.069, 0.266)
(1.8605, 1.6402, 0.3961)
(2.0353, 1.4915, 0.0028)
(2.1118, 1.0573, 0.1373)
(2.2826, 0.9165, -0.2388)
(2.3629, 0.4913, -0.0904)
(2.5035, 0.3566, -0.458)
(2.5761, -0.0708, -0.3048)
(2.6383, -0.2147, -0.673)
(2.6783, -0.625, -0.5123)
(2.6108, -0.7106, -0.855)
(2.6203, -1.0626, -0.6755)
(1.0817, 2.7895, 0.2643)
(1.3453, 2.7943, -0.0651)
(1.5936, 2.4599, 0.1125)
(1.7525, 2.3187, -0.2881)
(1.9194, 1.9152, -0.1378)
(2.0252, 1.7405, -0.5429)
(2.1748, 1.3339, -0.3908)
(2.2762, 1.1725, -0.7805)
(2.4101, 0.7718, -0.6168)
(2.5009, 0.6243, -0.9969)
(2.5853, 0.2102, -0.8323)
(2.5897, 0.0588, -1.1994)
(2.6161, -0.3441, -1.0342)
(2.5037, -0.4251, -1.3724)
(2.483, -0.766, -1.187)
(1.0595, 3.0035, -0.2924)
(1.2536, 3.0081, -0.6236)
(1.53, 2.691, -0.4487)
(1.6229, 2.5129, -0.848)
(1.838, 2.1341, -0.6939)
(1.8695, 1.9233, -1.0963)
(2.0865, 1.5527, -0.9415)
(2.122, 1.3623, -1.3065)
(2.3564, 1.0141, -1.1586)
(2.3675, 0.8321, -1.4699)
(2.5313, 0.4725, -1.3577)
(2.4003, 0.3117, -1.6434)
(2.4722, -0.0629, -1.5291)
(2.3121, -0.1299, -1.854)
(2.3704, -0.4696, -1.7148)
(0.9459, 3.1991, -0.8373)
(1.0845, 3.1759, -1.1765)
(1.3745, 2.8665, -1.0085)
(1.4061, 2.6413, -1.3989)
(1.6424, 2.2874, -1.2458)
(1.6474, 2.0478, -1.6452)
(1.8749, 1.7022, -1.4722)
(1.8231, 1.4503, -1.7529)
(2.0687, 1.1311, -1.5607)
(1.9717, 0.8757, -1.7115)
(2.2308, 0.6153, -1.6596)
(2.0834, 0.4774, -1.9339)
(2.1975, 0.2031, -1.9345)
(2.1163, 0.1851, -2.3239)
(2.2022, -0.1529, -2.2111)
(0.7691, 3.3838, -1.367)
(0.942, 3.2736, -1.6936)
(1.1601, 2.9806, -1.5512)
(1.2758, 2.7608, -1.897)
(1.4236, 2.3917, -1.7896)
(1.5377, 2.1601, -2.1382)
(1.6536, 1.7943, -1.9984)
(1.7343, 1.5593, -2.2258)
(1.7979, 1.1967, -1.9495)
(1.9054, 0.9799, -2.1597)
(1.9768, 0.699, -1.9617)
(2.0996, 0.6905, -2.4482)
(2.1033, 0.4883, -2.417)
(2.2171, 0.5394, -2.9353)
(2.1613, 0.2164, -2.7916)
(0.7138, 3.3614, -1.8621)
(1.0506, 3.2999, -2.1333)
(1.2078, 3.1156, -1.9841)
(1.5423, 2.9934, -2.2545)
(1.5401, 2.5818, -2.178)
(1.8663, 2.4133, -2.4187)
(1.7816, 1.9635, -2.3632)
(2.0515, 1.7767, -2.5538)
(1.9272, 1.3487, -2.4033)
(2.1377, 1.1569, -2.6725)
(2.0865, 0.8572, -2.518)
(2.317, 0.8751, -3.0036)
(2.2753, 0.775, -3.0093)
(2.4506, 0.7257, -3.4021)
(2.317, 0.5239, -3.3626)
(0.7409, 3.3907, -2.3499)
(1.0617, 3.4438, -2.6647)
(1.3763, 3.2729, -2.4345)
(1.6412, 3.147, -2.7688)
(1.8359, 2.8307, -2.5531)
(2.0447, 2.6234, -2.8391)
(2.1411, 2.2316, -2.6747)
(2.3042, 2.0248, -2.9407)
(2.2715, 1.5896, -2.8177)
(2.4231, 1.4373, -3.1083)
(2.3476, 1.0487, -3.0282)
(2.6392, 0.9674, -3.3013)
(2.6085, 0.8021, -3.3414)
(2.8208, 0.6241, -3.5674)
(2.6474, 0.4966, -3.6391)
(0.7076, 3.6058, -2.8933)
(0.9737, 3.5515, -3.2254)
(1.3332, 3.3735, -3.0052)
(1.4864, 3.1506, -3.2835)
(1.8051, 2.9217, -3.0633)
(1.8091, 2.6345, -3.2322)
(2.0866, 2.3597, -3.0578)
(2.1451, 2.1889, -3.2777)
(2.3847, 1.8504, -3.2017)
(2.5348, 1.7738, -3.3657)
(2.617, 1.3515, -3.3096)
(2.7912, 1.3105, -3.5483)
(2.8474, 0.9116, -3.5527)
(2.8151, 0.9412, -3.9022)
(2.7941, 0.5918, -3.8673)
(0.5993, 3.682, -3.4439)
(0.7365, 3.4997, -3.6427)
(1.1078, 3.3268, -3.4724)
(1.1404, 3.034, -3.5257)
(1.5023, 2.85, -3.3994)
(1.6126, 2.7219, -3.4736)
(1.8943, 2.4878, -3.3747)
(2.163, 2.5033, -3.4954)
(2.3713, 2.1738, -3.4404)
(2.514, 2.101, -3.5807)
(2.656, 1.7133, -3.5542)
(2.7256, 1.6293, -3.8933)
(2.8145, 1.2891, -3.9324)
(2.8642, 1.2763, -4.2882)
(2.7684, 0.9816, -4.2864)
(0.3833, 3.5894, -3.7384)
(0.4241, 3.3908, -3.7153)
(0.7885, 3.2389, -3.6242)
(0.9367, 3.126, -3.5577)
(1.2898, 2.93, -3.5262)
(1.6043, 3.0289, -3.5763)
(1.8885, 2.7718, -3.5513)
(2.0672, 2.6916, -3.5865)
(2.3246, 2.405, -3.5809)
(2.4191, 2.2112, -3.7914)
(2.6143, 1.9503, -3.8404)
(2.8887, 1.8252, -4.0804)
(2.9206, 1.5482, -4.1753)
(3.1464, 1.4845, -4.3559)
(3.0026, 1.2514, -4.5343)
(2.2607, -1.5115, 3.975)
(2.6048, -1.7106, 3.7914)
(2.342, -1.7724, 3.8256)
(3.1678, -1.9287, 3.5476)
(2.7494, -1.9881, 3.6077)
(3.7362, -2.1478, 3.1998)
(3.3396, -2.2017, 3.3129)
(4.2515, -2.3767, 2.7747)
(3.8788, -2.414, 2.9261)
(4.7308, -2.6348, 2.315)
(4.3736, -2.6512, 2.4938)
(5.1973, -2.9321, 1.8316)
(4.8186, -2.9374, 2.0177)
(5.7196, -3.185, 1.4038)
(5.3201, -3.2391, 1.5174)
(5.8601, -3.5079, 1.1244)
(-2.765, 1.167, -0.5072)
(-2.867, 1.895, -3.6366)
(-2.2299, -0.1419, 4.2652)
(-2.2824, 1.2985, -2.3142)
(-2.8396, 0.1983, 4.2144)
(-3.4056, 0.5879, 4.0584)
(-2.8793, 1.1146, 0.0871)
(-3.9506, 0.9669, 3.829)
(-4.4896, 1.3438, 3.6005)
(-4.8494, 1.7778, 3.1865)
(-5.3388, 2.2441, 3.074)
(-2.8386, 1.5763, -3.1201)
(-5.8985, 2.7185, 3.0772)
(-2.4724, 1.2934, -1.7091)
(-2.6491, 1.2237, -1.1079)
(-3.7009, 1.7889, 1.2632)
(-2.9756, 1.0922, 0.6871)
(-3.2098, 1.2806, 1.2978)
(-3.9091, 1.892, 1.9346)
(-4.5916, 2.1663, 1.9198)
(-2.7735, 2.1809, -4.1729)
(-2.2796, 1.7087, -3.3958)
(-2.1892, 1.2914, -3.0264)
(-6.1382, 2.7039, 2.6185)
(-5.938, 2.5933, 2.8747)
(-6.0275, 2.7938, 2.9763)
(-6.2327, 2.8802, 2.7412)
(-4.6126, 2.2616, 1.8033)
(-4.5495, 2.2677, 1.8465)
(-4.7627, 2.4729, 1.7188)
(-4.7821, 2.4086, 1.6747)
(-4.7257, 2.471, 1.5972)
(-5.003, 2.7129, 1.4444)
(-5.0005, 2.6902, 1.5818)
(-5.1007, 2.5059, 1.2654)
(-5.4168, 2.6933, 1.2298)
(-5.2951, 2.9319, 1.3385)
(-5.4567, 2.4706, 1.3877)
(-5.7732, 2.6107, 1.5495)
(-5.7467, 2.8049, 1.3118)
(-5.7142, 2.4627, 1.8781)
(-6.0245, 2.6351, 2.0811)
(-6.0833, 2.7499, 1.7388)
(-5.9363, 2.4848, 2.417)
(-6.2523, 2.8368, 2.3067)
(-2.2084, -0.8557, 3.5019)
(-2.0065, -0.8323, 3.7647)
(-2.1994, -0.5653, 3.9644)
(-2.4501, -0.5694, 3.7253)
(-2.7188, -0.5102, 3.413)
(-2.6754, -0.2534, 3.9096)
(-2.9833, -0.1844, 3.6118)
(-3.223, -0.0501, 3.2442)
(-3.223, 0.1531, 3.7676)
(-3.4844, 0.272, 3.4174)
(-3.6678, 0.4467, 3.0239)
(-3.7393, 0.5862, 3.5554)
(-3.963, 0.7321, 3.1832)
(-4.1156, 0.9305, 2.7789)
(-4.2626, 0.9992, 3.3145)
(-4.4671, 1.1736, 2.9276)
(-4.6166, 1.3985, 2.532)
(-4.7716, 1.4481, 3.0452)
(-4.984, 1.6402, 2.6774)
(-5.1265, 1.8485, 2.3371)
(-5.2629, 1.9111, 2.8212)
(-5.4799, 2.0724, 2.5146)
(-5.618, 2.2697, 2.2021)
(-5.7566, 2.3326, 2.7105)
(-2.0992, -1.0972, 2.9696)
(-1.8671, -1.1467, 3.284)
(-2.4279, -0.8084, 3.1956)
(-2.6748, -0.6701, 2.8459)
(-2.9455, -0.3586, 3.0527)
(-3.146, -0.1703, 2.6881)
(-3.3834, 0.152, 2.8577)
(-3.5569, 0.3528, 2.4971)
(-3.7928, 0.6716, 2.6307)
(-3.9584, 0.8824, 2.2812)
(-4.2295, 1.1757, 2.3986)
(-4.3922, 1.4041, 2.0855)
(-4.723, 1.6598, 2.2012)
(-4.8613, 1.9011, 1.9224)
(-5.2195, 2.1035, 2.0445)
(-5.3508, 2.3098, 1.7263)
(-0.9482, -1.8614, 2.2953)
(-0.8673, -1.7917, 2.7087)
(-1.2132, -1.6926, 2.5748)
(-1.5697, -1.609, 2.3713)
(-1.4516, -1.4858, 2.9129)
(-1.8017, -1.3733, 2.6878)
(-2.1776, -1.2788, 2.3776)
(-2.4173, -0.9786, 2.6204)
(-2.762, -0.8741, 2.2986)
(-2.9532, -0.5214, 2.4993)
(-3.2894, -0.429, 2.2074)
(-3.4194, -0.0328, 2.3703)
(-3.7462, 0.0639, 2.0789)
(-3.8361, 0.4882, 2.1905)
(-4.1391, 0.6031, 1.8924)
(-4.2354, 1.026, 1.9904)
(-4.5191, 1.1498, 1.6943)
(-4.6567, 1.5541, 1.8079)
(-4.88, 1.6982, 1.5149)
(-5.0786, 2.0561, 1.6134)
(-5.1815, 2.2367, 1.3206)
(-1.067, -1.9663, 1.7326)
(-1.328, -1.8054, 2.0608)
(-1.7224, -1.7703, 1.7979)
(-1.9582, -1.5559, 2.107)
(-2.3627, -1.5212, 1.843)
(-2.5722, -1.2238, 2.0953)
(-2.9294, -1.1584, 1.8519)
(-3.13, -0.8141, 2.0364)
(-3.3927, -0.6808, 1.7939)
(-3.6085, -0.3376, 1.9284)
(-3.7629, -0.127, 1.6595)
(-3.9881, 0.2077, 1.7573)
(-4.07, 0.4618, 1.4715)
(-4.3292, 0.776, 1.5579)
(-4.3635, 1.0553, 1.2826)
(-4.6455, 1.3512, 1.3857)
(-4.5799, 1.654, 1.2604)
(-4.8819, 1.9457, 1.3098)
(-4.7715, 2.2529, 1.3647)
(-1.1839, -2.0758, 1.1344)
(-1.458, -1.9318, 1.4688)
(-1.8471, -1.8962, 1.2053)
(-2.1159, -1.7352, 1.5342)
(-2.4867, -1.6635, 1.2702)
(-2.7099, -1.44, 1.5886)
(-2.8993, -1.2139, 1.3437)
(-3.1043, -0.9473, 1.6228)
(-3.1308, -0.5963, 1.4262)
(-3.4411, -0.3746, 1.5994)
(-3.3814, 0.0314, 1.4642)
(-3.7348, 0.2311, 1.4955)
(-3.6283, 0.6564, 1.3811)
(-4.0123, 0.8335, 1.3076)
(-3.9078, 1.2576, 1.2543)
(-4.2757, 1.423, 1.2261)
(-4.1786, 1.7431, 1.4391)
(-4.4728, 1.9617, 1.4503)
(-4.4568, 2.1914, 1.7342)
(-1.2923, -2.1797, 0.5365)
(-1.5722, -2.0378, 0.8714)
(-1.9599, -1.9861, 0.6055)
(-2.231, -1.8363, 0.9399)
(-2.5793, -1.6985, 0.6698)
(-2.7739, -1.4827, 1.0086)
(-2.924, -1.1649, 0.7597)
(-2.9833, -0.867, 1.1143)
(-3.0224, -0.4854, 0.8919)
(-3.1361, -0.2072, 1.2349)
(-3.1011, 0.1886, 1.0315)
(-3.3027, 0.4493, 1.3053)
(-3.1979, 0.8614, 1.1517)
(-3.5095, 1.0987, 1.2918)
(-3.4551, 1.5197, 1.2818)
(-3.8511, 1.6243, 1.3326)
(-3.8217, 1.8401, 1.6006)
(-4.1505, 1.9412, 1.7475)
(-4.2672, 2.0197, 1.9148)
(-1.3777, -2.2429, -0.0674)
(-1.6747, -2.1198, 0.2689)
(-2.0437, -2.0259, -0.0036)
(-2.3276, -1.8826, 0.3338)
(-2.6101, -1.6596, 0.0639)
(-2.8103, -1.4339, 0.4066)
(-2.8718, -1.0603, 0.1687)
(-2.9522, -0.7762, 0.5298)
(-2.9112, -0.3797, 0.3162)
(-2.9923, -0.0946, 0.6802)
(-2.9408, 0.2832, 0.4748)
(-3.0367, 0.5655, 0.8333)
(-2.9771, 0.8609, 0.6177)
(-3.0935, 1.1741, 0.9827)
(-1.4206, -2.2253, -0.6783)
(-1.7341, -2.1329, -0.3411)
(-2.0577, -1.9694, -0.6147)
(-2.3491, -1.8372, -0.2745)
(-2.5497, -1.5326, -0.5314)
(-2.7416, -1.3128, -0.1839)
(-2.7541, -0.9205, -0.4088)
(-2.8323, -0.6566, -0.047)
(-2.7944, -0.2765, -0.2587)
(-2.8626, -0.0015, 0.1088)
(-2.839, 0.3529, -0.1021)
(-2.901, 0.615, 0.2612)
(-2.87, 0.8874, 0.0297)
(-2.9273, 1.0925, 0.3806)
(-1.4398, -2.1718, -1.2897)
(-1.7529, -2.0796, -0.9537)
(-2.0537, -1.8777, -1.2245)
(-2.3215, -1.7254, -0.88)
(-2.5108, -1.406, -1.1309)
(-2.6582, -1.1708, -0.771)
(-2.7114, -0.8006, -0.9989)
(-2.7461, -0.5413, -0.628)
(-2.7726, -0.1828, -0.8472)
(-2.7935, 0.0807, -0.4738)
(-2.812, 0.4244, -0.6908)
(-2.8302, 0.6705, -0.3241)
(-2.7953, 0.9432, -0.5623)
(-2.8232, 1.1313, -0.2152)
(-1.4404, -2.0857, -1.8975)
(-1.7552, -1.9957, -1.5634)
(-2.0381, -1.7635, -1.8299)
(-2.3016, -1.607, -1.4846)
(-2.4888, -1.2776, -1.7305)
(-2.6383, -1.0491, -1.3677)
(-2.735, -0.686, -1.5935)
(-2.7681, -0.4385, -1.22)
(-2.8383, -0.0827, -1.4396)
(-2.8211, 0.1667, -1.065)
(-2.8292, 0.5137, -1.2838)
(-2.7999, 0.7415, -0.9164)
(-2.7176, 1.0138, -1.1593)
(-2.7108, 1.1867, -0.8128)
(-1.4239, -1.9721, -2.5002)
(-1.7412, -1.8847, -2.1683)
(-2.0099, -1.633, -2.4303)
(-2.2734, -1.4737, -2.0846)
(-2.4564, -1.1363, -2.3262)
(-2.6296, -0.919, -1.9639)
(-2.735, -0.5493, -2.1876)
(-2.8178, -0.3215, -1.8144)
(-2.8488, 0.053, -2.0306)
(-2.8623, 0.2778, -1.6586)
(-2.7509, 0.63, -1.8575)
(-2.7421, 0.8337, -1.5092)
(-2.5586, 1.0929, -1.742)
(-2.5661, 1.2515, -1.4154)
(-1.3944, -1.8439, -3.0986)
(-1.7148, -1.7582, -2.7688)
(-1.9761, -1.5012, -3.0282)
(-2.2357, -1.3328, -2.6806)
(-2.4191, -0.9997, -2.9188)
(-2.5928, -0.7719, -2.5555)
(-2.6642, -0.4089, -2.7661)
(-2.7776, -0.1677, -2.3995)
(-2.6643, 0.1887, -2.5682)
(-2.7276, 0.4237, -2.2133)
(-2.4389, 0.7143, -2.3294)
(-2.4888, 0.9185, -2.0259)
(-2.2941, 1.1268, -2.2798)
(-2.3866, 1.2998, -2.027)
(-1.3542, -1.7157, -3.6948)
(-1.6808, -1.6324, -3.3673)
(-1.928, -1.3748, -3.6197)
(-2.2038, -1.2098, -3.2753)
(-2.3677, -0.8842, -3.4876)
(-2.548, -0.6661, -3.1355)
(-2.5249, -0.3244, -3.2937)
(-2.5738, -0.0839, -2.9229)
(-2.3552, 0.2023, -3.0087)
(-2.3924, 0.4531, -2.658)
(-2.2076, 0.7039, -2.7739)
(-2.238, 0.9257, -2.5064)
(-2.2185, 1.1677, -2.8847)
(-2.2531, 1.3056, -2.7291)
(-1.2821, -1.568, -4.2733)
(-1.6199, -1.5002, -3.955)
(-1.7684, -1.1865, -4.1328)
(-2.0817, -1.0482, -3.8173)
(-2.0768, -0.6737, -3.8732)
(-2.3846, -0.5096, -3.6163)
(-2.3088, -0.1215, -3.6616)
(-2.4169, 0.0403, -3.3968)
(-2.296, 0.3739, -3.4446)
(-2.2046, 0.5113, -3.0961)
(-2.2528, 0.8786, -3.255)
(-2.2178, 1.0546, -3.0392)
(-2.3454, 1.4273, -3.2953)
(-2.2572, 1.5344, -3.2906)
(-1.1183, -1.3216, -4.7621)
(-1.4476, -1.2746, -4.4438)
(-1.4087, -0.8933, -4.4282)
(-1.7297, -0.8097, -4.1281)
(-1.6034, -0.4667, -3.9879)
(-1.9605, -0.3239, -3.7822)
(-1.8819, 0.0189, -3.7582)
(-2.198, 0.2176, -3.6583)
(-2.1833, 0.554, -3.7283)
(-2.3029, 0.6918, -3.5086)
(-2.5362, 1.0228, -3.5754)
(-2.5052, 1.2028, -3.3581)
(-2.7531, 1.4447, -3.3434)
(-2.5692, 1.6695, -3.2939)
(-0.8894, -0.983, -5.1372)
(-1.1198, -0.9505, -4.762)
(-1.0132, -0.5497, -4.6524)
(-1.2744, -0.5218, -4.2999)
(-1.3198, -0.1979, -4.2976)
(-1.6002, -0.1356, -3.983)
(-1.7629, 0.229, -4.1868)
(-1.9427, 0.4133, -3.9216)
(-2.1239, 0.8071, -4.1275)
(-2.3353, 0.9365, -3.8575)
(-2.5453, 1.2884, -3.9736)
(-2.7426, 1.3477, -3.6305)
(-2.819, 1.6843, -3.7565)
(-2.8514, 1.7286, -3.3864)
(-0.7605, -0.5831, -5.5046)
(-0.8587, -0.5682, -5.0733)
(-0.8952, -0.1687, -5.0091)
(-1.0637, -0.1816, -4.6288)
(-1.3337, 0.0618, -4.7568)
(-1.583, 0.0745, -4.4833)
(-1.8958, 0.3279, -4.7036)
(-2.0229, 0.5644, -4.4202)
(-2.2876, 0.8711, -4.6134)
(-2.3735, 1.1352, -4.3059)
(-2.5917, 1.4539, -4.4626)
(-2.7184, 1.6117, -4.1213)
(-2.7635, 1.9412, -4.2615)
(-2.8199, 2.0309, -3.9127)
(-0.706, -0.2514, -5.802)
(-0.779, -0.2037, -5.4069)
(-0.8871, 0.1348, -5.3177)
(-1.0818, 0.1231, -5.0108)
(-1.3755, 0.252, -5.133)
(-1.6607, 0.2114, -4.9475)
(-1.94, 0.4149, -5.1214)
(-2.1546, 0.6147, -4.8785)
(-2.3421, 0.9489, -5.0257)
(-2.4733, 1.2094, -4.7624)
(-2.5725, 1.5723, -4.8617)
(-2.6807, 1.7916, -4.5699)
(-2.6997, 2.0811, -4.6484)
(-2.7624, 2.223, -4.3638)
(-2.0261, -0.5649, 4.1231)
(-2.1442, -0.2983, 4.2493)
(-2.3593, -0.2813, 4.1137)
(-2.5433, 0.0233, 4.2326)
(-2.9037, 0.0711, 4.0372)
(-3.1311, 0.3908, 4.1267)
(-3.4536, 0.4774, 3.8669)
(-3.6872, 0.7764, 3.9326)
(-3.9915, 0.8755, 3.643)
(-4.2317, 1.1531, 3.7054)
(-4.5176, 1.2764, 3.3929)
(-4.6799, 1.5711, 3.4048)
(-4.9684, 1.7429, 3.1024)
(-5.1081, 2.0319, 3.1569)
(-5.4617, 2.1899, 2.9466)
(-5.6308, 2.4829, 3.0818)
(-5.7267, 2.8507, 3.1502)
(-5.785, 3.2216, 3.1363)
(-6.0011, 3.1932, 3.1383)
(-5.9707, 2.8834, 3.1243)
(-4.5889, 2.2521, 1.8967)
(-4.7067, 2.2617, 1.8489)
(-4.9063, 2.4448, 1.6961)
(-4.8205, 2.492, 1.775)
(-4.6754, 2.6054, 1.8787)
(-5.0176, 2.8633, 1.6145)
(-4.8863, 3.0094, 1.79)
(-4.7566, 3.1321, 2.0372)
(-5.0312, 3.4429, 1.75)
(-4.9656, 3.5329, 2.0795)
(-4.9011, 3.564, 2.4264)
(-5.1633, 3.8568, 2.1585)
(-5.1727, 3.8222, 2.5374)
(-5.1727, 3.6555, 2.8638)
(-5.4902, 3.9132, 2.6552)
(-5.5104, 3.6736, 2.9493)
(-5.4873, 3.2825, 3.1404)
(-5.8143, 3.5969, 3.0037)
(-1.3754, 0.1945, 4.387)
(-1.3763, 0.4887, 4.2861)
(-1.8279, 0.433, 4.3297)
(-1.7752, 0.1253, 4.3851)
(-1.9144, 0.796, 4.214)
(-2.3962, 0.7675, 4.25)
(-2.2756, 0.3861, 4.3225)
(-2.5007, 1.1624, 4.0936)
(-2.9649, 1.1419, 4.0904)
(-2.8548, 0.7447, 4.2082)
(-3.0606, 1.5372, 3.907)
(-3.5144, 1.5106, 3.8846)
(-3.4053, 1.1172, 4.0015)
(-3.6095, 1.9124, 3.7329)
(-4.0655, 1.8717, 3.7131)
(-3.9571, 1.4706, 3.8136)
(-4.1503, 2.3209, 3.534)
(-4.5611, 2.2965, 3.451)
(-4.4605, 1.8377, 3.5651)
(-4.6734, 2.7917, 3.3023)
(-5.0418, 2.7983, 3.2674)
(-4.91, 2.2886, 3.3089)
(-5.144, 3.2967, 3.1191)
(-5.3894, 2.804, 3.209)
(-0.8624, 0.4846, 4.2241)
(-0.9449, 0.7872, 4.002)
(-1.4361, 0.8058, 4.1204)
(-1.5768, 1.1336, 3.8804)
(-2.0341, 1.1607, 4.017)
(-2.1727, 1.473, 3.7277)
(-2.6093, 1.521, 3.8465)
(-2.7326, 1.8168, 3.5259)
(-3.1577, 1.8953, 3.6603)
(-3.2464, 2.2215, 3.3806)
(-3.6876, 2.3048, 3.5114)
(-3.7946, 2.6271, 3.2024)
(-4.2527, 2.7269, 3.2785)
(-4.3674, 3.0132, 2.945)
(-4.7724, 3.1957, 3.0478)
(-4.83, 3.466, 2.7436)
(0.5671, 0.7418, 3.5878)
(0.1886, 0.6515, 3.7784)
(0.4837, 0.4329, 3.8683)
(-0.087, 0.8826, 3.5867)
(-0.4792, 0.8074, 3.8172)
(-0.2114, 0.5446, 4.0221)
(-0.7264, 1.1013, 3.506)
(-1.1359, 1.1087, 3.7068)
(-1.3629, 1.3455, 3.3692)
(-1.7596, 1.3989, 3.5651)
(-1.9693, 1.5658, 3.1961)
(-2.3324, 1.7057, 3.3694)
(-2.5031, 1.8713, 2.9886)
(-2.8627, 2.0581, 3.1787)
(-2.98, 2.257, 2.8483)
(-3.3546, 2.4832, 3.0583)
(-3.5262, 2.5862, 2.6886)
(-3.9461, 2.8083, 2.8239)
(-4.084, 2.8545, 2.4867)
(-4.4633, 3.1606, 2.6157)
(-4.5975, 3.1897, 2.322)
(0.6557, 1.1434, 3.1767)
(0.2852, 0.9886, 3.3772)
(0.0045, 1.1747, 3.0638)
(-0.3557, 1.107, 3.2794)
(-0.6222, 1.3074, 2.9238)
(-0.9826, 1.3324, 3.155)
(-1.2557, 1.4395, 2.7861)
(-1.6204, 1.4593, 3.0011)
(-1.8977, 1.4666, 2.6296)
(-2.1973, 1.6467, 2.8186)
(-2.3647, 1.7466, 2.4439)
(-2.6345, 2.0198, 2.6332)
(-2.8091, 2.0558, 2.3304)
(-3.1446, 2.3091, 2.5374)
(-3.3786, 2.2271, 2.2236)
(-3.7176, 2.5463, 2.3579)
(-3.932, 2.4875, 2.1113)
(-4.2514, 2.8266, 2.2257)
(-4.475, 2.7467, 2.0183)
(0.7117, 1.5179, 2.6888)
(0.3657, 1.3277, 2.8779)
(0.0908, 1.4081, 2.5149)
(-0.2632, 1.2996, 2.7003)
(-0.5195, 1.4131, 2.3302)
(-0.8873, 1.4423, 2.5597)
(-1.1616, 1.4569, 2.1875)
(-1.5376, 1.4254, 2.4132)
(-1.8108, 1.3522, 2.0477)
(-2.1333, 1.4654, 2.2586)
(-2.3182, 1.5396, 1.8779)
(-2.5342, 1.8297, 2.0914)
(-2.8224, 1.7383, 1.8031)
(-3.0959, 1.9424, 2.0485)
(-3.3987, 1.8725, 1.7413)
(-3.6451, 2.1772, 1.9313)
(-3.9115, 2.1396, 1.8067)
(-4.1944, 2.4158, 1.9789)
(-4.4157, 2.3001, 1.9365)
(0.7306, 1.8562, 2.1714)
(0.4185, 1.627, 2.3532)
(0.1544, 1.643, 1.9705)
(-0.1578, 1.4414, 2.1259)
(-0.4173, 1.4902, 1.7456)
(-0.7859, 1.4785, 1.9594)
(-1.0607, 1.4402, 1.5872)
(-1.4381, 1.3848, 1.8178)
(-1.7028, 1.2777, 1.4566)
(-2.0494, 1.3125, 1.6789)
(-2.2769, 1.3414, 1.3091)
(-2.5524, 1.5621, 1.5325)
(-2.8516, 1.4131, 1.2595)
(-3.1536, 1.5772, 1.5408)
(-3.4556, 1.5498, 1.2791)
(-3.6617, 1.8822, 1.529)
(-3.7883, 1.8408, 1.5972)
(-4.0757, 2.0596, 1.8743)
(-4.2336, 2.0385, 1.9396)
(0.7319, 2.178, 1.6435)
(0.4319, 1.9394, 1.8305)
(0.1487, 1.9579, 1.4573)
(-0.1044, 1.6456, 1.5813)
(-0.3822, 1.6415, 1.2024)
(-0.6922, 1.4817, 1.3713)
(-0.9693, 1.4214, 1.0018)
(-1.3314, 1.3394, 1.2224)
(-1.5931, 1.2454, 0.8663)
(-1.953, 1.2102, 1.0978)
(-2.21, 1.1939, 0.7511)
(-2.5332, 1.308, 0.9835)
(-2.7558, 1.1855, 0.6946)
(-3.0918, 1.1987, 1.0023)
(0.7395, 2.4512, 1.0933)
(0.4208, 2.2533, 1.306)
(0.1138, 2.277, 0.9456)
(-0.1402, 1.9578, 1.0817)
(-0.4331, 1.9526, 0.707)
(-0.6669, 1.6223, 0.828)
(-0.9517, 1.612, 0.4631)
(-1.243, 1.3744, 0.6407)
(-1.5107, 1.3474, 0.2926)
(-1.853, 1.2024, 0.5186)
(-2.1136, 1.1887, 0.1814)
(-2.4522, 1.1566, 0.427)
(-2.6495, 1.1326, 0.1127)
(-2.9276, 1.1143, 0.3937)
(0.76, 2.685, 0.5301)
(0.4225, 2.517, 0.757)
(0.1201, 2.5208, 0.394)
(-0.1855, 2.2749, 0.5751)
(-0.4788, 2.2604, 0.2025)
(-0.7264, 1.9496, 0.3395)
(-1.0101, 1.9471, -0.02)
(-1.2309, 1.6095, 0.1123)
(-1.5059, 1.6208, -0.2275)
(-1.7802, 1.3483, -0.0431)
(-2.044, 1.3526, -0.376)
(-2.3495, 1.186, -0.1462)
(-2.5449, 1.207, -0.4691)
(-2.8211, 1.1503, -0.2048)
(0.791, 2.8715, -0.0379)
(0.4583, 2.7064, 0.1832)
(0.1861, 2.6321, -0.1899)
(-0.1634, 2.4793, 0.0169)
(-0.4319, 2.4106, -0.3638)
(-0.7592, 2.2362, -0.1706)
(-1.0284, 2.2141, -0.538)
(-1.2843, 1.9497, -0.3733)
(-1.5535, 1.9496, -0.7282)
(-1.7774, 1.6294, -0.5667)
(-2.0436, 1.6237, -0.9112)
(-2.2844, 1.3616, -0.706)
(-2.4651, 1.3482, -1.0449)
(-2.7033, 1.2041, -0.8023)
(0.7762, 3.0051, -0.5936)
(0.5273, 2.7782, -0.3974)
(0.2676, 2.6344, -0.76)
(-0.0653, 2.5044, -0.5663)
(-0.3157, 2.3822, -0.9474)
(-0.691, 2.3374, -0.7419)
(-0.9406, 2.2576, -1.0914)
(-1.2906, 2.1931, -0.8997)
(-1.5225, 2.0966, -1.2502)
(-1.8129, 1.9164, -1.095)
(-2.0128, 1.7913, -1.4427)
(-2.2596, 1.5778, -1.261)
(-2.3486, 1.4478, -1.6128)
(-2.5554, 1.2657, -1.4016)
(0.6028, 3.2378, -1.0914)
(0.4671, 2.9123, -0.9168)
(0.1739, 2.8202, -1.2644)
(0.0082, 2.5115, -1.1344)
(-0.2564, 2.3882, -1.5048)
(-0.5618, 2.2474, -1.3031)
(-0.819, 2.0983, -1.5679)
(-1.1589, 2.0916, -1.3788)
(-1.349, 1.9145, -1.6756)
(-1.6769, 1.8812, -1.5787)
(-1.7894, 1.651, -1.9081)
(-2.0845, 1.5552, -1.7723)
(-2.1356, 1.3758, -2.1524)
(-2.3682, 1.2921, -1.9963)
(0.4338, 3.4038, -1.5866)
(0.2559, 3.194, -1.3776)
(-0.0416, 3.0881, -1.7094)
(-0.0974, 2.7205, -1.6355)
(-0.4544, 2.6427, -1.9577)
(-0.5819, 2.3036, -1.802)
(-0.9509, 2.2859, -2.005)
(-1.1028, 2.038, -1.8074)
(-1.4079, 2.0871, -2.1096)
(-1.568, 1.8529, -2.0296)
(-1.8171, 1.8123, -2.411)
(-1.9525, 1.5226, -2.2909)
(-2.1045, 1.4666, -2.7231)
(-2.2185, 1.2843, -2.6115)
(0.4033, 3.3196, -2.083)
(0.1043, 3.2788, -1.8501)
(-0.2443, 3.2364, -2.1093)
(-0.3937, 2.9885, -2.0165)
(-0.7926, 2.9637, -2.2755)
(-0.8737, 2.5985, -2.1971)
(-1.2861, 2.6347, -2.2965)
(-1.3352, 2.3359, -2.1607)
(-1.6727, 2.3988, -2.4107)
(-1.6937, 2.1238, -2.4715)
(-1.9997, 2.06, -2.7688)
(-2.0401, 1.751, -2.7812)
(-2.2584, 1.712, -3.0745)
(-2.2116, 1.4657, -3.1316)
(0.3899, 3.5481, -2.5733)
(0.0564, 3.4106, -2.3073)
(-0.2741, 3.5316, -2.5088)
(-0.5972, 3.3192, -2.329)
(-0.8783, 3.2986, -2.511)
(-1.1443, 2.9947, -2.4318)
(-1.4414, 2.9426, -2.5358)
(-1.6474, 2.6856, -2.405)
(-1.9591, 2.5815, -2.597)
(-2.0282, 2.3521, -2.6417)
(-2.4042, 2.1923, -2.8201)
(-2.3725, 1.936, -2.935)
(-2.6882, 1.8141, -3.0956)
(-2.549, 1.6156, -3.222)
(0.3442, 3.7094, -3.1288)
(0.0522, 3.6454, -2.795)
(-0.2325, 3.5262, -2.9902)
(-0.5234, 3.4225, -2.6897)
(-0.7563, 3.1697, -2.8441)
(-1.0939, 3.0701, -2.6654)
(-1.3365, 2.8412, -2.8261)
(-1.6709, 2.7096, -2.7212)
(-1.899, 2.4974, -2.9401)
(-2.214, 2.3574, -2.8422)
(-2.4237, 2.272, -3.1973)
(-2.6549, 2.0866, -3.1247)
(-2.7674, 2.062, -3.5024)
(-2.8542, 1.7428, -3.3703)
(0.2309, 3.6718, -3.5941)
(-0.0079, 3.6408, -3.3365)
(-0.3375, 3.4776, -3.4074)
(-0.5347, 3.3267, -3.1323)
(-0.9032, 3.3168, -3.1726)
(-1.0944, 3.0882, -2.9477)
(-1.4659, 3.1186, -3.0004)
(-1.6619, 2.7901, -2.9547)
(-1.9158, 2.7901, -3.1587)
(-2.129, 2.4745, -3.2227)
(-2.3278, 2.537, -3.5776)
(-2.5725, 2.306, -3.5941)
(-2.6831, 2.3216, -3.9471)
(-2.8206, 2.045, -3.8967)
(0.0897, 3.4963, -3.6332)
(-0.0887, 3.5324, -3.5207)
(-0.3779, 3.5237, -3.329)
(-0.6688, 3.4752, -3.3335)
(-1.0255, 3.5969, -3.2954)
(-1.2559, 3.3777, -3.1745)
(-1.4679, 3.2516, -3.2423)
(-1.6889, 3.0276, -3.1266)
(-1.8305, 2.9472, -3.3933)
(-2.1029, 2.7944, -3.4804)
(-2.3785, 2.8535, -3.7593)
(-2.5559, 2.5904, -3.8704)
(-2.7856, 2.6513, -4.0656)
(-2.8364, 2.3639, -4.1922)
(-1.734, -0.0751, 4.4032)
(-2.1421, 0.064, 4.3305)
(-2.0499, -0.1449, 4.3212)
(-2.7062, 0.3765, 4.2556)
(-2.5261, 0.0331, 4.247)
(-3.2729, 0.7505, 4.0976)
(-3.114, 0.3954, 4.1461)
(-3.8168, 1.12, 3.8747)
(-3.669, 0.7783, 3.9548)
(-4.3482, 1.4807, 3.6621)
(-4.2086, 1.1576, 3.7241)
(-4.7777, 1.8806, 3.3197)
(-4.6591, 1.5505, 3.3821)
(-5.2413, 2.3637, 3.1733)
(-5.0801, 1.99, 3.1036)
(-5.6065, 2.4798, 3.0695)
(5.8885, -3.6925, 0.7018)
(4.9973, -2.75, 0.4114)
(5.0579, -2.5923, 0.2696)
(5.0596, -2.6494, -0.0732)
(5.1422, -2.8821, -0.086)
(5.3345, -3.2027, 0.1682)
(5.5327, -3.5849, 0.4343)
(1.7832, -2.1784, 3.2714)
(2.3055, -2.3035, 3.0537)
(2.8974, -2.5352, 2.7896)
(3.4609, -2.8199, 2.5101)
(4.0022, -3.11, 2.2178)
(4.3748, -3.1664, 1.7992)
(4.7136, -3.1781, 1.3116)
(5.1905, -3.3787, 0.8526)
(1.3764, -2.3321, 2.8538)
(1.9684, -2.5459, 2.6132)
(2.5712, -2.7988, 2.3513)
(3.1462, -3.0536, 2.0679)
(3.703, -3.2973, 1.762)
(4.1579, -3.2809, 1.4)
(4.527, -3.0858, 0.9963)
(4.9646, -3.0712, 0.5696)
(-0.2567, -2.0459, 2.4491)
(0.3979, -2.2449, 2.4501)
(1.043, -2.5097, 2.3641)
(1.6668, -2.8228, 2.1567)
(2.2717, -3.0681, 1.9)
(2.8561, -3.2466, 1.587)
(3.4301, -3.3852, 1.2484)
(4.0016, -3.4088, 0.9068)
(4.5188, -3.2266, 0.6303)
(4.8753, -2.9767, 0.3027)
(-0.3512, -2.1091, 1.9547)
(0.2792, -2.3464, 1.8801)
(0.8468, -2.7058, 1.7934)
(1.4173, -3.0408, 1.6476)
(2.0247, -3.1882, 1.413)
(2.6245, -3.2252, 1.1236)
(3.2235, -3.2054, 0.8271)
(3.8084, -3.1814, 0.5043)
(4.3873, -3.1203, 0.3898)
(4.7896, -2.8704, 0.2631)
(-0.4662, -2.205, 1.3557)
(0.1684, -2.4507, 1.2744)
(0.7232, -2.8238, 1.2007)
(1.2835, -3.0383, 1.0995)
(1.8987, -2.947, 0.9853)
(2.5219, -2.8121, 0.8687)
(3.1135, -2.7046, 0.6305)
(3.6768, -2.6498, 0.3185)
(4.2223, -2.6215, 0.3547)
(4.6834, -2.6099, 0.4609)
(-0.5773, -2.3226, 0.7611)
(0.0688, -2.5526, 0.681)
(0.674, -2.852, 0.5992)
(1.2899, -2.9727, 0.5273)
(1.9047, -2.7513, 0.5348)
(2.497, -2.4521, 0.5823)
(3.0632, -2.2042, 0.4953)
(3.6344, -2.1571, 0.3692)
(4.2203, -2.2288, 0.4153)
(4.6899, -2.4618, 0.4854)
(-0.6732, -2.4252, 0.166)
(-0.0095, -2.632, 0.086)
(0.6478, -2.8495, -0.0054)
(1.31, -2.9163, -0.0663)
(1.8971, -2.648, -0.0249)
(2.399, -2.214, 0.0869)
(2.8768, -1.8213, 0.1958)
(-0.7354, -2.4328, -0.4358)
(-0.0615, -2.5977, -0.5073)
(0.6151, -2.7428, -0.5922)
(1.2708, -2.7062, -0.6265)
(1.7963, -2.3637, -0.535)
(2.2248, -1.8993, -0.3777)
(2.6094, -1.5216, -0.2389)
(-0.7685, -2.3828, -1.0417)
(-0.0906, -2.5003, -1.1008)
(0.5885, -2.5469, -1.1613)
(1.2252, -2.4294, -1.164)
(1.7091, -2.0744, -1.0449)
(2.0881, -1.606, -0.8687)
(2.4451, -1.2257, -0.7305)
(-0.784, -2.3233, -1.6472)
(-0.1048, -2.3988, -1.6912)
(0.5672, -2.3296, -1.7153)
(1.1958, -2.1539, -1.701)
(1.6856, -1.8291, -1.5911)
(2.0228, -1.3508, -1.4011)
(2.32, -0.9388, -1.2459)
(-0.7791, -2.2236, -2.2474)
(-0.104, -2.2417, -2.2679)
(0.5436, -2.0616, -2.2481)
(1.1623, -1.8566, -2.229)
(1.6782, -1.5755, -2.1431)
(1.9844, -1.0927, -1.9487)
(2.2172, -0.649, -1.7806)
(-0.7555, -2.0925, -2.8407)
(-0.0852, -2.0722, -2.8411)
(0.5234, -1.8084, -2.7876)
(1.1191, -1.562, -2.7616)
(1.6683, -1.3042, -2.6914)
(1.9404, -0.8117, -2.4918)
(2.0802, -0.3335, -2.3045)
(-0.7177, -1.9401, -3.4274)
(-0.0574, -1.8748, -3.4033)
(0.4768, -1.5222, -3.3008)
(0.9969, -1.1937, -3.1855)
(1.556, -0.9279, -3.0515)
(1.8932, -0.4674, -2.9442)
(2.0592, -0.0104, -2.8442)
(-0.6678, -1.7703, -4.0063)
(-0.0151, -1.6483, -3.9553)
(0.4979, -1.2612, -3.8105)
(0.9729, -0.8672, -3.6126)
(1.5091, -0.5558, -3.4291)
(1.9389, -0.1332, -3.4192)
(2.2028, 0.2867, -3.4066)
(-0.6017, -1.5919, -4.5787)
(0.0355, -1.4129, -4.5031)
(0.5805, -1.0248, -4.3457)
(1.0754, -0.6217, -4.166)
(1.6082, -0.2771, -3.9888)
(2.1483, 0.0317, -3.8921)
(2.5164, 0.3251, -3.7732)
(-0.5218, -1.3715, -5.1273)
(0.1146, -1.225, -5.0585)
(0.6925, -0.8802, -4.893)
(1.2301, -0.5104, -4.708)
(1.7819, -0.1609, -4.5083)
(2.3009, 0.1562, -4.2748)
(2.6569, 0.4389, -4.0204)
(-0.454, -1.0567, -5.6205)
(0.1849, -1.0065, -5.5978)
(0.7933, -0.7284, -5.4293)
(1.3651, -0.3887, -5.2192)
(1.9034, -0.0157, -4.9899)
(2.3315, 0.4188, -4.7064)
(2.6328, 0.8091, -4.4218)
(-0.418, -0.7323, -6.0081)
(0.1909, -0.7261, -6.0173)
(0.7906, -0.4418, -5.8402)
(1.3599, -0.1031, -5.6283)
(1.8952, 0.2718, -5.3915)
(2.383, 0.6772, -5.1163)
(2.7462, 1.0358, -4.847)
(2.1019, -2.0085, 3.5808)
(2.6001, -2.0969, 3.4262)
(3.1914, -2.3007, 3.1434)
(3.7468, -2.5385, 2.8061)
(4.2651, -2.805, 2.4443)
(4.6832, -3.0323, 1.9871)
(5.0759, -3.2303, 1.5028)
(5.5641, -3.4687, 1.0793)
(6.3889, -3.5136, 0.9841)
(5.0876, -2.4459, 0.2343)
(5.4576, -2.2985, 0.1217)
(5.9749, -2.1979, 0.2151)
(6.463, -2.2935, 0.4878)
(6.7385, -2.6158, 0.8157)
(6.6513, -3.1134, 0.9939)
(2.5518, -1.1656, 3.9247)
(3.0829, -1.3624, 3.7347)
(3.6827, -1.5879, 3.4326)
(4.2301, -1.8272, 3.0372)
(4.7457, -2.0812, 2.6073)
(5.2571, -2.3501, 2.1503)
(5.7361, -2.6044, 1.7137)
(6.2235, -2.8842, 1.3285)
(2.5498, -0.6204, 3.7833)
(3.1827, -0.8118, 3.5621)
(3.7952, -1.0413, 3.241)
(4.3244, -1.3075, 2.8337)
(4.8261, -1.5919, 2.4044)
(5.3423, -1.8569, 1.9488)
(5.8208, -2.1323, 1.5138)
(6.3264, -2.4189, 1.1552)
(1.181, 0.3734, 3.6575)
(1.8144, 0.1086, 3.5869)
(2.4779, -0.1333, 3.4324)
(3.1437, -0.3516, 3.1716)
(3.7186, -0.6138, 2.8349)
(4.1997, -0.9154, 2.4157)
(4.655, -1.2132, 1.9659)
(5.1029, -1.5239, 1.5107)
(5.5552, -1.8582, 1.112)
(6.0764, -2.1602, 0.8065)
(1.2298, 0.7345, 3.3145)
(1.8205, 0.47, 3.1353)
(2.4441, 0.2492, 2.9332)
(3.0149, -0.0315, 2.6731)
(3.4751, -0.4012, 2.343)
(3.8911, -0.7718, 1.9517)
(4.3196, -1.073, 1.5134)
(4.7051, -1.4254, 1.1023)
(5.124, -1.8301, 0.7801)
(5.641, -2.1684, 0.4832)
(1.2418, 1.1313, 2.8516)
(1.7549, 0.7856, 2.609)
(2.3404, 0.5226, 2.388)
(2.8123, 0.1502, 2.1393)
(3.1303, -0.3664, 1.8615)
(3.4654, -0.8393, 1.5337)
(3.8715, -1.1865, 1.124)
(4.2494, -1.5563, 0.7409)
(4.6672, -1.9786, 0.559)
(5.1789, -2.3264, 0.3757)
(1.2237, 1.4869, 2.3477)
(1.6454, 1.0522, 2.0802)
(2.1623, 0.6977, 1.836)
(2.558, 0.2452, 1.5979)
(2.7809, -0.3565, 1.3748)
(3.0463, -0.9126, 1.1116)
(3.4127, -1.3742, 0.776)
(3.8445, -1.7914, 0.5322)
(4.3628, -2.0792, 0.4846)
(4.8618, -2.3836, 0.4319)
(1.23, 1.8237, 1.8309)
(1.5686, 1.3185, 1.5559)
(1.9458, 0.8365, 1.2987)
(2.2786, 0.3175, 1.0679)
(2.5054, -0.2788, 0.8496)
(2.7374, -0.861, 0.6198)
(2.992, -1.3784, 0.3764)
(1.2827, 2.1343, 1.3057)
(1.6159, 1.6233, 1.0465)
(1.8763, 1.0541, 0.7777)
(2.157, 0.487, 0.5402)
(2.4176, -0.0793, 0.3186)
(2.6375, -0.6494, 0.1012)
(2.7582, -1.1461, -0.0919)
(1.341, 2.4095, 0.7645)
(1.7301, 1.9278, 0.5327)
(1.9856, 1.3477, 0.263)
(2.2389, 0.7722, 0.0203)
(2.4781, 0.212, -0.1978)
(2.6471, -0.3571, -0.4122)
(2.6629, -0.8552, -0.5983)
(1.3597, 2.6706, 0.2127)
(1.7742, 2.1999, -0.0086)
(2.0503, 1.6237, -0.2669)
(2.296, 1.0506, -0.5066)
(2.5104, 0.4934, -0.725)
(2.6231, -0.0774, -0.9378)
(2.5628, -0.5682, -1.1154)
(1.31, 2.9069, -0.3443)
(1.7012, 2.4238, -0.5687)
(1.9613, 1.8398, -0.8202)
(2.2222, 1.2798, -1.0532)
(2.4695, 0.7465, -1.2613)
(2.5218, 0.1944, -1.4445)
(2.4195, -0.2787, -1.6195)
(1.1774, 3.0982, -0.9013)
(1.5217, 2.5847, -1.1246)
(1.762, 1.9929, -1.3703)
(1.9731, 1.4134, -1.53)
(2.1677, 0.862, -1.5927)
(2.2262, 0.3977, -1.7835)
(2.1922, 0.0224, -2.0779)
(0.9883, 3.2376, -1.4456)
(1.2988, 2.6905, -1.666)
(1.5473, 2.0931, -1.9158)
(1.7288, 1.4941, -1.9986)
(1.8858, 0.916, -1.9089)
(2.05, 0.5773, -2.1623)
(2.1393, 0.3649, -2.6233)
(0.9836, 3.2819, -1.9125)
(1.3889, 2.8723, -2.0746)
(1.673, 2.2746, -2.2831)
(1.8611, 1.6551, -2.3971)
(1.999, 1.0575, -2.4191)
(2.1896, 0.7991, -2.7467)
(2.3131, 0.6733, -3.2063)
(1.074, 3.3612, -2.3868)
(1.6281, 3.0871, -2.4918)
(2.0086, 2.541, -2.6133)
(2.2272, 1.9109, -2.7413)
(2.2917, 1.2863, -2.9096)
(2.4797, 0.9079, -3.1792)
(2.6536, 0.6636, -3.4937)
(1.0324, 3.5148, -2.9496)
(1.5962, 3.172, -3.0475)
(1.9549, 2.6414, -3.0511)
(2.2378, 2.0993, -3.1222)
(2.5017, 1.5995, -3.2529)
(2.752, 1.1169, -3.4127)
(2.8481, 0.7442, -3.7089)
(0.8715, 3.5411, -3.471)
(1.3145, 3.0841, -3.441)
(1.6864, 2.6521, -3.3737)
(2.1401, 2.3414, -3.4038)
(2.5368, 1.9548, -3.4735)
(2.755, 1.4868, -3.7248)
(2.8127, 1.1245, -4.1172)
(0.5843, 3.4472, -3.7097)
(1.0204, 3.0567, -3.5559)
(1.5931, 2.8567, -3.5354)
(2.134, 2.6148, -3.551)
(2.4717, 2.1774, -3.6865)
(2.7797, 1.737, -4.0052)
(2.9878, 1.3901, -4.3523)
(2.4128, -1.6098, 3.8875)
(2.8708, -1.8181, 3.68)
(3.4582, -2.0381, 3.3855)
(3.9993, -2.2604, 2.9933)
(4.4947, -2.4998, 2.5488)
(4.9605, -2.7854, 2.0713)
(5.456, -3.0591, 1.6083)
(5.9698, -3.3237, 1.2263)
(-6.1012, 2.747, 2.8148)
(-4.6792, 2.3596, 1.7765)
(-4.8628, 2.6093, 1.6017)
(-5.2004, 2.7313, 1.2904)
(-5.6095, 2.6436, 1.3339)
(-5.9114, 2.6115, 1.8052)
(-6.1075, 2.6667, 2.3643)
(-2.2186, -0.7113, 3.7505)
(-2.7121, -0.3914, 3.6798)
(-3.2404, 0.0397, 3.5223)
(-3.7227, 0.5048, 3.3035)
(-4.2115, 0.9515, 3.0576)
(-4.7267, 1.4072, 2.7963)
(-5.234, 1.86, 2.5839)
(-5.7211, 2.2837, 2.4633)
(-2.1532, -0.9862, 3.2423)
(-2.6946, -0.5967, 3.1323)
(-3.1727, -0.1068, 2.9604)
(-3.5879, 0.4127, 2.7469)
(-4.0042, 0.926, 2.5128)
(-4.4728, 1.4208, 2.2936)
(-4.9697, 1.8898, 2.1217)
(-5.476, 2.2944, 1.9608)
(-0.9039, -1.8232, 2.516)
(-1.5083, -1.5425, 2.6419)
(-2.1153, -1.184, 2.6691)
(-2.6957, -0.7559, 2.5613)
(-3.1937, -0.2806, 2.4385)
(-3.6324, 0.2241, 2.2863)
(-4.0347, 0.757, 2.0898)
(-4.4437, 1.2917, 1.8971)
(-4.8698, 1.8123, 1.7174)
(-5.2775, 2.2758, 1.4916)
(-1.0049, -1.9109, 2.0278)
(-1.645, -1.6892, 2.0893)
(-2.2694, -1.4006, 2.1083)
(-2.8597, -1.0275, 2.0712)
(-3.3814, -0.5849, 1.9899)
(-3.8077, -0.071, 1.8492)
(-4.1603, 0.4911, 1.6586)
(-4.495, 1.0617, 1.4617)
(-4.7705, 1.6471, 1.3406)
(-4.9929, 2.2388, 1.2783)
(-1.1267, -2.0213, 1.4333)
(-1.7885, -1.839, 1.5026)
(-2.4327, -1.6092, 1.5628)
(-2.9253, -1.2129, 1.6105)
(-3.2764, -0.6663, 1.6197)
(-3.5926, -0.0733, 1.5598)
(-3.8734, 0.5327, 1.4051)
(-4.1513, 1.134, 1.232)
(-4.3753, 1.6927, 1.3195)
(-4.5918, 2.239, 1.5478)
(-1.2396, -2.1298, 0.8358)
(-1.9046, -1.9452, 0.9065)
(-2.5367, -1.691, 0.9717)
(-2.9073, -1.1961, 1.0568)
(-3.057, -0.5357, 1.1763)
(-3.2176, 0.1211, 1.2811)
(-3.3946, 0.7771, 1.3043)
(-3.6764, 1.3861, 1.2753)
(-3.9966, 1.7914, 1.532)
(-4.3529, 2.1143, 1.8449)
(-1.3396, -2.2202, 0.2356)
(-2.0093, -2.0165, 0.3017)
(-2.607, -1.6903, 0.3661)
(-2.9128, -1.1193, 0.4623)
(-2.9741, -0.4334, 0.6033)
(-3.0121, 0.2411, 0.758)
(-3.0663, 0.8732, 0.9055)
(-1.4036, -2.242, -0.3723)
(-2.0569, -2.0067, -0.3092)
(-2.5846, -1.6019, -0.2343)
(-2.8114, -0.9908, -0.12)
(-2.8462, -0.3269, 0.0299)
(-2.8819, 0.3193, 0.1879)
(-2.9162, 0.8679, 0.3241)
(-1.4325, -2.202, -0.9842)
(-2.0565, -1.926, -0.92)
(-2.5255, -1.4676, -0.8305)
(-2.7206, -0.8578, -0.7023)
(-2.7689, -0.229, -0.5517)
(-2.8162, 0.3873, -0.3954)
(-2.8307, 0.9133, -0.2657)
(-1.4424, -2.1328, -1.5942)
(-2.0477, -1.8233, -1.5279)
(-2.4999, -1.3432, -1.4311)
(-2.7205, -0.7446, -1.2961)
(-2.8018, -0.1353, -1.143)
(-2.8208, 0.4658, -0.9868)
(-2.7601, 0.9765, -0.8603)
(-1.434, -2.0317, -2.1995)
(-2.0253, -1.6996, -2.1306)
(-2.4747, -1.2084, -2.0289)
(-2.742, -0.6217, -1.8911)
(-2.8606, -0.021, -1.7372)
(-2.8173, 0.5694, -1.5792)
(-2.6557, 1.0552, -1.4569)
(-1.4105, -1.9088, -2.7998)
(-1.993, -1.5658, -2.7293)
(-2.4352, -1.0636, -2.6225)
(-2.7098, -0.4715, -2.4807)
(-2.7859, 0.1347, -2.3122)
(-2.6089, 0.687, -2.105)
(-2.4208, 1.1177, -2.0085)
(-1.3761, -1.7794, -3.397)
(-1.9583, -1.4405, -3.3267)
(-2.409, -0.9484, -3.213)
(-2.5989, -0.3735, -3.0387)
(-2.495, 0.192, -2.7916)
(-2.2973, 0.6997, -2.5452)
(-2.2315, 1.1258, -2.5821)
(-1.3259, -1.6498, -3.9901)
(-1.8704, -1.2932, -3.8973)
(-2.2578, -0.7854, -3.7191)
(-2.4435, -0.2264, -3.5172)
(-2.3081, 0.275, -3.2392)
(-2.1862, 0.7803, -3.0253)
(-2.2452, 1.3025, -3.1357)
(-1.2137, -1.4579, -4.5336)
(-1.6102, -1.0497, -4.3048)
(-1.8407, -0.5725, -3.9364)
(-2.0921, -0.0513, -3.7044)
(-2.2507, 0.4574, -3.592)
(-2.4036, 0.9461, -3.425)
(-2.5544, 1.4414, -3.3188)
(-1.0009, -1.1638, -4.9561)
(-1.1904, -0.7281, -4.5303)
(-1.4211, -0.3385, -4.1091)
(-1.7722, 0.1249, -3.9323)
(-2.1269, 0.689, -3.9071)
(-2.5619, 1.1511, -3.7558)
(-2.8239, 1.5411, -3.5104)
(-0.8105, -0.7815, -5.3247)
(-0.9239, -0.3559, -4.8232)
(-1.3055, -0.0607, -4.5268)
(-1.8234, 0.2904, -4.4539)
(-2.1977, 0.8552, -4.3723)
(-2.5634, 1.3858, -4.2201)
(-2.7936, 1.8235, -4.0172)
(-0.7288, -0.4092, -5.6608)
(-0.8875, -0.0084, -5.1719)
(-1.3582, 0.1632, -4.9555)
(-1.931, 0.3689, -4.922)
(-2.3312, 0.9029, -4.8281)
(-2.592, 1.5141, -4.6727)
(-2.733, 2.0231, -4.4664)
(-2.1739, -0.4288, 4.1239)
(-2.617, -0.114, 4.0859)
(-3.1824, 0.2718, 3.9614)
(-3.7222, 0.6788, 3.7584)
(-4.261, 1.0703, 3.5238)
(-4.7456, 1.5061, 3.2422)
(-5.2096, 1.9707, 3.0075)
(-5.7144, 2.4014, 2.9106)
(-5.8836, 3.0345, 3.1456)
(-4.766, 2.3475, 1.8082)
(-4.8585, 2.7266, 1.7577)
(-4.9167, 3.2874, 1.9015)
(-5.0484, 3.7224, 2.3004)
(-5.3369, 3.8041, 2.763)
(-5.6617, 3.4559, 3.0738)
(-1.5902, 0.3052, 4.3589)
(-2.103, 0.59, 4.2966)
(-2.6846, 0.9535, 4.181)
(-3.2393, 1.3286, 3.9846)
(-3.7937, 1.688, 3.8041)
(-4.3188, 2.0733, 3.5851)
(-4.8018, 2.5407, 3.3462)
(-5.2761, 3.0556, 3.2023)
(-1.1489, 0.6441, 4.169)
(-1.734, 0.9797, 4.074)
(-2.3257, 1.3409, 3.9394)
(-2.8873, 1.7042, 3.7486)
(-3.4206, 2.0973, 3.5894)
(-3.9686, 2.5127, 3.4033)
(-4.5248, 2.9544, 3.1568)
(-4.9871, 3.4422, 2.9544)
(0.5243, 0.5776, 3.7393)
(-0.1463, 0.7195, 3.8106)
(-0.8123, 0.9513, 3.7712)
(-1.4529, 1.2555, 3.6404)
(-2.0515, 1.5487, 3.4731)
(-2.6055, 1.8709, 3.2645)
(-3.1018, 2.2738, 3.1227)
(-3.6469, 2.6545, 2.9503)
(-4.2157, 2.9736, 2.7119)
(-4.6993, 3.3676, 2.5266)
(0.613, 0.9373, 3.3975)
(-0.0384, 1.0354, 3.3343)
(-0.6685, 1.2196, 3.2201)
(-1.302, 1.4053, 3.0817)
(-1.9262, 1.5294, 2.9143)
(-2.4215, 1.8259, 2.7165)
(-2.8752, 2.1794, 2.5861)
(-3.4321, 2.4262, 2.4518)
(-3.986, 2.6807, 2.2883)
(-4.5222, 2.978, 2.1449)
(0.6889, 1.3374, 2.9384)
(0.0479, 1.2969, 2.7898)
(-0.5731, 1.369, 2.6266)
(-1.2097, 1.4541, 2.4875)
(-1.8592, 1.4048, 2.3405)
(-2.3348, 1.6466, 2.1635)
(-2.7997, 1.903, 2.0699)
(-3.3752, 2.0414, 1.9832)
(-3.921, 2.3059, 1.9481)
(-4.451, 2.5084, 1.957)
(0.7249, 1.6894, 2.4319)
(0.1292, 1.5184, 2.2401)
(-0.4645, 1.4497, 2.0349)
(-1.1119, 1.4539, 1.8868)
(-1.758, 1.3109, 1.7526)
(-2.3001, 1.437, 1.5921)
(-2.8465, 1.5743, 1.5322)
(-3.4248, 1.7113, 1.51)
(-3.864, 1.9858, 1.6939)
(-4.3384, 2.1514, 1.9304)
(0.7317, 2.0211, 1.9094)
(0.1595, 1.793, 1.7108)
(-0.3881, 1.5477, 1.4672)
(-1.01, 1.4172, 1.2909)
(-1.647, 1.2515, 1.1609)
(-2.2477, 1.2558, 1.0304)
(-2.813, 1.282, 0.9794)
(0.7342, 2.3208, 1.371)
(0.1299, 2.1228, 1.2044)
(-0.4011, 1.7839, 0.9513)
(-0.9485, 1.4881, 0.7242)
(-1.5449, 1.2745, 0.5747)
(-2.1628, 1.1698, 0.467)
(-2.7025, 1.1393, 0.4051)
(0.748, 2.5723, 0.8126)
(0.1098, 2.4119, 0.6754)
(-0.4637, 2.1186, 0.4607)
(-0.9778, 1.7748, 0.2196)
(-1.498, 1.4673, 0.026)
(-2.0715, 1.2515, -0.1007)
(-2.5952, 1.1577, -0.1791)
(0.7753, 2.7876, 0.2466)
(0.1451, 2.5972, 0.1038)
(-0.4677, 2.3606, -0.0746)
(-1.0302, 2.0996, -0.2709)
(-1.5292, 1.7893, -0.4744)
(-2.036, 1.4826, -0.6436)
(-2.5029, 1.2734, -0.7572)
(0.7993, 2.9343, -0.3213)
(0.2381, 2.6277, -0.4807)
(-0.3773, 2.4099, -0.6559)
(-0.9985, 2.2743, -0.8189)
(-1.5602, 2.0707, -0.9957)
(-2.0521, 1.7474, -1.1832)
(-2.4207, 1.418, -1.3327)
(0.7035, 3.1109, -0.8472)
(0.2438, 2.7008, -1.0208)
(-0.2641, 2.3604, -1.2343)
(-0.8653, 2.1652, -1.3367)
(-1.4304, 2.0027, -1.4685)
(-1.897, 1.7214, -1.6769)
(-2.2368, 1.4144, -1.8802)
(0.5043, 3.355, -1.3375)
(0.0741, 2.9662, -1.4935)
(-0.3216, 2.4953, -1.7474)
(-0.8466, 2.1508, -1.7978)
(-1.3437, 1.9551, -1.8967)
(-1.7739, 1.6931, -2.1584)
(-2.097, 1.3918, -2.4436)
(0.4068, 3.3542, -1.8367)
(-0.1568, 3.1547, -1.9134)
(-0.6315, 2.7904, -2.1336)
(-1.1151, 2.4479, -2.1679)
(-1.5199, 2.2433, -2.2846)
(-1.8776, 1.9443, -2.6335)
(-2.1471, 1.5948, -2.9452)
(0.3992, 3.4061, -2.3237)
(-0.2813, 3.392, -2.3032)
(-0.8793, 3.172, -2.3907)
(-1.4071, 2.8343, -2.4104)
(-1.8467, 2.5307, -2.4948)
(-2.2132, 2.1428, -2.7906)
(-2.4772, 1.764, -3.079)
(0.374, 3.655, -2.8444)
(-0.2426, 3.5619, -2.7385)
(-0.8063, 3.2521, -2.665)
(-1.3841, 2.8905, -2.6871)
(-1.9482, 2.5253, -2.7646)
(-2.4608, 2.2204, -2.973)
(-2.773, 1.9259, -3.2589)
(0.2945, 3.7132, -3.4015)
(-0.2773, 3.4909, -3.2422)
(-0.8069, 3.201, -3.0263)
(-1.3873, 2.9514, -2.9188)
(-1.9013, 2.6183, -3.0621)
(-2.3647, 2.3853, -3.4104)
(-2.7168, 2.1889, -3.7514)
(0.1615, 3.5937, -3.6536)
(-0.3683, 3.4924, -3.4157)
(-0.975, 3.4543, -3.2537)
(-1.4875, 3.2127, -3.111)
(-1.888, 2.8941, -3.2698)
(-2.3385, 2.6953, -3.6857)
(-2.7173, 2.4799, -4.0362)
(-1.9241, -0.0202, 4.366)
(-2.413, 0.2044, 4.298)
(-2.9937, 0.5618, 4.1884)
(-3.545, 0.9371, 3.9854)
(-4.0906, 1.2993, 3.7789)
(-4.569, 1.672, 3.4891)
(-5.0009, 2.114, 3.2214)
(-5.497, 2.6183, 3.156)
