(3.0168, 0.0027, -5.7285)
(3.1776, 0.6203, -5.4951)
(3.1758, 1.2733, -5.2694)
(3.1072, 1.9261, -5.0442)
(3.0352, 2.5787, -4.8182)
(2.951, -0.1327, -5.3102)
(3.1419, 0.4781, -5.0799)
(2.9994, 3.1951, -4.6038)
(3.1674, 1.1291, -4.8533)
(3.0138, 3.5686, -4.4004)
(3.1142, 1.7826, -4.6276)
(3.048, 2.4355, -4.4015)
(3.0117, 3.0536, -4.188)
(3.0238, 3.5417, -4.0605)
(2.8636, -0.3073, -4.7672)
(3.09, 0.2924, -4.5373)
(3.1496, 0.9399, -4.3094)
(3.1173, 1.594, -4.083)
(3.0595, 2.2474, -3.8568)
(3.0234, 2.8652, -3.643)
(3.0245, 3.3361, -3.4812)
(2.7683, -0.4899, -4.1927)
(3.0296, 0.0968, -3.9629)
(3.1234, 0.7391, -3.734)
(3.1116, 1.3929, -3.5069)
(3.0622, 2.0464, -3.2805)
(3.0294, 2.6629, -3.0665)
(3.0381, 3.1347, -2.9041)
(2.6698, -0.6696, -3.6175)
(2.9647, -0.0977, -3.3885)
(3.0906, 0.5378, -3.159)
(3.0961, 1.1895, -2.9313)
(3.0511, 1.8384, -2.705)
(3.0171, 2.4482, -2.4912)
(3.0318, 2.9203, -2.3274)
(2.5677, -0.8456, -3.0416)
(2.8957, -0.2907, -2.8138)
(3.0522, 0.3356, -2.5843)
(3.0714, 0.9784, -2.3563)
(3.025, 1.6094, -2.131)
(2.9764, 2.2037, -1.9187)
(2.9604, 2.6671, -1.756)
(2.4614, -1.0171, -2.4649)
(2.8229, -0.482, -2.239)
(3.0095, 0.1309, -2.0099)
(3.0387, 0.7553, -1.7823)
(2.9863, 1.3637, -1.5587)
(2.9155, 1.9409, -1.349)
(2.8597, 2.3923, -1.1907)
(2.3501, -1.183, -1.8872)
(2.7459, -0.6715, -1.6639)
(2.9637, -0.0763, -1.436)
(2.9991, 0.5301, -1.2094)
(2.9381, 1.1206, -0.9876)
(2.8469, 1.6831, -0.7803)
(2.7535, 2.1203, -0.6261)
(2.2328, -1.3417, -1.3085)
(2.6646, -0.858, -1.0884)
(2.9175, -0.2825, -0.8628)
(2.9547, 0.3146, -0.6376)
(2.8855, 0.8979, -0.417)
(2.785, 1.4538, -0.2096)
(2.6722, 1.8811, -0.0554)
(2.1114, -1.4941, -0.7288)
(2.5811, -1.0408, -0.5121)
(2.8778, -0.4867, -0.2899)
(2.9155, 0.1134, -0.0664)
(2.8432, 0.7044, 0.1544)
(2.7479, 1.2667, 0.3652)
(2.643, 1.7002, 0.5244)
(1.9955, -1.6494, -0.1492)
(2.5049, -1.2252, 0.0653)
(2.8585, -0.6925, 0.2828)
(2.9195, -0.0769, 0.5034)
(2.8497, 0.5369, 0.7262)
(2.7567, 1.1162, 0.9426)
(2.6615, 1.5599, 1.1091)
(1.8853, -1.8118, 0.4282)
(2.4231, -1.4086, 0.6426)
(2.83, -0.8884, 0.8564)
(2.9839, -0.2597, 1.0698)
(2.9322, 0.384, 1.2927)
(2.8412, 0.9954, 1.5147)
(2.7297, 1.4604, 1.6999)
(1.7408, -1.9385, 1.007)
(2.2818, -1.5447, 1.2209)
(2.717, -1.0445, 1.4322)
(2.9585, -0.4338, 1.6418)
(2.9853, 0.2243, 1.8572)
(2.9851, 0.8819, 2.0718)
(3.0389, 1.6097, 2.2882)
(1.5705, -2.0359, 1.5874)
(2.1026, -1.6423, 1.7985)
(2.5612, -1.1723, 2.0063)
(2.8584, -0.6011, 2.2113)
(3.5579, 1.979, 2.5811)
(2.9349, 0.0432, 2.4161)
(3.0516, 0.688, 2.6161)
(4.0281, 2.0581, 3.0848)
(3.3501, 1.2749, 2.7417)
(4.4808, 2.0646, 3.6096)
(3.8296, 1.7326, 2.8086)
(1.3898, -2.1194, 2.1719)
(1.9103, -1.7208, 2.3808)
(2.4132, -1.2911, 2.5842)
(4.712, 2.241, 3.7799)
(2.8125, -0.7822, 2.7793)
(4.2785, 2.1282, 3.0093)
(3.0295, -0.1729, 2.957)
(3.2476, 0.4496, 3.126)
(4.6129, 2.3643, 3.4271)
(3.5975, 1.016, 3.2236)
(4.8752, 2.5251, 3.7616)
(4.105, 1.4667, 3.2162)
(1.1899, -2.1714, 2.7321)
(1.6643, -1.7556, 2.9622)
(2.2008, -1.3288, 3.1598)
(4.5999, 1.9289, 3.2633)
(2.7201, -0.8969, 3.3484)
(3.1236, -0.3726, 3.496)
(5.0014, 2.3646, 3.4076)
(3.4641, 0.2031, 3.6235)
(1.0202, -2.199, 3.177)
(5.2071, 2.7305, 3.5949)
(3.8269, 0.7618, 3.7234)
(4.3206, 1.2234, 3.7267)
(1.9158, -1.2254, 3.6948)
(1.261, -1.7245, 3.56)
(4.8077, 1.7082, 3.7636)
(2.4866, -0.8296, 3.883)
(3.0098, -0.4031, 4.047)
(5.2391, 2.1895, 3.8333)
(3.4879, 0.0746, 4.1646)
(5.5271, 2.5773, 3.9169)
(3.9443, 0.579, 4.2439)
(4.4115, 1.0793, 4.287)
(1.2049, -1.3057, 4.0244)
(1.6379, -0.9703, 4.1585)
(4.8807, 1.5807, 4.344)
(2.1733, -0.5878, 4.3312)
(2.7189, -0.1874, 4.5048)
(5.3195, 2.0554, 4.4151)
(3.2501, 0.2356, 4.6502)
(5.6744, 2.3988, 4.4683)
(3.7664, 0.6852, 4.7558)
(4.2696, 1.1524, 4.8344)
(1.0104, -0.9986, 4.4306)
(1.3522, -0.6748, 4.5424)
(4.773, 1.6178, 4.9127)
(1.8528, -0.2822, 4.6891)
(2.3901, 0.1315, 4.8422)
(5.2546, 2.0455, 5.0005)
(2.926, 0.5488, 4.9914)
(0.9356, -0.7158, 4.626)
(5.6358, 2.3589, 5.0606)
(3.4565, 0.9786, 5.1196)
(1.0441, -0.4128, 4.7515)
(1.5918, -0.0073, 4.8947)
(3.979, 1.4222, 5.2235)
(2.1275, 0.402, 5.0535)
(4.5037, 1.8607, 5.326)
(2.6649, 0.8144, 5.2116)
(3.1985, 1.2406, 5.3459)
(5.0137, 2.2418, 5.4452)
(3.7221, 1.6864, 5.4503)
(5.4156, 2.4859, 5.5335)
(4.2456, 2.1366, 5.5352)
(5.1253, 2.5972, 5.6708)
(4.7854, 2.5706, 5.6349)
(-0.5417, 4.7726, -4.2992)
(0.1132, 4.901, -4.1287)
(0.797, 4.8299, -4.0834)
(1.4581, 4.6253, -4.123)
(2.0832, 4.3395, -4.2084)
(-0.588, 4.5613, -3.9194)
(0.0819, 4.6259, -3.7923)
(2.6267, 3.9976, -4.3246)
(0.766, 4.583, -3.7244)
(2.9525, 3.7248, -4.3463)
(1.4365, 4.4302, -3.731)
(2.0709, 4.1707, -3.802)
(2.6213, 3.8394, -3.9148)
(3.011, 3.5567, -4.0564)
(-0.6467, 4.2907, -3.421)
(0.0324, 4.2798, -3.3408)
(0.7183, 4.2362, -3.2711)
(1.3989, 4.1416, -3.238)
(2.051, 3.9343, -3.2783)
(2.6164, 3.6308, -3.3773)
(3.0092, 3.3485, -3.4774)
(-0.7008, 3.9885, -2.9021)
(-0.0239, 3.9004, -2.8737)
(0.6608, 3.8371, -2.8166)
(1.3462, 3.7854, -2.7502)
(2.0167, 3.6492, -2.743)
(2.6069, 3.3986, -2.8128)
(3.0227, 3.1475, -2.9017)
(-0.7467, 3.7047, -2.3707)
(-0.0799, 3.5599, -2.3783)
(0.5996, 3.4476, -2.355)
(1.2843, 3.3945, -2.2881)
(1.9608, 3.3167, -2.2364)
(2.5719, 3.1376, -2.2596)
(3.0178, 2.9352, -2.3265)
(-0.7848, 3.458, -1.8205)
(-0.1245, 3.3017, -1.837)
(0.544, 3.1323, -1.8453)
(1.2155, 3.0239, -1.8113)
(1.8764, 2.9515, -1.7484)
(2.4907, 2.839, -1.7209)
(2.9461, 2.6821, -1.7566)
(-0.8089, 3.2401, -1.2606)
(-0.1418, 3.1587, -1.2535)
(0.5147, 2.9595, -1.2716)
(1.152, 2.7658, -1.2702)
(1.7812, 2.6243, -1.238)
(2.3819, 2.5203, -1.1918)
(2.8457, 2.4073, -1.1913)
(-0.8078, 2.9808, -0.7211)
(-0.1408, 3.0425, -0.6655)
(0.5173, 2.8988, -0.6692)
(1.1258, 2.6655, -0.6731)
(1.718, 2.4485, -0.6598)
(2.2851, 2.2565, -0.6389)
(2.7387, 2.135, -0.6288)
(-0.7751, 2.6549, -0.2187)
(-0.1358, 2.8479, -0.1025)
(0.5274, 2.83, -0.0702)
(1.1389, 2.6363, -0.0666)
(1.7044, 2.3679, -0.0579)
(2.2342, 2.0909, -0.053)
(2.6576, 1.8958, -0.0579)
(-0.7147, 2.2789, 0.2478)
(-0.1176, 2.5647, 0.4223)
(0.5284, 2.6863, 0.5102)
(1.1566, 2.5734, 0.5306)
(1.7237, 2.2987, 0.539)
(2.2362, 1.9768, 0.5391)
(2.6293, 1.715, 0.5259)
(-0.7098, 1.9602, 0.7501)
(-0.1171, 2.2595, 0.9316)
(0.5074, 2.4643, 1.0626)
(1.1519, 2.4416, 1.1109)
(1.746, 2.2025, 1.1259)
(2.2647, 1.8668, 1.1254)
(2.6497, 1.5756, 1.1129)
(-0.8099, 1.7852, 1.3131)
(-0.2022, 2.0559, 1.4815)
(0.4522, 2.2073, 1.5941)
(1.1156, 2.2673, 1.6756)
(1.7462, 2.0959, 1.7087)
(2.2961, 1.7708, 1.7104)
(2.7179, 1.4794, 1.707)
(-0.895, 1.5832, 1.8776)
(-0.2783, 1.8436, 2.0402)
(0.3723, 2.029, 2.1594)
(1.0362, 2.1302, 2.2513)
(1.6896, 2.0036, 2.2883)
(2.3072, 1.7672, 2.2882)
(3.0309, 1.6277, 2.2978)
(-0.9287, 1.3133, 2.4197)
(-0.3315, 1.6087, 2.5952)
(0.2909, 1.8644, 2.7329)
(0.9356, 2.0287, 2.8327)
(3.5468, 1.9903, 2.5942)
(1.5964, 1.9882, 2.859)
(2.2556, 1.9258, 2.835)
(4.0148, 2.0615, 3.0999)
(2.9001, 1.9175, 2.8764)
(4.4673, 2.0622, 3.6267)
(3.4556, 2.2243, 2.9357)
(-0.9073, 0.9721, 2.9237)
(-0.3506, 1.3112, 3.1284)
(0.2367, 1.6348, 3.2886)
(4.7135, 2.1975, 3.815)
(0.8496, 1.9005, 3.4026)
(4.0212, 2.4333, 3.1585)
(1.5016, 1.9997, 3.417)
(2.1459, 2.0055, 3.3897)
(4.4992, 2.4906, 3.5491)
(2.7843, 2.1141, 3.4249)
(4.8478, 2.5133, 3.8718)
(3.3486, 2.4631, 3.4344)
(-0.855, 0.5937, 3.3752)
(-0.3426, 0.9355, 3.6318)
(0.2298, 1.312, 3.8108)
(3.9198, 2.804, 3.5006)
(0.8128, 1.6528, 3.9421)
(1.4398, 1.8375, 3.9439)
(4.4929, 2.9796, 3.6694)
(2.0288, 2.0897, 3.9143)
(-0.8059, 0.27, 3.7223)
(4.9365, 3.0134, 3.8584)
(2.6379, 2.3421, 3.9427)
(3.2322, 2.6503, 3.9941)
(0.3137, 0.9032, 4.2581)
(-0.3273, 0.3929, 4.1232)
(3.792, 3.0272, 4.0349)
(0.867, 1.3122, 4.4056)
(1.4499, 1.6366, 4.4677)
(4.3754, 3.2807, 4.1234)
(2.0382, 1.9382, 4.4487)
(4.843, 3.4052, 4.2211)
(2.5724, 2.3311, 4.4853)
(3.1298, 2.7142, 4.5498)
(0.0796, 0.1598, 4.5011)
(0.5425, 0.4652, 4.5758)
(3.7001, 3.0851, 4.6166)
(1.0814, 0.846, 4.6757)
(1.6156, 1.241, 4.8275)
(4.2662, 3.3877, 4.7009)
(2.1719, 1.6183, 4.8975)
(4.7128, 3.5896, 4.7741)
(2.7198, 2.0159, 4.923)
(3.24, 2.4444, 5.0231)
(0.4014, -0.2202, 4.6996)
(0.8235, 0.0122, 4.7419)
(3.7644, 2.8694, 5.1435)
(1.3517, 0.3739, 4.8398)
(1.8881, 0.7787, 4.9906)
(4.2766, 3.2514, 5.2595)
(2.4316, 1.184, 5.1108)
(0.6918, -0.4106, 4.7422)
(4.6745, 3.5359, 5.3433)
(2.9772, 1.5934, 5.188)
(1.0343, -0.3952, 4.7559)
(1.5823, 0.0105, 4.8987)
(3.4849, 2.0363, 5.3204)
(2.1225, 0.4218, 5.0635)
(3.9888, 2.4837, 5.4662)
(2.6612, 0.8314, 5.2262)
(3.1962, 1.2542, 5.3637)
(4.4713, 2.8956, 5.6056)
(3.7181, 1.7013, 5.4658)
(4.8226, 3.2086, 5.7093)
(4.2395, 2.1525, 5.5484)
(4.8988, 2.8845, 5.7409)
(4.773, 2.5862, 5.6398)
(2.6067, -0.4635, -5.9644)
(1.9909, -0.6543, -6.1241)
(1.3223, -0.5681, -6.2102)
(0.6741, -0.3299, -6.2335)
(0.0444, -0.0382, -6.2248)
(-0.5856, 0.2535, -6.2153)
(2.5262, -0.5965, -5.5347)
(1.914, -0.7974, -5.7103)
(1.2441, -0.7385, -5.8118)
(-1.1909, 0.4997, -6.2228)
(0.5894, -0.5238, -5.8471)
(-1.6041, 0.5942, -6.1865)
(-0.0453, -0.2444, -5.8458)
(-0.6769, 0.0432, -5.8387)
(-1.2828, 0.2917, -5.8468)
(-1.7523, 0.4663, -5.9071)
(2.4233, -0.7644, -4.9893)
(1.8138, -0.981, -5.1725)
(1.1432, -0.9566, -5.2885)
(0.4812, -0.7721, -5.3387)
(-0.1599, -0.5095, -5.3471)
(-0.7942, -0.2281, -5.3439)
(-1.3996, 0.0209, -5.3513)
(-1.869, 0.186, -5.3727)
(2.3132, -0.9387, -4.4144)
(1.7067, -1.1719, -4.6028)
(1.0372, -1.1827, -4.7322)
(0.3694, -1.0291, -4.7969)
(-0.2776, -0.7834, -4.8146)
(-0.914, -0.5084, -4.8152)
(-1.5192, -0.2621, -4.8231)
(-1.9914, -0.1023, -4.8476)
(2.2003, -1.1094, -3.8385)
(1.5978, -1.359, -4.0319)
(0.9314, -1.4045, -4.174)
(0.2599, -1.2808, -4.252)
(-0.3904, -1.0503, -4.277)
(-1.0239, -0.7804, -4.278)
(-1.6227, -0.5355, -4.2829)
(-2.0973, -0.3803, -4.309)
(2.0841, -1.2756, -3.2616)
(1.4865, -1.5415, -3.4597)
(0.8255, -1.6223, -3.6141)
(0.1529, -1.5283, -3.7043)
(-0.4938, -1.3131, -3.733)
(-1.1115, -1.0496, -3.7281)
(-1.6925, -0.7986, -3.7216)
(-2.1506, -0.6209, -3.7302)
(1.964, -1.4362, -2.6837)
(1.3722, -1.7187, -2.8863)
(0.7192, -1.8361, -3.0525)
(0.0495, -1.7732, -3.1539)
(-0.5848, -1.5747, -3.182)
(-1.1812, -1.3158, -3.1682)
(-1.7403, -1.0531, -3.1471)
(-2.175, -0.8459, -3.1351)
(1.8389, -1.59, -2.1047)
(1.2541, -1.8892, -2.3113)
(0.6123, -2.0455, -2.4892)
(-0.051, -2.0165, -2.6016)
(-0.6717, -1.8312, -2.6278)
(-1.2499, -1.5728, -2.6054)
(-1.7897, -1.2988, -2.5712)
(-2.1997, -1.0653, -2.5391)
(1.7084, -1.7358, -1.5245)
(1.1312, -2.0515, -1.7347)
(0.5039, -2.2498, -1.9242)
(-0.1519, -2.2587, -2.0497)
(-0.7648, -2.079, -2.0752)
(-1.334, -1.8167, -2.0474)
(-1.8656, -1.5378, -2.0064)
(-2.2618, -1.2926, -1.9613)
(1.5741, -1.8762, -0.9438)
(1.0036, -2.2076, -1.1572)
(0.3925, -2.4504, -1.3585)
(-0.2562, -2.5049, -1.5019)
(-0.8708, -2.3241, -1.5303)
(-1.4458, -2.0561, -1.5035)
(-1.986, -1.7796, -1.4645)
(-2.392, -1.5396, -1.4212)
(1.4445, -2.0227, -0.3646)
(0.877, -2.3695, -0.5816)
(0.2799, -2.6578, -0.795)
(-0.3645, -2.7684, -0.9638)
(-0.9974, -2.5994, -1.0115)
(-1.5933, -2.3239, -0.9921)
(-2.1511, -2.0436, -0.9554)
(-2.5723, -1.8097, -0.9149)
(1.3215, -2.1778, 0.2117)
(0.7559, -2.5389, -0.0083)
(0.1682, -2.8607, -0.2293)
(-0.479, -3.0196, -0.4235)
(-1.1451, -2.9193, -0.5275)
(-1.7712, -2.6454, -0.527)
(-2.3591, -2.3541, -0.4979)
(-2.8028, -2.1029, -0.4413)
(1.1773, -2.3015, 0.7904)
(0.6142, -2.6637, 0.5715)
(0.0334, -2.992, 0.3518)
(-0.6041, -3.1827, 0.1481)
(-1.2781, -3.1619, 0.0034)
(-1.9344, -2.9444, -0.0465)
(-2.582, -2.7038, -0.0837)
(-3.3031, -2.4767, -0.1694)
(1.0136, -2.3965, 1.3725)
(0.455, -2.7539, 1.1562)
(-0.122, -3.0741, 0.9387)
(-0.74, -3.2961, 0.7305)
(-1.3952, -3.3361, 0.5685)
(-3.8968, -2.8242, -0.3048)
(-2.049, -3.1599, 0.4927)
(-2.7102, -3.0183, 0.3879)
(-4.3419, -3.3344, -0.1544)
(-3.338, -3.0318, 0.1536)
(-4.7344, -3.8697, 0.0446)
(0.8398, -2.478, 1.958)
(-3.8809, -3.2354, -0.175)
(0.2853, -2.8304, 1.745)
(-0.2914, -3.1379, 1.5298)
(-0.8869, -3.4134, 1.3092)
(-5.0281, -4.0315, 0.0107)
(-1.5146, -3.559, 1.1124)
(-4.4303, -3.4846, -0.3614)
(-2.1646, -3.4941, 0.967)
(-2.8192, -3.4487, 0.7843)
(-4.9253, -3.7816, -0.2654)
(-3.431, -3.5089, 0.5059)
(-5.2969, -4.028, -0.1773)
(-3.94, -3.7151, 0.106)
(0.6646, -2.5352, 2.507)
(0.1076, -2.8686, 2.3137)
(-0.4809, -3.1368, 2.1332)
(-1.0797, -3.4401, 1.8923)
(-4.4806, -3.923, -0.2485)
(-1.6734, -3.7224, 1.6523)
(-2.2913, -3.8484, 1.4095)
(-5.0215, -4.0969, -0.4708)
(-2.9229, -3.9026, 1.1581)
(0.5397, -2.5734, 2.894)
(-0.0419, -2.884, 2.7665)
(-5.4724, -4.1546, -0.5411)
(-3.5332, -3.9749, 0.8798)
(-4.0525, -4.1678, 0.4918)
(-1.3495, -3.3275, 2.4332)
(-0.689, -2.9813, 2.8066)
(-4.6051, -4.3547, 0.1263)
(-1.9276, -3.671, 2.1775)
(-2.5058, -3.9529, 1.9167)
(-5.1552, -4.5075, -0.1846)
(-3.0909, -4.1588, 1.6234)
(-5.5957, -4.5897, -0.384)
(-3.6728, -4.3233, 1.3015)
(-4.2363, -4.4878, 0.9466)
(-1.2475, -2.8854, 3.077)
(-1.711, -3.1264, 2.8648)
(-4.8081, -4.6574, 0.6013)
(-2.2607, -3.4422, 2.6182)
(-2.8284, -3.7586, 2.3619)
(-5.3564, -4.8186, 0.2907)
(-3.3967, -4.0432, 2.0825)
(-5.7644, -4.9666, 0.0492)
(-3.9634, -4.2905, 1.7699)
(-4.5274, -4.5104, 1.4364)
(-1.6469, -2.71, 3.404)
(-2.0642, -2.8742, 3.2226)
(-5.0899, -4.7311, 1.103)
(-2.5997, -3.1483, 2.9688)
(-3.1658, -3.4449, 2.6954)
(-5.6201, -4.9539, 0.8)
(-3.7327, -3.7374, 2.4187)
(-1.9555, -2.5775, 3.509)
(-6.0146, -5.1395, 0.5609)
(-4.2981, -4.0127, 2.1236)
(-2.2973, -2.5638, 3.4608)
(-2.8547, -2.8693, 3.1766)
(-4.8605, -4.2673, 1.8084)
(-3.4199, -3.1683, 2.9099)
(-5.4188, -4.5258, 1.4928)
(-3.9874, -3.4673, 2.6408)
(-4.5538, -3.7485, 2.3503)
(-5.9341, -4.8039, 1.2163)
(-5.1184, -4.0031, 2.034)
(-6.2914, -5.0481, 1.0118)
(-5.6771, -4.2496, 1.701)
(-6.3697, -4.7996, 1.2293)
(-6.2344, -4.5215, 1.3769)
(-1.1259, 4.4642, -4.5274)
(-1.6558, 4.0571, -4.7321)
(-2.028, 3.5247, -4.9611)
(-2.1817, 2.9136, -5.2395)
(-2.1772, 2.2851, -5.532)
(-2.0749, 1.6627, -5.8181)
(-1.1915, 4.3113, -4.1067)
(-1.6623, 3.8769, -4.3336)
(-1.9658, 3.3165, -4.5835)
(-1.8887, 1.0908, -6.0712)
(-2.15, 2.7103, -4.8539)
(-1.7444, 0.7011, -6.1625)
(-2.2042, 2.0875, -5.1415)
(-2.1321, 1.4651, -5.4288)
(-1.9575, 0.8916, -5.6858)
(-1.7632, 0.4826, -5.9023)
(-1.264, 4.1014, -3.5746)
(-1.679, 3.6427, -3.8135)
(-1.9018, 3.0544, -4.0802)
(-2.0825, 2.4447, -4.3508)
(-2.2021, 1.8274, -4.6311)
(-2.1901, 1.2051, -4.9192)
(-2.0486, 0.6278, -5.1812)
(-1.8768, 0.2032, -5.3659)
(-1.3216, 3.8575, -3.0209)
(-1.678, 3.3825, -3.2692)
(-1.8112, 2.7761, -3.5514)
(-1.9693, 2.1622, -3.825)
(-2.1399, 1.55, -4.0953)
(-2.2114, 0.9303, -4.3777)
(-2.1331, 0.3482, -4.6452)
(-1.9989, -0.0843, -4.8423)
(-1.3645, 3.599, -2.4714)
(-1.6885, 3.1185, -2.726)
(-1.7573, 2.5051, -3.0144)
(-1.862, 1.8843, -3.2957)
(-2.0338, 1.2722, -3.5645)
(-2.1751, 0.6602, -3.8333)
(-2.1819, 0.0794, -4.0967)
(-2.1061, -0.362, -4.3061)
(-1.4013, 3.3299, -1.9267)
(-1.7441, 2.8585, -2.1837)
(-1.7963, 2.2479, -2.4724)
(-1.8387, 1.6202, -2.7552)
(-1.9482, 1.0046, -3.0252)
(-2.0957, 0.4046, -3.2789)
(-2.1809, -0.1642, -3.5249)
(-2.1586, -0.6019, -3.7284)
(-1.4228, 3.0413, -1.394)
(-1.8346, 2.5973, -1.6501)
(-1.9607, 2.0089, -1.9461)
(-1.971, 1.3802, -2.2212)
(-1.9854, 0.7638, -2.4732)
(-2.0532, 0.1681, -2.7133)
(-2.1509, -0.3914, -2.9408)
(-2.183, -0.827, -3.1336)
(-1.4108, 2.7132, -0.8844)
(-1.89, 2.3014, -1.1332)
(-2.1585, 1.7662, -1.4353)
(-2.2172, 1.1565, -1.7148)
(-2.1875, 0.5467, -1.9441)
(-2.1721, -0.0474, -2.157)
(-2.1793, -0.6112, -2.361)
(-2.2063, -1.0453, -2.5387)
(-1.3605, 2.3424, -0.4082)
(-1.8891, 1.9645, -0.6376)
(-2.2856, 1.4963, -0.9186)
(-2.4563, 0.925, -1.2105)
(-2.4592, 0.3266, -1.4465)
(-2.3981, -0.2673, -1.6376)
(-2.3178, -0.8345, -1.8096)
(-2.2686, -1.2729, -1.9607)
(-1.2843, 1.9455, 0.0399)
(-1.8408, 1.5919, -0.1686)
(-2.3362, 1.1922, -0.4081)
(-2.6324, 0.6755, -0.6935)
(-2.7027, 0.0903, -0.9489)
(-2.6398, -0.508, -1.1424)
(-2.5174, -1.0803, -1.2967)
(-2.401, -1.5218, -1.418)
(-1.2868, 1.6393, 0.5505)
(-1.833, 1.2769, 0.3362)
(-2.3486, 0.8884, 0.1023)
(-2.7367, 0.4158, -0.1658)
(-2.8899, -0.1539, -0.4368)
(-2.8568, -0.7608, -0.6491)
(-2.7245, -1.3446, -0.8032)
(-2.5838, -1.7937, -0.9112)
(-1.3892, 1.4624, 1.116)
(-1.9344, 1.0965, 0.8973)
(-2.4249, 0.6819, 0.6554)
(-2.7869, 0.1761, 0.3781)
(-3.0274, -0.3833, 0.0941)
(-3.0554, -0.9968, -0.1431)
(-2.9413, -1.6031, -0.3154)
(-2.8188, -2.0864, -0.4359)
(-1.4735, 1.2584, 1.6801)
(-2.0159, 0.8882, 1.4599)
(-2.4994, 0.4638, 1.2136)
(-2.8866, -0.0287, 0.934)
(-3.1703, -0.5728, 0.6431)
(-3.2524, -1.1827, 0.3794)
(-3.2311, -1.8007, 0.1437)
(-3.3206, -2.4651, -0.1634)
(-1.4893, 0.9694, 2.2105)
(-2.0373, 0.6072, 1.9957)
(-2.5528, 0.2141, 1.762)
(-2.9993, -0.2282, 1.4917)
(-3.321, -0.7426, 1.1945)
(-3.9095, -2.8138, -0.2924)
(-3.4917, -1.3034, 0.8884)
(-3.6186, -1.8593, 0.5591)
(-4.3486, -3.3264, -0.1368)
(-3.8071, -2.407, 0.28)
(-4.7373, -3.8651, 0.0658)
(-1.4301, 0.5992, 2.6884)
(-4.2439, -2.7376, -0.0428)
(-1.9907, 0.2578, 2.4924)
(-2.5478, -0.0867, 2.2932)
(-3.0518, -0.4731, 2.043)
(-5.0098, -4.065, 0.0529)
(-3.4274, -0.9397, 1.7343)
(-4.6851, -3.1748, -0.2097)
(-3.7353, -1.3984, 1.3851)
(-3.9221, -1.9038, 1.0399)
(-5.0589, -3.6667, -0.1514)
(-4.2059, -2.3905, 0.7198)
(-5.335, -4.045, -0.0693)
(-4.6561, -2.6941, 0.3389)
(-1.3515, 0.2283, 3.118)
(-1.9116, -0.0989, 2.9583)
(-2.4738, -0.4305, 2.8145)
(-3.0438, -0.769, 2.5739)
(-5.1301, -3.0245, 0.0018)
(-3.5238, -1.152, 2.2693)
(-3.8565, -1.5777, 1.8968)
(-5.5192, -3.4669, -0.2017)
(-4.2155, -1.9346, 1.4995)
(-1.2988, -0.0328, 3.422)
(-1.834, -0.3926, 3.3263)
(-5.7659, -3.8752, -0.2797)
(-4.6079, -2.3255, 1.1391)
(-5.0545, -2.6853, 0.7896)
(-2.9371, -1.181, 3.0079)
(-2.2681, -0.855, 3.3755)
(-5.542, -2.9823, 0.4269)
(-3.4983, -1.4947, 2.7217)
(-3.9574, -1.844, 2.3803)
(-5.9581, -3.3711, 0.1297)
(-4.3598, -2.1816, 1.9777)
(-6.2406, -3.7278, -0.0624)
(-4.8492, -2.4485, 1.6154)
(-5.353, -2.7469, 1.2701)
(-2.3767, -1.42, 3.5532)
(-2.7918, -1.6813, 3.2844)
(-5.8514, -3.0631, 0.9248)
(-3.3067, -1.978, 2.9803)
(-3.8569, -2.2808, 2.7155)
(-6.3006, -3.4137, 0.6172)
(-4.3572, -2.5838, 2.3769)
(-6.628, -3.7098, 0.3918)
(-4.8493, -2.8559, 1.9987)
(-5.3965, -3.1142, 1.6854)
(-2.2521, -1.9267, 3.6753)
(-2.5808, -2.179, 3.4259)
(-5.9523, -3.3843, 1.3882)
(-3.0743, -2.475, 3.129)
(-3.6325, -2.7743, 2.8587)
(-6.4672, -3.6635, 1.1075)
(-4.1767, -3.0696, 2.5576)
(-2.1973, -2.269, 3.6267)
(-6.854, -3.8842, 0.8884)
(-4.7035, -3.3506, 2.2189)
(-2.3115, -2.5486, 3.4638)
(-2.8689, -2.8547, 3.1791)
(-5.2757, -3.602, 1.9347)
(-3.4397, -3.1583, 2.9144)
(-5.8569, -3.8529, 1.6613)
(-4.0075, -3.4611, 2.6492)
(-4.573, -3.7461, 2.3616)
(-6.3996, -4.101, 1.4045)
(-5.1371, -3.9977, 2.0439)
(-6.8065, -4.2766, 1.2149)
(-5.6949, -4.2413, 1.7096)
(-6.5766, -4.5017, 1.3056)
(-6.2463, -4.5055, 1.382)
(2.6361, 1.7076, 0.5251)
(3.0168, 3.3423, -3.4793)
(1.0392, -0.404, 4.7537)
(2.8527, 2.3998, -1.191)
(1.587, 0.0016, 4.8967)
(2.125, 0.4119, 5.0585)
(2.6556, 1.5678, 1.111)
(2.663, 0.8229, 5.2189)
(3.1974, 1.2474, 5.3548)
(3.7201, 1.6938, 5.458)
(4.2426, 2.1445, 5.5418)
(3.0304, 3.1411, -2.9029)
(4.7792, 2.5784, 5.6373)
(2.7461, 2.1277, -0.6274)
(2.6649, 1.8885, -0.0567)
(3.5524, 1.9847, 2.5877)
(2.7238, 1.4699, 1.7034)
(3.0349, 1.6187, 2.293)
(4.0215, 2.0598, 3.0924)
(4.4741, 2.0634, 3.6182)
(3.0174, 3.5492, -4.0585)
(3.0248, 2.9278, -2.327)
(2.9532, 2.6746, -1.7563)
(5.2251, 2.3761, 5.4929)
(4.8844, 2.3779, 5.5599)
(4.9593, 2.596, 5.6618)
(5.2766, 2.5556, 5.6391)
(4.6072, 2.1426, 3.7062)
(4.5079, 2.2472, 3.4958)
(4.7487, 2.4482, 3.6075)
(4.7853, 2.3742, 3.8057)
(4.8, 2.3994, 3.3766)
(5.1217, 2.5536, 3.499)
(5.0247, 2.6635, 3.6521)
(5.1469, 2.2837, 3.5756)
(5.3963, 2.3923, 3.8742)
(5.3826, 2.6841, 3.6979)
(5.2953, 2.1111, 4.1188)
(5.5046, 2.2396, 4.4437)
(5.6243, 2.4755, 4.1812)
(5.3099, 2.0272, 4.7144)
(5.4547, 2.2127, 5.0336)
(5.6796, 2.3564, 4.7665)
(5.1472, 2.1241, 5.2533)
(5.5416, 2.4103, 5.33)
(1.4114, -1.1424, 4.0877)
(1.1076, -1.1427, 4.2487)
(1.1663, -0.843, 4.4832)
(1.4928, -0.8219, 4.3681)
(1.897, -0.7836, 4.2415)
(1.5878, -0.4852, 4.6127)
(2.0084, -0.4351, 4.5268)
(2.4482, -0.3894, 4.4203)
(2.1218, -0.0758, 4.7658)
(2.55, -0.0284, 4.6904)
(2.9862, 0.0207, 4.5822)
(2.6584, 0.3392, 4.9182)
(3.0859, 0.3888, 4.8402)
(3.5102, 0.4573, 4.7077)
(3.1923, 0.7617, 5.0588)
(3.6126, 0.8247, 4.9598)
(4.0188, 0.9178, 4.7969)
(3.7183, 1.1995, 5.1736)
(4.1294, 1.2759, 5.0534)
(4.5208, 1.3862, 4.8719)
(4.24, 1.6439, 5.2725)
(4.6471, 1.7235, 5.1463)
(5.023, 1.843, 4.9579)
(4.7679, 2.0658, 5.3866)
(1.6278, -1.4402, 3.6114)
(1.2644, -1.5004, 3.7877)
(1.7766, -1.1109, 3.9344)
(2.2032, -1.027, 3.7884)
(2.3354, -0.7247, 4.1174)
(2.7553, -0.6228, 3.9705)
(2.8785, -0.3204, 4.2906)
(3.2532, -0.1697, 4.1111)
(3.3938, 0.1217, 4.4217)
(3.7164, 0.3259, 4.2096)
(3.8879, 0.5954, 4.5098)
(4.1764, 0.8299, 4.267)
(4.3691, 1.0849, 4.5717)
(4.647, 1.3293, 4.3123)
(4.8521, 1.5723, 4.6383)
(5.1087, 1.83, 4.3802)
(0.9345, -2.358, 2.6165)
(0.5971, -2.5556, 2.7158)
(0.7998, -2.3962, 3.0194)
(1.1015, -2.1869, 2.9654)
(1.4259, -1.9686, 2.8498)
(1.1781, -1.9671, 3.3566)
(1.513, -1.7425, 3.2418)
(1.9259, -1.5407, 3.0635)
(2.0616, -1.2976, 3.4353)
(2.4712, -1.1196, 3.2569)
(2.619, -0.8885, 3.6242)
(2.935, -0.6458, 3.427)
(3.0951, -0.4178, 3.7761)
(3.2976, -0.0877, 3.5605)
(3.5094, 0.11, 3.8925)
(3.6326, 0.4925, 3.6837)
(3.9144, 0.646, 3.9805)
(4.0642, 0.9983, 3.7301)
(4.3898, 1.1313, 4.0025)
(4.5689, 1.4605, 3.7383)
(4.863, 1.6292, 4.0496)
(5.0376, 1.957, 3.7961)
(1.1171, -2.3011, 2.0652)
(0.7485, -2.5098, 2.2475)
(1.2891, -2.1496, 2.4625)
(1.6526, -1.9247, 2.2771)
(1.7948, -1.7468, 2.6745)
(2.167, -1.5118, 2.4831)
(2.3183, -1.3245, 2.8742)
(2.6348, -1.05, 2.6837)
(2.781, -0.8563, 3.065)
(2.9351, -0.4855, 2.8692)
(3.0932, -0.2835, 3.2238)
(3.1281, 0.1409, 3.0451)
(3.3678, 0.3224, 3.3711)
(3.4005, 0.7465, 3.1893)
(3.7174, 0.8882, 3.4717)
(3.8414, 1.2483, 3.2243)
(4.2233, 1.3375, 3.464)
(4.3597, 1.6955, 3.2268)
(4.7219, 1.8097, 3.4946)
(4.8216, 2.1549, 3.3261)
(1.2929, -2.2175, 1.4802)
(0.9283, -2.4395, 1.6647)
(1.4828, -2.0803, 1.879)
(1.8422, -1.846, 1.6935)
(2.0104, -1.6846, 2.0886)
(2.3453, -1.4192, 1.9028)
(2.4896, -1.2362, 2.2946)
(2.7388, -0.8989, 2.1092)
(2.8312, -0.6927, 2.4949)
(2.9107, -0.2835, 2.3129)
(2.9653, -0.0614, 2.6886)
(2.9756, 0.3687, 2.5207)
(3.1331, 0.5724, 2.8756)
(3.1739, 0.9955, 2.6909)
(3.4729, 1.1439, 2.9785)
(3.5792, 1.5148, 2.7727)
(3.9709, 1.6041, 2.9892)
(4.067, 1.944, 2.8787)
(4.4413, 2.0524, 3.0935)
(4.4588, 2.264, 3.2099)
(1.4593, -2.1206, 0.899)
(1.097, -2.3512, 1.0811)
(1.6572, -1.9893, 1.2969)
(2.0185, -1.7504, 1.1143)
(2.1941, -1.5965, 1.5096)
(2.5183, -1.3101, 1.3269)
(2.6392, -1.1094, 1.7192)
(2.8672, -0.7496, 1.5367)
(2.9076, -0.5162, 1.9271)
(2.9884, -0.1069, 1.7487)
(2.9567, 0.1377, 2.1383)
(2.9801, 0.5542, 1.9661)
(3.0162, 0.7944, 2.3469)
(3.0064, 1.2132, 2.1732)
(3.2263, 1.4156, 2.5164)
(3.2984, 1.7944, 2.4347)
(3.6897, 1.8427, 2.6903)
(3.793, 2.0186, 2.833)
(4.1429, 2.1154, 3.0211)
(4.2545, 2.0614, 3.3472)
(1.6038, -1.9961, 0.3204)
(1.2526, -2.2444, 0.5006)
(1.8178, -1.8803, 0.7174)
(2.1623, -1.6202, 0.5355)
(2.3599, -1.4831, 0.9318)
(2.6523, -1.1652, 0.7496)
(2.7837, -0.9717, 1.1443)
(2.9397, -0.5817, 0.9625)
(2.9865, -0.3483, 1.3554)
(2.9732, 0.0632, 1.1799)
(2.9734, 0.3059, 1.5752)
(2.8852, 0.6999, 1.4067)
(2.9184, 0.9441, 1.7947)
(2.8003, 1.2549, 1.6108)
(2.8843, 1.5351, 1.994)
(1.7224, -1.8397, -0.2567)
(1.3839, -2.1017, -0.0764)
(1.9423, -1.7324, 0.1396)
(2.2601, -1.4478, -0.0421)
(2.4685, -1.32, 0.3538)
(2.7138, -0.9731, 0.1736)
(2.851, -0.7938, 0.5693)
(2.9189, -0.3891, 0.3929)
(2.953, -0.1691, 0.7864)
(2.8916, 0.2316, 0.6142)
(2.8853, 0.46, 1.01)
(2.8033, 0.8385, 0.8385)
(2.7868, 1.052, 1.2302)
(2.7117, 1.353, 1.031)
(2.6956, 1.5102, 1.4045)
(1.8478, -1.6918, -0.8364)
(1.508, -1.9477, -0.6538)
(2.0519, -1.5702, -0.4388)
(2.3599, -1.2793, -0.621)
(2.5418, -1.1321, -0.2234)
(2.7602, -0.7743, -0.4015)
(2.8659, -0.5895, -0.0035)
(2.922, -0.1877, -0.1779)
(2.908, 0.0172, 0.219)
(2.8852, 0.41, 0.044)
(2.837, 0.6179, 0.4407)
(2.7964, 0.9965, 0.2643)
(2.745, 1.1875, 0.6539)
(2.6987, 1.4979, 0.45)
(2.6523, 1.6301, 0.8167)
(1.9785, -1.5486, -1.417)
(1.6413, -1.8061, -1.2341)
(2.1721, -1.4184, -1.0187)
(2.4653, -1.1125, -1.1992)
(2.6225, -0.9497, -0.8004)
(2.8185, -0.578, -0.976)
(2.8957, -0.3846, -0.5763)
(2.9577, 0.017, -0.7497)
(2.9328, 0.2124, -0.352)
(2.9273, 0.6072, -0.527)
(2.8612, 0.7975, -0.1315)
(2.8368, 1.1865, -0.3086)
(2.7622, 1.355, 0.0773)
(2.7322, 1.6828, -0.127)
(2.6576, 1.7907, 0.2345)
(2.1056, -1.3994, -1.9968)
(1.7743, -1.6639, -1.8147)
(2.2922, -1.2633, -1.598)
(2.5666, -0.9401, -1.7763)
(2.7058, -0.7653, -1.3763)
(2.8794, -0.38, -1.5503)
(2.9405, -0.1797, -1.1493)
(2.9996, 0.2286, -1.3222)
(2.9772, 0.4207, -0.9234)
(2.9756, 0.8264, -1.0981)
(2.9118, 1.0059, -0.7023)
(2.8935, 1.4126, -0.8791)
(2.8141, 1.5636, -0.4954)
(2.8014, 1.9154, -0.6979)
(2.7129, 2.0007, -0.3407)
(2.2269, -1.2425, -2.5756)
(1.9021, -1.5141, -2.3943)
(2.4065, -1.1009, -2.1762)
(2.6622, -0.7624, -2.3526)
(2.7849, -0.577, -1.9515)
(2.9385, -0.1811, -2.1246)
(2.9869, 0.0274, -1.7229)
(3.0395, 0.4446, -1.8957)
(3.0197, 0.6421, -1.4957)
(3.0182, 1.0607, -1.6702)
(2.9631, 1.2406, -1.273)
(2.9503, 1.6637, -1.449)
(2.8814, 1.8098, -1.0647)
(2.8857, 2.1786, -1.2651)
(2.8066, 2.2563, -0.9084)
(2.3431, -1.079, -3.1533)
(2.0246, -1.3567, -2.9728)
(2.5152, -0.932, -2.7533)
(2.753, -0.5806, -2.9282)
(2.8598, -0.3865, -2.5265)
(2.9944, 0.0172, -2.699)
(3.0313, 0.2336, -2.297)
(3.0748, 0.6576, -2.4699)
(3.056, 0.8679, -2.0692)
(3.052, 1.2951, -2.2435)
(3.007, 1.4876, -1.8447)
(2.998, 1.9191, -2.0201)
(2.9477, 2.0732, -1.6336)
(2.9638, 2.4465, -1.833)
(2.91, 2.5297, -1.4734)
(2.4551, -0.9102, -3.73)
(2.1427, -1.1931, -3.5502)
(2.6192, -0.7581, -3.3297)
(2.8397, -0.3957, -3.5033)
(2.9307, -0.1944, -3.1012)
(3.0464, 0.2157, -3.2736)
(3.072, 0.437, -2.8716)
(3.1041, 0.8634, -3.0449)
(3.0848, 1.0854, -2.6437)
(3.0757, 1.5146, -2.8181)
(3.0398, 1.7267, -2.4178)
(3.0298, 2.1569, -2.5934)
(3.0, 2.3295, -2.2045)
(3.0166, 2.695, -2.4049)
(2.9961, 2.7937, -2.0417)
(2.5638, -0.7373, -4.3059)
(2.2571, -1.0246, -4.1266)
(2.7195, -0.5801, -3.9052)
(2.9227, -0.2081, -4.0779)
(2.9977, -0.0006, -3.6757)
(3.0939, 0.4146, -3.8482)
(3.1077, 0.6385, -3.4465)
(3.1263, 1.0658, -3.6203)
(3.105, 1.2918, -3.219)
(3.0878, 1.7197, -3.3937)
(3.0585, 1.9442, -2.9926)
(3.0413, 2.3684, -3.1687)
(3.0265, 2.5584, -2.7786)
(3.0291, 2.9117, -2.9805)
(3.035, 3.0275, -2.6157)
(2.6694, -0.5609, -4.8809)
(2.3685, -0.8519, -4.702)
(2.8164, -0.399, -4.48)
(3.0019, -0.0185, -4.6522)
(3.0604, 0.1944, -4.2501)
(3.136, 0.6138, -4.4231)
(3.1374, 0.8396, -4.0217)
(3.1404, 1.267, -4.1961)
(3.1156, 1.4936, -3.7949)
(3.0882, 1.9207, -3.97)
(3.0624, 2.1472, -3.5686)
(3.0366, 2.5699, -3.7451)
(3.0278, 2.7647, -3.3547)
(3.0215, 3.1147, -3.5573)
(3.0313, 3.2354, -3.1926)
(2.7676, -0.3915, -5.4256)
(2.4769, -0.6773, -5.2729)
(2.9095, -0.2164, -5.0504)
(3.0729, 0.1622, -5.1945)
(3.1177, 0.3893, -4.8206)
(3.1696, 0.8021, -4.9663)
(3.1597, 1.0388, -4.5933)
(3.146, 1.4561, -4.7404)
(3.1166, 1.6926, -4.3673)
(3.0797, 2.1089, -4.5146)
(3.0543, 2.3457, -4.1411)
(3.0239, 2.758, -4.2899)
(3.0178, 2.9638, -3.9276)
(3.0134, 3.305, -4.1052)
(3.0241, 3.4389, -3.7708)
(2.8435, -0.2584, -5.8512)
(2.5685, -0.5267, -5.7604)
(2.9859, -0.0613, -5.531)
(3.1244, 0.3012, -5.6097)
(3.1612, 0.5533, -5.2995)
(3.1905, 0.946, -5.382)
(3.1723, 1.2054, -5.0733)
(3.1452, 1.6, -5.1569)
(3.1109, 1.8586, -4.8479)
(3.0689, 2.2522, -4.9313)
(3.0416, 2.5113, -4.6219)
(3.0105, 2.9012, -4.7066)
(3.0056, 3.1288, -4.408)
(3.0036, 3.4293, -4.5112)
(3.0203, 3.588, -4.244)
(0.9486, -0.8586, 4.5488)
(0.9756, -0.5662, 4.6906)
(1.2211, -0.535, 4.664)
(1.3179, -0.21, 4.8231)
(1.7158, -0.1407, 4.8061)
(1.8596, 0.1974, 4.9741)
(2.2521, 0.2731, 4.9579)
(2.3962, 0.6082, 5.1326)
(2.7881, 0.6894, 5.109)
(2.9317, 1.0275, 5.2788)
(3.3201, 1.1169, 5.2411)
(3.4603, 1.4635, 5.3981)
(3.8446, 1.559, 5.348)
(3.9839, 1.9115, 5.4927)
(4.3711, 1.999, 5.4479)
(4.5155, 2.3536, 5.585)
(4.5964, 2.7246, 5.6498)
(4.6595, 3.0611, 5.6609)
(4.8845, 3.0397, 5.7574)
(4.8526, 2.7345, 5.696)
(4.4749, 2.2716, 3.5596)
(4.6013, 2.1175, 3.7296)
(4.7887, 2.3262, 3.8657)
(4.6839, 2.5026, 3.7206)
(4.5098, 2.7414, 3.5742)
(4.907, 2.7575, 3.842)
(4.7276, 3.0067, 3.7642)
(4.4425, 3.158, 3.8635)
(4.9075, 3.2337, 3.9951)
(4.6216, 3.3522, 4.1727)
(4.3123, 3.3597, 4.4073)
(4.7738, 3.5238, 4.4868)
(4.5013, 3.497, 4.7391)
(4.249, 3.3537, 4.9933)
(4.6713, 3.5996, 5.069)
(4.4866, 3.4023, 5.3045)
(4.358, 3.085, 5.4717)
(4.7374, 3.3901, 5.566)
(0.2492, -0.0361, 4.6255)
(0.3031, 0.3054, 4.5378)
(0.6843, 0.232, 4.6783)
(0.602, -0.1159, 4.7167)
(0.8072, 0.6485, 4.6183)
(1.218, 0.6, 4.77)
(1.0792, 0.1801, 4.7821)
(1.3486, 1.0456, 4.7531)
(1.749, 1.0032, 4.928)
(1.621, 0.5753, 4.9133)
(1.8916, 1.43, 4.8749)
(2.2958, 1.402, 5.0287)
(2.1579, 0.9819, 5.0585)
(2.4493, 1.8127, 4.9063)
(2.8467, 1.8017, 5.074)
(2.7074, 1.3858, 5.1479)
(2.9818, 2.2281, 4.9652)
(3.3569, 2.2396, 5.1956)
(3.2345, 1.8117, 5.2481)
(3.5001, 2.6592, 5.0831)
(3.8648, 2.6813, 5.3376)
(3.7355, 2.2612, 5.3934)
(4.0302, 3.0708, 5.2042)
(4.2416, 2.6997, 5.539)
(-0.1124, 0.3156, 4.3262)
(0.0262, 0.6906, 4.1847)
(0.4134, 0.6883, 4.4352)
(0.5895, 1.1131, 4.3364)
(0.9579, 1.0904, 4.5609)
(1.1542, 1.485, 4.451)
(1.5126, 1.4617, 4.6745)
(1.7491, 1.7799, 4.459)
(2.0873, 1.7971, 4.6968)
(2.3078, 2.1282, 4.4591)
(2.6216, 2.2025, 4.725)
(2.8477, 2.5254, 4.5171)
(3.1575, 2.6158, 4.8036)
(3.4127, 2.9033, 4.5816)
(3.7086, 3.0106, 4.8961)
(3.9923, 3.2493, 4.6582)
(-1.3225, 0.0871, 3.2816)
(-1.0981, 0.4104, 3.2382)
(-0.8296, 0.4257, 3.5581)
(-1.0483, 0.1293, 3.5506)
(-0.6062, 0.7648, 3.5112)
(-0.3237, 0.717, 3.8637)
(-0.5624, 0.3693, 3.9173)
(-0.0601, 1.1194, 3.7282)
(0.2552, 1.1142, 4.0475)
(0.5171, 1.5, 3.888)
(0.8223, 1.4968, 4.1929)
(1.1262, 1.751, 3.9562)
(1.43, 1.7498, 4.2148)
(1.7366, 1.9559, 3.925)
(2.0166, 2.0439, 4.1824)
(2.3309, 2.2157, 3.9217)
(2.5839, 2.3777, 4.2165)
(2.9408, 2.4838, 3.9696)
(3.1659, 2.7143, 4.2761)
(3.5102, 2.8418, 4.0119)
(3.7341, 3.084, 4.3258)
(4.0897, 3.1745, 4.0743)
(-1.3892, 0.4044, 2.9153)
(-1.1679, 0.7857, 2.8047)
(-0.8824, 0.7806, 3.1607)
(-0.6345, 1.1458, 3.0323)
(-0.3511, 1.132, 3.3862)
(-0.0596, 1.475, 3.213)
(0.2256, 1.4859, 3.5558)
(0.5382, 1.7831, 3.3551)
(0.8235, 1.7903, 3.6769)
(1.1739, 1.9704, 3.4217)
(1.4651, 1.932, 3.6804)
(1.824, 2.0036, 3.3991)
(2.0789, 2.0606, 3.6533)
(2.4711, 2.032, 3.4047)
(2.7105, 2.2383, 3.6833)
(3.0724, 2.2699, 3.4307)
(3.2933, 2.5635, 3.7126)
(3.6294, 2.6489, 3.4544)
(3.8554, 2.9353, 3.7541)
(4.2163, 2.9142, 3.5767)
(-1.4665, 0.7914, 2.4543)
(-1.212, 1.1455, 2.3173)
(-0.924, 1.1513, 2.6764)
(-0.6344, 1.4669, 2.5125)
(-0.3448, 1.4698, 2.8647)
(-0.023, 1.7417, 2.6682)
(0.2591, 1.7603, 3.0137)
(0.6104, 1.9692, 2.7895)
(0.8885, 1.9753, 3.1204)
(1.2655, 2.0239, 2.8565)
(1.5469, 2.0073, 3.1419)
(1.9255, 1.9576, 2.8442)
(2.2069, 1.9702, 3.1139)
(2.5864, 1.8917, 2.8508)
(2.8469, 2.0116, 3.1526)
(3.1827, 2.0517, 2.8971)
(3.4039, 2.3501, 3.1662)
(3.7402, 2.3543, 3.0195)
(3.9809, 2.6292, 3.2941)
(4.2775, 2.4728, 3.3488)
(-1.4914, 1.1253, 1.9515)
(-1.1887, 1.4273, 1.7822)
(-0.9188, 1.4569, 2.1526)
(-0.5916, 1.723, 1.9644)
(-0.3084, 1.7307, 2.3193)
(0.044, 1.9437, 2.1038)
(0.3299, 1.951, 2.4473)
(0.7036, 2.1001, 2.2103)
(0.9864, 2.0775, 2.5423)
(1.3674, 2.0942, 2.2768)
(1.6454, 1.9842, 2.5744)
(1.9983, 1.882, 2.2894)
(2.2898, 1.843, 2.5625)
(2.6349, 1.6906, 2.2917)
(2.9506, 1.806, 2.6045)
(3.2889, 1.809, 2.446)
(3.5003, 2.0904, 2.7618)
(3.7808, 2.0259, 2.8471)
(4.0272, 2.2406, 3.1066)
(4.241, 2.0618, 3.3633)
(-1.4384, 1.3699, 1.4005)
(-1.103, 1.6285, 1.2171)
(-0.8586, 1.6932, 1.5974)
(-0.5111, 1.9325, 1.4032)
(-0.2438, 1.9535, 1.761)
(0.1207, 2.1434, 1.5433)
(0.4142, 2.1094, 1.8728)
(0.7854, 2.257, 1.6394)
(1.0805, 2.1924, 1.9617)
(1.4381, 2.2122, 1.698)
(1.7247, 2.044, 1.9993)
(2.0334, 1.9356, 1.7116)
(2.3071, 1.7471, 2.0027)
(2.5308, 1.632, 1.7085)
(2.8744, 1.5536, 2.0024)
(-1.3322, 1.5434, 0.83)
(-1.0013, 1.8036, 0.652)
(-0.7532, 1.8638, 1.0273)
(-0.416, 2.1145, 0.8445)
(-0.1537, 2.15, 1.2026)
(0.1904, 2.3832, 1.0067)
(0.484, 2.3316, 1.3271)
(0.8318, 2.4839, 1.0947)
(1.1387, 2.3544, 1.3935)
(1.4567, 2.3436, 1.1206)
(1.7516, 2.1495, 1.4176)
(2.0196, 2.0352, 1.1274)
(2.2811, 1.8143, 1.4177)
(2.4715, 1.7176, 1.1204)
(2.6838, 1.5275, 1.4099)
(-1.2709, 1.7744, 0.2855)
(-1.0012, 2.1148, 0.1447)
(-0.699, 2.1026, 0.4908)
(-0.4222, 2.4341, 0.3433)
(-0.1088, 2.4043, 0.6745)
(0.2023, 2.6531, 0.4775)
(0.5217, 2.5844, 0.7906)
(0.8491, 2.6567, 0.5249)
(1.1577, 2.516, 0.8233)
(1.4465, 2.4498, 0.5351)
(1.7358, 2.2535, 0.8334)
(1.9914, 2.1343, 0.5407)
(2.2489, 1.9219, 0.8329)
(2.4462, 1.8416, 0.5338)
(2.6395, 1.6453, 0.8194)
(-1.3197, 2.1409, -0.1864)
(-1.0741, 2.5084, -0.3071)
(-0.7445, 2.4683, 0.0152)
(-0.4617, 2.7732, -0.1494)
(-0.1282, 2.7156, 0.1645)
(0.198, 2.8659, -0.0787)
(0.5298, 2.7686, 0.2229)
(0.8409, 2.7485, -0.068)
(1.1493, 2.6126, 0.2337)
(1.425, 2.5078, -0.0627)
(1.7119, 2.3356, 0.2418)
(1.9787, 2.2225, -0.0544)
(2.2299, 2.0313, 0.2435)
(2.4586, 1.9883, -0.054)
(2.6434, 1.8054, 0.234)
(-1.3912, 2.5337, -0.6408)
(-1.1207, 2.8687, -0.7898)
(-0.7963, 2.8265, -0.4642)
(-0.4779, 3.0398, -0.6817)
(-0.1393, 2.9574, -0.3796)
(0.1934, 2.9906, -0.6642)
(0.5227, 2.8713, -0.3681)
(0.8264, 2.7847, -0.673)
(1.1293, 2.6495, -0.3692)
(1.4221, 2.5542, -0.6684)
(1.7055, 2.4022, -0.3592)
(2.0115, 2.3455, -0.6489)
(2.2527, 2.1631, -0.3486)
(2.524, 2.1909, -0.6322)
(2.6982, 2.0154, -0.3434)
(-1.4214, 2.8825, -1.1358)
(-1.1308, 3.177, -1.3091)
(-0.8119, 3.1183, -0.987)
(-0.4763, 3.2263, -1.2471)
(-0.1424, 3.1051, -0.9579)
(0.189, 3.0641, -1.2637)
(0.5133, 2.9223, -0.9716)
(0.8353, 2.8577, -1.2743)
(1.1332, 2.6994, -0.9757)
(1.4664, 2.6882, -1.2581)
(1.7437, 2.5181, -0.9556)
(2.0939, 2.5709, -1.2121)
(2.3295, 2.3771, -0.9198)
(2.6265, 2.4656, -1.1869)
(2.7922, 2.2712, -0.9101)
(-1.4153, 3.1894, -1.6581)
(-1.112, 3.4402, -1.8526)
(-0.7993, 3.3495, -1.5399)
(-0.4545, 3.3979, -1.822)
(-0.1365, 3.2192, -1.5485)
(0.2085, 3.2098, -1.8463)
(0.5251, 3.0274, -1.5649)
(0.8805, 3.0707, -1.8337)
(1.181, 2.8756, -1.5496)
(1.5472, 2.9881, -1.7799)
(1.8275, 2.7743, -1.5001)
(2.1991, 2.9025, -1.7266)
(2.4374, 2.6781, -1.4571)
(2.7317, 2.7627, -1.7337)
(2.8959, 2.5447, -1.4739)
(-1.3838, 3.466, -2.1981)
(-1.077, 3.699, -2.4006)
(-0.7669, 3.576, -2.0978)
(-0.4133, 3.6437, -2.3705)
(-0.1049, 3.417, -2.1138)
(0.2581, 3.4931, -2.374)
(0.5698, 3.2754, -2.1082)
(0.9421, 3.4179, -2.3241)
(1.2505, 3.2011, -2.0552)
(1.6249, 3.3658, -2.2554)
(1.9217, 3.1355, -1.9919)
(2.2844, 3.2368, -2.2392)
(2.5367, 2.993, -1.9882)
(2.8063, 3.0341, -2.2908)
(2.9819, 2.8087, -2.0416)
(-1.3441, 3.7296, -2.7457)
(-1.0316, 3.9653, -2.9444)
(-0.7246, 3.8426, -2.6388)
(-0.3631, 3.9538, -2.8851)
(-0.0524, 3.7225, -2.6313)
(0.3177, 3.8618, -2.8502)
(0.6303, 3.6375, -2.5895)
(1.004, 3.8159, -2.78)
(1.3163, 3.5917, -2.5179)
(1.6854, 3.7329, -2.7362)
(1.9921, 3.4887, -2.4862)
(2.331, 3.5315, -2.7715)
(2.5944, 3.2725, -2.5346)
(2.8293, 3.27, -2.857)
(3.0203, 3.0414, -2.6141)
(-1.2952, 3.982, -3.297)
(-0.9723, 4.2301, -3.4859)
(-0.6749, 4.1401, -3.1615)
(-0.3094, 4.2981, -3.3764)
(0.0045, 4.0894, -3.1077)
(0.3753, 4.2599, -3.3046)
(0.6904, 4.039, -3.042)
(1.0604, 4.1998, -3.247)
(1.374, 3.9697, -2.9896)
(1.7306, 4.0538, -3.2485)
(2.036, 3.7973, -3.0074)
(2.3526, 3.7865, -3.3243)
(2.6132, 3.5172, -3.094)
(2.8288, 3.486, -3.4285)
(3.0159, 3.248, -3.1895)
(-1.2282, 4.213, -3.8506)
(-0.9022, 4.4613, -4.0065)
(-0.6167, 4.4332, -3.6804)
(-0.2576, 4.6117, -3.8484)
(0.059, 4.4613, -3.5759)
(0.4242, 4.6168, -3.7499)
(0.7441, 4.4211, -3.5048)
(1.1043, 4.5205, -3.7186)
(1.4199, 4.2975, -3.4921)
(1.7597, 4.3134, -3.7593)
(2.0623, 4.0606, -3.5502)
(2.3641, 4.0063, -3.8566)
(2.6188, 3.7402, -3.6578)
(2.83, 3.6886, -3.9722)
(3.0101, 3.4526, -3.7669)
(-1.1577, 4.3926, -4.3277)
(-0.8407, 4.6347, -4.4131)
(-0.5635, 4.6719, -4.1208)
(-0.2219, 4.8629, -4.2004)
(0.0992, 4.7695, -3.9718)
(0.4554, 4.8871, -4.0915)
(0.7829, 4.7151, -3.9133)
(1.1316, 4.7398, -4.0959)
(1.4485, 4.5355, -3.9371)
(1.7763, 4.4923, -4.1605)
(2.0775, 4.2609, -4.0165)
(2.3728, 4.1684, -4.2661)
(2.6239, 3.9231, -4.1317)
(2.8247, 3.8472, -4.3658)
(3.0026, 3.6326, -4.2291)
(0.544, -0.3468, 4.732)
(0.9465, -0.1779, 4.7677)
(0.8576, -0.4175, 4.749)
(1.4711, 0.1822, 4.8794)
(1.3083, -0.1923, 4.8273)
(2.0109, 0.5892, 5.0319)
(1.8524, 0.2161, 4.9811)
(2.552, 0.9978, 5.1714)
(2.3919, 0.6266, 5.1449)
(3.0915, 1.4155, 5.2791)
(2.9287, 1.0428, 5.295)
(3.6047, 1.8601, 5.4031)
(3.4572, 1.4777, 5.4147)
(4.1154, 2.3089, 5.5269)
(3.9788, 1.9269, 5.5071)
(4.5063, 2.3693, 5.5941)
(-2.3965, -1.5307, -1.4196)
(-1.8729, 0.1946, -5.3693)
(-2.3044, -2.5562, 3.4623)
(-2.179, -0.8365, -3.1343)
(-2.8618, -2.862, 3.1778)
(-3.4298, -3.1633, 2.9122)
(-2.5781, -1.8017, -0.913)
(-3.9974, -3.4642, 2.645)
(-4.5634, -3.7473, 2.3559)
(-5.1277, -4.0004, 2.0389)
(-5.686, -4.2454, 1.7053)
(-1.9951, -0.0933, -4.8449)
(-6.2404, -4.5135, 1.3794)
(-2.203, -1.0553, -2.5389)
(-2.2652, -1.2827, -1.961)
(-3.9031, -2.819, -0.2986)
(-2.8108, -2.0946, -0.4386)
(-3.3118, -2.4709, -0.1664)
(-4.3453, -3.3304, -0.1456)
(-4.7359, -3.8674, 0.0552)
(-1.7577, 0.4745, -5.9047)
(-2.1017, -0.3712, -4.3076)
(-2.1546, -0.6114, -3.7293)
(-6.1275, -4.9299, 1.1078)
(-6.0666, -4.6698, 1.3291)
(-6.3177, -4.6608, 1.3044)
(-6.3621, -4.934, 1.143)
(-4.8817, -3.9679, 0.0349)
(-4.8348, -3.7709, -0.1202)
(-5.1218, -3.9111, -0.2141)
(-5.1705, -4.0378, -0.0481)
(-4.9797, -3.9043, -0.4091)
(-5.2556, -4.1367, -0.5182)
(-5.3962, -4.053, -0.3843)
(-5.0788, -4.3072, -0.3792)
(-5.386, -4.555, -0.2944)
(-5.5341, -4.3528, -0.527)
(-5.2483, -4.6797, 0.0447)
(-5.5738, -4.8937, 0.1638)
(-5.6708, -4.7998, -0.1838)
(-5.4789, -4.9179, 0.5469)
(-5.8301, -5.0505, 0.6748)
(-5.879, -5.0843, 0.3018)
(-5.7798, -4.9084, 1.0326)
(-6.1638, -5.123, 0.8092)
(-1.4711, -2.9986, 2.9742)
(-1.4654, -2.8, 3.2547)
(-1.8445, -2.7817, 3.32)
(-1.8962, -3.0039, 3.0589)
(-1.9781, -3.2782, 2.7445)
(-2.3208, -3.0013, 3.1026)
(-2.437, -3.2968, 2.8093)
(-2.5447, -3.6037, 2.4914)
(-2.8826, -3.297, 2.8322)
(-3.0038, -3.6036, 2.5447)
(-3.1125, -3.9055, 2.2262)
(-3.4493, -3.5923, 2.5583)
(-3.5709, -3.8964, 2.2685)
(-3.6804, -4.1714, 1.9299)
(-4.0157, -3.878, 2.274)
(-4.136, -4.1631, 1.9665)
(-4.2457, -4.4022, 1.6045)
(-4.5798, -4.1416, 1.9677)
(-4.6981, -4.4062, 1.6433)
(-4.8086, -4.6194, 1.2682)
(-5.1402, -4.3937, 1.6486)
(-5.2571, -4.6515, 1.3204)
(-5.3676, -4.8452, 0.9444)
(-5.6915, -4.6659, 1.3461)
(-1.051, -3.1652, 2.5764)
(-0.9869, -2.9509, 2.918)
(-1.5233, -3.2354, 2.6595)
(-1.6393, -3.5003, 2.3037)
(-2.0876, -3.5719, 2.4086)
(-2.216, -3.8226, 2.0501)
(-2.6575, -3.8844, 2.1521)
(-2.7977, -4.0636, 1.774)
(-3.2303, -4.142, 1.8628)
(-3.3838, -4.2432, 1.4668)
(-3.8019, -4.3542, 1.5394)
(-3.9555, -4.4045, 1.1258)
(-4.3698, -4.5407, 1.1962)
(-4.5202, -4.5728, 0.7712)
(-4.9388, -4.7308, 0.8564)
(-5.0947, -4.7397, 0.4385)
(0.3894, -2.7091, 2.4059)
(0.2596, -2.7448, 2.8106)
(0.0298, -2.8776, 2.5512)
(-0.1834, -3.0051, 2.2279)
(-0.3656, -2.9624, 2.7601)
(-0.5874, -3.0954, 2.4302)
(-0.7809, -3.2831, 2.0176)
(-1.2025, -3.3988, 2.1741)
(-1.3754, -3.595, 1.771)
(-1.7881, -3.7247, 1.9217)
(-1.9793, -3.8024, 1.5323)
(-2.384, -3.941, 1.661)
(-2.6062, -3.8792, 1.284)
(-2.9918, -4.0714, 1.382)
(-3.2377, -3.9271, 1.0299)
(-3.5894, -4.1831, 1.0818)
(-3.7974, -4.0625, 0.6927)
(-4.1324, -4.3553, 0.7104)
(-4.3223, -4.2654, 0.3029)
(-4.6973, -4.5272, 0.3561)
(-4.8896, -4.4383, -0.0407)
(0.5638, -2.6572, 1.8514)
(0.1949, -2.8541, 2.0396)
(-0.0003, -2.9888, 1.6382)
(-0.3826, -3.1485, 1.833)
(-0.586, -3.2831, 1.4192)
(-0.9756, -3.4437, 1.6016)
(-1.1969, -3.5128, 1.2043)
(-1.585, -3.6604, 1.3818)
(-1.8378, -3.5405, 1.0378)
(-2.2225, -3.6868, 1.1831)
(-2.4929, -3.4608, 0.8844)
(-2.8692, -3.6854, 0.9642)
(-3.1372, -3.4603, 0.6617)
(-3.482, -3.7458, 0.6892)
(-3.6907, -3.6021, 0.3122)
(-3.9893, -3.9511, 0.2903)
(-4.2041, -3.8219, -0.0843)
(-4.5312, -4.152, -0.0823)
(-4.7589, -4.0206, -0.3799)
(0.7349, -2.5767, 1.2646)
(0.3719, -2.7953, 1.4496)
(0.1704, -2.9221, 1.0473)
(-0.2049, -3.1103, 1.2324)
(-0.4251, -3.2019, 0.832)
(-0.8102, -3.3585, 1.0195)
(-1.0657, -3.3459, 0.6392)
(-1.453, -3.4438, 0.843)
(-1.722, -3.2613, 0.5249)
(-2.1062, -3.3106, 0.7402)
(-2.3796, -3.0742, 0.4521)
(-2.7653, -3.2191, 0.5971)
(-3.034, -3.0001, 0.2889)
(-3.3809, -3.269, 0.3273)
(-3.6144, -3.119, -0.011)
(-3.9035, -3.4688, -0.0564)
(-4.1553, -3.3549, -0.3033)
(-4.4543, -3.681, -0.3483)
(-4.6918, -3.633, -0.3322)
(0.8961, -2.4831, 0.6813)
(0.536, -2.7109, 0.8635)
(0.3289, -2.838, 0.4611)
(-0.0423, -3.036, 0.6452)
(-0.278, -3.1103, 0.2459)
(-0.6712, -3.24, 0.4395)
(-0.9405, -3.2012, 0.0644)
(-1.3377, -3.2484, 0.2859)
(-1.6088, -3.0676, -0.0297)
(-1.9949, -3.0501, 0.223)
(-2.2585, -2.82, -0.0617)
(-2.6549, -2.8564, 0.1519)
(-2.9108, -2.5983, -0.1185)
(-3.3082, -2.7933, -0.0137)
(-3.5999, -2.6505, -0.2371)
(-3.8746, -3.0312, -0.2377)
(-4.1193, -3.0793, -0.2296)
(-4.3887, -3.3823, -0.2811)
(-4.5381, -3.6021, -0.0549)
(1.0394, -2.3593, 0.1022)
(0.6881, -2.6076, 0.2807)
(0.4679, -2.7112, -0.1196)
(0.1041, -2.9357, 0.0596)
(-0.1489, -2.9693, -0.3336)
(-0.54, -3.1121, -0.141)
(-0.8146, -2.9998, -0.4897)
(-1.2143, -3.054, -0.2695)
(-1.4625, -2.7939, -0.5361)
(-1.8584, -2.8064, -0.2946)
(-2.0746, -2.4947, -0.5125)
(-2.4773, -2.5316, -0.2942)
(-2.6089, -2.2291, -0.4828)
(-3.0529, -2.2898, -0.3054)
(1.163, -2.1999, -0.473)
(0.8173, -2.4566, -0.2953)
(0.5843, -2.5266, -0.69)
(0.2254, -2.7644, -0.5135)
(-0.0393, -2.7461, -0.8912)
(-0.4207, -2.9012, -0.6962)
(-0.6855, -2.7107, -1.0013)
(-1.0708, -2.7608, -0.7701)
(-1.2983, -2.4665, -1.0062)
(-1.6805, -2.4804, -0.7562)
(-1.884, -2.1795, -0.9742)
(-2.2493, -2.1911, -0.7181)
(-2.3772, -1.9234, -0.9371)
(-2.6875, -1.9563, -0.6781)
(1.293, -2.0492, -1.0509)
(0.9394, -2.2867, -0.869)
(0.7043, -2.3456, -1.2613)
(0.3357, -2.5526, -1.0765)
(0.0685, -2.5078, -1.4426)
(-0.3098, -2.6348, -1.2318)
(-0.5699, -2.4361, -1.5282)
(-0.9308, -2.4546, -1.2655)
(-1.1608, -2.1944, -1.5201)
(-1.5148, -2.1836, -1.2419)
(-1.7273, -1.9148, -1.4842)
(-2.0632, -1.9074, -1.205)
(-2.2044, -1.6572, -1.4449)
(-2.4822, -1.6746, -1.168)
(1.4259, -1.9047, -1.6308)
(1.0678, -2.1298, -1.4459)
(0.8237, -2.1701, -1.8342)
(0.4486, -2.35, -1.6413)
(0.1749, -2.2805, -1.9985)
(-0.2036, -2.3803, -1.7749)
(-0.4654, -2.1864, -2.0731)
(-0.8158, -2.2004, -1.8011)
(-1.0523, -1.9533, -2.0648)
(-1.3858, -1.9353, -1.7728)
(-1.6113, -1.6749, -2.0272)
(-1.92, -1.6573, -1.732)
(-2.0801, -1.4127, -1.9861)
(-2.3269, -1.4161, -1.6913)
(1.5546, -1.7546, -2.21)
(1.1933, -1.9714, -2.0232)
(0.939, -1.9886, -2.4059)
(0.5584, -2.1484, -2.2069)
(0.2789, -2.0542, -2.5559)
(-0.1012, -2.1377, -2.3254)
(-0.3682, -1.9383, -2.6239)
(-0.717, -1.9562, -2.351)
(-0.9638, -1.7074, -2.62)
(-1.2891, -1.6963, -2.3253)
(-1.5313, -1.4331, -2.5882)
(-1.8229, -1.4188, -2.2866)
(-2.0089, -1.1783, -2.5558)
(-2.2307, -1.179, -2.2502)
(1.6778, -1.5962, -2.788)
(1.3137, -1.8049, -2.599)
(1.051, -1.7999, -2.9757)
(0.6659, -1.9414, -2.771)
(0.3827, -1.8256, -3.1126)
(-0.001, -1.8951, -2.8778)
(-0.2735, -1.6861, -3.1757)
(-0.6281, -1.7039, -2.905)
(-0.8857, -1.4494, -3.1779)
(-1.2146, -1.4459, -2.8866)
(-1.4723, -1.18, -3.157)
(-1.7632, -1.1771, -2.8585)
(-1.9693, -0.9438, -3.1401)
(-2.1873, -0.9556, -2.8371)
(1.7965, -1.4309, -3.3647)
(1.4298, -1.6309, -3.1732)
(1.1606, -1.6053, -3.5439)
(0.7724, -1.7297, -3.3335)
(0.4878, -1.5946, -3.6676)
(0.1007, -1.651, -3.4294)
(-0.1747, -1.4312, -3.7249)
(-0.5405, -1.4442, -3.4582)
(-0.8048, -1.1838, -3.7326)
(-1.1477, -1.1834, -3.449)
(-1.4139, -0.9173, -3.7237)
(-1.7178, -0.927, -3.4353)
(-1.9316, -0.7021, -3.7237)
(-2.1628, -0.7334, -3.4327)
(1.9115, -1.2599, -3.9402)
(1.5425, -1.4509, -3.746)
(1.2684, -1.4059, -4.1106)
(0.8785, -1.5139, -3.8942)
(0.5939, -1.3602, -4.2208)
(0.2061, -1.4049, -3.9785)
(-0.0681, -1.1745, -4.2695)
(-0.4436, -1.182, -4.0059)
(-0.7081, -0.9166, -4.2786)
(-1.0706, -0.9152, -4.0047)
(-1.3356, -0.6494, -4.2788)
(-1.6617, -0.6682, -4.0047)
(-1.8689, -0.4478, -4.2919)
(-2.1239, -0.5006, -4.0196)
(2.0236, -1.0844, -4.5146)
(1.6525, -1.2659, -4.3175)
(1.3749, -1.2023, -4.6758)
(0.9843, -1.2941, -4.4533)
(0.701, -1.1219, -4.7719)
(0.3144, -1.1555, -4.5248)
(0.0436, -0.9135, -4.8098)
(-0.3348, -0.9176, -4.5465)
(-0.596, -0.6464, -4.8153)
(-0.9711, -0.6451, -4.548)
(-1.229, -0.3764, -4.8173)
(-1.5744, -0.4002, -4.5553)
(-1.767, -0.1739, -4.8332)
(-2.0444, -0.2413, -4.5783)
(2.1332, -0.9051, -5.088)
(1.7605, -1.0769, -4.8878)
(1.4804, -0.9947, -5.2395)
(1.0901, -1.0703, -5.0106)
(0.8094, -0.8788, -5.3206)
(0.425, -0.9013, -5.0682)
(0.1587, -0.6464, -5.3462)
(-0.2193, -0.6474, -5.0815)
(-0.4769, -0.3684, -5.3453)
(-0.8548, -0.3693, -5.0803)
(-1.1091, -0.0946, -5.3455)
(-1.4604, -0.1215, -5.088)
(-1.6475, 0.1105, -5.3614)
(-1.9302, 0.0418, -5.1101)
(2.2356, -0.7326, -5.6309)
(1.8661, -0.8856, -5.4531)
(1.5799, -0.7948, -5.7704)
(1.1957, -0.8433, -5.562)
(0.9136, -0.6441, -5.8361)
(0.5374, -0.6432, -5.6045)
(0.2705, -0.3881, -5.849)
(-0.1005, -0.3718, -5.6079)
(-0.3604, -0.0992, -5.8414)
(-0.7333, -0.0871, -5.6026)
(-0.9916, 0.1773, -5.8401)
(-1.3389, 0.1621, -5.6103)
(-1.5318, 0.3799, -5.8618)
(-1.8106, 0.3262, -5.6399)
(2.3152, -0.5967, -6.0549)
(1.9546, -0.7221, -5.9288)
(1.6564, -0.6391, -6.1757)
(1.2854, -0.6487, -6.0227)
(0.9949, -0.4607, -6.2282)
(0.634, -0.4217, -6.0517)
(0.3582, -0.1867, -6.231)
(0.002, -0.1357, -6.0464)
(-0.2695, 0.1098, -6.2187)
(-0.6287, 0.1542, -6.038)
(-0.9003, 0.3877, -6.2166)
(-1.2345, 0.4016, -6.046)
(-1.4315, 0.5742, -6.2259)
(-1.6992, 0.5483, -6.0692)
(-1.8033, -2.6309, 3.4855)
(-2.1217, -2.5605, 3.494)
(-2.2028, -2.7393, 3.3413)
(-2.576, -2.7166, 3.3187)
(-2.7358, -3.0061, 3.0861)
(-3.1373, -3.0188, 3.0432)
(-3.3011, -3.3013, 2.8121)
(-3.7036, -3.3178, 2.7753)
(-3.8681, -3.595, 2.537)
(-4.2706, -3.6079, 2.4955)
(-4.434, -3.8738, 2.245)
(-4.8361, -3.8758, 2.1921)
(-4.9972, -4.1317, 1.9317)
(-5.3978, -4.1263, 1.8675)
(-5.5558, -4.3901, 1.6125)
(-5.9558, -4.3855, 1.5389)
(-6.3157, -4.2985, 1.433)
(-6.6157, -4.1959, 1.3034)
(-6.7084, -4.4223, 1.2767)
(-6.4181, -4.5196, 1.3402)
(-4.8775, -3.7527, -0.0609)
(-4.8707, -3.9826, 0.0651)
(-5.1614, -4.0828, 0.0148)
(-5.2054, -3.8675, -0.1079)
(-5.2807, -3.5642, -0.214)
(-5.5384, -3.9679, -0.199)
(-5.6546, -3.677, -0.2502)
(-5.7477, -3.4021, -0.0751)
(-6.0065, -3.7901, -0.2235)
(-6.1107, -3.5555, 0.0249)
(-6.1456, -3.3718, 0.3656)
(-6.4495, -3.6996, 0.1497)
(-6.4753, -3.5681, 0.4973)
(-6.4122, -3.5083, 0.8732)
(-6.7702, -3.7646, 0.6478)
(-6.6724, -3.7799, 0.9922)
(-6.4578, -3.8762, 1.2918)
(-6.8615, -4.0754, 1.0836)
(-2.3244, -1.6913, 3.6321)
(-2.5755, -1.5472, 3.4238)
(-2.6905, -1.9406, 3.3721)
(-2.4017, -2.0486, 3.5563)
(-3.0381, -1.8267, 3.1305)
(-3.1888, -2.2363, 3.0668)
(-2.8101, -2.3234, 3.2784)
(-3.5845, -2.129, 2.8488)
(-3.748, -2.5344, 2.8061)
(-3.352, -2.6254, 2.9922)
(-4.113, -2.4344, 2.5575)
(-4.2783, -2.8292, 2.4899)
(-3.9085, -2.9226, 2.7155)
(-4.5987, -2.7235, 2.1843)
(-4.7828, -3.1089, 2.1257)
(-4.4377, -3.2134, 2.3863)
(-5.1178, -2.985, 1.8353)
(-5.3458, -3.3615, 1.8324)
(-4.985, -3.4787, 2.071)
(-5.6756, -3.2464, 1.5369)
(-5.9215, -3.617, 1.5556)
(-5.567, -3.7257, 1.7984)
(-6.2224, -3.5278, 1.2419)
(-6.1413, -3.9827, 1.5265)
(-2.3649, -1.1328, 3.4576)
(-2.6446, -1.0225, 3.1573)
(-2.871, -1.4242, 3.1649)
(-3.2244, -1.3355, 2.8674)
(-3.4169, -1.7245, 2.8715)
(-3.7421, -1.6657, 2.5611)
(-3.9338, -2.0436, 2.5724)
(-4.1544, -2.0208, 2.1798)
(-4.3811, -2.3666, 2.1996)
(-4.5958, -2.3179, 1.7909)
(-4.8767, -2.625, 1.8271)
(-5.102, -2.5935, 1.4429)
(-5.4056, -2.8964, 1.4937)
(-5.6039, -2.9009, 1.0962)
(-5.9307, -3.1935, 1.1706)
(-6.0889, -3.2397, 0.7619)
(-1.6268, 0.0613, 3.0278)
(-1.8722, -0.2519, 3.1515)
(-1.5655, -0.2044, 3.3513)
(-2.1922, -0.2634, 2.8937)
(-2.4099, -0.6225, 3.0616)
(-2.0806, -0.6078, 3.3327)
(-2.7617, -0.5974, 2.7055)
(-2.9989, -0.9603, 2.8084)
(-3.3033, -0.952, 2.4293)
(-3.5329, -1.3029, 2.5156)
(-3.6982, -1.3686, 2.0902)
(-3.9192, -1.6941, 2.1493)
(-4.0295, -1.7595, 1.6963)
(-4.3077, -2.0306, 1.7384)
(-4.4071, -2.1263, 1.3148)
(-4.7574, -2.351, 1.3765)
(-4.8232, -2.5161, 0.9662)
(-5.2279, -2.6898, 1.0304)
(-5.299, -2.83, 0.6062)
(-5.7163, -2.9997, 0.6729)
(-5.7662, -3.1705, 0.265)
(-1.7067, 0.4252, 2.5863)
(-1.9525, 0.0743, 2.7344)
(-2.2722, 0.0882, 2.3971)
(-2.5187, -0.2533, 2.558)
(-2.8132, -0.2701, 2.1757)
(-3.0587, -0.6105, 2.3149)
(-3.2512, -0.7023, 1.8953)
(-3.4818, -1.0377, 2.0048)
(-3.595, -1.1681, 1.5625)
(-3.8035, -1.4774, 1.6396)
(-3.8332, -1.6445, 1.2082)
(-4.0771, -1.9062, 1.2709)
(-4.0415, -2.1642, 0.8833)
(-4.4147, -2.3522, 0.9261)
(-4.4176, -2.5565, 0.5333)
(-4.8609, -2.6882, 0.5594)
(-4.8979, -2.844, 0.1574)
(-5.3453, -2.9894, 0.1975)
(-5.3417, -3.2408, -0.1186)
(-1.7653, 0.7906, 2.1039)
(-2.021, 0.4385, 2.2472)
(-2.3012, 0.4156, 1.8826)
(-2.5591, 0.07, 2.0286)
(-2.7878, 0.0009, 1.6315)
(-3.0331, -0.345, 1.7682)
(-3.1799, -0.4765, 1.3444)
(-3.3769, -0.8396, 1.4649)
(-3.4194, -1.0222, 1.045)
(-3.6243, -1.3461, 1.1361)
(-3.5563, -1.5779, 0.72)
(-3.7769, -1.885, 0.7958)
(-3.6884, -2.1526, 0.4207)
(-4.0052, -2.4056, 0.5007)
(-4.006, -2.5827, 0.1156)
(-4.4463, -2.7086, 0.1301)
(-4.4724, -2.9366, -0.1572)
(-4.9016, -3.0921, -0.1411)
(-4.8834, -3.4283, -0.1967)
(-1.7499, 1.079, 1.5727)
(-2.0351, 0.7571, 1.7326)
(-2.2681, 0.6843, 1.3407)
(-2.5308, 0.344, 1.4898)
(-2.7042, 0.2247, 1.0772)
(-2.9472, -0.1252, 1.2133)
(-3.0482, -0.2929, 0.7875)
(-3.2491, -0.6561, 0.9199)
(-3.2357, -0.8724, 0.506)
(-3.3657, -1.2508, 0.6366)
(-3.2391, -1.4933, 0.2628)
(-3.4258, -1.8396, 0.3485)
(-3.2605, -2.1076, 0.0084)
(-3.5961, -2.4142, 0.0694)
(-3.615, -2.6395, -0.2279)
(-4.0609, -2.782, -0.1643)
(-4.129, -3.0701, -0.2146)
(-4.5028, -3.2543, -0.1941)
(-4.543, -3.5957, -0.0355)
(-1.6662, 1.2845, 1.0092)
(-1.9822, 1.0015, 1.1808)
(-2.192, 0.8986, 0.7804)
(-2.4646, 0.5774, 0.9354)
(-2.6211, 0.4386, 0.5203)
(-2.8299, 0.0701, 0.6551)
(-2.928, -0.0972, 0.2335)
(-3.096, -0.4831, 0.367)
(-3.0683, -0.6849, -0.033)
(-3.1513, -1.0976, 0.1178)
(-3.0031, -1.3095, -0.2348)
(-3.071, -1.7176, -0.0786)
(-2.8925, -1.8611, -0.3902)
(-3.0697, -2.2757, -0.2996)
(-1.563, 1.462, 0.4452)
(-1.8767, 1.1784, 0.6127)
(-2.0986, 1.0887, 0.2229)
(-2.3811, 0.7781, 0.3751)
(-2.5675, 0.6654, -0.0281)
(-2.7615, 0.2918, 0.1041)
(-2.842, 0.1397, -0.3053)
(-2.9616, -0.2724, -0.1739)
(-2.8917, -0.4553, -0.5513)
(-2.9578, -0.8832, -0.3986)
(-2.7958, -1.0646, -0.7326)
(-2.8289, -1.4764, -0.5582)
(-2.656, -1.583, -0.8623)
(-2.7013, -1.94, -0.6735)
(-1.565, 1.7714, -0.0632)
(-1.8241, 1.4183, 0.0762)
(-2.1048, 1.4032, -0.2818)
(-2.3392, 1.0318, -0.1563)
(-2.5143, 0.9474, -0.5491)
(-2.6942, 0.5452, -0.4313)
(-2.6908, 0.387, -0.8286)
(-2.8039, -0.0319, -0.695)
(-2.6831, -0.2082, -1.0522)
(-2.7515, -0.6344, -0.8965)
(-2.5805, -0.8056, -1.2236)
(-2.6212, -1.2114, -1.0489)
(-2.4603, -1.3147, -1.3619)
(-2.4924, -1.6577, -1.1646)
(-1.6349, 2.1622, -0.5173)
(-1.8669, 1.7787, -0.403)
(-2.1115, 1.7442, -0.7727)
(-2.3198, 1.3485, -0.6618)
(-2.3984, 1.2194, -1.0682)
(-2.553, 0.8025, -0.9535)
(-2.4714, 0.6258, -1.3361)
(-2.5874, 0.2104, -1.1991)
(-2.4337, 0.0296, -1.5457)
(-2.5208, -0.3851, -1.3885)
(-2.3557, -0.5622, -1.7256)
(-2.4141, -0.9543, -1.5492)
(-2.2935, -1.0671, -1.8888)
(-2.3348, -1.3973, -1.6893)
(-1.6716, 2.5236, -0.9995)
(-1.8971, 2.1388, -0.8815)
(-2.0533, 2.0473, -1.2821)
(-2.2326, 1.6354, -1.1774)
(-2.2078, 1.4656, -1.5813)
(-2.3428, 1.0427, -1.4639)
(-2.2051, 0.8492, -1.834)
(-2.322, 0.4383, -1.6931)
(-2.1765, 0.2488, -2.0512)
(-2.2781, -0.1553, -1.8928)
(-2.1725, -0.3409, -2.2613)
(-2.2365, -0.7211, -2.0805)
(-2.1933, -0.841, -2.4532)
(-2.2374, -1.1591, -2.2497)
(-1.6638, 2.844, -1.5113)
(-1.869, 2.4544, -1.3895)
(-1.9254, 2.3141, -1.7981)
(-2.0634, 1.8897, -1.6903)
(-1.9705, 1.6951, -2.0873)
(-2.0874, 1.2678, -1.9657)
(-1.9735, 1.0692, -2.3494)
(-2.0699, 0.6538, -2.2042)
(-2.0118, 0.4642, -2.5942)
(-2.0928, 0.059, -2.4318)
(-2.1055, -0.1234, -2.8305)
(-2.1526, -0.5017, -2.6489)
(-2.1739, -0.6204, -3.0404)
(-2.1946, -0.9362, -2.8361)
(-1.616, 3.1261, -2.0433)
(-1.7893, 2.7302, -1.9152)
(-1.7896, 2.56, -2.3283)
(-1.8665, 2.127, -2.2066)
(-1.8093, 1.9333, -2.6149)
(-1.8853, 1.4972, -2.4854)
(-1.8854, 1.3101, -2.8925)
(-1.9461, 0.8804, -2.7489)
(-2.0228, 0.7038, -3.1529)
(-2.0602, 0.2834, -2.9967)
(-2.1521, 0.1081, -3.4056)
(-2.1647, -0.2792, -3.2334)
(-2.1773, -0.3947, -3.6299)
(-2.1708, -0.7145, -3.431)
(-1.5694, 3.3934, -2.5861)
(-1.7098, 2.9877, -2.4543)
(-1.7357, 2.8166, -2.8704)
(-1.7615, 2.3741, -2.7427)
(-1.7977, 2.1935, -3.1566)
(-1.8341, 1.7497, -3.0263)
(-1.9444, 1.5775, -3.4312)
(-1.9821, 1.1359, -3.2969)
(-2.1166, 0.9668, -3.6979)
(-2.1378, 0.5303, -3.5578)
(-2.1952, 0.3566, -3.9699)
(-2.1877, -0.0453, -3.8133)
(-2.1461, -0.1524, -4.2045)
(-2.1324, -0.482, -4.0173)
(-1.5377, 3.6527, -3.1341)
(-1.6792, 3.2504, -2.9977)
(-1.7557, 3.0844, -3.4104)
(-1.7758, 2.6392, -3.2843)
(-1.8826, 2.4683, -3.6895)
(-1.9104, 2.0222, -3.5617)
(-2.06, 1.8567, -3.9593)
(-2.0894, 1.4107, -3.8299)
(-2.1941, 1.2407, -4.2353)
(-2.2005, 0.794, -4.1062)
(-2.1865, 0.6249, -4.5182)
(-2.1632, 0.2113, -4.3734)
(-2.0675, 0.1185, -4.7496)
(-2.0525, -0.2232, -4.5742)
(-1.5008, 3.8992, -3.6866)
(-1.6799, 3.5139, -3.5408)
(-1.8043, 3.3558, -3.9459)
(-1.857, 2.9151, -3.8158)
(-1.9952, 2.7502, -4.2149)
(-2.0294, 2.3034, -4.0874)
(-2.1549, 2.1372, -4.4895)
(-2.1786, 1.689, -4.3624)
(-2.2149, 1.5159, -4.7753)
(-2.2073, 1.0674, -4.6487)
(-2.1294, 0.9016, -5.058)
(-2.0938, 0.4876, -4.9139)
(-1.9635, 0.401, -5.2813)
(-1.9378, 0.0594, -5.1041)
(-1.4474, 4.1144, -4.2166)
(-1.6714, 3.7658, -4.0845)
(-1.8321, 3.607, -4.456)
(-1.9366, 3.1908, -4.343)
(-2.0727, 3.0164, -4.7161)
(-2.1224, 2.5835, -4.6128)
(-2.1936, 2.3999, -4.9964)
(-2.2092, 1.9634, -4.8973)
(-2.1838, 1.7751, -5.2864)
(-2.163, 1.3409, -5.1854)
(-2.0517, 1.1635, -5.565)
(-2.0014, 0.7658, -5.4447)
(-1.8632, 0.6669, -5.7871)
(-1.82, 0.3429, -5.6341)
(-1.4025, 4.274, -4.6313)
(-1.6576, 3.9718, -4.5444)
(-1.868, 3.8054, -4.8404)
(-1.9962, 3.4255, -4.7843)
(-2.13, 3.2245, -5.0959)
(-2.1683, 2.8177, -5.0579)
(-2.1942, 2.5995, -5.3857)
(-2.1924, 2.1921, -5.3481)
(-2.1382, 1.9723, -5.6766)
(-2.1027, 1.5698, -5.6347)
(-1.9868, 1.3618, -5.9531)
(-1.9208, 0.9972, -5.8897)
(-1.8001, 0.87, -6.1543)
(-1.7395, 0.5795, -6.0626)
(-2.2036, -2.114, 3.6713)
(-2.4718, -2.3779, 3.4472)
(-2.2408, -2.4112, 3.5525)
(-2.9695, -2.6761, 3.1633)
(-2.5902, -2.7016, 3.3214)
(-3.5309, -2.9777, 2.8912)
(-3.1543, -3.0065, 3.0468)
(-4.0868, -3.2754, 2.6059)
(-3.7236, -3.3097, 2.7818)
(-4.6341, -3.5572, 2.2929)
(-4.2902, -3.6036, 2.5054)
(-5.2051, -3.8098, 1.9985)
(-4.855, -3.8719, 2.2027)
(-5.7783, -4.0587, 1.7036)
(-5.416, -4.1195, 1.8768)
(-5.9706, -4.3734, 1.5458)
(5.0913, 2.4838, 5.6035)
(4.653, 2.3083, 3.6689)
(4.9232, 2.5369, 3.5191)
(5.2821, 2.491, 3.6335)
(5.4692, 2.3045, 4.151)
(5.5029, 2.2036, 4.743)
(5.3545, 2.2775, 5.295)
(1.2879, -0.9885, 4.3047)
(1.7388, -0.6349, 4.444)
(2.28, -0.2325, 4.6096)
(2.8188, 0.1783, 4.7682)
(3.3507, 0.6043, 4.9041)
(3.8718, 1.0493, 5.0086)
(4.3873, 1.5017, 5.0978)
(4.9064, 1.9359, 5.201)
(1.5185, -1.3028, 3.8564)
(2.0524, -0.919, 4.0236)
(2.6112, -0.5263, 4.208)
(3.1391, -0.1041, 4.3619)
(3.6432, 0.3555, 4.4705)
(4.129, 0.8395, 4.5421)
(4.6105, 1.329, 4.6031)
(5.0896, 1.8115, 4.6775)
(0.8622, -2.3783, 2.832)
(1.3064, -1.9713, 3.1079)
(1.777, -1.5129, 3.3431)
(2.3467, -1.0951, 3.5312)
(2.8675, -0.6626, 3.7059)
(3.3077, -0.1587, 3.837)
(3.7062, 0.3824, 3.9439)
(4.1464, 0.8919, 3.9947)
(4.6292, 1.3772, 4.0209)
(5.0896, 1.8807, 4.0838)
(1.0227, -2.3329, 2.3546)
(1.5426, -1.9526, 2.5698)
(2.0563, -1.538, 2.7753)
(2.566, -1.1014, 2.9724)
(2.9513, -0.58, 3.1474)
(3.228, 0.0194, 3.299)
(3.5242, 0.6183, 3.4342)
(3.9596, 1.1198, 3.4733)
(4.4782, 1.568, 3.4711)
(4.9534, 2.0531, 3.5294)
(1.2069, -2.2617, 1.7722)
(1.7508, -1.8881, 1.9844)
(2.2598, -1.4695, 2.192)
(2.6869, -0.9778, 2.3959)
(2.9121, -0.3831, 2.5915)
(3.0326, 0.2592, 2.787)
(3.2784, 0.8718, 2.9419)
(3.7131, 1.3808, 2.9858)
(4.2169, 1.8335, 3.0182)
(4.6382, 2.2405, 3.2236)
(1.3776, -2.1711, 1.1892)
(1.9323, -1.8009, 1.4037)
(2.4329, -1.367, 1.6148)
(2.8027, -0.8241, 1.8231)
(2.9474, -0.1926, 2.0319)
(2.9745, 0.4672, 2.2456)
(3.0928, 1.1173, 2.4361)
(3.4422, 1.6505, 2.5949)
(3.9262, 1.9969, 2.8306)
(4.3366, 2.1916, 3.2603)
(1.5353, -2.063, 0.6094)
(2.0966, -1.6912, 0.8248)
(2.5939, -1.244, 1.0384)
(2.9163, -0.6692, 1.2494)
(2.9968, -0.0216, 1.4642)
(2.9439, 0.6303, 1.6868)
(2.9003, 1.2428, 1.8957)
(1.6643, -1.9193, 0.0319)
(2.2142, -1.5364, 0.2467)
(2.6893, -1.0728, 0.4614)
(2.9341, -0.4875, 0.6774)
(2.9301, 0.147, 0.8971)
(2.8353, 0.7681, 1.1238)
(2.7418, 1.295, 1.3218)
(1.7837, -1.7641, -0.5462)
(2.3085, -1.3623, -0.3314)
(2.736, -0.8732, -0.1141)
(2.9145, -0.2889, 0.1078)
(2.878, 0.3188, 0.3296)
(2.7916, 0.9141, 0.5516)
(2.699, 1.4212, 0.7402)
(1.9132, -1.6205, -1.1267)
(2.4126, -1.1964, -0.9102)
(2.7882, -0.6761, -0.6889)
(2.9377, -0.086, -0.4637)
(2.9036, 0.5059, -0.2416)
(2.8129, 1.087, -0.0225)
(2.7106, 1.5849, 0.1608)
(2.0428, -1.475, -1.707)
(2.5167, -1.0271, -1.4878)
(2.8491, -0.4793, -1.2632)
(2.9787, 0.122, -1.0358)
(2.9518, 0.7143, -0.8124)
(2.8644, 1.2954, -0.594)
(2.7638, 1.7941, -0.4131)
(2.1669, -1.3219, -2.2863)
(2.6151, -0.8518, -2.0645)
(2.9093, -0.2805, -1.8374)
(3.02, 0.3365, -1.6088)
(2.9979, 0.9425, -1.384)
(2.9226, 1.5362, -1.164)
(2.8431, 2.0449, -0.9817)
(2.2855, -1.1614, -2.8646)
(2.7081, -0.672, -2.6405)
(2.9669, -0.0819, -2.4118)
(3.0578, 0.5519, -2.1827)
(3.0363, 1.1791, -1.9567)
(2.9757, 1.7923, -1.7344)
(2.9266, 2.3135, -1.5488)
(2.3996, -0.9952, -3.4418)
(2.7969, -0.4885, -3.2158)
(3.0209, 0.1164, -2.9863)
(3.0903, 0.7612, -2.7573)
(3.0652, 1.407, -2.5306)
(3.0163, 2.0413, -2.3065)
(2.9944, 2.5743, -2.1184)
(2.5099, -0.8242, -4.0181)
(2.8817, -0.3022, -3.7907)
(3.0708, 0.3151, -3.5609)
(3.1162, 0.9648, -3.3326)
(3.0832, 1.6183, -3.1058)
(3.038, 2.2651, -2.8808)
(3.0268, 2.8063, -2.6924)
(2.6169, -0.6495, -4.5935)
(2.9628, -0.1135, -4.3651)
(3.1157, 0.5142, -4.1356)
(3.1344, 1.1665, -3.9082)
(3.0894, 1.8204, -3.6818)
(3.0405, 2.4696, -3.4568)
(3.0263, 3.0138, -3.2688)
(2.7207, -0.4729, -5.1644)
(3.0395, 0.0757, -4.9353)
(3.1543, 0.7121, -4.7066)
(3.1442, 1.3658, -4.4802)
(3.0847, 2.0191, -4.2543)
(3.0307, 2.6682, -4.0295)
(3.0174, 3.2144, -3.8429)
(2.8076, -0.3215, -5.6495)
(3.1004, 0.2356, -5.414)
(3.1811, 0.8783, -5.1861)
(3.1461, 1.5323, -4.9606)
(3.0743, 2.1848, -4.735)
(3.0172, 2.8338, -4.5102)
(3.0088, 3.3755, -4.3214)
(1.0652, -0.7029, 4.6042)
(1.4508, -0.3441, 4.7325)
(1.9843, 0.0659, 4.8817)
(2.5203, 0.4806, 5.0345)
(3.055, 0.9013, 5.178)
(3.5829, 1.3369, 5.2969)
(4.1067, 1.7809, 5.3966)
(4.637, 2.206, 5.505)
(4.7579, 2.8904, 5.7058)
(4.6427, 2.2945, 3.7277)
(4.72, 2.7556, 3.7125)
(4.688, 3.2065, 3.9288)
(4.5552, 3.4502, 4.4482)
(4.4717, 3.4851, 5.0334)
(4.5587, 3.2465, 5.5227)
(0.4567, 0.0888, 4.65)
(0.9444, 0.4058, 4.7151)
(1.4847, 0.801, 4.8475)
(2.0194, 1.2038, 4.99)
(2.5745, 1.5987, 5.0486)
(3.1055, 2.0171, 5.1264)
(3.6091, 2.462, 5.2667)
(4.1212, 2.8933, 5.4082)
(0.1508, 0.5017, 4.3791)
(0.6835, 0.8875, 4.4959)
(1.2326, 1.2836, 4.626)
(1.8016, 1.6261, 4.6931)
(2.3582, 1.9929, 4.7048)
(2.8877, 2.411, 4.76)
(3.4307, 2.8166, 4.8489)
(3.9886, 3.1932, 4.946)
(-1.0709, 0.2604, 3.4054)
(-0.5844, 0.5707, 3.7194)
(-0.035, 0.9087, 3.9644)
(0.5367, 1.3186, 4.1296)
(1.1237, 1.6306, 4.2189)
(1.7279, 1.8876, 4.1957)
(2.2994, 2.2101, 4.1913)
(2.8754, 2.5422, 4.2473)
(3.4484, 2.9017, 4.2994)
(4.0305, 3.2384, 4.3639)
(-1.1324, 0.591, 3.0338)
(-0.6234, 0.9589, 3.2803)
(-0.0661, 1.3085, 3.4763)
(0.5194, 1.6548, 3.6276)
(1.1439, 1.8743, 3.6908)
(1.7728, 1.993, 3.6625)
(2.3956, 2.1361, 3.6637)
(3.0092, 2.384, 3.6995)
(3.5704, 2.7575, 3.7271)
(4.1558, 3.0697, 3.8021)
(-1.1966, 0.9735, 2.5661)
(-0.6392, 1.3156, 2.7761)
(-0.0453, 1.6188, 2.9434)
(0.5698, 1.8865, 3.075)
(1.2158, 2.0097, 3.1428)
(1.8769, 1.991, 3.124)
(2.5355, 1.9602, 3.1309)
(3.1297, 2.1608, 3.1572)
(3.6904, 2.5115, 3.2078)
(4.2598, 2.703, 3.4255)
(-1.2092, 1.297, 2.0552)
(-0.618, 1.6012, 2.2411)
(0.008, 1.8471, 2.3873)
(0.6564, 2.0371, 2.5006)
(1.3179, 2.0508, 2.5671)
(1.9661, 1.9114, 2.5677)
(2.6244, 1.7916, 2.5737)
(3.2344, 1.9339, 2.6657)
(3.7671, 2.1894, 2.9112)
(4.2664, 2.2605, 3.3369)
(-1.1526, 1.5373, 1.502)
(-0.5566, 1.8353, 1.6853)
(0.0815, 2.0404, 1.8213)
(0.748, 2.1694, 1.9215)
(1.4088, 2.1494, 1.987)
(2.0218, 1.8948, 2.003)
(2.59, 1.639, 2.0023)
(-1.046, 1.7078, 0.9309)
(-0.4569, 2.0147, 1.1193)
(0.1604, 2.2572, 1.2723)
(0.8129, 2.3685, 1.3668)
(1.4528, 2.2786, 1.4096)
(2.031, 1.9843, 1.4195)
(2.4947, 1.6653, 1.4142)
(-0.9869, 1.9412, 0.389)
(-0.4079, 2.2603, 0.588)
(0.2021, 2.5196, 0.7436)
(0.8439, 2.581, 0.8139)
(1.454, 2.4021, 0.8293)
(2.0052, 2.0862, 0.8348)
(2.4556, 1.7776, 0.8272)
(-1.0355, 2.3098, -0.0826)
(-0.4431, 2.6094, 0.1)
(0.2002, 2.7702, 0.2035)
(0.8474, 2.7121, 0.2305)
(1.4356, 2.484, 0.2377)
(1.981, 2.178, 0.2441)
(2.4468, 1.9108, 0.2397)
(-1.1028, 2.6954, -0.5427)
(-0.4729, 2.9176, -0.4102)
(0.196, 2.9389, -0.3685)
(0.8325, 2.7691, -0.3696)
(1.419, 2.5272, -0.3652)
(1.9884, 2.2751, -0.3534)
(2.4854, 2.0808, -0.3454)
(-1.1298, 3.0295, -1.0456)
(-0.4792, 3.1404, -0.9614)
(0.1898, 3.0267, -0.9637)
(0.8264, 2.8089, -0.9762)
(1.4381, 2.6028, -0.969)
(2.0476, 2.4427, -0.9367)
(2.5727, 2.3215, -0.912)
(-1.1243, 3.3119, -1.579)
(-0.4681, 3.3073, -1.5358)
(0.1947, 3.1213, -1.5599)
(0.8542, 2.9446, -1.5619)
(1.5048, 2.8207, -1.5277)
(2.1464, 2.7294, -1.473)
(2.6808, 2.6149, -1.4599)
(-1.0959, 3.5687, -2.1269)
(-0.4357, 3.5107, -2.1005)
(0.2306, 3.3362, -2.1176)
(0.9105, 3.2322, -2.0863)
(1.588, 3.1739, -2.02)
(2.2462, 3.0736, -1.981)
(2.7745, 2.9027, -2.0108)
(-1.0557, 3.8314, -2.6732)
(-0.3888, 3.7922, -2.632)
(0.2877, 3.6704, -2.6172)
(0.9735, 3.6153, -2.5533)
(1.6573, 3.5538, -2.4928)
(2.3121, 3.3896, -2.5026)
(2.8227, 3.1556, -2.5731)
(-1.0039, 4.0994, -3.2146)
(-0.3366, 4.1254, -3.1312)
(0.3471, 4.0612, -3.077)
(1.0333, 4.0125, -3.01)
(1.7099, 3.8998, -2.9881)
(2.3438, 3.6631, -3.0458)
(2.8299, 3.3793, -3.1422)
(-0.9372, 4.3526, -3.7562)
(-0.2821, 4.4624, -3.6224)
(0.4017, 4.4484, -3.5354)
(1.0845, 4.3723, -3.4897)
(1.7471, 4.1936, -3.5127)
(2.359, 3.9028, -3.6014)
(2.829, 3.5913, -3.7121)
(-0.8704, 4.5529, -4.2207)
(-0.2382, 4.7426, -4.0361)
(0.4414, 4.7594, -3.931)
(1.1193, 4.6388, -3.9167)
(1.7689, 4.4096, -3.9706)
(2.3686, 4.0924, -4.073)
(2.8298, 3.771, -4.1841)
(0.7343, -0.2792, 4.7441)
(1.1995, -0.0137, 4.8153)
(1.7418, 0.385, 4.9541)
(2.2807, 0.7934, 5.1059)
(2.8238, 1.2041, 5.2258)
(3.3505, 1.6355, 5.3391)
(3.8591, 2.0854, 5.4653)
(4.3706, 2.5261, 5.5894)
(-6.2335, -4.804, 1.2285)
(-5.0116, -3.9165, -0.0719)
(-5.1979, -3.9866, -0.3999)
(-5.3154, -4.3401, -0.4664)
(-5.4718, -4.7426, -0.077)
(-5.6922, -5.0031, 0.4186)
(-5.9848, -5.0202, 0.9153)
(-1.6705, -2.8934, 3.1619)
(-2.1564, -3.1425, 2.9392)
(-2.7205, -3.4515, 2.6776)
(-3.2874, -3.7525, 2.4091)
(-3.8538, -4.0334, 2.1209)
(-4.4175, -4.2864, 1.8065)
(-4.978, -4.5266, 1.48)
(-5.5316, -4.7823, 1.169)
(-1.2546, -3.0886, 2.7851)
(-1.8023, -3.4005, 2.5343)
(-2.3726, -3.7347, 2.2827)
(-2.9436, -4.0198, 2.0122)
(-3.5165, -4.2529, 1.7047)
(-4.0861, -4.4486, 1.3689)
(-4.6536, -4.6349, 1.0246)
(-5.2215, -4.8263, 0.6946)
(0.32, -2.7279, 2.6224)
(-0.2752, -2.9904, 2.4967)
(-0.9002, -3.2367, 2.3086)
(-1.4961, -3.5687, 2.0464)
(-2.084, -3.8477, 1.7939)
(-2.6868, -4.0134, 1.5228)
(-3.2963, -4.1228, 1.2392)
(-3.8636, -4.2641, 0.9005)
(-4.4105, -4.4435, 0.5287)
(-4.9841, -4.607, 0.1916)
(0.4735, -2.6865, 2.1423)
(-0.091, -3.0044, 1.9384)
(-0.6776, -3.2974, 1.7188)
(-1.2772, -3.5729, 1.4883)
(-1.901, -3.6896, 1.2823)
(-2.5459, -3.6829, 1.0773)
(-3.1873, -3.6996, 0.8407)
(-3.7412, -3.8382, 0.4972)
(-4.2532, -4.0561, 0.0965)
(-4.8126, -4.2405, -0.2466)
(0.651, -2.6195, 1.5573)
(0.0867, -2.9592, 1.3411)
(-0.5029, -3.247, 1.1243)
(-1.1285, -3.4305, 0.9223)
(-1.7786, -3.3902, 0.7877)
(-2.4366, -3.2497, 0.6806)
(-3.0846, -3.223, 0.4809)
(-3.6464, -3.3592, 0.1393)
(-4.1748, -3.5741, -0.228)
(-4.7281, -3.7968, -0.4012)
(0.817, -2.532, 0.9725)
(0.2514, -2.8828, 0.754)
(-0.3499, -3.158, 0.5391)
(-1.0032, -3.2734, 0.3519)
(-1.6674, -3.1632, 0.2475)
(-2.3241, -2.9438, 0.1954)
(-2.986, -2.7969, 0.0828)
(-3.6004, -2.8866, -0.1315)
(-4.1365, -3.1987, -0.2902)
(-4.6242, -3.5817, -0.2079)
(0.9707, -2.4264, 0.3911)
(0.4016, -2.7825, 0.1696)
(-0.2107, -3.0499, -0.046)
(-0.8781, -3.1129, -0.2181)
(-1.5401, -2.9439, -0.2911)
(-2.1726, -2.6655, -0.2935)
(-2.7681, -2.4088, -0.2992)
(1.102, -2.2813, -0.1855)
(0.5273, -2.6225, -0.4054)
(-0.0928, -2.8645, -0.6145)
(-0.7495, -2.8602, -0.7475)
(-1.3795, -2.6286, -0.7699)
(-1.9765, -2.3307, -0.7376)
(-2.4823, -2.0691, -0.6992)
(1.2269, -2.1227, -0.7615)
(0.6436, -2.4343, -0.9752)
(0.0145, -2.6258, -1.1666)
(-0.6258, -2.5688, -1.2615)
(-1.2253, -2.323, -1.257)
(-1.8006, -2.042, -1.2238)
(-2.2854, -1.787, -1.1867)
(1.3597, -1.9771, -1.3408)
(0.7644, -2.2581, -1.5477)
(0.122, -2.3932, -1.72)
(-0.5166, -2.3098, -1.7993)
(-1.1036, -2.0729, -1.7903)
(-1.6643, -1.7937, -1.7527)
(-2.136, -1.5332, -1.7118)
(1.4909, -1.8307, -1.9206)
(0.8818, -2.0803, -2.1203)
(0.2271, -2.1676, -2.2772)
(-0.4161, -2.0628, -2.3481)
(-1.0061, -1.8319, -2.3417)
(-1.5675, -1.5552, -2.3061)
(-2.0392, -1.2951, -2.2684)
(1.6168, -1.6764, -2.4992)
(0.9954, -1.8951, -2.691)
(0.3307, -1.9402, -2.8344)
(-0.3209, -1.8126, -2.8999)
(-0.9242, -1.5797, -2.899)
(-1.5004, -1.308, -2.8722)
(-1.9871, -1.0616, -2.8472)
(1.7377, -1.5143, -3.0765)
(1.1061, -1.7032, -3.26)
(0.4351, -1.7105, -3.3903)
(-0.225, -1.5588, -3.4508)
(-0.8466, -1.3171, -3.4561)
(-1.4444, -1.0496, -3.4412)
(-1.9519, -0.8241, -3.4328)
(1.8544, -1.346, -3.6526)
(1.2147, -1.5062, -3.8274)
(0.5408, -1.4779, -3.9445)
(-0.1223, -1.3032, -3.9978)
(-0.7587, -1.0503, -4.0068)
(-1.3783, -0.7839, -4.0032)
(-1.9045, -0.5769, -4.0105)
(1.9679, -1.1726, -4.2275)
(1.3218, -1.3046, -4.3933)
(0.6473, -1.2416, -4.4966)
(-0.0127, -1.0447, -4.5402)
(-0.6535, -0.7822, -4.5479)
(-1.2851, -0.5138, -4.5499)
(-1.8216, -0.3127, -4.5652)
(2.0786, -0.9951, -4.8014)
(1.4277, -1.099, -4.9578)
(0.755, -1.001, -5.0466)
(0.1007, -0.7808, -5.0785)
(-0.5371, -0.5084, -5.081)
(-1.1699, -0.2366, -5.0822)
(-1.7081, -0.0322, -5.0979)
(2.1866, -0.8155, -5.3706)
(1.5324, -0.8908, -5.5168)
(0.8636, -0.7569, -5.5901)
(0.2167, -0.5122, -5.6091)
(-0.4164, -0.2285, -5.6047)
(-1.0481, 0.0468, -5.6041)
(-1.5877, 0.2511, -5.6224)
(2.2775, -0.6612, -5.854)
(1.6203, -0.7127, -5.9848)
(0.9564, -0.5475, -6.0437)
(0.3167, -0.282, -6.0512)
(-0.3125, 0.0111, -6.0411)
(-0.9435, 0.2884, -6.0394)
(-1.4821, 0.4849, -6.0573)
(-1.9914, -2.6711, 3.4233)
(-2.458, -2.8603, 3.2223)
(-3.0181, -3.1539, 2.9487)
(-3.5846, -3.4489, 2.6755)
(-4.1512, -3.7369, 2.3936)
(-4.716, -4.0044, 2.0903)
(-5.277, -4.2586, 1.771)
(-5.8288, -4.5296, 1.4615)
(-6.5248, -4.3715, 1.3454)
(-5.0263, -3.9338, -0.0151)
(-5.4199, -3.7743, -0.2109)
(-5.8893, -3.6016, -0.1595)
(-6.3085, -3.5421, 0.2499)
(-6.6025, -3.6426, 0.754)
(-6.6719, -3.9818, 1.1825)
(-2.496, -1.8114, 3.5081)
(-2.9246, -2.0849, 3.2184)
(-3.4676, -2.3862, 2.935)
(-4.0192, -2.6825, 2.6587)
(-4.5275, -2.9723, 2.3048)
(-5.0582, -3.2371, 1.9715)
(-5.6345, -3.4871, 1.6944)
(-6.2025, -3.7509, 1.4185)
(-2.6168, -1.2782, 3.3095)
(-3.1406, -1.5725, 3.0179)
(-3.685, -1.881, 2.7278)
(-4.159, -2.2104, 2.3925)
(-4.6212, -2.5002, 2.0088)
(-5.1399, -2.7569, 1.657)
(-5.6698, -3.041, 1.3315)
(-6.1839, -3.3541, 1.0146)
(-1.5941, -0.0809, 3.2006)
(-2.1411, -0.4354, 3.1161)
(-2.7045, -0.7952, 2.9461)
(-3.2817, -1.1256, 2.6677)
(-3.7376, -1.4988, 2.3424)
(-4.1059, -1.8696, 1.9424)
(-4.5274, -2.1882, 1.5513)
(-4.9901, -2.5228, 1.2049)
(-5.473, -2.8416, 0.8505)
(-5.9453, -3.1832, 0.5082)
(-1.6658, 0.2346, 2.8181)
(-2.2367, -0.0876, 2.6514)
(-2.7979, -0.4246, 2.4457)
(-3.2859, -0.8176, 2.168)
(-3.653, -1.2596, 1.8264)
(-3.9396, -1.6893, 1.4524)
(-4.2327, -2.135, 1.0983)
(-4.6267, -2.5346, 0.7458)
(-5.1056, -2.8299, 0.3729)
(-5.564, -3.1885, 0.0451)
(-1.7427, 0.6144, 2.3492)
(-2.2945, 0.2579, 2.1417)
(-2.8096, -0.1281, 1.9044)
(-3.2196, -0.5864, 1.6205)
(-3.5137, -1.0917, 1.3042)
(-3.7051, -1.6094, 0.961)
(-3.8671, -2.1658, 0.6516)
(-4.2089, -2.5696, 0.3182)
(-4.6804, -2.8811, -0.0292)
(-5.1055, -3.329, -0.1974)
(-1.7674, 0.9458, 1.8442)
(-2.2911, 0.5571, 1.6151)
(-2.7499, 0.1165, 1.3554)
(-3.1191, -0.3814, 1.0664)
(-3.3254, -0.9506, 0.7779)
(-3.3936, -1.5441, 0.492)
(-3.4805, -2.1426, 0.2091)
(-3.8101, -2.6068, -0.0612)
(-4.2912, -3.0021, -0.2068)
(-4.7, -3.5152, -0.1335)
(-1.7154, 1.1913, 1.2934)
(-2.2358, 0.799, 1.0622)
(-2.6596, 0.3318, 0.7987)
(-2.982, -0.2, 0.5092)
(-3.1512, -0.7842, 0.2347)
(-3.1118, -1.4133, 0.018)
(-3.0611, -2.0013, -0.1855)
(-1.6083, 1.3655, 0.7237)
(-2.1384, 0.9856, 0.4974)
(-2.5912, 0.5465, 0.2433)
(-2.8869, 0.0175, -0.038)
(-2.9828, -0.5742, -0.2948)
(-2.8993, -1.1913, -0.4854)
(-2.7643, -1.7211, -0.6201)
(-1.5496, 1.5992, 0.1819)
(-2.0926, 1.2331, -0.035)
(-2.5451, 0.8026, -0.2907)
(-2.7765, 0.2637, -0.5689)
(-2.7924, -0.332, -0.8034)
(-2.69, -0.9346, -0.978)
(-2.5558, -1.4471, -1.1098)
(-1.5987, 1.9649, -0.2917)
(-2.1141, 1.5767, -0.5259)
(-2.4659, 1.087, -0.8085)
(-2.5888, 0.5081, -1.0843)
(-2.5627, -0.0871, -1.299)
(-2.4672, -0.681, -1.4716)
(-2.3717, -1.188, -1.6212)
(-1.6594, 2.3487, -0.7533)
(-2.092, 1.9009, -1.0257)
(-2.3123, 1.3454, -1.3263)
(-2.3405, 0.7391, -1.5848)
(-2.3009, 0.1411, -1.7948)
(-2.2538, -0.4496, -1.9886)
(-2.2333, -0.9524, -2.167)
(-1.6734, 2.6889, -1.2525)
(-1.9957, 2.1846, -1.5391)
(-2.0883, 1.581, -1.8333)
(-2.0772, 0.9581, -2.0879)
(-2.0747, 0.355, -2.3185)
(-2.1219, -0.2331, -2.5433)
(-2.1763, -0.7308, -2.7453)
(-1.6426, 2.9885, -1.7753)
(-1.8518, 2.4375, -2.0611)
(-1.8732, 1.8118, -2.348)
(-1.9086, 1.1862, -2.6192)
(-1.9986, 0.5805, -2.8739)
(-2.1214, -0.0097, -3.1186)
(-2.1769, -0.5087, -3.3359)
(-1.5907, 3.2607, -2.3138)
(-1.7512, 2.6864, -2.5988)
(-1.7865, 2.0609, -2.8856)
(-1.9014, 1.4413, -3.1635)
(-2.0667, 0.8331, -3.4273)
(-2.179, 0.2299, -3.6897)
(-2.1674, -0.2766, -3.9201)
(-1.5526, 3.5242, -2.8596)
(-1.7388, 2.9494, -3.1412)
(-1.8323, 2.3296, -3.4246)
(-2.0008, 1.7165, -3.6958)
(-2.161, 1.1031, -3.9667)
(-2.1977, 0.4888, -4.2457)
(-2.1114, -0.0197, -4.4799)
(-1.5214, 3.7782, -3.4096)
(-1.7806, 3.2205, -3.6779)
(-1.9404, 2.609, -3.9521)
(-2.1133, 1.9971, -4.2236)
(-2.2122, 1.3784, -4.5049)
(-2.1627, 0.7628, -4.7887)
(-2.017, 0.2594, -5.0159)
(-1.4746, 4.0131, -3.962)
(-1.8196, 3.4869, -4.2122)
(-2.0385, 2.8889, -4.4763)
(-2.181, 2.2746, -4.7536)
(-2.2035, 1.6514, -5.0422)
(-2.0905, 1.0385, -5.3228)
(-1.9107, 0.5399, -5.5447)
(-1.4237, 4.199, -4.4349)
(-1.8486, 3.7109, -4.6602)
(-2.1023, 3.1258, -4.9176)
(-2.1964, 2.5056, -5.2023)
(-2.1614, 1.8795, -5.4928)
(-2.0177, 1.2686, -5.7702)
(-1.8273, 0.7727, -5.985)
(-2.318, -2.243, 3.5655)
(-2.7008, -2.5242, 3.3081)
(-3.2491, -2.8274, 3.0258)
(-3.8108, -3.1274, 2.7526)
(-4.3592, -3.4194, 2.4495)
(-4.9173, -3.6859, 2.1436)
(-5.4924, -3.933, 1.8515)
(-6.0594, -4.1866, 1.559)
