(-0.8621, -4.1278, -4.9127)
(-0.2278, -3.914, -5.0305)
(0.3412, -3.5491, -5.1732)
(0.8739, -3.128, -5.3161)
(1.405, -2.7039, -5.4583)
(-0.8137, -4.019, -4.4843)
(-0.1697, -3.8347, -4.6013)
(1.9244, -2.3301, -5.5917)
(0.413, -3.4932, -4.7421)
(2.2904, -2.1139, -5.6096)
(0.9548, -3.0847, -4.885)
(1.4892, -2.6653, -5.0273)
(2.0092, -2.2907, -5.1623)
(2.4238, -2.0406, -5.3043)
(-0.7513, -3.8755, -3.929)
(-0.0963, -3.7263, -4.0406)
(0.5027, -3.4149, -4.1785)
(1.0564, -3.0235, -4.3211)
(1.5959, -2.611, -4.4634)
(2.1157, -2.2366, -4.5982)
(2.5271, -1.9756, -4.7018)
(-0.6852, -3.7204, -3.3424)
(-0.0209, -3.6066, -3.4474)
(0.5932, -3.3262, -3.5818)
(1.158, -2.952, -3.7236)
(1.7021, -2.5464, -3.8659)
(2.223, -2.1754, -3.9998)
(2.6392, -1.9203, -4.1033)
(-0.6184, -3.5609, -2.7568)
(0.053, -3.4825, -2.8548)
(0.6796, -3.2322, -2.9852)
(1.2525, -2.8733, -3.1254)
(1.7955, -2.4736, -3.2654)
(2.3108, -2.1047, -3.396)
(2.7311, -1.8542, -3.4986)
(-0.5506, -3.3966, -2.1725)
(0.1258, -3.3543, -2.2628)
(0.7623, -3.134, -2.3884)
(1.3361, -2.7908, -2.5238)
(1.8651, -2.3984, -2.6555)
(2.3607, -2.0246, -2.7793)
(2.7576, -1.7525, -2.8784)
(-0.4814, -3.2264, -1.5897)
(0.1977, -3.222, -1.6715)
(0.8405, -3.0334, -1.7905)
(1.4064, -2.7072, -1.9169)
(1.9151, -2.3205, -2.0383)
(2.3852, -1.9368, -2.1556)
(2.7502, -1.6378, -2.2523)
(-0.4105, -3.0492, -1.0091)
(0.269, -3.0853, -1.0809)
(0.9152, -2.9315, -1.1919)
(1.471, -2.619, -1.3098)
(1.9613, -2.234, -1.4235)
(2.4088, -1.8404, -1.5354)
(2.7415, -1.5174, -1.6281)
(-0.3372, -2.8632, -0.4312)
(0.3402, -2.9434, -0.4915)
(0.9901, -2.8289, -0.5943)
(1.5395, -2.5226, -0.7086)
(2.0196, -2.1344, -0.8197)
(2.4574, -1.736, -0.928)
(2.7726, -1.4012, -1.0158)
(-0.261, -2.6707, 0.1442)
(0.4133, -2.7978, 0.0967)
(1.0698, -2.7309, 0.002)
(1.6208, -2.4242, -0.1154)
(2.105, -2.0298, -0.2302)
(2.5517, -1.6318, -0.3389)
(2.8778, -1.2994, -0.4256)
(-0.184, -2.4841, 0.7211)
(0.4896, -2.6587, 0.6866)
(1.1592, -2.6511, 0.599)
(1.7328, -2.3576, 0.4712)
(2.2356, -1.9542, 0.3462)
(2.6982, -1.5488, 0.2336)
(3.0401, -1.2179, 0.1479)
(-0.1101, -2.3063, 1.2998)
(0.5636, -2.5145, 1.276)
(1.2512, -2.5586, 1.1915)
(1.8811, -2.3394, 1.0509)
(2.4153, -1.9374, 0.9106)
(2.9047, -1.5174, 0.7862)
(3.2612, -1.1578, 0.7056)
(-0.0282, -2.0827, 1.8612)
(0.6402, -2.298, 1.8419)
(1.3275, -2.3759, 1.7655)
(1.9897, -2.24, 1.6309)
(2.5733, -1.8995, 1.4769)
(3.1417, -1.5368, 1.3223)
(3.7907, -1.1868, 1.1332)
(0.0617, -1.8233, 2.4089)
(0.724, -2.0321, 2.3873)
(1.4005, -2.1446, 2.3235)
(2.0622, -2.075, 2.2053)
(4.4639, -1.3731, 1.1942)
(2.6579, -1.7858, 2.0492)
(3.2736, -1.5316, 1.8888)
(4.9925, -1.5936, 1.5853)
(3.9128, -1.478, 1.6943)
(5.4683, -1.8271, 2.0319)
(4.5306, -1.6528, 1.5161)
(0.1579, -1.5477, 2.953)
(0.8165, -1.745, 2.9269)
(1.4858, -1.9146, 2.8801)
(5.794, -1.8935, 2.0872)
(2.1531, -1.9626, 2.7855)
(5.145, -1.7933, 1.4845)
(2.7873, -1.8155, 2.6242)
(3.4279, -1.6657, 2.4486)
(5.6768, -1.8508, 1.7212)
(4.0678, -1.6726, 2.2408)
(6.0792, -1.9053, 1.9253)
(4.6634, -1.8947, 2.0025)
(0.2559, -1.2481, 3.46)
(0.9114, -1.3926, 3.4433)
(1.5941, -1.5936, 3.393)
(5.284, -2.0859, 1.8049)
(2.2674, -1.7801, 3.3324)
(2.9275, -1.8378, 3.189)
(5.8774, -2.1836, 1.7044)
(3.5821, -1.8241, 3.0021)
(0.3378, -0.9946, 3.8557)
(6.3338, -2.1365, 1.6766)
(4.2243, -1.8449, 2.8001)
(4.8249, -2.0474, 2.5654)
(1.7479, -1.1575, 3.7984)
(0.9765, -0.8729, 3.9398)
(5.4533, -2.2244, 2.3475)
(2.4226, -1.4043, 3.7561)
(3.0834, -1.6033, 3.6772)
(6.0634, -2.347, 2.1595)
(3.7368, -1.7537, 3.5321)
(6.5348, -2.3878, 2.0315)
(4.3813, -1.884, 3.3405)
(5.0128, -2.0353, 3.1199)
(1.4506, -0.5039, 4.1224)
(1.984, -0.6773, 4.0647)
(5.6523, -2.184, 2.9107)
(2.6234, -0.9046, 4.016)
(3.2816, -1.1319, 3.9587)
(6.2622, -2.3155, 2.7272)
(3.936, -1.3446, 3.8656)
(6.7244, -2.4416, 2.5961)
(4.5845, -1.5434, 3.7247)
(5.2269, -1.7305, 3.5516)
(1.7443, -0.086, 4.3126)
(2.2107, -0.1939, 4.2417)
(5.868, -1.9187, 3.3791)
(2.8273, -0.3944, 4.1654)
(3.4817, -0.6144, 4.0837)
(6.4742, -2.1033, 3.2343)
(4.1363, -0.8325, 3.9969)
(1.9934, 0.1615, 4.3345)
(6.9318, -2.2636, 3.1245)
(4.7878, -1.0462, 3.8855)
(2.3251, 0.2445, 4.2861)
(2.9749, 0.0093, 4.2002)
(5.4345, -1.2534, 3.7462)
(3.6278, -0.2097, 4.1257)
(6.0781, -1.4653, 3.6085)
(4.2834, -0.429, 4.0489)
(4.9367, -0.6452, 3.9448)
(6.6795, -1.6866, 3.5145)
(5.5858, -0.8523, 3.8047)
(7.1104, -1.8885, 3.4645)
(6.2296, -1.0626, 3.6458)
(7.0943, -1.5544, 3.5249)
(6.8768, -1.29, 3.5079)
(1.2928, 1.467, -6.1425)
(1.8118, 1.0212, -6.0624)
(2.1476, 0.4244, -5.987)
(2.3381, -0.2383, -5.9157)
(2.4306, -0.9207, -5.8418)
(1.28, 1.5137, -5.7082)
(1.7421, 1.0139, -5.6325)
(2.4252, -1.5687, -5.7653)
(2.1084, 0.4361, -5.5521)
(2.3938, -1.9751, -5.6436)
(2.3556, -0.2015, -5.4791)
(2.4783, -0.8756, -5.4064)
(2.4858, -1.5237, -5.3326)
(2.4295, -2.0218, -5.3085)
(1.2692, 1.5765, -5.1416)
(1.6612, 1.021, -5.0672)
(2.0288, 0.4419, -4.985)
(2.3407, -0.1664, -4.9079)
(2.524, -0.8228, -4.8358)
(2.5656, -1.4669, -4.7644)
(2.5294, -1.9559, -4.7049)
(1.2468, 1.6263, -4.5411)
(1.5594, 1.0229, -4.4714)
(1.9066, 0.4321, -4.3899)
(2.2666, -0.1511, -4.3063)
(2.5318, -0.7772, -4.2301)
(2.6377, -1.4097, -4.1609)
(2.6412, -1.9007, -4.1079)
(1.2476, 1.6813, -3.9395)
(1.4982, 1.0503, -3.8715)
(1.7924, 0.432, -3.7936)
(2.1513, -0.1513, -3.709)
(2.4813, -0.7432, -3.6246)
(2.6703, -1.3475, -3.5524)
(2.7347, -1.8352, -3.5055)
(1.2876, 1.7519, -3.3407)
(1.5224, 1.1186, -3.2745)
(1.7558, 0.4746, -3.1944)
(2.0533, -0.1321, -3.1094)
(2.3836, -0.7053, -3.0182)
(2.6447, -1.2675, -2.9367)
(2.7605, -1.7336, -2.8866)
(1.3601, 1.8268, -2.7485)
(1.663, 1.2288, -2.7006)
(1.8642, 0.5784, -2.6136)
(2.0674, -0.0478, -2.5126)
(2.3175, -0.6347, -2.4122)
(2.5854, -1.1763, -2.3191)
(2.7533, -1.6192, -2.2605)
(1.4074, 1.8557, -2.1526)
(1.8348, 1.3372, -2.1367)
(2.0831, 0.715, -2.0658)
(2.2401, 0.0933, -1.9491)
(2.4073, -0.5023, -1.826)
(2.5825, -1.0632, -1.7092)
(2.7431, -1.4989, -1.6381)
(1.4074, 1.817, -1.5541)
(1.9411, 1.399, -1.5538)
(2.2988, 0.8406, -1.5169)
(2.4891, 0.2367, -1.4141)
(2.603, -0.3615, -1.2684)
(2.6898, -0.9345, -1.1217)
(2.7743, -1.3828, -1.0255)
(1.3705, 1.7218, -0.9606)
(1.9739, 1.3984, -0.9581)
(2.4474, 0.9341, -0.9453)
(2.7124, 0.358, -0.8697)
(2.8224, -0.2444, -0.7212)
(2.8653, -0.8249, -0.5554)
(2.8817, -1.2807, -0.4319)
(1.3608, 1.7097, -0.3659)
(1.9747, 1.3983, -0.3643)
(2.5153, 1.0023, -0.3574)
(2.8665, 0.4619, -0.3043)
(3.0196, -0.1452, -0.1684)
(3.0557, -0.7374, 0.004)
(3.0467, -1.1997, 0.1431)
(1.4248, 1.8692, 0.2069)
(2.0203, 1.5283, 0.2119)
(2.5305, 1.0775, 0.2305)
(2.966, 0.5684, 0.2695)
(3.1955, -0.0332, 0.3861)
(3.257, -0.6462, 0.555)
(3.2717, -1.137, 0.7019)
(1.478, 2.0042, 0.7949)
(2.0685, 1.6492, 0.8002)
(2.604, 1.2191, 0.807)
(3.074, 0.7315, 0.8336)
(3.3499, 0.1324, 0.9305)
(3.5111, -0.4972, 1.0521)
(3.8036, -1.1691, 1.1322)
(1.5001, 2.0581, 1.3985)
(2.1109, 1.7394, 1.3969)
(2.6902, 1.3707, 1.3833)
(3.1989, 0.9304, 1.3844)
(4.4717, -1.3548, 1.1996)
(3.5364, 0.3619, 1.4277)
(3.8353, -0.2293, 1.4393)
(4.9943, -1.5766, 1.5966)
(4.1938, -0.765, 1.479)
(5.4667, -1.812, 2.0479)
(4.7401, -1.0756, 1.372)
(1.4837, 2.0223, 2.0063)
(2.117, 1.766, 2.0072)
(2.7362, 1.4643, 1.9779)
(5.7787, -1.9052, 2.1397)
(3.3073, 1.1015, 1.939)
(5.2919, -1.3945, 1.4555)
(3.7359, 0.6016, 1.9002)
(4.0747, 0.0534, 1.8739)
(5.7599, -1.663, 1.7608)
(4.5117, -0.425, 1.8482)
(6.1038, -1.857, 2.0258)
(5.0715, -0.7372, 1.6766)
(1.4342, 1.9287, 2.5882)
(2.0682, 1.7253, 2.6322)
(2.7258, 1.4658, 2.5918)
(5.6539, -1.0434, 1.5579)
(3.3426, 1.1678, 2.529)
(3.814, 0.7247, 2.4354)
(6.1622, -1.3989, 1.6123)
(4.3003, 0.3362, 2.2803)
(1.3773, 1.8342, 3.0523)
(6.5071, -1.705, 1.7569)
(4.8225, -0.0532, 2.1747)
(5.3872, -0.3979, 2.0601)
(2.6695, 1.3305, 3.1858)
(1.8975, 1.5983, 3.3328)
(5.9783, -0.6848, 1.9011)
(3.3267, 1.0933, 3.1017)
(3.9016, 0.7685, 2.988)
(6.5136, -1.0354, 1.8465)
(4.4277, 0.4063, 2.8164)
(6.8975, -1.3452, 1.8662)
(5.0148, 0.1472, 2.6456)
(5.6195, -0.1283, 2.5036)
(2.1118, 1.2524, 3.7768)
(2.6138, 1.0236, 3.6836)
(6.2232, -0.4197, 2.37)
(3.2222, 0.7724, 3.5732)
(3.8609, 0.5461, 3.5)
(6.783, -0.7341, 2.2865)
(4.4631, 0.2703, 3.3658)
(7.2008, -0.9973, 2.2454)
(5.0562, -0.0012, 3.1831)
(5.6891, -0.2146, 3.0483)
(2.0962, 0.8609, 4.1425)
(2.5096, 0.6237, 4.0592)
(6.3305, -0.4275, 2.9328)
(3.0975, 0.3723, 3.9569)
(3.744, 0.1484, 3.8778)
(6.9324, -0.6511, 2.8356)
(4.3814, -0.0898, 3.7724)
(2.1333, 0.54, 4.2771)
(7.3884, -0.8323, 2.761)
(5.0042, -0.3397, 3.6278)
(2.3345, 0.2621, 4.2809)
(2.9844, 0.0266, 4.1945)
(5.6548, -0.5269, 3.5132)
(3.6437, -0.1937, 4.124)
(6.3125, -0.7052, 3.408)
(4.3, -0.4139, 4.0527)
(4.953, -0.6321, 3.953)
(6.9301, -0.8835, 3.3155)
(5.6011, -0.8377, 3.8103)
(7.3903, -1.0067, 3.2432)
(6.2435, -1.0465, 3.6489)
(7.2107, -1.2116, 3.4372)
(6.8836, -1.271, 3.504)
(-1.5219, -4.0623, -4.875)
(-2.0603, -3.6753, -4.9136)
(-2.3949, -3.0956, -5.0319)
(-2.5813, -2.4458, -5.1745)
(-2.7053, -1.778, -5.3171)
(-2.829, -1.1097, -5.4591)
(-1.4749, -3.9368, -4.4381)
(-2.0255, -3.5618, -4.4852)
(-2.3871, -2.998, -4.6026)
(-2.9798, -0.4879, -5.5923)
(-2.5993, -2.3568, -4.7434)
(-3.1179, -0.0859, -5.6098)
(-2.7381, -1.6925, -4.8861)
(-2.8667, -1.0254, -5.0281)
(-3.0164, -0.4023, -5.1629)
(-3.1687, 0.0574, -5.3045)
(-1.4148, -3.7765, -3.8841)
(-1.9787, -3.4131, -3.9297)
(-2.372, -2.8686, -4.0417)
(-2.6163, -2.2393, -4.1797)
(-2.7749, -1.58, -4.322)
(-2.9111, -0.9146, -4.4642)
(-3.0599, -0.2914, -4.5986)
(-3.2022, 0.1745, -4.702)
(-1.3505, -3.6049, -3.3015)
(-1.927, -3.2532, -3.343)
(-2.351, -2.7295, -3.4484)
(-2.627, -2.1135, -3.5829)
(-2.8051, -1.4597, -3.7246)
(-2.9487, -0.7965, -3.8666)
(-3.0996, -0.1749, -4.0001)
(-3.2486, 0.2902, -4.1034)
(-1.2847, -3.429, -2.7199)
(-1.873, -3.0896, -2.7572)
(-2.3259, -2.5881, -2.8556)
(-2.6314, -1.9864, -2.9862)
(-2.8253, -1.3389, -3.1263)
(-2.9713, -0.6806, -3.2661)
(-3.1184, -0.0641, -3.3963)
(-3.2727, 0.4003, -3.4986)
(-1.2169, -3.248, -2.1398)
(-1.8165, -2.9216, -2.1727)
(-2.2973, -2.4442, -2.2634)
(-2.6301, -1.8587, -2.3892)
(-2.8348, -1.2222, -2.5246)
(-2.9744, -0.5786, -2.6561)
(-3.1025, 0.0288, -2.7797)
(-3.2241, 0.4946, -2.8785)
(-1.1469, -3.0608, -1.5616)
(-1.7572, -2.7482, -1.5898)
(-2.2653, -2.2977, -1.6719)
(-2.6239, -1.7321, -1.7912)
(-2.8337, -1.1136, -1.9176)
(-2.9613, -0.4875, -2.0389)
(-3.0628, 0.1107, -2.156)
(-3.1416, 0.5761, -2.2524)
(-1.074, -2.866, -0.986)
(-1.6944, -2.568, -1.0091)
(-2.2297, -2.1482, -1.0812)
(-2.6142, -1.6067, -1.1925)
(-2.8253, -1.0052, -1.3104)
(-2.9397, -0.3924, -1.4241)
(-3.0171, 0.1985, -1.5359)
(-3.0548, 0.6607, -1.6285)
(-0.9978, -2.6625, -0.4136)
(-1.6275, -2.3797, -0.4312)
(-2.1904, -1.9946, -0.4917)
(-2.604, -1.4805, -0.5946)
(-2.8146, -0.888, -0.7091)
(-2.9191, -0.2794, -0.8202)
(-2.9855, 0.3087, -0.9286)
(-3.0017, 0.7682, -1.0162)
(-0.9194, -2.4534, 0.1566)
(-1.5584, -2.1842, 0.1442)
(-2.1499, -1.8365, 0.0966)
(-2.6003, -1.3545, 0.0017)
(-2.8124, -0.7608, -0.1157)
(-2.9161, -0.145, -0.2307)
(-2.9899, 0.4487, -0.3395)
(-3.0159, 0.9137, -0.426)
(-0.8437, -2.2513, 0.7285)
(-1.4937, -1.9928, 0.721)
(-2.1158, -1.6813, 0.6865)
(-2.6155, -1.2357, 0.5987)
(-2.8543, -0.6374, 0.4708)
(-2.9671, -0.0026, 0.3457)
(-3.0485, 0.6071, 0.2328)
(-3.0884, 1.0813, 0.1472)
(-0.7718, -2.0596, 1.3025)
(-1.4324, -1.81, 1.2997)
(-2.0769, -1.5241, 1.2759)
(-2.6241, -1.1054, 1.1913)
(-2.9549, -0.5263, 1.0504)
(-3.0933, 0.1279, 0.9098)
(-3.1862, 0.766, 0.7849)
(-3.2187, 1.2715, 0.7041)
(-0.6875, -1.8349, 1.8623)
(-1.3471, -1.5877, 1.8611)
(-1.9922, -1.3102, 1.8417)
(-2.5612, -0.9169, 1.7652)
(-2.9714, -0.3791, 1.6304)
(-3.1887, 0.2607, 1.4757)
(-3.3791, 0.9073, 1.32)
(-3.64, 1.5963, 1.1296)
(-0.5917, -1.5795, 2.4103)
(-1.2442, -1.3331, 2.4088)
(-1.8803, -1.0545, 2.3871)
(-2.4635, -0.6934, 2.3229)
(-2.915, -0.2043, 2.2046)
(-4.2691, 1.8992, 1.1923)
(-3.1721, 0.4072, 2.0489)
(-3.4708, 1.001, 1.8862)
(-4.812, 2.0808, 1.5839)
(-3.9198, 1.4592, 1.6923)
(-5.3236, 2.2201, 2.0301)
(-0.4899, -1.3085, 2.9542)
(-4.5015, 1.7322, 1.5153)
(-1.1352, -1.0624, 2.953)
(-1.761, -0.7775, 2.9268)
(-2.3761, -0.4635, 2.8795)
(-5.6132, 2.3838, 2.0844)
(-2.9043, -0.0558, 2.7857)
(-5.0579, 2.0289, 1.4838)
(-3.27, 0.4819, 2.6276)
(-3.6684, 1.0042, 2.4476)
(-5.4971, 2.3359, 1.719)
(-4.1617, 1.4152, 2.2399)
(-5.8368, 2.56, 1.9214)
(-4.758, 1.6386, 2.0032)
(-0.3872, -1.0352, 3.4543)
(-1.0116, -0.7728, 3.4603)
(-1.6002, -0.4502, 3.4435)
(-2.2461, -0.1518, 3.3931)
(-5.3529, 1.9005, 1.8063)
(-2.8735, 0.1522, 3.3327)
(-3.4022, 0.5479, 3.1894)
(-5.8659, 2.2148, 1.7052)
(-3.8901, 0.9858, 3.0017)
(-0.314, -0.8404, 3.8058)
(-0.9067, -0.5285, 3.8564)
(-6.1806, 2.5489, 1.6746)
(-4.3913, 1.39, 2.8003)
(-4.9783, 1.6315, 2.5669)
(-2.075, 0.2773, 3.7988)
(-1.3074, -0.0167, 3.9408)
(-5.5692, 1.9101, 2.3498)
(-2.745, 0.5356, 3.7565)
(-3.3729, 0.821, 3.678)
(-6.1104, 2.2175, 2.162)
(-3.9636, 1.1381, 3.5325)
(-6.4932, 2.4957, 2.0332)
(-4.5352, 1.4638, 3.3412)
(-5.1111, 1.7648, 3.1216)
(-1.4211, 0.5733, 4.1233)
(-1.9367, 0.7942, 4.0654)
(-5.691, 2.0732, 2.9129)
(-2.5676, 1.0439, 4.0165)
(-3.2128, 1.3057, 3.9596)
(-6.2371, 2.3752, 2.7296)
(-3.8454, 1.5763, 3.8666)
(-6.6684, 2.5841, 2.5987)
(-4.4644, 1.8536, 3.7259)
(-5.0714, 2.1354, 3.5532)
(-1.3672, 1.0814, 4.3133)
(-1.789, 1.3073, 4.2423)
(-5.6781, 2.4157, 3.3809)
(-2.3852, 1.5623, 4.1658)
(-3.0226, 1.8272, 4.0841)
(-6.2558, 2.6762, 3.2359)
(-3.659, 2.0936, 3.9974)
(-1.3918, 1.4317, 4.3352)
(-6.7058, 2.857, 3.1264)
(-4.2901, 2.3617, 3.8862)
(-1.5866, 1.7129, 4.2868)
(-2.2305, 1.9634, 4.2004)
(-4.9134, 2.6314, 3.747)
(-2.8663, 2.2282, 4.1256)
(-5.5374, 2.8956, 3.6094)
(-3.5043, 2.4943, 4.0488)
(-4.1382, 2.7619, 3.9445)
(-6.1355, 3.1253, 3.5155)
(-4.7631, 3.033, 3.8044)
(-6.5929, 3.2573, 3.4659)
(-5.3863, 3.2983, 3.6457)
(-6.3609, 3.4982, 3.5245)
(-6.0231, 3.5531, 3.5079)
(0.6567, 1.7542, -6.1795)
(-0.0113, 1.9567, -6.1454)
(-0.6957, 1.9616, -6.0677)
(-1.3409, 1.7325, -5.9919)
(-1.9197, 1.358, -5.9191)
(-2.4388, 0.9056, -5.844)
(0.6935, 1.8555, -5.74)
(0.0279, 1.9894, -5.711)
(-0.6489, 1.9177, -5.6367)
(-2.8619, 0.4149, -5.7666)
(-1.3035, 1.7187, -5.5566)
(-3.1057, 0.0883, -5.6442)
(-1.9077, 1.3978, -5.4825)
(-2.4434, 0.9705, -5.4085)
(-2.8757, 0.4877, -5.3336)
(-3.1608, 0.0754, -5.3087)
(0.7337, 1.9671, -5.1758)
(0.0753, 2.0394, -5.1445)
(-0.5855, 1.8823, -5.0704)
(-1.2408, 1.6786, -4.9886)
(-1.873, 1.4173, -4.9111)
(-2.4414, 1.0405, -4.8378)
(-2.8963, 0.5826, -4.7652)
(-3.191, 0.1909, -4.7051)
(0.7667, 2.0565, -4.5756)
(0.1239, 2.0693, -4.544)
(-0.5085, 1.8239, -4.4738)
(-1.1559, 1.5984, -4.3923)
(-1.8076, 1.3853, -4.309)
(-2.4165, 1.0817, -4.232)
(-2.9112, 0.6733, -4.1617)
(-3.2373, 0.3062, -4.1081)
(0.7954, 2.1256, -3.9714)
(0.1633, 2.1068, -3.9423)
(-0.4423, 1.8022, -3.8739)
(-1.0695, 1.5264, -3.7955)
(-1.7209, 1.3146, -3.7109)
(-2.3559, 1.0773, -3.6263)
(-2.8937, 0.7424, -3.5532)
(-3.263, 0.417, -3.5055)
(0.8174, 2.1833, -3.3659)
(0.1808, 2.1838, -3.3435)
(-0.414, 1.8665, -3.2767)
(-1.0133, 1.5346, -3.1961)
(-1.6343, 1.2683, -3.1108)
(-2.2574, 1.0459, -3.0195)
(-2.8211, 0.7875, -2.9375)
(-3.2139, 0.5106, -2.8867)
(0.8284, 2.2158, -2.7606)
(0.1749, 2.2875, -2.7516)
(-0.4467, 2.0406, -2.7025)
(-1.0261, 1.6833, -2.6148)
(-1.5888, 1.3415, -2.5136)
(-2.1601, 1.0576, -2.4128)
(-2.7157, 0.8191, -2.3198)
(-3.1316, 0.592, -2.2609)
(0.8188, 2.1956, -2.1548)
(0.1555, 2.3408, -2.1562)
(-0.5068, 2.2369, -2.1397)
(-1.1005, 1.9279, -2.0655)
(-1.6248, 1.5583, -1.9482)
(-2.1384, 1.2125, -1.8249)
(-2.6383, 0.9022, -1.7096)
(-3.0437, 0.6756, -1.6385)
(0.7845, 2.1139, -1.5557)
(0.1276, 2.3219, -1.5578)
(-0.546, 2.3626, -1.5578)
(-1.1775, 2.1624, -1.5139)
(-1.714, 1.8237, -1.4083)
(-2.1935, 1.4454, -1.2664)
(-2.6349, 1.0686, -1.1219)
(-2.9908, 0.7832, -1.0258)
(0.7331, 1.9907, -0.9672)
(0.0877, 2.2392, -0.9639)
(-0.5715, 2.4064, -0.9636)
(-1.2281, 2.3389, -0.9423)
(-1.7998, 2.0578, -0.86)
(-2.2824, 1.6754, -0.718)
(-2.6973, 1.2656, -0.5557)
(-3.0064, 0.9303, -0.4324)
(0.732, 1.9931, -0.3719)
(0.0833, 2.2272, -0.3691)
(-0.5762, 2.418, -0.3695)
(-1.243, 2.4532, -0.3561)
(-1.8547, 2.2447, -0.2953)
(-2.3678, 1.8782, -0.1649)
(-2.7855, 1.4549, 0.0035)
(-3.0814, 1.0994, 0.1421)
(0.7944, 2.1543, 0.204)
(0.1419, 2.3848, 0.2049)
(-0.5265, 2.5403, 0.2109)
(-1.2072, 2.5355, 0.2335)
(-1.8641, 2.4019, 0.2779)
(-2.4256, 2.0769, 0.3904)
(-2.8773, 1.6536, 0.5547)
(-3.213, 1.2942, 0.7002)
(0.8465, 2.2875, 0.7926)
(0.1917, 2.5132, 0.7944)
(-0.482, 2.6571, 0.8017)
(-1.1676, 2.679, 0.8155)
(-1.8397, 2.5869, 0.8462)
(-2.4391, 2.302, 0.9341)
(-2.9767, 1.9339, 1.0501)
(-3.6383, 1.6181, 1.1288)
(0.8593, 2.3144, 1.3962)
(0.2095, 2.55, 1.3984)
(-0.4532, 2.7387, 1.4004)
(-1.1303, 2.8365, 1.3964)
(-1.8042, 2.7883, 1.4063)
(-4.263, 1.9181, 1.1977)
(-2.4341, 2.589, 1.4326)
(-3.0471, 2.3485, 1.4364)
(-4.8022, 2.0951, 1.5949)
(-3.6655, 2.1778, 1.4791)
(-5.3126, 2.2306, 2.0459)
(0.8309, 2.2261, 1.9964)
(-4.2795, 2.3043, 1.3724)
(0.1976, 2.4872, 2.0042)
(-0.4374, 2.7429, 2.0107)
(-1.0963, 2.9205, 1.9951)
(-5.6092, 2.3646, 2.1377)
(-1.7695, 2.9366, 1.9706)
(-4.9052, 2.4285, 1.4544)
(-2.4183, 2.8881, 1.9073)
(-3.0338, 2.717, 1.8715)
(-5.4364, 2.5331, 1.7576)
(-3.6771, 2.6433, 1.8476)
(-5.8227, 2.6142, 2.0227)
(-4.304, 2.7775, 1.6773)
(0.7915, 2.1077, 2.5557)
(0.1845, 2.3849, 2.5872)
(-0.4199, 2.6662, 2.6346)
(-1.0755, 2.9242, 2.6026)
(-4.944, 2.9316, 1.5584)
(-1.7427, 3.068, 2.5385)
(-2.3909, 3.0492, 2.4383)
(-5.5613, 2.9993, 1.6117)
(-3.0144, 3.0774, 2.2814)
(0.763, 2.0271, 2.9507)
(0.1736, 2.2859, 3.0538)
(-6.023, 2.9975, 1.7549)
(-3.6643, 3.1283, 2.1737)
(-4.3163, 3.2422, 2.0592)
(-1.1276, 2.7644, 3.1867)
(-0.3727, 2.4524, 3.3341)
(-4.9504, 3.4159, 1.9011)
(-1.7803, 3.0138, 3.1028)
(-2.4279, 3.1454, 2.9899)
(-5.5843, 3.5053, 1.8464)
(-3.063, 3.2175, 2.8186)
(-6.0774, 3.5259, 1.8653)
(-3.6763, 3.4068, 2.6453)
(-4.3128, 3.5985, 2.5029)
(-0.7624, 2.3327, 3.7772)
(-1.291, 2.4878, 3.6813)
(-4.9591, 3.7774, 2.3696)
(-1.9144, 2.701, 3.5733)
(-2.5441, 2.952, 3.5021)
(-5.5876, 3.9094, 2.2863)
(-3.1791, 3.1405, 3.3679)
(-6.0756, 3.9865, 2.2455)
(-3.8045, 3.3253, 3.1836)
(-4.4214, 3.5808, 3.048)
(-1.0086, 2.0278, 4.1428)
(-1.476, 2.1197, 4.0588)
(-5.0445, 3.8426, 2.9322)
(-2.0842, 2.3171, 3.9566)
(-2.718, 2.5749, 3.879)
(-5.645, 4.0703, 2.8353)
(-3.3547, 2.8144, 3.7728)
(-1.2477, 1.8104, 4.2773)
(-6.1076, 4.2341, 2.761)
(-3.9881, 3.0352, 3.627)
(-1.5819, 1.7327, 4.2816)
(-2.2264, 1.9827, 4.195)
(-4.6009, 3.3231, 3.5127)
(-2.8677, 2.2508, 4.1244)
(-5.2134, 3.6218, 3.4075)
(-3.507, 2.5165, 4.0528)
(-4.1419, 2.7823, 3.953)
(-5.796, 3.8939, 3.3151)
(-4.765, 3.054, 3.8101)
(-6.224, 4.1035, 3.2429)
(-5.3861, 3.3195, 3.6489)
(-6.2238, 3.831, 3.4365)
(-6.0158, 3.5719, 3.504)
(2.8797, -1.2901, -0.4288)
(2.5282, -1.9658, -4.7034)
(2.3298, 0.2533, 4.2835)
(2.7518, -1.6285, -2.2564)
(2.9797, 0.018, 4.1974)
(3.6357, -0.2017, 4.1249)
(3.0434, -1.2088, 0.1455)
(4.2917, -0.4214, 4.0508)
(4.9449, -0.6387, 3.9489)
(5.5934, -0.845, 3.8075)
(6.2366, -1.0546, 3.6474)
(2.6402, -1.9105, -4.1056)
(6.8802, -1.2805, 3.506)
(2.7423, -1.5082, -1.6331)
(2.7734, -1.392, -1.0207)
(4.4678, -1.364, 1.1969)
(3.2664, -1.1474, 0.7038)
(3.7972, -1.178, 1.1327)
(4.9934, -1.5851, 1.591)
(5.4675, -1.8196, 2.0399)
(2.4267, -2.0312, -5.3064)
(2.7329, -1.8447, -3.5021)
(2.7591, -1.743, -2.8825)
(6.911, -1.7897, 3.4862)
(6.7582, -1.4831, 3.5428)
(7.0003, -1.4175, 3.5179)
(7.1319, -1.71, 3.5192)
(5.6347, -1.871, 2.0746)
(5.5654, -1.7972, 1.8404)
(5.8888, -1.8767, 1.8327)
(5.9409, -1.8867, 2.0407)
(5.7808, -2.0063, 1.6599)
(6.1184, -2.1726, 1.6854)
(6.2121, -1.9977, 1.7601)
(5.9702, -2.2971, 1.89)
(6.3123, -2.3746, 2.0901)
(6.4394, -2.2773, 1.7888)
(6.1609, -2.3514, 2.4446)
(6.5073, -2.3787, 2.657)
(6.6283, -2.4436, 2.3105)
(6.3666, -2.2376, 2.9984)
(6.717, -2.1858, 3.1765)
(6.8259, -2.3831, 2.8736)
(6.583, -1.9066, 3.4105)
(7.0352, -2.0859, 3.329)
(1.7072, -0.5853, 4.0926)
(1.6135, -0.2847, 4.2308)
(1.9634, -0.1312, 4.2776)
(2.1043, -0.4286, 4.1681)
(2.2944, -0.7867, 4.0398)
(2.5049, -0.2857, 4.2044)
(2.73, -0.641, 4.105)
(2.9533, -1.0203, 3.9902)
(3.1544, -0.5048, 4.1249)
(3.3862, -0.8649, 4.0359)
(3.6093, -1.24, 3.9179)
(3.8091, -0.7237, 4.042)
(4.0409, -1.0829, 3.9496)
(4.2611, -1.4458, 3.8007)
(4.4626, -0.9402, 3.9451)
(4.6912, -1.293, 3.8278)
(4.9062, -1.6376, 3.6402)
(5.1117, -1.1501, 3.8182)
(5.3359, -1.4947, 3.6758)
(5.5473, -1.8242, 3.4634)
(5.7564, -1.3577, 3.6742)
(5.978, -1.6992, 3.525)
(6.1849, -2.0132, 3.302)
(6.3947, -1.5767, 3.5549)
(1.4016, -1.0369, 3.8375)
(1.2391, -0.7094, 4.0197)
(1.8598, -0.9211, 3.9449)
(2.0864, -1.2824, 3.7766)
(2.5188, -1.1635, 3.9031)
(2.7545, -1.5112, 3.7246)
(3.1783, -1.3871, 3.8434)
(3.4108, -1.6833, 3.612)
(3.8319, -1.5815, 3.7283)
(4.0609, -1.8181, 3.4413)
(4.4782, -1.7553, 3.56)
(4.6974, -1.9577, 3.2312)
(5.1176, -1.9182, 3.3611)
(5.3311, -2.1117, 3.0129)
(5.7585, -2.0823, 3.1673)
(5.9707, -2.2514, 2.8134)
(-0.0665, -1.1507, 3.457)
(-0.3476, -0.9299, 3.6438)
(0.0083, -0.9433, 3.8221)
(0.2984, -1.1161, 3.6681)
(0.5805, -1.3209, 3.4566)
(0.6683, -0.9711, 3.8903)
(0.9609, -1.1817, 3.6762)
(1.2514, -1.4861, 3.4195)
(1.6614, -1.3856, 3.6132)
(1.933, -1.6983, 3.3687)
(2.3389, -1.6147, 3.5646)
(2.5986, -1.8238, 3.2706)
(3.001, -1.757, 3.4525)
(3.255, -1.8353, 3.0977)
(3.6559, -1.8308, 3.2806)
(3.9079, -1.8162, 2.9047)
(4.2992, -1.9008, 3.0802)
(4.5258, -1.934, 2.6841)
(4.9152, -2.0719, 2.8492)
(5.1348, -2.1442, 2.4532)
(5.5501, -2.2282, 2.6333)
(5.7709, -2.2945, 2.2472)
(-0.1664, -1.431, 2.9551)
(-0.4364, -1.166, 3.2187)
(0.208, -1.3962, 3.2177)
(0.4856, -1.6504, 2.943)
(0.8631, -1.5783, 3.1921)
(1.15, -1.8367, 2.907)
(1.5365, -1.7698, 3.1459)
(1.8224, -1.9627, 2.8414)
(2.2065, -1.8912, 3.0685)
(2.4725, -1.9044, 2.7098)
(2.8574, -1.8464, 2.9099)
(3.1054, -1.7296, 2.5381)
(3.5069, -1.7578, 2.7242)
(3.7522, -1.6402, 2.3501)
(4.1476, -1.7639, 2.5193)
(4.3672, -1.7709, 2.1218)
(4.7411, -1.9854, 2.2814)
(4.9702, -2.001, 1.8938)
(5.3638, -2.1797, 2.0646)
(5.5938, -2.1512, 1.7424)
(-0.2653, -1.7027, 2.4105)
(-0.5418, -1.4465, 2.6829)
(0.109, -1.6891, 2.6818)
(0.3911, -1.9355, 2.4021)
(0.7697, -1.8935, 2.6577)
(1.061, -2.105, 2.3618)
(1.4409, -2.0339, 2.6036)
(1.7382, -2.1398, 2.271)
(2.1044, -2.0159, 2.4956)
(2.3639, -1.9447, 2.1289)
(2.7169, -1.7843, 2.3367)
(2.9605, -1.6412, 1.9714)
(3.3464, -1.5818, 2.1708)
(3.594, -1.4723, 1.7946)
(3.987, -1.5764, 1.9648)
(4.2229, -1.552, 1.5974)
(4.592, -1.7811, 1.7372)
(4.8415, -1.7361, 1.4674)
(5.2142, -1.9422, 1.5958)
(5.4271, -1.8272, 1.5866)
(-0.3581, -1.9591, 1.8623)
(-0.6406, -1.7096, 2.1371)
(0.016, -1.9553, 2.1358)
(0.3037, -2.2004, 1.8563)
(0.6809, -2.1681, 2.1161)
(0.9829, -2.3599, 1.812)
(1.3633, -2.2608, 2.0451)
(1.6668, -2.3376, 1.7033)
(2.0267, -2.156, 1.9179)
(2.2886, -2.0849, 1.5543)
(2.6174, -1.8376, 1.7624)
(2.8563, -1.713, 1.4004)
(3.2146, -1.5273, 1.6032)
(3.4367, -1.374, 1.2387)
(3.8501, -1.3711, 1.4287)
(4.1273, -1.2799, 1.1637)
(4.4836, -1.5168, 1.358)
(4.7282, -1.4834, 1.3898)
(5.0679, -1.6816, 1.5013)
(5.2304, -1.7104, 1.8086)
(-0.4415, -2.1837, 1.3021)
(-0.7316, -1.9522, 1.5845)
(-0.0704, -2.2009, 1.5829)
(0.224, -2.4218, 1.2931)
(0.6012, -2.4156, 1.5623)
(0.9092, -2.5659, 1.2425)
(1.291, -2.4783, 1.4812)
(1.578, -2.4803, 1.1246)
(1.9423, -2.3035, 1.3414)
(2.1564, -2.1511, 0.979)
(2.5036, -1.93, 1.193)
(2.6679, -1.7206, 0.8458)
(3.0306, -1.5286, 1.0527)
(3.1119, -1.3366, 0.735)
(3.526, -1.1723, 0.9194)
(-0.5151, -2.3714, 0.7269)
(-0.8082, -2.1568, 1.0163)
(-0.1473, -2.3976, 1.0114)
(0.1505, -2.5846, 0.7091)
(0.5267, -2.5919, 0.9828)
(0.8311, -2.6886, 0.6497)
(1.2063, -2.6122, 0.8967)
(1.4588, -2.5317, 0.5372)
(1.8069, -2.3501, 0.7613)
(1.9888, -2.1612, 0.4074)
(2.3223, -1.941, 0.6291)
(2.4773, -1.7449, 0.2873)
(2.7928, -1.5242, 0.5132)
(2.8836, -1.3773, 0.1875)
(3.1506, -1.1878, 0.4268)
(-0.5923, -2.5693, 0.1538)
(-0.8808, -2.3503, 0.442)
(-0.2221, -2.5754, 0.4321)
(0.0747, -2.7513, 0.1261)
(0.4514, -2.7268, 0.3912)
(0.7502, -2.7953, 0.0543)
(1.1133, -2.689, 0.3005)
(1.3583, -2.5994, -0.0559)
(1.6711, -2.3833, 0.1789)
(1.8668, -2.2315, -0.1733)
(2.1634, -1.9852, 0.0597)
(2.3387, -1.8252, -0.2863)
(2.6182, -1.586, -0.0506)
(2.7292, -1.4603, -0.3852)
(2.9589, -1.2587, -0.1388)
(-0.6705, -2.7742, -0.4177)
(-0.9586, -2.558, -0.1284)
(-0.2994, -2.7672, -0.1433)
(0.001, -2.9233, -0.4554)
(0.3763, -2.8705, -0.1974)
(0.6741, -2.913, -0.5393)
(1.029, -2.7783, -0.2961)
(1.2773, -2.6933, -0.6515)
(1.5778, -2.4723, -0.4111)
(1.7843, -2.334, -0.7644)
(2.0579, -2.0811, -0.5233)
(2.2491, -1.9302, -0.8753)
(2.4983, -1.6828, -0.6312)
(2.6304, -1.563, -0.9751)
(2.8252, -1.3503, -0.7207)
(-0.746, -2.9731, -0.9916)
(-1.0363, -2.7653, -0.6994)
(-0.3742, -2.9573, -0.7198)
(-0.0704, -3.089, -1.0389)
(0.3045, -3.0151, -0.786)
(0.6008, -3.032, -1.1335)
(0.9524, -2.8802, -0.8929)
(1.2044, -2.7896, -1.2513)
(1.5042, -2.5718, -1.0082)
(1.7208, -2.4318, -1.3668)
(1.988, -2.1857, -1.1199)
(2.1955, -2.0317, -1.4808)
(2.4284, -1.7889, -1.2296)
(2.588, -1.6721, -1.5843)
(2.7571, -1.4593, -1.322)
(-0.8185, -3.1632, -1.5686)
(-1.1108, -2.9644, -1.2734)
(-0.4462, -3.1388, -1.2991)
(-0.1406, -3.2472, -1.6245)
(0.2334, -3.1542, -1.3761)
(0.5271, -3.149, -1.7283)
(0.8781, -2.9825, -1.4912)
(1.133, -2.8825, -1.8541)
(1.4387, -2.664, -1.6129)
(1.6648, -2.518, -1.9779)
(1.9376, -2.2787, -1.73)
(2.1601, -2.1216, -2.0987)
(2.3955, -1.8897, -1.8444)
(2.5775, -1.7788, -2.2061)
(2.7459, -1.5776, -1.9402)
(-0.8886, -3.3457, -2.1481)
(-1.1822, -3.1552, -1.8504)
(-0.5162, -3.3123, -1.8808)
(-0.2102, -3.3993, -2.2116)
(0.1619, -3.2887, -1.9671)
(0.4512, -3.2637, -2.3229)
(0.802, -3.0839, -2.0896)
(1.0568, -2.973, -2.4561)
(1.3726, -2.7492, -2.2208)
(1.6036, -2.5971, -2.5901)
(1.8916, -2.3601, -2.3473)
(2.1226, -2.2021, -2.7198)
(2.3747, -1.9817, -2.4677)
(2.5666, -1.8783, -2.8309)
(2.7539, -1.6951, -2.5653)
(-0.9566, -3.522, -2.7294)
(-1.2511, -3.3392, -2.4296)
(-0.5846, -3.4794, -2.4645)
(-0.2795, -3.5463, -2.7999)
(0.0895, -3.4189, -2.5587)
(0.3733, -3.3752, -2.9176)
(0.7215, -3.1835, -2.6869)
(0.9718, -3.0619, -3.055)
(1.296, -2.8323, -2.8252)
(1.5256, -2.675, -3.1957)
(1.8334, -2.4361, -2.9617)
(2.0628, -2.278, -3.3337)
(2.3403, -2.0657, -3.0891)
(2.5265, -1.9666, -3.449)
(2.7444, -1.8033, -3.1885)
(-1.0231, -3.6932, -3.3121)
(-1.3178, -3.5175, -3.0105)
(-0.6519, -3.6412, -3.0495)
(-0.3487, -3.6889, -3.3891)
(0.0162, -3.5451, -3.151)
(0.2932, -3.4826, -3.5127)
(0.6369, -3.2798, -3.2835)
(0.8802, -3.1466, -3.6525)
(1.2063, -2.9134, -3.4247)
(1.4306, -2.7499, -3.7948)
(1.7512, -2.5107, -3.5665)
(1.9721, -2.3494, -3.9358)
(2.2709, -2.1413, -3.6991)
(2.44, -2.0366, -4.054)
(2.6852, -1.8872, -3.801)
(-1.0884, -3.8602, -3.8959)
(-1.3828, -3.6911, -3.5927)
(-0.7183, -3.7985, -3.6356)
(-0.4182, -3.8272, -3.9791)
(-0.0583, -3.6671, -3.7439)
(0.2104, -3.5853, -4.1081)
(0.5485, -3.3713, -3.8801)
(0.7834, -3.2251, -4.2497)
(1.108, -2.9887, -4.0224)
(1.326, -2.8172, -4.3923)
(1.6501, -2.5798, -4.1648)
(1.8651, -2.4121, -4.5336)
(2.1706, -2.2068, -4.2992)
(2.3323, -2.0963, -4.6531)
(2.5831, -1.9479, -4.4026)
(-1.1495, -4.0156, -4.4501)
(-1.4461, -3.86, -4.1721)
(-0.7838, -3.9507, -4.2185)
(-0.4848, -3.9538, -4.537)
(-0.1343, -3.7834, -4.3333)
(0.1288, -3.6772, -4.6707)
(0.4564, -3.4565, -4.4727)
(0.6869, -3.2933, -4.8137)
(1.0039, -3.0562, -4.6155)
(1.2211, -2.8739, -4.9562)
(1.5407, -2.64, -4.7578)
(1.7579, -2.4655, -5.0976)
(2.0606, -2.2651, -4.8929)
(2.2278, -2.1533, -5.2208)
(2.4754, -2.0081, -5.003)
(-1.1972, -4.136, -4.8835)
(-1.4996, -4.0027, -4.6675)
(-0.8392, -4.0766, -4.7104)
(-0.5369, -4.0481, -4.9645)
(-0.2002, -3.877, -4.8283)
(0.0636, -3.7435, -5.1012)
(0.3754, -3.5232, -4.9701)
(0.6098, -3.3416, -5.2448)
(0.9123, -3.1079, -5.113)
(1.138, -2.9141, -5.3871)
(1.4449, -2.686, -5.2552)
(1.6733, -2.5035, -5.5285)
(1.9647, -2.3118, -5.3897)
(2.1362, -2.2001, -5.6328)
(2.3758, -2.0671, -5.4855)
(1.8636, 0.0634, 4.3418)
(2.151, 0.2146, 4.3129)
(2.294, 0.0147, 4.2741)
(2.65, 0.1269, 4.2432)
(2.9068, -0.1813, 4.1929)
(3.3013, -0.1002, 4.163)
(3.5601, -0.4007, 4.1101)
(3.9556, -0.3193, 4.0873)
(4.2148, -0.6189, 4.0253)
(4.6101, -0.5371, 3.9968)
(4.8672, -0.8338, 3.9185)
(5.2613, -0.7488, 3.8748)
(5.5152, -1.0426, 3.7827)
(5.9077, -0.9575, 3.7253)
(6.1597, -1.2561, 3.6418)
(6.5532, -1.1763, 3.5768)
(6.893, -1.0556, 3.4414)
(7.175, -0.9506, 3.2777)
(7.3223, -1.1235, 3.3715)
(7.0579, -1.2542, 3.4759)
(5.593, -1.7405, 1.8825)
(5.6234, -1.8711, 2.1076)
(5.934, -1.8952, 2.1169)
(5.9424, -1.7657, 1.9017)
(5.9578, -1.5493, 1.6532)
(6.2992, -1.8027, 1.8746)
(6.3491, -1.558, 1.6795)
(6.3482, -1.2204, 1.6869)
(6.7102, -1.5412, 1.7607)
(6.7191, -1.1964, 1.8519)
(6.6601, -0.8671, 2.0492)
(7.0614, -1.1586, 2.0329)
(7.005, -0.8714, 2.263)
(6.876, -0.6544, 2.5548)
(7.3137, -0.8761, 2.493)
(7.174, -0.7462, 2.7965)
(6.9481, -0.7377, 3.1032)
(7.4135, -0.8909, 3.027)
(2.1153, 1.0535, 3.9843)
(2.3531, 1.1412, 3.7332)
(2.5659, 0.8248, 3.8915)
(2.287, 0.7445, 4.1035)
(2.9071, 0.8966, 3.6257)
(3.1588, 0.5699, 3.7807)
(2.7859, 0.4967, 4.0073)
(3.5438, 0.6605, 3.5369)
(3.8044, 0.3518, 3.7086)
(3.4198, 0.2584, 3.9163)
(4.1665, 0.4136, 3.4434)
(4.4303, 0.1025, 3.5897)
(4.0654, 0.0333, 3.8315)
(4.7566, 0.1285, 3.2733)
(5.0352, -0.1652, 3.4228)
(4.6916, -0.219, 3.7002)
(5.3688, -0.1126, 3.11)
(5.6788, -0.3599, 3.3017)
(5.3265, -0.4394, 3.5669)
(6.0102, -0.3183, 2.9892)
(6.3328, -0.5451, 3.1961)
(5.9838, -0.6143, 3.4601)
(6.6454, -0.5419, 2.8812)
(6.6361, -0.7986, 3.3592)
(2.0452, 1.4376, 3.5466)
(2.3294, 1.4546, 3.2322)
(2.6447, 1.1964, 3.4482)
(3.0035, 1.2164, 3.1448)
(3.2827, 0.9573, 3.349)
(3.6257, 0.9434, 3.0517)
(3.8986, 0.6923, 3.2552)
(4.1623, 0.58, 2.9067)
(4.4598, 0.3685, 3.1018)
(4.7145, 0.2695, 2.7275)
(5.0524, 0.1128, 2.9172)
(5.3171, 0.0135, 2.5728)
(5.6734, -0.1268, 2.772)
(5.9221, -0.2709, 2.4336)
(6.2953, -0.3838, 2.648)
(6.5171, -0.5789, 2.3211)
(0.7761, 2.0634, 2.7686)
(1.1115, 2.0113, 2.565)
(1.4059, 1.8805, 2.8313)
(1.0707, 1.9262, 2.9775)
(1.7507, 1.8355, 2.6167)
(2.0211, 1.6729, 2.9435)
(1.6646, 1.7287, 3.1684)
(2.3948, 1.5986, 2.6202)
(2.6993, 1.4188, 2.8966)
(3.0497, 1.3316, 2.5613)
(3.3438, 1.1572, 2.8244)
(3.5882, 0.9527, 2.4905)
(3.863, 0.7676, 2.7128)
(4.0511, 0.5238, 2.3583)
(4.3769, 0.3996, 2.5337)
(4.557, 0.1416, 2.2217)
(4.938, 0.0846, 2.3911)
(5.0995, -0.2357, 2.1248)
(5.5202, -0.2344, 2.269)
(5.6828, -0.539, 1.9768)
(6.1145, -0.5293, 2.1213)
(6.262, -0.857, 1.8591)
(0.8105, 2.1646, 2.2913)
(1.1572, 2.1231, 2.0002)
(1.4615, 1.9787, 2.308)
(1.803, 1.9025, 2.0099)
(2.099, 1.7551, 2.3205)
(2.4286, 1.6195, 1.9954)
(2.7386, 1.479, 2.2837)
(3.0345, 1.2969, 1.9587)
(3.3327, 1.1487, 2.2309)
(3.5405, 0.8657, 1.9194)
(3.7816, 0.674, 2.1609)
(3.9043, 0.3266, 1.8829)
(4.1929, 0.2083, 2.0715)
(4.2752, -0.2043, 1.8731)
(4.674, -0.234, 2.0057)
(4.7818, -0.5945, 1.7729)
(5.2351, -0.5673, 1.8634)
(5.3655, -0.8828, 1.5981)
(5.8242, -0.8584, 1.7077)
(5.926, -1.2215, 1.5665)
(0.8487, 2.2806, 1.6968)
(1.1821, 2.1913, 1.3971)
(1.4969, 2.0505, 1.702)
(1.8096, 1.9066, 1.3991)
(2.1203, 1.7612, 1.6994)
(2.4046, 1.5608, 1.391)
(2.7197, 1.4271, 1.6777)
(2.9623, 1.1652, 1.378)
(3.2599, 1.0252, 1.6585)
(3.3831, 0.6566, 1.4072)
(3.6463, 0.4908, 1.6605)
(3.6848, 0.0662, 1.4308)
(3.9623, -0.0906, 1.6555)
(3.9954, -0.5196, 1.4704)
(4.3531, -0.6004, 1.6675)
(4.4517, -0.9357, 1.4278)
(4.9032, -0.9102, 1.5048)
(5.0234, -1.2324, 1.377)
(5.4707, -1.2326, 1.4708)
(5.5409, -1.5397, 1.5982)
(0.8585, 2.3164, 1.0939)
(1.166, 2.1535, 0.7933)
(1.4933, 2.0421, 1.0956)
(1.78, 1.8368, 0.7973)
(2.0918, 1.6998, 1.0976)
(2.3417, 1.4413, 0.8032)
(2.6498, 1.2987, 1.0939)
(2.8557, 0.9867, 0.814)
(3.1354, 0.8297, 1.1103)
(3.2372, 0.4427, 0.8741)
(3.4364, 0.24, 1.1858)
(3.4285, -0.1836, 0.9941)
(3.6756, -0.3717, 1.2483)
(3.6335, -0.8079, 1.0946)
(4.0224, -0.9343, 1.3033)
(4.1377, -1.262, 1.1659)
(4.5918, -1.2231, 1.2918)
(4.733, -1.4657, 1.3981)
(5.1333, -1.5027, 1.5102)
(5.2305, -1.6943, 1.8222)
(0.8246, 2.2319, 0.4956)
(1.1123, 2.0176, 0.2053)
(1.4555, 1.9466, 0.498)
(1.731, 1.7102, 0.2083)
(2.0452, 1.5935, 0.5043)
(2.2841, 1.3135, 0.2198)
(2.5603, 1.1416, 0.5199)
(2.7653, 0.832, 0.2438)
(3.0172, 0.6426, 0.5534)
(3.1093, 0.2773, 0.3171)
(3.2726, 0.0415, 0.662)
(3.2354, -0.3484, 0.4711)
(3.3726, -0.5855, 0.8177)
(3.282, -0.9086, 0.6247)
(3.5376, -1.1531, 0.9171)
(0.7595, 2.0645, -0.0829)
(1.0483, 1.8561, -0.3694)
(1.3881, 1.7786, -0.0786)
(1.6713, 1.5593, -0.3644)
(1.9934, 1.4536, -0.0757)
(2.262, 1.2168, -0.3636)
(2.5216, 1.0341, -0.0624)
(2.7178, 0.7468, -0.34)
(2.919, 0.511, -0.0172)
(2.9636, 0.1624, -0.2456)
(3.1109, -0.0935, 0.1089)
(3.0464, -0.4525, -0.081)
(3.1533, -0.6945, 0.2816)
(3.0568, -0.9819, 0.0765)
(3.1592, -1.1683, 0.4225)
(0.7232, 1.9686, -0.6686)
(1.0531, 1.8591, -0.9645)
(1.357, 1.6945, -0.6615)
(1.6815, 1.5731, -0.9586)
(1.9722, 1.3868, -0.6593)
(2.2339, 1.1847, -0.9563)
(2.4918, 0.9704, -0.6525)
(2.6048, 0.6541, -0.9174)
(2.7985, 0.4117, -0.5892)
(2.7809, 0.0579, -0.8022)
(2.924, -0.194, -0.4455)
(2.8482, -0.5454, -0.6351)
(2.96, -0.7796, -0.2752)
(2.8782, -1.0658, -0.4903)
(2.9642, -1.2402, -0.1444)
(0.7571, 2.0481, -1.2618)
(1.1024, 1.977, -1.5544)
(1.3905, 1.7698, -1.2576)
(1.6915, 1.6264, -1.5555)
(1.9654, 1.4055, -1.2568)
(2.144, 1.1324, -1.5427)
(2.3829, 0.8914, -1.234)
(2.4094, 0.5393, -1.473)
(2.608, 0.3001, -1.1445)
(2.5518, -0.0628, -1.3446)
(2.7137, -0.2997, -0.9949)
(2.6469, -0.6588, -1.1906)
(2.773, -0.8763, -0.8368)
(2.7358, -1.1713, -1.0697)
(2.828, -1.3317, -0.7287)
(0.8053, 2.1637, -1.8536)
(1.1283, 2.0488, -2.1538)
(1.4136, 1.8459, -1.8529)
(1.6445, 1.6157, -2.1491)
(1.8981, 1.3758, -1.8478)
(1.9775, 1.0318, -2.1089)
(2.1968, 0.7811, -1.7935)
(2.1652, 0.4007, -2.0104)
(2.3622, 0.1671, -1.6804)
(2.321, -0.2065, -1.8878)
(2.4976, -0.43, -1.5444)
(2.4954, -0.7943, -1.7637)
(2.6236, -0.9986, -1.4123)
(2.6665, -1.2931, -1.6698)
(2.7587, -1.4408, -1.3318)
(0.8265, 2.2129, -2.4575)
(1.1204, 2.0557, -2.7577)
(1.3892, 1.8488, -2.4513)
(1.5348, 1.5437, -2.7299)
(1.7523, 1.2864, -2.4195)
(1.7681, 0.9035, -2.6606)
(1.9668, 0.6455, -2.3372)
(1.9618, 0.2604, -2.5635)
(2.1371, 0.019, -2.226)
(2.1857, -0.3454, -2.4623)
(2.3431, -0.5738, -2.1155)
(2.4583, -0.9157, -2.3625)
(2.5717, -1.1229, -2.0122)
(2.6794, -1.4064, -2.2867)
(2.7482, -1.5591, -1.9493)
(0.8249, 2.2046, -3.0633)
(1.0848, 2.0108, -3.3592)
(1.3231, 1.7919, -3.0444)
(1.4211, 1.4453, -3.3111)
(1.5815, 1.1706, -2.9847)
(1.6311, 0.793, -3.2351)
(1.7915, 0.5198, -2.9)
(1.8973, 0.1657, -3.1527)
(2.0412, -0.099, -2.8087)
(2.2195, -0.4196, -3.0641)
(2.337, -0.677, -2.7141)
(2.5312, -0.994, -2.9744)
(2.6141, -1.2237, -2.6277)
(2.7134, -1.5094, -2.9084)
(2.7569, -1.6764, -2.5735)
(0.8074, 2.1562, -3.6686)
(1.0529, 1.9489, -3.9622)
(1.2621, 1.7146, -3.6393)
(1.3828, 1.3721, -3.9079)
(1.4962, 1.0786, -3.5711)
(1.6335, 0.7356, -3.8334)
(1.7591, 0.446, -3.4934)
(1.9686, 0.1381, -3.7519)
(2.0944, -0.1474, -3.4097)
(2.3279, -0.4426, -3.6661)
(2.4354, -0.7261, -3.3217)
(2.5963, -1.0537, -3.5859)
(2.6647, -1.3093, -3.2452)
(2.708, -1.6014, -3.5258)
(2.7476, -1.7844, -3.1961)
(0.7816, 2.0927, -4.2738)
(1.0338, 1.8828, -4.5654)
(1.2428, 1.6521, -4.2403)
(1.4107, 1.3303, -4.5087)
(1.5207, 1.032, -4.172)
(1.7254, 0.7236, -4.4315)
(1.8445, 0.4287, -4.0924)
(2.0917, 0.1431, -4.3476)
(2.2113, -0.1509, -4.0075)
(2.4171, -0.4575, -4.2674)
(2.514, -0.7594, -3.9273)
(2.6034, -1.1044, -4.194)
(2.6606, -1.3803, -3.8575)
(2.6452, -1.6687, -4.1326)
(2.688, -1.8679, -3.8067)
(0.7511, 2.0152, -4.8764)
(1.0221, 1.805, -5.166)
(1.2577, 1.6026, -4.8415)
(1.4752, 1.3078, -5.1071)
(1.6097, 1.0213, -4.7693)
(1.8469, 0.7327, -5.0259)
(1.9706, 0.438, -4.687)
(2.1969, 0.1433, -4.9456)
(2.3109, -0.1559, -4.6065)
(2.451, -0.4894, -4.8718)
(2.5345, -0.7984, -4.533)
(2.5594, -1.158, -4.7991)
(2.6048, -1.4382, -4.463)
(2.553, -1.7269, -4.7338)
(2.5853, -1.9283, -4.4064)
(0.7139, 1.9119, -5.4699)
(1.001, 1.7084, -5.7314)
(1.2757, 1.545, -5.4373)
(1.5249, 1.278, -5.6733)
(1.7047, 1.0172, -5.3622)
(1.938, 0.7328, -5.5914)
(2.0749, 0.4407, -5.2805)
(2.2477, 0.1237, -5.515)
(2.3544, -0.1826, -5.206)
(2.4327, -0.5356, -5.4433)
(2.5034, -0.8495, -5.1339)
(2.4934, -1.2137, -5.3686)
(2.5244, -1.4962, -5.0613)
(2.4641, -1.7851, -5.3042)
(2.4795, -1.9888, -5.0067)
(0.6746, 1.8033, -5.9714)
(0.9829, 1.624, -6.1692)
(1.2858, 1.4884, -5.9377)
(1.5729, 1.2664, -6.1044)
(1.7773, 1.0158, -5.8603)
(2.0018, 0.7365, -6.0234)
(2.1309, 0.4304, -5.7821)
(2.257, 0.0973, -5.9514)
(2.3488, -0.2201, -5.7101)
(2.3968, -0.5782, -5.8793)
(2.454, -0.899, -5.6368)
(2.4376, -1.2597, -5.8032)
(2.4536, -1.5474, -5.5617)
(2.4051, -1.8164, -5.7233)
(2.405, -2.0275, -5.4957)
(2.0954, 0.6912, 4.2355)
(2.4495, 0.4395, 4.1792)
(2.2204, 0.3989, 4.2865)
(3.0403, 0.1942, 4.0895)
(2.6595, 0.1444, 4.2377)
(3.691, -0.0311, 4.0108)
(3.3141, -0.0835, 4.1593)
(4.3378, -0.2603, 3.9201)
(3.9719, -0.3038, 4.0884)
(4.9766, -0.4928, 3.7975)
(4.6265, -0.523, 4.0029)
(5.6278, -0.6863, 3.6749)
(5.277, -0.7349, 3.8817)
(6.2805, -0.8757, 3.55)
(5.9223, -0.9421, 3.7296)
(6.5635, -1.1588, 3.5765)
(-3.0112, 0.922, -0.4292)
(-3.1966, 0.1827, -4.7035)
(-1.5843, 1.7228, 4.2842)
(-3.1366, 0.584, -2.2567)
(-2.2285, 1.973, 4.1977)
(-2.867, 2.2395, 4.125)
(-3.0849, 1.0903, 0.1446)
(-3.5057, 2.5054, 4.0508)
(-4.1401, 2.7721, 3.9487)
(-4.7641, 3.0435, 3.8072)
(-5.3862, 3.3089, 3.6473)
(-3.2429, 0.2982, -4.1058)
(-6.0195, 3.5625, 3.5059)
(-3.0493, 0.6682, -1.6335)
(-2.9963, 0.7757, -1.021)
(-4.2661, 1.9086, 1.195)
(-3.2158, 1.2828, 0.7022)
(-3.6391, 1.6072, 1.1292)
(-4.8071, 2.088, 1.5894)
(-5.3181, 2.2254, 2.038)
(-3.1648, 0.0664, -5.3066)
(-3.2679, 0.4087, -3.502)
(-3.219, 0.5026, -2.8826)
(-6.3776, 3.2002, 3.4874)
(-6.0608, 3.3301, 3.5432)
(-6.2001, 3.539, 3.5174)
(-6.4915, 3.4059, 3.5196)
(-5.478, 2.2963, 2.0724)
(-5.3777, 2.3047, 1.838)
(-5.6741, 2.4561, 1.8297)
(-5.7199, 2.4847, 2.0371)
(-5.6774, 2.2855, 1.659)
(-6.0411, 2.3807, 1.685)
(-5.9981, 2.575, 1.7568)
(-6.0089, 2.1915, 1.892)
(-6.3165, 2.3597, 2.0923)
(-6.3509, 2.5134, 1.7888)
(-6.1854, 2.2801, 2.4471)
(-6.4634, 2.4888, 2.6594)
(-6.5985, 2.5176, 2.3131)
(-6.2636, 2.5036, 3.0003)
(-6.4928, 2.7741, 3.1783)
(-6.7054, 2.6964, 2.8758)
(-6.2078, 2.8962, 3.4119)
(-6.6663, 3.0591, 3.3307)
(-1.6678, 0.6811, 4.0934)
(-1.3995, 0.8456, 4.2317)
(-1.5617, 1.1917, 4.2783)
(-1.8635, 1.0606, 4.1688)
(-2.2422, 0.9161, 4.0404)
(-2.071, 1.4319, 4.2049)
(-2.4743, 1.3125, 4.1055)
(-2.8921, 1.1738, 3.9909)
(-2.7041, 1.6944, 4.1253)
(-3.1157, 1.5757, 4.0366)
(-3.5306, 1.44, 3.9189)
(-3.3411, 1.9602, 4.0425)
(-3.7521, 1.8424, 3.9505)
(-4.1567, 1.7142, 3.8018)
(-3.9756, 2.2274, 3.9457)
(-4.3799, 2.1123, 3.8289)
(-4.7687, 1.9944, 3.6416)
(-4.6024, 2.4967, 3.8189)
(-4.9981, 2.3847, 3.677)
(-5.3744, 2.2757, 3.4651)
(-5.2244, 2.7647, 3.675)
(-5.6161, 2.6536, 3.5264)
(-5.9787, 2.5533, 3.3037)
(-5.8489, 3.0203, 3.5558)
(-1.735, 0.14, 3.8382)
(-1.3973, 0.2793, 4.0207)
(-2.0036, 0.5289, 3.9455)
(-2.4119, 0.4061, 3.7769)
(-2.6592, 0.7801, 3.9036)
(-3.0651, 0.6736, 3.7253)
(-3.3029, 1.0456, 3.8445)
(-3.6719, 0.9765, 3.6126)
(-3.9226, 1.3297, 3.7291)
(-4.2502, 1.3028, 3.4417)
(-4.5237, 1.6242, 3.5611)
(-4.8221, 1.6161, 3.2324)
(-5.1128, 1.9221, 3.3628)
(-5.4013, 1.9165, 3.015)
(-5.7037, 2.2202, 3.1694)
(-5.9753, 2.2319, 2.8157)
(-0.7048, -0.9114, 3.4572)
(-0.6247, -0.7063, 3.8225)
(-0.9569, -0.6456, 3.6685)
(-1.304, -0.6141, 3.4569)
(-1.1401, -0.2934, 3.8912)
(-1.4987, -0.2591, 3.6768)
(-1.9175, -0.2967, 3.4197)
(-2.1599, 0.0487, 3.6135)
(-2.5697, -0.0075, 3.3688)
(-2.8199, 0.3224, 3.5648)
(-3.1479, 0.34, 3.271)
(-3.4098, 0.6529, 3.4526)
(-3.6482, 0.7644, 3.0976)
(-3.952, 1.0281, 3.2806)
(-4.1326, 1.2045, 2.9044)
(-4.4843, 1.3973, 3.0807)
(-4.6778, 1.5207, 2.685)
(-5.062, 1.673, 2.8509)
(-5.276, 1.7618, 2.4553)
(-5.6437, 1.9719, 2.6356)
(-5.8551, 2.0653, 2.2497)
(-0.8142, -1.188, 2.955)
(-1.0732, -0.9156, 3.2177)
(-1.4496, -0.9242, 2.943)
(-1.6861, -0.6215, 3.1922)
(-2.0723, -0.6266, 2.9067)
(-2.3188, -0.3217, 3.1457)
(-2.6602, -0.277, 2.8407)
(-2.8985, 0.0314, 3.0689)
(-3.0971, 0.2046, 2.7122)
(-3.3466, 0.5017, 2.912)
(-3.4583, 0.7512, 2.5397)
(-3.7884, 0.987, 2.7236)
(-3.901, 1.233, 2.3485)
(-4.2809, 1.3997, 2.519)
(-4.4528, 1.5376, 2.1218)
(-4.8752, 1.6224, 2.2827)
(-5.0599, 1.7593, 1.895)
(-5.4735, 1.8835, 2.0666)
(-5.6301, 2.0537, 1.7438)
(-0.9186, -1.4575, 2.4105)
(-1.1915, -1.201, 2.6817)
(-1.5661, -1.2009, 2.402)
(-1.8236, -0.92, 2.6575)
(-2.182, -0.8874, 2.3614)
(-2.4209, -0.583, 2.6029)
(-2.7143, -0.467, 2.2703)
(-2.9048, -0.1292, 2.4954)
(-3.0555, 0.0937, 2.1287)
(-3.2044, 0.4545, 2.3387)
(-3.3056, 0.7142, 1.97)
(-3.5547, 1.0127, 2.169)
(-3.6746, 1.255, 1.7919)
(-4.0389, 1.4341, 1.9633)
(-4.2028, 1.6065, 1.5961)
(-4.6309, 1.6764, 1.7372)
(-4.7911, 1.8729, 1.4668)
(-5.2071, 1.9622, 1.5961)
(-5.2932, 2.1891, 1.5853)
(-1.0174, -1.7117, 1.8623)
(-1.2966, -1.4627, 2.1357)
(-1.6745, -1.458, 1.8562)
(-1.9373, -1.1854, 2.1159)
(-2.2911, -1.1314, 1.8118)
(-2.5122, -0.8061, 2.0446)
(-2.7918, -0.665, 1.703)
(-2.9433, -0.2905, 1.9172)
(-3.0953, -0.0659, 1.5536)
(-3.1806, 0.3376, 1.7612)
(-3.2796, 0.5872, 1.3986)
(-3.4264, 0.9637, 1.6005)
(-3.4948, 1.2235, 1.2359)
(-3.8039, 1.4977, 1.4261)
(-3.9545, 1.7477, 1.161)
(-4.3777, 1.8036, 1.3565)
(-4.5405, 1.99, 1.3881)
(-4.9267, 2.0632, 1.5)
(-5.0678, 2.1505, 1.807)
(-1.1022, -1.9357, 1.302)
(-1.3931, -1.7045, 1.5828)
(-1.7601, -1.6775, 1.2931)
(-2.0402, -1.4246, 1.5622)
(-2.3712, -1.3356, 1.2424)
(-2.6012, -1.0184, 1.481)
(-2.819, -0.8316, 1.1243)
(-2.9775, -0.4586, 1.341)
(-3.0387, -0.2033, 0.9785)
(-3.1557, 0.1916, 1.192)
(-3.1413, 0.4573, 0.8447)
(-3.2897, 0.8401, 1.0509)
(-3.2237, 1.0385, 0.7335)
(-3.4293, 1.4339, 0.9169)
(-1.1701, -2.1256, 0.7269)
(-1.4644, -1.9033, 1.0113)
(-1.8116, -1.8484, 0.709)
(-2.0999, -1.6066, 0.9827)
(-2.3929, -1.4794, 0.6495)
(-2.6255, -1.1754, 0.8964)
(-2.7626, -0.9488, 0.5369)
(-2.9057, -0.5831, 0.7609)
(-2.9177, -0.3209, 0.407)
(-3.0248, 0.0641, 0.6285)
(-3.0113, 0.3141, 0.2866)
(-3.105, 0.6876, 0.5122)
(-3.0753, 0.8583, 0.1866)
(-3.1535, 1.1764, 0.4256)
(-1.2421, -2.3257, 0.1538)
(-1.5249, -2.0867, 0.432)
(-1.8642, -2.0242, 0.126)
(-2.1319, -1.7578, 0.391)
(-2.402, -1.6131, 0.0541)
(-2.6058, -1.2944, 0.3002)
(-2.7306, -1.0656, -0.0562)
(-2.8241, -0.6971, 0.1786)
(-2.8701, -0.4536, -0.1737)
(-2.9319, -0.0732, 0.0593)
(-2.9571, 0.1628, -0.2869)
(-3.0112, 0.5267, -0.0513)
(-3.0103, 0.6947, -0.3858)
(-3.0521, 0.9975, -0.1394)
(-1.3178, -2.5317, -0.4177)
(-1.5929, -2.2824, -0.1433)
(-1.9218, -2.2026, -0.4555)
(-2.1698, -1.9158, -0.1975)
(-2.4217, -1.7519, -0.5396)
(-2.6003, -1.4169, -0.2965)
(-2.7304, -1.1893, -0.6519)
(-2.8109, -0.8251, -0.4115)
(-2.8739, -0.5847, -0.7648)
(-2.9135, -0.2144, -0.5237)
(-2.9569, 0.0253, -0.8758)
(-2.9821, 0.3754, -0.6318)
(-3.0017, 0.5528, -0.9756)
(-3.0088, 0.841, -0.7211)
(-1.3915, -2.7313, -0.9916)
(-1.6614, -2.4749, -0.7198)
(-1.9767, -2.3744, -1.0391)
(-2.2105, -2.072, -0.7862)
(-2.4441, -1.8895, -1.1339)
(-2.6089, -1.5438, -0.8933)
(-2.7378, -1.3094, -1.2519)
(-2.8199, -0.948, -1.0087)
(-2.8895, -0.6997, -1.3674)
(-2.9285, -0.3387, -1.1205)
(-2.9826, -0.0859, -1.4813)
(-2.9981, 0.25, -1.2302)
(-3.0411, 0.4432, -1.5847)
(-3.0283, 0.7145, -1.3224)
(-1.4616, -2.9221, -1.5687)
(-1.7262, -2.6591, -1.2991)
(-2.0274, -2.5395, -1.6248)
(-2.2479, -2.2234, -1.3764)
(-2.4647, -2.0258, -1.7288)
(-2.6193, -1.6693, -1.4918)
(-2.744, -1.4257, -1.8548)
(-2.8301, -1.06, -1.6136)
(-2.9031, -0.801, -1.9786)
(-2.951, -0.4415, -1.7306)
(-3.0148, -0.1764, -2.0992)
(-3.0395, 0.1528, -1.8449)
(-3.104, 0.3562, -2.2064)
(-3.0982, 0.6184, -1.9405)
(-1.5286, -3.1056, -2.1482)
(-1.7872, -2.8356, -1.881)
(-2.0744, -2.6995, -2.212)
(-2.2817, -2.3713, -1.9676)
(-2.4821, -2.1615, -2.3236)
(-2.6276, -1.7952, -2.0904)
(-2.7451, -1.5434, -2.4569)
(-2.8354, -1.1672, -2.2215)
(-2.9084, -0.9003, -2.5908)
(-2.9694, -0.5325, -2.3478)
(-3.0394, -0.2614, -2.7203)
(-3.0846, 0.0702, -2.4681)
(-3.1622, 0.2743, -2.8311)
(-3.1828, 0.5353, -2.5655)
(-1.5929, -3.2831, -2.7296)
(-1.8451, -3.0062, -2.4648)
(-2.1182, -2.8553, -2.8005)
(-2.312, -2.5165, -2.5594)
(-2.4957, -2.2961, -2.9185)
(-2.6314, -1.9226, -2.6878)
(-2.7386, -1.6658, -3.0559)
(-2.8315, -1.2796, -2.8261)
(-2.9002, -1.0097, -3.1964)
(-2.9752, -0.6276, -2.9623)
(-3.0445, -0.3575, -3.3341)
(-3.1145, -0.0155, -3.0894)
(-3.1912, 0.1814, -3.4492)
(-3.2484, 0.4474, -3.1885)
(-1.655, -3.4556, -3.3124)
(-1.9003, -3.1719, -3.05)
(-2.1591, -3.0076, -3.3899)
(-2.3389, -2.6591, -3.1519)
(-2.505, -2.429, -3.5137)
(-2.6299, -2.0501, -3.2845)
(-2.7243, -1.7892, -3.6535)
(-2.8165, -1.3991, -3.4256)
(-2.8775, -1.1282, -3.7957)
(-2.9622, -0.7375, -3.5671)
(-3.0236, -0.4707, -3.9363)
(-3.1128, -0.1179, -3.6995)
(-3.1734, 0.0719, -4.0543)
(-3.2606, 0.3452, -3.801)
(-1.7154, -3.624, -3.8963)
(-1.9531, -3.3336, -3.6362)
(-2.1969, -3.1569, -3.98)
(-2.3621, -2.7993, -3.745)
(-2.5091, -2.5602, -4.1093)
(-2.6226, -2.1766, -3.8813)
(-2.7021, -1.9115, -4.2508)
(-2.7912, -1.52, -4.0233)
(-2.8425, -1.2472, -4.3932)
(-2.9314, -0.8557, -4.1655)
(-2.9847, -0.588, -4.5343)
(-3.0812, -0.233, -4.2996)
(-3.1328, -0.0439, -4.6534)
(-3.2254, 0.2323, -4.4027)
(-1.7712, -3.7811, -4.4505)
(-2.0033, -3.4909, -4.2193)
(-2.2293, -3.2956, -4.5382)
(-2.3805, -2.9364, -4.3345)
(-2.5072, -2.6826, -4.672)
(-2.6083, -2.3008, -4.474)
(-2.6735, -2.0259, -4.8148)
(-2.7566, -1.6388, -4.6165)
(-2.8006, -1.3586, -4.9571)
(-2.8887, -0.9726, -4.7586)
(-2.9396, -0.6986, -5.0983)
(-3.0376, -0.3492, -4.8934)
(-3.093, -0.1557, -5.2212)
(-3.1855, 0.116, -5.0032)
(-1.8143, -3.903, -4.884)
(-2.044, -3.6218, -4.7114)
(-2.2515, -3.4005, -4.9658)
(-2.3916, -3.0497, -4.8296)
(-2.501, -2.775, -5.1026)
(-2.5903, -2.4039, -4.9714)
(-2.6466, -2.1127, -5.246)
(-2.7211, -1.7378, -5.1141)
(-2.7644, -1.4433, -5.3881)
(-2.847, -1.07, -5.256)
(-2.9018, -0.7828, -5.5293)
(-2.9974, -0.4474, -5.3903)
(-3.0566, -0.2516, -5.6333)
(-3.1513, 0.0056, -5.4856)
(-1.3587, 1.2723, 4.3425)
(-1.4754, 1.5755, 4.3135)
(-1.7145, 1.5192, 4.2746)
(-1.9086, 1.8381, 4.2436)
(-2.3047, 1.775, 4.1932)
(-2.5484, 2.0958, 4.163)
(-2.941, 2.0397, 4.1102)
(-3.1853, 2.3613, 4.0872)
(-3.5776, 2.3062, 4.0256)
(-3.8213, 2.6281, 3.9966)
(-4.2101, 2.574, 3.9188)
(-4.4507, 2.8974, 3.8744)
(-4.8353, 2.8433, 3.7829)
(-5.0747, 3.1656, 3.7251)
(-5.461, 3.1067, 3.6422)
(-5.7047, 3.4257, 3.5768)
(-5.8813, 3.74, 3.4412)
(-6.0247, 4.0043, 3.2773)
(-6.2498, 3.9707, 3.3709)
(-6.1365, 3.6988, 3.4755)
(-5.3618, 2.3655, 1.8795)
(-5.4696, 2.2887, 2.1058)
(-5.7201, 2.4736, 2.1142)
(-5.6415, 2.576, 1.8983)
(-5.5087, 2.75, 1.6512)
(-5.9326, 2.7853, 1.8718)
(-5.807, 3.0033, 1.6782)
(-5.5824, 3.2569, 1.6868)
(-6.0665, 3.2552, 1.7593)
(-5.8451, 3.5199, 1.8515)
(-5.5832, 3.7283, 2.049)
(-6.0773, 3.7737, 2.0327)
(-5.8452, 3.9522, 2.263)
(-5.6049, 4.0307, 2.5545)
(-6.0805, 4.152, 2.4932)
(-5.8895, 4.1578, 2.7963)
(-5.7137, 4.0154, 3.1028)
(-6.1651, 4.2063, 3.0268)
(-0.8961, 2.1853, 3.9845)
(-1.0173, 2.4059, 3.7318)
(-1.3861, 2.3072, 3.89)
(-1.2288, 2.0648, 4.1034)
(-1.5954, 2.5859, 3.6242)
(-2.0002, 2.5064, 3.7805)
(-1.7677, 2.2056, 4.0067)
(-2.23, 2.8292, 3.5383)
(-2.6295, 2.7683, 3.7103)
(-2.4016, 2.4441, 3.9167)
(-2.8614, 3.0534, 3.4457)
(-3.265, 2.9921, 3.591)
(-3.0358, 2.6996, 3.8325)
(-3.4935, 3.2263, 3.2746)
(-3.8965, 3.1877, 3.4227)
(-3.6734, 2.9207, 3.6999)
(-4.1131, 3.4469, 3.11)
(-4.5091, 3.4648, 3.3013)
(-4.2962, 3.1725, 3.5662)
(-4.7314, 3.7141, 2.9887)
(-5.1235, 3.7557, 3.1955)
(-4.9061, 3.4739, 3.4596)
(-5.3569, 3.9637, 2.8807)
(-5.5186, 3.7644, 3.3588)
(-0.5899, 2.4287, 3.5475)
(-0.7909, 2.6323, 3.2332)
(-1.1997, 2.6401, 3.4465)
(-1.4547, 2.8966, 3.1458)
(-1.8376, 2.8806, 3.3495)
(-2.1047, 3.0961, 3.0531)
(-2.4761, 3.0866, 3.2573)
(-2.7485, 3.1745, 2.909)
(-3.1119, 3.2117, 3.104)
(-3.3694, 3.302, 2.7285)
(-3.7268, 3.4073, 2.9176)
(-3.9919, 3.5054, 2.572)
(-4.352, 3.6358, 2.7715)
(-4.6344, 3.6909, 2.433)
(-4.9894, 3.8521, 2.6475)
(-5.2852, 3.8511, 2.3208)
(0.4836, 2.2379, 2.5643)
(0.179, 2.3346, 2.8316)
(0.4649, 2.1533, 2.9784)
(-0.1133, 2.5278, 2.6165)
(-0.4171, 2.5923, 2.9453)
(-0.1118, 2.3965, 3.1701)
(-0.7427, 2.8019, 2.6271)
(-1.0878, 2.8631, 2.9021)
(-1.41, 3.0186, 2.5728)
(-1.7498, 3.0743, 2.8274)
(-2.0707, 3.0657, 2.4965)
(-2.3992, 3.1183, 2.7147)
(-2.7024, 3.0558, 2.36)
(-3.0297, 3.177, 2.5356)
(-3.3361, 3.0994, 2.2217)
(-3.6601, 3.3083, 2.3903)
(-3.9929, 3.1741, 2.1236)
(-4.3082, 3.453, 2.268)
(-4.6319, 3.331, 1.9764)
(-4.95, 3.623, 2.121)
(-5.2774, 3.4734, 1.8592)
(0.5121, 2.3508, 1.9985)
(0.1905, 2.4373, 2.3061)
(-0.1177, 2.6199, 2.0097)
(-0.4272, 2.7148, 2.3235)
(-0.7637, 2.8496, 2.0043)
(-1.0814, 2.9382, 2.2989)
(-1.4333, 2.9421, 1.9865)
(-1.7522, 3.0122, 2.253)
(-2.0993, 2.9251, 1.9409)
(-2.4016, 2.9796, 2.1662)
(-2.7255, 2.8082, 1.8823)
(-3.0187, 2.9105, 2.0708)
(-3.3542, 2.6543, 1.8713)
(-3.6722, 2.8941, 2.0047)
(-3.9919, 2.6937, 1.7732)
(-4.3142, 3.0139, 1.8633)
(-4.6211, 2.8621, 1.5988)
(-4.9494, 3.1834, 1.7081)
(-5.2664, 2.9769, 1.5665)
(0.5354, 2.4351, 1.3968)
(0.2055, 2.5281, 1.7009)
(-0.1199, 2.6528, 1.4002)
(-0.4451, 2.7514, 1.7032)
(-0.7903, 2.8025, 1.3983)
(-1.113, 2.8877, 1.6936)
(-1.4708, 2.8335, 1.3979)
(-1.7869, 2.8655, 1.6881)
(-2.124, 2.701, 1.4221)
(-2.4288, 2.7497, 1.667)
(-2.7404, 2.4703, 1.4295)
(-3.0481, 2.5357, 1.6525)
(-3.3567, 2.2339, 1.4687)
(-3.6753, 2.4065, 1.6675)
(-3.9708, 2.2189, 1.4285)
(-4.2923, 2.5362, 1.5057)
(-4.5958, 2.3736, 1.3768)
(-4.932, 2.6682, 1.4706)
(-5.1893, 2.4824, 1.596)
(0.5216, 2.4081, 0.7929)
(0.205, 2.5444, 1.0957)
(-0.1431, 2.5989, 0.7973)
(-0.4655, 2.7047, 1.1002)
(-0.8241, 2.6818, 0.8079)
(-1.1487, 2.763, 1.1047)
(-1.509, 2.6529, 0.8259)
(-1.8221, 2.6916, 1.1264)
(-2.1509, 2.466, 0.8829)
(-2.4376, 2.4373, 1.1896)
(-2.7071, 2.1153, 0.9939)
(-3.0206, 2.1368, 1.2457)
(-3.2731, 1.7797, 1.0921)
(-3.6487, 1.9383, 1.3022)
(-3.9507, 1.7681, 1.1633)
(-4.2659, 2.0959, 1.2911)
(-4.5326, 2.0066, 1.3963)
(-4.8578, 2.2425, 1.5087)
(-5.0574, 2.1629, 1.8204)
(0.4706, 2.2763, 0.2041)
(0.1705, 2.4598, 0.4968)
(-0.1904, 2.4784, 0.2065)
(-0.5019, 2.6031, 0.5047)
(-0.8665, 2.5561, 0.2204)
(-1.1867, 2.5996, 0.5256)
(-1.5433, 2.4885, 0.2502)
(-1.8547, 2.4892, 0.5633)
(-2.1592, 2.2621, 0.3243)
(-2.4367, 2.1836, 0.666)
(-2.6633, 1.8633, 0.4727)
(-2.927, 1.7757, 0.8167)
(-3.07, 1.4728, 0.6235)
(-3.4257, 1.4561, 0.9145)
(0.4096, 2.115, -0.3709)
(0.1086, 2.2952, -0.0813)
(-0.2447, 2.333, -0.3693)
(-0.5551, 2.4701, -0.079)
(-0.9118, 2.4637, -0.3666)
(-1.2288, 2.4916, -0.0609)
(-1.5597, 2.3761, -0.3337)
(-1.8649, 2.3233, -0.0089)
(-2.1232, 2.0756, -0.2383)
(-2.4018, 1.9764, 0.1129)
(-2.5908, 1.6636, -0.0801)
(-2.8306, 1.55, 0.2814)
(-2.9467, 1.2709, 0.0755)
(-3.1472, 1.1968, 0.4212)
(0.4116, 2.1186, -0.966)
(0.0775, 2.2129, -0.6648)
(-0.2398, 2.3435, -0.9639)
(-0.5797, 2.4046, -0.6651)
(-0.9054, 2.4046, -0.9584)
(-1.2418, 2.4036, -0.6504)
(-1.5267, 2.2178, -0.9096)
(-1.8324, 2.157, -0.5794)
(-2.0499, 1.875, -0.795)
(-2.3271, 1.7793, -0.4421)
(-2.5009, 1.4657, -0.6344)
(-2.7403, 1.3613, -0.2757)
(-2.8643, 1.0913, -0.4909)
(-3.0439, 1.0149, -0.1451)
(0.4594, 2.232, -1.5564)
(0.107, 2.2825, -1.261)
(-0.21, 2.3705, -1.5603)
(-0.5598, 2.3944, -1.2616)
(-0.8718, 2.2887, -1.5435)
(-1.2065, 2.2586, -1.2305)
(-1.4564, 2.0024, -1.4676)
(-1.7595, 1.9466, -1.1363)
(-1.958, 1.6377, -1.3404)
(-2.2364, 1.5635, -0.9922)
(-2.4219, 1.2494, -1.1901)
(-2.6602, 1.1668, -0.837)
(-2.8243, 0.919, -1.0701)
(-2.9986, 0.8568, -0.7291)
(0.4916, 2.2962, -2.1559)
(0.1434, 2.3415, -1.8566)
(-0.1807, 2.3202, -2.153)
(-0.5293, 2.3105, -1.8513)
(-0.814, 2.0994, -2.1101)
(-1.1413, 2.0508, -1.7918)
(-1.3678, 1.7431, -2.0095)
(-1.6665, 1.6912, -1.6772)
(-1.8807, 1.382, -1.8867)
(-2.1587, 1.3253, -1.5429)
(-2.396, 1.0487, -1.7633)
(-2.6267, 0.9774, -1.4125)
(-2.8519, 0.7825, -1.6703)
(-3.0173, 0.7294, -1.3322)
(0.5053, 2.2956, -2.7596)
(0.1662, 2.3227, -2.4547)
(-0.1429, 2.1925, -2.7327)
(-0.4771, 2.1431, -2.4219)
(-0.7401, 1.8652, -2.6621)
(-1.059, 1.8004, -2.3378)
(-1.3079, 1.5065, -2.5646)
(-1.597, 1.4366, -2.2263)
(-1.872, 1.1922, -2.4631)
(-2.1381, 1.1186, -2.1153)
(-2.4498, 0.9349, -2.3632)
(-2.6697, 0.8505, -2.0127)
(-2.9369, 0.7054, -2.2873)
(-3.0877, 0.6338, -1.9497)
(0.504, 2.2381, -3.3609)
(0.1802, 2.2372, -3.0473)
(-0.1222, 2.0446, -3.3139)
(-0.4237, 1.9435, -2.9867)
(-0.7102, 1.693, -3.237)
(-1.0101, 1.5919, -2.9015)
(-1.3221, 1.3931, -3.1542)
(-1.603, 1.2859, -2.8099)
(-1.9472, 1.1572, -3.0654)
(-2.2035, 1.0383, -2.7151)
(-2.557, 0.9218, -2.9754)
(-2.7691, 0.8015, -2.6285)
(-3.0314, 0.6491, -2.9089)
(-3.1727, 0.5513, -2.5738)
(0.4867, 2.1718, -3.9639)
(0.1751, 2.1396, -3.6421)
(-0.1431, 1.9674, -3.9108)
(-0.4213, 1.8205, -3.5735)
(-0.751, 1.6532, -3.8354)
(-1.0348, 1.5154, -3.4952)
(-1.3943, 1.417, -3.7537)
(-1.6755, 1.2823, -3.4113)
(-2.0441, 1.2068, -3.668)
(-2.3102, 1.0622, -3.3232)
(-2.6455, 0.9164, -3.5872)
(-2.864, 0.7682, -3.246)
(-3.0889, 0.5754, -3.5262)
(-3.2384, 0.4638, -3.1961)
(0.4534, 2.1129, -4.5672)
(0.1456, 2.0845, -4.2431)
(-0.1946, 1.9582, -4.5115)
(-0.4724, 1.8049, -4.1743)
(-0.8293, 1.704, -4.4337)
(-1.1112, 1.5572, -4.0945)
(-1.4838, 1.497, -4.3502)
(-1.7659, 1.3519, -4.0097)
(-2.121, 1.2497, -4.2698)
(-2.3913, 1.0848, -3.9291)
(-2.6848, 0.881, -4.1953)
(-2.9085, 0.7108, -3.8583)
(-3.0874, 0.4832, -4.1331)
(-3.2501, 0.3616, -3.8068)
(0.4116, 2.0425, -5.1678)
(0.1001, 2.0563, -4.8445)
(-0.2569, 1.9761, -5.1104)
(-0.5474, 1.8534, -4.772)
(-0.9141, 1.7835, -5.0292)
(-1.2001, 1.6416, -4.69)
(-1.5622, 1.5595, -4.9491)
(-1.8438, 1.4081, -4.6095)
(-2.1676, 1.2446, -4.8744)
(-2.4327, 1.0665, -4.535)
(-2.6884, 0.8111, -4.8005)
(-2.906, 0.63, -4.4639)
(-3.058, 0.3786, -4.7343)
(-3.2142, 0.2485, -4.4066)
(0.3659, 1.95, -5.7329)
(0.0508, 2.0147, -5.4402)
(-0.3117, 1.9742, -5.677)
(-0.6197, 1.9017, -5.3659)
(-0.9808, 1.8328, -5.596)
(-1.2757, 1.7037, -5.2846)
(-1.6131, 1.5729, -5.519)
(-1.8941, 1.4123, -5.2093)
(-2.1853, 1.1964, -5.446)
(-2.4442, 1.0066, -5.1359)
(-2.6773, 0.7259, -5.3701)
(-2.8855, 0.5335, -5.0622)
(-3.0313, 0.2766, -5.3048)
(-3.1759, 0.1332, -5.0069)
(0.3254, 1.871, -6.1706)
(0.0075, 1.9707, -5.9406)
(-0.3544, 1.9895, -6.1087)
(-0.6736, 1.9381, -5.8651)
(-1.026, 1.8719, -6.0288)
(-1.3242, 1.7272, -5.7868)
(-1.6381, 1.5577, -5.9555)
(-1.9153, 1.3788, -5.7135)
(-2.1877, 1.1408, -5.8821)
(-2.4413, 0.937, -5.6389)
(-2.6675, 0.6553, -5.8048)
(-2.8681, 0.4491, -5.5628)
(-3.01, 0.2154, -5.7242)
(-3.1475, 0.0558, -5.4961)
(-1.1197, 1.8995, 4.2357)
(-1.5519, 1.9419, 4.1795)
(-1.4061, 1.761, 4.2869)
(-2.1583, 2.1455, 4.0895)
(-1.9042, 1.8577, 4.2383)
(-2.7963, 2.4045, 4.0115)
(-2.5471, 2.1167, 4.1597)
(-3.4342, 2.657, 3.9202)
(-3.1874, 2.3836, 4.0886)
(-4.0681, 2.9019, 3.7968)
(-3.8244, 2.6494, 4.0029)
(-4.6855, 3.1854, 3.6745)
(-4.4534, 2.9181, 3.8815)
(-5.3015, 3.4724, 3.5497)
(-5.0755, 3.1868, 3.7295)
(-5.7009, 3.4457, 3.5765)
(6.965, -1.5966, 3.5256)
(5.7628, -1.8435, 1.9573)
(6.0084, -2.0074, 1.7113)
(6.2178, -2.2995, 1.833)
(6.4081, -2.4, 2.3726)
(6.6103, -2.3111, 2.9321)
(6.8235, -1.9991, 3.3674)
(1.8462, -0.3501, 4.1994)
(2.4047, -0.5287, 4.1369)
(3.0584, -0.7537, 4.0717)
(3.7139, -0.9747, 3.9962)
(4.3668, -1.1891, 3.8935)
(5.0141, -1.3944, 3.754)
(5.657, -1.5958, 3.5976)
(6.2947, -1.8048, 3.4626)
(1.5484, -0.8135, 3.9769)
(2.1855, -1.0405, 3.9227)
(2.8498, -1.2795, 3.8786)
(3.5057, -1.4874, 3.7933)
(4.1561, -1.6705, 3.6498)
(4.7983, -1.8371, 3.4621)
(5.4375, -2.0005, 3.2623)
(6.0762, -2.1615, 3.0778)
(-0.0265, -1.0395, 3.6522)
(0.6263, -1.1501, 3.6793)
(1.3128, -1.2704, 3.6449)
(2.0028, -1.5061, 3.5912)
(2.6712, -1.6974, 3.5183)
(3.3291, -1.8, 3.3714)
(3.9809, -1.857, 3.1845)
(4.6079, -1.9791, 2.9658)
(5.2297, -2.1553, 2.7384)
(5.8685, -2.2939, 2.5332)
(-0.1146, -1.286, 3.2195)
(0.5333, -1.4895, 3.2083)
(1.1984, -1.6746, 3.171)
(1.8736, -1.8485, 3.1153)
(2.5336, -1.8846, 2.997)
(3.1815, -1.7996, 2.8184)
(3.8323, -1.7359, 2.626)
(4.446, -1.8609, 2.4014)
(5.0478, -2.0921, 2.1688)
(5.6793, -2.253, 1.9691)
(-0.2168, -1.5697, 2.6836)
(0.4378, -1.7974, 2.6731)
(1.1042, -1.976, 2.6357)
(1.7777, -2.0531, 2.5574)
(2.4136, -1.9146, 2.4191)
(3.0275, -1.666, 2.256)
(3.6698, -1.548, 2.0735)
(4.2905, -1.6677, 1.8491)
(4.9027, -1.8748, 1.6439)
(5.5126, -1.9856, 1.6105)
(-0.3125, -1.8332, 2.1372)
(0.3464, -2.0709, 2.1304)
(1.0209, -2.2345, 2.0881)
(1.7025, -2.2383, 1.9873)
(2.3274, -2.0115, 1.8412)
(2.9117, -1.671, 1.6848)
(3.5279, -1.4183, 1.5135)
(4.1701, -1.4231, 1.3752)
(4.7831, -1.6063, 1.3989)
(5.331, -1.7436, 1.6671)
(-0.4013, -2.0769, 1.5844)
(0.2628, -2.3191, 1.5777)
(0.9462, -2.473, 1.5306)
(1.6266, -2.4215, 1.4156)
(2.2312, -2.1315, 1.2664)
(2.7706, -1.7246, 1.1218)
(3.2806, -1.3477, 0.9856)
(-0.4786, -2.2792, 1.0153)
(0.1871, -2.5068, 1.0024)
(0.8709, -2.6343, 0.9478)
(1.5193, -2.5111, 0.8317)
(2.0711, -2.1544, 0.6934)
(2.5675, -1.7254, 0.5682)
(2.9841, -1.3489, 0.4666)
(-0.5532, -2.4683, 0.4398)
(0.1127, -2.6661, 0.4171)
(0.7905, -2.7409, 0.3517)
(1.4051, -2.5607, 0.2411)
(1.9211, -2.1883, 0.1185)
(2.4012, -1.7796, 0.0024)
(2.7998, -1.4155, -0.0969)
(-0.6316, -2.6719, -0.1318)
(0.0375, -2.8376, -0.1645)
(0.7115, -2.8532, -0.2426)
(1.3162, -2.6448, -0.3533)
(1.8222, -2.2818, -0.4675)
(2.2885, -1.8768, -0.5788)
(2.673, -1.5102, -0.6779)
(-0.7086, -2.8748, -0.7043)
(-0.0349, -3.0072, -0.7469)
(0.6374, -2.9727, -0.8363)
(1.2403, -2.7419, -0.9508)
(1.751, -2.3844, -1.0642)
(2.2188, -1.9823, -1.1761)
(2.6037, -1.6175, -1.2777)
(-0.7826, -3.0692, -1.2798)
(-0.1056, -3.169, -1.3315)
(0.5641, -3.0908, -1.4309)
(1.1689, -2.8365, -1.5525)
(1.6926, -2.4762, -1.6717)
(2.1768, -2.0781, -1.7887)
(2.5809, -1.7261, -1.8942)
(-0.8538, -3.2553, -1.8581)
(-0.1755, -3.3239, -1.9179)
(0.4894, -3.2067, -2.0256)
(1.0959, -2.9279, -2.1554)
(1.6357, -2.558, -2.2845)
(2.143, -2.1627, -2.4096)
(2.5739, -1.8296, -2.5187)
(-0.9228, -3.4346, -2.4385)
(-0.2449, -3.4734, -2.5056)
(0.4125, -3.3199, -2.6202)
(1.0153, -3.0178, -2.7558)
(1.567, -2.6361, -2.8939)
(2.0965, -2.2405, -3.0282)
(2.5515, -1.9243, -3.1413)
(-0.9901, -3.6082, -3.0206)
(-0.3141, -3.6182, -3.0944)
(0.3336, -3.4294, -3.2151)
(0.9267, -3.1049, -3.3538)
(1.4798, -2.7131, -3.4957)
(2.0207, -2.3146, -3.6358)
(2.4876, -2.0035, -3.7528)
(-1.0559, -3.7772, -3.6039)
(-0.3834, -3.7586, -3.684)
(0.2522, -3.5346, -3.8103)
(0.8325, -3.1867, -3.9511)
(1.3792, -2.7846, -4.0936)
(1.9199, -2.3818, -4.2349)
(2.3871, -2.0669, -4.3538)
(-1.1202, -3.9414, -4.1843)
(-0.4528, -3.8938, -4.2702)
(0.1682, -3.6339, -4.4018)
(0.7336, -3.2614, -4.5442)
(1.2718, -2.8475, -4.6867)
(1.8097, -2.4405, -4.8281)
(2.2783, -2.1259, -4.9492)
(-1.1746, -4.0791, -4.6781)
(-0.5122, -4.0039, -4.763)
(0.0946, -3.7126, -4.8984)
(0.6464, -3.3192, -5.0417)
(1.1774, -2.8954, -5.1841)
(1.7134, -2.4858, -5.3255)
(2.1824, -2.1768, -5.4424)
(2.0628, 0.0521, 4.3092)
(2.5852, -0.072, 4.2345)
(3.2332, -0.2915, 4.1514)
(3.8875, -0.5099, 4.069)
(4.5414, -0.7271, 3.9754)
(5.1917, -0.9385, 3.8531)
(5.8376, -1.1478, 3.7101)
(6.4771, -1.369, 3.5841)
(7.124, -1.0998, 3.404)
(5.7728, -1.8249, 2.0149)
(6.1411, -1.6817, 1.7645)
(6.5437, -1.387, 1.7178)
(6.8738, -1.0189, 2.0377)
(7.1082, -0.7704, 2.5215)
(7.1948, -0.8184, 3.0637)
(2.3279, 0.943, 3.941)
(2.8474, 0.6959, 3.8336)
(3.4811, 0.4591, 3.7437)
(4.1217, 0.2335, 3.6585)
(4.7311, -0.0363, 3.5055)
(5.3528, -0.2696, 3.3569)
(6.006, -0.4503, 3.2481)
(6.6546, -0.644, 3.1474)
(2.3442, 1.3162, 3.4962)
(2.9602, 1.0773, 3.3977)
(3.5983, 0.8329, 3.3054)
(4.1809, 0.5295, 3.1866)
(4.7504, 0.2327, 3.0079)
(5.3614, -0.0057, 2.84)
(5.985, -0.252, 2.7074)
(6.5994, -0.5219, 2.5968)
(1.0903, 1.9655, 2.7855)
(1.7125, 1.7853, 2.895)
(2.3586, 1.5457, 2.9312)
(3.0339, 1.2983, 2.8618)
(3.6139, 0.972, 2.7777)
(4.1145, 0.5747, 2.6255)
(4.6529, 0.2402, 2.4558)
(5.2271, -0.0769, 2.3328)
(5.8176, -0.3798, 2.1924)
(6.402, -0.6976, 2.0744)
(1.135, 2.0669, 2.2968)
(1.7815, 1.8755, 2.3188)
(2.419, 1.6211, 2.3068)
(3.0498, 1.329, 2.2583)
(3.5717, 0.9211, 2.1996)
(3.9834, 0.4378, 2.1142)
(4.4223, -0.021, 2.0416)
(4.9469, -0.4141, 1.9446)
(5.5306, -0.7075, 1.7761)
(6.1036, -1.0364, 1.6796)
(1.1739, 2.1679, 1.6989)
(1.8121, 1.9138, 1.7029)
(2.4232, 1.5992, 1.6903)
(3.0046, 1.2404, 1.6653)
(3.4704, 0.7713, 1.6599)
(3.8042, 0.2, 1.6535)
(4.139, -0.3676, 1.6753)
(4.615, -0.7688, 1.5946)
(5.1919, -1.0658, 1.4575)
(5.731, -1.3974, 1.5455)
(1.1793, 2.1862, 1.0944)
(1.7977, 1.8795, 1.0972)
(2.3756, 1.5056, 1.096)
(2.9107, 1.0778, 1.0953)
(3.3052, 0.5448, 1.1453)
(3.5532, -0.0658, 1.2175)
(3.8232, -0.6744, 1.2844)
(4.294, -1.0977, 1.29)
(4.8717, -1.3611, 1.3689)
(5.3763, -1.6314, 1.6973)
(1.1434, 2.0962, 0.4965)
(1.7588, 1.7818, 0.5002)
(2.3092, 1.376, 0.5112)
(2.8043, 0.9013, 0.5307)
(3.1736, 0.353, 0.5972)
(3.3261, -0.2768, 0.742)
(3.4464, -0.8739, 0.8731)
(1.0761, 1.9269, -0.081)
(1.6964, 1.6239, -0.0774)
(2.27, 1.2574, -0.0711)
(2.7424, 0.7848, -0.0474)
(3.0401, 0.2157, 0.0357)
(3.1425, -0.4048, 0.1956)
(3.1589, -0.9442, 0.3553)
(1.0413, 1.8347, -0.6657)
(1.6698, 1.5487, -0.6593)
(2.2527, 1.197, -0.6594)
(2.6727, 0.7036, -0.6308)
(2.8781, 0.111, -0.5254)
(2.9485, -0.4979, -0.3581)
(2.9644, -1.0219, -0.2058)
(1.077, 1.915, -1.2597)
(1.6914, 1.6042, -1.2574)
(2.1984, 1.1646, -1.2514)
(2.5161, 0.5996, -1.1984)
(2.6707, 0.0005, -1.0748)
(2.7455, -0.5986, -0.9118)
(2.8009, -1.1157, -0.778)
(1.1198, 2.0222, -1.8527)
(1.6767, 1.6302, -1.8534)
(2.0699, 1.0875, -1.8287)
(2.2889, 0.4723, -1.7422)
(2.4313, -0.1324, -1.614)
(2.5604, -0.7255, -1.474)
(2.6906, -1.2319, -1.3672)
(1.1286, 2.0598, -2.4559)
(1.5952, 1.5857, -2.4408)
(1.8717, 0.9685, -2.3842)
(2.0512, 0.3279, -2.2828)
(2.2341, -0.2808, -2.1705)
(2.4602, -0.8596, -2.0604)
(2.6657, -1.3513, -1.9769)
(1.1042, 2.0376, -3.0585)
(1.4725, 1.4942, -3.0191)
(1.6839, 0.8431, -2.944)
(1.91, 0.2049, -2.8548)
(2.1851, -0.3912, -2.7616)
(2.4878, -0.9592, -2.6678)
(2.6981, -1.4588, -2.5976)
(1.0673, 1.9805, -3.6604)
(1.3918, 1.4044, -3.608)
(1.6166, 0.7575, -3.5328)
(1.9206, 0.145, -3.4524)
(2.2715, -0.4348, -3.3656)
(2.5698, -1.0252, -3.2805)
(2.7174, -1.5577, -3.2181)
(1.0417, 1.9165, -4.264)
(1.3899, 1.3476, -4.2085)
(1.672, 0.7251, -4.1332)
(2.0287, 0.1392, -4.05)
(2.3782, -0.4489, -3.9665)
(2.6073, -1.0794, -3.8903)
(2.6822, -1.6374, -3.8303)
(1.0284, 1.8465, -4.8662)
(1.4422, 1.3189, -4.808)
(1.7869, 0.7279, -4.7285)
(2.1497, 0.1454, -4.646)
(2.4416, -0.4709, -4.5692)
(2.5863, -1.1305, -4.4969)
(2.6007, -1.6979, -4.4334)
(1.0122, 1.7571, -5.4609)
(1.5019, 1.2924, -5.4027)
(1.8972, 0.7335, -5.3208)
(2.2292, 0.1354, -5.2425)
(2.4463, -0.512, -5.1702)
(2.5266, -1.1865, -5.0966)
(2.5061, -1.7571, -5.0312)
(0.9914, 1.6645, -5.9622)
(1.5485, 1.2701, -5.9015)
(1.9717, 0.734, -5.8201)
(2.2552, 0.1107, -5.7458)
(2.4154, -0.5576, -5.674)
(2.4641, -1.2377, -5.5985)
(2.4316, -1.8055, -5.5283)
(2.2519, 0.5653, 4.2111)
(2.7249, 0.3151, 4.1354)
(3.3649, 0.0801, 4.0492)
(4.0158, -0.144, 3.9692)
(4.6567, -0.3794, 3.8605)
(5.3009, -0.5932, 3.7357)
(5.9544, -0.7796, 3.6122)
(6.6019, -0.9735, 3.4918)
(-6.2912, 3.381, 3.526)
(-5.557, 2.4001, 1.9543)
(-5.8502, 2.434, 1.7092)
(-6.1978, 2.3517, 1.8341)
(-6.4039, 2.4058, 2.3752)
(-6.4955, 2.6087, 2.9342)
(-6.4497, 2.985, 3.3689)
(-1.6175, 0.9497, 4.2002)
(-2.1555, 1.183, 4.1374)
(-2.7957, 1.4437, 4.0723)
(-3.4347, 1.7086, 3.997)
(-4.0673, 1.9769, 3.8944)
(-4.6898, 2.2485, 3.7551)
(-5.3064, 2.5199, 3.5989)
(-5.9239, 2.7828, 3.4639)
(-1.6985, 0.4048, 3.9777)
(-2.3273, 0.6534, 3.9231)
(-2.9848, 0.9105, 3.8795)
(-3.6152, 1.1857, 3.7943)
(-4.2253, 1.4761, 3.6506)
(-4.8187, 1.7732, 3.4634)
(-5.408, 2.0705, 3.2643)
(-5.9949, 2.3697, 3.0798)
(-0.6617, -0.8015, 3.6524)
(-1.2261, -0.4556, 3.6799)
(-1.8218, -0.0941, 3.6454)
(-2.496, 0.1827, 3.5914)
(-3.1234, 0.4798, 3.5185)
(-3.685, 0.8366, 3.3714)
(-4.2148, 1.2215, 3.1846)
(-4.769, 1.541, 2.9669)
(-5.3541, 1.8166, 2.7405)
(-5.9271, 2.1315, 2.5357)
(-0.7577, -1.0448, 3.2196)
(-1.3795, -0.7718, 3.2084)
(-2.0019, -0.473, 3.1709)
(-2.6236, -0.1584, 3.1151)
(-3.1327, 0.2568, 2.9986)
(-3.5636, 0.7469, 2.8193)
(-4.0232, 1.2145, 2.6251)
(-4.5703, 1.5225, 2.4019)
(-5.1771, 1.7428, 2.1706)
(-5.7601, 2.0345, 1.9713)
(-0.8676, -1.3255, 2.6835)
(-1.5104, -1.0661, 2.673)
(-2.1296, -0.7617, 2.6353)
(-2.6863, -0.3747, 2.5566)
(-3.0652, 0.1547, 2.4204)
(-3.3639, 0.7446, 2.2563)
(-3.7797, 1.248, 2.0712)
(-4.3284, 1.5644, 1.8485)
(-4.9273, 1.8091, 1.6443)
(-5.461, 2.1251, 1.6104)
(-0.9689, -1.5869, 2.1371)
(-1.6214, -1.3323, 2.1303)
(-2.237, -1.0116, 2.0877)
(-2.7529, -0.5658, 1.9867)
(-3.0758, 0.0161, 1.8404)
(-3.2928, 0.6565, 1.6828)
(-3.5914, 1.2511, 1.5106)
(-4.0796, 1.6685, 1.3732)
(-4.6624, 1.9327, 1.3977)
(-5.1658, 2.1901, 1.6653)
(-1.0623, -1.8288, 1.5843)
(-1.7218, -1.5744, 1.5776)
(-2.3379, -1.2411, 1.5305)
(-2.817, -0.7551, 1.4153)
(-3.0825, -0.1392, 1.2658)
(-3.2223, 0.5217, 1.1204)
(-3.3595, 1.1406, 0.9834)
(-1.137, -2.0321, 1.0153)
(-1.7881, -1.7657, 1.0023)
(-2.3872, -1.4124, 0.9476)
(-2.7949, -0.8935, 0.8314)
(-2.976, -0.2618, 0.6929)
(-3.0676, 0.3879, 0.5673)
(-3.1339, 0.9455, 0.4655)
(-1.2052, -2.2238, 0.4397)
(-1.8368, -1.9348, 0.4169)
(-2.3966, -1.5456, 0.3514)
(-2.7409, -1.0057, 0.2408)
(-2.8836, -0.3857, 0.1181)
(-2.9754, 0.2381, 0.0018)
(-3.0357, 0.7746, -0.0976)
(-1.2799, -2.429, -0.1318)
(-1.893, -2.1139, -0.1646)
(-2.4108, -1.6822, -0.2428)
(-2.7283, -1.1273, -0.3537)
(-2.8688, -0.5207, -0.468)
(-2.9522, 0.0912, -0.5794)
(-2.9997, 0.6204, -0.6785)
(-1.3551, -2.6326, -0.7043)
(-1.9498, -2.2894, -0.747)
(-2.433, -1.821, -0.8366)
(-2.7339, -1.25, -0.9514)
(-2.8815, -0.6444, -1.0647)
(-2.9679, -0.0336, -1.1766)
(-3.0171, 0.4944, -1.2782)
(-1.427, -2.8277, -1.2798)
(-2.0025, -2.4577, -1.3317)
(-2.4547, -1.9577, -1.4314)
(-2.7413, -1.3677, -1.5532)
(-2.897, -0.7514, -1.6723)
(-2.9988, -0.1329, -1.7892)
(-3.0715, 0.398, -1.8946)
(-1.4955, -3.0147, -1.8582)
(-2.0513, -2.6201, -1.9182)
(-2.4738, -2.0937, -2.0263)
(-2.7454, -1.4841, -2.1562)
(-2.9072, -0.8499, -2.2851)
(-3.0288, -0.2185, -2.41)
(-3.1351, 0.3157, -2.5189)
(-1.561, -3.195, -2.4387)
(-2.0967, -2.7778, -2.5061)
(-2.4894, -2.229, -2.621)
(-2.7428, -1.6042, -2.7567)
(-2.9061, -0.9535, -2.8946)
(-3.0451, -0.3073, -3.0286)
(-3.1816, 0.2298, -3.1415)
(-1.6242, -3.3699, -3.0209)
(-2.139, -2.9319, -3.0951)
(-2.5009, -2.3627, -3.2161)
(-2.7324, -1.7275, -3.3548)
(-2.8906, -1.0684, -3.4965)
(-3.037, -0.4126, -3.6363)
(-3.1868, 0.1281, -3.753)
(-1.6854, -3.5402, -3.6042)
(-2.1784, -3.0826, -3.6849)
(-2.5078, -2.4948, -3.8115)
(-2.7143, -1.8505, -3.9522)
(-2.8614, -1.1879, -4.0945)
(-3.0057, -0.5293, -4.2355)
(-3.1542, 0.0143, -4.3541)
(-1.7446, -3.706, -4.1847)
(-2.2142, -3.2296, -4.2713)
(-2.5089, -2.6243, -4.403)
(-2.6881, -1.9713, -4.5453)
(-2.8215, -1.3055, -4.6876)
(-2.9618, -0.6458, -4.8288)
(-3.1122, -0.1018, -4.9496)
(-1.7939, -3.8453, -4.6786)
(-2.2413, -3.3512, -4.7642)
(-2.5044, -2.7316, -4.8997)
(-2.6597, -2.0718, -5.0429)
(-2.7818, -1.4035, -5.185)
(-2.9199, -0.7432, -5.3263)
(-3.0752, -0.2034, -5.4428)
(-1.5159, 1.3952, 4.3099)
(-1.9908, 1.6457, 4.235)
(-2.623, 1.9069, 4.1516)
(-3.2594, 2.1728, 4.0691)
(-3.8946, 2.4398, 3.9757)
(-4.5233, 2.7088, 3.8533)
(-5.1472, 2.9762, 3.7104)
(-5.7741, 3.2308, 3.5846)
(-6.0845, 3.8584, 3.4036)
(-5.5528, 2.4202, 2.0119)
(-5.7342, 2.7714, 1.762)
(-5.8394, 3.2609, 1.7172)
(-5.8441, 3.7551, 2.0375)
(-5.8561, 4.0962, 2.5214)
(-5.9526, 4.117, 3.0635)
(-1.129, 2.2403, 3.9401)
(-1.6829, 2.3955, 3.8324)
(-2.3156, 2.636, 3.7446)
(-2.9463, 2.888, 3.6602)
(-3.5827, 3.085, 3.506)
(-4.2042, 3.3181, 3.3565)
(-4.815, 3.612, 3.2476)
(-5.4309, 3.8929, 3.1469)
(-0.8947, 2.5331, 3.4953)
(-1.5157, 2.7583, 3.3968)
(-2.1573, 2.9948, 3.3069)
(-2.7958, 3.1497, 3.189)
(-3.4204, 3.2997, 3.0092)
(-4.0375, 3.5213, 2.8397)
(-4.6691, 3.747, 2.7068)
(-5.3094, 3.9484, 2.5963)
(0.4733, 2.1926, 2.7857)
(-0.1137, 2.467, 2.8957)
(-0.7505, 2.7291, 2.9352)
(-1.4205, 2.9864, 2.8665)
(-2.0766, 3.1087, 2.7797)
(-2.7162, 3.1376, 2.6277)
(-3.3429, 3.2378, 2.4564)
(-3.9839, 3.3777, 2.3316)
(-4.6279, 3.5399, 2.1918)
(-5.2772, 3.6858, 2.0743)
(0.4969, 2.2927, 2.2953)
(-0.1153, 2.5793, 2.3183)
(-0.75, 2.8402, 2.3154)
(-1.417, 2.9935, 2.2796)
(-2.0821, 3.0048, 2.2143)
(-2.7091, 2.9448, 2.1147)
(-3.3426, 2.8885, 2.0406)
(-3.9963, 2.9389, 1.944)
(-4.6291, 3.1033, 1.7763)
(-5.2771, 3.2338, 1.6799)
(0.5266, 2.4028, 1.6979)
(-0.1179, 2.6462, 1.7035)
(-0.7769, 2.8369, 1.6987)
(-1.4518, 2.8927, 1.6912)
(-2.1125, 2.8202, 1.6801)
(-2.7385, 2.6479, 1.6524)
(-3.3622, 2.4424, 1.6735)
(-3.9825, 2.4521, 1.5955)
(-4.612, 2.6099, 1.458)
(-5.2373, 2.7153, 1.5443)
(0.5337, 2.4366, 1.0943)
(-0.1282, 2.6356, 1.0979)
(-0.8062, 2.7474, 1.1021)
(-1.49, 2.7491, 1.1106)
(-2.1376, 2.5808, 1.1563)
(-2.7274, 2.2856, 1.2167)
(-3.3295, 2.0047, 1.2822)
(-3.9596, 1.9937, 1.2894)
(-4.5673, 2.1768, 1.368)
(-5.1261, 2.3053, 1.695)
(0.5001, 2.3535, 0.4957)
(-0.1636, 2.5474, 0.4994)
(-0.8436, 2.6165, 0.5139)
(-1.527, 2.563, 0.5395)
(-2.1594, 2.3603, 0.6049)
(-2.6871, 1.9771, 0.7429)
(-3.1731, 1.6069, 0.8711)
(0.4364, 2.1858, -0.0824)
(-0.2215, 2.395, -0.0809)
(-0.8927, 2.5039, -0.0727)
(-1.5561, 2.4316, -0.0416)
(-2.1468, 2.1686, 0.0428)
(-2.6307, 1.761, 0.197)
(-2.9996, 1.3656, 0.3543)
(0.4017, 2.0941, -0.6672)
(-0.249, 2.3231, -0.6647)
(-0.9145, 2.4354, -0.6624)
(-1.5492, 2.3051, -0.6234)
(-2.0902, 1.979, -0.5179)
(-2.5465, 1.5665, -0.3574)
(-2.902, 1.1806, -0.2066)
(0.4341, 2.173, -1.2615)
(-0.2253, 2.3638, -1.2625)
(-0.891, 2.3564, -1.2527)
(-1.4953, 2.1168, -1.1912)
(-2.0047, 1.761, -1.0689)
(-2.4575, 1.3589, -0.9112)
(-2.8376, 1.0033, -0.7784)
(0.4786, 2.2733, -1.8548)
(-0.1959, 2.3563, -1.8578)
(-0.8464, 2.2028, -1.8296)
(-1.412, 1.8754, -1.7392)
(-1.9142, 1.5082, -1.6114)
(-2.3999, 1.1426, -1.4735)
(-2.8297, 0.8441, -1.3676)
(0.5003, 2.3039, -2.4579)
(-0.1619, 2.2637, -2.444)
(-0.7757, 1.9821, -2.3856)
(-1.3305, 1.6152, -2.2833)
(-1.8652, 1.2712, -2.1705)
(-2.4132, 0.9777, -2.0605)
(-2.8899, 0.7381, -1.9775)
(0.5065, 2.2712, -3.0604)
(-0.1283, 2.1145, -3.0218)
(-0.7166, 1.7648, -2.9457)
(-1.3056, 1.4311, -2.8562)
(-1.9023, 1.1573, -2.7627)
(-2.5012, 0.921, -2.6688)
(-2.986, 0.6777, -2.5981)
(0.4975, 2.204, -3.6622)
(-0.1276, 1.9956, -3.6108)
(-0.7232, 1.6577, -3.5348)
(-1.3535, 1.392, -3.4541)
(-1.9965, 1.178, -3.3672)
(-2.6067, 0.9219, -3.2817)
(-3.0666, 0.6149, -3.2185)
(0.4716, 2.1422, -4.2657)
(-0.1662, 1.9563, -4.2113)
(-0.7876, 1.671, -4.1352)
(-1.439, 1.4553, -4.0522)
(-2.0861, 1.2327, -3.9686)
(-2.671, 0.9032, -3.8917)
(-3.0938, 0.5312, -3.8307)
(0.4333, 2.0808, -4.868)
(-0.2257, 1.968, -4.811)
(-0.8726, 1.7449, -4.7312)
(-1.5257, 1.5335, -4.6491)
(-2.1482, 1.2538, -4.5718)
(-2.6897, 0.8497, -4.4982)
(-3.0739, 0.4319, -4.4339)
(0.3885, 1.9968, -5.4625)
(-0.2859, 1.9758, -5.4062)
(-0.9505, 1.8116, -5.3247)
(-1.5915, 1.5718, -5.2463)
(-2.1794, 1.2236, -5.1729)
(-2.6834, 0.7681, -5.098)
(-3.0435, 0.3251, -5.0317)
(0.345, 1.9087, -5.9636)
(-0.334, 1.9795, -5.9056)
(-1.0051, 1.8524, -5.8251)
(-1.6276, 1.567, -5.7499)
(-2.1874, 1.1685, -5.6767)
(-2.6721, 0.6889, -5.6001)
(-3.0215, 0.2404, -5.529)
(-1.3204, 1.9072, 4.2114)
(-1.8412, 2.029, 4.1355)
(-2.4777, 2.2735, 4.0495)
(-3.1151, 2.5331, 3.9697)
(-3.7527, 2.7769, 3.8602)
(-4.3782, 3.04, 3.7351)
(-4.9928, 3.3301, 3.6119)
(-5.6079, 3.6103, 3.4916)
