(2.3943, -1.0448, -5.4648)
(2.2453, -0.4935, -5.2316)
(2.5717, -0.001, -5.0904)
(2.675, 0.611, -5.0289)
(2.3766, 1.1829, -5.1579)
(2.5395, -1.1132, -5.0593)
(2.2922, -0.619, -4.8277)
(2.019, 1.7223, -5.2567)
(2.4652, -0.078, -4.6949)
(1.7735, 2.0722, -5.2345)
(2.4859, 0.5689, -4.6641)
(2.2832, 1.2066, -4.766)
(1.9472, 1.7483, -4.835)
(1.6915, 2.1762, -4.9177)
(2.7107, -1.1805, -4.5263)
(2.36, -0.7331, -4.3235)
(2.2418, -0.1457, -4.246)
(2.1575, 0.4883, -4.2841)
(2.0422, 1.1625, -4.3427)
(1.8197, 1.7433, -4.305)
(1.8259, 2.2088, -4.3176)
(2.8749, -1.206, -3.9618)
(2.5921, -0.6411, -3.8276)
(2.3374, -0.0272, -3.7395)
(2.2336, 0.5922, -3.8061)
(2.0809, 1.2037, -3.8887)
(1.8063, 1.6978, -3.8484)
(1.9664, 2.1859, -3.7233)
(3.0366, -1.2248, -3.4037)
(2.9384, -0.5742, -3.3794)
(2.7001, 0.0663, -3.3188)
(2.4722, 0.6518, -3.3232)
(2.0956, 1.0158, -3.5445)
(1.8377, 1.417, -3.764)
(1.6131, 1.7628, -4.0055)
(3.0733, -1.218, -2.8122)
(3.1133, -0.5591, -2.8242)
(2.8761, 0.0722, -2.7825)
(2.5504, 0.623, -2.7702)
(2.1266, 0.9575, -2.9872)
(1.8157, 1.3506, -3.247)
(1.633, 1.6062, -3.3652)
(3.0439, -1.1825, -2.2107)
(3.1566, -0.5482, -2.2307)
(2.8819, 0.0379, -2.222)
(2.5569, 0.5857, -2.2498)
(2.2931, 1.0471, -2.4439)
(1.8551, 1.3866, -2.5697)
(1.4276, 1.5563, -2.6037)
(2.9616, -1.1107, -1.6151)
(3.1684, -0.4818, -1.646)
(3.0553, 0.1555, -1.7115)
(2.78, 0.7229, -1.7861)
(2.4059, 1.1845, -1.8806)
(1.9725, 1.577, -1.9612)
(1.6258, 1.883, -2.0211)
(2.8377, -1.0159, -1.0274)
(3.0898, -0.3929, -1.0582)
(3.0592, 0.2641, -1.1366)
(2.8255, 0.8522, -1.2204)
(2.4681, 1.3536, -1.2966)
(2.0952, 1.8101, -1.3789)
(1.7935, 2.1556, -1.4433)
(2.709, -0.9175, -0.4416)
(3.0015, -0.3062, -0.4668)
(2.9953, 0.3518, -0.5448)
(2.7809, 0.9611, -0.6325)
(2.5016, 1.5262, -0.7175)
(2.2034, 2.0451, -0.8068)
(1.9504, 2.4333, -0.8734)
(2.621, -0.8394, 0.1514)
(2.9666, -0.221, 0.1292)
(3.0407, 0.456, 0.0459)
(2.844, 1.1054, -0.0585)
(2.5812, 1.7192, -0.1571)
(2.3135, 2.2885, -0.2493)
(2.0944, 2.7154, -0.3116)
(2.5357, -0.7669, 0.7325)
(2.9154, -0.1315, 0.7195)
(3.088, 0.5634, 0.6383)
(2.952, 1.2612, 0.5044)
(2.6974, 1.9212, 0.3851)
(2.4311, 2.5428, 0.2922)
(2.2055, 3.0263, 0.2464)
(2.279, -0.6087, 1.2409)
(2.6653, 0.0129, 1.2406)
(2.9335, 0.6824, 1.1945)
(2.9236, 1.3919, 1.0735)
(2.7652, 2.0848, 0.9418)
(2.5715, 2.7697, 0.8272)
(2.3141, 3.5319, 0.7677)
(1.9821, -0.4309, 1.7388)
(2.3457, 0.1773, 1.7265)
(2.6031, 0.8303, 1.6726)
(2.6998, 1.5228, 1.5806)
(2.4602, 4.1679, 1.1564)
(2.7184, 2.2203, 1.4629)
(2.6918, 2.9147, 1.3179)
(2.7565, 4.7762, 1.4248)
(2.658, 3.6108, 1.1904)
(2.8927, 5.3015, 1.8726)
(2.6443, 4.265, 1.1832)
(1.6907, -0.2556, 2.2492)
(2.0335, 0.3426, 2.2145)
(2.2703, 0.9812, 2.1174)
(2.8596, 5.6204, 1.837)
(2.3806, 1.6462, 1.9769)
(2.5731, 4.7955, 1.3905)
(2.4561, 2.3225, 1.8419)
(2.5116, 3.0042, 1.7101)
(2.6084, 5.3338, 1.6527)
(2.5609, 3.6878, 1.5831)
(2.6743, 5.7948, 1.6981)
(2.64, 4.3307, 1.4598)
(1.4212, -0.0802, 2.75)
(1.7769, 0.5142, 2.7445)
(2.139, 1.1352, 2.6444)
(2.7719, 4.8358, 1.3244)
(2.4163, 1.771, 2.4683)
(2.6211, 2.4151, 2.2823)
(2.7375, 5.3944, 1.3186)
(2.7726, 3.0694, 2.0934)
(1.2013, 0.066, 3.1464)
(2.6894, 5.8683, 1.2866)
(2.8867, 3.7306, 1.9001)
(2.9501, 4.3911, 1.7429)
(1.882, 1.3928, 3.1066)
(1.3957, 0.7083, 3.3045)
(2.9663, 5.008, 1.6523)
(2.258, 2.0108, 2.9553)
(2.585, 2.6258, 2.7964)
(3.0887, 5.5658, 1.4794)
(2.8537, 3.2503, 2.6117)
(3.1319, 5.9888, 1.2744)
(3.0442, 3.8929, 2.4022)
(3.1324, 4.5662, 2.2148)
(1.3454, 1.2487, 3.6047)
(1.6486, 1.7224, 3.5202)
(3.2014, 5.2205, 2.0971)
(2.0, 2.3033, 3.397)
(2.3494, 2.9091, 3.2558)
(3.3426, 5.7961, 1.9154)
(2.6812, 3.5204, 3.0991)
(3.5107, 6.1742, 1.6719)
(2.9729, 4.1545, 2.9174)
(3.1941, 4.8355, 2.7086)
(1.1029, 1.617, 3.9032)
(1.3189, 2.0435, 3.8097)
(3.4426, 5.4403, 2.5367)
(1.6445, 2.6048, 3.7017)
(1.9935, 3.2022, 3.5749)
(3.6645, 5.9708, 2.3423)
(2.3454, 3.8024, 3.4464)
(0.9344, 1.9046, 3.9908)
(3.8286, 6.3721, 2.143)
(2.6936, 4.4182, 3.3139)
(0.9632, 2.2392, 3.9657)
(1.317, 2.8328, 3.8592)
(3.0312, 5.0598, 3.1414)
(1.6694, 3.4251, 3.7525)
(3.3943, 5.6364, 2.9952)
(2.0214, 4.0125, 3.6276)
(2.3912, 4.5961, 3.5671)
(3.6995, 6.1364, 2.8364)
(2.7009, 5.1852, 3.3663)
(3.9082, 6.4962, 2.6559)
(3.092, 5.7565, 3.2465)
(3.7615, 6.4302, 2.9647)
(3.475, 6.3398, 3.1548)
(-1.4747, 1.7037, -4.8752)
(-0.8931, 2.0229, -4.7011)
(-0.3375, 2.3292, -4.5195)
(0.2139, 2.6154, -4.7214)
(0.7374, 2.8163, -5.0367)
(-1.4962, 1.7289, -4.5095)
(-0.9695, 2.1614, -4.4951)
(1.2623, 2.5827, -5.2104)
(-0.4107, 2.5486, -4.4641)
(1.5936, 2.316, -5.221)
(0.1932, 2.8267, -4.516)
(0.8144, 2.8614, -4.6472)
(1.3381, 2.5488, -4.7852)
(1.6845, 2.1956, -4.9152)
(-1.2449, 1.4655, -4.1447)
(-0.7284, 1.8901, -4.2213)
(-0.2433, 2.3338, -4.1672)
(0.3093, 2.6803, -4.0788)
(0.9282, 2.8084, -4.1107)
(1.4742, 2.5553, -4.2335)
(1.8305, 2.2294, -4.319)
(-0.9993, 1.2808, -3.7239)
(-0.5669, 1.7723, -3.7803)
(-0.2203, 2.2288, -3.6853)
(0.3192, 2.4893, -3.5574)
(0.9285, 2.6002, -3.6314)
(1.5043, 2.4316, -3.7564)
(1.9548, 2.2055, -3.721)
(-1.1589, 1.4412, -3.3045)
(-0.7454, 1.8557, -3.4027)
(-0.2166, 1.9772, -3.297)
(0.3023, 2.1207, -3.1535)
(0.7779, 2.1939, -3.4422)
(1.2918, 2.0635, -3.6264)
(1.6045, 1.7826, -3.9806)
(-1.5237, 1.6548, -3.0251)
(-0.9527, 1.8339, -2.9925)
(-0.305, 1.8514, -2.8499)
(0.2422, 1.9107, -2.6835)
(0.7019, 1.9706, -2.9773)
(1.2151, 1.8732, -3.1791)
(1.5801, 1.668, -3.3774)
(-1.6737, 1.8972, -2.5574)
(-1.0497, 2.1244, -2.5613)
(-0.398, 2.189, -2.4703)
(0.1439, 2.1207, -2.2694)
(0.6462, 1.9574, -2.3926)
(1.1838, 1.838, -2.5213)
(1.4905, 1.5508, -2.6009)
(-1.6874, 2.0192, -1.9773)
(-1.067, 2.3178, -2.014)
(-0.4194, 2.5108, -2.0292)
(0.1849, 2.5326, -1.9933)
(0.7214, 2.3036, -1.9673)
(1.2697, 2.1204, -1.9982)
(1.6511, 1.8865, -2.0331)
(-1.6309, 1.9889, -1.3783)
(-1.023, 2.3147, -1.4153)
(-0.3856, 2.5594, -1.4542)
(0.2376, 2.6875, -1.4779)
(0.8337, 2.5941, -1.4701)
(1.3901, 2.3933, -1.4562)
(1.8046, 2.1747, -1.4469)
(-1.5624, 1.9157, -0.7795)
(-0.9484, 2.2203, -0.8207)
(-0.3085, 2.4606, -0.8634)
(0.3115, 2.6601, -0.8891)
(0.9268, 2.7279, -0.9025)
(1.5087, 2.6187, -0.8955)
(1.9503, 2.4543, -0.877)
(-1.4909, 1.816, -0.1876)
(-0.8494, 2.0512, -0.2475)
(-0.2004, 2.2753, -0.2973)
(0.4165, 2.5323, -0.3153)
(1.0234, 2.7433, -0.324)
(1.6184, 2.8075, -0.331)
(2.089, 2.7371, -0.311)
(-1.404, 1.6737, 0.392)
(-0.7516, 1.8752, 0.3183)
(-0.1167, 2.1331, 0.2693)
(0.5009, 2.4295, 0.2559)
(1.1024, 2.7289, 0.2484)
(1.6822, 2.9813, 0.2355)
(2.1843, 3.062, 0.2572)
(-1.3272, 1.557, 0.9751)
(-0.7234, 1.8532, 0.9029)
(-0.1549, 2.2261, 0.8446)
(0.4516, 2.5509, 0.8266)
(1.049, 2.8908, 0.8061)
(1.6208, 3.2579, 0.7675)
(2.2839, 3.5992, 0.7899)
(-1.2781, 1.5422, 1.5706)
(-0.7731, 1.974, 1.4827)
(-0.263, 2.4245, 1.404)
(0.3161, 2.7901, 1.3639)
(2.4527, 4.1937, 1.1944)
(0.8968, 3.1539, 1.3278)
(1.4191, 3.5886, 1.2462)
(2.7989, 4.8467, 1.4929)
(1.9167, 4.0439, 1.2214)
(2.963, 5.3446, 1.9326)
(2.2792, 4.5649, 1.3538)
(-1.2425, 1.5819, 2.1736)
(-0.809, 2.0873, 2.0802)
(-0.3512, 2.5919, 1.979)
(3.1037, 5.6189, 1.9383)
(0.1685, 3.0305, 1.8972)
(2.6462, 5.0365, 1.7434)
(0.7024, 3.444, 1.8239)
(1.1727, 3.9205, 1.7071)
(2.9599, 5.5338, 1.8979)
(1.6265, 4.4097, 1.6396)
(3.1739, 5.9144, 1.796)
(1.9751, 4.9534, 1.6183)
(-1.1911, 1.5933, 2.7537)
(-0.7845, 2.1227, 2.7022)
(-0.3725, 2.69, 2.5819)
(2.3919, 5.445, 1.8329)
(0.0693, 3.2205, 2.4526)
(0.5258, 3.7138, 2.3239)
(2.738, 5.8666, 1.8485)
(0.966, 4.2164, 2.1978)
(-1.0818, 1.538, 3.2079)
(2.9209, 6.2936, 1.5995)
(1.376, 4.7398, 2.1144)
(1.7561, 5.2895, 2.0771)
(-0.2271, 2.7018, 3.1662)
(-0.627, 1.99, 3.3857)
(2.1572, 5.827, 2.0979)
(0.1544, 3.2977, 3.026)
(0.5557, 3.8513, 2.885)
(2.5056, 6.2762, 2.0431)
(0.9435, 4.4019, 2.7486)
(2.7173, 6.7548, 1.8506)
(1.2917, 4.9839, 2.6489)
(1.7046, 5.5543, 2.6341)
(-0.1376, 2.1568, 3.7059)
(0.1357, 2.6413, 3.6047)
(2.0703, 6.0921, 2.6013)
(0.4764, 3.2202, 3.4954)
(0.8412, 3.8053, 3.3807)
(2.3978, 6.6315, 2.5266)
(1.2071, 4.3837, 3.2532)
(2.5874, 7.0885, 2.3701)
(1.5764, 4.9668, 3.1449)
(1.9625, 5.559, 3.1549)
(0.326, 2.0765, 3.9551)
(0.5917, 2.472, 3.8547)
(2.2698, 6.1263, 3.0959)
(0.9241, 3.0252, 3.7593)
(1.2739, 3.6161, 3.6681)
(2.5766, 6.7262, 3.0161)
(1.6295, 4.1954, 3.5525)
(0.6675, 2.0588, 4.009)
(2.7694, 7.1576, 2.8962)
(1.9997, 4.7509, 3.4268)
(0.9455, 2.2466, 3.9724)
(1.2959, 2.8365, 3.863)
(2.3616, 5.3169, 3.3792)
(1.648, 3.4273, 3.7601)
(2.7088, 5.9055, 3.275)
(1.9973, 4.0122, 3.625)
(2.368, 4.5931, 3.5595)
(3.0203, 6.5161, 3.2068)
(2.6919, 5.1636, 3.3462)
(3.1782, 6.9495, 3.1878)
(3.0385, 5.7086, 3.2339)
(3.3697, 6.6714, 3.3099)
(3.4561, 6.3553, 3.1686)
(2.4973, -1.5644, -5.6106)
(1.999, -1.6565, -5.5039)
(1.4258, -1.4791, -5.2815)
(0.8184, -1.6513, -5.2265)
(0.2482, -2.0141, -5.3045)
(-0.3882, -2.2631, -5.3508)
(2.5934, -1.6544, -5.1783)
(2.0783, -1.8228, -5.1042)
(1.4821, -1.6793, -4.8999)
(-1.0288, -2.3615, -5.3189)
(0.8531, -1.7826, -4.8115)
(-1.4333, -2.3322, -5.1987)
(0.268, -2.0966, -4.8786)
(-0.3516, -2.3691, -4.9294)
(-0.9881, -2.438, -4.8924)
(-1.4862, -2.3538, -4.8612)
(2.6967, -1.737, -4.6183)
(2.1654, -2.0, -4.573)
(1.5173, -1.9386, -4.4092)
(0.8672, -1.9252, -4.2642)
(0.2946, -2.1412, -4.3249)
(-0.2884, -2.4792, -4.3743)
(-0.9165, -2.5636, -4.3401)
(-1.3996, -2.4864, -4.2667)
(2.7756, -1.8051, -4.0208)
(2.2614, -2.1441, -3.9987)
(1.6158, -2.1265, -3.8725)
(0.9772, -2.0857, -3.7201)
(0.4237, -2.2324, -3.7793)
(-0.1887, -2.5258, -3.8115)
(-0.8242, -2.6064, -3.8621)
(-1.2988, -2.5728, -3.6727)
(2.8014, -1.8373, -3.4218)
(2.3168, -2.286, -3.4434)
(1.7027, -2.4377, -3.425)
(1.1079, -2.3465, -3.2668)
(0.5021, -2.2695, -3.3018)
(-0.1172, -2.2907, -3.3504)
(-0.6915, -2.2563, -3.6714)
(-1.1393, -2.1087, -4.0794)
(2.7375, -1.802, -2.8224)
(2.2359, -2.2686, -2.8632)
(1.6417, -2.5889, -2.9231)
(1.0043, -2.7141, -2.9712)
(0.3694, -2.6104, -3.0344)
(-0.1318, -2.3469, -2.9822)
(-0.5819, -2.179, -3.2236)
(-0.9655, -2.0603, -3.5451)
(2.6475, -1.733, -2.2258)
(2.1297, -2.185, -2.274)
(1.5585, -2.5636, -2.3459)
(0.9505, -2.8416, -2.4427)
(0.322, -2.9007, -2.5479)
(-0.2383, -2.6861, -2.5958)
(-0.6546, -2.2804, -2.6584)
(-0.9415, -1.9501, -2.7057)
(2.5379, -1.6469, -1.6335)
(2.0235, -2.1038, -1.6827)
(1.4747, -2.5136, -1.7504)
(0.8926, -2.8387, -1.8394)
(0.281, -2.9698, -1.9361)
(-0.3043, -2.8344, -2.0027)
(-0.7644, -2.4621, -2.0316)
(-1.1387, -2.2111, -2.076)
(2.4115, -1.555, -1.0447)
(1.9198, -2.039, -1.0883)
(1.4017, -2.4883, -1.1498)
(0.8349, -2.8344, -1.2333)
(0.2265, -2.9692, -1.3191)
(-0.3734, -2.8801, -1.3817)
(-0.9018, -2.6278, -1.4251)
(-1.3218, -2.439, -1.4754)
(2.2902, -1.4748, -0.4544)
(1.838, -2.0062, -0.4888)
(1.3543, -2.5007, -0.5455)
(0.7844, -2.8502, -0.628)
(0.158, -2.9674, -0.7125)
(-0.4687, -2.9181, -0.7794)
(-1.053, -2.779, -0.8375)
(-1.5032, -2.6572, -0.8887)
(2.2097, -1.4292, 0.1426)
(1.791, -2.0142, 0.1145)
(1.3368, -2.5669, 0.0612)
(0.7506, -2.9306, -0.0252)
(0.0822, -3.0229, -0.1193)
(-0.5853, -3.0014, -0.197)
(-1.214, -2.9387, -0.2642)
(-1.6941, -2.8658, -0.3109)
(2.1246, -1.3792, 0.7228)
(1.7114, -1.99, 0.7012)
(1.2739, -2.589, 0.6616)
(0.7065, -3.0279, 0.5767)
(0.009, -3.1681, 0.4574)
(-0.7024, -3.1611, 0.3613)
(-1.3809, -3.126, 0.2912)
(-1.9152, -3.0734, 0.2621)
(1.8774, -1.2151, 1.2314)
(1.4736, -1.8194, 1.2173)
(1.0605, -2.4206, 1.1948)
(0.5687, -2.9382, 1.1426)
(-0.096, -3.1776, 1.028)
(-0.8074, -3.2625, 0.9208)
(-1.514, -3.3198, 0.8364)
(-2.3197, -3.3662, 0.8019)
(1.5921, -1.024, 1.7334)
(1.2009, -1.6137, 1.7212)
(0.8084, -2.1966, 1.7012)
(0.3583, -2.7085, 1.6508)
(-0.2365, -3.0092, 1.5394)
(-2.7955, -3.773, 1.2447)
(-0.8736, -3.2529, 1.4525)
(-1.5001, -3.5136, 1.3418)
(-3.2123, -4.1759, 1.7312)
(-2.0868, -3.818, 1.182)
(-3.7964, -4.5392, 1.8424)
(1.3077, -0.8384, 2.248)
(-2.6812, -4.092, 1.1824)
(0.921, -1.42, 2.2349)
(0.5412, -2.0035, 2.2168)
(0.1475, -2.5762, 2.1756)
(-4.0248, -4.3858, 1.7124)
(-0.3176, -3.0645, 2.0594)
(-3.2731, -4.2255, 1.4081)
(-0.8351, -3.489, 1.9083)
(-1.3836, -3.8694, 1.7294)
(-3.8103, -4.3073, 1.6668)
(-1.9375, -4.2364, 1.5311)
(-4.2457, -4.3398, 1.6791)
(-2.5344, -4.5305, 1.3902)
(1.0449, -0.6642, 2.7352)
(0.6466, -1.233, 2.7306)
(0.2293, -1.7835, 2.7139)
(-0.1868, -2.3771, 2.6361)
(-3.1859, -4.6446, 1.3734)
(-0.6046, -2.9579, 2.5327)
(-1.0419, -3.495, 2.4044)
(-3.805, -4.6346, 1.4358)
(-1.511, -3.9844, 2.2352)
(0.8667, -0.5466, 3.0829)
(0.441, -1.0972, 3.1399)
(-4.2913, -4.6415, 1.4225)
(-2.008, -4.432, 2.0325)
(-2.5419, -4.82, 1.8374)
(-0.5628, -2.1766, 3.0736)
(-0.0803, -1.5068, 3.2975)
(-3.1484, -5.0574, 1.7185)
(-0.9981, -2.7511, 2.937)
(-1.4208, -3.312, 2.8232)
(-3.7822, -5.1165, 1.6586)
(-1.8512, -3.8523, 2.6954)
(-4.2782, -5.1277, 1.6287)
(-2.3147, -4.3469, 2.518)
(-2.8041, -4.8043, 2.3176)
(-0.5988, -1.6428, 3.6127)
(-0.9529, -2.0709, 3.4985)
(-3.2566, -5.2635, 2.2026)
(-1.3839, -2.5843, 3.3615)
(-1.818, -3.1254, 3.2365)
(-3.8059, -5.4994, 2.1055)
(-2.2373, -3.6794, 3.127)
(-4.2727, -5.6029, 2.0165)
(-2.6692, -4.2222, 2.9933)
(-3.1459, -4.7212, 2.7959)
(-1.0335, -1.5472, 3.9101)
(-1.3529, -1.9062, 3.8329)
(-3.5545, -5.2395, 2.662)
(-1.7634, -2.4056, 3.7345)
(-2.1952, -2.9409, 3.6186)
(-3.9507, -5.6993, 2.6007)
(-2.6177, -3.4886, 3.5101)
(-1.3644, -1.5002, 3.9984)
(-4.3254, -5.9603, 2.4714)
(-3.0375, -4.0433, 3.394)
(-1.6628, -1.6543, 3.9862)
(-2.082, -2.2068, 3.9376)
(-3.4672, -4.5797, 3.2056)
(-2.4987, -2.7606, 3.8666)
(-3.8525, -5.1234, 3.0877)
(-2.9162, -3.3137, 3.7707)
(-3.3241, -3.8804, 3.7207)
(-4.224, -5.6247, 3.047)
(-3.724, -4.3121, 3.3528)
(-4.5157, -5.9733, 2.947)
(-4.1076, -4.8849, 3.2861)
(-4.6068, -5.7436, 3.1728)
(-4.5715, -5.408, 3.2335)
(-1.9791, 1.2445, -4.9144)
(-2.3523, 0.6665, -4.8864)
(-2.6148, 0.0274, -4.8635)
(-2.8084, -0.6344, -4.8452)
(-2.8526, -1.3102, -4.8622)
(-2.6006, -1.9016, -4.9397)
(-1.9651, 1.2369, -4.4749)
(-2.3447, 0.6676, -4.4446)
(-2.6014, 0.0294, -4.4245)
(-2.0858, -2.2165, -5.0979)
(-2.7536, -0.6419, -4.4087)
(-1.6835, -2.3472, -5.143)
(-2.7672, -1.3175, -4.4307)
(-2.4816, -1.8953, -4.5163)
(-1.9621, -2.2097, -4.68)
(-1.5045, -2.3503, -4.8517)
(-1.7742, 1.0708, -3.9976)
(-2.2464, 0.5983, -3.9069)
(-2.5523, 0.012, -3.8589)
(-2.6403, -0.6507, -3.855)
(-2.5969, -1.299, -3.9176)
(-2.3128, -1.8738, -3.9787)
(-1.8351, -2.2496, -4.1259)
(-1.4169, -2.4801, -4.2564)
(-1.4909, 0.8327, -3.5899)
(-1.9947, 0.4048, -3.4318)
(-2.3969, -0.0594, -3.2977)
(-2.381, -0.6459, -3.3525)
(-2.2136, -1.1345, -3.5955)
(-2.0481, -1.7096, -3.5873)
(-1.6957, -2.1976, -3.6814)
(-1.3171, -2.5676, -3.664)
(-1.4989, 0.8856, -3.1321)
(-1.8528, 0.3477, -2.9564)
(-2.1419, -0.1092, -2.8153)
(-2.0109, -0.58, -2.996)
(-1.8375, -0.8702, -3.3553)
(-1.7527, -1.3825, -3.5197)
(-1.4856, -1.8778, -3.6699)
(-1.1189, -2.0759, -3.9677)
(-1.8709, 1.1446, -2.8729)
(-2.0412, 0.578, -2.6274)
(-1.9297, 0.12, -2.4904)
(-1.8065, -0.2733, -2.7716)
(-1.6671, -0.7373, -2.9013)
(-1.5728, -1.255, -3.0611)
(-1.322, -1.735, -3.225)
(-0.9977, -2.0193, -3.4171)
(-2.0851, 1.4301, -2.4424)
(-2.0821, 0.888, -2.2201)
(-1.784, 0.4354, -2.2205)
(-1.7766, -0.0993, -2.3469)
(-1.6376, -0.6652, -2.3992)
(-1.5077, -1.2083, -2.4883)
(-1.2638, -1.7025, -2.5921)
(-0.9454, -2.0099, -2.7064)
(-2.1267, 1.5901, -1.9018)
(-2.0625, 1.0372, -1.7485)
(-1.8468, 0.4324, -1.7536)
(-1.7934, -0.2076, -1.8253)
(-1.8224, -0.8167, -1.9119)
(-1.7461, -1.4007, -2.0014)
(-1.4644, -1.903, -2.0482)
(-1.1474, -2.2361, -2.0864)
(-2.1175, 1.5338, -1.3516)
(-2.3055, 0.9421, -1.3319)
(-2.1795, 0.2951, -1.3165)
(-2.0083, -0.352, -1.3155)
(-1.9446, -0.9785, -1.3708)
(-1.8971, -1.577, -1.4494)
(-1.6432, -2.0961, -1.4796)
(-1.3382, -2.4484, -1.4845)
(-2.0648, 1.4574, -0.7648)
(-2.3736, 0.8607, -0.7807)
(-2.4134, 0.1923, -0.8031)
(-2.3005, -0.476, -0.8268)
(-2.1732, -1.115, -0.856)
(-2.0341, -1.725, -0.8859)
(-1.7924, -2.2704, -0.901)
(-1.5231, -2.6563, -0.8943)
(-2.025, 1.4112, -0.1635)
(-2.3359, 0.817, -0.1797)
(-2.4074, 0.1391, -0.2146)
(-2.3465, -0.5453, -0.2541)
(-2.2474, -1.2081, -0.2868)
(-2.1157, -1.8456, -0.3101)
(-1.9326, -2.4322, -0.3239)
(-1.715, -2.8622, -0.3096)
(-1.9844, 1.36, 0.4372)
(-2.2897, 0.7865, 0.4241)
(-2.3012, 0.1099, 0.3813)
(-2.2241, -0.5763, 0.3341)
(-2.171, -1.2588, 0.299)
(-2.1364, -1.929, 0.2727)
(-2.0892, -2.5636, 0.2478)
(-1.9574, -3.0617, 0.271)
(-1.9276, 1.3, 1.0373)
(-2.243, 0.7563, 1.0283)
(-2.2194, 0.0885, 0.9785)
(-2.1835, -0.5929, 0.9231)
(-2.2104, -1.2799, 0.8854)
(-2.2667, -1.9613, 0.846)
(-2.3644, -2.6253, 0.7849)
(-2.3925, -3.3657, 0.8205)
(-1.86, 1.2503, 1.64)
(-2.2127, 0.725, 1.6316)
(-2.2626, 0.0718, 1.5657)
(-2.3747, -0.5904, 1.477)
(-2.4687, -1.2685, 1.4221)
(-2.8361, -3.7712, 1.2355)
(-2.5492, -1.9454, 1.3779)
(-2.7449, -2.5844, 1.2669)
(-3.2666, -4.2153, 1.8449)
(-2.978, -3.2023, 1.2236)
(-3.8319, -4.6283, 1.9124)
(-1.7753, 1.1967, 2.2391)
(-3.2552, -3.7525, 1.4489)
(-2.1845, 0.6774, 2.2239)
(-2.4215, 0.0614, 2.1288)
(-2.6397, -0.5808, 2.0157)
(-3.6893, -4.771, 1.5582)
(-2.7962, -1.2436, 1.9311)
(-3.5948, -4.1945, 1.7899)
(-2.9092, -1.9106, 1.8701)
(-3.1513, -2.5227, 1.73)
(-3.8026, -4.5412, 1.8142)
(-3.4724, -3.0665, 1.594)
(-3.803, -4.6151, 1.4213)
(-3.7268, -3.6213, 1.7194)
(-1.6368, 1.0974, 2.7792)
(-2.0357, 0.5568, 2.7714)
(-2.387, -0.0139, 2.7237)
(-2.7401, -0.6219, 2.6025)
(-4.0418, -4.1754, 1.8704)
(-3.0304, -1.2516, 2.4723)
(-3.253, -1.8924, 2.3575)
(-4.2801, -4.6232, 1.8057)
(-3.5215, -2.5048, 2.2158)
(-1.4983, 0.9998, 3.144)
(-1.8571, 0.4241, 3.1903)
(-4.3407, -4.598, 1.4189)
(-3.8738, -3.0651, 2.0754)
(-4.1939, -3.6413, 2.1009)
(-2.6294, -0.7929, 3.1666)
(-2.1045, -0.1568, 3.3636)
(-4.5041, -4.1592, 2.1034)
(-3.0286, -1.3844, 3.0351)
(-3.3727, -1.9855, 2.908)
(-4.8265, -4.6498, 1.9717)
(-3.6981, -2.5915, 2.7718)
(-4.9194, -4.7856, 1.6066)
(-4.0667, -3.1859, 2.6447)
(-4.4801, -3.7778, 2.5852)
(-2.053, -0.6528, 3.6922)
(-2.3932, -1.0973, 3.6013)
(-4.8744, -4.3163, 2.5172)
(-2.7915, -1.6419, 3.5006)
(-3.1888, -2.2111, 3.4042)
(-5.2338, -4.74, 2.3605)
(-3.5769, -2.7834, 3.3142)
(-5.2989, -5.0132, 2.0819)
(-3.9795, -3.3544, 3.2347)
(-4.4124, -3.9281, 3.1079)
(-1.7783, -1.0231, 3.9519)
(-2.0418, -1.4267, 3.8681)
(-4.8546, -4.4564, 3.0116)
(-2.4235, -1.952, 3.7909)
(-2.8382, -2.5053, 3.7264)
(-5.256, -4.8687, 2.8678)
(-3.2568, -3.0558, 3.6786)
(-1.6219, -1.3215, 4.0225)
(-5.5074, -5.1444, 2.6624)
(-3.6559, -3.5983, 3.6108)
(-1.6849, -1.6507, 3.9882)
(-2.1042, -2.2036, 3.9414)
(-3.9997, -4.1246, 3.3668)
(-2.5195, -2.758, 3.8741)
(-4.4611, -4.6632, 3.2499)
(-2.9324, -3.3088, 3.7824)
(-3.3435, -3.8599, 3.7359)
(-4.9263, -5.0873, 3.1831)
(-3.697, -4.2931, 3.3228)
(-5.3207, -5.2836, 3.12)
(-4.0464, -4.8787, 3.2452)
(-4.9742, -5.3397, 3.2143)
(-4.6032, -5.3869, 3.2348)
(3.8581, 6.4788, 2.8363)
(2.7711, 5.7267, 1.8035)
(2.6279, 5.8342, 1.4886)
(2.8866, 5.9187, 1.2123)
(3.3349, 6.0762, 1.4466)
(3.6859, 6.2751, 1.9006)
(3.902, 6.4545, 2.4098)
(2.5441, -1.6099, -5.4063)
(2.6458, -1.697, -4.9107)
(2.7407, -1.7736, -4.3201)
(2.7988, -1.8285, -3.7213)
(2.7774, -1.8267, -3.122)
(2.6942, -1.7701, -2.5236)
(2.5954, -1.6915, -1.9291)
(2.4759, -1.6008, -1.3389)
(2.3477, -1.5117, -0.7502)
(2.244, -1.4476, -0.1565)
(2.1804, -1.4136, 0.4396)
(2.0165, -1.3082, 0.9831)
(1.7343, -1.1189, 1.4806)
(1.4499, -0.9311, 1.9894)
(1.1683, -0.7463, 2.5043)
(0.9478, -0.6, 2.9222)
(2.6349, -1.4015, -5.1415)
(2.776, -1.4637, -4.5917)
(2.8855, -1.5152, -4.0021)
(2.9591, -1.5424, -3.4124)
(2.9347, -1.5234, -2.8127)
(2.8691, -1.4719, -2.2127)
(2.7675, -1.3912, -1.6189)
(2.6382, -1.2951, -1.0313)
(2.5067, -1.201, -0.4447)
(2.4167, -1.1357, 0.1495)
(2.33, -1.0741, 0.7291)
(2.0784, -0.9126, 1.2366)
(1.7879, -0.7281, 1.7372)
(1.5013, -0.5476, 2.2513)
(1.2365, -0.3731, 2.7419)
(1.0463, -0.2471, 3.1017)
(2.5066, -1.3356, -5.5632)
(2.2708, -0.7572, -5.3439)
(2.3828, -0.2542, -5.1509)
(2.6807, 0.2978, -5.04)
(2.5566, 0.9027, -5.0808)
(2.1902, 1.4638, -5.2173)
(1.876, 1.9299, -5.2747)
(3.6276, 6.3829, 3.0657)
(3.2835, 6.0481, 3.2006)
(2.8964, 5.4708, 3.3064)
(2.546, 4.8906, 3.4667)
(2.2063, 4.3043, 3.5974)
(1.8454, 3.7188, 3.69)
(1.4932, 3.129, 3.8059)
(1.1401, 2.536, 3.9125)
(0.9324, 2.0662, 3.9839)
(1.8183, 1.9703, -4.8621)
(2.1146, 1.4932, -4.8073)
(2.4093, 0.8955, -4.7082)
(2.5112, 0.2381, -4.6628)
(2.3526, -0.363, -4.7468)
(2.384, -0.8581, -4.9427)
(1.7974, 1.9819, -4.304)
(1.9223, 1.4705, -4.3279)
(2.1143, 0.8271, -4.322)
(2.2022, 0.167, -4.2551)
(2.2751, -0.4565, -4.265)
(2.5362, -0.9542, -4.4236)
(1.814, 1.9182, -3.8374)
(1.9257, 1.4655, -3.8735)
(2.1803, 0.9061, -3.86)
(2.2752, 0.2821, -3.7577)
(2.4447, -0.3397, -3.7675)
(2.7566, -0.9212, -3.8987)
(1.7461, 1.612, -3.8324)
(1.9466, 1.2097, -3.6683)
(2.2888, 0.8472, -3.4158)
(2.5977, 0.3815, -3.2986)
(2.8199, -0.2535, -3.3511)
(3.0217, -0.8995, -3.3951)
(1.7032, 1.5008, -3.3136)
(1.9534, 1.1538, -3.1302)
(2.3385, 0.7989, -2.8549)
(2.7256, 0.3721, -2.7564)
(3.0156, -0.2388, -2.81)
(3.1345, -0.8907, -2.8207)
(1.6565, 1.5057, -2.6024)
(2.0836, 1.2328, -2.5202)
(2.4362, 0.8303, -2.3388)
(2.7077, 0.3183, -2.2179)
(3.0509, -0.2483, -2.2301)
(3.1494, -0.8669, -2.2206)
(1.7878, 1.7346, -1.9929)
(2.1864, 1.3914, -1.9239)
(2.6052, 0.9643, -1.8325)
(2.931, 0.4519, -1.7468)
(3.1443, -0.1587, -1.6767)
(3.1028, -0.8037, -1.6245)
(1.9369, 1.9935, -1.4135)
(2.2759, 1.5921, -1.3383)
(2.6562, 1.1096, -1.2583)
(2.9624, 0.5704, -1.1797)
(3.1072, -0.0619, -1.0939)
(2.995, -0.7137, -1.0359)
(2.0714, 2.2515, -0.8429)
(2.3503, 1.7983, -0.7633)
(2.6459, 1.247, -0.6744)
(2.9035, 0.6642, -0.5892)
(3.0349, 0.0231, -0.5014)
(2.8842, -0.6202, -0.4476)
(2.1973, 2.5168, -0.2836)
(2.4443, 2.0171, -0.2057)
(2.7148, 1.4151, -0.1083)
(2.9633, 0.7866, -0.0063)
(3.0439, 0.115, 0.0936)
(2.815, -0.5374, 0.1467)
(2.3141, 2.8079, 0.2632)
(2.5611, 2.2421, 0.334)
(2.8304, 1.5949, 0.4415)
(3.0492, 0.9159, 0.5733)
(3.0396, 0.2107, 0.6883)
(2.7385, -0.4554, 0.7318)
(2.8931, 5.4722, 1.8557)
(2.8246, 5.0389, 1.6487)
(2.6084, 4.4721, 1.2906)
(2.3872, 3.8499, 0.9621)
(2.4689, 3.1203, 0.7865)
(2.6696, 2.4269, 0.8808)
(2.8537, 1.741, 1.0064)
(2.9592, 1.036, 1.14)
(2.8275, 0.3406, 1.2267)
(2.4776, -0.3019, 1.2436)
(2.6416, 5.5731, 1.6973)
(2.5785, 5.0673, 1.5371)
(2.6059, 4.537, 1.2637)
(2.6562, 3.9516, 1.1631)
(2.6714, 3.2632, 1.2467)
(2.7092, 2.5674, 1.3923)
(2.7156, 1.8721, 1.5254)
(2.6674, 1.1738, 1.6303)
(2.4935, 0.4975, 1.7051)
(2.1713, -0.1307, 1.7365)
(2.7101, 5.6422, 1.3088)
(2.7701, 5.1142, 1.3126)
(2.7152, 4.5874, 1.3824)
(2.5904, 4.025, 1.5251)
(2.536, 3.3458, 1.6449)
(2.4859, 2.6629, 1.776)
(2.4204, 1.9834, 1.9081)
(2.3358, 1.3116, 2.0491)
(2.1689, 0.6571, 2.1737)
(1.8711, 0.0396, 2.2385)
(3.1213, 5.7896, 1.3775)
(3.024, 5.3007, 1.5761)
(2.9511, 4.705, 1.699)
(2.9282, 4.064, 1.8118)
(2.834, 3.3989, 1.996)
(2.7024, 2.7412, 2.1888)
(2.5262, 2.0918, 2.375)
(2.2894, 1.452, 2.5613)
(1.9626, 0.8218, 2.7073)
(1.5984, 0.2145, 2.755)
(3.4259, 6.003, 1.7977)
(3.2642, 5.5286, 2.0173)
(3.1614, 4.8977, 2.1549)
(3.0979, 4.2283, 2.2998)
(2.9615, 3.5677, 2.5084)
(2.7273, 2.9365, 2.708)
(2.4285, 2.3181, 2.8777)
(2.0742, 1.7017, 3.0322)
(1.679, 1.0804, 3.1811)
(1.3234, 0.3906, 3.2099)
(3.7513, 6.183, 2.2422)
(3.5609, 5.7192, 2.4426)
(3.3158, 5.1482, 2.6209)
(3.0859, 4.4969, 2.8113)
(2.8361, 3.8307, 3.013)
(2.5179, 3.2139, 3.1797)
(2.1768, 2.606, 3.328)
(1.8206, 2.003, 3.4627)
(1.4922, 1.4755, 3.5659)
(3.8117, 6.3288, 2.7477)
(3.5593, 5.9014, 2.9192)
(3.2132, 5.357, 3.0659)
(2.8604, 4.7415, 3.2285)
(2.5214, 4.1059, 3.3843)
(2.169, 3.5017, 3.5098)
(1.8192, 2.9032, 3.6398)
(1.4718, 2.3114, 3.7582)
(1.2005, 1.8176, 3.8575)
(1.2329, 1.4515, 3.7712)
(1.4915, 1.8908, 3.6851)
(1.8277, 2.4592, 3.5705)
(2.1765, 3.061, 3.4358)
(2.5218, 3.667, 3.2941)
(2.8493, 4.2939, 3.1366)
(3.1408, 4.9602, 2.9435)
(3.4603, 5.5459, 2.7791)
(3.7273, 6.0563, 2.5969)
(1.4032, 0.9987, 3.441)
(1.7677, 1.5531, 3.3223)
(2.1389, 2.1531, 3.1869)
(2.4862, 2.7621, 3.0397)
(2.7939, 3.3785, 2.8686)
(3.036, 4.0167, 2.6692)
(3.1828, 4.6973, 2.4653)
(3.3407, 5.3303, 2.3121)
(3.5127, 5.8883, 2.1233)
(1.3068, -0.0042, 2.9584)
(1.6257, 0.6153, 2.9961)
(2.0206, 1.2505, 2.8845)
(2.366, 1.8783, 2.7162)
(2.6423, 2.5059, 2.5377)
(2.855, 3.1439, 2.3425)
(3.0036, 3.7943, 2.132)
(3.0645, 4.4618, 1.9609)
(3.0734, 5.1131, 1.8757)
(3.2159, 5.6831, 1.6902)
(1.5506, -0.1658, 2.5083)
(1.9044, 0.425, 2.4802)
(2.2004, 1.0511, 2.3787)
(2.383, 1.7001, 2.213)
(2.5132, 2.3609, 2.048)
(2.6107, 3.0305, 1.8898)
(2.6926, 3.704, 1.7345)
(2.7757, 4.3537, 1.5909)
(2.8746, 4.9086, 1.4474)
(2.9137, 5.4655, 1.3335)
(1.8353, -0.3437, 1.9919)
(2.1833, 0.2603, 1.9657)
(2.4153, 0.9076, 1.8884)
(2.5126, 1.5873, 1.7787)
(2.565, 2.2766, 1.6597)
(2.5873, 2.9662, 1.5245)
(2.6004, 3.6557, 1.3934)
(2.6264, 4.3028, 1.308)
(2.6472, 4.8052, 1.3284)
(2.6233, 5.3569, 1.4661)
(2.1299, -0.5192, 1.4885)
(2.5078, 0.0945, 1.4859)
(2.7834, 0.7536, 1.4437)
(2.8403, 1.4569, 1.3429)
(2.7768, 2.1558, 1.2177)
(2.6675, 2.8515, 1.0828)
(2.5635, 3.5629, 1.0019)
(2.5883, 4.2174, 1.1373)
(2.6177, 4.7826, 1.4301)
(2.7094, 5.308, 1.76)
(2.424, -0.6963, 0.9932)
(2.8108, -0.0651, 0.9879)
(3.0387, 0.6198, 0.9242)
(2.9601, 1.3286, 0.7903)
(2.7374, 2.0078, 0.6616)
(2.4921, 2.6642, 0.5616)
(2.2598, 3.2791, 0.5071)
(2.5917, -0.8095, 0.4485)
(2.9577, -0.1805, 0.4297)
(3.0792, 0.5095, 0.3435)
(2.9047, 1.1852, 0.2225)
(2.6408, 1.8225, 0.1141)
(2.372, 2.4156, 0.0225)
(2.15, 2.8708, -0.0326)
(2.6582, -0.8747, -0.1462)
(2.9776, -0.2628, -0.17)
(3.0056, 0.4023, -0.25)
(2.7977, 1.0289, -0.3434)
(2.5335, 1.6196, -0.4342)
(2.2574, 2.1651, -0.5258)
(2.0224, 2.5744, -0.5925)
(2.7709, -0.9657, -0.7349)
(3.041, -0.3493, -0.7628)
(3.0202, 0.3072, -0.8402)
(2.7983, 0.9047, -0.9251)
(2.4839, 1.4389, -1.0054)
(2.1503, 1.9271, -1.0913)
(1.872, 2.2945, -1.1584)
(2.903, -1.065, -1.3204)
(3.1378, -0.4378, -1.3529)
(3.0823, 0.2159, -1.4316)
(2.8306, 0.7941, -1.5142)
(2.4421, 1.2671, -1.5893)
(2.0358, 1.6932, -1.6689)
(1.7096, 2.0193, -1.7322)
(3.0092, -1.1507, -1.9119)
(3.17, -0.5212, -1.9377)
(2.9645, 0.0844, -1.9678)
(2.6624, 0.6407, -2.0222)
(2.3596, 1.1115, -2.1672)
(1.9085, 1.4668, -2.2576)
(1.5267, 1.7197, -2.3124)
(3.0646, -1.2044, -2.5112)
(3.142, -0.5579, -2.5273)
(2.8712, 0.0448, -2.4959)
(2.5354, 0.5898, -2.4993)
(2.2035, 0.9916, -2.7104)
(1.8233, 1.355, -2.905)
(1.5303, 1.5812, -2.9844)
(3.0693, -1.2251, -3.1116)
(3.0512, -0.5628, -3.1143)
(2.8245, 0.0811, -3.0652)
(2.5361, 0.6468, -3.0519)
(2.0958, 0.9601, -3.2837)
(1.8279, 1.3569, -3.5611)
(1.623, 1.6845, -3.6854)
(2.9644, -1.2167, -3.6846)
(2.7704, -0.5977, -3.608)
(2.5149, 0.0307, -3.5297)
(2.3591, 0.6355, -3.5689)
(2.0986, 1.1227, -3.7247)
(1.8263, 1.5598, -3.8094)
(1.7898, 1.9744, -3.8644)
(2.7917, -1.1967, -4.2428)
(2.4515, -0.7021, -4.0671)
(2.2383, -0.1004, -3.9872)
(2.1454, 0.5269, -4.0513)
(2.038, 1.1952, -4.1042)
(1.798, 1.746, -4.0311)
(1.8962, 2.1974, -4.0205)
(2.6244, -1.1503, -4.805)
(2.3146, -0.6938, -4.5839)
(2.3429, -0.1278, -4.4815)
(2.3035, 0.516, -4.4834)
(2.1506, 1.1772, -4.5628)
(1.8797, 1.7451, -4.5823)
(1.7587, 2.1925, -4.6177)
(2.4639, -1.078, -5.2739)
(2.2699, -0.5518, -5.0394)
(2.5366, -0.0354, -4.8956)
(2.604, 0.5989, -4.8453)
(2.3524, 1.2057, -4.9631)
(1.9913, 1.7394, -5.0553)
(1.7193, 2.1433, -5.1022)
(0.9956, 1.7609, 3.9714)
(1.1554, 2.1662, 3.8945)
(1.4754, 2.7262, 3.7918)
(1.8258, 3.3204, 3.6736)
(2.18, 3.9144, 3.5538)
(2.537, 4.5156, 3.4447)
(2.8816, 5.1298, 3.2776)
(3.2605, 5.704, 3.1437)
(3.6011, 6.2082, 3.011)
(3.3023, 6.8141, 3.2765)
(3.1711, 5.7605, 1.8904)
(3.0678, 6.0897, 1.669)
(2.808, 6.5254, 1.6692)
(2.6304, 6.9485, 2.0938)
(2.6324, 7.1616, 2.6521)
(2.9773, 7.0755, 3.0682)
(-1.986, 1.253, -4.7011)
(-1.8941, 1.1765, -4.2309)
(-1.6217, 0.9353, -3.7965)
(-1.4395, 0.82, -3.3479)
(-1.6716, 1.0016, -2.9965)
(-2.0094, 1.2934, -2.6845)
(-2.1177, 1.5364, -2.176)
(-2.1275, 1.5787, -1.6291)
(-2.0931, 1.4909, -1.0623)
(-2.0428, 1.4327, -0.4644)
(-2.0063, 1.3874, 0.1371)
(-1.9579, 1.3299, 0.7371)
(-1.8946, 1.2736, 1.3384)
(-1.8231, 1.2277, 1.9411)
(-1.71, 1.1504, 2.5267)
(-1.5662, 1.0472, 2.9776)
(-1.7397, 1.4919, -4.4952)
(-1.5116, 1.2708, -4.0706)
(-1.2422, 1.0521, -3.6621)
(-1.3321, 1.169, -3.2203)
(-1.721, 1.4287, -2.9692)
(-1.9198, 1.688, -2.5201)
(-1.9566, 1.8223, -1.9516)
(-1.9005, 1.7799, -1.3638)
(-1.8322, 1.7069, -0.7679)
(-1.7794, 1.6399, -0.1698)
(-1.7163, 1.5452, 0.4213)
(-1.6442, 1.4475, 1.0119)
(-1.5746, 1.4019, 1.6119)
(-1.507, 1.3887, 2.2132)
(-1.4135, 1.3467, 2.7692)
(-1.2959, 1.2736, 3.1632)
(-1.7419, 1.4933, -4.9089)
(-1.1856, 1.8726, -4.8053)
(-0.6127, 2.1768, -4.5811)
(-0.0593, 2.4722, -4.5791)
(0.475, 2.755, -4.8874)
(1.0097, 2.7377, -5.1418)
(1.461, 2.4326, -5.2483)
(3.4164, 6.5167, 3.2621)
(3.2473, 6.032, 3.2013)
(2.8652, 5.4361, 3.2901)
(2.5299, 4.8784, 3.4528)
(2.1827, 4.3027, 3.5923)
(1.8227, 3.7198, 3.6926)
(1.4719, 3.1319, 3.8116)
(1.1207, 2.5415, 3.9177)
(0.8097, 2.1355, 3.9951)
(1.5319, 2.3749, -4.8394)
(1.096, 2.7299, -4.7201)
(0.5078, 2.8882, -4.5756)
(-0.1144, 2.7077, -4.4775)
(-0.6946, 2.3631, -4.4749)
(-1.2379, 1.9507, -4.5089)
(1.668, 2.3877, -4.2815)
(1.2223, 2.7145, -4.1701)
(0.6171, 2.788, -4.0772)
(0.0213, 2.5246, -4.116)
(-0.4876, 2.1165, -4.2076)
(-0.9816, 1.6715, -4.1987)
(1.7161, 2.2965, -3.7999)
(1.2344, 2.5455, -3.6954)
(0.6214, 2.5723, -3.574)
(0.0275, 2.3802, -3.6063)
(-0.4019, 2.0179, -3.7499)
(-0.7681, 1.5226, -3.768)
(1.4868, 1.9496, -3.735)
(1.0418, 2.1503, -3.5501)
(0.5368, 2.1789, -3.2725)
(0.0507, 2.0436, -3.1878)
(-0.4891, 1.9345, -3.3772)
(-0.9671, 1.6833, -3.3723)
(1.4109, 1.7772, -3.2636)
(0.9646, 1.9422, -3.098)
(0.4694, 1.9523, -2.8004)
(-0.014, 1.8733, -2.729)
(-0.6252, 1.8463, -2.9387)
(-1.2614, 1.7824, -3.027)
(1.3745, 1.7368, -2.5746)
(0.9258, 1.8995, -2.4651)
(0.3894, 2.0391, -2.3027)
(-0.1136, 2.1721, -2.3514)
(-0.7159, 2.1732, -2.5374)
(-1.3761, 2.0383, -2.5682)
(1.4775, 2.0087, -2.0156)
(1.0058, 2.2081, -1.9786)
(0.4533, 2.4301, -1.9741)
(-0.1071, 2.5547, -2.0153)
(-0.7424, 2.4284, -2.0271)
(-1.3846, 2.1827, -1.9969)
(1.6103, 2.2838, -1.452)
(1.1251, 2.4996, -1.4625)
(0.5377, 2.6643, -1.4768)
(-0.0705, 2.6469, -1.4696)
(-0.7047, 2.4465, -1.4353)
(-1.3344, 2.1645, -1.3958)
(1.7423, 2.5384, -0.8871)
(1.2308, 2.689, -0.9012)
(0.6189, 2.7166, -0.8978)
(0.0036, 2.5699, -0.8781)
(-0.6274, 2.3443, -0.8435)
(-1.2639, 2.0823, -0.7982)
(1.8636, 2.7845, -0.3236)
(1.3315, 2.7955, -0.3296)
(0.7184, 2.6511, -0.3194)
(0.1116, 2.4029, -0.3093)
(-0.522, 2.1585, -0.2761)
(-1.1763, 1.9451, -0.2157)
(1.9408, 3.0488, 0.2409)
(1.3994, 2.8689, 0.2402)
(0.8029, 2.5804, 0.2533)
(0.1942, 2.2792, 0.2597)
(-0.4313, 1.9957, 0.2889)
(-1.0781, 1.7747, 0.3551)
(3.0314, 5.4811, 1.9458)
(2.881, 5.0957, 1.7127)
(2.6258, 4.5202, 1.3437)
(2.3683, 3.8964, 0.9922)
(1.9185, 3.4269, 0.7663)
(1.3351, 3.076, 0.7851)
(0.7543, 2.7153, 0.8195)
(0.1449, 2.3929, 0.8323)
(-0.4404, 2.0398, 0.8697)
(-1.0178, 1.6895, 0.9383)
(3.0752, 5.737, 1.8648)
(2.8155, 5.2902, 1.8633)
(2.4618, 4.8016, 1.5447)
(2.1075, 4.3043, 1.2526)
(1.6796, 3.8095, 1.2223)
(1.1613, 3.3661, 1.2876)
(0.6125, 2.9648, 1.3507)
(0.0204, 2.615, 1.3796)
(-0.526, 2.2082, 1.4399)
(-1.0155, 1.7396, 1.5267)
(2.8433, 6.0782, 1.7436)
(2.5848, 5.6596, 1.8811)
(2.1782, 5.2102, 1.718)
(1.8031, 4.6797, 1.6052)
(1.4095, 4.1605, 1.6706)
(0.9413, 3.6774, 1.7646)
(0.4407, 3.233, 1.865)
(-0.0977, 2.8189, 1.9346)
(-0.5888, 2.3472, 2.029)
(-1.017, 1.8217, 2.1287)
(2.6236, 6.5103, 1.9583)
(2.3463, 6.0562, 2.0878)
(1.9559, 5.5672, 2.0869)
(1.5658, 5.0118, 2.0875)
(1.1759, 4.475, 2.1506)
(0.749, 3.9626, 2.2578)
(0.2978, 3.4688, 2.3889)
(-0.155, 2.9618, 2.5164)
(-0.5819, 2.4064, 2.6479)
(-0.9839, 1.851, 2.7347)
(2.5059, 6.8685, 2.4557)
(2.2458, 6.3671, 2.5725)
(1.8931, 5.8237, 2.6224)
(1.4959, 5.2737, 2.6365)
(1.1143, 4.6907, 2.689)
(0.7557, 4.1235, 2.8154)
(0.3538, 3.5783, 2.9555)
(-0.0399, 3.0042, 3.0961)
(-0.4105, 2.3877, 3.2426)
(-0.8592, 1.7874, 3.2778)
(2.685, 6.9599, 2.9604)
(2.4298, 6.4354, 3.0585)
(2.1205, 5.8389, 3.1341)
(1.775, 5.2658, 3.1463)
(1.3883, 4.6732, 3.1865)
(1.0248, 4.0947, 3.3193)
(0.6579, 3.5146, 3.4389)
(0.2992, 2.9232, 3.5509)
(-0.0071, 2.3897, 3.656)
(3.1138, 6.751, 3.1939)
(2.8785, 6.2225, 3.2327)
(2.5359, 5.6045, 3.3314)
(2.1828, 5.0322, 3.4017)
(1.8139, 4.4741, 3.4824)
(1.45, 3.9087, 3.6151)
(1.0988, 3.3212, 3.7146)
(0.7516, 2.7339, 3.806)
(0.4526, 2.2594, 3.9046)
(0.1052, 2.1296, 3.8523)
(0.3665, 2.564, 3.7524)
(0.6998, 3.129, 3.6533)
(1.0544, 3.7191, 3.5543)
(1.4144, 4.2992, 3.434)
(1.7886, 4.8655, 3.3148)
(2.1614, 5.4464, 3.3076)
(2.4825, 6.029, 3.2253)
(2.7892, 6.6409, 3.148)
(-0.3847, 2.1142, 3.5384)
(-0.0688, 2.6844, 3.4086)
(0.2888, 3.2785, 3.2822)
(0.6696, 3.8514, 3.1518)
(1.0428, 4.4204, 3.0176)
(1.3959, 5.0112, 2.9144)
(1.7995, 5.5973, 2.9171)
(2.1294, 6.1464, 2.8739)
(2.4442, 6.722, 2.7954)
(-1.1418, 1.5714, 2.9928)
(-0.7239, 2.0985, 3.0097)
(-0.3265, 2.7049, 2.8843)
(0.0826, 3.2768, 2.743)
(0.5081, 3.804, 2.6016)
(0.922, 4.3297, 2.4696)
(1.2955, 4.8843, 2.3773)
(1.6982, 5.4412, 2.3493)
(2.0861, 5.9799, 2.3303)
(2.4262, 6.4734, 2.2617)
(-1.2225, 1.5955, 2.4748)
(-0.8091, 2.1167, 2.3917)
(-0.3757, 2.6514, 2.2779)
(0.1047, 3.1355, 2.1706)
(0.6003, 3.5882, 2.0679)
(1.0564, 4.0766, 1.9451)
(1.4918, 4.5793, 1.869)
(1.8493, 5.1277, 1.8269)
(2.2633, 5.6478, 1.9312)
(2.6128, 6.0679, 1.9036)
(-1.2598, 1.5606, 1.8711)
(-0.796, 2.0379, 1.7774)
(-0.3123, 2.5155, 1.6879)
(0.2411, 2.9138, 1.6291)
(0.8033, 3.2976, 1.5784)
(1.2965, 3.7564, 1.4761)
(1.7703, 4.2317, 1.4235)
(2.1298, 4.7609, 1.4659)
(2.5291, 5.2271, 1.7889)
(2.8677, 5.686, 1.8654)
(-1.2997, 1.5377, 1.2716)
(-0.7439, 1.9049, 1.1928)
(-0.2067, 2.3231, 1.125)
(0.3892, 2.6649, 1.0984)
(0.9808, 3.0161, 1.0713)
(1.5324, 3.4207, 1.012)
(2.0668, 3.8421, 1.0278)
(2.39, 4.3794, 1.2626)
(2.7231, 4.9112, 1.6449)
(2.9811, 5.415, 1.8999)
(-1.3626, 1.6057, 0.6822)
(-0.7258, 1.841, 0.6096)
(-0.121, 2.1536, 0.5579)
(0.4928, 2.4642, 0.5438)
(1.0928, 2.7883, 0.5306)
(1.6706, 3.1072, 0.5081)
(2.2341, 3.3306, 0.5236)
(-1.4483, 1.7476, 0.103)
(-0.7961, 1.9532, 0.0339)
(-0.148, 2.1831, -0.0155)
(0.4697, 2.4621, -0.0304)
(1.0731, 2.7247, -0.0368)
(1.6609, 2.8879, -0.0461)
(2.1366, 2.8995, -0.0269)
(-1.5282, 1.8712, -0.4821)
(-0.9014, 2.1435, -0.5316)
(-0.2565, 2.374, -0.5784)
(0.3614, 2.604, -0.6006)
(0.9734, 2.748, -0.6129)
(1.5659, 2.7186, -0.6141)
(2.0196, 2.5957, -0.594)
(-1.5964, 1.9543, -1.0785)
(-0.9888, 2.2768, -1.1158)
(-0.3521, 2.5232, -1.1558)
(0.27, 2.6896, -1.1825)
(0.8817, 2.6783, -1.1903)
(1.4498, 2.51, -1.1761)
(1.8774, 2.3145, -1.1619)
(-1.6642, 2.0164, -1.6782)
(-1.0507, 2.3337, -1.7163)
(-0.4082, 2.5639, -1.7522)
(0.2123, 2.6451, -1.7632)
(0.779, 2.4704, -1.7333)
(1.3297, 2.267, -1.7336)
(1.7279, 2.0306, -1.74)
(-1.6915, 1.9798, -2.273)
(-1.0669, 2.2502, -2.3008)
(-0.4175, 2.379, -2.2667)
(0.1522, 2.3354, -2.1395)
(0.6699, 2.1069, -2.171)
(1.2146, 1.9559, -2.248)
(1.5708, 1.7186, -2.317)
(-1.6272, 1.7797, -2.8175)
(-1.014, 1.9553, -2.7854)
(-0.358, 1.9834, -2.6549)
(0.1842, 1.9663, -2.4543)
(0.6652, 1.9233, -2.6733)
(1.1914, 1.8231, -2.8473)
(1.5353, 1.6094, -2.9892)
(-1.3478, 1.5462, -3.1667)
(-0.8605, 1.8302, -3.2019)
(-0.2511, 1.8643, -3.0749)
(0.2818, 1.9714, -2.9262)
(0.7324, 2.0554, -3.2504)
(1.2369, 1.9443, -3.4542)
(1.5923, 1.7253, -3.679)
(-1.0284, 1.3337, -3.4984)
(-0.6283, 1.8187, -3.586)
(-0.2144, 2.1189, -3.4873)
(0.3118, 2.3149, -3.3509)
(0.8563, 2.3979, -3.5341)
(1.4043, 2.2513, -3.686)
(1.7797, 1.994, -3.8508)
(-1.0895, 1.3348, -3.9425)
(-0.6093, 1.791, -4.0069)
(-0.216, 2.2759, -3.927)
(0.327, 2.5968, -3.8094)
(0.9516, 2.7336, -3.8357)
(1.5208, 2.5273, -3.9537)
(1.8926, 2.2174, -4.02)
(-1.3974, 1.6193, -4.3305)
(-0.8729, 2.049, -4.3783)
(-0.3329, 2.4611, -4.3509)
(0.2494, 2.7792, -4.3242)
(0.8741, 2.8495, -4.3927)
(1.4043, 2.5533, -4.5216)
(1.7575, 2.2125, -4.6171)
(-1.5106, 1.745, -4.6911)
(-0.963, 2.1356, -4.5999)
(-0.4022, 2.4866, -4.5103)
(0.1871, 2.7572, -4.6387)
(0.7704, 2.8462, -4.8557)
(1.2932, 2.5602, -5.0096)
(1.6573, 2.2435, -5.0957)
(0.5105, 2.0441, 4.0021)
(0.7843, 2.3811, 3.9196)
(1.1197, 2.928, 3.8228)
(1.4692, 3.5186, 3.727)
(1.8226, 4.0998, 3.6101)
(2.1883, 4.662, 3.495)
(2.5367, 5.2251, 3.3863)
(2.893, 5.8046, 3.271)
(3.2182, 6.4073, 3.2171)
(1.6065, 1.6371, -3.3713)
(1.6088, 1.7727, -3.9931)
(1.688, 2.1859, -4.9165)
(2.9278, 5.3231, 1.9026)
(2.7777, 4.8115, 1.4588)
(2.299, 3.5656, 0.7788)
(2.1949, 3.0441, 0.2518)
(2.4565, 4.1808, 1.1754)
(1.7991, 2.1651, -1.4451)
(1.6385, 1.8848, -2.0271)
(3.4656, 6.3476, 3.1617)
(1.9606, 2.1957, -3.7222)
(3.0653, 5.7325, 3.2402)
(2.6964, 5.1744, 3.3562)
(2.3796, 4.5946, 3.5633)
(2.0094, 4.0124, 3.6263)
(2.0917, 2.7263, -0.3113)
(1.6587, 3.4262, 3.7563)
(1.3065, 2.8346, 3.8611)
(1.459, 1.5535, -2.6023)
(0.9543, 2.2429, 3.969)
(1.8282, 2.2191, -4.3183)
(1.9503, 2.4438, -0.8752)
(-4.581, -5.8789, 3.0921)
(-4.1488, -4.3308, 1.7162)
(-4.2869, -4.4507, 1.5371)
(-4.2855, -4.8768, 1.4703)
(-4.2733, -5.3715, 1.8157)
(-4.2823, -5.8129, 2.2334)
(-4.4162, -6.0089, 2.7253)
(2.3797, -1.798, -5.1656)
(2.4718, -1.9205, -4.6122)
(2.5533, -2.0232, -4.0209)
(2.5834, -2.0923, -3.4314)
(2.5017, -2.0514, -2.8389)
(2.3979, -1.9694, -2.2466)
(2.2871, -1.8825, -1.6554)
(2.1698, -1.8013, -1.0642)
(2.0665, -1.7427, -0.4692)
(2.0011, -1.7218, 0.1312)
(1.9181, -1.6836, 0.7134)
(1.6756, -1.5172, 1.225)
(1.3961, -1.3192, 1.728)
(1.1137, -1.1292, 2.2422)
(0.8484, -0.9521, 2.7319)
(0.6664, -0.8325, 3.0983)
(2.2968, -1.6706, -5.5869)
(1.7104, -1.5572, -5.3868)
(1.1222, -1.5172, -5.2287)
(0.5335, -1.8325, -5.2599)
(-0.0602, -2.1584, -5.3374)
(-0.7217, -2.3324, -5.3427)
(-1.2749, -2.3511, -5.2801)
(-4.598, -5.582, 3.2127)
(-4.3395, -5.1464, 3.2598)
(-3.9158, -4.5985, 3.3195)
(-3.5241, -4.0963, 3.5368)
(-3.1202, -3.5971, 3.7457)
(-2.7075, -3.0371, 3.8187)
(-2.2904, -2.4837, 3.9021)
(-1.8724, -1.9306, 3.9619)
(-1.5146, -1.5601, 3.997)
(-1.2478, -2.4112, -4.8634)
(-0.6805, -2.4285, -4.919)
(-0.0336, -2.2522, -4.9142)
(0.5577, -1.929, -4.8353)
(1.1673, -1.6903, -4.8324)
(1.78, -1.7525, -5.0031)
(-1.1728, -2.5315, -4.3056)
(-0.6103, -2.5558, -4.3655)
(0.012, -2.3214, -4.3604)
(0.5739, -2.0032, -4.2785)
(1.1863, -1.9087, -4.3171)
(1.8437, -1.9881, -4.5011)
(-1.0746, -2.5656, -3.8454)
(-0.5189, -2.6006, -3.8389)
(0.1291, -2.3839, -3.7991)
(0.6974, -2.1303, -3.7358)
(1.2873, -2.091, -3.779)
(1.9438, -2.1625, -3.9493)
(-0.9261, -2.2137, -3.8247)
(-0.4177, -2.283, -3.493)
(0.192, -2.2772, -3.307)
(0.8081, -2.2945, -3.2713)
(1.4025, -2.4072, -3.3395)
(2.0147, -2.4011, -3.453)
(-0.7878, -2.1148, -3.369)
(-0.3612, -2.25, -3.0745)
(0.1052, -2.4806, -2.9953)
(0.6764, -2.6914, -3.0164)
(1.3274, -2.6787, -2.9431)
(1.9467, -2.4499, -2.8944)
(-0.8194, -2.1236, -2.6955)
(-0.4633, -2.4838, -2.6232)
(0.0266, -2.8288, -2.5757)
(0.6344, -2.9036, -2.4998)
(1.259, -2.7222, -2.3908)
(1.8491, -2.3831, -2.3071)
(-0.9563, -2.3179, -2.053)
(-0.5503, -2.6541, -2.018)
(-0.0224, -2.9405, -1.9753)
(0.5886, -2.9335, -1.889)
(1.1882, -2.6934, -1.7925)
(1.7527, -2.3149, -1.7141)
(-1.1208, -2.5234, -1.45)
(-0.651, -2.7588, -1.4038)
(-0.0783, -2.9525, -1.3539)
(0.5333, -2.9305, -1.2778)
(1.125, -2.682, -1.1895)
(1.6651, -2.2703, -1.1164)
(-1.291, -2.7142, -0.8641)
(-0.7739, -2.8522, -0.8092)
(-0.1568, -2.9592, -0.7478)
(0.4742, -2.9355, -0.6718)
(1.08, -2.7016, -0.5846)
(1.6039, -2.2634, -0.5138)
(-1.4696, -2.9025, -0.2897)
(-0.913, -2.973, -0.2325)
(-0.2529, -3.0195, -0.1599)
(0.4203, -3.0026, -0.0734)
(1.06, -2.7824, 0.0211)
(1.5753, -2.3029, 0.0919)
(-1.6714, -3.1057, 0.2713)
(-1.0524, -3.1444, 0.3222)
(-0.348, -3.173, 0.4057)
(0.3666, -3.1294, 0.5175)
(1.01, -2.8415, 0.6256)
(1.5021, -2.2976, 0.6854)
(-3.9072, -4.4598, 1.7592)
(-3.5043, -4.3576, 1.7868)
(-3.0039, -3.9744, 1.4879)
(-2.5576, -3.5696, 1.0233)
(-1.872, -3.3527, 0.8057)
(-1.1619, -3.2904, 0.8759)
(-0.4514, -3.2293, 0.9712)
(0.2521, -3.0898, 1.0895)
(0.8333, -2.7049, 1.1759)
(1.2706, -2.1218, 1.2077)
(-4.0369, -4.328, 1.6973)
(-3.5535, -4.2714, 1.5568)
(-2.98, -4.1721, 1.2735)
(-2.3822, -3.9685, 1.1528)
(-1.7958, -3.6624, 1.2566)
(-1.1911, -3.3785, 1.406)
(-0.5544, -3.131, 1.4931)
(0.0744, -2.8787, 1.5974)
(0.5985, -2.4736, 1.6837)
(1.0065, -1.9071, 1.7127)
(-4.0603, -4.6342, 1.4381)
(-3.5088, -4.6449, 1.4061)
(-2.8567, -4.6104, 1.3655)
(-2.2282, -4.4006, 1.448)
(-1.6583, -4.0559, 1.6288)
(-1.1077, -3.6821, 1.8229)
(-0.5711, -3.2834, 1.9867)
(-0.0762, -2.831, 2.1253)
(0.3503, -2.2963, 2.2033)
(0.7304, -1.711, 2.2265)
(-4.0443, -5.1231, 1.6417)
(-3.4747, -5.1019, 1.6832)
(-2.8352, -4.9627, 1.7682)
(-2.268, -4.6385, 1.9289)
(-1.7561, -4.2132, 2.1365)
(-1.2726, -3.7454, 2.325)
(-0.8197, -3.2325, 2.4729)
(-0.3945, -2.6722, 2.5865)
(0.0207, -2.0769, 2.6812)
(0.4391, -1.5059, 2.7278)
(-4.0505, -5.5584, 2.06)
(-3.5286, -5.4094, 2.1539)
(-3.0244, -5.0482, 2.2518)
(-2.5634, -4.5735, 2.4123)
(-2.077, -4.107, 2.6138)
(-1.6335, -3.586, 2.7638)
(-1.2101, -3.0338, 2.879)
(-0.7821, -2.4638, 3.0019)
(-0.3384, -1.8853, 3.1553)
(0.1875, -1.3289, 3.2011)
(-4.1405, -5.848, 2.5443)
(-3.7535, -5.4894, 2.6322)
(-3.357, -4.9787, 2.7156)
(-2.9096, -4.4731, 2.896)
(-2.4471, -3.9558, 3.0682)
(-2.0288, -3.4013, 3.1812)
(-1.6033, -2.8534, 3.2962)
(-1.1622, -2.3193, 3.4311)
(-0.7683, -1.8489, 3.5581)
(-4.3778, -5.8131, 3.0044)
(-4.0442, -5.389, 3.0674)
(-3.6631, -4.8509, 3.1323)
(-3.2552, -4.3124, 3.3016)
(-2.8258, -3.7673, 3.4596)
(-2.4078, -3.2128, 3.5624)
(-1.98, -2.6725, 3.6773)
(-1.5496, -2.1429, 3.7867)
(-1.1846, -1.7135, 3.8731)
(-0.8298, -1.6083, 3.7803)
(-1.1574, -1.9973, 3.6864)
(-1.5782, -2.4985, 3.5657)
(-2.0134, -3.0332, 3.4406)
(-2.4342, -3.5842, 3.3308)
(-2.8584, -4.138, 3.2091)
(-3.3137, -4.6628, 3.0219)
(-3.7091, -5.1946, 2.8932)
(-4.0788, -5.6934, 2.8472)
(-0.346, -1.6121, 3.4416)
(-0.7547, -2.1208, 3.2905)
(-1.1919, -2.6642, 3.1471)
(-1.6202, -3.2166, 3.028)
(-2.0425, -3.7672, 2.9133)
(-2.4893, -4.2872, 2.7587)
(-2.9735, -4.7651, 2.5579)
(-3.3926, -5.2706, 2.4336)
(-3.8596, -5.6299, 2.3501)
(0.5371, -1.1601, 2.9434)
(0.0752, -1.6747, 2.9672)
(-0.3737, -2.2663, 2.8552)
(-0.7985, -2.8542, 2.7374)
(-1.222, -3.4124, 2.6217)
(-1.6665, -3.9347, 2.4739)
(-2.144, -4.4089, 2.2794)
(-2.6499, -4.8372, 2.0783)
(-3.1778, -5.1917, 1.9588)
(-3.7835, -5.3261, 1.8709)
(0.7781, -1.3225, 2.4907)
(0.3878, -1.8949, 2.4675)
(-0.0064, -2.487, 2.4134)
(-0.4347, -3.0384, 2.3062)
(-0.9038, -3.5309, 2.1577)
(-1.4106, -3.9683, 1.9738)
(-1.9381, -4.374, 1.772)
(-2.5067, -4.7123, 1.5978)
(-3.1533, -4.8705, 1.5088)
(-3.7916, -4.8779, 1.4926)
(1.0625, -1.5164, 1.9771)
(0.6797, -2.0999, 1.9595)
(0.2608, -2.6374, 1.9155)
(-0.2683, -3.0267, 1.7996)
(-0.846, -3.3638, 1.681)
(-1.432, -3.6927, 1.534)
(-1.997, -4.0371, 1.3404)
(-2.6035, -4.3082, 1.2473)
(-3.2364, -4.4056, 1.3466)
(-3.8155, -4.4223, 1.5269)
(1.3372, -1.7154, 1.4681)
(0.9348, -2.3062, 1.4476)
(0.4649, -2.8216, 1.398)
(-0.1727, -3.0836, 1.2871)
(-0.8559, -3.2416, 1.1963)
(-1.5301, -3.4001, 1.1042)
(-2.1813, -3.6112, 1.0235)
(-2.741, -3.9184, 1.1949)
(-3.2671, -4.1624, 1.53)
(-3.7854, -4.3441, 1.7555)
(1.6069, -1.9185, 0.9656)
(1.181, -2.5239, 0.9358)
(0.6511, -3.0114, 0.8678)
(-0.0358, -3.2048, 0.7479)
(-0.7555, -3.2328, 0.6408)
(-1.4586, -3.2274, 0.5642)
(-2.1174, -3.2198, 0.532)
(1.7662, -2.0162, 0.4145)
(1.3206, -2.5961, 0.3666)
(0.7355, -2.9904, 0.2773)
(0.0464, -3.0951, 0.1693)
(-0.6452, -3.0768, 0.0835)
(-1.2976, -3.0286, 0.0155)
(-1.8046, -2.9696, -0.0244)
(1.8116, -2.0073, -0.1874)
(1.3443, -2.53, -0.243)
(0.7655, -2.8812, -0.3268)
(0.1199, -2.9821, -0.4134)
(-0.5254, -2.95, -0.4849)
(-1.1323, -2.8563, -0.5487)
(-1.5987, -2.7615, -0.5998)
(1.8747, -2.0173, -0.7892)
(1.3737, -2.4877, -0.8478)
(0.8081, -2.8371, -0.9303)
(0.194, -2.9657, -1.0145)
(-0.4178, -2.897, -1.0785)
(-0.9764, -2.7037, -1.1298)
(-1.4125, -2.5481, -1.182)
(1.9704, -2.0686, -1.386)
(1.4359, -2.4973, -1.4507)
(0.8627, -2.8349, -1.5365)
(0.2551, -2.9718, -1.6263)
(-0.3357, -2.8614, -1.6891)
(-0.8298, -2.5487, -1.7243)
(-1.2303, -2.325, -1.7757)
(2.0769, -2.1428, -1.9786)
(1.5165, -2.5365, -2.0488)
(0.9243, -2.8451, -2.1414)
(0.3047, -2.9552, -2.2468)
(-0.2762, -2.7872, -2.3174)
(-0.7083, -2.3675, -2.3479)
(-1.0401, -2.0806, -2.3909)
(2.1821, -2.2287, -2.5687)
(1.599, -2.5884, -2.6402)
(0.9688, -2.8089, -2.7341)
(0.3342, -2.7825, -2.8224)
(-0.1825, -2.5148, -2.8076)
(-0.6021, -2.2168, -2.9486)
(-0.9535, -2.0052, -3.1254)
(2.2883, -2.2954, -3.1564)
(1.685, -2.5424, -3.1859)
(1.0705, -2.5402, -3.1251)
(0.4442, -2.4141, -3.1674)
(-0.1104, -2.2642, -3.1582)
(-0.6203, -2.1758, -3.4813)
(-1.0524, -2.0845, -3.8122)
(2.3028, -2.2257, -3.7211)
(1.6729, -2.2796, -3.6441)
(1.0627, -2.1956, -3.47)
(0.4875, -2.2325, -3.5154)
(-0.1455, -2.4131, -3.5668)
(-0.7627, -2.4422, -3.7645)
(-1.2191, -2.3407, -3.8761)
(2.2133, -2.072, -4.2846)
(1.559, -2.0271, -4.1345)
(0.9073, -1.9997, -3.9867)
(0.3503, -2.1932, -4.049)
(-0.2399, -2.5343, -4.0846)
(-0.874, -2.6286, -4.0651)
(-1.3492, -2.5296, -3.9697)
(2.1204, -1.9141, -4.8523)
(1.4967, -1.8137, -4.6684)
(0.8558, -1.8528, -4.5481)
(0.2728, -2.115, -4.6105)
(-0.3252, -2.4217, -4.664)
(-0.9555, -2.4941, -4.6271)
(-1.4429, -2.4201, -4.564)
(2.0382, -1.7374, -5.3159)
(1.4576, -1.5702, -5.0997)
(0.8397, -1.7158, -5.0322)
(0.2601, -2.0614, -5.1047)
(-0.3715, -2.3164, -5.1528)
(-1.0113, -2.3959, -5.1178)
(-1.488, -2.3355, -5.0493)
(-1.208, -1.5017, 3.9772)
(-1.5236, -1.8054, 3.9241)
(-1.9287, -2.3076, 3.8503)
(-2.3539, -2.8501, 3.7538)
(-2.7744, -3.3998, 3.6539)
(-3.189, -3.9515, 3.546)
(-3.6005, -4.4644, 3.3196)
(-3.9874, -5.0127, 3.2098)
(-4.3716, -5.5153, 3.1658)
(-5.1543, -5.3198, 3.1991)
(-3.6954, -4.7071, 1.4659)
(-4.0363, -4.5751, 1.404)
(-4.6485, -4.6747, 1.479)
(-5.1298, -4.9077, 1.816)
(-5.4409, -5.0841, 2.3714)
(-5.455, -5.2177, 2.929)
(-2.1688, 0.9622, -4.4577)
(-2.0239, 0.8485, -3.9441)
(-1.7425, 0.6176, -3.5125)
(-1.6705, 0.6059, -3.0466)
(-1.9882, 0.8528, -2.7552)
(-2.1426, 1.152, -2.3231)
(-2.1458, 1.3244, -1.8194)
(-2.2562, 1.2507, -1.3411)
(-2.2505, 1.1726, -0.7703)
(-2.2123, 1.132, -0.1678)
(-2.1785, 1.0992, 0.4368)
(-2.1338, 1.0608, 1.0412)
(-2.0814, 1.0189, 1.6455)
(-2.0053, 0.9573, 2.2432)
(-1.8448, 0.8328, 2.7794)
(-1.6855, 0.716, 3.1534)
(-2.1821, 0.9665, -4.903)
(-2.4936, 0.3515, -4.8739)
(-2.7225, -0.3009, -4.8522)
(-2.8589, -0.9731, -4.848)
(-2.7692, -1.6315, -4.8899)
(-2.354, -2.0912, -5.0159)
(-1.8554, -2.3004, -5.1551)
(-4.7894, -5.3618, 3.2232)
(-4.3248, -5.1328, 3.24)
(-3.8717, -4.5859, 3.284)
(-3.5202, -4.0765, 3.5294)
(-3.138, -3.5843, 3.7592)
(-2.7259, -3.0334, 3.8283)
(-2.3118, -2.4808, 3.9078)
(-1.8946, -1.9272, 3.9648)
(-1.6362, -1.482, 4.0113)
(-1.7251, -2.2991, -4.7549)
(-2.2298, -2.0826, -4.5952)
(-2.6654, -1.632, -4.4625)
(-2.7881, -0.9827, -4.4135)
(-2.6897, -0.3036, -4.4143)
(-2.4879, 0.3549, -4.4343)
(-1.6158, -2.3723, -4.1954)
(-2.0807, -2.0875, -4.0462)
(-2.4885, -1.6043, -3.9424)
(-2.6399, -0.9795, -3.8838)
(-2.6169, -0.3158, -3.8481)
(-2.4268, 0.3185, -3.879)
(-1.4988, -2.3607, -3.7359)
(-1.8904, -1.979, -3.617)
(-2.1436, -1.4152, -3.607)
(-2.2972, -0.8928, -3.4848)
(-2.433, -0.3536, -3.2899)
(-2.2336, 0.1881, -3.3532)
(-1.3109, -2.0272, -3.7601)
(-1.6418, -1.654, -3.5908)
(-1.8021, -1.1016, -3.4562)
(-1.9086, -0.7234, -3.1832)
(-2.1143, -0.3608, -2.8627)
(-2.0347, 0.1197, -2.8626)
(-1.1663, -1.8981, -3.3092)
(-1.4657, -1.5125, -3.1447)
(-1.6268, -0.9929, -2.9731)
(-1.7327, -0.4948, -2.8544)
(-1.8668, -0.075, -2.6131)
(-2.0053, 0.3345, -2.5128)
(-1.1219, -1.8862, -2.653)
(-1.3988, -1.4696, -2.5385)
(-1.5755, -0.9395, -2.4383)
(-1.7219, -0.3836, -2.3775)
(-1.7643, 0.1795, -2.2855)
(-1.9227, 0.6599, -2.1892)
(-1.3042, -2.0837, -2.0679)
(-1.6221, -1.6708, -2.0286)
(-1.8088, -1.113, -1.9599)
(-1.8092, -0.5164, -1.8667)
(-1.799, 0.1125, -1.787)
(-1.9462, 0.7403, -1.732)
(-1.4901, -2.2868, -1.4839)
(-1.7904, -1.8547, -1.4703)
(-1.937, -1.2825, -1.4127)
(-1.963, -0.6681, -1.3362)
(-2.0853, -0.0303, -1.3112)
(-2.2671, 0.621, -1.3238)
(-1.6582, -2.4777, -0.8997)
(-1.9231, -2.0142, -0.8961)
(-2.1123, -1.4237, -0.8718)
(-2.2349, -0.7994, -0.8407)
(-2.3657, -0.1447, -0.8145)
(-2.4231, 0.5305, -0.7919)
(-1.8287, -2.6614, -0.3196)
(-2.0296, -2.1542, -0.3196)
(-2.1873, -1.5293, -0.2993)
(-2.2999, -0.8801, -0.2717)
(-2.386, -0.2048, -0.2346)
(-2.3963, 0.4824, -0.1959)
(-2.0416, -2.831, 0.2529)
(-2.1179, -2.2577, 0.2571)
(-2.1529, -1.5952, 0.2861)
(-2.1936, -0.9186, 0.3147)
(-2.2634, -0.2334, 0.357)
(-2.3208, 0.4523, 0.4045)
(-3.7461, -4.7311, 1.7168)
(-3.5493, -4.4218, 1.8786)
(-3.0514, -3.9932, 1.5402)
(-2.6143, -3.5684, 1.028)
(-2.3951, -2.9632, 0.7832)
(-2.3158, -2.2945, 0.8124)
(-2.2331, -1.6226, 0.8691)
(-2.192, -0.936, 0.9022)
(-2.1922, -0.2517, 0.9495)
(-2.2543, 0.427, 1.006)
(-3.8197, -4.6036, 1.6508)
(-3.7257, -4.3936, 1.8594)
(-3.4273, -3.9829, 1.6322)
(-3.1066, -3.4905, 1.3032)
(-2.8592, -2.8975, 1.2209)
(-2.6355, -2.2686, 1.3271)
(-2.5005, -1.6102, 1.4054)
(-2.4292, -0.9274, 1.4443)
(-2.3093, -0.2587, 1.5203)
(-2.2513, 0.4032, 1.604)
(-4.3256, -4.6553, 1.6392)
(-4.182, -4.4425, 1.8783)
(-3.8804, -3.898, 1.8089)
(-3.6003, -3.3422, 1.6316)
(-3.3153, -2.7979, 1.6405)
(-3.0114, -2.2266, 1.8116)
(-2.8466, -1.5799, 1.9043)
(-2.7288, -0.9097, 1.9679)
(-2.5327, -0.2574, 2.071)
(-2.314, 0.3753, 2.1829)
(-4.8963, -4.7531, 1.8095)
(-4.6813, -4.4314, 2.0641)
(-4.3432, -3.9006, 2.1134)
(-4.04, -3.3569, 2.0754)
(-3.6942, -2.7856, 2.1316)
(-3.3754, -2.2059, 2.2925)
(-3.1439, -1.5723, 2.4151)
(-2.8962, -0.9346, 2.5352)
(-2.5661, -0.3139, 2.6693)
(-2.2129, 0.2754, 2.7555)
(-5.2952, -4.889, 2.2312)
(-5.078, -4.5473, 2.4544)
(-4.6764, -4.0574, 2.5578)
(-4.2732, -3.4843, 2.6093)
(-3.8746, -2.8892, 2.7021)
(-3.5336, -2.2892, 2.8414)
(-3.2065, -1.684, 2.9716)
(-2.8355, -1.0863, 3.1007)
(-2.4073, -0.5014, 3.2359)
(-2.0072, 0.1289, 3.256)
(-5.3957, -5.0174, 2.7697)
(-5.0696, -4.681, 2.949)
(-4.6336, -4.2024, 3.0588)
(-4.1931, -3.6429, 3.1722)
(-3.7747, -3.0684, 3.2783)
(-3.3827, -2.4973, 3.3567)
(-2.9923, -1.9262, 3.4519)
(-2.5879, -1.3604, 3.5513)
(-2.2173, -0.8656, 3.6478)
(-5.1297, -5.2052, 3.1513)
(-4.7014, -4.9016, 3.2159)
(-4.2184, -4.3971, 3.2907)
(-3.8229, -3.8604, 3.4932)
(-3.4647, -3.3295, 3.663)
(-3.047, -2.7808, 3.6986)
(-2.6304, -2.229, 3.7572)
(-2.2214, -1.6781, 3.8282)
(-1.899, -1.2134, 3.9097)
(-1.9225, -0.8524, 3.8431)
(-2.2216, -1.2673, 3.7564)
(-2.6107, -1.799, 3.6683)
(-3.0194, -2.358, 3.5909)
(-3.4279, -2.9163, 3.5287)
(-3.8317, -3.471, 3.4631)
(-4.2193, -4.0227, 3.2772)
(-4.6791, -4.5533, 3.1694)
(-5.1137, -4.972, 3.0621)
(-2.1194, -0.4198, 3.5197)
(-2.5277, -0.9336, 3.4038)
(-2.9355, -1.5004, 3.2868)
(-3.3141, -2.0838, 3.1719)
(-3.6728, -2.6743, 3.0544)
(-4.0601, -3.2622, 2.95)
(-4.5, -3.8496, 2.8611)
(-4.9233, -4.386, 2.7767)
(-5.2999, -4.7958, 2.6184)
(-1.9462, 0.4898, 2.9926)
(-2.2941, -0.0858, 3.0123)
(-2.7051, -0.6886, 2.8948)
(-3.0618, -1.3004, 2.7575)
(-3.3504, -1.9217, 2.6294)
(-3.6437, -2.5342, 2.4874)
(-4.0021, -3.1166, 2.3508)
(-4.3711, -3.704, 2.3295)
(-4.7191, -4.2269, 2.2884)
(-5.0638, -4.6869, 2.14)
(-2.122, 0.6236, 2.5105)
(-2.4332, 0.0352, 2.4263)
(-2.7181, -0.5896, 2.305)
(-2.9356, -1.2372, 2.1959)
(-3.0956, -1.8935, 2.1081)
(-3.3495, -2.5038, 1.9658)
(-3.6919, -3.0455, 1.8207)
(-3.9706, -3.6081, 1.897)
(-4.2757, -4.1525, 1.9643)
(-4.5602, -4.6388, 1.8607)
(-2.2077, 0.708, 1.9296)
(-2.3475, 0.0697, 1.8456)
(-2.5148, -0.5838, 1.7431)
(-2.6343, -1.256, 1.676)
(-2.7236, -1.9291, 1.6282)
(-2.9478, -2.5516, 1.4986)
(-3.2311, -3.1279, 1.3993)
(-3.4852, -3.685, 1.5703)
(-3.8064, -4.1889, 1.8176)
(-4.0063, -4.5778, 1.799)
(-2.2239, 0.7405, 1.3306)
(-2.2195, 0.0784, 1.2758)
(-2.2548, -0.5941, 1.2051)
(-2.3188, -1.2776, 1.1604)
(-2.3929, -1.9576, 1.1176)
(-2.5466, -2.6138, 1.0312)
(-2.7152, -3.266, 1.0468)
(-3.0404, -3.7784, 1.3492)
(-3.4264, -4.2019, 1.7783)
(-3.7293, -4.556, 1.8328)
(-2.2659, 0.7717, 0.726)
(-2.2508, 0.0989, 0.6797)
(-2.179, -0.5864, 0.6305)
(-2.1638, -1.2732, 0.5954)
(-2.1814, -1.952, 0.5627)
(-2.21, -2.607, 0.5229)
(-2.1749, -3.2137, 0.5457)
(-2.3129, 0.8011, 0.1222)
(-2.3578, 0.1227, 0.0837)
(-2.2911, -0.5636, 0.04)
(-2.2121, -1.2377, 0.0053)
(-2.1237, -1.8928, -0.0189)
(-2.0021, -2.5036, -0.036)
(-1.8362, -2.962, -0.0193)
(-2.3586, 0.8363, -0.4812)
(-2.4341, 0.161, -0.5133)
(-2.3574, -0.5176, -0.5485)
(-2.2387, -1.1676, -0.5777)
(-2.0863, -1.7894, -0.5998)
(-1.8637, -2.3538, -0.6124)
(-1.619, -2.7592, -0.6019)
(-2.3672, 0.8933, -1.0722)
(-2.3258, 0.2365, -1.0734)
(-2.1682, -0.4186, -1.0763)
(-2.0567, -1.0504, -1.1141)
(-1.9659, -1.6531, -1.1675)
(-1.7189, -2.1839, -1.1899)
(-1.4306, -2.5523, -1.1894)
(-2.1748, 1.0052, -1.5447)
(-1.9992, 0.3657, -1.5329)
(-1.8751, -0.2825, -1.5653)
(-1.8817, -0.9027, -1.6427)
(-1.8349, -1.4969, -1.733)
(-1.5627, -2.0061, -1.7688)
(-1.2428, -2.3422, -1.7855)
(-2.0484, 0.9951, -1.98)
(-1.7777, 0.4706, -1.9995)
(-1.771, -0.1322, -2.0889)
(-1.7228, -0.7225, -2.1597)
(-1.6114, -1.2867, -2.2433)
(-1.3466, -1.7855, -2.3139)
(-1.0464, -2.123, -2.3964)
(-2.0907, 0.7393, -2.4402)
(-1.8424, 0.2989, -2.3706)
(-1.7815, -0.1494, -2.5849)
(-1.6262, -0.6822, -2.6469)
(-1.5077, -1.211, -2.7657)
(-1.2651, -1.6966, -2.9045)
(-0.9716, -2.0146, -3.0618)
(-1.9326, 0.4352, -2.7841)
(-2.0284, -0.0287, -2.6331)
(-1.8802, -0.4398, -2.8898)
(-1.7312, -0.7918, -3.1503)
(-1.6513, -1.299, -3.3385)
(-1.3959, -1.7835, -3.507)
(-1.0583, -2.0476, -3.6924)
(-1.8838, 0.3426, -3.1832)
(-2.2725, -0.1057, -3.0409)
(-2.1925, -0.6379, -3.1502)
(-2.0062, -0.997, -3.4891)
(-1.8925, -1.5406, -3.5595)
(-1.5931, -2.0437, -3.6742)
(-1.218, -2.3218, -3.8159)
(-2.1298, 0.5046, -3.666)
(-2.4909, -0.0166, -3.5719)
(-2.5324, -0.6488, -3.5896)
(-2.4237, -1.2385, -3.7292)
(-2.1917, -1.8197, -3.7361)
(-1.7728, -2.2564, -3.85)
(-1.367, -2.5239, -3.9602)
(-2.3149, 0.6496, -4.1768)
(-2.5857, 0.0256, -4.1516)
(-2.71, -0.6475, -4.1385)
(-2.7045, -1.319, -4.1676)
(-2.4073, -1.8925, -4.2532)
(-1.8981, -2.2269, -4.4157)
(-1.4607, -2.4152, -4.554)
(-2.3534, 0.6704, -4.6771)
(-2.6096, 0.0292, -4.6565)
(-2.784, -0.6376, -4.6394)
(-2.813, -1.3135, -4.6588)
(-2.5439, -1.8977, -4.7404)
(-2.0245, -2.2082, -4.9017)
(-1.5765, -2.3582, -5.0267)
(-1.6716, -1.1737, 4.0078)
(-1.8777, -1.5604, 3.9394)
(-2.2566, -2.0845, 3.8752)
(-2.6728, -2.6367, 3.8123)
(-3.0914, -3.1858, 3.7545)
(-3.4909, -3.723, 3.6735)
(-3.83, -4.221, 3.3857)
(-4.2594, -4.7682, 3.2683)
(-4.7474, -5.2018, 3.229)
(-0.9816, -2.0398, -3.4811)
(-1.1291, -2.0923, -4.0236)
(-1.4953, -2.3521, -4.8565)
(-3.8141, -4.5837, 1.8774)
(-3.2395, -4.1956, 1.788)
(-2.3561, -3.366, 0.8112)
(-1.9363, -3.0676, 0.2665)
(-2.8158, -3.7721, 1.2401)
(-1.33, -2.4437, -1.48)
(-1.143, -2.2236, -2.0812)
(-4.5873, -5.3975, 3.2341)
(-1.308, -2.5702, -3.6684)
(-4.077, -4.8818, 3.2657)
(-3.7105, -4.3026, 3.3378)
(-3.3338, -3.8702, 3.7283)
(-2.9243, -3.3112, 3.7766)
(-1.7045, -2.864, -0.3102)
(-2.5091, -2.7593, 3.8704)
(-2.0931, -2.2052, 3.9395)
(-0.9434, -1.98, -2.7061)
(-1.6738, -1.6525, 3.9872)
(-1.4082, -2.4833, -4.2615)
(-1.5132, -2.6567, -0.8915)
(2.5687, -1.3687, -5.3642)
(2.3247, -0.8046, -5.1547)
(2.3774, -0.3044, -4.9554)
(2.6181, 0.274, -4.8517)
(2.507, 0.9103, -4.8935)
(2.1691, 1.4863, -5.0175)
(2.7068, -1.4334, -4.8793)
(2.4534, -0.9171, -4.6931)
(1.8449, 1.9543, -5.0826)
(2.3026, -0.4282, -4.5153)
(2.3423, 0.1885, -4.4697)
(2.2448, 0.8509, -4.5233)
(2.0119, 1.4778, -4.5778)
(1.8023, 1.978, -4.5954)
(2.8344, -1.4913, -4.2973)
(2.6355, -0.9472, -4.1563)
(2.3204, -0.4132, -4.0072)
(2.1831, 0.2091, -4.0082)
(2.1112, 0.8646, -4.0926)
(1.9039, 1.4891, -4.0709)
(1.8074, 1.976, -4.0207)
(2.9314, -1.5336, -3.7078)
(2.8971, -0.9055, -3.6508)
(2.6318, -0.2852, -3.5618)
(2.4362, 0.3437, -3.5295)
(2.2447, 0.8913, -3.645)
(1.9434, 1.3448, -3.7769)
(1.7844, 1.7681, -3.8371)
(2.9567, -1.5382, -3.1135)
(3.0976, -0.8955, -3.1159)
(2.9495, -0.2384, -3.0959)
(2.6976, 0.3916, -3.037)
(2.3152, 0.8142, -3.1424)
(1.9399, 1.1512, -3.4366)
(1.7255, 1.5334, -3.6331)
(2.9055, -1.5014, -2.5121)
(3.1499, -0.8826, -2.5209)
(3.0343, -0.2503, -2.5174)
(2.7007, 0.3318, -2.4775)
(2.3749, 0.8018, -2.5885)
(2.0106, 1.1829, -2.8216)
(1.6676, 1.4842, -2.9547)
(2.8228, -1.4346, -1.915)
(3.1344, -0.8401, -1.9216)
(3.1, -0.2124, -1.9535)
(2.8111, 0.3704, -1.9848)
(2.5239, 0.8893, -2.0917)
(2.1404, 1.3039, -2.221)
(1.7084, 1.6025, -2.2874)
(2.7052, -1.3442, -1.3246)
(3.0536, -0.7605, -1.3296)
(3.1422, -0.1076, -1.389)
(2.9768, 0.519, -1.4741)
(2.6474, 1.039, -1.5516)
(2.2324, 1.4895, -1.6298)
(1.8647, 1.8654, -1.7024)
(2.5699, -1.246, -0.7385)
(2.9364, -0.6664, -0.7421)
(3.0648, -0.0195, -0.7976)
(2.9264, 0.6158, -0.8834)
(2.6482, 1.1767, -0.9647)
(2.3134, 1.6946, -1.0492)
(2.0054, 2.1221, -1.127)
(2.455, -1.1639, -0.1485)
(2.8435, -0.5765, -0.1516)
(3.0304, 0.0686, -0.205)
(2.9187, 0.7222, -0.297)
(2.6683, 1.3269, -0.3885)
(2.3932, 1.9055, -0.4817)
(2.1353, 2.3825, -0.5618)
(2.3862, -1.1125, 0.4461)
(2.7918, -0.5018, 0.4456)
(3.0585, 0.1606, 0.3944)
(3.0172, 0.8524, 0.2836)
(2.7762, 1.5071, 0.1663)
(2.5029, 2.1318, 0.0647)
(2.2562, 2.6572, -0.0086)
(2.2203, -1.0031, 0.989)
(2.6259, -0.3857, 0.9948)
(2.9583, 0.271, 0.966)
(3.0312, 0.9754, 0.8616)
(2.8567, 1.6717, 0.7229)
(2.6135, 2.3406, 0.6066)
(2.3763, 2.9743, 0.5296)
(1.9326, -0.8196, 1.4851)
(2.3243, -0.2161, 1.49)
(2.6683, 0.4172, 1.4719)
(2.8358, 1.1028, 1.3988)
(2.8173, 1.808, 1.2823)
(2.7256, 2.5025, 1.1496)
(2.6072, 3.2062, 1.0255)
(2.5697, 3.9013, 1.0446)
(1.6441, -0.6381, 1.9927)
(2.0187, -0.0458, 1.9842)
(2.3176, 0.5785, 1.933)
(2.4753, 1.245, 1.8356)
(2.5994, 4.5068, 1.2671)
(2.5422, 1.9316, 1.7207)
(2.5792, 2.6215, 1.5935)
(2.6582, 5.0533, 1.6145)
(2.5932, 3.3109, 1.4561)
(2.7461, 5.5274, 1.8071)
(2.6117, 3.9955, 1.342)
(1.3617, -0.4563, 2.5083)
(1.7321, 0.1265, 2.5011)
(2.0645, 0.7339, 2.4397)
(2.6416, 4.5593, 1.2992)
(2.3031, 1.3737, 2.2996)
(2.4525, 2.0293, 2.1289)
(2.6365, 5.0797, 1.3983)
(2.5651, 2.695, 1.9688)
(2.6528, 3.3668, 1.8109)
(2.6216, 5.6053, 1.4914)
(1.1345, -0.3054, 2.9342)
(2.7317, 4.0388, 1.6625)
(1.4641, 0.3031, 2.9866)
(2.8274, 4.6359, 1.5169)
(1.8228, 0.9344, 2.9531)
(2.2021, 1.5647, 2.8034)
(2.5125, 2.1914, 2.628)
(2.9042, 5.1926, 1.3885)
(2.7562, 2.8235, 2.4428)
(2.9051, 5.7032, 1.2744)
(2.9384, 3.4669, 2.2373)
(3.047, 4.1274, 2.0344)
(3.0605, 4.792, 1.9191)
(1.587, 1.2736, 3.3814)
(1.9532, 1.8484, 3.257)
(2.3171, 2.4575, 3.1152)
(3.1349, 5.4172, 1.7969)
(2.6457, 3.069, 2.9578)
(3.2816, 5.8954, 1.571)
(2.9272, 3.6918, 2.7723)
(3.1151, 4.3572, 2.5625)
(3.2581, 5.021, 2.3868)
(1.3548, 1.6591, 3.7305)
(1.6528, 2.1629, 3.6314)
(2.0027, 2.7598, 3.5047)
(3.4261, 5.6267, 2.2242)
(2.3497, 3.3632, 3.3655)
(3.5993, 6.0973, 2.014)
(2.6905, 3.9743, 3.22)
(2.9947, 4.6297, 3.0399)
(1.0608, 1.9501, 3.9352)
(1.3029, 2.4333, 3.8457)
(3.3, 5.2639, 2.8597)
(1.6506, 3.0233, 3.734)
(2.0021, 3.6173, 3.6119)
(3.6057, 5.8135, 2.6906)
(2.3598, 4.2127, 3.5032)
(3.8223, 6.2653, 2.5031)
(2.7072, 4.8245, 3.363)
(3.0701, 5.422, 3.2068)
(3.4401, 5.976, 3.0808)
(3.737, 6.3619, 2.9275)
(3.2804, 6.6288, 3.2407)
(3.0807, 5.602, 1.9153)
(2.9795, 5.8938, 1.7861)
(2.7236, 6.2905, 1.8026)
(2.5408, 6.7117, 2.1864)
(2.5513, 6.9565, 2.7299)
(2.8951, 6.8768, 3.1093)
(0.2292, 2.3344, 3.8024)
(0.5262, 2.8348, 3.7025)
(0.8766, 3.425, 3.6047)
(1.2332, 4.0112, 3.4985)
(1.5994, 4.5817, 3.3634)
(1.9798, 5.156, 3.3086)
(2.3247, 5.7321, 3.2743)
(2.6447, 6.3456, 3.1842)
(-0.2291, 2.3992, 3.4708)
(0.1047, 2.9803, 3.3461)
(0.4781, 3.568, 3.2175)
(0.8602, 4.134, 3.085)
(1.215, 4.7134, 2.9543)
(1.5996, 5.3092, 2.9113)
(1.9702, 5.8698, 2.9027)
(2.2954, 6.4413, 2.8407)
(-1.3564, 1.3124, 2.9813)
(-0.9305, 1.8296, 3.01)
(-0.5237, 2.4009, 2.9557)
(-0.1248, 2.9973, 2.8133)
(0.2943, 3.5438, 2.6722)
(0.7201, 4.0641, 2.5329)
(1.1091, 4.6045, 2.4157)
(1.4947, 5.1637, 2.3578)
(1.8952, 5.7151, 2.3422)
(2.2694, 6.2313, 2.3072)
(-1.4641, 1.3728, 2.5067)
(-1.0096, 1.8467, 2.4371)
(-0.599, 2.3881, 2.3367)
(-0.1404, 2.9005, 2.2221)
(0.3553, 3.3606, 2.1218)
(0.8312, 3.829, 2.0042)
(1.2824, 4.3241, 1.9038)
(1.6715, 4.8499, 1.8331)
(2.0522, 5.3996, 1.8742)
(2.4563, 5.8623, 1.9463)
(-1.5423, 1.3955, 1.913)
(-1.018, 1.783, 1.8249)
(-0.5634, 2.2862, 1.7303)
(-0.0422, 2.7227, 1.6542)
(0.5284, 3.0994, 1.6088)
(1.0541, 3.5213, 1.5275)
(1.5436, 3.9887, 1.4442)
(1.9553, 4.4971, 1.4126)
(2.3259, 4.9997, 1.6209)
(2.715, 5.4595, 1.8727)
(-1.6085, 1.4176, 1.311)
(-1.0123, 1.7025, 1.2318)
(-0.4801, 2.1194, 1.1551)
(0.0861, 2.5006, 1.1078)
(0.6902, 2.8336, 1.089)
(1.2577, 3.2157, 1.0412)
(1.8128, 3.6224, 1.0011)
(2.242, 4.1041, 1.1175)
(2.5567, 4.6467, 1.4513)
(2.8631, 5.1745, 1.8033)
(-1.6806, 1.4927, 0.7158)
(-1.0404, 1.715, 0.6452)
(-0.4221, 1.9921, 0.5792)
(0.1853, 2.3098, 0.5478)
(0.7955, 2.6233, 0.5393)
(1.3848, 2.9554, 0.5174)
(1.9512, 3.2287, 0.511)
(-1.7497, 1.596, 0.1265)
(-1.1259, 1.8575, 0.0694)
(-0.4688, 2.0602, 0.0046)
(0.1643, 2.3198, -0.0261)
(0.771, 2.6004, -0.0329)
(1.3764, 2.8245, -0.0433)
(1.9095, 2.9077, -0.0396)
(-1.8054, 1.675, -0.4684)
(-1.2226, 2.0212, -0.5047)
(-0.5769, 2.2584, -0.5575)
(0.0553, 2.4925, -0.5919)
(0.6661, 2.6947, -0.6075)
(1.2816, 2.7522, -0.6159)
(1.8059, 2.6627, -0.606)
(-1.8645, 1.7418, -1.0666)
(-1.3008, 2.1293, -1.0956)
(-0.6702, 2.4071, -1.1366)
(-0.039, 2.6226, -1.1712)
(0.577, 2.7084, -1.1894)
(1.1795, 2.6054, -1.1847)
(1.6765, 2.4119, -1.1687)
(-1.9352, 1.8152, -1.6587)
(-1.3642, 2.1872, -1.697)
(-0.7301, 2.4603, -1.7354)
(-0.0912, 2.6348, -1.7634)
(0.4976, 2.5768, -1.7487)
(1.0659, 2.3687, -1.7298)
(1.544, 2.1526, -1.7372)
(-1.9529, 1.778, -2.2414)
(-1.3893, 2.1352, -2.2912)
(-0.7376, 2.3319, -2.2985)
(-0.1207, 2.3854, -2.1977)
(0.4077, 2.2251, -2.1373)
(0.9529, 2.0276, -2.21)
(1.4137, 1.851, -2.2841)
(-1.8508, 1.566, -2.7737)
(-1.3401, 1.9009, -2.8156)
(-0.6784, 1.9783, -2.7399)
(-0.0712, 1.9784, -2.5248)
(0.4201, 1.9487, -2.5323)
(0.9371, 1.8851, -2.7757)
(1.3839, 1.7285, -2.9173)
(-1.5226, 1.2926, -3.0921)
(-1.127, 1.7291, -3.2039)
(-0.5584, 1.8565, -3.161)
(0.0315, 1.9064, -2.9595)
(0.5045, 2.0312, -3.0605)
(0.9897, 2.0219, -3.3723)
(1.4327, 1.8423, -3.5529)
(-1.2321, 1.0743, -3.4255)
(-0.8266, 1.5917, -3.5591)
(-0.4313, 1.9897, -3.5601)
(0.0397, 2.2261, -3.3924)
(0.5812, 2.38, -3.42)
(1.1427, 2.3493, -3.6185)
(1.6087, 2.1279, -3.764)
(-1.3544, 1.1332, -3.8725)
(-0.8356, 1.5528, -3.9914)
(-0.417, 2.0433, -3.9821)
(0.0355, 2.4575, -3.8593)
(0.6367, 2.7011, -3.8031)
(1.2568, 2.6635, -3.8929)
(1.7224, 2.3723, -3.9976)
(-1.6514, 1.4038, -4.2803)
(-1.1371, 1.8342, -4.3649)
(-0.606, 2.2607, -4.3708)
(-0.0493, 2.6393, -4.3301)
(0.5632, 2.8602, -4.3457)
(1.1604, 2.7294, -4.4571)
(1.5963, 2.3795, -4.5726)
(-1.7604, 1.5126, -4.7043)
(-1.2412, 1.9486, -4.6551)
(-0.6848, 2.3171, -4.5383)
(-0.1098, 2.6345, -4.5496)
(0.4816, 2.8435, -4.7484)
(1.0475, 2.7324, -4.943)
(1.4917, 2.3957, -5.0586)
(0.6424, 2.1937, 3.9624)
(0.9467, 2.6375, 3.8715)
(1.2944, 3.2236, 3.776)
(1.6444, 3.8114, 3.6709)
(2.0058, 4.3821, 3.5506)
(2.3636, 4.9428, 3.4411)
(2.7129, 5.5089, 3.3274)
(3.0742, 6.1179, 3.2312)
(2.3372, -1.7343, -5.3885)
(1.7467, -1.6484, -5.205)
(1.1491, -1.5973, -5.0414)
(0.5488, -1.8847, -5.0612)
(-0.0468, -2.2093, -5.1386)
(-0.7035, -2.3781, -5.1432)
(2.4255, -1.8611, -4.9017)
(1.8095, -1.8746, -4.7664)
(-1.2677, -2.3757, -5.0856)
(1.1735, -1.8019, -4.587)
(0.559, -1.9627, -4.5656)
(-0.0183, -2.284, -4.6479)
(-0.6491, -2.4875, -4.654)
(-1.2138, -2.4657, -4.5951)
(2.5154, -1.9739, -4.3168)
(1.8903, -2.0724, -4.2213)
(1.2246, -1.9932, -4.0414)
(0.6224, -2.0649, -4.003)
(0.0664, -2.3716, -4.0765)
(-0.5665, -2.6185, -4.0816)
(-1.128, -2.5883, -4.029)
(2.5806, -2.0679, -3.7262)
(1.9928, -2.2878, -3.7007)
(1.3609, -2.2366, -3.5451)
(0.7772, -2.1893, -3.4767)
(0.1781, -2.3236, -3.5325)
(-0.4687, -2.452, -3.6588)
(-1.0058, -2.3991, -3.8336)
(2.552, -2.0831, -3.1355)
(1.9932, -2.4514, -3.1821)
(1.3792, -2.566, -3.1513)
(0.7534, -2.4859, -3.1474)
(0.1589, -2.3348, -3.143)
(-0.3728, -2.2146, -3.2924)
(-0.8441, -2.1339, -3.6495)
(2.4498, -2.0119, -2.5426)
(1.8975, -2.4217, -2.6017)
(1.289, -2.7228, -2.6832)
(0.6435, -2.8307, -2.7904)
(0.0601, -2.6675, -2.8114)
(-0.4021, -2.3574, -2.8609)
(-0.7846, -2.1043, -3.0379)
(2.3438, -1.9259, -1.9509)
(1.8006, -2.3465, -2.0112)
(1.2246, -2.7081, -2.0922)
(0.6157, -2.9303, -2.1953)
(0.0009, -2.9121, -2.2885)
(-0.5104, -2.5824, -2.3338)
(-0.8816, -2.2072, -2.3685)
(2.2283, -1.8404, -1.36)
(1.7068, -2.2891, -1.4159)
(1.1547, -2.6846, -1.4915)
(0.5611, -2.9323, -1.5829)
(-0.048, -2.9501, -1.6623)
(-0.597, -2.7106, -1.7071)
(-1.0369, -2.4237, -1.7481)
(2.1144, -1.7677, -0.7674)
(1.6299, -2.2606, -0.8155)
(1.0993, -2.6855, -0.887)
(0.5039, -2.9293, -0.974)
(-0.1146, -2.9535, -1.0491)
(-0.7101, -2.8045, -1.1047)
(-1.2054, -2.6197, -1.1557)
(2.0293, -1.7285, -0.1694)
(1.5879, -2.2804, -0.2115)
(1.0683, -2.7359, -0.2826)
(0.4459, -2.9573, -0.3714)
(-0.2039, -2.977, -0.4507)
(-0.842, -2.9066, -0.518)
(-1.3788, -2.8078, -0.5755)
(1.9736, -1.7142, 0.4292)
(1.5547, -2.3172, 0.3949)
(1.0466, -2.828, 0.3267)
(0.3967, -3.071, 0.2225)
(-0.3009, -3.0927, 0.1236)
(-0.9845, -3.0545, 0.0466)
(-1.5658, -3.0002, -0.0071)
(1.8119, -1.6127, 0.9753)
(1.4003, -2.2256, 0.9535)
(0.9357, -2.7969, 0.9089)
(0.3206, -3.1413, 0.8106)
(-0.3961, -3.229, 0.6908)
(-1.1123, -3.2305, 0.5976)
(-1.7898, -3.2248, 0.5432)
(1.5357, -1.4174, 1.475)
(1.1385, -2.0124, 1.4594)
(0.7174, -2.5876, 1.4302)
(0.1617, -2.9792, 1.3454)
(-0.5141, -3.1666, 1.2383)
(-1.1954, -3.3173, 1.154)
(-1.8596, -3.4954, 1.0477)
(-2.4694, -3.7644, 1.0789)
(1.2555, -1.2237, 1.9839)
(0.8716, -1.8091, 1.9691)
(0.481, -2.383, 1.9452)
(0.0077, -2.8466, 1.8627)
(-3.004, -4.0482, 1.3561)
(-0.5541, -3.1976, 1.74)
(-1.1411, -3.5267, 1.6149)
(-3.5373, -4.2685, 1.6707)
(-1.7136, -3.8662, 1.4356)
(-3.9795, -4.3523, 1.7562)
(-2.2938, -4.1908, 1.2724)
(0.9735, -1.0356, 2.4983)
(0.5827, -1.6068, 2.4813)
(0.1931, -2.1916, 2.4462)
(-2.921, -4.3757, 1.2743)
(-0.2154, -2.77, 2.366)
(-0.664, -3.2922, 2.2366)
(-3.5385, -4.4163, 1.4462)
(-1.1537, -3.7548, 2.0695)
(-1.6716, -4.1751, 1.8729)
(-4.0605, -4.4342, 1.5501)
(0.7495, -0.8868, 2.9267)
(-2.2138, -4.5592, 1.6773)
(0.3092, -1.4164, 2.9642)
(-2.8224, -4.8161, 1.5413)
(-0.1537, -1.9671, 2.9189)
(-0.5876, -2.5628, 2.7945)
(-1.0089, -3.1375, 2.6814)
(-3.4852, -4.8835, 1.4969)
(-1.4407, -3.6788, 2.5534)
(-4.0523, -4.8753, 1.4835)
(-1.9007, -4.1782, 2.3818)
(-2.3958, -4.6275, 2.1726)
(-2.9042, -5.0352, 2.0103)
(-0.5485, -1.8663, 3.3639)
(-0.9714, -2.3883, 3.2171)
(-1.408, -2.9405, 3.0848)
(-3.4832, -5.2819, 1.9116)
(-1.8307, -3.4932, 2.9726)
(-4.042, -5.3523, 1.8403)
(-2.2592, -4.0341, 2.8441)
(-2.7353, -4.5245, 2.6561)
(-3.1842, -5.023, 2.485)
(-0.9847, -1.7924, 3.7358)
(-1.3596, -2.2372, 3.6286)
(-1.7975, -2.7643, 3.5019)
(-3.6239, -5.4758, 2.3928)
(-2.2255, -3.3067, 3.384)
(-4.0773, -5.7349, 2.2956)
(-2.6421, -3.8636, 3.2771)
(-3.0881, -4.4024, 3.1179)
(-1.3583, -1.6356, 3.9525)
(-1.7183, -2.0407, 3.8901)
(-3.5181, -4.9265, 2.9436)
(-2.1415, -2.5786, 3.8039)
(-2.5651, -3.1235, 3.7021)
(-3.8969, -5.4605, 2.8708)
(-2.9816, -3.6787, 3.6102)
(-4.2506, -5.8686, 2.7956)
(-3.3973, -4.2081, 3.4341)
(-3.7937, -4.7368, 3.2494)
(-4.1905, -5.2774, 3.1871)
(-4.4918, -5.7091, 3.1337)
(-4.9582, -5.2855, 3.2135)
(-3.7373, -4.6519, 1.6779)
(-4.0346, -4.613, 1.6321)
(-4.6232, -4.7007, 1.6937)
(-5.1249, -4.8201, 1.9932)
(-5.393, -4.9491, 2.5018)
(-5.2925, -5.1093, 2.9974)
(-2.0636, -1.0489, 3.8002)
(-2.4079, -1.5224, 3.7117)
(-2.8154, -2.0787, 3.6283)
(-3.2232, -2.6374, 3.5561)
(-3.633, -3.1941, 3.5076)
(-4.0209, -3.7472, 3.3735)
(-4.4433, -4.2951, 3.214)
(-4.907, -4.784, 3.12)
(-2.3256, -0.6738, 3.4599)
(-2.7327, -1.2114, 3.3457)
(-3.1292, -1.7914, 3.2294)
(-3.4933, -2.3789, 3.1127)
(-3.8593, -2.9681, 3.0003)
(-4.2781, -3.5578, 2.9032)
(-4.7129, -4.1295, 2.8228)
(-5.1321, -4.609, 2.7101)
(-1.7629, 0.772, 2.9811)
(-2.1184, 0.2045, 3.0105)
(-2.5005, -0.3866, 2.9628)
(-2.8931, -0.9929, 2.8252)
(-3.2111, -1.6104, 2.6933)
(-3.4909, -2.2316, 2.5617)
(-3.8165, -2.8258, 2.4091)
(-4.1901, -3.4144, 2.3314)
(-4.5414, -3.971, 2.3179)
(-4.9118, -4.4781, 2.2347)
(-1.9313, 0.8992, 2.5281)
(-2.2846, 0.3346, 2.4754)
(-2.5799, -0.2736, 2.3672)
(-2.838, -0.9109, 2.2464)
(-3.0136, -1.567, 2.1537)
(-3.2058, -2.2085, 2.0465)
(-3.5214, -2.7767, 1.8751)
(-3.8361, -3.3266, 1.8402)
(-4.1171, -3.8782, 1.9439)
(-4.4351, -4.4329, 1.9453)
(-2.0518, 0.9948, 1.9465)
(-2.2898, 0.3943, 1.8938)
(-2.4274, -0.2559, 1.7927)
(-2.5848, -0.9175, 1.7035)
(-2.6707, -1.5959, 1.6571)
(-2.819, -2.2478, 1.5727)
(-3.0919, -2.8429, 1.4259)
(-3.354, -3.4111, 1.4548)
(-3.646, -3.9423, 1.7069)
(-3.9303, -4.4204, 1.8576)
(-2.1081, 1.0402, 1.3434)
(-2.2399, 0.4141, 1.3071)
(-2.2259, -0.2573, 1.2394)
(-2.2878, -0.9346, 1.1792)
(-2.3485, -1.6203, 1.1438)
(-2.4645, -2.2865, 1.0744)
(-2.6231, -2.9455, 1.0119)
(-2.8618, -3.5388, 1.1656)
(-3.2328, -3.9968, 1.5786)
(-3.6077, -4.3964, 1.8636)
(-2.1577, 1.0807, 0.739)
(-2.2836, 0.4397, 0.7049)
(-2.2102, -0.2435, 0.654)
(-2.1651, -0.9301, 0.6112)
(-2.1691, -1.6141, 0.5808)
(-2.1994, -2.2853, 0.5391)
(-2.2007, -2.9129, 0.5267)
(-2.1959, 1.1159, 0.1345)
(-2.3599, 0.4661, 0.1045)
(-2.33, -0.2213, 0.0615)
(-2.2516, -0.9029, 0.0211)
(-2.1705, -1.5671, -0.0073)
(-2.0683, -2.2125, -0.0303)
(-1.924, -2.7475, -0.0311)
(-2.2302, 1.1498, -0.4696)
(-2.423, 0.5032, -0.4962)
(-2.4067, -0.1808, -0.5312)
(-2.3006, -0.8465, -0.564)
(-2.17, -1.4816, -0.5895)
(-1.9815, -2.0875, -0.6084)
(-1.7422, -2.571, -0.6093)
(-2.268, 1.2047, -1.0662)
(-2.3772, 0.5677, -1.0744)
(-2.2482, -0.0933, -1.0722)
(-2.1031, -0.7378, -1.0908)
(-2.0224, -1.3561, -1.1423)
(-1.8582, -1.9358, -1.183)
(-1.5747, -2.3826, -1.1911)
(-2.1991, 1.3054, -1.5844)
(-2.0954, 0.6896, -1.5297)
(-1.9202, 0.0396, -1.5443)
(-1.8695, -0.596, -1.5989)
(-1.8817, -1.2046, -1.6916)
(-1.7188, -1.7708, -1.7567)
(-1.402, -2.1893, -1.7777)
(-2.1401, 1.2675, -2.0691)
(-1.8979, 0.7366, -1.9648)
(-1.7545, 0.1755, -2.0455)
(-1.7582, -0.4317, -2.1246)
(-1.6811, -1.008, -2.2014)
(-1.493, -1.5525, -2.279)
(-1.1973, -1.9699, -2.354)
(-2.1001, 1.0073, -2.5611)
(-1.9703, 0.509, -2.364)
(-1.8004, 0.0845, -2.4726)
(-1.7115, -0.4101, -2.6287)
(-1.5695, -0.9487, -2.696)
(-1.4015, -1.4687, -2.8347)
(-1.1211, -1.8728, -2.9806)
(-1.8124, 0.7085, -2.8951)
(-2.0117, 0.1936, -2.6716)
(-1.9727, -0.2442, -2.7288)
(-1.7927, -0.6083, -3.0334)
(-1.6991, -1.0296, -3.2494)
(-1.5448, -1.5622, -3.4237)
(-1.231, -1.9382, -3.5929)
(-1.6544, 0.5734, -3.2681)
(-2.1174, 0.1282, -3.0966)
(-2.2792, -0.3823, -3.052)
(-2.0889, -0.8188, -3.3287)
(-1.9571, -1.2486, -3.5462)
(-1.7649, -1.8173, -3.6044)
(-1.4076, -2.2019, -3.746)
(-1.8837, 0.7278, -3.7276)
(-2.3439, 0.2601, -3.6113)
(-2.5444, -0.3293, -3.5594)
(-2.4897, -0.9475, -3.6646)
(-2.3309, -1.5362, -3.737)
(-1.9943, -2.0634, -3.7798)
(-1.5637, -2.4002, -3.9138)
(-2.1192, 0.9262, -4.1973)
(-2.4709, 0.3472, -4.1628)
(-2.662, -0.3079, -4.1418)
(-2.7334, -0.9874, -4.1472)
(-2.5951, -1.6294, -4.2002)
(-2.1588, -2.0875, -4.3313)
(-1.6686, -2.3305, -4.4879)
(-2.1843, 0.971, -4.69)
(-2.4931, 0.3547, -4.6665)
(-2.7082, -0.3017, -4.6458)
(-2.8267, -0.9774, -4.6432)
(-2.7204, -1.6315, -4.6886)
(-2.2939, -2.0844, -4.818)
(-1.7873, -2.2941, -4.9709)
(-1.759, -1.3551, 3.9738)
(-2.0532, -1.8111, 3.9066)
(-2.4643, -2.3609, 3.8437)
(-2.8818, -2.9115, 3.7805)
(-3.2988, -3.4588, 3.7334)
(-3.6586, -3.9703, 3.5332)
(-4.0316, -4.4942, 3.3059)
(-4.5071, -5.0155, 3.2461)
