(1.6751, -0.1065, -6.023)
(1.9858, 0.4077, -5.7911)
(2.1736, 1.0039, -5.4901)
(2.3382, 1.6074, -5.1841)
(2.4631, 2.2128, -4.8586)
(1.7576, -0.3432, -5.66)
(2.0883, 0.1825, -5.4287)
(2.5172, 2.7726, -4.5171)
(2.2891, 0.7788, -5.1333)
(2.4887, 3.0857, -4.2223)
(2.4342, 1.3842, -4.8222)
(2.4961, 1.9898, -4.4924)
(2.4792, 2.5456, -4.1529)
(2.4253, 2.995, -3.8925)
(1.8076, -0.6344, -5.1765)
(2.1222, -0.0848, -4.9396)
(2.3018, 0.5229, -4.6516)
(2.4637, 1.1246, -4.3586)
(2.5665, 1.7243, -4.0455)
(2.5213, 2.2358, -3.7155)
(2.3996, 2.6065, -3.418)
(1.7631, -0.8934, -4.6416)
(1.9938, -0.298, -4.412)
(2.0929, 0.3394, -4.1549)
(2.2208, 0.9241, -3.9047)
(2.4065, 1.5186, -3.6125)
(2.6335, 1.9986, -3.3594)
(2.7729, 2.3552, -3.0049)
(1.7179, -1.1363, -4.0951)
(1.9837, -0.5618, -3.8836)
(2.0348, 0.0655, -3.6296)
(2.1681, 0.6381, -3.3645)
(2.3054, 1.2301, -3.1537)
(2.3568, 1.7853, -3.1205)
(2.1821, 2.2377, -3.0362)
(1.6826, -1.3753, -3.5437)
(1.9655, -0.8203, -3.3513)
(1.989, -0.2075, -3.128)
(2.1872, 0.3313, -2.86)
(2.305, 0.9084, -2.6454)
(2.2475, 1.4582, -2.6428)
(2.136, 1.8611, -2.5031)
(1.6442, -1.5925, -2.9831)
(2.0064, -1.0656, -2.8166)
(2.1744, -0.4584, -2.6474)
(2.486, 0.0707, -2.4926)
(2.5573, 0.6335, -2.2805)
(2.3034, 1.1242, -2.1179)
(2.0668, 1.4885, -1.9623)
(1.5906, -1.7787, -2.4115)
(2.0067, -1.2741, -2.262)
(2.2915, -0.6929, -2.1092)
(2.6173, -0.1734, -1.9753)
(2.6571, 0.3806, -1.7669)
(2.4421, 0.8888, -1.5642)
(2.3627, 1.3258, -1.4098)
(1.5358, -1.9377, -1.8318)
(2.0227, -1.4839, -1.706)
(2.3918, -0.9436, -1.5685)
(2.6899, -0.4176, -1.4185)
(2.7059, 0.1407, -1.2063)
(2.5661, 0.6754, -0.9988)
(2.5239, 1.1131, -0.8374)
(1.4691, -2.0547, -1.2434)
(2.0243, -1.6664, -1.1405)
(2.4818, -1.1921, -1.0279)
(2.7501, -0.6528, -0.8647)
(2.7439, -0.0803, -0.649)
(2.677, 0.4758, -0.4401)
(2.6854, 0.9178, -0.2778)
(1.3936, -2.1336, -0.6481)
(1.9941, -1.8006, -0.5588)
(2.5368, -1.4121, -0.468)
(2.8314, -0.8763, -0.3129)
(2.8429, -0.282, -0.1031)
(2.8422, 0.2952, 0.1009)
(2.8762, 0.7412, 0.267)
(1.333, -2.2022, -0.0516)
(1.9741, -1.9268, 0.0262)
(2.5819, -1.6104, 0.1015)
(2.9585, -1.0971, 0.2307)
(3.0369, -0.4729, 0.4197)
(3.0695, 0.1334, 0.6214)
(3.0736, 0.5845, 0.8118)
(1.2256, -2.1579, 0.5409)
(1.8764, -1.9334, 0.6174)
(2.5105, -1.7094, 0.6926)
(2.966, -1.2587, 0.7967)
(3.1589, -0.641, 0.9588)
(3.3306, -0.0194, 1.1105)
(3.5271, 0.6802, 1.2948)
(1.1003, -2.0508, 1.1296)
(1.7605, -1.895, 1.209)
(2.3926, -1.785, 1.2791)
(2.8313, -1.3516, 1.3403)
(4.1803, 0.7483, 1.5078)
(3.1465, -0.7916, 1.457)
(3.5207, -0.2712, 1.4995)
(4.6748, 1.2187, 1.5737)
(3.9165, 0.1788, 1.3306)
(5.3012, 0.998, 1.6654)
(4.38, 0.5487, 1.3213)
(0.9876, -1.9441, 1.7277)
(1.6456, -1.8067, 1.8054)
(2.305, -1.7787, 1.8648)
(5.5397, 0.9208, 1.6874)
(2.8845, -1.5114, 1.844)
(4.7419, 0.8162, 1.6311)
(3.3739, -1.0921, 1.7663)
(3.8446, -0.6394, 1.6648)
(5.1801, 0.8884, 1.7172)
(4.3049, -0.1899, 1.511)
(5.4595, 1.0898, 1.612)
(4.7705, 0.1965, 1.3974)
(0.8899, -1.8547, 2.3123)
(1.5296, -1.6697, 2.4107)
(2.2264, -1.5697, 2.4343)
(5.0765, 0.5952, 1.6105)
(2.9012, -1.3979, 2.3895)
(3.5137, -1.1335, 2.2545)
(5.2859, 1.0083, 1.4999)
(4.0835, -0.8171, 2.0693)
(0.8227, -1.7862, 2.7826)
(5.5551, 1.3063, 1.3098)
(4.6168, -0.4529, 1.8686)
(5.0971, -0.0364, 1.7042)
(2.1613, -1.2474, 2.9642)
(1.3656, -1.4718, 3.0892)
(5.3974, 0.4349, 1.6534)
(2.8475, -1.0531, 2.8797)
(3.4967, -0.8409, 2.7497)
(5.4641, 0.8177, 1.3223)
(4.128, -0.6263, 2.5886)
(5.6809, 1.0907, 1.0403)
(4.7082, -0.3693, 2.3981)
(5.0748, 0.0606, 2.1549)
(1.6988, -1.1389, 3.5473)
(2.1891, -0.8941, 3.4556)
(5.2915, 0.5323, 1.8788)
(2.821, -0.6796, 3.3628)
(3.4837, -0.5048, 3.2503)
(5.6459, 0.8521, 1.5701)
(4.1459, -0.3636, 3.1208)
(6.0006, 0.9885, 1.2955)
(4.7003, -0.1648, 2.9211)
(4.9295, 0.1836, 2.5473)
(1.8384, -0.8123, 3.97)
(2.2332, -0.5587, 3.9157)
(5.3694, 0.4399, 2.207)
(2.822, -0.3165, 3.8187)
(3.4695, -0.1224, 3.6776)
(5.9113, 0.6145, 1.8755)
(4.1258, 0.0155, 3.5244)
(1.9756, -0.5323, 4.1582)
(6.2953, 0.6615, 1.5765)
(4.725, 0.15, 3.3075)
(2.1813, -0.268, 4.275)
(2.8323, -0.0329, 4.1947)
(5.1413, 0.3184, 2.8885)
(3.4672, 0.1962, 4.0011)
(5.6822, 0.4923, 2.5498)
(4.0796, 0.3929, 3.7217)
(4.6915, 0.5263, 3.4102)
(6.2552, 0.6293, 2.2434)
(5.2829, 0.6035, 3.0422)
(6.6259, 0.6353, 1.9508)
(5.8583, 0.6986, 2.7633)
(6.7184, 0.7636, 2.2517)
(6.5566, 0.8532, 2.5261)
(-0.736, 3.201, -3.6083)
(-0.1704, 3.4593, -3.4328)
(0.3832, 3.724, -3.294)
(0.9655, 3.5533, -3.2527)
(1.6013, 3.5313, -3.4247)
(-0.5342, 3.4115, -3.5456)
(0.0138, 3.3309, -3.3033)
(2.2152, 3.5072, -3.5453)
(0.5562, 3.4908, -3.1874)
(2.4795, 3.3447, -3.789)
(1.1121, 3.5691, -3.0777)
(1.626, 3.3527, -3.182)
(2.1266, 3.1917, -3.4796)
(2.4223, 3.0092, -3.8786)
(-0.4425, 3.6619, -3.1657)
(0.1754, 3.55, -3.0403)
(0.6858, 3.3274, -2.8934)
(1.2662, 3.2748, -2.8925)
(1.8056, 3.1292, -2.8533)
(2.2699, 2.916, -3.0954)
(2.3984, 2.6221, -3.4052)
(-0.4431, 3.6603, -2.6028)
(0.2157, 3.6407, -2.5505)
(0.8312, 3.3947, -2.501)
(1.3816, 3.0597, -2.5535)
(1.8432, 2.7137, -2.6603)
(2.3452, 2.6055, -2.7852)
(2.7622, 2.3682, -2.9916)
(-0.5126, 3.4876, -2.0835)
(0.1167, 3.3657, -2.1075)
(0.7326, 3.059, -2.1559)
(1.2432, 2.6387, -2.1917)
(1.6826, 2.3255, -2.3111)
(2.0061, 2.401, -2.6778)
(2.196, 2.2561, -3.0106)
(-0.6498, 3.2053, -1.7293)
(-0.027, 2.9547, -1.8444)
(0.5718, 2.6424, -1.9431)
(1.0592, 2.2821, -1.8302)
(1.5147, 2.0188, -1.7901)
(1.832, 2.0627, -2.2206)
(2.11, 1.9577, -2.6019)
(-0.5841, 3.1718, -1.1991)
(0.0261, 2.8918, -1.3271)
(0.6102, 2.5893, -1.44)
(1.083, 2.2042, -1.3598)
(1.5259, 1.9111, -1.3207)
(1.8404, 1.732, -1.6566)
(2.0942, 1.4948, -1.92)
(-0.4692, 3.1388, -0.6058)
(0.1525, 2.8927, -0.7344)
(0.7482, 2.6065, -0.8704)
(1.3189, 2.3613, -0.9446)
(1.812, 2.07, -1.0261)
(2.0982, 1.6477, -1.19)
(2.3769, 1.3427, -1.3976)
(-0.3809, 3.0036, -0.0191)
(0.2566, 2.7953, -0.1472)
(0.8628, 2.5187, -0.291)
(1.4412, 2.258, -0.412)
(1.9618, 1.9488, -0.5369)
(2.3397, 1.5317, -0.68)
(2.5241, 1.1328, -0.832)
(-0.3337, 2.7746, 0.5456)
(0.299, 2.5643, 0.4082)
(0.9077, 2.2878, 0.2598)
(1.4877, 2.0124, 0.1339)
(2.0261, 1.7066, 0.0083)
(2.4617, 1.3267, -0.1358)
(2.6843, 0.9382, -0.2758)
(-0.3254, 2.4724, 1.0753)
(0.2867, 2.2282, 0.9119)
(0.8958, 1.9549, 0.7617)
(1.4963, 1.6947, 0.6415)
(2.0706, 1.4199, 0.5285)
(2.5685, 1.0954, 0.3996)
(2.8761, 0.7616, 0.269)
(-0.3177, 2.1326, 1.5791)
(0.2963, 1.9077, 1.4135)
(0.9242, 1.7103, 1.289)
(1.5306, 1.4495, 1.1696)
(2.1178, 1.1644, 1.0524)
(2.6671, 0.8778, 0.9251)
(3.0676, 0.6032, 0.818)
(-0.2507, 1.8251, 2.0951)
(0.4014, 1.7473, 1.9638)
(1.0506, 1.7237, 1.8572)
(1.6494, 1.4588, 1.7429)
(2.2334, 1.1359, 1.621)
(2.8434, 0.9099, 1.4631)
(3.5299, 0.7017, 1.297)
(-0.1332, 1.5748, 2.6341)
(0.5269, 1.6565, 2.5416)
(1.1782, 1.7477, 2.4498)
(1.7975, 1.5604, 2.3205)
(4.1666, 0.7603, 1.5431)
(2.3962, 1.2967, 2.1715)
(3.0186, 1.189, 1.9521)
(4.6659, 1.253, 1.5942)
(3.6368, 1.1815, 1.6937)
(5.2722, 0.9684, 1.7218)
(4.2414, 1.1369, 1.5754)
(0.0051, 1.3124, 3.1681)
(0.6568, 1.4874, 3.1127)
(1.3031, 1.6741, 3.0397)
(5.2129, 1.2378, 1.489)
(1.9486, 1.653, 2.8915)
(4.8387, 1.166, 1.6826)
(2.5762, 1.559, 2.6796)
(3.1948, 1.5437, 2.4113)
(5.3556, 1.2675, 1.5952)
(3.7854, 1.5985, 2.1002)
(5.3218, 1.53, 1.3511)
(4.3943, 1.5154, 1.8952)
(0.133, 1.0002, 3.6492)
(0.7818, 1.2179, 3.6624)
(1.4575, 1.4604, 3.5956)
(5.055, 1.5398, 1.8022)
(2.1282, 1.626, 3.4559)
(2.7726, 1.7013, 3.2152)
(5.6052, 1.6626, 1.6373)
(3.3961, 1.7608, 2.9175)
(0.2386, 0.6852, 3.9856)
(5.5916, 1.9694, 1.471)
(4.0051, 1.8345, 2.5996)
(4.627, 1.8191, 2.3219)
(1.6587, 1.1315, 4.0782)
(0.8933, 0.7512, 4.1802)
(5.2758, 1.8688, 2.1353)
(2.3447, 1.3891, 3.9625)
(3.0056, 1.553, 3.7337)
(5.8603, 2.0029, 1.9817)
(3.6466, 1.6558, 3.4337)
(6.061, 2.2319, 1.7159)
(4.2867, 1.7619, 3.1218)
(4.9303, 1.878, 2.8009)
(1.3958, 0.5126, 4.4074)
(1.9299, 0.7132, 4.3894)
(5.5629, 1.9671, 2.5724)
(2.5782, 0.9463, 4.29)
(3.2378, 1.1477, 4.0856)
(6.166, 2.1229, 2.3973)
(3.8863, 1.3001, 3.8125)
(6.5089, 2.227, 2.1215)
(4.5394, 1.4506, 3.5378)
(5.1829, 1.6025, 3.2176)
(1.6723, 0.0798, 4.4953)
(2.1396, 0.2067, 4.4425)
(5.7886, 1.7035, 2.9487)
(2.7596, 0.4116, 4.3475)
(3.4074, 0.6171, 4.1506)
(6.4141, 1.8277, 2.7195)
(4.0387, 0.7873, 3.8643)
(1.8856, -0.1827, 4.431)
(6.8284, 1.9379, 2.4915)
(4.6695, 0.9266, 3.5476)
(2.1914, -0.2359, 4.3014)
(2.8434, -0.0098, 4.2251)
(5.3156, 1.042, 3.2161)
(3.474, 0.2091, 4.0183)
(5.9226, 1.1932, 2.9514)
(4.0879, 0.3882, 3.7404)
(4.7023, 0.5201, 3.4299)
(6.535, 1.2961, 2.7336)
(5.3211, 0.5677, 3.0525)
(6.9588, 1.4323, 2.5821)
(6.0504, 0.7493, 2.7219)
(6.8831, 1.0884, 2.5928)
(6.6396, 0.8796, 2.5649)
(1.1222, -0.2611, -5.9619)
(0.6681, -0.0843, -5.5587)
(0.1493, -0.0892, -5.2874)
(-0.3054, -0.4316, -5.3874)
(-0.9314, -0.4356, -5.4626)
(-1.565, -0.1729, -5.46)
(1.2228, -0.5652, -5.6429)
(0.7698, -0.3861, -5.2558)
(0.2608, -0.302, -4.9334)
(-2.1061, 0.1766, -5.3456)
(-0.2886, -0.5316, -4.9715)
(-2.4486, 0.3714, -5.1707)
(-0.9348, -0.4972, -5.0423)
(-1.5723, -0.253, -5.0481)
(-2.1504, -0.0077, -4.9679)
(-2.5249, 0.2978, -4.8402)
(1.3112, -0.9476, -5.2381)
(0.8245, -0.8158, -4.9189)
(0.3467, -0.6301, -4.5341)
(-0.2388, -0.6553, -4.445)
(-0.878, -0.4804, -4.5156)
(-1.5249, -0.2948, -4.544)
(-2.1344, -0.2356, -4.4714)
(-2.5361, -0.0256, -4.317)
(1.3087, -1.3028, -4.7861)
(0.7244, -1.3212, -4.6932)
(0.2098, -1.128, -4.3657)
(-0.3203, -0.9729, -4.0821)
(-0.8975, -0.7414, -4.1084)
(-1.4595, -0.5555, -4.1518)
(-2.0395, -0.4309, -4.0437)
(-2.4267, -0.2943, -3.7832)
(1.2393, -1.5653, -4.2617)
(0.6232, -1.7361, -4.3365)
(-0.0022, -1.621, -4.2545)
(-0.59, -1.3915, -4.0952)
(-1.0795, -1.0707, -3.9999)
(-1.3348, -0.6573, -3.7653)
(-1.7519, -0.2781, -3.7535)
(-2.0781, 0.2182, -4.0046)
(1.1594, -1.7655, -3.696)
(0.5265, -1.9702, -3.8053)
(-0.1458, -1.961, -3.8483)
(-0.7605, -1.7625, -3.805)
(-1.1365, -1.3254, -3.6115)
(-1.3487, -0.8271, -3.3131)
(-1.648, -0.4127, -3.2518)
(-1.7905, -0.1181, -3.62)
(1.0858, -1.9469, -3.1189)
(0.4421, -2.1392, -3.2246)
(-0.2339, -2.1364, -3.2837)
(-0.8733, -1.9286, -3.2769)
(-1.3811, -1.5511, -3.1801)
(-1.6914, -1.0439, -2.9815)
(-1.8399, -0.5431, -2.7769)
(-2.0328, -0.2205, -2.8749)
(1.0157, -2.1153, -2.5361)
(0.368, -2.3046, -2.6384)
(-0.3071, -2.3107, -2.7018)
(-0.9504, -2.1095, -2.7043)
(-1.5045, -1.7779, -2.6477)
(-1.9218, -1.3336, -2.5374)
(-2.1529, -0.8195, -2.3816)
(-2.2908, -0.4015, -2.3112)
(0.9428, -2.2582, -1.9461)
(0.2956, -2.458, -2.0475)
(-0.3768, -2.4861, -2.117)
(-1.0093, -2.2772, -2.1197)
(-1.5381, -1.9195, -2.0565)
(-1.9842, -1.4945, -1.9634)
(-2.3169, -1.0207, -1.8486)
(-2.5099, -0.6132, -1.7557)
(0.8625, -2.364, -1.3491)
(0.2197, -2.5857, -1.4503)
(-0.4473, -2.6452, -1.5262)
(-1.0681, -2.4239, -1.531)
(-1.5613, -2.0148, -1.4598)
(-2.0138, -1.5814, -1.3679)
(-2.4196, -1.1493, -1.2709)
(-2.6913, -0.7753, -1.1919)
(0.7762, -2.4333, -0.7472)
(0.1369, -2.6802, -0.8478)
(-0.5252, -2.7944, -0.9329)
(-1.1539, -2.5994, -0.9541)
(-1.647, -2.1627, -0.8856)
(-2.1059, -1.7029, -0.7931)
(-2.5437, -1.2719, -0.7025)
(-2.8712, -0.9316, -0.6335)
(0.6918, -2.4697, -0.1439)
(0.0461, -2.7284, -0.2427)
(-0.6128, -2.9254, -0.3402)
(-1.2654, -2.8185, -0.396)
(-1.7883, -2.3778, -0.3433)
(-2.2599, -1.8819, -0.25)
(-2.7154, -1.4187, -0.1561)
(-3.0597, -1.0573, -0.0721)
(0.5827, -2.4124, 0.4543)
(-0.0557, -2.679, 0.3618)
(-0.7004, -2.9228, 0.2668)
(-1.3549, -2.9392, 0.1904)
(-1.9112, -2.5587, 0.2138)
(-2.4235, -2.09, 0.2805)
(-2.9326, -1.6299, 0.3361)
(-3.4856, -1.1036, 0.4528)
(0.4637, -2.304, 1.0486)
(-0.1633, -2.5814, 0.9614)
(-0.7942, -2.8451, 0.8691)
(-1.4302, -2.9532, 0.7852)
(-2.0072, -2.6856, 0.7614)
(-4.1639, -1.0131, 0.2988)
(-2.5935, -2.3556, 0.7273)
(-3.1682, -2.017, 0.6107)
(-4.5746, -1.1082, 0.8635)
(-3.7142, -1.6857, 0.3764)
(-5.1949, -1.3346, 0.688)
(0.3532, -2.1949, 1.6479)
(-4.2766, -1.4268, 0.2495)
(-0.2748, -2.4631, 1.5588)
(-0.9102, -2.7028, 1.4562)
(-1.5655, -2.8541, 1.3271)
(-5.356, -1.1918, 0.474)
(-2.2106, -2.8365, 1.1639)
(-4.8122, -1.2728, 0.4873)
(-2.8262, -2.6845, 0.936)
(-3.3973, -2.4244, 0.6602)
(-5.3386, -1.1409, 0.5232)
(-3.9461, -2.1338, 0.3545)
(-5.6015, -1.2228, 0.3304)
(-4.4901, -1.8253, 0.1212)
(0.2594, -2.0987, 2.2129)
(-0.379, -2.3249, 2.13)
(-1.0278, -2.4821, 2.0291)
(-1.704, -2.5642, 1.8224)
(-5.0142, -1.4725, 0.1104)
(-2.3679, -2.5675, 1.5804)
(-3.0084, -2.506, 1.3392)
(-5.5486, -1.1823, 0.1072)
(-3.6114, -2.3462, 1.0489)
(0.1959, -2.0403, 2.6126)
(-0.4671, -2.2296, 2.5914)
(-5.9587, -1.0471, 0.1034)
(-4.1949, -2.1414, 0.7316)
(-4.7759, -1.9346, 0.4216)
(-1.8886, -2.415, 2.3779)
(-1.128, -2.3116, 2.7224)
(-5.3291, -1.7003, 0.1322)
(-2.5408, -2.36, 2.0901)
(-3.1486, -2.2129, 1.7885)
(-5.8072, -1.4555, -0.1378)
(-3.7336, -2.0356, 1.4575)
(-6.2219, -1.2699, -0.2101)
(-4.3251, -1.8622, 1.121)
(-4.9481, -1.7335, 0.8106)
(-1.6411, -2.2659, 3.0745)
(-2.1697, -2.3404, 2.8922)
(-5.5606, -1.6538, 0.5059)
(-2.7934, -2.333, 2.6188)
(-3.4042, -2.2304, 2.2852)
(-6.0893, -1.664, 0.172)
(-3.9905, -2.097, 1.9231)
(-6.504, -1.6638, -0.0571)
(-4.5836, -2.0025, 1.5405)
(-5.2118, -1.9445, 1.1686)
(-1.9521, -2.094, 3.4801)
(-2.4167, -2.1349, 3.3446)
(-5.8195, -1.9017, 0.8728)
(-3.0282, -2.177, 3.1061)
(-3.6526, -2.1557, 2.7787)
(-6.3955, -1.8705, 0.6187)
(-4.2546, -2.1277, 2.4102)
(-2.204, -1.9526, 3.6813)
(-6.8299, -1.8142, 0.4007)
(-4.8532, -2.1072, 2.0168)
(-2.5228, -1.833, 3.6655)
(-3.1831, -1.9426, 3.4564)
(-5.4608, -2.0233, 1.6143)
(-3.8182, -1.9729, 3.1462)
(-6.0703, -1.9776, 1.3129)
(-4.4147, -2.0014, 2.7766)
(-5.0067, -2.0262, 2.4084)
(-6.6488, -1.9412, 1.0999)
(-5.4775, -1.8593, 1.9316)
(-7.0637, -1.8564, 0.8975)
(-6.1155, -1.8006, 1.6679)
(-7.027, -1.8041, 1.2338)
(-6.7919, -1.7929, 1.4876)
(-1.1641, 3.1802, -3.8822)
(-1.4846, 2.9048, -3.6349)
(-2.0394, 2.6278, -3.639)
(-2.4206, 2.1649, -3.7437)
(-2.3931, 1.6152, -3.7563)
(-2.606, 1.2515, -4.1717)
(-1.0948, 3.4451, -3.7182)
(-1.5074, 3.0377, -3.7033)
(-1.842, 2.5066, -3.6001)
(-2.8353, 0.8255, -4.5948)
(-2.2438, 2.0309, -3.4922)
(-2.805, 0.5188, -4.8753)
(-2.4626, 1.4761, -3.5418)
(-2.501, 1.0142, -3.9371)
(-2.5939, 0.6214, -4.4126)
(-2.5389, 0.3061, -4.8261)
(-1.0803, 3.5199, -3.2275)
(-1.578, 3.1185, -3.2624)
(-1.8082, 2.5315, -3.1924)
(-2.0364, 1.9148, -3.1982)
(-2.2561, 1.2966, -3.3531)
(-2.4278, 0.7296, -3.6187)
(-2.6125, 0.3337, -4.0126)
(-2.5476, -0.0153, -4.3025)
(-1.0577, 3.391, -2.6557)
(-1.6169, 3.0068, -2.7327)
(-2.0354, 2.518, -2.8234)
(-2.2594, 1.9086, -2.9555)
(-2.4486, 1.2926, -3.0672)
(-2.5465, 0.7121, -3.277)
(-2.5323, 0.191, -3.6038)
(-2.444, -0.2885, -3.7697)
(-1.0524, 3.2138, -2.1394)
(-1.5347, 2.7726, -2.2664)
(-1.8716, 2.2801, -2.4729)
(-1.9999, 1.7049, -2.7131)
(-2.1968, 1.2046, -2.7431)
(-2.2054, 0.8252, -3.1071)
(-2.1465, 0.3383, -3.448)
(-1.9948, 0.1423, -3.8613)
(-1.2267, 3.2295, -1.6859)
(-1.5613, 2.786, -1.7851)
(-1.5497, 2.2342, -2.0631)
(-1.6069, 1.6265, -2.3042)
(-1.8032, 1.1112, -2.3813)
(-1.9544, 0.7172, -2.7076)
(-1.946, 0.2317, -3.0476)
(-1.7893, -0.1175, -3.4233)
(-1.1617, 3.1916, -1.1406)
(-1.3695, 2.6951, -1.2731)
(-1.3143, 2.1182, -1.5639)
(-1.442, 1.525, -1.8075)
(-1.72, 1.0034, -1.9375)
(-1.9186, 0.5668, -2.2329)
(-1.9733, 0.0946, -2.5114)
(-2.0069, -0.2296, -2.8244)
(-1.0345, 3.0924, -0.5704)
(-1.2029, 2.5771, -0.7539)
(-1.3692, 1.9987, -1.026)
(-1.6825, 1.4912, -1.3164)
(-2.0456, 1.0318, -1.5673)
(-2.262, 0.5272, -1.8547)
(-2.3295, 0.0087, -2.0916)
(-2.2928, -0.3861, -2.2928)
(-0.9872, 2.936, -0.0021)
(-1.3183, 2.4645, -0.2115)
(-1.5933, 1.9075, -0.4886)
(-1.8921, 1.3826, -0.7793)
(-2.1446, 0.8763, -1.0572)
(-2.282, 0.3411, -1.3342)
(-2.4124, -0.1835, -1.5658)
(-2.5156, -0.5953, -1.745)
(-0.9652, 2.7061, 0.5555)
(-1.4037, 2.2805, 0.3522)
(-1.6925, 1.7315, 0.069)
(-1.9002, 1.1708, -0.2362)
(-2.0213, 0.619, -0.5384)
(-2.1814, 0.0779, -0.8008)
(-2.4275, -0.4174, -1.0182)
(-2.7005, -0.7585, -1.1817)
(-0.9523, 2.454, 1.1113)
(-1.3962, 2.046, 0.9133)
(-1.6282, 1.4885, 0.6102)
(-1.7489, 0.9129, 0.2753)
(-1.9124, 0.3562, -0.0236)
(-2.1924, -0.1627, -0.2648)
(-2.551, -0.6041, -0.476)
(-2.8869, -0.9178, -0.6256)
(-0.9233, 2.1815, 1.6608)
(-1.3257, 1.7829, 1.4588)
(-1.4878, 1.2248, 1.1283)
(-1.6822, 0.6861, 0.7996)
(-1.996, 0.1735, 0.5206)
(-2.3477, -0.3158, 0.2791)
(-2.788, -0.6618, 0.0512)
(-3.0773, -1.0394, -0.0581)
(-0.8482, 1.8805, 2.198)
(-1.2358, 1.4932, 1.9899)
(-1.4408, 0.9756, 1.6529)
(-1.8363, 0.5704, 1.3421)
(-2.2215, 0.0869, 1.0704)
(-2.5889, -0.3715, 0.8164)
(-3.0836, -0.5644, 0.5545)
(-3.5045, -1.0841, 0.4739)
(-0.747, 1.5607, 2.723)
(-1.1911, 1.1982, 2.5182)
(-1.536, 0.7529, 2.195)
(-2.0337, 0.4492, 1.9021)
(-2.454, 0.0068, 1.6254)
(-4.1819, -0.986, 0.2676)
(-2.8649, -0.3731, 1.3527)
(-3.3631, -0.395, 1.0773)
(-4.5057, -1.0923, 0.9026)
(-3.8361, -0.7036, 0.9287)
(-5.2474, -1.2831, 0.709)
(-0.6312, 1.1929, 3.2098)
(-4.3845, -0.8249, 0.7208)
(-1.1594, 0.8704, 3.0294)
(-1.6409, 0.523, 2.7467)
(-2.1969, 0.2913, 2.4692)
(-5.4608, -1.3022, 0.4892)
(-2.6797, -0.062, 2.1782)
(-4.9357, -0.9981, 0.7786)
(-3.1523, -0.3273, 1.8802)
(-3.6481, -0.2541, 1.5934)
(-5.3841, -1.1654, 0.6349)
(-4.1538, -0.4383, 1.3938)
(-5.7284, -1.1767, 0.3085)
(-4.6812, -0.6011, 1.1117)
(-0.5099, 0.789, 3.6062)
(-1.1101, 0.5044, 3.4876)
(-1.6877, 0.2316, 3.2963)
(-2.3041, 0.0492, 3.0241)
(-5.2499, -0.727, 0.9033)
(-2.8768, -0.1635, 2.7223)
(-3.4254, -0.3023, 2.3878)
(-5.7469, -0.8308, 0.6186)
(-3.9775, -0.3227, 2.0659)
(-0.4265, 0.4833, 3.864)
(-1.0653, 0.1707, 3.8237)
(-6.1061, -0.7891, 0.2572)
(-4.5592, -0.3197, 1.8185)
(-5.1245, -0.4525, 1.4637)
(-2.4097, -0.3388, 3.4805)
(-1.6523, -0.2328, 3.8438)
(-5.6615, -0.5283, 1.1637)
(-3.0578, -0.4448, 3.1991)
(-3.6602, -0.5235, 2.8667)
(-6.2045, -0.5361, 0.8428)
(-4.2536, -0.5599, 2.538)
(-6.5215, -0.4147, 0.4858)
(-4.874, -0.5325, 2.2692)
(-5.497, -0.5826, 1.8773)
(-2.0248, -0.7596, 3.927)
(-2.547, -0.849, 3.7312)
(-6.1005, -0.5616, 1.5021)
(-3.1796, -0.9319, 3.4936)
(-3.8073, -0.9845, 3.1848)
(-6.6346, -0.4522, 1.2003)
(-4.4142, -1.0199, 2.849)
(-6.9722, -0.417, 0.8827)
(-5.0274, -1.0464, 2.537)
(-5.6516, -1.0156, 2.1601)
(-2.1674, -1.2901, 3.9494)
(-2.6072, -1.3955, 3.7811)
(-6.2932, -0.9265, 1.8097)
(-3.214, -1.4875, 3.5573)
(-3.8359, -1.5358, 3.2472)
(-6.8673, -0.8082, 1.5167)
(-4.4247, -1.5731, 2.887)
(-2.2915, -1.6109, 3.8468)
(-7.2436, -0.7757, 1.2531)
(-5.0133, -1.6233, 2.5654)
(-2.5202, -1.8162, 3.6821)
(-3.1784, -1.9249, 3.4739)
(-5.5434, -1.5721, 2.1392)
(-3.8114, -1.9653, 3.1733)
(-6.1641, -1.4602, 1.8407)
(-4.4062, -1.9869, 2.8003)
(-4.9941, -2.0078, 2.4303)
(-6.8024, -1.3595, 1.6305)
(-5.4234, -1.8804, 1.8776)
(-7.2382, -1.2857, 1.4541)
(-6.0523, -1.8017, 1.6369)
(-7.1, -1.6102, 1.5142)
(-6.8093, -1.7646, 1.5058)
(2.6848, 0.928, -0.2768)
(2.399, 2.6143, -3.4116)
(2.1864, -0.2519, 4.2882)
(2.0805, 1.4916, -1.9412)
(2.8378, -0.0214, 4.2099)
(3.4706, 0.2027, 4.0097)
(2.8761, 0.7514, 0.268)
(4.0837, 0.3905, 3.7311)
(4.6969, 0.5232, 3.42)
(5.302, 0.5856, 3.0473)
(5.9544, 0.7239, 2.7426)
(2.7675, 2.3617, -2.9983)
(6.5981, 0.8664, 2.5455)
(2.3698, 1.3342, -1.4037)
(2.524, 1.123, -0.8347)
(4.1735, 0.7543, 1.5254)
(3.0706, 0.5939, 0.8149)
(3.5285, 0.691, 1.2959)
(4.6704, 1.2358, 1.5839)
(5.2867, 0.9832, 1.6936)
(2.4238, 3.0021, -3.8856)
(2.1891, 2.2469, -3.0234)
(2.123, 1.9094, -2.5525)
(6.4605, 0.6445, 2.0956)
(6.386, 0.7175, 2.3933)
(6.6557, 0.8135, 2.3887)
(6.7109, 0.6979, 2.1118)
(5.4563, 0.94, 1.6807)
(5.2045, 0.9143, 1.7134)
(5.3387, 0.9715, 1.6759)
(5.5075, 0.9733, 1.6728)
(5.2138, 0.9622, 1.6349)
(5.4131, 1.169, 1.4018)
(5.4894, 1.2374, 1.4855)
(5.3737, 0.9175, 1.3694)
(5.5523, 0.9625, 1.168)
(5.6046, 1.2172, 1.1265)
(5.551, 0.8352, 1.412)
(5.8277, 0.9347, 1.4286)
(5.8283, 1.0448, 1.1285)
(5.7633, 0.7453, 1.7199)
(6.1199, 0.6496, 1.7224)
(6.1477, 0.8273, 1.4358)
(6.0879, 0.5812, 2.06)
(6.4699, 0.6056, 1.7592)
(1.9306, -1.0143, 3.5011)
(1.7815, -0.9716, 3.7811)
(2.0178, -0.6852, 3.946)
(2.2136, -0.721, 3.6973)
(2.4922, -0.7822, 3.4106)
(2.5088, -0.434, 3.8737)
(2.8196, -0.4916, 3.6005)
(3.1525, -0.5867, 3.309)
(3.1442, -0.2117, 3.7516)
(3.4768, -0.3128, 3.479)
(3.8154, -0.4331, 3.1882)
(3.7972, -0.049, 3.6016)
(4.1412, -0.1828, 3.3486)
(4.4611, -0.2828, 3.0408)
(4.4467, 0.0795, 3.4385)
(4.7135, -0.0194, 3.146)
(4.8247, 0.0051, 2.7439)
(4.9383, 0.2312, 3.107)
(5.0111, 0.2376, 2.7329)
(5.1152, 0.3258, 2.3711)
(5.3918, 0.4059, 2.7066)
(5.5217, 0.4368, 2.3875)
(5.65, 0.5404, 2.0397)
(5.9846, 0.5734, 2.3958)
(1.8096, -1.3491, 3.0032)
(1.5621, -1.3062, 3.3067)
(2.1664, -1.0714, 3.212)
(2.5068, -1.1512, 2.9261)
(2.8291, -0.8662, 3.1205)
(3.1763, -0.9487, 2.8201)
(3.4877, -0.6759, 3.0019)
(3.8136, -0.7334, 2.6721)
(4.1381, -0.5034, 2.8604)
(4.4349, -0.5134, 2.4989)
(4.7042, -0.2775, 2.6679)
(4.9222, -0.1727, 2.2819)
(4.9755, 0.1283, 2.3585)
(5.1799, 0.3049, 2.0218)
(5.2864, 0.4982, 2.0346)
(5.4555, 0.7179, 1.7241)
(0.5757, -1.9744, 2.2603)
(0.2249, -2.066, 2.4284)
(0.5149, -1.9211, 2.6802)
(0.8535, -1.8187, 2.5586)
(1.2042, -1.7497, 2.3668)
(1.1128, -1.6342, 2.9162)
(1.4746, -1.5812, 2.7121)
(1.8743, -1.6182, 2.4321)
(2.1859, -1.4163, 2.7051)
(2.5709, -1.4974, 2.4219)
(2.8763, -1.2397, 2.6406)
(3.2144, -1.2744, 2.3319)
(3.5138, -1.0094, 2.505)
(3.8032, -0.981, 2.1652)
(4.1199, -0.7495, 2.3234)
(4.3543, -0.6407, 1.9707)
(4.6868, -0.444, 2.1218)
(4.8691, -0.2536, 1.7682)
(5.1291, -0.0137, 1.9263)
(5.282, 0.2006, 1.6937)
(5.3674, 0.4813, 1.7462)
(5.4349, 0.6425, 1.5091)
(0.6683, -2.0623, 1.6885)
(0.3029, -2.1432, 1.9455)
(0.9356, -1.8967, 2.0297)
(1.3136, -1.854, 1.7666)
(1.5863, -1.7443, 2.1091)
(1.9801, -1.8022, 1.8417)
(2.2665, -1.6968, 2.1532)
(2.6078, -1.6772, 1.8646)
(2.9064, -1.4958, 2.117)
(3.1357, -1.3106, 1.8092)
(3.469, -1.1625, 1.9923)
(3.611, -0.8677, 1.7193)
(3.9891, -0.7736, 1.8355)
(4.0724, -0.4092, 1.5972)
(4.4836, -0.3547, 1.6654)
(4.5473, 0.0081, 1.4177)
(4.965, 0.0435, 1.5247)
(4.9451, 0.3902, 1.5031)
(5.28, 0.4865, 1.6129)
(5.1811, 0.8097, 1.594)
(0.7796, -2.1704, 1.0896)
(0.407, -2.2487, 1.3473)
(1.0423, -1.9958, 1.4266)
(1.4277, -1.9559, 1.1695)
(1.7036, -1.8575, 1.5056)
(2.0916, -1.8611, 1.2467)
(2.3451, -1.8022, 1.5724)
(2.6376, -1.605, 1.3055)
(2.842, -1.442, 1.5903)
(2.9899, -1.0726, 1.3952)
(3.2425, -0.9433, 1.6115)
(3.3278, -0.5233, 1.5034)
(3.6732, -0.4557, 1.5812)
(3.7104, -0.0362, 1.425)
(4.1068, -0.0093, 1.3992)
(4.1534, 0.3722, 1.2803)
(4.562, 0.3762, 1.3266)
(4.5613, 0.7072, 1.4692)
(4.8791, 0.7028, 1.6245)
(4.9639, 0.8567, 1.712)
(0.9034, -2.2831, 0.4987)
(0.5229, -2.3606, 0.7514)
(1.1624, -2.1072, 0.8351)
(1.5494, -2.0396, 0.5803)
(1.818, -1.9184, 0.9132)
(2.2037, -1.8364, 0.6538)
(2.4506, -1.7498, 0.9865)
(2.7724, -1.5149, 0.7379)
(2.8919, -1.2995, 1.0752)
(3.0814, -0.9591, 0.8735)
(3.1414, -0.7017, 1.2304)
(3.2413, -0.3264, 1.0408)
(3.4204, -0.1262, 1.3346)
(3.4227, 0.2886, 1.1712)
(3.7465, 0.3829, 1.3024)
(3.8537, 0.7143, 1.4013)
(4.253, 0.686, 1.3855)
(4.4276, 0.9835, 1.5407)
(4.6913, 0.9621, 1.6121)
(4.988, 1.1083, 1.6195)
(1.0128, -2.3373, -0.0964)
(0.6402, -2.452, 0.1559)
(1.285, -2.1939, 0.2454)
(1.6528, -2.0646, -0.0107)
(1.9333, -1.9424, 0.3213)
(2.2929, -1.7851, 0.0607)
(2.5597, -1.6685, 0.3958)
(2.8104, -1.377, 0.1575)
(2.9879, -1.1907, 0.5124)
(3.0205, -0.7907, 0.3201)
(3.1213, -0.5642, 0.6858)
(3.0507, -0.1587, 0.5221)
(3.2071, 0.0614, 0.8701)
(3.0884, 0.387, 0.7145)
(3.3003, 0.6324, 1.0533)
(1.0872, -2.2884, -0.6969)
(0.7354, -2.4599, -0.4453)
(1.3652, -2.1757, -0.3496)
(1.6957, -1.9705, -0.6018)
(1.9885, -1.8722, -0.2668)
(2.2835, -1.6207, -0.5177)
(2.5675, -1.52, -0.1854)
(2.7246, -1.1591, -0.3997)
(2.8972, -0.9892, -0.0424)
(2.8563, -0.5821, -0.2113)
(2.9352, -0.3783, 0.1591)
(2.8361, 0.0178, 0.003)
(2.9471, 0.2111, 0.3644)
(2.8573, 0.5318, 0.1873)
(2.9749, 0.6629, 0.5394)
(1.1708, -2.2189, -1.2961)
(0.819, -2.4018, -1.0486)
(1.4297, -2.0952, -0.9463)
(1.7554, -1.8711, -1.1917)
(2.0089, -1.7349, -0.8508)
(2.2695, -1.4392, -1.088)
(2.5104, -1.3039, -0.7497)
(2.6492, -0.9285, -0.9541)
(2.7837, -0.7648, -0.5875)
(2.7716, -0.3691, -0.7604)
(2.7803, -0.1831, -0.3732)
(2.7044, 0.2077, -0.5395)
(2.7516, 0.3833, -0.1672)
(2.6752, 0.7087, -0.3555)
(2.7808, 0.8295, -0.0054)
(1.249, -2.1136, -1.8903)
(0.9038, -2.3163, -1.6484)
(1.5047, -2.0024, -1.5387)
(1.7958, -1.7268, -1.7706)
(2.0284, -1.5818, -1.4253)
(2.2152, -1.2165, -1.6377)
(2.4411, -1.0708, -1.2999)
(2.563, -0.6809, -1.4991)
(2.7208, -0.537, -1.1417)
(2.7335, -0.1416, -1.3177)
(2.7232, 0.0276, -0.9271)
(2.6356, 0.4178, -1.0974)
(2.6186, 0.5732, -0.7178)
(2.5329, 0.904, -0.9147)
(2.6047, 1.0154, -0.5576)
(1.3175, -1.9671, -2.4767)
(0.9799, -2.1908, -2.2421)
(1.5636, -1.8622, -2.1227)
(1.8223, -1.545, -2.3395)
(2.0124, -1.3792, -1.9841)
(2.1488, -0.9809, -2.1824)
(2.3401, -0.8163, -1.8374)
(2.4659, -0.4307, -2.0466)
(2.6542, -0.2959, -1.6959)
(2.6836, 0.1013, -1.8778)
(2.6825, 0.2587, -1.4861)
(2.5553, 0.6454, -1.66)
(2.5084, 0.7815, -1.2814)
(2.377, 1.1102, -1.4818)
(2.4433, 1.2195, -1.1236)
(1.3814, -1.7908, -3.0548)
(1.0507, -2.0334, -2.8283)
(1.6184, -1.6891, -2.6985)
(1.8585, -1.3484, -2.9027)
(2.01, -1.1722, -2.5409)
(2.0875, -0.7582, -2.729)
(2.2449, -0.5755, -2.3834)
(2.3275, -0.1905, -2.5745)
(2.5753, -0.0516, -2.2516)
(2.5718, 0.3514, -2.3876)
(2.6279, 0.5056, -2.0425)
(2.4446, 0.8926, -2.1935)
(2.3688, 0.9976, -1.8448)
(2.1959, 1.3278, -2.0406)
(2.2148, 1.4071, -1.686)
(1.4413, -1.5927, -3.6249)
(1.1218, -1.8575, -3.4081)
(1.665, -1.4876, -3.2648)
(1.8655, -1.1143, -3.4516)
(1.9838, -0.9465, -3.0856)
(1.9786, -0.5091, -3.2447)
(2.0676, -0.3357, -2.8912)
(2.073, 0.0654, -2.9981)
(2.3266, 0.1962, -2.6778)
(2.27, 0.6144, -2.7282)
(2.4237, 0.7655, -2.4615)
(2.2916, 1.1976, -2.6385)
(2.2615, 1.282, -2.3806)
(2.1923, 1.6735, -2.5916)
(2.1014, 1.6748, -2.2327)
(1.501, -1.3758, -4.1857)
(1.1988, -1.67, -3.9816)
(1.6999, -1.2572, -3.8202)
(1.8835, -0.862, -3.9948)
(1.9729, -0.6931, -3.6175)
(2.0164, -0.2456, -3.7601)
(1.9955, -0.0748, -3.3734)
(2.0899, 0.3552, -3.4975)
(2.152, 0.4809, -3.0936)
(2.2432, 0.9313, -3.2379)
(2.2768, 1.0665, -2.8885)
(2.3473, 1.5222, -3.1346)
(2.2691, 1.6333, -2.9057)
(2.3188, 2.0069, -3.0582)
(2.1591, 2.0494, -2.7696)
(1.5625, -1.1377, -4.7339)
(1.2783, -1.4449, -4.5321)
(1.738, -1.0152, -4.3691)
(1.9039, -0.6081, -4.5324)
(1.9785, -0.4249, -4.1481)
(2.0482, 0.0244, -4.2831)
(2.0521, 0.2115, -3.8937)
(2.1504, 0.6336, -4.0332)
(2.1751, 0.7918, -3.6431)
(2.302, 1.2264, -3.7585)
(2.3444, 1.3859, -3.3936)
(2.5359, 1.7759, -3.4838)
(2.5168, 1.9004, -3.2509)
(2.662, 2.1931, -3.2172)
(2.4775, 2.2964, -3.0206)
(1.571, -0.8411, -5.2474)
(1.3219, -1.135, -5.019)
(1.7924, -0.7688, -4.9115)
(1.9897, -0.3744, -5.0686)
(2.0594, -0.1924, -4.6763)
(2.2198, 0.2179, -4.798)
(2.1997, 0.432, -4.4045)
(2.3839, 0.8237, -4.5059)
(2.347, 1.0251, -4.1355)
(2.5314, 1.429, -4.2059)
(2.5012, 1.6215, -3.8263)
(2.5553, 1.9959, -3.8783)
(2.607, 2.1057, -3.5155)
(2.4856, 2.4401, -3.5664)
(2.5862, 2.4808, -3.2115)
(1.4962, -0.5085, -5.6985)
(1.2739, -0.7512, -5.4493)
(1.7925, -0.4871, -5.431)
(1.9506, -0.1014, -5.5612)
(2.1261, 0.0464, -5.1966)
(2.1972, 0.4786, -5.2839)
(2.3245, 0.6453, -4.9021)
(2.3697, 1.0808, -4.9795)
(2.48, 1.2506, -4.5953)
(2.4765, 1.6882, -4.6605)
(2.5482, 1.8538, -4.2738)
(2.4946, 2.2821, -4.3189)
(2.4796, 2.3921, -3.9369)
(2.4566, 2.7687, -4.0076)
(2.4124, 2.8007, -3.6553)
(1.4055, -0.2383, -6.042)
(1.1717, -0.4051, -5.8102)
(1.7171, -0.2186, -5.8523)
(1.8616, 0.1232, -5.9282)
(2.0387, 0.3011, -5.6216)
(2.0849, 0.7044, -5.642)
(2.2346, 0.897, -5.3241)
(2.2588, 1.305, -5.338)
(2.3841, 1.5016, -5.0143)
(2.4077, 1.9105, -5.0253)
(2.4693, 2.1077, -4.684)
(2.5008, 2.508, -4.6843)
(2.4951, 2.6691, -4.3432)
(2.5108, 2.977, -4.3682)
(2.4587, 3.0735, -4.0621)
(1.8993, -0.6676, 4.0868)
(2.0727, -0.3998, 4.2179)
(2.2393, -0.4109, 4.0946)
(2.5068, -0.1504, 4.2348)
(2.8258, -0.1673, 4.0079)
(3.1497, 0.0817, 4.0979)
(3.4657, 0.043, 3.8431)
(3.7734, 0.2946, 3.8614)
(4.1042, 0.2042, 3.6386)
(4.3856, 0.4596, 3.5659)
(4.7142, 0.3318, 3.381)
(4.9872, 0.5649, 3.2262)
(5.2282, 0.4475, 2.9881)
(5.5706, 0.651, 2.9027)
(5.7947, 0.5889, 2.6717)
(6.2075, 0.7759, 2.6447)
(6.5695, 1.0756, 2.6702)
(6.7663, 1.3593, 2.6519)
(6.9462, 1.2342, 2.591)
(6.7734, 0.9761, 2.5823)
(5.2599, 1.1373, 1.6297)
(5.229, 1.1056, 1.6023)
(5.2466, 1.3677, 1.3941)
(5.3919, 1.3839, 1.4823)
(5.4776, 1.4527, 1.5856)
(5.4315, 1.7481, 1.3859)
(5.6517, 1.799, 1.5518)
(5.7287, 1.851, 1.7817)
(5.8128, 2.1342, 1.5765)
(5.9973, 2.1095, 1.8604)
(6.0113, 2.1055, 2.1914)
(6.2973, 2.2633, 1.9046)
(6.3629, 2.1821, 2.2703)
(6.3044, 2.0252, 2.5871)
(6.6889, 2.1204, 2.333)
(6.6432, 1.8852, 2.606)
(6.4883, 1.564, 2.7605)
(6.9193, 1.6873, 2.563)
(1.5556, 0.2964, 4.4735)
(1.6517, 0.6091, 4.4043)
(2.0486, 0.458, 4.447)
(1.8914, 0.1356, 4.471)
(2.2444, 0.8289, 4.3526)
(2.6807, 0.6747, 4.3518)
(2.4358, 0.3027, 4.4045)
(2.9103, 1.0539, 4.2002)
(3.3352, 0.8799, 4.1532)
(3.0855, 0.5182, 4.2629)
(3.5623, 1.2274, 3.9516)
(3.9766, 1.0448, 3.8752)
(3.7248, 0.7062, 4.0144)
(4.2119, 1.3733, 3.6788)
(4.6206, 1.1945, 3.5834)
(4.3515, 0.8617, 3.7094)
(4.8666, 1.5312, 3.3783)
(5.2655, 1.3313, 3.2604)
(4.9956, 0.9817, 3.378)
(5.4828, 1.6549, 3.0749)
(5.8634, 1.4574, 2.9936)
(5.6183, 1.1189, 3.0758)
(6.1145, 1.7637, 2.8322)
(6.2413, 1.247, 2.8353)
(1.1723, 0.6716, 4.3005)
(1.3115, 0.9804, 4.1131)
(1.7923, 0.9366, 4.2628)
(2.0027, 1.269, 4.0323)
(2.4628, 1.1897, 4.1566)
(2.6789, 1.4826, 3.8614)
(3.1253, 1.3775, 3.9408)
(3.3274, 1.6077, 3.5876)
(3.773, 1.5063, 3.6562)
(3.9657, 1.706, 3.28)
(4.4241, 1.6384, 3.3676)
(4.6099, 1.8233, 2.9564)
(5.0691, 1.7867, 3.045)
(5.2448, 1.9186, 2.6729)
(5.6888, 1.8804, 2.7919)
(5.8857, 2.0428, 2.49)
(-0.4643, 0.6256, 3.7469)
(-0.191, 0.9004, 3.6335)
(0.1877, 0.8418, 3.8306)
(-0.0971, 0.5973, 3.9147)
(0.4555, 1.1039, 3.6622)
(0.85, 1.0336, 3.9063)
(0.575, 0.7463, 4.0738)
(1.1174, 1.342, 3.639)
(1.5487, 1.3073, 3.8511)
(1.7955, 1.5563, 3.5368)
(2.2322, 1.5355, 3.7232)
(2.4536, 1.6712, 3.3465)
(2.8858, 1.6643, 3.4848)
(3.0869, 1.7275, 3.071)
(3.5175, 1.7467, 3.1808)
(3.7008, 1.8047, 2.7578)
(4.1425, 1.8328, 2.861)
(4.3133, 1.8303, 2.4514)
(4.7765, 1.8859, 2.5551)
(4.9471, 1.832, 2.2174)
(5.417, 1.9567, 2.3478)
(5.602, 1.924, 2.0658)
(-0.568, 0.9857, 3.4247)
(-0.3214, 1.2643, 3.2054)
(0.0718, 1.16, 3.4234)
(0.3321, 1.3867, 3.1375)
(0.7184, 1.3661, 3.3954)
(0.9799, 1.5967, 3.0832)
(1.376, 1.5844, 3.3236)
(1.6272, 1.6865, 2.9752)
(2.0337, 1.6616, 3.1762)
(2.2639, 1.6037, 2.7923)
(2.6706, 1.6595, 2.9437)
(2.8882, 1.5357, 2.5538)
(3.2899, 1.6849, 2.6582)
(3.4917, 1.5802, 2.2526)
(3.8853, 1.751, 2.3422)
(4.0844, 1.5615, 1.9783)
(4.4993, 1.6887, 2.1018)
(4.7187, 1.5118, 1.8479)
(5.1601, 1.7264, 1.9451)
(5.3814, 1.5829, 1.7274)
(-0.6911, 1.3851, 2.9736)
(-0.4542, 1.5889, 2.6997)
(-0.0646, 1.4494, 2.9032)
(0.1962, 1.5976, 2.5818)
(0.5922, 1.5848, 2.828)
(0.8555, 1.7243, 2.4999)
(1.2386, 1.7265, 2.7471)
(1.4923, 1.6842, 2.3882)
(1.8714, 1.6141, 2.6064)
(2.0959, 1.4189, 2.2512)
(2.4849, 1.4271, 2.4263)
(2.7054, 1.2213, 2.0717)
(3.1052, 1.3694, 2.1798)
(3.3292, 1.185, 1.8191)
(3.7043, 1.401, 1.884)
(3.9417, 1.1582, 1.6018)
(4.309, 1.3229, 1.7088)
(4.5359, 1.142, 1.6264)
(4.9436, 1.3289, 1.724)
(5.1441, 1.2009, 1.6702)
(-0.7996, 1.7241, 2.4631)
(-0.5653, 1.8886, 2.1712)
(-0.1965, 1.6962, 2.3632)
(0.0734, 1.7706, 2.0238)
(0.4639, 1.7042, 2.252)
(0.7301, 1.7505, 1.9102)
(1.1168, 1.7451, 2.152)
(1.3555, 1.6172, 1.8009)
(1.723, 1.5063, 2.0327)
(1.9399, 1.2907, 1.6847)
(2.3113, 1.1966, 1.9025)
(2.535, 1.009, 1.5468)
(2.933, 1.0277, 1.715)
(3.1606, 0.828, 1.3753)
(3.5771, 0.957, 1.519)
(3.8483, 0.731, 1.42)
(4.1905, 0.9706, 1.5226)
(4.4163, 1.0066, 1.5686)
(4.7532, 1.1221, 1.6443)
(4.9691, 1.1107, 1.658)
(-0.8908, 2.0337, 1.9307)
(-0.6318, 2.2039, 1.6473)
(-0.2923, 1.9713, 1.8339)
(-0.0099, 2.0221, 1.4945)
(0.3405, 1.8089, 1.6827)
(0.6099, 1.81, 1.3474)
(0.9804, 1.6966, 1.5688)
(1.2308, 1.5875, 1.2294)
(1.5816, 1.4287, 1.4528)
(1.8261, 1.3085, 1.1116)
(2.1669, 1.1205, 1.3338)
(2.4029, 1.0171, 0.989)
(2.7489, 0.8568, 1.196)
(2.8956, 0.7528, 0.8656)
(3.2988, 0.6525, 1.0575)
(-0.9424, 2.3213, 1.3874)
(-0.6484, 2.5111, 1.1201)
(-0.3259, 2.303, 1.3282)
(-0.0151, 2.3663, 0.9988)
(0.2818, 2.0542, 1.1587)
(0.5907, 2.0892, 0.8321)
(0.8982, 1.8043, 1.0198)
(1.1984, 1.8243, 0.6991)
(1.5047, 1.5469, 0.8998)
(1.7876, 1.5625, 0.5861)
(2.0893, 1.2743, 0.786)
(2.3393, 1.2618, 0.4655)
(2.6125, 0.9703, 0.6611)
(2.7395, 0.9292, 0.3343)
(2.9718, 0.6824, 0.5435)
(-0.9586, 2.5816, 0.8336)
(-0.6624, 2.7867, 0.5757)
(-0.3262, 2.6311, 0.815)
(-0.0126, 2.69, 0.4842)
(0.2962, 2.404, 0.6645)
(0.606, 2.4269, 0.3316)
(0.9038, 2.1252, 0.5126)
(1.2019, 2.1506, 0.1948)
(1.4939, 1.8572, 0.3896)
(1.7637, 1.8678, 0.0731)
(2.0502, 1.5676, 0.271)
(2.2667, 1.5224, -0.0625)
(2.5165, 1.2148, 0.1342)
(2.5936, 1.1325, -0.2073)
(2.7802, 0.8499, -0.0034)
(-0.975, 2.8273, 0.2776)
(-0.7075, 3.0202, 0.0143)
(-0.3517, 2.8997, 0.267)
(-0.057, 2.9191, -0.0771)
(0.2864, 2.6964, 0.1367)
(0.5629, 2.657, -0.2208)
(0.8948, 2.421, -0.0088)
(1.1563, 2.3881, -0.3534)
(1.4702, 2.146, -0.1339)
(1.7131, 2.1166, -0.4724)
(1.9978, 1.8332, -0.2619)
(2.1753, 1.7462, -0.6064)
(2.4092, 1.4355, -0.4088)
(2.4486, 1.3287, -0.756)
(2.6042, 1.0355, -0.5539)
(-1.003, 3.0235, -0.2853)
(-0.7875, 3.1732, -0.5656)
(-0.4206, 3.0839, -0.3107)
(-0.153, 3.0335, -0.6651)
(0.2105, 2.8596, -0.439)
(0.4529, 2.7458, -0.8073)
(0.8126, 2.5795, -0.5807)
(1.0372, 2.4811, -0.9133)
(1.3975, 2.3436, -0.6913)
(1.5868, 2.2326, -0.9777)
(1.909, 2.045, -0.805)
(1.9725, 1.8603, -1.0992)
(2.2343, 1.6038, -0.9433)
(2.2261, 1.4772, -1.2892)
(2.4505, 1.2377, -1.1148)
(-1.0911, 3.1477, -0.8553)
(-0.8983, 3.2418, -1.1533)
(-0.5245, 3.1675, -0.9027)
(-0.2758, 3.0416, -1.2582)
(0.0885, 2.9004, -1.0304)
(0.3282, 2.7474, -1.3994)
(0.6762, 2.6057, -1.1547)
(0.8549, 2.3987, -1.4196)
(1.196, 2.2873, -1.1544)
(1.3144, 2.0394, -1.3026)
(1.6598, 1.9931, -1.1754)
(1.6943, 1.8153, -1.4637)
(1.9507, 1.6721, -1.4182)
(1.9857, 1.6378, -1.8134)
(2.2356, 1.4187, -1.6588)
(-1.2233, 3.223, -1.4235)
(-0.9534, 3.2695, -1.695)
(-0.6385, 3.1654, -1.4863)
(-0.3394, 3.0924, -1.7804)
(-0.0224, 2.888, -1.6152)
(0.2833, 2.805, -1.9115)
(0.5673, 2.5808, -1.722)
(0.8235, 2.4651, -1.9075)
(1.0362, 2.2004, -1.5968)
(1.2976, 2.1143, -1.7611)
(1.4826, 1.9241, -1.5311)
(1.6865, 2.0312, -1.977)
(1.808, 1.8735, -1.9302)
(1.975, 2.024, -2.4135)
(2.1021, 1.7263, -2.261)
(-1.143, 3.2094, -1.9156)
(-0.7921, 3.3914, -2.1011)
(-0.5918, 3.3338, -1.9074)
(-0.2052, 3.467, -2.0881)
(0.0321, 3.1386, -1.9823)
(0.4348, 3.2282, -2.1324)
(0.6382, 2.8205, -2.062)
(0.999, 2.857, -2.1742)
(1.1382, 2.4343, -2.0217)
(1.4746, 2.4361, -2.2229)
(1.5883, 2.1586, -2.0606)
(1.8567, 2.3532, -2.4841)
(1.8887, 2.2496, -2.4911)
(2.137, 2.3504, -2.8311)
(2.153, 2.1069, -2.8063)
(-1.0344, 3.2867, -2.3864)
(-0.7571, 3.5516, -2.6268)
(-0.4644, 3.5958, -2.321)
(-0.1138, 3.6879, -2.5787)
(0.1821, 3.5454, -2.3019)
(0.5304, 3.5354, -2.5186)
(0.8104, 3.2769, -2.3073)
(1.1196, 3.2373, -2.5145)
(1.3383, 2.8679, -2.3684)
(1.6104, 2.8657, -2.6063)
(1.7774, 2.5095, -2.5149)
(2.107, 2.6482, -2.7106)
(2.1953, 2.5033, -2.7436)
(2.5149, 2.5137, -2.9033)
(2.4791, 2.3121, -3.0011)
(-1.0744, 3.4759, -2.939)
(-0.768, 3.6244, -3.1998)
(-0.4347, 3.6917, -2.8933)
(-0.1203, 3.6345, -3.1135)
(0.2137, 3.6366, -2.8121)
(0.4319, 3.4281, -2.9533)
(0.7735, 3.3725, -2.7019)
(0.9715, 3.2926, -2.8898)
(1.3454, 3.1714, -2.7375)
(1.5418, 3.2175, -2.8584)
(1.8536, 2.9347, -2.7532)
(2.0623, 3.0293, -2.9442)
(2.3532, 2.7534, -2.9055)
(2.3868, 2.7834, -3.2548)
(2.5803, 2.4951, -3.1984)
(-1.0832, 3.5107, -3.5042)
(-0.8233, 3.469, -3.6535)
(-0.4736, 3.5514, -3.3935)
(-0.2556, 3.3474, -3.4156)
(0.1036, 3.4187, -3.1995)
(0.2823, 3.393, -3.2378)
(0.6182, 3.3776, -3.062)
(0.8372, 3.5658, -3.122)
(1.1867, 3.4338, -2.9976)
(1.3699, 3.4764, -3.0973)
(1.7117, 3.2601, -3.0106)
(1.8903, 3.2639, -3.3188)
(2.1769, 3.0567, -3.3111)
(2.2999, 3.1052, -3.6455)
(2.4104, 2.8156, -3.6419)
(-1.1241, 3.327, -3.8306)
(-0.9751, 3.1956, -3.7838)
(-0.6263, 3.2963, -3.604)
(-0.4591, 3.2951, -3.4983)
(-0.0784, 3.359, -3.3755)
(0.1079, 3.6352, -3.3632)
(0.476, 3.6092, -3.257)
(0.6681, 3.6603, -3.246)
(1.0386, 3.596, -3.1623)
(1.276, 3.5198, -3.3315)
(1.5956, 3.4412, -3.3165)
(1.9323, 3.5325, -3.4804)
(2.149, 3.3436, -3.5443)
(2.398, 3.448, -3.6659)
(2.4733, 3.1907, -3.8527)
(1.7734, -0.0828, 4.477)
(2.1962, -0.0103, 4.3889)
(2.0292, -0.2244, 4.3696)
(2.8087, 0.1878, 4.2914)
(2.5174, -0.1229, 4.2632)
(3.4486, 0.3966, 4.094)
(3.1587, 0.0996, 4.1217)
(4.0715, 0.5709, 3.8105)
(3.7809, 0.2986, 3.8794)
(4.6929, 0.7026, 3.4878)
(4.3951, 0.4541, 3.5851)
(5.3342, 0.7976, 3.1423)
(5.0117, 0.5439, 3.2412)
(5.9778, 0.9575, 2.8596)
(5.6858, 0.6585, 2.8872)
(6.345, 0.8145, 2.6434)
(-2.6959, -0.7669, -1.1868)
(-2.5418, -0.0205, -4.3098)
(-2.5215, -1.8246, 3.6738)
(-2.0199, -0.2251, -2.8496)
(-3.1808, -1.9337, 3.4651)
(-3.8148, -1.9691, 3.1597)
(-2.8791, -0.9247, -0.6296)
(-4.4104, -1.9941, 2.7884)
(-5.0004, -2.017, 2.4194)
(-5.4504, -1.8698, 1.9046)
(-6.0839, -1.8011, 1.6524)
(-2.4353, -0.2914, -3.7764)
(-6.8006, -1.7788, 1.4967)
(-2.2918, -0.3938, -2.302)
(-2.5127, -0.6043, -1.7504)
(-4.1729, -0.9995, 0.2832)
(-3.0685, -1.0483, -0.0651)
(-3.4951, -1.0939, 0.4633)
(-4.5402, -1.1003, 0.883)
(-5.2211, -1.3089, 0.6985)
(-2.5319, 0.302, -4.8332)
(-2.0364, 0.1803, -3.933)
(-1.7899, -0.1178, -3.5216)
(-6.8719, -1.9035, 0.9993)
(-6.7084, -1.8853, 1.3008)
(-6.9224, -1.7923, 1.3646)
(-7.0793, -1.8341, 1.0844)
(-5.2708, -1.2385, 0.5733)
(-5.2364, -1.1979, 0.6285)
(-5.4965, -1.1603, 0.442)
(-5.4616, -1.2191, 0.3998)
(-5.4409, -1.1294, 0.3319)
(-5.7666, -1.101, 0.1041)
(-5.7805, -1.1278, 0.24)
(-5.6725, -1.3094, -0.0754)
(-6.0191, -1.3567, -0.1934)
(-6.0993, -1.1034, -0.0796)
(-5.9454, -1.5674, -0.0314)
(-6.306, -1.6671, 0.0462)
(-6.3548, -1.4808, -0.1943)
(-6.2414, -1.7713, 0.3902)
(-6.6263, -1.8451, 0.5067)
(-6.6672, -1.7656, 0.1519)
(-6.54, -1.9336, 0.8643)
(-6.9723, -1.8466, 0.6608)
(-1.8957, -2.3091, 2.9911)
(-1.8155, -2.1859, 3.289)
(-2.1701, -2.1128, 3.4205)
(-2.3042, -2.2531, 3.1336)
(-2.4751, -2.3495, 2.7666)
(-2.7102, -2.1607, 3.2393)
(-2.9199, -2.275, 2.8771)
(-3.1036, -2.2906, 2.4568)
(-3.3439, -2.1725, 2.9503)
(-3.5382, -2.215, 2.5434)
(-3.6989, -2.1622, 2.1071)
(-3.9553, -2.1388, 2.5978)
(-4.1331, -2.1351, 2.1755)
(-4.2829, -2.0438, 1.7336)
(-4.5531, -2.1228, 2.2174)
(-4.731, -2.0838, 1.7828)
(-4.8969, -1.9706, 1.348)
(-5.1564, -2.0679, 1.8096)
(-5.3553, -2.0214, 1.3906)
(-5.5176, -1.921, 1.0124)
(-5.7649, -1.9944, 1.4487)
(-5.9615, -1.9795, 1.0907)
(-6.1198, -1.8872, 0.7413)
(-6.3741, -1.9634, 1.2007)
(-1.5474, -2.3886, 2.5157)
(-1.4105, -2.3074, 2.8761)
(-2.0235, -2.3848, 2.6416)
(-2.219, -2.4032, 2.2368)
(-2.6613, -2.3443, 2.3549)
(-2.8497, -2.2936, 1.9419)
(-3.2655, -2.2026, 2.0302)
(-3.4421, -2.1259, 1.6261)
(-3.8468, -2.0339, 1.6799)
(-4.0262, -1.9453, 1.2875)
(-4.438, -1.8938, 1.3199)
(-4.6339, -1.7925, 0.9621)
(-5.0671, -1.8073, 0.9828)
(-5.2602, -1.6834, 0.6627)
(-5.6822, -1.7572, 0.6878)
(-5.8397, -1.6532, 0.3336)
(-0.0592, -2.2182, 2.1699)
(-0.1317, -2.1455, 2.5844)
(-0.4245, -2.2725, 2.371)
(-0.7004, -2.4129, 2.0888)
(-0.8061, -2.2854, 2.6319)
(-1.0905, -2.3976, 2.3278)
(-1.3646, -2.5332, 1.9367)
(-1.7844, -2.4666, 2.0975)
(-2.0386, -2.5742, 1.7012)
(-2.4453, -2.4332, 1.8274)
(-2.6922, -2.5473, 1.4629)
(-3.0716, -2.3315, 1.5625)
(-3.3141, -2.4365, 1.2002)
(-3.6696, -2.1699, 1.2564)
(-3.904, -2.2453, 0.8914)
(-4.2604, -1.9827, 0.9331)
(-4.4863, -2.0394, 0.5735)
(-4.8657, -1.8182, 0.6227)
(-5.0594, -1.8217, 0.2779)
(-5.4526, -1.6734, 0.3027)
(-5.5783, -1.5738, -0.0185)
(0.0392, -2.3303, 1.6047)
(-0.3288, -2.3922, 1.8546)
(-0.5902, -2.5892, 1.5101)
(-0.9683, -2.5923, 1.7428)
(-1.2368, -2.796, 1.395)
(-1.6342, -2.7134, 1.5718)
(-1.8907, -2.8655, 1.252)
(-2.2957, -2.7356, 1.3611)
(-2.5234, -2.776, 1.0576)
(-2.9283, -2.6525, 1.1148)
(-3.1166, -2.5633, 0.8033)
(-3.5154, -2.4495, 0.8234)
(-3.6724, -2.2801, 0.5079)
(-4.0815, -2.2026, 0.5111)
(-4.2206, -1.9848, 0.2142)
(-4.6391, -1.9369, 0.2301)
(-4.7504, -1.6502, 0.0992)
(-5.1697, -1.614, 0.0588)
(-5.2893, -1.3101, 0.1125)
(0.1497, -2.442, 1.0057)
(-0.219, -2.5258, 1.2601)
(-0.4766, -2.7191, 0.9161)
(-0.8507, -2.7858, 1.165)
(-1.1168, -2.9397, 0.8217)
(-1.4931, -2.9285, 1.0655)
(-1.7227, -2.8507, 0.7685)
(-2.1035, -2.7916, 0.9746)
(-2.2984, -2.519, 0.7505)
(-2.7075, -2.5521, 0.8341)
(-2.8851, -2.1878, 0.6843)
(-3.282, -2.2539, 0.6222)
(-3.4409, -1.8471, 0.5013)
(-3.8239, -1.9417, 0.3323)
(-3.9969, -1.5418, 0.2705)
(-4.3705, -1.639, 0.15)
(-4.5426, -1.3454, 0.3537)
(-4.9022, -1.3584, 0.2835)
(-5.0948, -1.1912, 0.5455)
(0.263, -2.5442, 0.4084)
(-0.1088, -2.6332, 0.6622)
(-0.3749, -2.813, 0.3149)
(-0.745, -2.8902, 0.5695)
(-1.0339, -2.9781, 0.2201)
(-1.3883, -2.9567, 0.4906)
(-1.6443, -2.7828, 0.1911)
(-1.9512, -2.6146, 0.5001)
(-2.1691, -2.3239, 0.2458)
(-2.5023, -2.204, 0.5332)
(-2.6772, -1.8577, 0.3124)
(-3.0506, -1.8007, 0.5146)
(-3.194, -1.4022, 0.3562)
(-3.6066, -1.4214, 0.4062)
(-3.8248, -1.0584, 0.3758)
(-4.199, -1.2265, 0.3308)
(-4.3692, -1.0606, 0.5812)
(-4.7117, -1.1972, 0.6446)
(-4.8847, -1.2214, 0.7758)
(0.3698, -2.5999, -0.1928)
(-0.0037, -2.7142, 0.06)
(-0.2804, -2.849, -0.2929)
(-0.6568, -2.9395, -0.0377)
(-0.949, -2.92, -0.3791)
(-1.3147, -2.8947, -0.1068)
(-1.5411, -2.6231, -0.3805)
(-1.8567, -2.4792, -0.0687)
(-2.0254, -2.1279, -0.2982)
(-2.3429, -1.984, 0.0162)
(-2.4938, -1.6414, -0.2016)
(-2.8195, -1.5084, 0.1044)
(-2.9109, -1.2243, -0.1151)
(-3.2727, -1.0805, 0.1904)
(0.4598, -2.5656, -0.7979)
(0.0928, -2.7142, -0.5454)
(-0.1927, -2.7664, -0.8948)
(-0.5684, -2.8704, -0.6376)
(-0.8526, -2.7375, -0.9548)
(-1.2093, -2.712, -0.6756)
(-1.4132, -2.3963, -0.9275)
(-1.7148, -2.267, -0.6129)
(-1.876, -1.9305, -0.8399)
(-2.1783, -1.7867, -0.5186)
(-2.3345, -1.4793, -0.746)
(-2.6232, -1.3414, -0.4263)
(-2.7185, -1.0917, -0.6658)
(-2.9655, -0.9944, -0.3528)
(0.5455, -2.4885, -1.401)
(0.1792, -2.637, -1.1495)
(-0.1136, -2.6452, -1.4943)
(-0.485, -2.7193, -1.2293)
(-0.771, -2.5682, -1.5394)
(-1.1065, -2.5041, -1.2396)
(-1.3267, -2.2307, -1.5015)
(-1.5948, -2.0786, -1.1683)
(-1.7894, -1.7984, -1.415)
(-2.0503, -1.6347, -1.0766)
(-2.2302, -1.3612, -1.3183)
(-2.4767, -1.2089, -0.9845)
(-2.5677, -0.9561, -1.2298)
(-2.7813, -0.8535, -0.9127)
(0.6243, -2.3747, -1.9991)
(0.2583, -2.5258, -1.7497)
(-0.0407, -2.4997, -2.0886)
(-0.4115, -2.5679, -1.8223)
(-0.7034, -2.4081, -2.1278)
(-1.0369, -2.3506, -1.8251)
(-1.2859, -2.11, -2.0939)
(-1.5459, -1.9663, -1.7569)
(-1.7718, -1.7153, -2.0134)
(-1.9954, -1.539, -1.6644)
(-2.1692, -1.2564, -1.9059)
(-2.3687, -1.089, -1.5597)
(-2.4228, -0.8066, -1.7991)
(-2.6006, -0.6943, -1.4738)
(0.6976, -2.2293, -2.5906)
(0.3319, -2.3838, -2.3437)
(0.0306, -2.334, -2.6766)
(-0.3422, -2.4, -2.4101)
(-0.6367, -2.2317, -2.7111)
(-0.9811, -2.1977, -2.4132)
(-1.2412, -1.9574, -2.6824)
(-1.5263, -1.8599, -2.355)
(-1.735, -1.5704, -2.6011)
(-1.9659, -1.4321, -2.2595)
(-2.0572, -1.0728, -2.4559)
(-2.2531, -0.9353, -2.1309)
(-2.225, -0.6012, -2.3374)
(-2.4004, -0.5073, -2.0335)
(0.7707, -2.0648, -3.1762)
(0.4043, -2.2223, -2.9319)
(0.1046, -2.164, -3.2611)
(-0.2712, -2.2206, -2.9926)
(-0.5641, -2.0562, -3.2901)
(-0.9156, -2.0144, -2.9921)
(-1.1487, -1.7592, -3.2406)
(-1.4639, -1.6698, -2.9274)
(-1.5631, -1.3083, -3.0943)
(-1.834, -1.1918, -2.781)
(-1.7717, -0.7768, -2.8534)
(-2.0022, -0.672, -2.5849)
(-1.9296, -0.3689, -2.8055)
(-2.1618, -0.311, -2.5931)
(0.8515, -1.8937, -3.7574)
(0.4824, -2.0568, -3.5165)
(0.1914, -1.9898, -3.8359)
(-0.1938, -2.0589, -3.5737)
(-0.473, -1.8903, -3.8412)
(-0.821, -1.8592, -3.5548)
(-0.9813, -1.5661, -3.73)
(-1.2483, -1.4374, -3.3986)
(-1.2426, -1.0718, -3.4564)
(-1.5029, -0.9264, -3.1428)
(-1.4941, -0.607, -3.2346)
(-1.713, -0.4735, -2.9981)
(-1.7661, -0.2434, -3.3806)
(-1.9117, -0.1693, -3.2474)
(0.9404, -1.689, -4.3158)
(0.5745, -1.8704, -4.0851)
(0.3066, -1.7042, -4.3147)
(-0.0839, -1.8152, -4.0868)
(-0.3005, -1.5157, -4.1691)
(-0.6902, -1.5985, -3.999)
(-0.8642, -1.2452, -4.0565)
(-1.1038, -1.2065, -3.835)
(-1.2094, -0.8675, -3.8809)
(-1.302, -0.7306, -3.5326)
(-1.5317, -0.4616, -3.726)
(-1.6616, -0.3193, -3.522)
(-1.9332, -0.0879, -3.8278)
(-1.9343, 0.0501, -3.8123)
(1.0173, -1.3574, -4.7746)
(0.6707, -1.5497, -4.5405)
(0.4599, -1.2293, -4.5462)
(0.1009, -1.3865, -4.3308)
(-0.0476, -1.0514, -4.1934)
(-0.45, -1.1775, -4.0822)
(-0.6089, -0.8631, -4.0682)
(-0.992, -0.9121, -4.0553)
(-1.1745, -0.6352, -4.1462)
(-1.3981, -0.6189, -3.9692)
(-1.7646, -0.5003, -4.1107)
(-1.9004, -0.3574, -3.9065)
(-2.2405, -0.3238, -3.9649)
(-2.2524, -0.038, -3.8939)
(1.0613, -0.9221, -5.1158)
(0.7858, -1.0687, -4.8036)
(0.5933, -0.6983, -4.7046)
(0.3025, -0.866, -4.4209)
(0.0666, -0.6417, -4.4535)
(-0.2518, -0.7915, -4.2135)
(-0.5562, -0.5923, -4.4754)
(-0.8638, -0.5806, -4.2709)
(-1.1998, -0.3699, -4.5412)
(-1.4982, -0.4211, -4.3346)
(-1.8495, -0.268, -4.5206)
(-2.1097, -0.3707, -4.2344)
(-2.3487, -0.1459, -4.3996)
(-2.4814, -0.1599, -4.0501)
(0.9903, -0.5017, -5.476)
(0.813, -0.5844, -5.079)
(0.5235, -0.3004, -5.0554)
(0.3217, -0.4444, -4.7211)
(-0.0049, -0.4123, -4.9234)
(-0.2601, -0.5782, -4.7127)
(-0.6049, -0.5577, -5.0148)
(-0.9092, -0.474, -4.7852)
(-1.2568, -0.3841, -5.0546)
(-1.5525, -0.2552, -4.7945)
(-1.8805, -0.1299, -5.0192)
(-2.1483, -0.1118, -4.727)
(-2.3563, 0.1281, -4.8987)
(-2.5305, 0.1361, -4.5786)
(0.8903, -0.1861, -5.7791)
(0.7195, -0.2247, -5.4143)
(0.4085, -0.0347, -5.3772)
(0.2022, -0.1884, -5.1203)
(-0.0723, -0.2607, -5.3132)
(-0.3024, -0.4838, -5.1918)
(-0.601, -0.485, -5.4376)
(-0.9397, -0.4811, -5.2636)
(-1.2562, -0.3254, -5.4735)
(-1.5742, -0.2239, -5.2661)
(-1.8525, 0.0053, -5.4124)
(-2.1338, 0.0866, -5.1691)
(-2.3107, 0.3067, -5.272)
(-2.5081, 0.3565, -5.0197)
(-2.0745, -2.0171, 3.6128)
(-2.3565, -1.8921, 3.6892)
(-2.4994, -2.0019, 3.5091)
(-2.853, -1.8878, 3.561)
(-3.1114, -2.0591, 3.2886)
(-3.5006, -1.9578, 3.3013)
(-3.7406, -2.0704, 2.9715)
(-4.1164, -1.9871, 2.9614)
(-4.3439, -2.0764, 2.6056)
(-4.7107, -2.0138, 2.5925)
(-4.9344, -2.071, 2.2165)
(-5.2421, -1.9428, 2.17)
(-5.5, -1.9645, 1.7996)
(-5.7965, -1.8299, 1.7997)
(-6.115, -1.9099, 1.5058)
(-6.4537, -1.7967, 1.5778)
(-6.7692, -1.5746, 1.595)
(-7.0403, -1.3204, 1.5401)
(-7.1859, -1.4769, 1.4971)
(-6.9676, -1.6986, 1.5141)
(-5.2673, -1.2384, 0.67)
(-5.3516, -1.3004, 0.597)
(-5.5822, -1.2696, 0.3907)
(-5.5641, -1.1856, 0.4825)
(-5.5479, -1.0151, 0.6064)
(-5.908, -1.0059, 0.2547)
(-5.9382, -0.824, 0.4428)
(-5.9706, -0.6668, 0.7022)
(-6.3077, -0.5727, 0.3388)
(-6.386, -0.4872, 0.6667)
(-6.4324, -0.4497, 1.0159)
(-6.7532, -0.3634, 0.6754)
(-6.8214, -0.4255, 1.0446)
(-6.7891, -0.5807, 1.375)
(-7.1427, -0.5607, 1.083)
(-7.0734, -0.7829, 1.3832)
(-6.8548, -1.0884, 1.6043)
(-7.2664, -1.0355, 1.3757)
(-2.1135, -1.0411, 3.9528)
(-2.2748, -0.8043, 3.8317)
(-2.5898, -1.1315, 3.7799)
(-2.3712, -1.3431, 3.869)
(-2.8551, -0.893, 3.6204)
(-3.2081, -1.2172, 3.5525)
(-2.8962, -1.4455, 3.6788)
(-3.4977, -0.9619, 3.3471)
(-3.8338, -1.2658, 3.2442)
(-3.5301, -1.5164, 3.4135)
(-4.1113, -1.0027, 3.0144)
(-4.4317, -1.3034, 2.8957)
(-4.1307, -1.5516, 3.0636)
(-4.7196, -1.0373, 2.6963)
(-5.0333, -1.3506, 2.5807)
(-4.7247, -1.6039, 2.7331)
(-5.337, -1.039, 2.3532)
(-5.613, -1.3066, 2.1848)
(-5.2774, -1.6109, 2.3532)
(-5.9726, -0.9785, 1.9773)
(-6.2465, -1.1994, 1.8625)
(-5.8399, -1.5184, 1.971)
(-6.6005, -0.8625, 1.6574)
(-6.499, -1.4062, 1.7294)
(-1.8718, -0.4837, 3.8838)
(-2.0734, -0.2817, 3.6263)
(-2.4806, -0.5813, 3.6329)
(-2.7376, -0.3943, 3.3434)
(-3.1286, -0.6677, 3.3745)
(-3.3637, -0.4876, 3.0386)
(-3.7482, -0.7305, 3.0552)
(-3.9547, -0.5515, 2.6936)
(-4.3529, -0.7646, 2.7256)
(-4.5612, -0.5435, 2.4089)
(-4.9737, -0.7625, 2.4334)
(-5.187, -0.5536, 2.0845)
(-5.6104, -0.766, 2.051)
(-5.8018, -0.5881, 1.6794)
(-6.2425, -0.7051, 1.6769)
(-6.3872, -0.5065, 1.3476)
(-0.8162, 0.6536, 3.5568)
(-1.0868, 0.3335, 3.6666)
(-0.7485, 0.3392, 3.8353)
(-1.3959, 0.3574, 3.4021)
(-1.6949, 0.0374, 3.5466)
(-1.3748, -0.0171, 3.8247)
(-1.9956, 0.1373, 3.1672)
(-2.3523, -0.1267, 3.2727)
(-2.5966, -0.0567, 2.8764)
(-2.9712, -0.2765, 2.9763)
(-3.1522, -0.2479, 2.5587)
(-3.5503, -0.3776, 2.6373)
(-3.6985, -0.325, 2.2167)
(-4.1268, -0.4172, 2.3088)
(-4.2665, -0.3093, 1.9464)
(-4.7348, -0.3816, 2.0515)
(-4.8473, -0.3792, 1.6465)
(-5.3309, -0.4771, 1.6694)
(-5.3898, -0.5006, 1.3076)
(-5.8937, -0.5073, 1.3267)
(-5.9487, -0.5452, 1.0095)
(-0.9092, 1.0537, 3.1452)
(-1.1359, 0.6874, 3.2714)
(-1.3943, 0.6825, 2.8909)
(-1.6706, 0.3894, 3.0272)
(-1.9181, 0.4078, 2.6076)
(-2.2554, 0.1857, 2.752)
(-2.447, 0.1283, 2.3252)
(-2.7809, -0.0994, 2.4534)
(-2.9131, -0.2372, 2.0309)
(-3.2919, -0.2972, 2.1355)
(-3.3981, -0.2942, 1.7267)
(-3.8122, -0.2633, 1.8308)
(-3.9, -0.3202, 1.4954)
(-4.355, -0.3468, 1.6041)
(-4.4118, -0.5318, 1.2541)
(-4.8945, -0.5036, 1.2861)
(-4.9656, -0.6635, 1.0039)
(-5.4416, -0.6061, 1.0194)
(-5.5151, -0.7912, 0.775)
(-0.993, 1.4183, 2.6538)
(-1.1767, 1.0405, 2.7769)
(-1.3545, 0.9606, 2.3576)
(-1.5941, 0.6418, 2.4691)
(-1.7769, 0.5999, 2.0444)
(-2.122, 0.3766, 2.1852)
(-2.2564, 0.2465, 1.7621)
(-2.5691, -0.029, 1.9021)
(-2.6498, -0.2274, 1.4926)
(-3.0088, -0.3557, 1.6187)
(-3.1111, -0.3832, 1.2022)
(-3.5004, -0.3074, 1.3404)
(-3.5978, -0.5354, 1.0041)
(-3.984, -0.5649, 1.1674)
(-4.1015, -0.7836, 0.8078)
(-4.5178, -0.7136, 0.9154)
(-4.6678, -0.8987, 0.7389)
(-5.0899, -0.8721, 0.8234)
(-5.1754, -1.0965, 0.7428)
(-1.076, 1.7339, 2.1284)
(-1.2083, 1.3473, 2.2549)
(-1.3336, 1.2254, 1.8238)
(-1.4775, 0.8623, 1.9224)
(-1.6202, 0.7686, 1.492)
(-1.9372, 0.5142, 1.6205)
(-2.0391, 0.3424, 1.2015)
(-2.3391, 0.0471, 1.3477)
(-2.3932, -0.1729, 0.9468)
(-2.7242, -0.3781, 1.0848)
(-2.8329, -0.4682, 0.6732)
(-3.2261, -0.4843, 0.8134)
(-3.2993, -0.7652, 0.4939)
(-3.6899, -0.8463, 0.689)
(-3.8432, -1.035, 0.3708)
(-4.2593, -0.923, 0.5432)
(-4.3438, -1.0391, 0.5851)
(-4.7565, -1.0683, 0.7751)
(-4.8766, -1.1877, 0.8058)
(-1.1596, 2.0266, 1.5903)
(-1.2782, 1.6397, 1.7251)
(-1.4215, 1.5072, 1.2989)
(-1.4452, 1.0968, 1.3885)
(-1.5692, 0.9504, 0.9595)
(-1.7403, 0.6203, 1.0686)
(-1.8308, 0.4297, 0.6533)
(-2.1007, 0.124, 0.7952)
(-2.1617, -0.0843, 0.399)
(-2.4614, -0.3531, 0.5484)
(-2.5691, -0.4986, 0.1563)
(-2.9341, -0.6282, 0.303)
(-2.9626, -0.8396, -0.0171)
(-3.2909, -1.0617, 0.2079)
(-1.2034, 2.2869, 1.0356)
(-1.3669, 1.9182, 1.1882)
(-1.5342, 1.774, 0.7688)
(-1.557, 1.3568, 0.8704)
(-1.6926, 1.1998, 0.4424)
(-1.6899, 0.7877, 0.5347)
(-1.8184, 0.6309, 0.1183)
(-1.929, 0.2511, 0.246)
(-2.0378, 0.0907, -0.149)
(-2.2549, -0.2523, 0.0073)
(-2.3691, -0.3988, -0.3765)
(-2.6577, -0.653, -0.209)
(-2.7228, -0.7699, -0.5559)
(-2.9821, -0.9786, -0.3418)
(-1.2103, 2.5255, 0.4741)
(-1.4096, 2.1674, 0.6342)
(-1.5604, 2.0107, 0.2147)
(-1.6774, 1.6152, 0.3432)
(-1.808, 1.4506, -0.0821)
(-1.8313, 1.0438, 0.0212)
(-1.965, 0.8935, -0.3903)
(-1.9505, 0.4828, -0.2837)
(-2.0905, 0.3472, -0.6751)
(-2.1681, -0.0499, -0.5345)
(-2.2968, -0.1847, -0.9162)
(-2.4735, -0.522, -0.7465)
(-2.5633, -0.6021, -1.1048)
(-2.7937, -0.8381, -0.9036)
(-1.1788, 2.7342, -0.0861)
(-1.375, 2.3817, 0.0691)
(-1.4524, 2.1837, -0.3475)
(-1.666, 1.8315, -0.2108)
(-1.7424, 1.6406, -0.6343)
(-1.9227, 1.2865, -0.5044)
(-2.0316, 1.1305, -0.9188)
(-2.096, 0.7526, -0.794)
(-2.2212, 0.6128, -1.198)
(-2.2263, 0.2115, -1.065)
(-2.348, 0.0684, -1.4578)
(-2.4114, -0.3014, -1.2905)
(-2.4653, -0.3978, -1.6586)
(-2.608, -0.6769, -1.4633)
(-1.1517, 2.8721, -0.6403)
(-1.241, 2.5255, -0.4862)
(-1.2682, 2.2801, -0.8845)
(-1.4804, 1.957, -0.7587)
(-1.5099, 1.7357, -1.1746)
(-1.8095, 1.4519, -1.0531)
(-1.8717, 1.2617, -1.4414)
(-2.137, 0.9793, -1.3262)
(-2.1752, 0.7871, -1.7104)
(-2.316, 0.4542, -1.6088)
(-2.3129, 0.2594, -1.9811)
(-2.4058, -0.0744, -1.8417)
(-2.3154, -0.2039, -2.1933)
(-2.4042, -0.4907, -2.0189)
(-1.318, 2.9845, -1.1804)
(-1.2562, 2.6328, -1.015)
(-1.344, 2.4058, -1.41)
(-1.3055, 2.0521, -1.2959)
(-1.3474, 1.8203, -1.7044)
(-1.534, 1.5052, -1.5639)
(-1.5773, 1.2497, -1.8662)
(-1.8703, 1.0188, -1.7559)
(-1.8387, 0.7856, -2.0723)
(-2.0862, 0.5486, -2.0471)
(-1.956, 0.3246, -2.3743)
(-2.1484, 0.0561, -2.2991)
(-1.9927, -0.0862, -2.6662)
(-2.1498, -0.3079, -2.5586)
(-1.4403, 3.0474, -1.7119)
(-1.4896, 2.7571, -1.5312)
(-1.5755, 2.5154, -1.9106)
(-1.4054, 2.1883, -1.8226)
(-1.5556, 1.9308, -2.2078)
(-1.4751, 1.5751, -2.058)
(-1.6977, 1.3479, -2.3346)
(-1.7013, 1.0449, -2.1564)
(-1.8955, 0.9172, -2.5207)
(-1.8882, 0.6289, -2.4597)
(-1.9673, 0.472, -2.882)
(-1.9157, 0.1527, -2.7723)
(-1.9011, 0.0481, -3.2217)
(-1.8981, -0.1736, -3.1239)
(-1.3027, 3.0011, -2.1949)
(-1.5533, 2.7656, -2.0304)
(-1.7329, 2.5362, -2.3554)
(-1.7118, 2.2428, -2.2786)
(-1.9402, 1.9959, -2.6156)
(-1.7917, 1.6545, -2.5288)
(-2.103, 1.4344, -2.7182)
(-1.9842, 1.1604, -2.5738)
(-2.2228, 1.0192, -2.8955)
(-2.0546, 0.7963, -2.938)
(-2.1805, 0.5796, -3.2891)
(-2.0164, 0.3144, -3.2861)
(-2.0926, 0.1711, -3.616)
(-1.892, 0.0124, -3.6423)
(-1.3477, 3.2089, -2.6925)
(-1.5715, 2.874, -2.4959)
(-1.8515, 2.7789, -2.7733)
(-2.0021, 2.3987, -2.6525)
(-2.1613, 2.2221, -2.8893)
(-2.1902, 1.8138, -2.8468)
(-2.3589, 1.5967, -3.0088)
(-2.383, 1.2583, -2.9066)
(-2.5112, 0.9984, -3.1533)
(-2.4111, 0.78, -3.1942)
(-2.5561, 0.4357, -3.4374)
(-2.348, 0.2642, -3.5225)
(-2.475, -0.0145, -3.7382)
(-2.2194, -0.0731, -3.8155)
(-1.3611, 3.3493, -3.2553)
(-1.614, 3.0923, -2.9894)
(-1.7118, 2.8377, -3.2322)
(-1.932, 2.5529, -2.9953)
(-1.9167, 2.223, -3.1768)
(-2.1481, 1.922, -3.0689)
(-2.1537, 1.6052, -3.2605)
(-2.3466, 1.2869, -3.2212)
(-2.3389, 0.9965, -3.4675)
(-2.5105, 0.6842, -3.4302)
(-2.5379, 0.5149, -3.8148)
(-2.6128, 0.2211, -3.7803)
(-2.5998, 0.1612, -4.1704)
(-2.4958, -0.1519, -4.0361)
(-1.3214, 3.2856, -3.7298)
(-1.5382, 3.0932, -3.5289)
(-1.6696, 2.7667, -3.6572)
(-1.7845, 2.5054, -3.4209)
(-2.047, 2.272, -3.5398)
(-2.0981, 1.9576, -3.345)
(-2.3853, 1.7548, -3.4797)
(-2.3389, 1.3732, -3.4526)
(-2.4856, 1.2314, -3.7065)
(-2.4362, 0.8578, -3.7908)
(-2.5473, 0.8106, -4.1844)
(-2.5845, 0.4796, -4.236)
(-2.6005, 0.4505, -4.6046)
(-2.5433, 0.1454, -4.5643)
(-1.3103, 3.064, -3.7851)
(-1.4916, 2.9728, -3.7174)
(-1.7458, 2.7716, -3.5933)
(-1.9338, 2.5535, -3.6575)
(-2.2862, 2.4241, -3.7076)
(-2.35, 2.1007, -3.6233)
(-2.4165, 1.8759, -3.7258)
(-2.4692, 1.555, -3.6441)
(-2.4677, 1.425, -3.9282)
(-2.5589, 1.1435, -4.0606)
(-2.7423, 1.04, -4.3966)
(-2.6883, 0.7332, -4.5231)
(-2.8565, 0.6532, -4.7678)
(-2.6887, 0.4072, -4.8799)
(-2.2197, -1.4752, 3.9111)
(-2.5975, -1.6145, 3.7406)
(-2.3964, -1.7195, 3.7678)
(-3.2, -1.7151, 3.5205)
(-2.8493, -1.8705, 3.578)
(-3.8243, -1.7629, 3.2143)
(-3.4949, -1.9451, 3.3236)
(-4.4147, -1.7951, 2.8502)
(-4.1088, -1.9761, 2.9868)
(-4.9923, -1.8272, 2.4996)
(-4.7001, -1.9974, 2.6153)
(-5.4893, -1.7554, 2.0419)
(-5.2087, -1.9441, 2.154)
(-6.1064, -1.655, 1.761)
(-5.7378, -1.841, 1.7573)
(-6.4308, -1.7832, 1.5714)
(6.5732, 0.7208, 2.2528)
(5.3804, 0.9252, 1.703)
(5.3591, 1.0967, 1.5661)
(5.4706, 1.0798, 1.2374)
(5.68, 0.9505, 1.2609)
(5.9685, 0.8002, 1.5749)
(6.2969, 0.6045, 1.9066)
(1.9814, -0.8452, 3.7399)
(2.4998, -0.6017, 3.6517)
(3.1469, -0.3946, 3.5419)
(3.809, -0.2453, 3.4149)
(4.4605, -0.113, 3.271)
(4.8674, 0.1067, 2.9495)
(5.2361, 0.3455, 2.5499)
(5.8199, 0.5205, 2.223)
(1.8616, -1.1854, 3.2568)
(2.4926, -0.966, 3.1684)
(3.1607, -0.7689, 3.0647)
(3.8136, -0.5888, 2.9341)
(4.4509, -0.4096, 2.7768)
(4.8623, -0.0865, 2.5226)
(5.1071, 0.326, 2.1953)
(5.5207, 0.6421, 1.8745)
(0.5425, -1.9447, 2.4847)
(1.1587, -1.6936, 2.6438)
(1.8276, -1.4931, 2.7214)
(2.537, -1.3341, 2.6799)
(3.2008, -1.1301, 2.5811)
(3.8199, -0.8823, 2.4179)
(4.412, -0.608, 2.2244)
(4.9316, -0.2452, 2.0186)
(5.2682, 0.2394, 1.8483)
(5.453, 0.681, 1.5881)
(0.6185, -2.0145, 1.988)
(1.2567, -1.8024, 2.0712)
(1.9262, -1.7238, 2.1385)
(2.5955, -1.6197, 2.1471)
(3.1956, -1.3395, 2.0627)
(3.7333, -0.9737, 1.9148)
(4.2368, -0.5634, 1.7556)
(4.7327, -0.1566, 1.5673)
(5.1557, 0.2593, 1.5775)
(5.3311, 0.7138, 1.5227)
(0.7221, -2.1144, 1.3875)
(1.3702, -1.9059, 1.4659)
(2.0356, -1.8468, 1.544)
(2.6128, -1.6585, 1.5845)
(3.0443, -1.1965, 1.6005)
(3.4552, -0.6953, 1.6126)
(3.8859, -0.2258, 1.5016)
(4.3441, 0.1907, 1.3167)
(4.7295, 0.5487, 1.4688)
(5.0463, 0.8358, 1.6718)
(0.8411, -2.2292, 0.794)
(1.488, -2.0013, 0.8748)
(2.1474, -1.8528, 0.9504)
(2.7017, -1.559, 1.0241)
(3.0256, -1.0053, 1.1484)
(3.2754, -0.4079, 1.3007)
(3.5669, 0.1438, 1.3205)
(3.9952, 0.5449, 1.3188)
(4.4709, 0.8491, 1.497)
(4.9539, 0.9535, 1.6856)
(0.9624, -2.3228, 0.202)
(1.608, -2.0659, 0.285)
(2.258, -1.8205, 0.3562)
(2.8113, -1.4567, 0.4466)
(3.0779, -0.8862, 0.5943)
(3.162, -0.2446, 0.779)
(3.2541, 0.3499, 0.9589)
(1.0516, -2.3208, -0.3964)
(1.677, -2.0256, -0.3062)
(2.2952, -1.7122, -0.23)
(2.7736, -1.2739, -0.1232)
(2.9367, -0.6875, 0.054)
(2.9368, -0.0714, 0.2647)
(2.9616, 0.4513, 0.4544)
(1.1279, -2.2556, -0.997)
(1.7242, -1.9218, -0.8975)
(2.2777, -1.5319, -0.8046)
(2.6847, -1.0447, -0.6773)
(2.8027, -0.4765, -0.4834)
(2.7589, 0.1105, -0.2655)
(2.7615, 0.6181, -0.0825)
(1.2114, -2.1719, -1.594)
(1.7793, -1.8058, -1.4827)
(2.2476, -1.3328, -1.365)
(2.6088, -0.8066, -1.2275)
(2.7519, -0.2575, -1.0388)
(2.6674, 0.3102, -0.8173)
(2.6016, 0.8042, -0.6334)
(1.2841, -2.0448, -2.1845)
(1.8081, -1.6382, -2.0558)
(2.1797, -1.0972, -1.9092)
(2.5141, -0.5547, -1.7714)
(2.7093, -0.0217, -1.5971)
(2.5978, 0.53, -1.3784)
(2.4609, 1.0077, -1.1984)
(1.3499, -1.882, -2.7667)
(1.8422, -1.45, -2.6225)
(2.125, -0.8705, -2.458)
(2.4149, -0.3105, -2.3218)
(2.653, 0.2261, -2.1536)
(2.5087, 0.7639, -1.9381)
(2.2762, 1.2093, -1.7623)
(1.4118, -1.6943, -3.341)
(1.8632, -1.2353, -3.1786)
(2.0242, -0.6365, -2.9896)
(2.1867, -0.0663, -2.7893)
(2.4134, 0.4778, -2.5575)
(2.3581, 1.0381, -2.4151)
(2.1775, 1.49, -2.3169)
(1.4703, -1.4861, -3.9064)
(1.8748, -0.9897, -3.7239)
(1.9892, -0.3804, -3.501)
(2.0592, 0.2066, -3.2353)
(2.2296, 0.7682, -2.9637)
(2.2886, 1.3639, -2.8931)
(2.2239, 1.8544, -2.8557)
(1.5341, -1.2617, -4.4626)
(1.8864, -0.7323, -4.2639)
(2.0215, -0.1033, -4.0219)
(2.1047, 0.5045, -3.7702)
(2.2532, 1.0904, -3.5083)
(2.4471, 1.6592, -3.3202)
(2.5163, 2.1074, -3.1468)
(1.5772, -0.9978, -4.996)
(1.9504, -0.4937, -4.8015)
(2.1354, 0.1213, -4.5411)
(2.2703, 0.7293, -4.2724)
(2.4253, 1.3291, -3.9847)
(2.5682, 1.8806, -3.6688)
(2.6053, 2.3024, -3.3655)
(1.5404, -0.672, -5.4853)
(1.9854, -0.238, -5.3277)
(2.234, 0.3437, -5.0525)
(2.4079, 0.9475, -4.7497)
(2.5316, 1.5549, -4.4379)
(2.5224, 2.1378, -4.1023)
(2.4449, 2.6073, -3.7899)
(1.4506, -0.3666, -5.8796)
(1.9073, 0.017, -5.7561)
(2.1437, 0.5974, -5.475)
(2.316, 1.1986, -5.1708)
(2.4346, 1.8052, -4.8526)
(2.4902, 2.403, -4.5097)
(2.4823, 2.8875, -4.1963)
(2.0484, -0.5387, 4.0974)
(2.5121, -0.2865, 4.0625)
(3.1456, -0.0565, 3.9321)
(3.785, 0.1288, 3.7435)
(4.4197, 0.2706, 3.5251)
(4.9754, 0.3882, 3.1892)
(5.4997, 0.515, 2.819)
(6.1076, 0.6648, 2.5319)
(6.7773, 1.1491, 2.6228)
(5.2983, 1.2322, 1.5269)
(5.5099, 1.5855, 1.4866)
(5.8166, 1.978, 1.6827)
(6.184, 2.1854, 2.0618)
(6.5199, 2.0796, 2.4658)
(6.7243, 1.6235, 2.6586)
(1.7888, 0.3716, 4.4649)
(2.3524, 0.5624, 4.4111)
(3.0099, 0.7823, 4.2656)
(3.6569, 0.966, 4.0188)
(4.2967, 1.1211, 3.7327)
(4.9484, 1.2642, 3.4204)
(5.5622, 1.3968, 3.1199)
(6.1869, 1.5108, 2.8731)
(1.4797, 0.8066, 4.2848)
(2.1234, 1.0673, 4.2224)
(2.7971, 1.2933, 4.0615)
(3.4497, 1.4457, 3.8013)
(4.0977, 1.5684, 3.5151)
(4.7503, 1.7173, 3.2049)
(5.3765, 1.8332, 2.9074)
(6.0134, 1.9511, 2.6909)
(-0.1405, 0.7419, 3.787)
(0.5162, 0.9339, 3.877)
(1.1998, 1.1691, 3.8901)
(1.8935, 1.4323, 3.7985)
(2.5627, 1.6107, 3.6166)
(3.2036, 1.7064, 3.3371)
(3.8295, 1.7916, 3.0218)
(4.4589, 1.8624, 2.7007)
(5.094, 1.9131, 2.4374)
(5.7406, 2.0247, 2.2772)
(-0.2531, 1.0805, 3.436)
(0.395, 1.2546, 3.411)
(1.0457, 1.4851, 3.3676)
(1.7065, 1.6405, 3.2607)
(2.3546, 1.6634, 3.0686)
(2.9833, 1.6627, 2.8072)
(3.5886, 1.7276, 2.4977)
(4.1873, 1.7237, 2.209)
(4.8242, 1.693, 2.0182)
(5.4884, 1.773, 1.8683)
(-0.3894, 1.4332, 2.9577)
(0.2645, 1.5007, 2.8603)
(0.9168, 1.6761, 2.7934)
(1.5576, 1.6978, 2.6831)
(2.1784, 1.5137, 2.5222)
(2.7959, 1.3781, 2.3129)
(3.4066, 1.391, 2.0298)
(4.0043, 1.3667, 1.7681)
(4.6207, 1.3107, 1.715)
(5.262, 1.3712, 1.6751)
(-0.5138, 1.7383, 2.436)
(0.1319, 1.6817, 2.3014)
(0.7945, 1.7449, 2.204)
(1.4253, 1.6558, 2.0936)
(2.0154, 1.3421, 1.9717)
(2.6178, 1.0933, 1.8165)
(3.2535, 0.9866, 1.6056)
(3.8909, 0.9481, 1.4949)
(4.4703, 1.0489, 1.584)
(5.0464, 1.1253, 1.6651)
(-0.6054, 2.0449, 1.9086)
(0.0232, 1.8823, 1.754)
(0.6625, 1.7603, 1.6234)
(1.2856, 1.5797, 1.5115)
(1.8742, 1.2722, 1.3947)
(2.4605, 0.9798, 1.2667)
(3.0266, 0.753, 1.1255)
(-0.644, 2.3605, 1.3852)
(-0.0193, 2.1888, 1.2452)
(0.5888, 1.9271, 1.0845)
(1.204, 1.6773, 0.9585)
(1.8001, 1.4144, 0.8435)
(2.3671, 1.123, 0.7241)
(2.8085, 0.8253, 0.6009)
(-0.6529, 2.6532, 0.8501)
(-0.0103, 2.5368, 0.7467)
(0.6011, 2.2637, 0.5849)
(1.202, 1.9908, 0.4485)
(1.7775, 1.7191, 0.3318)
(2.3049, 1.3966, 0.2041)
(2.6666, 1.0322, 0.065)
(-0.6805, 2.9111, 0.2973)
(-0.0279, 2.8184, 0.2087)
(0.5941, 2.5602, 0.0622)
(1.1872, 2.2841, -0.0731)
(1.7422, 1.9994, -0.1957)
(2.2279, 1.6405, -0.3341)
(2.5258, 1.2339, -0.4821)
(-0.7431, 3.1077, -0.2737)
(-0.0996, 2.991, -0.3694)
(0.5137, 2.7163, -0.5122)
(1.1085, 2.4594, -0.6386)
(1.6713, 2.2129, -0.746)
(2.0933, 1.8288, -0.8701)
(2.3482, 1.4097, -1.0262)
(-0.8402, 3.2176, -0.8593)
(-0.2134, 3.0481, -0.9617)
(0.3885, 2.7545, -1.1026)
(0.9421, 2.4458, -1.1671)
(1.4446, 2.1413, -1.1431)
(1.8186, 1.8301, -1.2801)
(2.0901, 1.5389, -1.5449)
(-0.9504, 3.2511, -1.4408)
(-0.3288, 3.0341, -1.5453)
(0.2837, 2.7415, -1.688)
(0.8102, 2.3933, -1.6826)
(1.2678, 2.0328, -1.5165)
(1.6569, 1.8901, -1.7009)
(1.9567, 1.8155, -2.1136)
(-0.8795, 3.3187, -1.8996)
(-0.2847, 3.2634, -1.9372)
(0.3458, 2.9895, -2.0319)
(0.8968, 2.6318, -2.0538)
(1.3765, 2.2529, -1.999)
(1.7519, 2.195, -2.2562)
(2.0233, 2.209, -2.6666)
(-0.7572, 3.4734, -2.3473)
(-0.1469, 3.6117, -2.3075)
(0.5052, 3.4312, -2.3004)
(1.0889, 3.0852, -2.3286)
(1.5618, 2.651, -2.4301)
(1.9972, 2.4933, -2.622)
(2.3484, 2.435, -2.8712)
(-0.7611, 3.6108, -2.9159)
(-0.1024, 3.701, -2.8616)
(0.4979, 3.51, -2.7459)
(1.063, 3.2682, -2.7114)
(1.6004, 3.0523, -2.7423)
(2.1234, 2.8435, -2.8059)
(2.4918, 2.6353, -3.0443)
(-0.7849, 3.5718, -3.4602)
(-0.1741, 3.4879, -3.2991)
(0.3595, 3.3766, -3.1191)
(0.9005, 3.4182, -3.0254)
(1.4544, 3.3683, -2.9768)
(1.9642, 3.158, -3.1375)
(2.3181, 2.9415, -3.4786)
(-0.8907, 3.3386, -3.7479)
(-0.3534, 3.2929, -3.4729)
(0.1974, 3.4908, -3.3125)
(0.7583, 3.6391, -3.191)
(1.3137, 3.518, -3.2153)
(1.8886, 3.3902, -3.4242)
(2.3364, 3.2757, -3.6897)
(1.968, -0.0583, 4.4327)
(2.4875, 0.0795, 4.3469)
(3.1306, 0.2953, 4.2055)
(3.7616, 0.4881, 3.9592)
(4.3803, 0.6432, 3.6533)
(5.0125, 0.7465, 3.3125)
(5.6565, 0.8763, 2.9913)
(6.2911, 1.0184, 2.7522)
(-6.9136, -1.8622, 1.195)
(-5.3759, -1.2013, 0.5251)
(-5.631, -1.107, 0.2957)
(-5.893, -1.1973, -0.0903)
(-6.1561, -1.5231, -0.1304)
(-6.4663, -1.772, 0.2647)
(-6.7702, -1.8939, 0.7616)
(-2.0473, -2.222, 3.2196)
(-2.602, -2.2734, 3.0184)
(-3.2331, -2.2529, 2.7166)
(-3.8373, -2.1725, 2.3626)
(-4.429, -2.1084, 1.9822)
(-5.0428, -2.0526, 1.5804)
(-5.6596, -1.9979, 1.2281)
(-6.2632, -1.9604, 0.9718)
(-1.7165, -2.3566, 2.7607)
(-2.342, -2.3804, 2.5054)
(-2.9686, -2.2817, 2.196)
(-3.5572, -2.1176, 1.8576)
(-4.1382, -1.9576, 1.4994)
(-4.7504, -1.8456, 1.1457)
(-5.3782, -1.7749, 0.8338)
(-5.9756, -1.7611, 0.5356)
(-0.0977, -2.1779, 2.3913)
(-0.7545, -2.3439, 2.3603)
(-1.4402, -2.4431, 2.2266)
(-2.1193, -2.4611, 1.962)
(-2.7626, -2.39, 1.6972)
(-3.3731, -2.2569, 1.4145)
(-3.964, -2.0757, 1.0943)
(-4.5618, -1.8975, 0.7763)
(-5.1667, -1.7421, 0.4683)
(-5.7122, -1.6161, 0.1239)
(-0.0128, -2.2713, 1.9012)
(-0.6458, -2.5004, 1.8042)
(-1.2993, -2.6644, 1.6642)
(-1.9673, -2.7369, 1.4704)
(-2.6173, -2.7092, 1.2434)
(-3.2265, -2.5622, 0.9738)
(-3.7994, -2.3278, 0.6679)
(-4.3627, -2.0752, 0.3593)
(-4.9071, -1.7802, 0.1361)
(-5.4284, -1.4518, -0.0187)
(0.0938, -2.3872, 1.3047)
(-0.5328, -2.6611, 1.2137)
(-1.1737, -2.8864, 1.114)
(-1.8011, -2.8868, 1.0222)
(-2.4068, -2.679, 0.9124)
(-3.0, -2.4081, 0.7393)
(-3.5539, -2.0976, 0.4807)
(-4.0987, -1.7877, 0.2052)
(-4.6333, -1.4976, 0.1983)
(-5.1853, -1.2234, 0.331)
(0.2065, -2.4956, 0.7072)
(-0.4243, -2.7699, 0.6166)
(-1.0723, -2.9691, 0.5226)
(-1.6772, -2.8196, 0.4862)
(-2.226, -2.4066, 0.5188)
(-2.7775, -2.002, 0.5349)
(-3.3231, -1.602, 0.4682)
(-3.9071, -1.2995, 0.3315)
(-4.4557, -1.202, 0.4801)
(-4.9928, -1.1954, 0.6818)
(0.3182, -2.582, 0.1084)
(-0.327, -2.8439, 0.011)
(-0.9936, -2.9654, -0.0821)
(-1.5993, -2.7173, -0.0992)
(-2.1021, -2.2311, -0.0285)
(-2.5831, -1.7405, 0.0616)
(-3.0485, -1.2924, 0.1445)
(0.4162, -2.5917, -0.4952)
(-0.2356, -2.8186, -0.5945)
(-0.9006, -2.8361, -0.6681)
(-1.4757, -2.5091, -0.6536)
(-1.9467, -2.0243, -0.5666)
(-2.4093, -1.5546, -0.4707)
(-2.8054, -1.1583, -0.3879)
(0.5031, -2.5311, -1.0999)
(-0.1522, -2.7082, -1.1949)
(-0.8094, -2.6486, -1.2456)
(-1.3628, -2.3039, -1.2105)
(-1.8224, -1.855, -1.1231)
(-2.2748, -1.4156, -1.0291)
(-2.6405, -1.0243, -0.9466)
(0.5858, -2.4362, -1.7008)
(-0.0766, -2.5756, -1.7922)
(-0.7363, -2.4892, -1.8339)
(-1.3035, -2.1697, -1.7969)
(-1.7764, -1.7566, -1.7128)
(-2.198, -1.3115, -1.6114)
(-2.4969, -0.8853, -1.5146)
(0.6613, -2.3053, -2.2957)
(-0.0051, -2.4186, -2.3833)
(-0.6706, -2.3223, -2.4203)
(-1.2662, -2.0411, -2.3899)
(-1.7619, -1.6581, -2.3125)
(-2.1304, -1.1828, -2.195)
(-2.3369, -0.7129, -2.0783)
(0.7337, -2.1484, -2.884)
(0.0668, -2.248, -2.969)
(-0.6012, -2.1389, -3.0003)
(-1.2065, -1.8584, -2.9681)
(-1.677, -1.4458, -2.8676)
(-1.9317, -0.9211, -2.6701)
(-2.0785, -0.4757, -2.5685)
(0.8096, -1.98, -3.4675)
(0.1455, -2.0825, -3.5523)
(-0.5242, -1.9872, -3.578)
(-1.0621, -1.6701, -3.4944)
(-1.3889, -1.1835, -3.275)
(-1.6089, -0.6837, -3.0313)
(-1.8159, -0.3076, -3.0858)
(0.8963, -1.8019, -4.0435)
(0.2447, -1.869, -4.0996)
(-0.4011, -1.727, -4.05)
(-0.932, -1.4219, -3.9373)
(-1.202, -0.968, -3.676)
(-1.4706, -0.5147, -3.4804)
(-1.8151, -0.1354, -3.641)
(0.9803, -1.5406, -4.5627)
(0.3783, -1.4859, -4.4581)
(-0.1717, -1.2852, -4.1869)
(-0.7353, -1.0526, -4.0563)
(-1.1951, -0.7628, -4.0208)
(-1.65, -0.4895, -3.9295)
(-2.0942, -0.2048, -3.8973)
(1.0501, -1.1463, -4.9499)
(0.544, -0.957, -4.6108)
(0.0365, -0.8288, -4.2814)
(-0.5541, -0.6989, -4.2219)
(-1.1769, -0.481, -4.3183)
(-1.8243, -0.4023, -4.3017)
(-2.3172, -0.2796, -4.1503)
(1.0366, -0.7014, -5.2966)
(0.5775, -0.4786, -4.8663)
(0.0422, -0.5081, -4.684)
(-0.5815, -0.5613, -4.7532)
(-1.2318, -0.3593, -4.7991)
(-1.8698, -0.1842, -4.7718)
(-2.3591, -0.0013, -4.6585)
(0.9403, -0.3343, -5.6345)
(0.4653, -0.1579, -5.2245)
(-0.0429, -0.333, -5.1298)
(-0.6092, -0.5307, -5.2381)
(-1.2626, -0.3698, -5.2754)
(-1.8723, -0.0669, -5.2284)
(-2.3395, 0.2267, -5.0977)
(-2.2704, -2.0027, 3.5708)
(-2.7913, -2.0293, 3.4128)
(-3.4293, -2.0697, 3.1386)
(-4.0442, -2.0716, 2.7918)
(-4.6418, -2.0826, 2.4158)
(-5.2158, -2.0216, 2.0024)
(-5.8024, -1.9291, 1.637)
(-6.4287, -1.8989, 1.3994)
(-7.0005, -1.5283, 1.5421)
(-5.4406, -1.2671, 0.5379)
(-5.7345, -1.0249, 0.4393)
(-6.1579, -0.6346, 0.5232)
(-6.6142, -0.4078, 0.8489)
(-6.9831, -0.5589, 1.2297)
(-7.0793, -1.0563, 1.4881)
(-2.3378, -1.0859, 3.87)
(-2.8872, -1.1772, 3.6755)
(-3.5256, -1.2458, 3.4081)
(-4.1333, -1.2824, 3.067)
(-4.7345, -1.3322, 2.7427)
(-5.3214, -1.3407, 2.3853)
(-5.9231, -1.2575, 2.0114)
(-6.5685, -1.1391, 1.7282)
(-2.1746, -0.5329, 3.7553)
(-2.8027, -0.6269, 3.5093)
(-3.4431, -0.7021, 3.2214)
(-4.0499, -0.7526, 2.8852)
(-4.6608, -0.7646, 2.5836)
(-5.2907, -0.7664, 2.251)
(-5.93, -0.748, 1.8557)
(-6.5367, -0.6389, 1.5202)
(-0.7796, 0.4872, 3.7075)
(-1.3882, 0.1761, 3.6197)
(-2.025, -0.0535, 3.4181)
(-2.6677, -0.2038, 3.1276)
(-3.264, -0.3337, 2.8116)
(-3.8356, -0.4102, 2.4628)
(-4.4285, -0.3931, 2.1855)
(-5.0377, -0.4211, 1.8694)
(-5.6121, -0.5068, 1.4888)
(-6.1804, -0.4854, 1.1726)
(-0.8615, 0.8492, 3.3665)
(-1.3992, 0.5263, 3.1554)
(-1.9631, 0.2877, 2.8926)
(-2.5252, 0.05, 2.6054)
(-3.0357, -0.2278, 2.2968)
(-3.5495, -0.2887, 1.9733)
(-4.0822, -0.2845, 1.7202)
(-4.6254, -0.4273, 1.449)
(-5.1649, -0.56, 1.1494)
(-5.7219, -0.6499, 0.87)
(-0.9526, 1.244, 2.9056)
(-1.3777, 0.8259, 2.6243)
(-1.8545, 0.5093, 2.3245)
(-2.3563, 0.1912, 2.0437)
(-2.7827, -0.2391, 1.7628)
(-3.2523, -0.332, 1.4681)
(-3.7411, -0.4134, 1.2558)
(-4.2415, -0.656, 1.0352)
(-4.809, -0.7857, 0.8616)
(-5.3358, -0.9575, 0.739)
(-1.0335, 1.58, 2.3935)
(-1.3341, 1.0917, 2.0901)
(-1.6937, 0.6854, 1.7663)
(-2.1515, 0.2982, 1.4807)
(-2.5199, -0.204, 1.2202)
(-2.9714, -0.4298, 0.936)
(-3.455, -0.6573, 0.7479)
(-3.9707, -0.9078, 0.5896)
(-4.512, -0.9804, 0.6515)
(-5.0235, -1.1641, 0.7653)
(-1.1203, 1.8835, 1.8611)
(-1.3663, 1.3657, 1.5606)
(-1.5731, 0.8531, 1.2231)
(-1.9219, 0.3788, 0.926)
(-2.2704, -0.1358, 0.6734)
(-2.6969, -0.4953, 0.415)
(-3.1277, -0.8219, 0.24)
(-1.187, 2.1604, 1.3146)
(-1.4828, 1.6436, 1.0361)
(-1.617, 1.0692, 0.7001)
(-1.796, 0.5161, 0.3826)
(-2.0798, -0.0092, 0.1235)
(-2.4567, -0.4661, -0.1079)
(-2.8306, -0.8202, -0.2836)
(-1.211, 2.4083, 0.755)
(-1.5619, 1.8976, 0.4946)
(-1.7649, 1.3294, 0.1834)
(-1.886, 0.7606, -0.1368)
(-2.0445, 0.2127, -0.4149)
(-2.3148, -0.3019, -0.6466)
(-2.6338, -0.6941, -0.8298)
(-1.2005, 2.637, 0.1936)
(-1.5258, 2.1083, -0.0681)
(-1.8014, 1.5571, -0.357)
(-2.0201, 1.0193, -0.6505)
(-2.1588, 0.4833, -0.9334)
(-2.3131, -0.0576, -1.1849)
(-2.51, -0.5019, -1.381)
(-1.1497, 2.8102, -0.3649)
(-1.3472, 2.235, -0.6187)
(-1.6371, 1.6965, -0.9066)
(-1.9852, 1.2177, -1.1902)
(-2.243, 0.7238, -1.4691)
(-2.3719, 0.1807, -1.7338)
(-2.4123, -0.2936, -1.9342)
(-1.2167, 2.9291, -0.911)
(-1.2704, 2.3372, -1.1486)
(-1.395, 1.7728, -1.4408)
(-1.7041, 1.2553, -1.6565)
(-2.0, 0.7878, -1.8954)
(-2.1312, 0.2949, -2.1782)
(-2.1521, -0.1399, -2.4265)
(-1.4113, 3.0339, -1.4504)
(-1.4598, 2.4754, -1.666)
(-1.41, 1.8821, -1.963)
(-1.5805, 1.2912, -2.0998)
(-1.8118, 0.8376, -2.2894)
(-1.916, 0.3864, -2.6176)
(-1.91, -0.0272, -2.9423)
(-1.3753, 3.0112, -1.9573)
(-1.6591, 2.5116, -2.1394)
(-1.7423, 1.9498, -2.429)
(-1.8864, 1.385, -2.5414)
(-2.0387, 0.983, -2.7275)
(-2.0463, 0.5547, -3.1219)
(-1.9643, 0.1388, -3.4569)
(-1.307, 3.0846, -2.4367)
(-1.8151, 2.6496, -2.5641)
(-2.1098, 2.1135, -2.7627)
(-2.2932, 1.5238, -2.871)
(-2.4173, 1.0206, -3.0255)
(-2.388, 0.5133, -3.3633)
(-2.2887, 0.0762, -3.6722)
(-1.3668, 3.3034, -2.968)
(-1.7965, 2.8398, -2.9923)
(-2.0446, 2.2424, -3.0198)
(-2.2504, 1.6033, -3.1394)
(-2.4316, 0.9743, -3.3097)
(-2.5827, 0.4343, -3.6007)
(-2.5727, 0.0327, -3.9242)
(-1.3413, 3.3425, -3.5318)
(-1.6686, 2.8017, -3.4844)
(-1.9346, 2.2302, -3.3675)
(-2.2401, 1.6668, -3.3703)
(-2.3891, 1.0989, -3.5961)
(-2.5174, 0.6563, -4.018)
(-2.5862, 0.3109, -4.4114)
(-1.3123, 3.1862, -3.7968)
(-1.7003, 2.7599, -3.6732)
(-2.1687, 2.341, -3.645)
(-2.4358, 1.8233, -3.5993)
(-2.5049, 1.3384, -3.8165)
(-2.63, 0.9357, -4.304)
(-2.7051, 0.5596, -4.711)
(-2.3888, -1.5476, 3.8293)
(-2.8816, -1.6707, 3.6391)
(-3.5168, -1.7439, 3.3781)
(-4.1206, -1.7776, 3.0313)
(-4.7113, -1.8178, 2.6834)
(-5.2396, -1.8017, 2.2683)
(-5.7809, -1.7042, 1.8795)
(-6.4532, -1.6138, 1.6687)
