(0.8311, -0.4049, -6.1837)
(1.3196, -0.0316, -5.992)
(1.7281, 0.4568, -5.7165)
(2.118, 0.9595, -5.4332)
(2.4736, 1.4762, -5.1256)
(0.8722, -0.6703, -5.8337)
(1.383, -0.2926, -5.6451)
(2.7495, 1.9726, -4.7934)
(1.8032, 0.1918, -5.3767)
(2.8611, 2.2652, -4.4973)
(2.1759, 0.7024, -5.086)
(2.4731, 1.2399, -4.7663)
(2.6812, 1.756, -4.4273)
(2.8101, 2.187, -4.1622)
(0.8788, -0.9813, -5.3601)
(1.3831, -0.576, -5.1639)
(1.7863, -0.0735, -4.9002)
(2.1716, 0.4289, -4.6295)
(2.5031, 0.948, -4.3315)
(2.6688, 1.4319, -3.9985)
(2.7124, 1.8095, -3.6882)
(0.8136, -1.2329, -4.8238)
(1.2537, -0.7564, -4.6245)
(1.5878, -0.1983, -4.3815)
(1.9305, 0.301, -4.1491)
(2.3356, 0.7888, -3.882)
(2.7367, 1.1567, -3.6589)
(3.0267, 1.4327, -3.3244)
(0.7544, -1.4696, -4.2759)
(1.2184, -1.0237, -4.0988)
(1.5038, -0.4591, -3.8531)
(1.8493, 0.0265, -3.6066)
(2.1987, 0.5312, -3.4143)
(2.4348, 1.0367, -3.3877)
(2.4311, 1.5175, -3.2824)
(0.7064, -1.706, -3.7244)
(1.1777, -1.2833, -3.5683)
(1.4289, -0.7221, -3.3497)
(1.8243, -0.29, -3.1082)
(2.1509, 0.2069, -2.9098)
(2.2797, 0.7445, -2.9002)
(2.3252, 1.1556, -2.7477)
(0.6637, -1.9212, -3.1633)
(1.1969, -1.5501, -3.0428)
(1.5753, -1.0395, -2.8957)
(2.0605, -0.6491, -2.7806)
(2.3385, -0.1504, -2.5789)
(2.2824, 0.3895, -2.3862)
(2.1998, 0.8046, -2.2025)
(0.6184, -2.1027, -2.5895)
(1.1927, -1.7696, -2.4926)
(1.6699, -1.3213, -2.3761)
(2.1627, -0.9439, -2.2835)
(2.4079, -0.4428, -2.0815)
(2.3988, 0.0991, -1.8538)
(2.4873, 0.5312, -1.6908)
(0.582, -2.2583, -2.0075)
(1.2029, -1.9956, -1.9427)
(1.7436, -1.613, -1.8519)
(2.2145, -1.2209, -1.7398)
(2.4394, -0.7081, -1.5313)
(2.5099, -0.1662, -1.3081)
(2.6344, 0.254, -1.1427)
(0.5493, -2.3709, -1.4153)
(1.2098, -2.1915, -1.3818)
(1.8085, -1.8991, -1.3266)
(2.2575, -1.4853, -1.1977)
(2.4666, -0.9519, -0.9829)
(2.6127, -0.4138, -0.7673)
(2.7861, -0.0063, -0.6073)
(0.5218, -2.4449, -0.8152)
(1.2048, -2.3319, -0.8008)
(1.8522, -2.1477, -0.7777)
(2.3238, -1.7455, -0.6602)
(2.556, -1.1972, -0.4534)
(2.7705, -0.6608, -0.2509)
(2.9696, -0.2579, -0.0903)
(0.5118, -2.5141, -0.2159)
(1.2124, -2.4684, -0.2178)
(1.8951, -2.3729, -0.2181)
(2.4329, -2.0178, -0.1365)
(2.7353, -1.4626, 0.0414)
(2.9904, -0.9095, 0.2376)
(3.1659, -0.4931, 0.426)
(0.4949, -2.4613, 0.3854)
(1.1877, -2.4667, 0.3809)
(1.8643, -2.467, 0.3772)
(2.4523, -2.196, 0.4243)
(2.8566, -1.6833, 0.5614)
(3.2411, -1.1596, 0.6907)
(3.6785, -0.5717, 0.8493)
(0.4818, -2.3431, 0.9851)
(1.1608, -2.4166, 0.9823)
(1.7972, -2.5236, 0.9738)
(2.3587, -2.2616, 0.9804)
(4.3374, -0.7311, 0.9799)
(2.8531, -1.8417, 1.0572)
(3.381, -1.4757, 1.0532)
(4.9641, -0.4528, 0.9843)
(3.881, -1.1743, 0.8367)
(5.488, -0.8709, 0.9979)
(4.4365, -0.9775, 0.7702)
(0.4813, -2.2298, 1.5925)
(1.152, -2.3199, 1.5883)
(1.7855, -2.5128, 1.5658)
(5.6883, -1.0231, 0.9903)
(2.4143, -2.4505, 1.4737)
(4.9001, -0.8569, 1.0329)
(3.0025, -2.2127, 1.3361)
(3.5814, -1.9364, 1.1772)
(5.3443, -0.9365, 1.0643)
(4.1434, -1.6574, 0.9678)
(5.6604, -0.8341, 0.9254)
(4.6941, -1.4414, 0.7975)
(0.4876, -2.1372, 2.1847)
(1.1593, -2.1773, 2.2033)
(1.8476, -2.3131, 2.1407)
(5.1377, -1.1746, 0.9712)
(2.5311, -2.3713, 2.0129)
(3.1764, -2.3177, 1.8033)
(5.4578, -0.8493, 0.8356)
(3.7932, -2.1992, 1.5491)
(0.5023, -2.0698, 2.6597)
(5.7865, -0.649, 0.6137)
(4.3898, -2.0228, 1.2841)
(4.9585, -1.7811, 1.0617)
(1.9553, -2.0093, 2.6745)
(1.1505, -1.9643, 2.8969)
(5.3899, -1.4332, 0.9741)
(2.6522, -2.0484, 2.5059)
(3.3153, -2.0564, 2.2968)
(5.5407, -1.0804, 0.6373)
(3.9587, -2.055, 2.0589)
(5.8014, -0.8827, 0.3307)
(4.5648, -1.9957, 1.7982)
(5.0223, -1.7008, 1.5117)
(1.6261, -1.7787, 3.3103)
(2.1557, -1.7053, 3.1588)
(5.3493, -1.3157, 1.2109)
(2.8075, -1.707, 2.9886)
(3.4728, -1.7555, 2.7952)
(5.7513, -1.1179, 0.8607)
(4.1245, -1.8349, 2.5849)
(6.0965, -1.0947, 0.5445)
(4.6862, -1.8216, 2.3182)
(4.9727, -1.553, 1.919)
(1.9144, -1.5338, 3.7125)
(2.3618, -1.4222, 3.6099)
(5.4299, -1.4419, 1.527)
(2.982, -1.3835, 3.4409)
(3.6361, -1.4076, 3.2209)
(5.9565, -1.4419, 1.131)
(4.2784, -1.4872, 2.9878)
(2.1576, -1.3225, 3.8824)
(6.2968, -1.5117, 0.7869)
(4.8587, -1.5485, 2.6986)
(2.4514, -1.1455, 3.9728)
(3.1295, -1.1347, 3.8128)
(5.2555, -1.5095, 2.2315)
(3.7773, -1.1194, 3.5422)
(5.7801, -1.5095, 1.8286)
(4.3833, -1.124, 3.1893)
(4.9641, -1.1867, 2.8046)
(6.3262, -1.5562, 1.4536)
(5.5005, -1.2934, 2.3664)
(6.6412, -1.6605, 1.1175)
(6.0382, -1.3816, 2.0186)
(6.8054, -1.5823, 1.4047)
(6.7156, -1.4557, 1.697)
(-0.0482, 3.4099, -3.4898)
(0.5874, 3.4603, -3.3854)
(1.2097, 3.5222, -3.3161)
(1.703, 3.1679, -3.347)
(2.271, 2.9449, -3.5963)
(0.2178, 3.5394, -3.4525)
(0.7324, 3.2732, -3.2797)
(2.8237, 2.7252, -3.7917)
(1.3067, 3.2409, -3.2317)
(2.9888, 2.4949, -4.0662)
(1.8659, 3.1274, -3.1915)
(2.2631, 2.7584, -3.3585)
(2.6437, 2.454, -3.7156)
(2.8136, 2.2008, -4.1481)
(0.431, 3.73, -3.0868)
(0.9869, 3.416, -3.0387)
(1.4081, 3.032, -2.9559)
(1.9342, 2.7914, -3.0267)
(2.3955, 2.475, -3.0544)
(2.7313, 2.131, -3.3521)
(2.718, 1.8241, -3.6754)
(0.4955, 3.7057, -2.5281)
(1.1119, 3.4683, -2.5576)
(1.6123, 3.0316, -2.5845)
(2.0104, 2.5366, -2.7046)
(2.3154, 2.0627, -2.8676)
(2.735, 1.8006, -3.0536)
(3.0226, 1.4479, -3.3098)
(0.4337, 3.5443, -2.0042)
(0.9796, 3.2232, -2.1057)
(1.4489, 2.7332, -2.2299)
(1.7834, 2.1702, -2.3285)
(2.077, 1.735, -2.5012)
(2.3622, 1.7148, -2.9051)
(2.4532, 1.5292, -3.2588)
(0.2529, 3.3086, -1.6358)
(0.7394, 2.872, -1.827)
(1.185, 2.3844, -1.9988)
(1.535, 1.8795, -1.947)
(1.8788, 1.4796, -1.9634)
(2.1403, 1.4342, -2.4298)
(2.3214, 1.2593, -2.8426)
(0.3651, 3.2337, -1.1178)
(0.8285, 2.774, -1.3202)
(1.262, 2.301, -1.5043)
(1.5863, 1.7789, -1.4832)
(1.9083, 1.355, -1.4991)
(2.1042, 1.0963, -1.8712)
(2.2325, 0.7999, -2.164)
(0.5308, 3.1405, -0.5432)
(1.0163, 2.709, -0.7476)
(1.4633, 2.2485, -0.9561)
(1.9076, 1.8325, -1.1003)
(2.2631, 1.3988, -1.242)
(2.372, 0.9129, -1.4401)
(2.5076, 0.5419, -1.6805)
(0.6371, 2.9598, 0.0281)
(1.1499, 2.5588, -0.1778)
(1.609, 2.1042, -0.3953)
(2.0499, 1.673, -0.5869)
(2.4202, 1.2151, -0.775)
(2.6191, 0.7031, -0.9638)
(2.6418, 0.2723, -1.1374)
(0.6711, 2.7051, 0.5827)
(1.1777, 2.3042, 0.3681)
(1.6385, 1.8491, 0.1457)
(2.0757, 1.4036, -0.0508)
(2.4637, 0.9431, -0.2419)
(2.7288, 0.4473, -0.4388)
(2.792, 0.0133, -0.6052)
(0.6404, 2.3956, 1.1073)
(1.1135, 1.9705, 0.8695)
(1.5756, 1.5184, 0.6453)
(2.0375, 1.0803, 0.4518)
(2.4709, 0.6367, 0.2687)
(2.8144, 0.172, 0.0794)
(2.9765, -0.2388, -0.0883)
(0.5936, 2.0518, 1.6062)
(1.0746, 1.6444, 1.3661)
(1.5825, 1.2568, 1.165)
(2.0498, 0.816, 0.9716)
(2.4914, 0.3587, 0.7827)
(2.8958, -0.0872, 0.5887)
(3.1673, -0.4737, 0.4329)
(0.6145, 1.7186, 2.1101)
(1.184, 1.436, 1.8992)
(1.7715, 1.2045, 1.7132)
(2.231, 0.7622, 1.5258)
(2.6564, 0.2704, 1.3328)
(3.1342, -0.137, 1.1007)
(3.6885, -0.5525, 0.8511)
(0.7043, 1.4217, 2.6304)
(1.3387, 1.2854, 2.457)
(1.968, 1.1609, 2.2856)
(2.4706, 0.7857, 2.0807)
(4.3327, -0.7168, 1.0167)
(2.9263, 0.346, 1.8589)
(3.4478, 0.0487, 1.5643)
(4.9695, -0.4183, 1.0058)
(3.9939, -0.1513, 1.2315)
(5.4576, -0.8915, 1.0575)
(4.5313, -0.3873, 1.0395)
(0.8091, 1.1068, 3.1433)
(1.4708, 1.0597, 3.0077)
(2.1292, 1.0262, 2.8555)
(5.4643, -0.6083, 0.8338)
(2.7093, 0.8, 2.6287)
(5.1127, -0.5608, 1.0721)
(3.241, 0.5134, 2.3409)
(3.7838, 0.3065, 1.9982)
(5.6201, -0.6316, 0.9216)
(4.3187, 0.1766, 1.6167)
(5.6471, -0.3628, 0.6835)
(4.8373, -0.0937, 1.338)
(0.8814, 0.7505, 3.6048)
(1.5625, 0.7418, 3.5378)
(2.2677, 0.7511, 3.388)
(5.453, -0.2842, 1.1641)
(2.9343, 0.6923, 3.1666)
(3.5345, 0.5611, 2.8482)
(5.9897, -0.3427, 0.9325)
(4.1032, 0.4244, 2.4757)
(0.9149, 0.4047, 3.9256)
(6.0592, -0.042, 0.7692)
(4.6608, 0.3065, 2.085)
(5.2055, 0.0988, 1.7326)
(2.4032, 0.3547, 3.8421)
(1.5724, 0.2437, 4.0379)
(5.8077, -0.0602, 1.4673)
(3.1174, 0.3768, 3.6426)
(3.7639, 0.3234, 3.3339)
(6.3815, -0.1196, 1.2428)
(4.363, 0.2218, 2.9571)
(6.6143, 0.0413, 0.9542)
(4.9612, 0.124, 2.5685)
(5.5649, 0.0349, 2.1706)
(1.9903, -0.1561, 4.2012)
(2.5547, -0.1418, 4.1175)
(6.16, -0.0798, 1.8656)
(3.2273, -0.1311, 3.9387)
(3.8878, -0.1498, 3.6544)
(6.7559, -0.1241, 1.6175)
(4.5137, -0.2082, 3.3033)
(7.0793, -0.1274, 1.3014)
(5.143, -0.2698, 2.9501)
(5.7585, -0.3252, 2.5528)
(2.1159, -0.659, 4.2543)
(2.5893, -0.6909, 4.1442)
(6.3278, -0.4181, 2.2112)
(3.2266, -0.6976, 3.9734)
(3.8783, -0.7089, 3.698)
(6.9278, -0.4974, 1.9066)
(4.4923, -0.7443, 3.336)
(2.221, -0.9742, 4.1642)
(7.3257, -0.5204, 1.6291)
(5.0922, -0.8074, 2.9437)
(2.4746, -1.1197, 3.9978)
(3.151, -1.1178, 3.8415)
(5.6967, -0.8975, 2.535)
(3.79, -1.1103, 3.5585)
(6.2843, -0.9437, 2.1973)
(4.3916, -1.1319, 3.2069)
(4.9744, -1.1969, 2.8228)
(6.8664, -1.0393, 1.9055)
(5.5256, -1.3401, 2.372)
(7.2907, -1.044, 1.7029)
(6.2301, -1.3952, 1.9538)
(7.107, -1.344, 1.7228)
(6.8066, -1.4597, 1.7252)
(0.2694, -0.3714, -6.0548)
(-0.0502, -0.0717, -5.5987)
(-0.5058, 0.0832, -5.2653)
(-1.0568, -0.0861, -5.3084)
(-1.6528, 0.1192, -5.3058)
(-2.1587, 0.5753, -5.2249)
(0.2999, -0.7045, -5.7507)
(-0.0197, -0.4023, -5.3107)
(-0.4308, -0.1687, -4.9279)
(-2.5361, 1.0785, -5.0445)
(-1.0258, -0.203, -4.8978)
(-2.7717, 1.3678, -4.8287)
(-1.6275, 0.0449, -4.8882)
(-2.1441, 0.4854, -4.8153)
(-2.5946, 0.9036, -4.6642)
(-2.8291, 1.3099, -4.4913)
(0.3031, -1.1109, -5.36)
(-0.0718, -0.8395, -4.9831)
(-0.4126, -0.5228, -4.5422)
(-0.9588, -0.3577, -4.3815)
(-1.5074, 0.0206, -4.3726)
(-2.0548, 0.4097, -4.3208)
(-2.5974, 0.6631, -4.1736)
(-2.8858, 0.987, -3.9708)
(0.2356, -1.4637, -4.911)
(-0.3067, -1.2926, -4.7467)
(-0.6862, -0.9545, -4.3582)
(-1.0981, -0.6454, -4.0113)
(-1.5648, -0.2359, -3.9661)
(-2.0343, 0.1261, -3.9398)
(-2.5234, 0.43, -3.7609)
(-2.8102, 0.6757, -3.4545)
(0.1447, -1.71, -4.3822)
(-0.4974, -1.6654, -4.3802)
(-1.0353, -1.3544, -4.2216)
(-1.4909, -0.951, -3.991)
(-1.8317, -0.4912, -3.836)
(-1.9063, -0.0268, -3.5717)
(-2.1697, 0.4677, -3.5084)
(-2.3398, 1.0536, -3.7173)
(0.0694, -1.8958, -3.8109)
(-0.6037, -1.8762, -3.8412)
(-1.2351, -1.6445, -3.8009)
(-1.7398, -1.2568, -3.682)
(-1.9243, -0.7286, -3.4435)
(-1.9229, -0.2009, -3.1212)
(-2.0586, 0.286, -3.0233)
(-2.1373, 0.6259, -3.3711)
(0.0076, -2.0663, -3.2291)
(-0.6711, -2.0316, -3.2545)
(-1.3099, -1.8042, -3.2297)
(-1.8389, -1.398, -3.1439)
(-2.1778, -0.8787, -2.9852)
(-2.277, -0.3062, -2.7497)
(-2.2262, 0.2067, -2.5284)
(-2.3112, 0.5785, -2.6018)
(-0.046, -2.226, -2.6421)
(-0.727, -2.1873, -2.6636)
(-1.3685, -1.9683, -2.6432)
(-1.9043, -1.5667, -2.5663)
(-2.3065, -1.0739, -2.4416)
(-2.537, -0.522, -2.2806)
(-2.5648, 0.0327, -2.0975)
(-2.5471, 0.4696, -2.0106)
(-0.0928, -2.361, -2.0477)
(-0.7768, -2.3324, -2.0683)
(-1.4237, -2.1349, -2.0543)
(-1.9469, -1.7296, -1.9788)
(-2.316, -1.2207, -1.8508)
(-2.5819, -0.6768, -1.7033)
(-2.7229, -0.125, -1.5483)
(-2.7577, 0.3192, -1.4323)
(-0.1335, -2.4588, -1.4453)
(-0.8206, -2.4524, -1.4663)
(-1.4736, -2.2859, -1.4593)
(-1.982, -1.8727, -1.3874)
(-2.2998, -1.3273, -1.2558)
(-2.5691, -0.7733, -1.1087)
(-2.7944, -0.2361, -0.9623)
(-2.9155, 0.2028, -0.8504)
(-0.1672, -2.5204, -0.8374)
(-0.8593, -2.5389, -0.8582)
(-1.5269, -2.4253, -0.8609)
(-2.0533, -2.0337, -0.8042)
(-2.3622, -1.4623, -0.6754)
(-2.6286, -0.8812, -0.5269)
(-2.8851, -0.3343, -0.383)
(-3.0708, 0.0917, -0.2741)
(-0.188, -2.5517, -0.2283)
(-0.8898, -2.5793, -0.2466)
(-1.5833, -2.5444, -0.2619)
(-2.1653, -2.2265, -0.2367)
(-2.5026, -1.6408, -0.1198)
(-2.7689, -1.0217, 0.031)
(-3.0307, -0.4386, 0.1805)
(-3.2235, 0.0122, 0.3064)
(-0.2014, -2.4863, 0.3788)
(-0.8982, -2.524, 0.366)
(-1.5938, -2.538, 0.3513)
(-2.2208, -2.335, 0.3562)
(-2.6127, -1.7939, 0.4482)
(-2.9291, -1.1859, 0.5776)
(-3.2468, -0.5866, 0.6957)
(-3.5765, 0.0871, 0.8798)
(-0.2076, -2.3692, 0.9833)
(-0.8967, -2.421, 0.9742)
(-1.5856, -2.4584, 0.9605)
(-2.2267, -2.3478, 0.9559)
(-2.6808, -1.9045, 1.0035)
(-4.1994, 0.402, 0.8108)
(-3.1243, -1.3989, 1.0421)
(-3.5637, -0.8855, 0.9973)
(-4.5496, 0.4243, 1.4219)
(-3.9923, -0.3838, 0.8323)
(-5.2258, 0.4219, 1.3243)
(-0.2051, -2.2545, 1.5917)
(-4.4478, 0.0508, 0.7758)
(-0.8923, -2.2972, 1.5808)
(-1.5786, -2.3101, 1.5575)
(-2.2573, -2.2319, 1.5103)
(-5.3542, 0.6184, 1.1318)
(-2.8744, -1.9964, 1.428)
(-4.8705, 0.3625, 1.0779)
(-3.427, -1.6411, 1.2779)
(-3.9075, -1.1965, 1.0747)
(-5.3153, 0.6587, 1.1785)
(-4.3605, -0.7293, 0.8391)
(-5.6111, 0.6758, 1.0197)
(-4.7947, -0.2497, 0.6749)
(-0.1952, -2.156, 2.164)
(-0.8775, -2.1559, 2.1605)
(-1.5488, -2.0867, 2.1405)
(-2.2331, -1.9332, 2.0189)
(-5.1697, 0.256, 0.7288)
(-2.884, -1.7079, 1.8608)
(-3.4913, -1.4293, 1.7005)
(-5.5741, 0.7058, 0.7916)
(-4.0367, -1.0682, 1.4869)
(-0.1887, -2.0963, 2.5684)
(-0.8746, -2.0559, 2.6292)
(-5.9138, 0.9685, 0.8385)
(-4.5521, -0.6701, 1.2441)
(-5.0635, -0.2711, 1.0083)
(-2.2918, -1.7544, 2.5929)
(-1.5053, -1.9212, 2.8409)
(-5.5375, 0.1438, 0.7894)
(-2.9177, -1.4761, 2.3879)
(-3.473, -1.125, 2.1637)
(-5.9354, 0.5431, 0.5804)
(-4.0005, -0.7518, 1.9074)
(-6.2706, 0.8577, 0.56)
(-4.536, -0.3797, 1.6466)
(-5.1128, -0.0406, 1.4155)
(-1.9295, -1.7237, 3.2537)
(-2.4703, -1.6125, 3.1381)
(-5.6953, 0.2486, 1.1888)
(-3.0836, -1.3892, 2.9438)
(-3.6603, -1.0777, 2.6881)
(-6.2326, 0.4266, 0.9228)
(-4.2071, -0.7442, 2.4012)
(-6.6474, 0.5725, 0.7466)
(-4.7757, -0.4442, 2.0948)
(-5.3879, -0.1676, 1.8033)
(-2.1163, -1.4759, 3.6945)
(-2.5807, -1.356, 3.6174)
(-5.9771, 0.0848, 1.5849)
(-3.1949, -1.1847, 3.4563)
(-3.8105, -0.9458, 3.2086)
(-6.5356, 0.3142, 1.4038)
(-4.4079, -0.7062, 2.9173)
(-2.2818, -1.2677, 3.9253)
(-6.9491, 0.5192, 1.2412)
(-5.0073, -0.4738, 2.6007)
(-2.5425, -1.0493, 3.949)
(-3.2214, -0.927, 3.8231)
(-5.5953, -0.1783, 2.2763)
(-3.8621, -0.7339, 3.5937)
(-6.1858, 0.0778, 2.0526)
(-4.4731, -0.5494, 3.3006)
(-5.0785, -0.363, 3.0083)
(-6.7401, 0.3111, 1.9127)
(-5.5195, -0.031, 2.5933)
(-7.1241, 0.5359, 1.7631)
(-6.128, 0.2451, 2.4104)
(-7.0332, 0.5594, 2.0922)
(-6.7798, 0.4823, 2.3151)
(-0.4878, 3.5423, -3.7087)
(-0.8504, 3.3778, -3.4237)
(-1.462, 3.2991, -3.3593)
(-1.9846, 2.9921, -3.4161)
(-2.1426, 2.4651, -3.432)
(-2.5109, 2.209, -3.8179)
(-0.316, 3.7627, -3.5545)
(-0.8356, 3.5135, -3.4887)
(-1.3129, 3.1183, -3.3451)
(-2.9161, 1.8998, -4.2095)
(-1.8342, 2.7973, -3.1883)
(-3.0222, 1.612, -4.4916)
(-2.2288, 2.3478, -3.2106)
(-2.4639, 1.9409, -3.5981)
(-2.7366, 1.6204, -4.0584)
(-2.8378, 1.3218, -4.4756)
(-0.2204, 3.8084, -3.0694)
(-0.8236, 3.5949, -3.0425)
(-1.2255, 3.114, -2.9447)
(-1.6443, 2.6074, -2.9222)
(-2.073, 2.1028, -3.0488)
(-2.4527, 1.6353, -3.2912)
(-2.8027, 1.3386, -3.6593)
(-2.8915, 1.0, -3.9549)
(-0.1754, 3.6559, -2.5048)
(-0.8352, 3.4806, -2.5121)
(-1.3997, 3.1609, -2.5504)
(-1.8268, 2.6651, -2.6538)
(-2.2213, 2.1507, -2.7413)
(-2.5298, 1.6438, -2.9374)
(-2.7274, 1.1609, -3.2635)
(-2.823, 0.6863, -3.439)
(-0.169, 3.4658, -1.993)
(-0.7816, 3.2135, -2.0595)
(-1.2843, 2.8682, -2.2228)
(-1.6232, 2.3775, -2.4454)
(-1.9769, 1.9716, -2.4508)
(-2.1532, 1.6314, -2.8109)
(-2.2992, 1.1666, -3.1565)
(-2.2702, 0.9487, -3.5853)
(-0.2741, 3.5195, -1.5214)
(-0.746, 3.2151, -1.5786)
(-0.9504, 2.7022, -1.8559)
(-1.2336, 2.1576, -2.0881)
(-1.5972, 1.7391, -2.1404)
(-1.9074, 1.4305, -2.4455)
(-2.1002, 0.9837, -2.7839)
(-2.113, 0.618, -3.1761)
(-0.1623, 3.44, -0.9884)
(-0.5369, 3.0454, -1.0943)
(-0.7104, 2.4949, -1.3896)
(-1.055, 1.9872, -1.6156)
(-1.5034, 1.5919, -1.7102)
(-1.8685, 1.2574, -1.9788)
(-2.1087, 0.8413, -2.2485)
(-2.2841, 0.5593, -2.5549)
(-0.0097, 3.2812, -0.4382)
(-0.3596, 2.8579, -0.5996)
(-0.7387, 2.3781, -0.849)
(-1.2342, 2.0144, -1.0986)
(-1.7556, 1.7106, -1.3027)
(-2.159, 1.3175, -1.5611)
(-2.4218, 0.8603, -1.7879)
(-2.5417, 0.4839, -1.992)
(0.049, 3.0948, 0.1198)
(-0.4418, 2.7675, -0.0471)
(-0.9162, 2.3439, -0.2881)
(-1.4038, 1.9588, -0.5396)
(-1.8405, 1.5756, -0.7842)
(-2.1788, 1.1273, -1.0422)
(-2.5018, 0.6847, -1.2558)
(-2.7558, 0.3374, -1.4209)
(0.0583, 2.8478, 0.6705)
(-0.517, 2.5989, 0.5229)
(-1.0025, 2.1876, 0.2775)
(-1.4183, 1.7395, 0.0003)
(-1.7498, 1.271, -0.2846)
(-2.1098, 0.824, -0.5252)
(-2.5297, 0.4466, -0.7106)
(-2.9174, 0.2213, -0.8392)
(0.0515, 2.583, 1.2204)
(-0.5224, 2.3523, 1.0787)
(-0.9598, 1.915, 0.8066)
(-1.3026, 1.4254, 0.4892)
(-1.6751, 0.9662, 0.2127)
(-2.1373, 0.5787, 0.008)
(-2.644, 0.2889, -0.1573)
(-3.08, 0.1096, -0.2642)
(0.0524, 2.2939, 1.7621)
(-0.4801, 2.0585, 1.6113)
(-0.8554, 1.5989, 1.3034)
(-1.2542, 1.168, 1.0012)
(-1.7505, 0.7991, 0.7632)
(-2.2701, 0.463, 0.567)
(-2.8236, 0.2908, 0.3951)
(-3.2324, 0.0343, 0.3224)
(0.0855, 1.9632, 2.286)
(-0.43, 1.7339, 2.1273)
(-0.8328, 1.3267, 1.8182)
(-1.3736, 1.0874, 1.5586)
(-1.9262, 0.7691, 1.3366)
(-2.4518, 0.4679, 1.1299)
(-3.0094, 0.4594, 0.9311)
(-3.5852, 0.1109, 0.9031)
(0.1353, 1.6067, 2.7945)
(-0.4245, 1.4192, 2.6461)
(-0.9326, 1.1258, 2.3679)
(-1.5334, 1.015, 2.1387)
(-2.1058, 0.7472, 1.9161)
(-4.2109, 0.4348, 0.7821)
(-2.6483, 0.5352, 1.6962)
(-3.154, 0.6897, 1.4844)
(-4.4753, 0.4149, 1.4521)
(-3.7165, 0.5603, 1.3954)
(-5.2555, 0.4869, 1.3516)
(0.1786, 1.2017, 3.2632)
(-4.2944, 0.6348, 1.2568)
(-0.4439, 1.0786, 3.1494)
(-1.0428, 0.9208, 2.9284)
(-1.6725, 0.8965, 2.7216)
(-5.4872, 0.5481, 1.1599)
(-2.2755, 0.734, 2.4924)
(-4.8611, 0.6504, 1.3823)
(-2.8407, 0.6514, 2.2551)
(-3.314, 0.8953, 2.0318)
(-5.3531, 0.6459, 1.295)
(-3.8718, 0.8961, 1.8962)
(-5.7171, 0.762, 1.0136)
(-4.4524, 0.9275, 1.6813)
(0.2044, 0.7645, 3.6416)
(-0.4657, 0.6982, 3.598)
(-1.1192, 0.6388, 3.4795)
(-1.7885, 0.6807, 3.2855)
(-5.0508, 1.0044, 1.5448)
(-2.4303, 0.6808, 3.0568)
(-3.0289, 0.7441, 2.7926)
(-5.5837, 1.0817, 1.3236)
(-3.5901, 0.9196, 2.5413)
(0.2112, 0.4381, 3.8871)
(-0.4953, 0.355, 3.926)
(-5.9483, 1.254, 1.0094)
(-4.1625, 1.1239, 2.3676)
(-4.7771, 1.1992, 2.0854)
(-1.9628, 0.3307, 3.7514)
(-1.1762, 0.1666, 4.0184)
(-5.34, 1.3167, 1.854)
(-2.6375, 0.4554, 3.5523)
(-3.2663, 0.593, 3.2968)
(-5.8883, 1.5011, 1.6026)
(-3.8722, 0.7673, 3.0439)
(-6.1864, 1.7346, 1.2876)
(-4.4752, 1.0083, 2.8538)
(-5.1208, 1.1821, 2.5419)
(-1.6899, -0.2113, 4.147)
(-2.2313, -0.1158, 4.0172)
(-5.7226, 1.4158, 2.244)
(-2.8787, 0.0239, 3.8596)
(-3.5198, 0.1934, 3.6306)
(-6.2215, 1.7071, 2.0105)
(-4.1388, 0.3735, 3.3724)
(-6.5629, 1.8644, 1.737)
(-4.758, 0.563, 3.1385)
(-5.3761, 0.8128, 2.8416)
(-1.9967, -0.6657, 4.1869)
(-2.463, -0.6136, 4.0742)
(-5.9881, 1.1223, 2.5731)
(-3.0877, -0.4915, 3.9271)
(-3.7221, -0.3198, 3.6961)
(-6.5205, 1.4348, 2.3532)
(-4.3277, -0.1466, 3.4114)
(-2.2312, -0.9234, 4.1004)
(-6.8927, 1.6002, 2.1381)
(-4.9328, 0.0129, 3.165)
(-2.5326, -1.0351, 3.9652)
(-3.2091, -0.9125, 3.8398)
(-5.4617, 0.2531, 2.8074)
(-3.8501, -0.7301, 3.6197)
(-6.0406, 0.5751, 2.5879)
(-4.4576, -0.5395, 3.323)
(-5.0581, -0.3506, 3.0285)
(-6.6292, 0.8887, 2.4581)
(-5.4821, -0.0665, 2.533)
(-7.0334, 1.109, 2.337)
(-6.0729, 0.2245, 2.3719)
(-7.0045, 0.7549, 2.3795)
(-6.7845, 0.5139, 2.3353)
(2.789, 0.0035, -0.6063)
(2.7152, 1.8168, -3.6818)
(2.463, -1.1326, 3.9853)
(2.2162, 0.8022, -2.1833)
(3.1403, -1.1262, 3.8272)
(3.7836, -1.1149, 3.5503)
(2.973, -0.2484, -0.0893)
(4.3875, -1.1279, 3.1981)
(4.9693, -1.1918, 2.8137)
(5.513, -1.3167, 2.3692)
(6.1342, -1.3884, 1.9862)
(3.0246, 1.4403, -3.3171)
(6.7611, -1.4577, 1.7111)
(2.4975, 0.5365, -1.6856)
(2.6381, 0.2632, -1.14)
(4.3351, -0.724, 0.9983)
(3.1666, -0.4834, 0.4294)
(3.6835, -0.5621, 0.8502)
(4.9668, -0.4356, 0.995)
(5.4728, -0.8812, 1.0277)
(2.8118, 2.1939, -4.1552)
(2.4421, 1.5234, -3.2706)
(2.3233, 1.2074, -2.7952)
(6.5063, -1.6034, 1.2817)
(6.4954, -1.5222, 1.5863)
(6.7792, -1.5201, 1.5484)
(6.7602, -1.636, 1.2668)
(5.6158, -0.9772, 0.994)
(5.3753, -0.9199, 1.0575)
(5.5155, -0.9086, 1.0038)
(5.6738, -0.9622, 0.9798)
(5.3908, -0.8746, 0.9784)
(5.6188, -0.7355, 0.7226)
(5.7226, -0.6995, 0.7961)
(5.4947, -0.9585, 0.6953)
(5.6534, -0.9665, 0.4734)
(5.782, -0.7418, 0.4256)
(5.6384, -1.0962, 0.7156)
(5.9323, -1.0941, 0.6979)
(5.9345, -0.9781, 0.4)
(5.8432, -1.2635, 0.9949)
(6.1456, -1.4712, 0.9534)
(6.1972, -1.301, 0.6655)
(6.1323, -1.539, 1.2924)
(6.463, -1.6294, 0.9467)
(1.8791, -1.7355, 3.2358)
(1.7862, -1.6576, 3.5322)
(2.1217, -1.472, 3.6666)
(2.2641, -1.5599, 3.3956)
(2.4713, -1.6976, 3.0767)
(2.6562, -1.3935, 3.5342)
(2.8963, -1.5389, 3.2247)
(3.1425, -1.7263, 2.8943)
(3.3106, -1.3878, 3.3346)
(3.5567, -1.5815, 3.0229)
(3.7999, -1.7945, 2.6926)
(3.9584, -1.4431, 3.105)
(4.2066, -1.6721, 2.8115)
(4.4371, -1.8591, 2.4665)
(4.5901, -1.5288, 2.863)
(4.773, -1.6979, 2.5397)
(4.8383, -1.6949, 2.1271)
(5.0619, -1.5339, 2.4733)
(5.0887, -1.5364, 2.0931)
(5.1733, -1.4727, 1.7212)
(5.4978, -1.5019, 2.02)
(5.5925, -1.5023, 1.6873)
(5.7065, -1.4326, 1.3263)
(6.0722, -1.5262, 1.6383)
(1.5968, -1.9911, 2.7567)
(1.4147, -1.8817, 3.0884)
(2.0473, -1.8551, 2.9199)
(2.3062, -2.0307, 2.5941)
(2.725, -1.8758, 2.7472)
(2.9878, -2.0556, 2.4062)
(3.3909, -1.9081, 2.5482)
(3.6385, -2.0561, 2.1806)
(4.0405, -1.9536, 2.3274)
(4.273, -2.0459, 1.9321)
(4.623, -1.9188, 2.0665)
(4.8168, -1.8758, 1.6565)
(4.9755, -1.6125, 1.7259)
(5.1862, -1.4994, 1.3665)
(5.3515, -1.3526, 1.3661)
(5.5464, -1.1882, 1.0372)
(0.1477, -2.1447, 2.1719)
(-0.1914, -2.1226, 2.3821)
(0.1574, -2.0916, 2.5961)
(0.4942, -2.1015, 2.4335)
(0.823, -2.1438, 2.2)
(0.8398, -2.0273, 2.7564)
(1.1723, -2.088, 2.5092)
(1.5016, -2.243, 2.182)
(1.8921, -2.1661, 2.4144)
(2.1926, -2.3578, 2.0859)
(2.5895, -2.224, 2.2651)
(2.8585, -2.3554, 1.917)
(3.2469, -2.211, 2.0519)
(3.4876, -2.2655, 1.6789)
(3.8793, -2.1578, 1.7968)
(4.0938, -2.1178, 1.4179)
(4.4878, -2.0478, 1.5267)
(4.6804, -1.9136, 1.1533)
(5.0218, -1.7793, 1.2781)
(5.2089, -1.6179, 1.0284)
(5.3881, -1.3834, 1.0699)
(5.4771, -1.2438, 0.8263)
(0.1387, -2.2347, 1.5931)
(-0.2003, -2.2013, 1.8932)
(0.4836, -2.1803, 1.8986)
(0.821, -2.2536, 1.5908)
(1.1525, -2.254, 1.897)
(1.4709, -2.4272, 1.5831)
(1.8102, -2.4347, 1.8568)
(2.1027, -2.5167, 1.5282)
(2.4717, -2.4542, 1.7419)
(2.712, -2.3423, 1.4081)
(3.0944, -2.3196, 1.5486)
(3.2933, -2.0771, 1.2602)
(3.692, -2.1175, 1.3288)
(3.8631, -1.7913, 1.0821)
(4.274, -1.878, 1.0989)
(4.4251, -1.5466, 0.8452)
(4.8404, -1.655, 0.8998)
(4.9342, -1.3205, 0.8809)
(5.2925, -1.3442, 0.9485)
(5.3048, -1.006, 0.9419)
(0.1373, -2.3488, 0.9849)
(-0.2076, -2.3105, 1.2867)
(0.4803, -2.2842, 1.287)
(0.8244, -2.3629, 0.9842)
(1.1545, -2.3746, 1.2837)
(1.4864, -2.495, 0.9788)
(1.7812, -2.5362, 1.2708)
(2.0894, -2.4355, 0.9698)
(2.3679, -2.3606, 1.2271)
(2.6061, -2.0528, 1.0152)
(2.9107, -2.0227, 1.1987)
(3.1172, -1.6502, 1.0809)
(3.472, -1.7032, 1.1154)
(3.6278, -1.3133, 0.9559)
(4.0048, -1.4173, 0.8812)
(4.161, -1.0678, 0.7576)
(4.5503, -1.2004, 0.753)
(4.676, -0.8937, 0.8946)
(4.9902, -1.0088, 1.0095)
(5.1308, -0.895, 1.0858)
(0.1469, -2.4717, 0.3833)
(-0.2055, -2.4299, 0.681)
(0.4869, -2.4046, 0.6851)
(0.842, -2.4578, 0.3845)
(1.1724, -2.4454, 0.6817)
(1.5304, -2.4843, 0.3766)
(1.8291, -2.4975, 0.6763)
(2.1792, -2.3716, 0.3898)
(2.4019, -2.2216, 0.7098)
(2.6686, -1.9545, 0.4863)
(2.8517, -1.7459, 0.833)
(3.0476, -1.417, 0.6325)
(3.3159, -1.2991, 0.9019)
(3.4365, -0.9018, 0.7395)
(3.7862, -0.9247, 0.8298)
(4.008, -0.6514, 0.9146)
(4.3705, -0.8089, 0.8496)
(4.6508, -0.592, 0.9821)
(4.8989, -0.7018, 1.0204)
(5.226, -0.6618, 0.9911)
(0.162, -2.5343, -0.2208)
(-0.1955, -2.5303, 0.0757)
(0.5042, -2.5026, 0.0848)
(0.8616, -2.4912, -0.2147)
(1.2034, -2.4817, 0.0801)
(1.5619, -2.441, -0.223)
(1.8893, -2.4325, 0.0767)
(2.1929, -2.2302, -0.1908)
(2.4623, -2.1274, 0.1394)
(2.603, -1.7528, -0.0554)
(2.815, -1.5873, 0.295)
(2.8644, -1.1748, 0.1413)
(3.1242, -1.0328, 0.4673)
(3.1029, -0.6803, 0.3276)
(3.4222, -0.5324, 0.6376)
(0.1779, -2.4881, -0.8259)
(-0.1789, -2.5445, -0.5327)
(0.5161, -2.4875, -0.5156)
(0.8641, -2.3924, -0.8066)
(1.2098, -2.4096, -0.5103)
(1.5402, -2.2592, -0.7958)
(1.8782, -2.2712, -0.5011)
(2.1199, -1.9736, -0.7331)
(2.3795, -1.8847, -0.3999)
(2.4565, -1.4803, -0.5624)
(2.6411, -1.3292, -0.2047)
(2.6615, -0.9164, -0.3473)
(2.8716, -0.7854, -0.0024)
(2.8732, -0.4461, -0.167)
(3.0677, -0.3755, 0.1678)
(0.2094, -2.4255, -1.4308)
(-0.1517, -2.4925, -1.1417)
(0.5336, -2.4083, -1.1156)
(0.8842, -2.294, -1.3993)
(1.2064, -2.2629, -1.0924)
(1.5208, -2.06, -1.3599)
(1.8306, -2.0254, -1.054)
(2.0612, -1.7085, -1.274)
(2.2841, -1.6134, -0.9268)
(2.3838, -1.229, -1.0969)
(2.4988, -1.0722, -0.7137)
(2.5379, -0.6718, -0.8694)
(2.6837, -0.5368, -0.5058)
(2.6981, -0.197, -0.6832)
(2.8778, -0.1321, -0.3488)
(0.2483, -2.3276, -2.03)
(-0.1138, -2.4151, -1.7474)
(0.5656, -2.3212, -1.7127)
(0.9024, -2.1474, -1.9789)
(1.2085, -2.1014, -1.6649)
(1.4798, -1.8095, -1.8987)
(1.7789, -1.7602, -1.5915)
(1.9991, -1.4242, -1.8041)
(2.2362, -1.355, -1.469)
(2.3586, -0.979, -1.6452)
(2.4506, -0.8319, -1.2564)
(2.4781, -0.4281, -1.4145)
(2.558, -0.2914, -1.0357)
(2.5645, 0.0569, -1.2205)
(2.7102, 0.1239, -0.875)
(0.2927, -2.1879, -2.6204)
(-0.0702, -2.2975, -2.3459)
(0.5991, -2.1844, -2.2995)
(0.9213, -1.9614, -2.5466)
(1.1956, -1.882, -2.2175)
(1.4322, -1.543, -2.4311)
(1.7061, -1.4648, -2.1123)
(1.9273, -1.1339, -2.3355)
(2.1892, -1.0829, -2.0107)
(2.3272, -0.7105, -2.1949)
(2.424, -0.5777, -1.8061)
(2.4128, -0.1639, -1.9629)
(2.4582, -0.0355, -1.5814)
(2.4209, 0.326, -1.764)
(2.5609, 0.3926, -1.4167)
(0.3436, -2.0189, -3.202)
(-0.0201, -2.1483, -2.9364)
(0.6408, -2.0156, -2.8777)
(0.9547, -1.7647, -3.11)
(1.197, -1.6632, -2.7696)
(1.385, -1.2904, -2.966)
(1.6332, -1.184, -2.6424)
(1.8159, -0.84, -2.8423)
(2.1315, -0.8038, -2.5525)
(2.2461, -0.4169, -2.6869)
(2.3899, -0.304, -2.3514)
(2.3291, 0.1276, -2.4786)
(2.3335, 0.2374, -2.1232)
(2.2583, 0.6137, -2.2962)
(2.3436, 0.6679, -1.9467)
(0.3989, -1.8284, -3.7752)
(0.0373, -1.982, -3.5206)
(0.6851, -1.8176, -3.4454)
(0.9749, -1.5237, -3.6556)
(1.1839, -1.4193, -3.307)
(1.3055, -0.9985, -3.4642)
(1.4875, -0.8786, -3.1244)
(1.6131, -0.4976, -3.2311)
(1.9312, -0.4708, -2.9446)
(2.0111, -0.0555, -2.9876)
(2.2361, 0.0256, -2.742)
(2.2351, 0.4839, -2.9014)
(2.2649, 0.5629, -2.6416)
(2.3053, 0.9636, -2.8425)
(2.2625, 0.9801, -2.4751)
(0.4614, -1.6204, -4.339)
(0.1047, -1.8069, -4.0991)
(0.7295, -1.589, -4.0009)
(1.0121, -1.2694, -4.1968)
(1.1958, -1.1549, -3.8335)
(1.3682, -0.7411, -3.9804)
(1.4504, -0.589, -3.594)
(1.6668, -0.2093, -3.7288)
(1.8137, -0.1277, -3.3357)
(2.0316, 0.2732, -3.4902)
(2.1486, 0.3753, -3.1476)
(2.3371, 0.7922, -3.4005)
(2.3273, 0.9133, -3.1637)
(2.48, 1.2557, -3.3211)
(2.3781, 1.3365, -3.0151)
(0.534, -1.3936, -4.8906)
(0.1896, -1.5982, -4.6553)
(0.7814, -1.3507, -4.5503)
(1.0527, -1.0145, -4.7328)
(1.2281, -0.8819, -4.3607)
(1.4266, -0.4755, -4.5033)
(1.5376, -0.3161, -4.1174)
(1.7534, 0.0554, -4.2679)
(1.8744, 0.1806, -3.8838)
(2.1238, 0.5535, -4.0141)
(2.259, 0.6751, -3.6571)
(2.557, 0.9837, -3.7703)
(2.6075, 1.098, -3.5368)
(2.8444, 1.325, -3.5213)
(2.7289, 1.4751, -3.3034)
(0.5805, -1.0955, -5.4013)
(0.2765, -1.3002, -5.1439)
(0.8509, -1.1139, -5.0953)
(1.1481, -0.8004, -5.2756)
(1.3194, -0.6676, -4.8949)
(1.5913, -0.3283, -5.0354)
(1.6894, -0.1358, -4.6424)
(1.9799, 0.1773, -4.7658)
(2.0553, 0.3642, -4.3937)
(2.3536, 0.6875, -4.4863)
(2.4335, 0.8635, -4.1059)
(2.6021, 1.2011, -4.1642)
(2.7293, 1.2728, -3.8105)
(2.7205, 1.6303, -3.8461)
(2.8696, 1.6211, -3.5063)
(0.5682, -0.7387, -5.8397)
(0.3086, -0.9047, -5.5649)
(0.8839, -0.8269, -5.6108)
(1.1446, -0.5097, -5.7595)
(1.4004, -0.4429, -5.4194)
(1.6, -0.055, -5.5148)
(1.819, 0.0448, -5.1517)
(1.9967, 0.4439, -5.234)
(2.201, 0.5521, -4.8664)
(2.3352, 0.9687, -4.9307)
(2.5024, 1.0855, -4.5558)
(2.5889, 1.5091, -4.5939)
(2.6558, 1.6022, -4.213)
(2.7509, 1.9679, -4.2803)
(2.7612, 1.9982, -3.9252)
(0.5328, -0.4399, -6.1693)
(0.2857, -0.5298, -5.9104)
(0.8532, -0.5315, -6.0195)
(1.093, -0.2535, -6.1128)
(1.3535, -0.1565, -5.8304)
(1.5281, 0.2096, -5.8563)
(1.7691, 0.3291, -5.5593)
(1.9254, 0.7066, -5.5761)
(2.1457, 0.8376, -5.2703)
(2.302, 1.2161, -5.2842)
(2.4648, 1.3678, -4.9531)
(2.627, 1.7352, -4.9573)
(2.7148, 1.875, -4.6181)
(2.8287, 2.1614, -4.6448)
(2.8476, 2.2571, -4.3347)
(2.033, -1.422, 3.8209)
(2.2994, -1.2318, 3.9296)
(2.4373, -1.2921, 3.7867)
(2.7904, -1.1401, 3.8928)
(3.0571, -1.2517, 3.6283)
(3.4534, -1.1271, 3.6775)
(3.7067, -1.257, 3.3857)
(4.0803, -1.1217, 3.3658)
(4.3341, -1.3067, 3.1038)
(4.6737, -1.1553, 2.997)
(4.9175, -1.3765, 2.7729)
(5.2323, -1.24, 2.5855)
(5.3912, -1.4204, 2.3196)
(5.7694, -1.3375, 2.1925)
(5.9316, -1.4604, 1.9356)
(6.3769, -1.4187, 1.8578)
(6.8182, -1.2561, 1.8384)
(7.0944, -1.0524, 1.796)
(7.2142, -1.2271, 1.7133)
(6.9659, -1.4134, 1.726)
(5.4914, -0.7244, 0.9676)
(5.4487, -0.743, 0.9443)
(5.5279, -0.493, 0.7355)
(5.6795, -0.5291, 0.805)
(5.7946, -0.4966, 0.897)
(5.8261, -0.1945, 0.7044)
(6.0685, -0.2258, 0.8419)
(6.1846, -0.2115, 1.0605)
(6.3333, 0.0365, 0.8465)
(6.531, -0.0592, 1.1055)
(6.5812, -0.0812, 1.4322)
(6.868, -0.0146, 1.1122)
(6.9451, -0.1277, 1.4671)
(6.8752, -0.2695, 1.7887)
(7.2371, -0.2958, 1.4891)
(7.1482, -0.5139, 1.7656)
(6.9146, -0.7723, 1.938)
(7.336, -0.7896, 1.6888)
(2.0759, -0.4154, 4.2471)
(2.2615, -0.1491, 4.1666)
(2.588, -0.4241, 4.1599)
(2.3367, -0.6774, 4.2032)
(2.8833, -0.1347, 4.0421)
(3.2405, -0.4236, 3.9874)
(2.894, -0.6962, 4.07)
(3.5635, -0.1352, 3.8086)
(3.8981, -0.4373, 3.7095)
(3.5572, -0.7008, 3.8492)
(4.2025, -0.1759, 3.4814)
(4.5209, -0.4813, 3.3544)
(4.1891, -0.7236, 3.5236)
(4.8272, -0.2408, 3.1304)
(5.1394, -0.54, 2.9853)
(4.7918, -0.7706, 3.1436)
(5.4575, -0.2949, 2.7514)
(5.7509, -0.6099, 2.5851)
(5.396, -0.8558, 2.7352)
(6.04, -0.3685, 2.3742)
(6.3214, -0.6768, 2.2465)
(5.9893, -0.9189, 2.3584)
(6.6393, -0.4638, 2.0554)
(6.587, -0.9931, 2.0428)
(1.8213, 0.0718, 4.1228)
(2.0321, 0.325, 3.9196)
(2.4853, 0.1194, 4.0088)
(2.7655, 0.3732, 3.7541)
(3.1845, 0.1419, 3.8206)
(3.4495, 0.3592, 3.501)
(3.8419, 0.11, 3.5246)
(4.0662, 0.2751, 3.1492)
(4.4578, 0.03, 3.1622)
(4.6605, 0.1704, 2.7651)
(5.0775, -0.0477, 2.7954)
(5.2648, 0.0823, 2.3644)
(5.6929, -0.1068, 2.3956)
(5.8578, -0.025, 2.0047)
(6.2747, -0.2119, 2.0679)
(6.4777, -0.1112, 1.744)
(0.2093, 0.5896, 3.7755)
(0.5431, 0.7636, 3.6293)
(0.9012, 0.5756, 3.7781)
(0.5633, 0.4351, 3.8967)
(1.2192, 0.7416, 3.5779)
(1.5936, 0.5355, 3.7714)
(1.2604, 0.3481, 3.9716)
(1.9151, 0.7495, 3.4731)
(2.3321, 0.5661, 3.6303)
(2.6091, 0.7327, 3.288)
(3.0328, 0.5618, 3.419)
(3.2411, 0.6324, 3.0178)
(3.6596, 0.478, 3.1017)
(3.8206, 0.4884, 2.6663)
(4.2429, 0.3604, 2.7221)
(4.3844, 0.372, 2.2796)
(4.8193, 0.2491, 2.3274)
(4.9307, 0.2072, 1.8999)
(5.3948, 0.103, 1.9456)
(5.4973, 0.0099, 1.5895)
(5.9938, -0.0324, 1.6609)
(6.1233, -0.1126, 1.3581)
(0.1941, 0.9766, 3.4686)
(0.4917, 1.1673, 3.2206)
(0.8507, 0.9306, 3.3883)
(1.1363, 1.0705, 3.0724)
(1.5211, 0.9135, 3.2807)
(1.806, 1.0577, 2.9386)
(2.2008, 0.906, 3.1282)
(2.4292, 0.9339, 2.7515)
(2.825, 0.7684, 2.9007)
(2.9766, 0.6537, 2.4914)
(3.3935, 0.5664, 2.5913)
(3.5107, 0.3939, 2.1776)
(3.9484, 0.3984, 2.2315)
(4.0554, 0.2498, 1.8041)
(4.491, 0.2777, 1.8445)
(4.5721, 0.0483, 1.4587)
(5.0171, 0.0268, 1.53)
(5.1342, -0.2019, 1.251)
(5.63, -0.1486, 1.2929)
(5.7643, -0.3479, 1.0496)
(0.1587, 1.4124, 3.0362)
(0.4161, 1.5379, 2.7351)
(0.7584, 1.2698, 2.889)
(1.0142, 1.337, 2.5378)
(1.4094, 1.1845, 2.7332)
(1.6639, 1.243, 2.3751)
(2.0521, 1.1089, 2.5731)
(2.2338, 1.0002, 2.1856)
(2.5909, 0.8004, 2.3553)
(2.695, 0.5569, 1.9751)
(3.0823, 0.4295, 2.1008)
(3.1792, 0.1773, 1.7217)
(3.6151, 0.1811, 1.7796)
(3.7217, -0.0519, 1.394)
(4.1521, 0.0259, 1.4121)
(4.2609, -0.2698, 1.1027)
(4.6719, -0.2396, 1.1635)
(4.8147, -0.4816, 1.0538)
(5.2698, -0.4434, 1.1003)
(5.4087, -0.6279, 1.0221)
(0.11, 1.7888, 2.5431)
(0.35, 1.8788, 2.2244)
(0.6538, 1.5681, 2.3694)
(0.8916, 1.5634, 1.9992)
(1.2617, 1.363, 2.1775)
(1.4865, 1.333, 1.8054)
(1.8749, 1.1908, 1.9976)
(2.0151, 1.006, 1.6197)
(2.3493, 0.771, 1.8043)
(2.4403, 0.5105, 1.4322)
(2.7822, 0.2906, 1.6025)
(2.8881, 0.0545, 1.2218)
(3.2865, -0.0656, 1.3396)
(3.3938, -0.3151, 0.9744)
(3.8432, -0.3363, 1.0656)
(4.0106, -0.6346, 0.9339)
(4.4224, -0.5254, 0.9934)
(4.6511, -0.5675, 1.0112)
(5.0136, -0.5725, 1.0447)
(5.2136, -0.6549, 1.0316)
(0.0652, 2.1327, 2.026)
(0.3312, 2.2196, 1.7127)
(0.5936, 1.8809, 1.856)
(0.8353, 1.8498, 1.4842)
(1.1146, 1.5256, 1.6278)
(1.3281, 1.4518, 1.2618)
(1.6632, 1.2138, 1.4357)
(1.8219, 1.0424, 1.068)
(2.1237, 0.7681, 1.2463)
(2.2729, 0.5881, 0.8775)
(2.5556, 0.2896, 1.0559)
(2.7021, 0.1285, 0.6847)
(2.997, -0.145, 0.8474)
(3.0614, -0.2779, 0.5013)
(3.4279, -0.5131, 0.642)
(0.049, 2.4432, 1.4932)
(0.356, 2.5366, 1.1916)
(0.6132, 2.2255, 1.3582)
(0.8867, 2.1965, 0.993)
(1.0799, 1.7979, 1.115)
(1.3427, 1.7426, 0.7528)
(1.558, 1.3649, 0.901)
(1.8083, 1.2981, 0.5457)
(2.0265, 0.9275, 0.7071)
(2.2599, 0.862, 0.3609)
(2.4701, 0.4826, 0.5219)
(2.6626, 0.4017, 0.173)
(2.8446, 0.0288, 0.3334)
(2.9118, -0.0384, -0.0066)
(3.0719, -0.3562, 0.1723)
(0.0556, 2.7168, 0.9456)
(0.3709, 2.8235, 0.6531)
(0.662, 2.5563, 0.8491)
(0.9365, 2.5222, 0.4821)
(1.1518, 2.1433, 0.6228)
(1.4107, 2.0766, 0.2542)
(1.6105, 1.6867, 0.3971)
(1.861, 1.6255, 0.0449)
(2.0598, 1.2447, 0.2021)
(2.279, 1.1789, -0.1453)
(2.4708, 0.7933, 0.0157)
(2.6196, 0.693, -0.342)
(2.7744, 0.3126, -0.1776)
(2.7795, 0.2236, -0.526)
(2.8842, -0.1127, -0.3467)
(0.057, 2.9768, 0.3959)
(0.3406, 3.0815, 0.1016)
(0.6632, 2.8405, 0.3084)
(0.9055, 2.7759, -0.0695)
(1.1781, 2.444, 0.1003)
(1.3823, 2.3306, -0.2887)
(1.6394, 1.99, -0.1193)
(1.8332, 1.887, -0.4935)
(2.0724, 1.5463, -0.3145)
(2.2505, 1.4526, -0.6804)
(2.4477, 1.083, -0.5066)
(2.5448, 0.9566, -0.8704)
(2.6838, 0.5784, -0.7032)
(2.6448, 0.4789, -1.0527)
(2.7169, 0.1428, -0.8713)
(0.0302, 3.1941, -0.1593)
(0.2489, 3.2759, -0.464)
(0.5925, 3.0606, -0.2563)
(0.7851, 2.9395, -0.6411)
(1.094, 2.6465, -0.4616)
(1.2403, 2.4745, -0.857)
(1.5483, 2.19, -0.6766)
(1.6872, 2.0369, -1.0344)
(2.0048, 1.7795, -0.8587)
(2.1119, 1.6242, -1.1662)
(2.3714, 1.3342, -1.0346)
(2.3353, 1.1511, -1.3344)
(2.5136, 0.8166, -1.2121)
(2.4237, 0.714, -1.5543)
(2.5747, 0.4071, -1.4089)
(-0.0775, 3.3636, -0.714)
(0.0994, 3.4012, -1.0335)
(0.4539, 3.1979, -0.831)
(0.6036, 3.0118, -1.2145)
(0.9244, 2.7494, -1.0334)
(1.0551, 2.5414, -1.4292)
(1.3625, 2.2831, -1.2294)
(1.4302, 2.0399, -1.5143)
(1.7436, 1.8117, -1.2932)
(1.755, 1.5449, -1.4549)
(2.0778, 1.3824, -1.3714)
(2.0175, 1.2151, -1.6617)
(2.2154, 0.9938, -1.6483)
(2.1907, 0.9661, -2.0448)
(2.3701, 0.6709, -1.9222)
(-0.2426, 3.5015, -1.2615)
(-0.0061, 3.4677, -1.5643)
(0.2786, 3.2572, -1.3961)
(0.5001, 3.102, -1.7249)
(0.7483, 2.7981, -1.6)
(0.9725, 2.6314, -1.9319)
(1.1861, 2.3187, -1.7788)
(1.3661, 2.1328, -1.9946)
(1.5136, 1.8004, -1.7126)
(1.7106, 1.6399, -1.9078)
(1.8475, 1.3901, -1.7025)
(2.022, 1.4424, -2.1702)
(2.0889, 1.2517, -2.1387)
(2.2389, 1.3585, -2.639)
(2.2769, 1.0296, -2.5033)
(-0.2292, 3.4823, -1.7597)
(0.138, 3.5463, -1.9872)
(0.329, 3.418, -1.8197)
(0.7141, 3.4239, -2.0467)
(0.8397, 3.0317, -1.9711)
(1.2289, 2.9899, -2.1697)
(1.2923, 2.5354, -2.125)
(1.6292, 2.4558, -2.2809)
(1.6371, 2.0049, -2.1468)
(1.9292, 1.9042, -2.388)
(1.9626, 1.5983, -2.241)
(2.229, 1.7109, -2.6944)
(2.2238, 1.603, -2.7053)
(2.4501, 1.6303, -3.0734)
(2.3873, 1.3942, -3.0507)
(-0.1567, 3.5389, -2.2404)
(0.1626, 3.7074, -2.5132)
(0.487, 3.6403, -2.2459)
(0.8157, 3.6224, -2.5449)
(1.0777, 3.3792, -2.3068)
(1.3752, 3.264, -2.5648)
(1.5763, 2.9194, -2.3898)
(1.8285, 2.7888, -2.6336)
(1.9279, 2.3624, -2.5156)
(2.1542, 2.2805, -2.7853)
(2.2031, 1.8857, -2.7151)
(2.5348, 1.9162, -2.9501)
(2.5655, 1.7518, -2.9937)
(2.8496, 1.663, -3.1917)
(2.7379, 1.4886, -3.2843)
(-0.1959, 3.7531, -2.7838)
(0.1099, 3.8031, -3.0805)
(0.4798, 3.7444, -2.8175)
(0.7296, 3.5959, -3.0748)
(1.0782, 3.4757, -2.8169)
(1.1968, 3.2131, -2.984)
(1.5275, 3.0379, -2.7767)
(1.6644, 2.9051, -2.9877)
(1.9921, 2.6614, -2.8827)
(2.1771, 2.6453, -3.0269)
(2.3876, 2.2716, -2.961)
(2.5921, 2.3, -3.1764)
(2.7775, 1.9424, -3.1739)
(2.7782, 1.9739, -3.5247)
(2.8703, 1.636, -3.4926)
(-0.2584, 3.812, -3.3435)
(-0.0463, 3.6932, -3.5238)
(0.3387, 3.6453, -3.309)
(0.4726, 3.382, -3.3579)
(0.8576, 3.3222, -3.1878)
(1.012, 3.2407, -3.2479)
(1.3419, 3.1085, -3.1149)
(1.6023, 3.2165, -3.2015)
(1.9002, 2.9719, -3.1212)
(2.0743, 2.9559, -3.2428)
(2.3327, 2.6358, -3.199)
(2.4652, 2.5933, -3.5268)
(2.6657, 2.3032, -3.5547)
(2.758, 2.3221, -3.9016)
(2.7658, 2.0124, -3.9117)
(-0.3957, 3.6656, -3.6625)
(-0.2943, 3.4906, -3.6344)
(0.0867, 3.4635, -3.4991)
(0.2551, 3.4031, -3.4148)
(0.6469, 3.333, -3.3399)
(0.9144, 3.5318, -3.3508)
(1.2628, 3.3818, -3.2908)
(1.4609, 3.3663, -3.3037)
(1.7962, 3.1804, -3.2664)
(1.9734, 3.0373, -3.4636)
(2.2484, 2.8574, -3.4881)
(2.5747, 2.8395, -3.6924)
(2.7075, 2.5925, -3.7826)
(2.9611, 2.6141, -3.9339)
(2.9245, 2.3542, -4.1287)
(2.1545, -0.8449, 4.2237)
(2.5641, -0.9121, 4.084)
(2.3345, -1.0582, 4.0855)
(3.1918, -0.9227, 3.9116)
(2.8128, -1.1187, 3.9197)
(3.8371, -0.9281, 3.6367)
(3.4705, -1.114, 3.7)
(4.445, -0.957, 3.2785)
(4.0908, -1.1211, 3.3827)
(5.0329, -1.024, 2.8815)
(4.683, -1.1644, 3.0149)
(5.6245, -1.1312, 2.4595)
(5.25, -1.2685, 2.5974)
(6.2472, -1.1805, 2.0994)
(5.8778, -1.3676, 2.1629)
(6.5183, -1.4275, 1.8395)
(-2.9165, 0.212, -0.8448)
(-2.8887, 0.9935, -3.9628)
(-2.5375, -1.0422, 3.9571)
(-2.2977, 0.5689, -2.5784)
(-3.2153, -0.9197, 3.8314)
(-3.8561, -0.732, 3.6067)
(-3.0754, 0.1007, -0.2692)
(-4.4653, -0.5444, 3.3118)
(-5.0683, -0.3568, 3.0184)
(-5.5008, -0.0488, 2.5632)
(-6.1005, 0.2348, 2.3911)
(-2.8166, 0.681, -3.4468)
(-6.7822, 0.4981, 2.3252)
(-2.5444, 0.4768, -2.0013)
(-2.7567, 0.3283, -1.4266)
(-4.2051, 0.4184, 0.7964)
(-3.228, 0.0232, 0.3144)
(-3.5808, 0.099, 0.8914)
(-4.5125, 0.4196, 1.437)
(-5.2407, 0.4544, 1.338)
(-2.8334, 1.3159, -4.4834)
(-2.305, 1.0011, -3.6513)
(-2.1251, 0.622, -3.2736)
(-6.9482, 0.4242, 1.8404)
(-6.754, 0.3752, 2.1193)
(-6.9161, 0.5308, 2.2091)
(-7.1095, 0.5544, 1.9504)
(-5.2784, 0.5422, 1.2199)
(-5.2263, 0.5669, 1.2704)
(-5.4791, 0.6956, 1.1174)
(-5.4708, 0.6304, 1.0713)
(-5.4296, 0.711, 1.0013)
(-5.7516, 0.8543, 0.8155)
(-5.7578, 0.828, 0.9521)
(-5.7536, 0.6341, 0.6257)
(-6.1075, 0.7084, 0.5514)
(-6.0854, 0.9691, 0.6743)
(-6.0895, 0.4787, 0.7031)
(-6.4511, 0.5001, 0.8246)
(-6.463, 0.7018, 0.592)
(-6.3851, 0.3664, 1.158)
(-6.7563, 0.4187, 1.3211)
(-6.8096, 0.5216, 0.9741)
(-6.6632, 0.2922, 1.6654)
(-7.0628, 0.5247, 1.5169)
(-2.1918, -1.6772, 3.2023)
(-2.0412, -1.5996, 3.488)
(-2.3336, -1.4193, 3.6624)
(-2.5391, -1.4958, 3.3942)
(-2.7739, -1.5156, 3.0511)
(-2.8762, -1.2794, 3.5492)
(-3.1527, -1.3034, 3.2157)
(-3.3788, -1.2405, 2.8213)
(-3.5071, -1.0702, 3.3407)
(-3.7506, -1.0298, 2.9609)
(-3.9343, -0.9092, 2.5478)
(-4.1095, -0.8228, 3.0664)
(-4.3239, -0.7435, 2.6693)
(-4.4854, -0.59, 2.2493)
(-4.7082, -0.5955, 2.7627)
(-4.9124, -0.4824, 2.3534)
(-5.0808, -0.3032, 1.9425)
(-5.3022, -0.3285, 2.4326)
(-5.5218, -0.202, 2.0414)
(-5.6847, -0.0384, 1.6861)
(-5.8896, -0.0441, 2.1496)
(-6.1104, 0.0492, 1.8186)
(-6.2688, 0.2027, 1.4914)
(-6.4786, 0.1957, 1.9787)
(-1.9475, -1.8474, 2.6876)
(-1.7504, -1.8306, 3.0283)
(-2.3774, -1.6923, 2.8713)
(-2.6137, -1.6288, 2.4937)
(-2.9944, -1.4325, 2.6655)
(-3.2021, -1.3058, 2.279)
(-3.551, -1.0868, 2.418)
(-3.738, -0.9397, 2.0387)
(-4.08, -0.722, 2.1422)
(-4.2643, -0.5633, 1.7749)
(-4.629, -0.3806, 1.8579)
(-4.8206, -0.2059, 1.5271)
(-5.2286, -0.0782, 1.6011)
(-5.4055, 0.1154, 1.3073)
(-5.8222, 0.1835, 1.3843)
(-5.9765, 0.348, 1.0523)
(-0.538, -2.1621, 2.1606)
(-0.5335, -2.0866, 2.5809)
(-0.8746, -2.1014, 2.4053)
(-1.2124, -2.1315, 2.1593)
(-1.2057, -1.9986, 2.7113)
(-1.5446, -1.9985, 2.4447)
(-1.8917, -2.0203, 2.0904)
(-2.244, -1.8258, 2.3018)
(-2.5639, -1.8275, 1.9399)
(-2.8831, -1.5659, 2.1154)
(-3.1946, -1.5774, 1.7842)
(-3.4666, -1.253, 1.9299)
(-3.7707, -1.2574, 1.6003)
(-4.0085, -0.8912, 1.7)
(-4.2955, -0.8703, 1.3667)
(-4.5373, -0.5071, 1.4521)
(-4.8095, -0.4714, 1.1232)
(-5.0856, -0.1399, 1.2189)
(-5.3083, -0.0655, 0.9006)
(-5.6243, 0.2028, 0.9738)
(-5.7464, 0.3513, 0.6705)
(-0.5489, -2.2771, 1.5876)
(-0.8848, -2.2246, 1.881)
(-1.2351, -2.3104, 1.5714)
(-1.5629, -2.1985, 1.849)
(-1.9224, -2.288, 1.5371)
(-2.2465, -2.0866, 1.7616)
(-2.5743, -2.1326, 1.4759)
(-2.8977, -1.8812, 1.6342)
(-3.1596, -1.832, 1.3612)
(-3.4911, -1.5847, 1.4679)
(-3.6741, -1.4258, 1.1821)
(-4.0073, -1.1881, 1.2513)
(-4.1349, -0.9636, 0.9576)
(-4.4918, -0.7561, 1.0113)
(-4.5845, -0.4926, 0.7338)
(-4.9586, -0.3104, 0.8013)
(-4.983, 0.002, 0.6851)
(-5.3682, 0.1758, 0.6968)
(-5.3731, 0.4997, 0.7649)
(-0.5523, -2.3943, 0.9795)
(-0.8957, -2.3624, 1.2775)
(-1.241, -2.446, 0.9679)
(-1.5844, -2.3961, 1.2611)
(-1.9245, -2.4396, 0.9534)
(-2.2447, -2.3152, 1.2418)
(-2.4684, -2.1542, 0.9754)
(-2.7813, -1.9816, 1.227)
(-2.8996, -1.651, 1.0286)
(-3.2838, -1.5511, 1.1621)
(-3.3468, -1.1429, 1.0354)
(-3.7474, -1.0721, 1.0228)
(-3.7754, -0.631, 0.9224)
(-4.1851, -0.5873, 0.802)
(-4.2216, -0.1506, 0.762)
(-4.6176, -0.1145, 0.6886)
(-4.6577, 0.2108, 0.912)
(-5.0069, 0.3197, 0.8868)
(-5.1012, 0.5301, 1.1705)
(-0.5497, -2.5036, 0.3728)
(-0.8978, -2.4755, 0.6706)
(-1.247, -2.5434, 0.3588)
(-1.5894, -2.505, 0.6571)
(-1.9297, -2.4785, 0.3461)
(-2.2229, -2.3528, 0.6583)
(-2.4398, -2.0922, 0.3927)
(-2.6353, -1.8452, 0.7373)
(-2.7726, -1.4889, 0.5118)
(-3.0112, -1.2778, 0.8382)
(-3.086, -0.8846, 0.6406)
(-3.393, -0.7162, 0.8874)
(-3.4137, -0.2866, 0.748)
(-3.8005, -0.171, 0.8485)
(-3.8879, 0.2445, 0.8453)
(-4.2993, 0.2108, 0.8468)
(-4.3745, 0.4131, 1.1163)
(-4.733, 0.3943, 1.2216)
(-4.8877, 0.4231, 1.3731)
(-0.5383, -2.5666, -0.237)
(-0.8964, -2.5619, 0.06)
(-1.2412, -2.5836, -0.256)
(-1.5939, -2.5556, 0.0437)
(-1.9008, -2.4271, -0.259)
(-2.203, -2.2941, 0.0564)
(-2.3568, -1.9521, -0.1872)
(-2.5683, -1.7253, 0.1611)
(-2.6364, -1.329, -0.0457)
(-2.8494, -1.1016, 0.3054)
(-2.9025, -0.7198, 0.1079)
(-3.1276, -0.4997, 0.4519)
(-3.1446, -0.1926, 0.2453)
(-3.4, 0.0496, 0.5931)
(-0.5132, -2.5391, -0.8485)
(-0.8766, -2.5689, -0.5527)
(-1.2019, -2.5098, -0.8642)
(-1.5581, -2.4949, -0.5625)
(-1.817, -2.263, -0.8422)
(-2.11, -2.1331, -0.5211)
(-2.2256, -1.7579, -0.7458)
(-2.4285, -1.5494, -0.3964)
(-2.4943, -1.1697, -0.6018)
(-2.6922, -0.9477, -0.2456)
(-2.763, -0.5969, -0.452)
(-2.9503, -0.385, -0.0991)
(-2.9846, -0.1082, -0.3249)
(-3.1472, 0.0519, 0.0161)
(-0.4776, -2.4698, -1.4576)
(-0.8405, -2.4997, -1.1629)
(-1.1575, -2.397, -1.4688)
(-1.4988, -2.3556, -1.16)
(-1.7527, -2.1062, -1.4324)
(-2.0106, -1.9476, -1.0934)
(-2.1566, -1.6065, -1.3261)
(-2.3183, -1.3884, -0.9623)
(-2.4364, -1.05, -1.1832)
(-2.5869, -0.8235, -0.8152)
(-2.6928, -0.4965, -1.0328)
(-2.8343, -0.2853, -0.6711)
(-2.8642, -0.0069, -0.9032)
(-2.9932, 0.1473, -0.5622)
(-0.4359, -2.3639, -2.0609)
(-0.7994, -2.3963, -1.7682)
(-1.1102, -2.2594, -2.0676)
(-1.449, -2.2126, -1.7575)
(-1.7049, -1.9533, -2.0246)
(-1.9628, -1.8018, -1.683)
(-2.1474, -1.4818, -1.919)
(-2.304, -1.2745, -1.5525)
(-2.4621, -0.9529, -1.7792)
(-2.5723, -0.7273, -1.4053)
(-2.6694, -0.3936, -1.6234)
(-2.7604, -0.1842, -1.2552)
(-2.7454, 0.1098, -1.4861)
(-2.8366, 0.261, -1.1414)
(-0.3879, -2.2267, -2.6569)
(-0.7527, -2.2622, -2.3667)
(-1.0571, -2.1024, -2.6599)
(-1.3969, -2.053, -2.3494)
(-1.652, -1.785, -2.6117)
(-1.9283, -1.6518, -2.2736)
(-2.1236, -1.3285, -2.5086)
(-2.32, -1.1561, -2.1485)
(-2.4481, -0.8042, -2.3669)
(-2.5785, -0.6118, -1.9994)
(-2.5679, -0.2347, -2.183)
(-2.6677, -0.0538, -1.8363)
(-2.5548, 0.2606, -2.0447)
(-2.6524, 0.3944, -1.7215)
(-0.3331, -2.0715, -3.2471)
(-0.6999, -2.1095, -2.9594)
(-0.9995, -1.9425, -3.2491)
(-1.3388, -1.8832, -2.9362)
(-1.5933, -1.6196, -3.1953)
(-1.8737, -1.4767, -2.8561)
(-2.0363, -1.1491, -3.0739)
(-2.2652, -0.9738, -2.7242)
(-2.2577, -0.5934, -2.8775)
(-2.4362, -0.4071, -2.5332)
(-2.2487, -0.0331, -2.6128)
(-2.3985, 0.1306, -2.3178)
(-2.2557, 0.4017, -2.5457)
(-2.4292, 0.5241, -2.3062)
(-0.2685, -1.9129, -3.8338)
(-0.64, -1.9551, -3.5491)
(-0.9274, -1.7831, -3.8301)
(-1.2804, -1.7324, -3.5224)
(-1.5172, -1.4704, -3.7533)
(-1.7993, -1.3383, -3.4262)
(-1.8725, -1.0019, -3.5803)
(-2.0413, -0.8063, -3.2184)
(-1.9215, -0.4608, -3.2765)
(-2.0804, -0.2508, -2.9331)
(-1.977, 0.0514, -3.0253)
(-2.1101, 0.2396, -2.7636)
(-2.128, 0.4899, -3.1366)
(-2.2243, 0.6022, -2.9865)
(-0.1825, -1.7262, -4.3989)
(-0.5583, -1.7864, -4.1248)
(-0.7807, -1.532, -4.3195)
(-1.1566, -1.5176, -4.0452)
(-1.2697, -1.1603, -4.1)
(-1.6422, -1.1172, -3.8832)
(-1.6946, -0.7243, -3.9187)
(-1.8803, -0.618, -3.6693)
(-1.8721, -0.2616, -3.7018)
(-1.8727, -0.1162, -3.3447)
(-2.0212, 0.221, -3.5084)
(-2.0718, 0.3897, -3.2898)
(-2.2851, 0.7099, -3.5598)
(-2.2385, 0.8397, -3.5442)
(-0.0539, -1.4198, -4.8637)
(-0.4149, -1.4968, -4.5886)
(-0.5067, -1.1249, -4.5682)
(-0.8699, -1.1639, -4.3101)
(-0.8817, -0.8046, -4.1554)
(-1.2873, -0.7957, -3.9953)
(-1.3302, -0.4474, -3.9619)
(-1.7037, -0.3681, -3.9017)
(-1.7933, -0.043, -3.9694)
(-1.9766, 0.0387, -3.7661)
(-2.2969, 0.2769, -3.8613)
(-2.3529, 0.448, -3.6418)
(-2.6669, 0.594, -3.6578)
(-2.575, 0.8646, -3.5859)
(0.0918, -1.0096, -5.2077)
(-0.1783, -1.0702, -4.8638)
(-0.2242, -0.6614, -4.7419)
(-0.519, -0.7355, -4.4244)
(-0.6693, -0.445, -4.4277)
(-0.9891, -0.4913, -4.1501)
(-1.2386, -0.1925, -4.3725)
(-1.4989, -0.0887, -4.1315)
(-1.7751, 0.2317, -4.3582)
(-2.0473, 0.2731, -4.1164)
(-2.3471, 0.5408, -4.2576)
(-2.5915, 0.5178, -3.9414)
(-2.7599, 0.8153, -4.0759)
(-2.848, 0.8314, -3.7126)
(0.1227, -0.5749, -5.5564)
(-0.0244, -0.6109, -5.1405)
(-0.1985, -0.2486, -5.0813)
(-0.3963, -0.3317, -4.7247)
(-0.7149, -0.1857, -4.8851)
(-0.9843, -0.267, -4.6445)
(-1.3356, -0.1218, -4.9017)
(-1.566, 0.0479, -4.6362)
(-1.893, 0.2581, -4.8606)
(-2.0968, 0.4664, -4.5661)
(-2.3884, 0.7017, -4.7486)
(-2.5992, 0.7949, -4.4255)
(-2.7343, 1.0967, -4.5702)
(-2.8575, 1.1485, -4.231)
(0.0984, -0.2319, -5.8448)
(-0.0318, -0.227, -5.4617)
(-0.2556, 0.0531, -5.3865)
(-0.4697, -0.0346, -5.1061)
(-0.7732, -0.0046, -5.2636)
(-1.0484, -0.1443, -5.1147)
(-1.3571, -0.0371, -5.3217)
(-1.6526, 0.0708, -5.1073)
(-1.9217, 0.3304, -5.2765)
(-2.1616, 0.5223, -5.0314)
(-2.3632, 0.8361, -5.1422)
(-2.5713, 0.9954, -4.866)
(-2.6759, 1.2655, -4.9462)
(-2.8148, 1.367, -4.6715)
(-2.19, -1.3684, 3.8413)
(-2.4036, -1.1609, 3.952)
(-2.5948, -1.21, 3.7909)
(-2.882, -0.9882, 3.8861)
(-3.2124, -1.0536, 3.6477)
(-3.5418, -0.8304, 3.7084)
(-3.8422, -0.8443, 3.4108)
(-4.1676, -0.6416, 3.4471)
(-4.4517, -0.6364, 3.1222)
(-4.7758, -0.4562, 3.1544)
(-5.048, -0.4211, 2.8089)
(-5.299, -0.197, 2.8008)
(-5.5908, -0.1174, 2.4651)
(-5.8238, 0.107, 2.5018)
(-6.1827, 0.1484, 2.2495)
(-6.4539, 0.3637, 2.3627)
(-6.6736, 0.6763, 2.4188)
(-6.8496, 1.0076, 2.3978)
(-7.0427, 0.9096, 2.3731)
(-6.9099, 0.628, 2.363)
(-5.2639, 0.5372, 1.3154)
(-5.3718, 0.5095, 1.2534)
(-5.6016, 0.6228, 1.0771)
(-5.546, 0.6923, 1.166)
(-5.4599, 0.8429, 1.2869)
(-5.835, 0.9843, 0.9824)
(-5.781, 1.1582, 1.1728)
(-5.7291, 1.3066, 1.4342)
(-6.0557, 1.5212, 1.1152)
(-6.0625, 1.6141, 1.4503)
(-6.0528, 1.6505, 1.8025)
(-6.3642, 1.8514, 1.5043)
(-6.4057, 1.8002, 1.8791)
(-6.3884, 1.6296, 2.203)
(-6.7468, 1.7768, 1.9568)
(-6.7206, 1.532, 2.2462)
(-6.5915, 1.1628, 2.4386)
(-6.9859, 1.3575, 2.2626)
(-1.8633, -0.4487, 4.1836)
(-1.9499, -0.1672, 4.0833)
(-2.3593, -0.3702, 4.0708)
(-2.2144, -0.6454, 4.1323)
(-2.5472, -0.0514, 3.9453)
(-2.993, -0.2383, 3.9215)
(-2.7621, -0.5615, 4.0083)
(-3.2036, 0.1063, 3.7534)
(-3.631, -0.0657, 3.6929)
(-3.41, -0.409, 3.8234)
(-3.8303, 0.2833, 3.4991)
(-4.2437, 0.1098, 3.4208)
(-4.0247, -0.2303, 3.5503)
(-4.4483, 0.4638, 3.2586)
(-4.8594, 0.2762, 3.1825)
(-4.6366, -0.0706, 3.2957)
(-5.0669, 0.6794, 2.9944)
(-5.4336, 0.5246, 2.8613)
(-5.2007, 0.1201, 2.9869)
(-5.6857, 0.9609, 2.6998)
(-6.0287, 0.8474, 2.6197)
(-5.7412, 0.4082, 2.6772)
(-6.2724, 1.2901, 2.4599)
(-6.3492, 0.7408, 2.5188)
(-1.4603, 0.0004, 4.0852)
(-1.612, 0.2679, 3.8546)
(-2.0918, 0.119, 3.9115)
(-2.3042, 0.3918, 3.6559)
(-2.7573, 0.2613, 3.735)
(-2.9568, 0.5222, 3.4308)
(-3.3953, 0.4189, 3.4948)
(-3.5714, 0.6706, 3.1614)
(-4.0112, 0.5992, 3.2423)
(-4.1698, 0.8893, 2.9538)
(-4.6257, 0.8174, 3.0291)
(-4.7968, 1.0989, 2.7092)
(-5.2676, 1.0392, 2.7282)
(-5.431, 1.2853, 2.3831)
(-5.8827, 1.32, 2.4351)
(-5.9908, 1.5684, 2.1261)
(-0.133, 0.7396, 3.6304)
(-0.4797, 0.522, 3.7727)
(-0.1414, 0.4092, 3.8984)
(-0.7919, 0.6572, 3.5485)
(-1.1611, 0.4477, 3.7287)
(-0.8471, 0.2796, 3.9652)
(-1.4537, 0.6564, 3.3895)
(-1.8629, 0.5204, 3.5381)
(-2.1146, 0.683, 3.175)
(-2.5266, 0.5948, 3.3205)
(-2.7352, 0.6985, 2.9284)
(-3.1417, 0.7038, 3.0556)
(-3.3121, 0.8195, 2.6565)
(-3.7329, 0.8696, 2.8008)
(-3.8701, 1.0322, 2.4585)
(-4.3203, 1.1138, 2.6206)
(-4.472, 1.1697, 2.2325)
(-4.9545, 1.2355, 2.315)
(-5.0596, 1.2475, 1.9633)
(-5.5313, 1.4062, 2.0445)
(-5.6324, 1.4015, 1.7364)
(-0.1354, 1.1644, 3.2334)
(-0.4543, 0.8882, 3.3866)
(-0.7423, 0.9843, 3.0409)
(-1.0822, 0.7931, 3.2104)
(-1.3567, 0.909, 2.8246)
(-1.7293, 0.8046, 3.0095)
(-1.9775, 0.8309, 2.6096)
(-2.3506, 0.7207, 2.778)
(-2.5693, 0.6516, 2.3751)
(-2.9316, 0.7152, 2.5257)
(-3.0777, 0.7697, 2.1331)
(-3.4429, 0.9309, 2.2876)
(-3.5831, 0.9199, 1.9656)
(-4.0053, 1.04, 2.1296)
(-4.1606, 0.8985, 1.7893)
(-4.5994, 1.0825, 1.8807)
(-4.7519, 0.9667, 1.6095)
(-5.1767, 1.1768, 1.6836)
(-5.3354, 1.0364, 1.4502)
(-0.1502, 1.5561, 2.7561)
(-0.4331, 1.2551, 2.901)
(-0.6749, 1.2554, 2.5069)
(-0.992, 1.0289, 2.6471)
(-1.2264, 1.0668, 2.2481)
(-1.6071, 0.964, 2.4305)
(-1.8254, 0.9027, 2.0273)
(-2.1932, 0.74, 2.2048)
(-2.3822, 0.5961, 1.8084)
(-2.7462, 0.5881, 1.9779)
(-2.8996, 0.6129, 1.5772)
(-3.2229, 0.8068, 1.7624)
(-3.4288, 0.6375, 1.4407)
(-3.7811, 0.73, 1.6505)
(-4.0056, 0.5771, 1.3082)
(-4.3595, 0.7757, 1.4663)
(-4.5819, 0.6577, 1.3098)
(-4.9584, 0.8181, 1.4457)
(-5.1223, 0.6379, 1.3763)
(-0.1845, 1.9027, 2.245)
(-0.4218, 1.5763, 2.3869)
(-0.6298, 1.5202, 1.9745)
(-0.8733, 1.2209, 2.0901)
(-1.0882, 1.1971, 1.6807)
(-1.4543, 1.0561, 1.8473)
(-1.6555, 0.9448, 1.4441)
(-2.0173, 0.7588, 1.6262)
(-2.1875, 0.5855, 1.2351)
(-2.5494, 0.4952, 1.4129)
(-2.729, 0.4628, 1.0179)
(-3.0861, 0.5712, 1.2056)
(-3.285, 0.3434, 0.8976)
(-3.6549, 0.3874, 1.1395)
(-3.898, 0.2728, 0.8426)
(-4.2304, 0.5083, 1.0651)
(-4.3431, 0.4248, 1.1171)
(-4.717, 0.5254, 1.3566)
(-4.8654, 0.4509, 1.4019)
(-0.2284, 2.2283, 1.7213)
(-0.452, 1.8969, 1.8698)
(-0.6798, 1.8364, 1.4645)
(-0.8276, 1.4534, 1.5563)
(-1.0422, 1.3736, 1.146)
(-1.2991, 1.114, 1.2753)
(-1.4954, 0.981, 0.8744)
(-1.833, 0.7756, 1.0486)
(-2.0053, 0.6153, 0.663)
(-2.3576, 0.4542, 0.8482)
(-2.5523, 0.3685, 0.4724)
(-2.9199, 0.3603, 0.6631)
(-3.054, 0.1833, 0.349)
(-3.4088, 0.0726, 0.6127)
(-0.2477, 2.511, 1.1763)
(-0.5053, 2.2108, 1.348)
(-0.7586, 2.1469, 0.9524)
(-0.9064, 1.7567, 1.0561)
(-1.1353, 1.6707, 0.6481)
(-1.2587, 1.2773, 0.7393)
(-1.4794, 1.1887, 0.342)
(-1.694, 0.8615, 0.4823)
(-1.8952, 0.7621, 0.1038)
(-2.1939, 0.5035, 0.2857)
(-2.3941, 0.4186, -0.081)
(-2.729, 0.2669, 0.1209)
(-2.8692, 0.1922, -0.2154)
(-3.1562, 0.0719, 0.0291)
(-0.2405, 2.7614, 0.6199)
(-0.5271, 2.4826, 0.8034)
(-0.7692, 2.4016, 0.4058)
(-0.9949, 2.0616, 0.5477)
(-1.2213, 1.9667, 0.1418)
(-1.366, 1.5864, 0.2472)
(-1.5889, 1.5055, -0.1446)
(-1.6991, 1.1088, -0.0406)
(-1.9207, 1.043, -0.4118)
(-2.1086, 0.6881, -0.2626)
(-2.3183, 0.619, -0.6255)
(-2.5758, 0.3519, -0.4352)
(-2.7281, 0.3206, -0.7798)
(-2.9987, 0.1654, -0.5517)
(-0.2071, 2.9709, 0.0601)
(-0.4896, 2.6966, 0.2384)
(-0.6763, 2.5523, -0.1655)
(-0.977, 2.2846, -0.0034)
(-1.1612, 2.1471, -0.4143)
(-1.4323, 1.867, -0.2631)
(-1.6342, 1.7726, -0.6609)
(-1.8053, 1.4321, -0.5291)
(-2.016, 1.358, -0.9145)
(-2.1382, 0.9756, -0.7819)
(-2.3454, 0.8968, -1.1566)
(-2.5079, 0.5619, -0.9828)
(-2.6332, 0.5037, -1.3414)
(-2.8366, 0.2794, -1.13)
(-0.2005, 3.1148, -0.4932)
(-0.3811, 2.8108, -0.3292)
(-0.5344, 2.6046, -0.7211)
(-0.8255, 2.3644, -0.57)
(-0.975, 2.1824, -0.9792)
(-1.3354, 2.0082, -0.8215)
(-1.502, 1.8651, -1.1992)
(-1.8305, 1.6813, -1.0522)
(-1.9748, 1.5283, -1.4287)
(-2.2051, 1.2564, -1.3105)
(-2.3102, 1.0869, -1.6803)
(-2.4916, 0.7967, -1.5304)
(-2.4909, 0.6592, -1.8905)
(-2.6488, 0.4107, -1.7065)
(-0.382, 3.2977, -1.0086)
(-0.4214, 2.9388, -0.8521)
(-0.6249, 2.7696, -1.2332)
(-0.6928, 2.4186, -1.1247)
(-0.8565, 2.2304, -1.525)
(-1.1193, 1.9888, -1.3625)
(-1.2797, 1.7744, -1.6571)
(-1.6178, 1.6485, -1.5114)
(-1.7024, 1.431, -1.8293)
(-2.0097, 1.2877, -1.7738)
(-2.0003, 1.047, -2.1145)
(-2.2607, 0.854, -2.0162)
(-2.2048, 0.6835, -2.3997)
(-2.4129, 0.5216, -2.2735)
(-0.5376, 3.419, -1.5209)
(-0.6589, 3.1539, -1.3355)
(-0.8637, 2.9698, -1.7014)
(-0.8026, 2.6015, -1.635)
(-1.0735, 2.4238, -1.9988)
(-1.0986, 2.0556, -1.8601)
(-1.4145, 1.9259, -2.1071)
(-1.4976, 1.6339, -1.9298)
(-1.7642, 1.5922, -2.2673)
(-1.8458, 1.3153, -2.2077)
(-2.0211, 1.2106, -2.617)
(-2.0659, 0.8879, -2.5145)
(-2.1393, 0.8028, -2.9622)
(-2.1986, 0.5887, -2.8655)
(-0.4804, 3.3498, -2.0172)
(-0.7738, 3.2034, -1.8231)
(-1.0559, 3.0593, -2.1233)
(-1.1245, 2.7725, -2.0497)
(-1.4595, 2.6285, -2.356)
(-1.4235, 2.254, -2.2882)
(-1.81, 2.1565, -2.4377)
(-1.7728, 1.853, -2.309)
(-2.0804, 1.8115, -2.5988)
(-2.0018, 1.5476, -2.6618)
(-2.2325, 1.3989, -2.9946)
(-2.1664, 1.0946, -3.0119)
(-2.3237, 0.998, -3.3299)
(-2.1916, 0.7833, -3.3807)
(-0.5115, 3.581, -2.5054)
(-0.8092, 3.3307, -2.2827)
(-1.1352, 3.3444, -2.5235)
(-1.3882, 3.0303, -2.3849)
(-1.6234, 2.9259, -2.6002)
(-1.7809, 2.5484, -2.5545)
(-2.0297, 2.4057, -2.6945)
(-2.1525, 2.0902, -2.5901)
(-2.3874, 1.8972, -2.819)
(-2.3709, 1.6599, -2.872)
(-2.6491, 1.3928, -3.0954)
(-2.5211, 1.1661, -3.2056)
(-2.7575, 0.9537, -3.4039)
(-2.5466, 0.8175, -3.5122)
(-0.5431, 3.741, -3.0623)
(-0.8341, 3.5708, -2.7671)
(-1.0384, 3.3727, -2.996)
(-1.3113, 3.1668, -2.7337)
(-1.4276, 2.858, -2.9158)
(-1.7314, 2.6457, -2.7801)
(-1.864, 2.3565, -2.9695)
(-2.1456, 2.118, -2.9067)
(-2.2633, 1.8517, -3.1521)
(-2.5232, 1.612, -3.0938)
(-2.6498, 1.477, -3.4721)
(-2.8133, 1.223, -3.4287)
(-2.8665, 1.1783, -3.8174)
(-2.8573, 0.8431, -3.697)
(-0.5824, 3.6872, -3.5381)
(-0.8257, 3.5689, -3.3119)
(-1.0719, 3.3093, -3.423)
(-1.2386, 3.0908, -3.1743)
(-1.5756, 2.9619, -3.2599)
(-1.705, 2.6741, -3.0602)
(-2.0568, 2.5828, -3.1584)
(-2.1367, 2.2064, -3.1373)
(-2.3506, 2.1313, -3.3712)
(-2.4381, 1.766, -3.4609)
(-2.6036, 1.7742, -3.8377)
(-2.7542, 1.4763, -3.8843)
(-2.8218, 1.4692, -4.2482)
(-2.8646, 1.1609, -4.2153)
(-0.6519, 3.4768, -3.5943)
(-0.8439, 3.4476, -3.5047)
(-1.1342, 3.3363, -3.3502)
(-1.39, 3.1951, -3.3906)
(-1.7686, 3.191, -3.3968)
(-1.9258, 2.9035, -3.3054)
(-2.0746, 2.7174, -3.3988)
(-2.2207, 2.4287, -3.3113)
(-2.2955, 2.3171, -3.5934)
(-2.4897, 2.087, -3.7135)
(-2.7349, 2.0635, -4.0243)
(-2.8008, 1.7614, -4.1565)
(-3.0133, 1.7513, -4.3785)
(-2.9508, 1.4686, -4.5104)
(-2.1115, -0.8216, 4.1553)
(-2.5313, -0.8218, 4.0328)
(-2.3746, -0.9881, 4.0349)
(-3.1543, -0.7094, 3.8888)
(-2.8708, -0.9738, 3.9025)
(-3.7904, -0.5366, 3.662)
(-3.5296, -0.8213, 3.7298)
(-4.3962, -0.3578, 3.3736)
(-4.1539, -0.6348, 3.4714)
(-4.9884, -0.1836, 3.0971)
(-4.7578, -0.4451, 3.1758)
(-5.4833, 0.0664, 2.7042)
(-5.2701, -0.2086, 2.7808)
(-6.0604, 0.3756, 2.5017)
(-5.7775, 0.079, 2.4525)
(-6.4287, 0.3692, 2.3536)
(6.6554, -1.5749, 1.4237)
(5.5423, -0.9671, 1.0255)
(5.5633, -0.7926, 0.8922)
(5.6238, -0.8318, 0.5523)
(5.7798, -1.0237, 0.5498)
(6.0366, -1.2733, 0.8257)
(6.3178, -1.5795, 1.1143)
(2.0105, -1.6024, 3.4666)
(2.5664, -1.5397, 3.315)
(3.2281, -1.5527, 3.1261)
(3.8826, -1.6244, 2.9184)
(4.5196, -1.7082, 2.6951)
(4.9359, -1.6216, 2.3258)
(5.3138, -1.5012, 1.8837)
(5.8802, -1.5147, 1.4872)
(1.7293, -1.8642, 3.0019)
(2.3825, -1.8612, 2.8363)
(3.0612, -1.8908, 2.6508)
(3.717, -1.9304, 2.4406)
(4.3547, -1.9646, 2.2059)
(4.8174, -1.7847, 1.9028)
(5.1453, -1.4626, 1.5478)
(5.5999, -1.2874, 1.1784)
(0.1527, -2.1149, 2.3987)
(0.8313, -2.0873, 2.4805)
(1.5331, -2.1214, 2.4748)
(2.2451, -2.2031, 2.3461)
(2.9227, -2.225, 2.166)
(3.5654, -2.1882, 1.9276)
(4.1882, -2.1163, 1.6625)
(4.7709, -1.9366, 1.394)
(5.2269, -1.5831, 1.1835)
(5.516, -1.2166, 0.9025)
(0.1427, -2.1854, 1.8964)
(0.8203, -2.1988, 1.9002)
(1.481, -2.3476, 1.8843)
(2.1431, -2.47, 1.8101)
(2.788, -2.3996, 1.6523)
(3.3955, -2.2253, 1.4391)
(3.9843, -1.9973, 1.2189)
(4.5615, -1.7691, 0.9708)
(5.0966, -1.5163, 0.9287)
(5.4051, -1.143, 0.8526)
(0.1366, -2.2892, 1.2877)
(0.8217, -2.3089, 1.2855)
(1.4734, -2.4753, 1.2808)
(2.0809, -2.4892, 1.2496)
(2.6399, -2.196, 1.2123)
(3.1922, -1.8588, 1.1735)
(3.7382, -1.553, 1.0102)
(4.2837, -1.3033, 0.7701)
(4.7809, -1.0986, 0.8735)
(5.1963, -0.9402, 1.0358)
(0.1409, -2.4124, 0.684)
(0.8314, -2.4135, 0.6843)
(1.5068, -2.4935, 0.6779)
(2.1318, -2.4017, 0.6826)
(2.6331, -1.9909, 0.766)
(3.0828, -1.5157, 0.8863)
(3.5409, -1.092, 0.8699)
(4.0747, -0.8544, 0.8152)
(4.6417, -0.7312, 0.9334)
(5.1504, -0.7994, 1.0609)
(0.1545, -2.5163, 0.0816)
(0.8537, -2.4898, 0.0842)
(1.5519, -2.475, 0.0746)
(2.2011, -2.3176, 0.096)
(2.657, -1.873, 0.2096)
(2.9699, -1.303, 0.3826)
(3.2743, -0.7798, 0.5496)
(0.1689, -2.5193, -0.5233)
(0.8628, -2.4502, -0.511)
(1.5543, -2.3611, -0.5117)
(2.16, -2.1094, -0.4648)
(2.5278, -1.6171, -0.3091)
(2.7566, -1.0444, -0.1001)
(2.9753, -0.5672, 0.0852)
(0.1919, -2.4582, -1.1286)
(0.8724, -2.3436, -1.1035)
(1.5307, -2.1617, -1.0798)
(2.0882, -1.8412, -1.0037)
(2.4096, -1.3519, -0.8258)
(2.5887, -0.7926, -0.6042)
(2.7807, -0.322, -0.4229)
(0.2283, -2.3823, -1.7314)
(0.8943, -2.2284, -1.6911)
(1.5032, -1.941, -1.6321)
(2.0319, -1.569, -1.5403)
(2.3699, -1.1059, -1.3708)
(2.5049, -0.5515, -1.1405)
(2.6285, -0.0713, -0.9498)
(0.2697, -2.2622, -2.3264)
(0.9101, -2.0563, -2.2634)
(1.4544, -1.6741, -2.1638)
(1.9635, -1.2779, -2.0683)
(2.3432, -0.8464, -1.9195)
(2.4472, -0.2982, -1.6887)
(2.4984, 0.1901, -1.4932)
(0.3174, -2.1064, -2.9123)
(0.9384, -1.8667, -2.8299)
(1.4144, -1.4197, -2.7016)
(1.8874, -0.9924, -2.6023)
(2.3079, -0.5714, -2.4647)
(2.3761, -0.0253, -2.2331)
(2.3266, 0.4642, -2.0299)
(0.3707, -1.9262, -3.4898)
(0.9644, -1.6483, -3.3843)
(1.3357, -1.1441, -3.2167)
(1.7002, -0.6677, -3.038)
(2.1199, -0.2385, -2.836)
(2.2704, 0.3024, -2.6878)
(2.2627, 0.7841, -2.5681)
(0.4286, -1.7258, -4.0581)
(0.9932, -1.3981, -3.9269)
(1.3283, -0.87, -3.7198)
(1.6193, -0.3501, -3.4648)
(1.9967, 0.1126, -3.2164)
(2.2578, 0.6522, -3.1536)
(2.3642, 1.1347, -3.1085)
(0.4979, -1.5123, -4.6179)
(1.0264, -1.1369, -4.4642)
(1.3896, -0.5979, -4.2408)
(1.6984, -0.0622, -4.0013)
(2.0622, 0.431, -3.7597)
(2.4542, 0.8961, -3.597)
(2.6878, 1.2891, -3.4335)
(0.5637, -1.2557, -5.1525)
(1.1028, -0.9109, -5.0056)
(1.5103, -0.4022, -4.7701)
(1.8695, 0.116, -4.5201)
(2.2469, 0.6191, -4.2537)
(2.6004, 1.0795, -3.9579)
(2.8104, 1.4528, -3.6615)
(0.5802, -0.9161, -5.6335)
(1.1591, -0.6596, -5.5321)
(1.6168, -0.2039, -5.2897)
(2.015, 0.2961, -5.0107)
(2.3686, 0.8157, -4.7166)
(2.5923, 1.3549, -4.3825)
(2.7118, 1.8106, -4.0628)
(0.5515, -0.5824, -6.0137)
(1.1206, -0.3758, -5.9476)
(1.5671, 0.0825, -5.6979)
(1.9632, 0.5806, -5.4173)
(2.3124, 1.1007, -5.1161)
(2.6026, 1.6324, -4.7828)
(2.7924, 2.0793, -4.4707)
(2.2166, -1.35, 3.813)
(2.7302, -1.2631, 3.7211)
(3.3843, -1.2493, 3.5135)
(4.0225, -1.2771, 3.2473)
(4.6383, -1.3432, 2.9523)
(5.1583, -1.4013, 2.5503)
(5.648, -1.4391, 2.1182)
(6.2335, -1.486, 1.7582)
(7.0316, -1.2531, 1.7657)
(5.5468, -0.6432, 0.8609)
(5.8574, -0.3779, 0.7948)
(6.2975, -0.1165, 0.9514)
(6.7543, -0.0573, 1.2822)
(7.0809, -0.2842, 1.6417)
(7.1434, -0.7896, 1.8078)
(2.3182, -0.4208, 4.2098)
(2.9028, -0.424, 4.0868)
(3.5743, -0.427, 3.8612)
(4.2122, -0.4564, 3.5364)
(4.8293, -0.5089, 3.1735)
(5.4504, -0.5755, 2.7831)
(6.0341, -0.64, 2.409)
(6.628, -0.7279, 2.087)
(2.152, 0.0987, 4.0692)
(2.8338, 0.1354, 3.9279)
(3.5208, 0.1336, 3.6849)
(4.1519, 0.0733, 3.3461)
(4.7659, -0.0125, 2.9821)
(5.3901, -0.074, 2.5937)
(5.9801, -0.1585, 2.2211)
(6.5903, -0.2479, 1.9277)
(0.5557, 0.5911, 3.7753)
(1.2447, 0.5525, 3.7836)
(1.9641, 0.5489, 3.7122)
(2.6902, 0.5728, 3.5356)
(3.3546, 0.5283, 3.2724)
(3.9538, 0.4192, 2.9159)
(4.5313, 0.3065, 2.5257)
(5.1066, 0.1794, 2.1294)
(5.6874, 0.0291, 1.7896)
(6.3111, -0.0718, 1.5507)
(0.5217, 0.9619, 3.441)
(1.1832, 0.914, 3.3361)
(1.8638, 0.9192, 3.2126)
(2.5215, 0.8527, 3.025)
(3.1135, 0.6689, 2.7543)
(3.6713, 0.4722, 2.4173)
(4.2235, 0.3469, 2.0353)
(4.7491, 0.1581, 1.675)
(5.313, -0.0726, 1.407)
(5.9438, -0.2096, 1.1762)
(0.4552, 1.3591, 2.9831)
(1.0785, 1.2117, 2.8057)
(1.7396, 1.1653, 2.6588)
(2.3338, 0.9794, 2.4702)
(2.8352, 0.608, 2.2338)
(3.3439, 0.2855, 1.9499)
(3.887, 0.1084, 1.5935)
(4.408, -0.1004, 1.2601)
(4.9604, -0.354, 1.1312)
(5.5761, -0.5062, 1.0124)
(0.3791, 1.7093, 2.4809)
(0.9492, 1.4489, 2.2675)
(1.5791, 1.2945, 2.089)
(2.1274, 1.0075, 1.9016)
(2.5615, 0.5223, 1.7077)
(3.025, 0.0958, 1.4793)
(3.5602, -0.2055, 1.1915)
(4.1312, -0.4469, 1.0029)
(4.7174, -0.546, 1.0197)
(5.2917, -0.6669, 1.0291)
(0.3336, 2.0503, 1.9688)
(0.8501, 1.6963, 1.7377)
(1.393, 1.3763, 1.5291)
(1.9035, 1.0055, 1.3412)
(2.339, 0.5265, 1.1525)
(2.776, 0.0629, 0.9531)
(3.2143, -0.3314, 0.7431)
(0.3412, 2.3821, 1.4541)
(0.8527, 2.0203, 1.2381)
(1.3165, 1.58, 1.0035)
(1.795, 1.1471, 0.8024)
(2.2525, 0.7076, 0.6148)
(2.6728, 0.251, 0.4262)
(2.973, -0.17, 0.2495)
(0.3675, 2.6831, 0.9242)
(0.9185, 2.3662, 0.7423)
(1.3814, 1.914, 0.5062)
(1.8377, 1.4643, 0.2966)
(2.2728, 1.0234, 0.1097)
(2.6447, 0.5509, -0.0821)
(2.8463, 0.0938, -0.2649)
(0.3628, 2.9582, 0.3791)
(0.9327, 2.6596, 0.2106)
(1.4123, 2.2173, -0.0117)
(1.8603, 1.7673, -0.2192)
(2.2711, 1.3211, -0.4094)
(2.5907, 0.8284, -0.6067)
(2.7176, 0.3528, -0.7903)
(0.3027, 3.1876, -0.1799)
(0.8554, 2.8697, -0.3542)
(1.3218, 2.4146, -0.5717)
(1.7788, 1.9817, -0.7706)
(2.2115, 1.5684, -0.9467)
(2.4648, 1.0723, -1.1219)
(2.5463, 0.5994, -1.3083)
(0.1801, 3.3473, -0.7489)
(0.6987, 2.9853, -0.928)
(1.1485, 2.516, -1.1422)
(1.5569, 2.0453, -1.2746)
(1.9292, 1.5917, -1.3128)
(2.1602, 1.1807, -1.4949)
(2.287, 0.8274, -1.7912)
(0.0202, 3.4389, -1.3124)
(0.518, 3.0339, -1.4929)
(0.9779, 2.5622, -1.7101)
(1.356, 2.0602, -1.7698)
(1.6842, 1.5628, -1.6614)
(1.9797, 1.3077, -1.8925)
(2.1875, 1.1556, -2.339)
(0.0556, 3.4982, -1.7764)
(0.5898, 3.2518, -1.8872)
(1.0782, 2.7899, -2.059)
(1.4729, 2.2719, -2.1489)
(1.8027, 1.7545, -2.1537)
(2.105, 1.5868, -2.4553)
(2.3159, 1.5276, -2.8961)
(0.1692, 3.6222, -2.2358)
(0.7911, 3.5502, -2.2717)
(1.3425, 3.1652, -2.3452)
(1.771, 2.6478, -2.4453)
(2.058, 2.0867, -2.6043)
(2.391, 1.8026, -2.8486)
(2.6713, 1.6422, -3.1392)
(0.1449, 3.7764, -2.7996)
(0.7978, 3.6425, -2.8271)
(1.3099, 3.2601, -2.7863)
(1.7629, 2.8447, -2.8219)
(2.1908, 2.4653, -2.919)
(2.6038, 2.0989, -3.0466)
(2.8519, 1.791, -3.3287)
(0.0463, 3.7697, -3.3368)
(0.609, 3.483, -3.2523)
(1.0926, 3.195, -3.1396)
(1.6239, 3.0525, -3.1135)
(2.1316, 2.8211, -3.1336)
(2.5204, 2.4616, -3.3561)
(2.7402, 2.1549, -3.7382)
(-0.1637, 3.5963, -3.6092)
(0.3562, 3.3651, -3.4026)
(0.9562, 3.364, -3.3116)
(1.5447, 3.3144, -3.2602)
(2.0216, 3.0184, -3.353)
(2.4932, 2.7173, -3.6312)
(2.8435, 2.4728, -3.95)
(2.3396, -0.8841, 4.1557)
(2.8617, -0.9214, 4.0064)
(3.5189, -0.9236, 3.7867)
(4.1449, -0.9392, 3.4643)
(4.7398, -0.984, 3.0844)
(5.3262, -1.0806, 2.6681)
(5.9348, -1.1568, 2.2698)
(6.5481, -1.2217, 1.9542)
(-6.9508, 0.4689, 2.0397)
(-5.3701, 0.6139, 1.185)
(-5.6044, 0.7962, 0.9889)
(-5.9246, 0.813, 0.6382)
(-6.2836, 0.5939, 0.6309)
(-6.6105, 0.4449, 1.0613)
(-6.8776, 0.4095, 1.5919)
(-2.2783, -1.5546, 3.4478)
(-2.8381, -1.4123, 3.3167)
(-3.4573, -1.173, 3.0951)
(-4.0376, -0.8838, 2.8185)
(-4.6146, -0.6131, 2.514)
(-5.2176, -0.3421, 2.1911)
(-5.8179, -0.0731, 1.9177)
(-6.4004, 0.1713, 1.7379)
(-2.0667, -1.7716, 2.9515)
(-2.6899, -1.5778, 2.7755)
(-3.2798, -1.2658, 2.5459)
(-3.8159, -0.9036, 2.2827)
(-4.3486, -0.5467, 1.999)
(-4.9258, -0.2251, 1.7236)
(-5.5265, 0.0609, 1.4917)
(-6.1159, 0.2826, 1.2695)
(-0.5349, -2.1205, 2.3851)
(-1.2084, -2.0597, 2.4354)
(-1.8989, -1.9223, 2.3874)
(-2.5715, -1.705, 2.2087)
(-3.181, -1.4154, 2.0254)
(-3.7414, -1.0774, 1.8202)
(-4.2719, -0.6989, 1.5754)
(-4.8095, -0.3211, 1.3338)
(-5.3602, 0.0372, 1.1028)
(-5.8693, 0.3496, 0.8284)
(-0.5435, -2.2165, 1.8882)
(-1.2234, -2.2204, 1.8701)
(-1.9059, -2.1544, 1.8119)
(-2.5779, -1.9951, 1.7022)
(-3.2037, -1.7458, 1.5571)
(-3.7567, -1.3955, 1.3648)
(-4.251, -0.9734, 1.1321)
(-4.7306, -0.5371, 0.8954)
(-5.1685, -0.0705, 0.7412)
(-5.5656, 0.4171, 0.6519)
(-0.5517, -2.3364, 1.2831)
(-1.2397, -2.385, 1.2702)
(-1.9261, -2.3825, 1.2504)
(-2.5242, -2.1728, 1.2368)
(-3.0352, -1.773, 1.2027)
(-3.5209, -1.3151, 1.1042)
(-3.9667, -0.8294, 0.9159)
(-4.4061, -0.3465, 0.7099)
(-4.8112, 0.1034, 0.769)
(-5.2216, 0.5383, 0.9689)
(-0.5517, -2.4513, 0.6763)
(-1.2438, -2.4989, 0.6643)
(-1.9274, -2.4697, 0.651)
(-2.4484, -2.1282, 0.6896)
(-2.8214, -1.5593, 0.7898)
(-3.2018, -0.9968, 0.8739)
(-3.5877, -0.4372, 0.875)
(-4.0501, 0.0459, 0.8115)
(-4.5141, 0.3124, 1.0267)
(-4.9912, 0.487, 1.2932)
(-0.5455, -2.5451, 0.0683)
(-1.2477, -2.5759, 0.0513)
(-1.9229, -2.4674, 0.0413)
(-2.4097, -2.0333, 0.0991)
(-2.711, -1.4121, 0.2314)
(-2.9882, -0.7946, 0.3802)
(-3.2657, -0.2222, 0.5199)
(-0.5274, -2.5617, -0.5428)
(-1.2243, -2.5573, -0.5609)
(-1.8613, -2.352, -0.5517)
(-2.2896, -1.8549, -0.4663)
(-2.5597, -1.2461, -0.3219)
(-2.8259, -0.6547, -0.1695)
(-3.0557, -0.1539, -0.0385)
(-0.4964, -2.5084, -1.1536)
(-1.1796, -2.456, -1.167)
(-1.781, -2.1815, -1.1361)
(-2.1808, -1.6756, -1.0329)
(-2.4521, -1.1045, -0.8894)
(-2.7189, -0.545, -0.7402)
(-2.922, -0.0588, -0.6133)
(-0.4575, -2.4215, -1.7601)
(-1.1345, -2.3313, -1.7691)
(-1.7283, -2.0311, -1.7289)
(-2.1491, -1.5445, -1.6221)
(-2.4451, -1.0027, -1.4803)
(-2.6804, -0.4482, -1.3276)
(-2.8076, 0.0483, -1.1946)
(-0.4127, -2.2985, -2.3598)
(-1.0843, -2.1825, -2.3644)
(-1.6798, -1.8712, -2.319)
(-2.1406, -1.4112, -2.2152)
(-2.4687, -0.8899, -2.0772)
(-2.6424, -0.3251, -1.9151)
(-2.6664, 0.1814, -1.7738)
(-0.3614, -2.1502, -2.9525)
(-1.0287, -2.0212, -2.9545)
(-1.6216, -1.6973, -2.9031)
(-2.0916, -1.2348, -2.7964)
(-2.3835, -0.6948, -2.6386)
(-2.425, -0.1241, -2.4111)
(-2.4029, 0.3402, -2.2921)
(-0.3025, -1.9924, -3.5409)
(-0.9682, -1.8671, -3.543)
(-1.5665, -1.5558, -3.4859)
(-1.9552, -1.0831, -3.3365)
(-2.0743, -0.5255, -3.0784)
(-2.0861, 0.0085, -2.8094)
(-2.1616, 0.4336, -2.8379)
(-0.2294, -1.8293, -4.1233)
(-0.8683, -1.6759, -4.0984)
(-1.4201, -1.3315, -3.9694)
(-1.8028, -0.8736, -3.792)
(-1.8746, -0.3673, -3.4994)
(-1.9529, 0.1408, -3.2721)
(-2.1685, 0.6185, -3.3889)
(-0.1247, -1.5891, -4.6488)
(-0.6579, -1.3438, -4.4707)
(-1.0748, -0.9846, -4.1336)
(-1.51, -0.585, -3.9344)
(-1.8403, -0.1619, -3.8425)
(-2.1649, 0.242, -3.6956)
(-2.4826, 0.6554, -3.6089)
(0.0263, -1.2243, -5.0417)
(-0.3452, -0.893, -4.6427)
(-0.7395, -0.6187, -4.2531)
(-1.2424, -0.3042, -4.1211)
(-1.7645, 0.1103, -4.1399)
(-2.3425, 0.3968, -4.0434)
(-2.7457, 0.6685, -3.8323)
(0.1207, -0.7859, -5.3841)
(-0.185, -0.4423, -4.9004)
(-0.6747, -0.3014, -4.6533)
(-1.2844, -0.1436, -4.645)
(-1.8316, 0.2628, -4.6102)
(-2.3676, 0.6368, -4.5044)
(-2.7519, 0.9657, -4.3315)
(0.113, -0.394, -5.7075)
(-0.2255, -0.0881, -5.242)
(-0.7483, -0.09, -5.0853)
(-1.3567, -0.0858, -5.1228)
(-1.9193, 0.2825, -5.0791)
(-2.3842, 0.767, -4.9571)
(-2.7091, 1.1924, -4.7698)
(-2.3735, -1.2887, 3.8239)
(-2.8884, -1.1359, 3.7314)
(-3.5311, -0.9529, 3.5381)
(-4.1478, -0.7381, 3.2699)
(-4.7547, -0.5365, 2.9706)
(-5.32, -0.2732, 2.6312)
(-5.8811, 0.022, 2.3411)
(-6.4852, 0.2663, 2.1826)
(-6.881, 0.7983, 2.3949)
(-5.451, 0.5726, 1.2058)
(-5.6574, 0.9019, 1.1442)
(-5.9145, 1.4059, 1.2797)
(-6.2286, 1.7567, 1.6593)
(-6.5797, 1.7198, 2.0827)
(-6.8045, 1.2717, 2.351)
(-2.0978, -0.4137, 4.1291)
(-2.6651, -0.3112, 4.004)
(-3.3167, -0.1549, 3.8175)
(-3.9375, 0.0245, 3.554)
(-4.5546, 0.1886, 3.3064)
(-5.1485, 0.3883, 3.0243)
(-5.7278, 0.6801, 2.7275)
(-6.3258, 1.0157, 2.5262)
(-1.775, 0.059, 3.9951)
(-2.4229, 0.187, 3.8286)
(-3.0809, 0.3385, 3.622)
(-3.7049, 0.5043, 3.3633)
(-4.316, 0.7063, 3.1394)
(-4.9451, 0.9255, 2.8871)
(-5.5835, 1.1693, 2.5738)
(-6.1545, 1.4857, 2.3159)
(-0.1364, 0.5643, 3.7754)
(-0.8196, 0.4746, 3.7634)
(-1.5153, 0.4758, 3.642)
(-2.2007, 0.5574, 3.4331)
(-2.8388, 0.644, 3.1932)
(-3.44, 0.7742, 2.9177)
(-4.0217, 0.9967, 2.7157)
(-4.6382, 1.1836, 2.4773)
(-5.2487, 1.3073, 2.1705)
(-5.8105, 1.5275, 1.9269)
(-0.1327, 0.9468, 3.4472)
(-0.7678, 0.8277, 3.304)
(-1.4054, 0.7989, 3.1129)
(-2.044, 0.7713, 2.8973)
(-2.65, 0.6898, 2.6541)
(-3.1889, 0.8147, 2.3966)
(-3.7157, 1.0042, 2.2112)
(-4.3032, 1.0594, 2.0091)
(-4.8872, 1.1239, 1.7785)
(-5.471, 1.2338, 1.57)
(-0.1408, 1.3681, 3.001)
(-0.7102, 1.125, 2.7743)
(-1.2965, 0.9955, 2.5358)
(-1.9044, 0.872, 2.319)
(-2.4791, 0.6178, 2.093)
(-2.9839, 0.6967, 1.8585)
(-3.4932, 0.7894, 1.7083)
(-4.0679, 0.7342, 1.5512)
(-4.6624, 0.8057, 1.449)
(-5.2268, 0.822, 1.3923)
(-0.1649, 1.7327, 2.5028)
(-0.6435, 1.3833, 2.2389)
(-1.1526, 1.1316, 1.962)
(-1.7428, 0.9286, 1.7351)
(-2.2847, 0.5866, 1.5221)
(-2.8153, 0.5338, 1.2958)
(-3.3654, 0.486, 1.1689)
(-3.9497, 0.4259, 1.0754)
(-4.4733, 0.5328, 1.2037)
(-4.9999, 0.5233, 1.3799)
(-0.2075, 2.0694, 1.9852)
(-0.6445, 1.674, 1.7174)
(-1.0474, 1.2724, 1.408)
(-1.5659, 0.9518, 1.1563)
(-2.0922, 0.5913, 0.9486)
(-2.6408, 0.403, 0.7449)
(-3.1728, 0.2439, 0.6245)
(-0.2418, 2.3749, 1.4512)
(-0.7226, 1.9961, 1.2113)
(-1.0778, 1.5121, 0.8944)
(-1.4657, 1.0622, 0.6015)
(-1.9358, 0.6706, 0.3795)
(-2.4671, 0.373, 0.1963)
(-2.955, 0.1691, 0.0682)
(-0.2473, 2.6396, 0.8988)
(-0.7755, 2.2839, 0.6837)
(-1.1902, 1.8273, 0.4)
(-1.5295, 1.3437, 0.0972)
(-1.8919, 0.8904, -0.1592)
(-2.3426, 0.5033, -0.3557)
(-2.7926, 0.2457, -0.4982)
(-0.2271, 2.8749, 0.3404)
(-0.7374, 2.4938, 0.1209)
(-1.2118, 2.0763, -0.1318)
(-1.6291, 1.6529, -0.396)
(-1.9696, 1.2044, -0.6596)
(-2.3227, 0.7552, -0.8901)
(-2.6772, 0.4089, -1.0605)
(-0.1872, 3.0444, -0.2201)
(-0.5923, 2.5771, -0.4476)
(-1.0758, 2.1763, -0.6975)
(-1.5935, 1.8507, -0.9359)
(-2.0312, 1.481, -1.1808)
(-2.3627, 1.0219, -1.4275)
(-2.5812, 0.5959, -1.6215)
(-0.2741, 3.201, -0.7538)
(-0.5483, 2.67, -0.9829)
(-0.8861, 2.1905, -1.2575)
(-1.3722, 1.8128, -1.4333)
(-1.832, 1.4789, -1.6339)
(-2.1513, 1.0686, -1.8983)
(-2.344, 0.6755, -2.1421)
(-0.4844, 3.386, -1.265)
(-0.7401, 2.8839, -1.4729)
(-0.9248, 2.3199, -1.7738)
(-1.2962, 1.8242, -1.8886)
(-1.6852, 1.4801, -2.0482)
(-1.9706, 1.1021, -2.361)
(-2.14, 0.7232, -2.6839)
(-0.5173, 3.3735, -1.7724)
(-0.9698, 3.003, -1.9181)
(-1.2678, 2.5122, -2.1952)
(-1.603, 2.0314, -2.289)
(-1.9005, 1.7099, -2.4548)
(-2.0956, 1.3244, -2.8452)
(-2.1958, 0.9188, -3.1878)
(-0.4848, 3.4399, -2.2567)
(-1.1196, 3.2019, -2.3203)
(-1.5964, 2.8012, -2.481)
(-1.9762, 2.3097, -2.5658)
(-2.2772, 1.8821, -2.7037)
(-2.4573, 1.4077, -3.0426)
(-2.5453, 0.9753, -3.3614)
(-0.5302, 3.6878, -2.7764)
(-1.089, 3.3927, -2.7475)
(-1.5226, 2.912, -2.7441)
(-1.941, 2.3816, -2.8375)
(-2.3391, 1.8547, -2.984)
(-2.6935, 1.4069, -3.2542)
(-2.855, 1.038, -3.5764)
(-0.5591, 3.7393, -3.3391)
(-1.0393, 3.3349, -3.2516)
(-1.4641, 2.8784, -3.1028)
(-1.9372, 2.4476, -3.0678)
(-2.2913, 1.97, -3.2735)
(-2.6074, 1.6119, -3.6763)
(-2.8322, 1.3248, -4.0583)
(-0.6146, 3.5932, -3.6057)
(-1.1048, 3.3136, -3.435)
(-1.679, 3.0713, -3.3492)
(-2.0953, 2.6689, -3.2709)
(-2.3461, 2.2431, -3.4779)
(-2.6535, 1.9243, -3.9462)
(-2.8959, 1.6109, -4.3408)
(-2.3034, -0.8309, 4.095)
(-2.8277, -0.7771, 3.9671)
(-3.477, -0.6265, 3.7866)
(-4.0939, -0.4455, 3.517)
(-4.7008, -0.2748, 3.2447)
(-5.2385, -0.0688, 2.8981)
(-5.7582, 0.2172, 2.5791)
(-6.3822, 0.5324, 2.4529)
