(1.9101, -0.1356, -5.7464)
(1.9531, 0.3427, -5.3594)
(2.4248, 0.643, -5.1218)
(2.7258, 1.1451, -4.9069)
(2.6348, 1.7938, -4.8468)
(2.0243, -0.3603, -5.3905)
(1.9555, 0.0983, -5.011)
(2.4771, 2.4234, -4.7609)
(2.2987, 0.4936, -4.7537)
(2.362, 2.8113, -4.6214)
(2.5336, 1.0624, -4.5508)
(2.5546, 1.7323, -4.4561)
(2.418, 2.3486, -4.3432)
(2.3193, 2.8402, -4.2819)
(2.1633, -0.6289, -4.9146)
(1.9815, -0.1713, -4.5655)
(2.0655, 0.3746, -4.3208)
(2.197, 0.9851, -4.1772)
(2.3127, 1.6476, -4.0395)
(2.2961, 2.2323, -3.8247)
(2.4569, 2.6543, -3.7112)
(2.3096, -0.8665, -4.3966)
(2.2309, -0.3048, -4.0878)
(2.1951, 0.3056, -3.8126)
(2.3034, 0.9172, -3.6986)
(2.3628, 1.5419, -3.5973)
(2.2684, 2.0642, -3.3985)
(2.5818, 2.418, -3.1616)
(2.4559, -1.0956, -3.8826)
(2.5798, -0.4836, -3.6735)
(2.5682, 0.1534, -3.4191)
(2.5482, 0.7562, -3.2427)
(2.3142, 1.2686, -3.3199)
(2.2046, 1.7763, -3.3967)
(2.1078, 2.2296, -3.5128)
(2.4928, -1.2711, -3.3177)
(2.7497, -0.6853, -3.1545)
(2.7362, -0.0515, -2.9206)
(2.6124, 0.5462, -2.7284)
(2.324, 1.0458, -2.8049)
(2.1616, 1.5747, -2.9175)
(2.0744, 1.8977, -2.9439)
(2.4768, -1.4027, -2.7293)
(2.7942, -0.8599, -2.5872)
(2.7303, -0.2455, -2.3936)
(2.6061, 0.3608, -2.2407)
(2.5109, 0.9174, -2.2762)
(2.2108, 1.3999, -2.2628)
(1.8642, 1.6992, -2.2084)
(2.4231, -1.4828, -2.1314)
(2.8275, -0.9718, -2.0103)
(2.9329, -0.3414, -1.8895)
(2.8621, 0.2803, -1.7807)
(2.663, 0.8436, -1.7102)
(2.3849, 1.3594, -1.6395)
(2.1598, 1.7636, -1.5808)
(2.3379, -1.5267, -1.5309)
(2.7829, -1.0355, -1.4157)
(2.9727, -0.4098, -1.3097)
(2.9481, 0.22, -1.2082)
(2.7779, 0.8087, -1.111)
(2.5782, 1.3634, -1.0304)
(2.4087, 1.7902, -0.9695)
(2.2492, -1.5652, -0.9309)
(2.7286, -1.0991, -0.8173)
(2.9416, -0.4804, -0.713)
(2.9423, 0.1635, -0.6113)
(2.8669, 0.7873, -0.5127)
(2.7584, 1.3767, -0.4291)
(2.6491, 1.8272, -0.3634)
(2.1922, -1.6371, -0.3334)
(2.724, -1.1823, -0.2201)
(3.0191, -0.5705, -0.1234)
(3.0498, 0.1087, -0.0284)
(3.0063, 0.7752, 0.0687)
(2.9432, 1.4012, 0.1603)
(2.8787, 1.8745, 0.2374)
(2.1359, -1.7115, 0.251)
(2.7055, -1.2549, 0.3745)
(3.0995, -0.659, 0.4686)
(3.2035, 0.0531, 0.5425)
(3.183, 0.7647, 0.6316)
(3.1388, 1.4376, 0.7367)
(3.0869, 1.9594, 0.8455)
(1.9465, -1.633, 0.8054)
(2.5177, -1.1947, 0.9367)
(2.9934, -0.6622, 1.0484)
(3.2202, 0.0166, 1.1258)
(3.3014, 0.7308, 1.2027)
(3.3467, 1.4441, 1.2971)
(3.3576, 2.2316, 1.4715)
(1.7257, -1.5209, 1.3589)
(2.271, -1.084, 1.4773)
(2.731, -0.5607, 1.578)
(3.0528, 0.0604, 1.6684)
(3.7071, 2.6477, 2.0022)
(3.3023, 0.7183, 1.743)
(3.5084, 1.3956, 1.795)
(4.1889, 3.0255, 2.3958)
(3.7082, 2.0717, 1.8648)
(4.4921, 3.3277, 2.9541)
(3.9129, 2.669, 2.0366)
(1.5093, -1.4164, 1.9232)
(2.0316, -0.9755, 2.0193)
(2.4674, -0.4463, 2.0768)
(4.567, 3.6365, 3.0097)
(2.7927, 0.1596, 2.112)
(4.0223, 3.1112, 2.3858)
(3.089, 0.7851, 2.1588)
(3.3682, 1.4211, 2.2121)
(4.2348, 3.5108, 2.7794)
(3.6422, 2.0593, 2.2711)
(4.4503, 3.893, 2.9416)
(3.9308, 2.6502, 2.3197)
(1.3135, -1.3161, 2.4762)
(1.8468, -0.891, 2.598)
(2.3949, -0.4168, 2.6359)
(4.2232, 3.1032, 2.3143)
(2.8679, 0.1197, 2.613)
(3.2755, 0.6895, 2.5899)
(4.3768, 3.6204, 2.4635)
(3.636, 1.2865, 2.5719)
(1.1547, -1.228, 2.9165)
(4.4891, 4.0729, 2.566)
(3.9637, 1.903, 2.5551)
(4.2433, 2.5245, 2.5776)
(2.2383, -0.2352, 3.173)
(1.5519, -0.7552, 3.2234)
(4.4639, 3.1025, 2.6565)
(2.7984, 0.2467, 3.1596)
(3.3116, 0.7436, 3.1429)
(4.7649, 3.617, 2.6304)
(3.7727, 1.2751, 3.1097)
(4.9465, 4.0443, 2.5447)
(4.1663, 1.8549, 3.0649)
(4.4735, 2.4888, 3.0596)
(1.6843, -0.3374, 3.6623)
(2.1278, 0.018, 3.6808)
(4.7563, 3.0916, 3.1177)
(2.6525, 0.466, 3.6867)
(3.1837, 0.9425, 3.6823)
(5.081, 3.6187, 3.0862)
(3.7, 1.4339, 3.6662)
(5.3654, 3.9766, 2.9393)
(4.1861, 1.9659, 3.6361)
(4.6213, 2.5704, 3.5996)
(1.5782, -0.0134, 4.0713)
(1.9238, 0.3298, 4.0767)
(5.0569, 3.0869, 3.5752)
(2.4177, 0.7642, 4.0942)
(2.9456, 1.2289, 4.1014)
(5.4427, 3.5512, 3.5116)
(3.4771, 1.6957, 4.1074)
(1.5149, 0.275, 4.2492)
(5.731, 3.9187, 3.4138)
(4.0104, 2.179, 4.1142)
(1.6535, 0.5751, 4.3132)
(2.1847, 1.0291, 4.3383)
(4.5424, 2.7005, 4.0905)
(2.7142, 1.4825, 4.3629)
(5.0766, 3.1476, 4.0721)
(3.2416, 1.9367, 4.3689)
(3.7845, 2.3632, 4.4338)
(5.5308, 3.5476, 4.0264)
(4.2725, 2.8544, 4.3715)
(5.8473, 3.8578, 3.9311)
(4.8315, 3.2801, 4.3742)
(5.687, 3.7562, 4.223)
(5.3868, 3.7112, 4.408)
(-0.8236, 3.4106, -4.0664)
(-0.169, 3.4633, -3.8687)
(0.4569, 3.5107, -3.6649)
(1.0721, 3.6515, -3.8334)
(1.6326, 3.7567, -4.131)
(-0.8355, 3.3349, -3.7071)
(-0.1949, 3.5536, -3.6265)
(2.0499, 3.4284, -4.4109)
(0.4609, 3.7163, -3.5453)
(2.2735, 3.0849, -4.5251)
(1.1229, 3.7899, -3.5774)
(1.7203, 3.6609, -3.7531)
(2.11, 3.2513, -4.0202)
(2.3192, 2.8593, -4.2736)
(-0.6862, 2.9121, -3.4532)
(-0.0579, 3.153, -3.4609)
(0.5472, 3.3836, -3.3352)
(1.1837, 3.4949, -3.2094)
(1.81, 3.4225, -3.2645)
(2.2406, 3.0552, -3.503)
(2.4681, 2.6719, -3.7073)
(-0.5161, 2.546, -3.1238)
(0.0552, 2.8683, -3.0859)
(0.534, 3.1428, -2.9043)
(1.1295, 3.1693, -2.7628)
(1.7409, 3.0966, -2.8619)
(2.2278, 2.7967, -3.0824)
(2.5774, 2.4387, -3.153)
(-0.6132, 2.6212, -2.6633)
(-0.0853, 2.892, -2.6846)
(0.4538, 2.8028, -2.601)
(0.9909, 2.7257, -2.4743)
(1.4636, 2.7232, -2.7765)
(1.9049, 2.4946, -3.0374)
(2.1063, 2.2431, -3.4828)
(-0.8861, 2.85, -2.3029)
(-0.2881, 2.8205, -2.2778)
(0.3285, 2.5887, -2.1984)
(0.8643, 2.4201, -2.0754)
(1.3178, 2.4121, -2.3845)
(1.7692, 2.2186, -2.6532)
(2.0451, 1.974, -2.9337)
(-0.9468, 2.9823, -1.7748)
(-0.2829, 2.9897, -1.7767)
(0.3532, 2.8142, -1.7344)
(0.8415, 2.522, -1.6123)
(1.2608, 2.2498, -1.8227)
(1.728, 2.0076, -2.0297)
(1.9216, 1.6734, -2.2133)
(-0.9192, 2.9301, -1.1849)
(-0.2348, 3.0126, -1.1984)
(0.4401, 2.9848, -1.2226)
(1.0172, 2.8016, -1.2402)
(1.447, 2.4163, -1.3287)
(1.903, 2.0849, -1.4604)
(2.1848, 1.7621, -1.5937)
(-0.876, 2.7124, -0.6248)
(-0.1943, 2.8236, -0.63)
(0.4881, 2.8526, -0.6619)
(1.1185, 2.7765, -0.7096)
(1.6495, 2.4999, -0.7845)
(2.1073, 2.1372, -0.8789)
(2.4255, 1.8049, -0.9688)
(-0.8358, 2.4524, -0.0777)
(-0.1554, 2.5436, -0.0934)
(0.528, 2.5689, -0.1303)
(1.179, 2.5589, -0.1601)
(1.7818, 2.4278, -0.2134)
(2.2942, 2.1418, -0.292)
(2.6559, 1.8472, -0.3612)
(-0.8015, 2.1694, 0.4554)
(-0.1183, 2.1945, 0.4003)
(0.5682, 2.2043, 0.3513)
(1.2355, 2.2451, 0.3448)
(1.878, 2.2446, 0.3356)
(2.4605, 2.115, 0.2893)
(2.8808, 1.8957, 0.2443)
(-0.767, 1.8465, 0.9636)
(-0.0847, 1.8417, 0.8852)
(0.5999, 1.8863, 0.8475)
(1.2809, 1.961, 0.8559)
(1.9478, 2.0419, 0.8723)
(2.5785, 2.0887, 0.8729)
(3.0788, 1.9953, 0.8676)
(-0.7334, 1.549, 1.4831)
(-0.0654, 1.6447, 1.4365)
(0.5948, 1.8172, 1.4273)
(1.2747, 1.9223, 1.4401)
(1.9512, 2.0448, 1.4554)
(2.6127, 2.2052, 1.4634)
(3.3515, 2.2957, 1.5138)
(-0.692, 1.3487, 2.0448)
(-0.0721, 1.603, 2.0292)
(0.5589, 1.8699, 2.0272)
(1.2266, 2.027, 2.0325)
(3.7085, 2.6624, 2.0463)
(1.8953, 2.1809, 2.0411)
(2.5325, 2.4305, 2.0307)
(4.2524, 3.056, 2.4761)
(3.1533, 2.6903, 2.0828)
(4.5728, 3.327, 3.0166)
(3.6685, 3.0072, 2.3163)
(-0.6452, 1.1999, 2.6296)
(-0.0682, 1.545, 2.6357)
(0.5314, 1.8839, 2.6318)
(4.7967, 3.5283, 3.0829)
(1.1674, 2.1379, 2.6226)
(4.1715, 3.2041, 2.7821)
(1.8085, 2.3623, 2.6135)
(2.4106, 2.6763, 2.5858)
(4.6328, 3.5089, 3.0349)
(3.0013, 2.9929, 2.6104)
(4.9613, 3.8137, 3.0201)
(3.511, 3.379, 2.704)
(-0.593, 1.027, 3.1834)
(-0.0333, 1.3903, 3.2387)
(0.544, 1.8059, 3.2379)
(4.0677, 3.6285, 3.0029)
(1.1372, 2.1814, 3.2156)
(1.7318, 2.5185, 3.1823)
(4.5344, 3.8944, 3.099)
(2.3141, 2.8683, 3.1558)
(-0.5083, 0.8115, 3.593)
(4.849, 4.2934, 2.9588)
(2.8749, 3.2344, 3.1786)
(3.4163, 3.6204, 3.2555)
(0.685, 1.6022, 3.7868)
(0.071, 1.0237, 3.8423)
(3.9735, 3.972, 3.3827)
(1.2431, 2.0592, 3.7775)
(1.8057, 2.4718, 3.7542)
(4.4515, 4.2824, 3.4188)
(2.3547, 2.8847, 3.7358)
(4.8104, 4.7026, 3.3438)
(2.8767, 3.328, 3.7647)
(3.4559, 3.7159, 3.8657)
(0.588, 0.9263, 4.1474)
(1.007, 1.3059, 4.1556)
(3.9798, 4.0944, 3.9451)
(1.5209, 1.7516, 4.1753)
(2.0596, 2.1967, 4.1892)
(4.4681, 4.4987, 3.9884)
(2.5972, 2.6392, 4.1889)
(4.7989, 4.896, 3.9443)
(3.1395, 3.0792, 4.2079)
(3.7007, 3.4882, 4.3411)
(0.9985, 0.6343, 4.3199)
(1.3806, 0.9357, 4.3056)
(4.1792, 3.9195, 4.409)
(1.8782, 1.3569, 4.3323)
(2.4047, 1.8053, 4.3718)
(4.6682, 4.3865, 4.4659)
(2.9329, 2.2484, 4.3841)
(1.3147, 0.494, 4.334)
(4.9936, 4.7491, 4.4496)
(3.4668, 2.6682, 4.3789)
(1.6392, 0.5856, 4.3233)
(2.166, 1.0381, 4.345)
(3.9965, 3.0778, 4.4521)
(2.6946, 1.4891, 4.3729)
(4.5198, 3.5287, 4.4787)
(3.2188, 1.9449, 4.3687)
(3.7616, 2.3702, 4.4279)
(5.0167, 4.0005, 4.5491)
(4.257, 2.8435, 4.3473)
(5.3098, 4.347, 4.6333)
(4.7652, 3.2575, 4.3544)
(5.3978, 3.9997, 4.6565)
(5.3742, 3.7274, 4.4272)
(1.8343, -0.5958, -6.0368)
(1.3337, -0.5508, -5.9119)
(0.8522, -0.2718, -5.5959)
(0.2222, -0.2495, -5.5318)
(-0.4363, -0.3731, -5.6503)
(-1.1193, -0.3818, -5.7014)
(1.8949, -0.832, -5.6563)
(1.3532, -0.8413, -5.5818)
(0.8387, -0.5803, -5.2901)
(-1.756, -0.2756, -5.6361)
(0.2112, -0.4985, -5.1733)
(-2.1278, -0.1548, -5.4744)
(-0.445, -0.5763, -5.2667)
(-1.12, -0.6103, -5.33)
(-1.7432, -0.4804, -5.2523)
(-2.1849, -0.2545, -5.1519)
(1.9649, -1.1005, -5.1522)
(1.3763, -1.1818, -5.1293)
(0.7856, -0.9669, -4.8938)
(0.1771, -0.7891, -4.6891)
(-0.4348, -0.7844, -4.751)
(-1.0971, -0.8895, -4.8342)
(-1.7174, -0.7754, -4.7642)
(-2.1473, -0.5728, -4.6267)
(2.0166, -1.359, -4.606)
(1.4189, -1.5076, -4.6275)
(0.816, -1.3222, -4.4402)
(0.2273, -1.1256, -4.222)
(-0.3434, -1.0647, -4.2655)
(-1.0185, -1.1252, -4.3173)
(-1.6446, -0.9809, -4.3269)
(-2.081, -0.8537, -4.0909)
(2.0303, -1.5686, -4.0435)
(1.424, -1.8132, -4.1395)
(0.7943, -1.7597, -4.1042)
(0.2638, -1.5332, -3.8711)
(-0.2819, -1.2605, -3.8257)
(-0.8729, -1.0683, -3.8188)
(-1.403, -0.7619, -4.0619)
(-1.7762, -0.3685, -4.3699)
(1.9818, -1.6886, -3.4537)
(1.3535, -1.9385, -3.5713)
(0.6865, -2.0211, -3.6587)
(0.0438, -1.9172, -3.6777)
(-0.5204, -1.603, -3.6493)
(-0.9054, -1.2202, -3.48)
(-1.2739, -0.8557, -3.6226)
(-1.5961, -0.5338, -3.8616)
(1.9199, -1.7692, -2.855)
(1.2811, -1.9985, -2.9742)
(0.6164, -2.1377, -3.0911)
(-0.0494, -2.1671, -3.2009)
(-0.6617, -1.9899, -3.2576)
(-1.1187, -1.6038, -3.1917)
(-1.3762, -1.0866, -3.1018)
(-1.5368, -0.6832, -3.0301)
(1.8451, -1.8267, -2.2539)
(1.208, -2.0613, -2.3756)
(0.5541, -2.237, -2.4991)
(-0.103, -2.3195, -2.6167)
(-0.7234, -2.2152, -2.6865)
(-1.2303, -1.8871, -2.6575)
(-1.5403, -1.3959, -2.5402)
(-1.8096, -1.0371, -2.4789)
(1.7565, -1.8727, -1.6529)
(1.1318, -2.1406, -1.7789)
(0.4937, -2.3636, -1.91)
(-0.156, -2.4715, -2.0296)
(-0.7746, -2.3746, -2.0901)
(-1.3106, -2.085, -2.0685)
(-1.725, -1.6762, -1.9912)
(-2.0582, -1.3573, -1.9479)
(1.6688, -1.9313, -1.0542)
(1.0656, -2.2573, -1.188)
(0.4448, -2.5334, -1.33)
(-0.2089, -2.6436, -1.4493)
(-0.8385, -2.5256, -1.502)
(-1.4132, -2.2621, -1.4928)
(-1.9179, -1.9335, -1.4548)
(-2.3019, -1.6652, -1.4277)
(1.6081, -2.0362, -0.4623)
(1.0185, -2.423, -0.6078)
(0.4063, -2.7621, -0.7653)
(-0.2675, -2.8789, -0.8905)
(-0.9285, -2.7221, -0.9417)
(-1.5508, -2.4676, -0.9465)
(-2.1227, -2.1912, -0.9336)
(-2.5512, -1.9589, -0.9127)
(1.5445, -2.1306, 0.115)
(0.9515, -2.5445, -0.0317)
(0.3397, -2.9346, -0.1901)
(-0.3414, -3.1257, -0.3362)
(-1.0459, -2.9957, -0.4217)
(-1.7144, -2.7351, -0.4438)
(-2.3425, -2.4669, -0.4365)
(-2.8288, -2.2407, -0.399)
(1.366, -2.0499, 0.6703)
(0.7841, -2.463, 0.5316)
(0.1944, -2.8678, 0.3866)
(-0.4416, -3.1636, 0.2433)
(-1.1481, -3.1349, 0.1322)
(-1.8471, -2.954, 0.0746)
(-2.5326, -2.7563, 0.0459)
(-3.3077, -2.5314, 0.0773)
(1.1606, -1.9307, 1.2302)
(0.5954, -2.3351, 1.0961)
(0.0313, -2.7307, 0.9565)
(-0.5636, -3.0351, 0.8125)
(-1.2245, -3.085, 0.6812)
(-3.8918, -2.8745, 0.4367)
(-1.9064, -3.0771, 0.5928)
(-2.5839, -3.0811, 0.4761)
(-4.4189, -3.2454, 0.8332)
(-3.2385, -3.123, 0.2966)
(-5.0907, -3.4193, 0.8972)
(0.9542, -1.8204, 1.8007)
(-3.8902, -3.1811, 0.2796)
(0.3959, -2.2187, 1.6674)
(-0.1564, -2.6194, 1.5282)
(-0.7183, -2.9994, 1.3711)
(-5.255, -3.1706, 0.8361)
(-1.3193, -3.2587, 1.1719)
(-4.4928, -3.1779, 0.5162)
(-1.9486, -3.4337, 0.9616)
(-2.5924, -3.551, 0.7397)
(-5.0266, -3.1549, 0.7932)
(-3.237, -3.6488, 0.5032)
(-5.448, -3.049, 0.8379)
(-3.8977, -3.6837, 0.3457)
(0.7642, -1.7194, 2.3396)
(0.1994, -2.1048, 2.2192)
(-0.3773, -2.4642, 2.0938)
(-0.9673, -2.8454, 1.8981)
(-4.55, -3.5743, 0.3609)
(-1.5546, -3.207, 1.6817)
(-2.1456, -3.5158, 1.4549)
(-5.1305, -3.3858, 0.4827)
(-2.7509, -3.7597, 1.2051)
(0.6354, -1.6563, 2.7216)
(0.0507, -2.0343, 2.6676)
(-5.5914, -3.2333, 0.5146)
(-3.3685, -3.9472, 0.9372)
(-4.0011, -4.0714, 0.6962)
(-1.2551, -2.6701, 2.4075)
(-0.5772, -2.2834, 2.7574)
(-4.6521, -4.0583, 0.576)
(-1.8567, -3.011, 2.1626)
(-2.4421, -3.3502, 1.942)
(-5.2694, -3.8924, 0.5633)
(-3.0278, -3.6642, 1.7143)
(-5.7409, -3.7358, 0.579)
(-3.6294, -3.9122, 1.4546)
(-4.2431, -4.1116, 1.1855)
(-1.1114, -2.3316, 3.072)
(-1.5877, -2.5725, 2.8805)
(-4.8226, -4.3491, 0.9941)
(-2.1651, -2.8594, 2.6513)
(-2.7545, -3.1738, 2.4264)
(-5.4191, -4.3592, 0.8897)
(-3.3343, -3.5091, 2.2115)
(-5.8938, -4.2783, 0.821)
(-3.9222, -3.8232, 1.9776)
(-4.5378, -4.0652, 1.6989)
(-1.4894, -2.1922, 3.4244)
(-1.9101, -2.3925, 3.2836)
(-5.0956, -4.3646, 1.4691)
(-2.4635, -2.6844, 3.0933)
(-3.0488, -2.9968, 2.8785)
(-5.6223, -4.636, 1.3237)
(-3.6295, -3.3257, 2.6665)
(-1.7859, -2.0696, 3.5534)
(-6.0625, -4.7151, 1.165)
(-4.21, -3.6594, 2.4451)
(-2.1186, -2.1103, 3.5284)
(-2.6978, -2.4616, 3.3722)
(-4.7937, -3.9528, 2.1603)
(-3.275, -2.8086, 3.1939)
(-5.338, -4.2871, 1.9368)
(-3.8528, -3.1474, 2.9921)
(-4.4261, -3.5149, 2.8296)
(-5.8551, -4.6097, 1.7976)
(-4.9468, -3.6715, 2.3984)
(-6.2463, -4.8029, 1.6352)
(-5.4991, -4.0474, 2.216)
(-6.2557, -4.6313, 1.9224)
(-6.1107, -4.3569, 2.0681)
(-1.4521, 3.1679, -4.1801)
(-1.9964, 2.7567, -4.2743)
(-2.4567, 2.2566, -4.4005)
(-2.8594, 1.7153, -4.5438)
(-3.126, 1.1239, -4.7392)
(-3.0852, 0.5317, -4.9978)
(-1.4414, 3.0301, -3.7625)
(-1.9888, 2.6283, -3.8516)
(-2.4433, 2.1279, -3.9808)
(-2.7045, 0.1287, -5.284)
(-2.8103, 1.5655, -4.1331)
(-2.3687, -0.1046, -5.4012)
(-3.0479, 0.966, -4.3361)
(-2.9709, 0.3777, -4.6021)
(-2.5857, -0.0248, -4.8937)
(-2.2009, -0.2483, -5.1401)
(-1.3167, 2.682, -3.3687)
(-1.9193, 2.3797, -3.3648)
(-2.4028, 1.9338, -3.4485)
(-2.7064, 1.3623, -3.616)
(-2.8811, 0.7809, -3.8558)
(-2.8046, 0.1888, -4.0975)
(-2.4792, -0.2605, -4.386)
(-2.1615, -0.5646, -4.6135)
(-1.1288, 2.2595, -3.0699)
(-1.7463, 1.9881, -2.9863)
(-2.2801, 1.6585, -2.9452)
(-2.4603, 1.1395, -3.1582)
(-2.465, 0.7147, -3.5395)
(-2.5003, 0.1401, -3.7034)
(-2.3304, -0.3858, -3.9595)
(-2.0966, -0.8457, -4.0794)
(-1.1187, 2.1782, -2.6163)
(-1.6315, 1.7546, -2.56)
(-2.0561, 1.3936, -2.5211)
(-2.0893, 0.9785, -2.8344)
(-2.0223, 0.7645, -3.2737)
(-2.1129, 0.322, -3.5782)
(-2.0259, -0.1673, -3.8819)
(-1.746, -0.3774, -4.256)
(-1.3833, 2.4562, -2.2622)
(-1.7325, 1.928, -2.1644)
(-1.7798, 1.4396, -2.1681)
(-1.7945, 1.1259, -2.5558)
(-1.8174, 0.6997, -2.8192)
(-1.9008, 0.248, -3.1216)
(-1.824, -0.2184, -3.4327)
(-1.6128, -0.5233, -3.7248)
(-1.4903, 2.6585, -1.752)
(-1.6679, 2.104, -1.6864)
(-1.5374, 1.6003, -1.838)
(-1.7084, 1.1514, -2.1047)
(-1.7656, 0.611, -2.3216)
(-1.8238, 0.1047, -2.5666)
(-1.7584, -0.3895, -2.8233)
(-1.5605, -0.7358, -3.0466)
(-1.4763, 2.6608, -1.1869)
(-1.5998, 2.097, -1.1961)
(-1.5976, 1.4834, -1.3856)
(-1.7603, 0.9089, -1.6329)
(-1.9903, 0.393, -1.8783)
(-2.1127, -0.1331, -2.1296)
(-2.0142, -0.6631, -2.3375)
(-1.8261, -1.054, -2.4948)
(-1.4863, 2.4489, -0.6761)
(-1.8605, 1.9687, -0.7996)
(-1.9571, 1.3397, -0.9724)
(-2.0109, 0.7005, -1.1632)
(-2.1594, 0.1302, -1.3921)
(-2.3138, -0.4029, -1.6342)
(-2.2471, -0.9439, -1.8282)
(-2.0767, -1.358, -1.9576)
(-1.462, 2.1943, -0.1398)
(-1.9519, 1.7585, -0.2873)
(-2.2119, 1.1739, -0.4861)
(-2.3278, 0.541, -0.7008)
(-2.4204, -0.0683, -0.9142)
(-2.4922, -0.6549, -1.1215)
(-2.4458, -1.2202, -1.307)
(-2.3203, -1.6565, -1.431)
(-1.4399, 1.9671, 0.4198)
(-1.9309, 1.5341, 0.2729)
(-2.2239, 0.9547, 0.0625)
(-2.3942, 0.3284, -0.1667)
(-2.5214, -0.2923, -0.3872)
(-2.6093, -0.9034, -0.595)
(-2.6319, -1.4876, -0.7847)
(-2.5698, -1.9494, -0.9084)
(-1.4186, 1.7352, 0.9774)
(-1.8975, 1.3183, 0.8385)
(-2.1334, 0.7231, 0.6152)
(-2.2891, 0.0924, 0.3766)
(-2.4661, -0.5309, 0.1529)
(-2.6566, -1.1396, -0.0574)
(-2.8233, -1.7207, -0.2579)
(-2.8647, -2.2193, -0.3833)
(-1.3851, 1.4903, 1.5304)
(-1.8634, 1.1024, 1.4046)
(-2.0635, 0.506, 1.1736)
(-2.2564, -0.1049, 0.9323)
(-2.5103, -0.7059, 0.7125)
(-2.7902, -1.2922, 0.4954)
(-3.1033, -1.8431, 0.2662)
(-3.3762, -2.5131, 0.1022)
(-1.3379, 1.2506, 2.0877)
(-1.8453, 0.891, 1.971)
(-2.1098, 0.3359, 1.7356)
(-2.4359, -0.201, 1.4818)
(-2.7502, -0.7677, 1.2544)
(-3.9295, -2.8573, 0.4323)
(-3.0513, -1.3406, 1.0362)
(-3.4486, -1.8235, 0.7754)
(-4.4833, -3.2963, 0.9367)
(-3.8739, -2.2948, 0.5887)
(-5.1537, -3.5086, 0.9434)
(-1.2758, 1.0029, 2.6389)
(-4.3185, -2.7682, 0.6818)
(-1.8345, 0.6687, 2.5227)
(-2.263, 0.2152, 2.2873)
(-2.6825, -0.2627, 2.0257)
(-5.0668, -3.5811, 0.5518)
(-3.0506, -0.7871, 1.7799)
(-4.7859, -3.1572, 0.921)
(-3.3792, -1.336, 1.5515)
(-3.8112, -1.7714, 1.2746)
(-5.0972, -3.411, 0.8702)
(-4.295, -2.121, 1.0275)
(-5.1222, -3.3647, 0.4739)
(-4.7195, -2.5771, 1.0216)
(-1.1782, 0.7138, 3.116)
(-1.7344, 0.355, 3.0001)
(-2.2555, -0.0348, 2.8333)
(-2.7909, -0.4366, 2.5861)
(-5.201, -3.0206, 1.0461)
(-3.2742, -0.8753, 2.3186)
(-3.6973, -1.3501, 2.0561)
(-5.5747, -3.3305, 0.8855)
(-4.1544, -1.7769, 1.7801)
(-1.0801, 0.4766, 3.4257)
(-1.6101, 0.0578, 3.3483)
(-5.6234, -3.1772, 0.5277)
(-4.673, -2.1303, 1.5274)
(-5.1666, -2.556, 1.4262)
(-2.7434, -0.7885, 3.0695)
(-2.0368, -0.4379, 3.3804)
(-5.6316, -2.9255, 1.3179)
(-3.3167, -1.1576, 2.8214)
(-3.8412, -1.5542, 2.5696)
(-6.0989, -3.2281, 1.0896)
(-4.3497, -1.9587, 2.306)
(-6.2316, -3.2161, 0.712)
(-4.8951, -2.3416, 2.0584)
(-5.482, -2.7272, 1.8805)
(-2.1533, -0.9968, 3.5557)
(-2.6219, -1.2637, 3.3807)
(-6.033, -3.0684, 1.707)
(-3.1788, -1.5997, 3.1747)
(-3.7429, -1.9594, 2.9661)
(-6.513, -3.2915, 1.4765)
(-4.2993, -2.3267, 2.7618)
(-6.6653, -3.4374, 1.1418)
(-4.869, -2.6912, 2.5694)
(-5.4682, -3.0349, 2.3339)
(-2.0175, -1.4934, 3.6778)
(-2.4002, -1.7499, 3.5134)
(-6.061, -3.3434, 2.1407)
(-2.935, -2.0804, 3.3335)
(-3.5102, -2.4294, 3.1614)
(-6.5767, -3.5465, 1.9296)
(-4.0881, -2.7794, 3.0064)
(-1.9693, -1.8331, 3.6495)
(-6.9056, -3.6563, 1.6822)
(-4.645, -3.1228, 2.8326)
(-2.1382, -2.1005, 3.5334)
(-2.7176, -2.4528, 3.3789)
(-5.1444, -3.4184, 2.489)
(-3.2937, -2.8017, 3.2039)
(-5.7588, -3.7241, 2.2752)
(-3.8664, -3.1412, 3.0062)
(-4.4375, -3.4946, 2.8516)
(-6.3385, -3.9397, 2.1408)
(-4.915, -3.6544, 2.3722)
(-6.7758, -3.9731, 2.0649)
(-5.4393, -4.0496, 2.1726)
(-6.4677, -4.1613, 2.1068)
(-6.1335, -4.3282, 2.0781)
(5.7943, 3.8062, 4.104)
(4.519, 3.7704, 3.0149)
(4.4198, 4.0037, 2.7561)
(4.6918, 4.077, 2.4896)
(5.167, 4.009, 2.7138)
(5.5642, 3.9462, 3.169)
(5.8277, 3.8929, 3.6847)
(1.8633, -0.7106, -5.8579)
(1.9302, -0.9641, -5.4166)
(1.9942, -1.2334, -4.8808)
(2.0307, -1.4736, -4.3278)
(2.0111, -1.6375, -3.7512)
(1.9515, -1.732, -3.1547)
(1.8845, -1.8003, -2.5546)
(1.802, -1.8501, -1.9533)
(1.7108, -1.8979, -1.353)
(1.6343, -1.9777, -0.7571)
(1.5856, -2.0982, -0.1708)
(1.4662, -2.1069, 0.3939)
(1.2631, -1.9891, 0.9488)
(1.0574, -1.875, 1.5142)
(0.8533, -1.7665, 2.0844)
(0.6941, -1.6842, 2.5455)
(2.0183, -0.6274, -5.5566)
(2.1307, -0.8866, -5.0603)
(2.2167, -1.1376, -4.52)
(2.2771, -1.3551, -3.9696)
(2.2604, -1.5027, -3.3878)
(2.2157, -1.6077, -2.7929)
(2.1468, -1.6732, -2.1926)
(2.0568, -1.7141, -1.5913)
(1.9641, -1.7559, -0.9914)
(1.901, -1.839, -0.396)
(1.8397, -1.9224, 0.1841)
(1.6562, -1.8423, 0.7381)
(1.4437, -1.727, 1.2954)
(1.2334, -1.6204, 1.8641)
(1.0419, -1.5194, 2.4066)
(0.9044, -1.4484, 2.8036)
(1.9192, -0.4057, -5.9303)
(1.8894, 0.1288, -5.5408)
(2.1624, 0.4919, -5.2303)
(2.627, 0.8636, -5.003)
(2.7113, 1.4612, -4.8661)
(2.5525, 2.124, -4.8097)
(2.4113, 2.6617, -4.7083)
(5.5451, 3.7272, 4.3197)
(5.1092, 3.4957, 4.3911)
(4.552, 3.0672, 4.3729)
(4.0285, 2.6088, 4.4027)
(3.513, 2.15, 4.4014)
(2.9779, 1.7096, 4.3659)
(2.4494, 1.2558, 4.3506)
(1.9191, 0.8021, 4.3258)
(1.5669, 0.4235, 4.2867)
(2.3704, 2.5979, -4.2965)
(2.491, 2.0568, -4.4018)
(2.57, 1.3946, -4.4971)
(2.4472, 0.7552, -4.6417)
(2.0977, 0.287, -4.8699)
(1.9625, -0.1138, -5.1947)
(2.3545, 2.4546, -3.7569)
(2.3021, 1.9597, -3.9304)
(2.269, 1.3157, -4.1175)
(2.1322, 0.6723, -4.2409)
(1.9935, 0.0888, -4.4264)
(2.074, -0.3983, -4.7382)
(2.349, 2.2576, -3.3289)
(2.3037, 1.8235, -3.4969)
(2.3576, 1.2332, -3.66)
(2.2394, 0.61, -3.7402)
(2.1923, -0.0029, -3.9345)
(2.2929, -0.5897, -4.2476)
(2.183, 2.0013, -3.4006)
(2.2383, 1.5268, -3.3717)
(2.4403, 1.0177, -3.2608)
(2.5766, 0.465, -3.3045)
(2.5748, -0.1643, -3.5482)
(2.5501, -0.7994, -3.7847)
(2.1056, 1.7653, -2.9297)
(2.226, 1.3195, -2.8721)
(2.4711, 0.797, -2.7415)
(2.694, 0.2598, -2.7999)
(2.7642, -0.369, -3.0447)
(2.6594, -0.9926, -3.243)
(2.0632, 1.5801, -2.2428)
(2.3751, 1.1739, -2.2789)
(2.5736, 0.6458, -2.2481)
(2.6593, 0.0621, -2.2971)
(2.7944, -0.5555, -2.4952)
(2.6813, -1.1484, -2.6632)
(2.2631, 1.5698, -1.6096)
(2.5248, 1.113, -1.6746)
(2.7776, 0.5674, -1.743)
(2.9143, -0.0238, -1.831)
(2.9123, -0.6635, -1.9498)
(2.6584, -1.2478, -2.0707)
(2.4899, 1.5896, -0.9986)
(2.676, 1.0973, -1.0679)
(2.8741, 0.5173, -1.1584)
(2.9834, -0.0899, -1.2587)
(2.9095, -0.7318, -1.3618)
(2.5868, -1.3014, -1.4722)
(2.7026, 1.6156, -0.3951)
(2.8148, 1.0945, -0.4684)
(2.91, 0.4768, -0.561)
(2.959, -0.1561, -0.6621)
(2.8696, -0.8023, -0.7644)
(2.5134, -1.3508, -0.8728)
(2.9096, 1.6542, 0.2005)
(2.9763, 1.1018, 0.116)
(3.031, 0.4439, 0.0202)
(3.0562, -0.2323, -0.0763)
(2.9087, -0.8933, -0.1705)
(2.4757, -1.4249, -0.2745)
(3.1167, 1.7227, 0.7919)
(3.1613, 1.1126, 0.6828)
(3.1998, 0.4113, 0.5845)
(3.1802, -0.3095, 0.5057)
(2.9364, -0.9764, 0.4255)
(2.4308, -1.4946, 0.3154)
(4.5493, 3.4866, 2.9842)
(4.3405, 3.1766, 2.675)
(3.948, 2.8366, 2.199)
(3.5324, 2.4396, 1.7369)
(3.3666, 1.8051, 1.363)
(3.3251, 1.0878, 1.2461)
(3.2704, 0.3735, 1.1629)
(3.1353, -0.3353, 1.0896)
(2.7797, -0.9463, 0.9967)
(2.2359, -1.42, 0.8721)
(4.3457, 3.7035, 2.8839)
(4.1179, 3.3128, 2.5993)
(3.9672, 2.9038, 2.1911)
(3.8199, 2.388, 1.9312)
(3.6051, 1.7373, 1.8232)
(3.4092, 1.055, 1.7704)
(3.1839, 0.3867, 1.7087)
(2.906, -0.2588, 1.6245)
(2.517, -0.8357, 1.5294)
(2.0041, -1.3094, 1.42)
(4.4333, 3.8558, 2.524)
(4.3142, 3.3587, 2.3788)
(4.0872, 2.8803, 2.308)
(3.7823, 2.3711, 2.3041)
(3.5049, 1.7405, 2.2399)
(3.2304, 1.1021, 2.1852)
(2.9425, 0.4712, 2.1337)
(2.6391, -0.1491, 2.0946)
(2.2639, -0.7228, 2.0526)
(1.7776, -1.2042, 1.9757)
(4.8702, 3.838, 2.5904)
(4.6157, 3.3704, 2.6573)
(4.3487, 2.8203, 2.6205)
(4.1138, 2.2162, 2.5569)
(3.8036, 1.5926, 2.5621)
(3.4606, 0.9851, 2.581)
(3.0784, 0.4012, 2.6001)
(2.6421, -0.1547, 2.6277)
(2.1242, -0.6617, 2.628)
(1.5786, -1.1078, 2.5439)
(5.2284, 3.813, 3.0215)
(4.9181, 3.3728, 3.1188)
(4.6112, 2.7963, 3.0893)
(4.3285, 2.1702, 3.0527)
(3.98, 1.5571, 3.0864)
(3.5491, 1.0043, 3.1289)
(3.0615, 0.4922, 3.1523)
(2.5223, 0.0039, 3.167)
(1.9428, -0.474, 3.179)
(1.3779, -0.992, 3.0536)
(5.5952, 3.744, 3.465)
(5.2612, 3.3281, 3.5493)
(4.8401, 2.8392, 3.5888)
(4.4066, 2.2696, 3.6166)
(3.9493, 1.6895, 3.653)
(3.444, 1.1859, 3.6758)
(2.92, 0.703, 3.6857)
(2.3835, 0.2332, 3.6853)
(1.8982, -0.1683, 3.6726)
(5.7007, 3.711, 3.9829)
(5.3204, 3.3562, 4.0554)
(4.8129, 2.9326, 4.0814)
(4.2753, 2.4424, 4.104)
(3.7441, 1.9316, 4.1134)
(3.2108, 1.4622, 4.1034)
(2.6817, 0.9958, 4.0992)
(2.1572, 0.5379, 4.0853)
(1.737, 0.1499, 4.0725)
(1.6457, -0.1663, 3.8875)
(2.0358, 0.1728, 3.8994)
(2.5419, 0.612, 3.9116)
(3.0711, 1.083, 3.9124)
(3.5984, 1.5611, 3.9079)
(4.1159, 2.0681, 3.8957)
(4.6125, 2.6325, 3.8635)
(5.1088, 3.1069, 3.8343)
(5.5304, 3.5352, 3.7726)
(1.6555, -0.5346, 3.4322)
(2.1838, -0.116, 3.434)
(2.7335, 0.3466, 3.4314)
(3.2637, 0.8282, 3.4223)
(3.759, 1.336, 3.3962)
(4.1997, 1.8926, 3.355)
(4.5646, 2.5192, 3.3302)
(4.9242, 3.0847, 3.34)
(5.2721, 3.588, 3.294)
(1.2309, -1.2709, 2.7073)
(1.7378, -0.8239, 2.8809)
(2.3216, -0.344, 2.9084)
(2.8562, 0.1613, 2.8843)
(3.3256, 0.6914, 2.8571)
(3.7385, 1.256, 2.8228)
(4.0952, 1.8565, 2.7833)
(4.3747, 2.4892, 2.7945)
(4.5999, 3.0991, 2.8887)
(4.9239, 3.6218, 2.852)
(1.407, -1.3652, 2.2091)
(1.9373, -0.9363, 2.3084)
(2.4248, -0.4359, 2.3527)
(2.813, 0.1396, 2.3525)
(3.1557, 0.7424, 2.3612)
(3.4704, 1.3615, 2.3819)
(3.7718, 1.9884, 2.4078)
(4.0664, 2.59, 2.4386)
(4.3444, 3.1009, 2.4421)
(4.5666, 3.6242, 2.4802)
(1.6163, -1.4681, 1.639)
(2.1455, -1.026, 1.7443)
(2.5797, -0.4931, 1.8236)
(2.8976, 0.1213, 1.8935)
(3.1764, 0.7614, 1.9614)
(3.427, 1.416, 2.0167)
(3.6688, 2.0722, 2.0769)
(3.9087, 2.673, 2.1681)
(4.0955, 3.1143, 2.3219)
(4.2565, 3.5805, 2.6056)
(1.8357, -1.5758, 1.0811)
(2.3963, -1.1413, 1.2088)
(2.8755, -0.6216, 1.3207)
(3.1633, 0.0244, 1.4095)
(3.3359, 0.7119, 1.4851)
(3.4644, 1.4138, 1.555)
(3.6031, 2.1127, 1.6803)
(3.8443, 2.657, 1.985)
(4.0601, 3.074, 2.4159)
(4.3214, 3.4244, 2.8656)
(2.0541, -1.6871, 0.5305)
(2.6289, -1.2388, 0.6596)
(3.0718, -0.6745, 0.7625)
(3.2335, 0.0292, 0.8339)
(3.2496, 0.7506, 0.9161)
(3.2367, 1.4504, 1.0218)
(3.2223, 2.0955, 1.1585)
(2.1745, -1.6862, -0.0379)
(2.729, -1.2293, 0.0796)
(3.0732, -0.6201, 0.1725)
(3.1335, 0.0806, 0.2565)
(3.0968, 0.7715, 0.3507)
(3.0407, 1.4192, 0.4495)
(2.9828, 1.917, 0.5414)
(2.2156, -1.5953, -0.6316)
(2.7204, -1.1376, -0.519)
(2.9682, -0.5228, -0.4179)
(2.9807, 0.1363, -0.3177)
(2.9281, 0.7801, -0.2192)
(2.8493, 1.3871, -0.1326)
(2.7639, 1.8508, -0.063)
(2.2915, -1.5441, -1.2308)
(2.7514, -1.0655, -1.1163)
(2.9503, -0.4436, -1.0104)
(2.9399, 0.1911, -0.9085)
(2.8212, 0.7969, -0.8105)
(2.6691, 1.3689, -0.7285)
(2.5289, 1.8087, -0.6665)
(2.3831, -1.5076, -1.8312)
(2.8132, -1.0066, -1.7147)
(2.9784, -0.3759, -1.6075)
(2.9335, 0.2503, -1.5058)
(2.7246, 0.8229, -1.4123)
(2.4833, 1.3602, -1.3342)
(2.2842, 1.7769, -1.2752)
(2.4547, -1.4488, -2.4311)
(2.8159, -0.924, -2.3005)
(2.8236, -0.303, -2.1455)
(2.7238, 0.3114, -2.0178)
(2.595, 0.8749, -2.0001)
(2.2879, 1.3656, -1.9472)
(2.012, 1.7314, -1.8946)
(2.489, -1.3426, -3.0249)
(2.7772, -0.7787, -2.8725)
(2.7224, -0.1572, -2.6531)
(2.5872, 0.4432, -2.4765)
(2.4079, 0.9726, -2.5379)
(2.1703, 1.4779, -2.5894)
(1.9693, 1.7984, -2.5761)
(2.4866, -1.1902, -3.606)
(2.6899, -0.5855, -3.4274)
(2.6904, 0.0542, -3.184)
(2.6068, 0.6532, -2.9903)
(2.2959, 1.1432, -3.0853)
(2.1753, 1.6668, -3.2178)
(2.0911, 2.0637, -3.2283)
(2.3905, -0.9844, -4.1426)
(2.4135, -0.3855, -3.8828)
(2.3818, 0.2409, -3.613)
(2.4361, 0.8481, -3.4716)
(2.3526, 1.416, -3.4638)
(2.2413, 1.9219, -3.4004)
(2.3448, 2.3238, -3.3372)
(2.2343, -0.7508, -4.6552)
(2.0781, -0.2462, -4.3203)
(2.0773, 0.3423, -4.0603)
(2.1984, 0.9569, -3.9427)
(2.3196, 1.6099, -3.8018)
(2.2766, 2.1629, -3.5595)
(2.5194, 2.5361, -3.4364)
(2.092, -0.4939, -5.1651)
(1.9517, -0.0464, -4.7999)
(2.1668, 0.4263, -4.5511)
(2.3439, 1.0209, -4.3746)
(2.4198, 1.6896, -4.2567)
(2.3533, 2.2945, -4.0956)
(2.3881, 2.7473, -3.9965)
(1.9647, -0.2427, -5.5792)
(1.9569, 0.227, -5.1934)
(2.3803, 0.5671, -4.9412)
(2.6549, 1.1041, -4.7275)
(2.6196, 1.7661, -4.6517)
(2.4567, 2.3898, -4.5608)
(2.3346, 2.8548, -4.4702)
(1.5249, 0.1312, 4.1859)
(1.8105, 0.4685, 4.2068)
(2.2986, 0.9018, 4.2296)
(2.8268, 1.3607, 4.2441)
(3.3584, 1.8187, 4.2564)
(3.8952, 2.2793, 4.2807)
(4.4245, 2.7723, 4.2543)
(4.973, 3.2086, 4.2455)
(5.4619, 3.5936, 4.2225)
(5.3818, 4.1597, 4.6697)
(4.9075, 3.6485, 3.069)
(4.9196, 4.0424, 2.9561)
(4.8196, 4.5186, 3.0992)
(4.793, 4.8353, 3.6376)
(4.8658, 4.8666, 4.23)
(5.1623, 4.5593, 4.5722)
(-1.4558, 3.1164, -3.9729)
(-1.3946, 2.8828, -3.552)
(-1.2179, 2.4533, -3.2275)
(-1.0846, 2.1621, -2.8465)
(-1.243, 2.2989, -2.4384)
(-1.4644, 2.5805, -2.0282)
(-1.4856, 2.6883, -1.4649)
(-1.4808, 2.5724, -0.9287)
(-1.4777, 2.3191, -0.413)
(-1.4496, 2.0787, 0.1391)
(-1.4302, 1.8531, 0.6995)
(-1.4037, 1.6133, 1.2538)
(-1.3627, 1.3694, 1.8084)
(-1.3106, 1.1318, 2.3665)
(-1.2297, 0.8576, 2.8956)
(-1.1284, 0.5889, 3.2857)
(-1.144, 3.1944, -3.7345)
(-1.0025, 2.7999, -3.4095)
(-0.8213, 2.3991, -3.1033)
(-0.8671, 2.4063, -2.6399)
(-1.1475, 2.6926, -2.2918)
(-1.2486, 2.8611, -1.7724)
(-1.2386, 2.8307, -1.1879)
(-1.1998, 2.6055, -0.6417)
(-1.1597, 2.3465, -0.0973)
(-1.1322, 2.0972, 0.4523)
(-1.1042, 1.8216, 0.9867)
(-1.0688, 1.5405, 1.519)
(-1.0183, 1.3046, 2.0746)
(-0.9589, 1.0983, 2.6404)
(-0.8847, 0.8707, 3.1527)
(-0.7982, 0.6539, 3.4989)
(-1.1456, 3.3154, -4.13)
(-0.4948, 3.4508, -3.9812)
(0.1467, 3.4785, -3.7389)
(0.7668, 3.5683, -3.7098)
(1.3648, 3.7421, -3.9795)
(1.8633, 3.6292, -4.279)
(2.1873, 3.2404, -4.507)
(5.3905, 3.8589, 4.5643)
(5.0697, 3.4924, 4.3908)
(4.5111, 3.0505, 4.3509)
(4.0093, 2.6069, 4.3876)
(3.4902, 2.1575, 4.3983)
(2.9567, 1.717, 4.3708)
(2.4303, 1.2636, 4.3589)
(1.9026, 0.8118, 4.3341)
(1.4743, 0.522, 4.328)
(2.2349, 3.048, -4.1378)
(1.9421, 3.4734, -3.8855)
(1.4401, 3.7623, -3.6479)
(0.7932, 3.7693, -3.5434)
(0.1314, 3.6423, -3.5788)
(-0.5181, 3.4528, -3.6711)
(2.3675, 2.8559, -3.6129)
(2.0561, 3.2611, -3.375)
(1.5097, 3.4937, -3.2081)
(0.8603, 3.4568, -3.2598)
(0.2445, 3.2768, -3.4094)
(-0.3694, 3.0297, -3.4743)
(2.3826, 2.6197, -3.181)
(2.0111, 2.9681, -2.9673)
(1.4421, 3.1528, -2.7852)
(0.8181, 3.1779, -2.8113)
(0.2926, 3.0288, -3.006)
(-0.2176, 2.7034, -3.1226)
(2.0509, 2.3608, -3.191)
(1.698, 2.6308, -2.9168)
(1.2314, 2.7377, -2.595)
(0.7279, 2.7461, -2.5039)
(0.1826, 2.8741, -2.6633)
(-0.3517, 2.7981, -2.681)
(1.9219, 2.0938, -2.779)
(1.556, 2.3374, -2.5329)
(1.0923, 2.4188, -2.1978)
(0.6102, 2.481, -2.1045)
(0.0249, 2.7117, -2.2542)
(-0.5963, 2.8822, -2.2952)
(1.8742, 1.8708, -2.1266)
(1.5052, 2.1292, -1.9346)
(1.0458, 2.3796, -1.6898)
(0.6157, 2.6741, -1.6523)
(0.0481, 2.9205, -1.7725)
(-0.6193, 3.018, -1.7754)
(2.0618, 1.9228, -1.5273)
(1.6833, 2.2426, -1.3926)
(1.2362, 2.6179, -1.2753)
(0.7493, 2.9209, -1.2273)
(0.1081, 3.0128, -1.212)
(-0.5792, 2.9869, -1.1883)
(2.2786, 1.9669, -0.9256)
(1.8928, 2.3194, -0.8307)
(1.3937, 2.6596, -0.7435)
(0.8144, 2.8356, -0.6831)
(0.1497, 2.847, -0.644)
(-0.5379, 2.7816, -0.6223)
(2.4878, 1.9923, -0.3282)
(2.0556, 2.2954, -0.2519)
(1.4877, 2.5145, -0.1826)
(0.8586, 2.5724, -0.1446)
(0.1885, 2.5598, -0.1123)
(-0.4989, 2.5131, -0.079)
(2.684, 2.0139, 0.2667)
(2.1859, 2.1952, 0.3148)
(1.5598, 2.2573, 0.3442)
(0.9049, 2.2236, 0.3446)
(0.2261, 2.1953, 0.3708)
(-0.4619, 2.1938, 0.4334)
(2.8448, 2.0658, 0.8716)
(2.2744, 2.0759, 0.874)
(1.6159, 2.0018, 0.8653)
(0.9417, 1.922, 0.8481)
(0.2574, 1.8569, 0.8591)
(-0.426, 1.8444, 0.9244)
(4.6828, 3.4247, 3.0596)
(4.4126, 3.1915, 2.7463)
(3.9805, 2.8592, 2.2612)
(3.53, 2.479, 1.7801)
(2.9496, 2.2632, 1.4795)
(2.2827, 2.1269, 1.4582)
(1.615, 1.9764, 1.4489)
(0.933, 1.8758, 1.432)
(0.2635, 1.7326, 1.4282)
(-0.3975, 1.5806, 1.4541)
(4.8091, 3.6652, 3.0473)
(4.4156, 3.3448, 2.9495)
(3.9194, 3.1079, 2.5457)
(3.4198, 2.8557, 2.1651)
(2.8517, 2.5538, 2.0428)
(2.2153, 2.2999, 2.0348)
(1.5642, 2.0942, 2.0389)
(0.8895, 1.9586, 2.0283)
(0.2389, 1.748, 2.0281)
(-0.3787, 1.4559, 2.0311)
(4.704, 4.0821, 3.0458)
(4.321, 3.7469, 3.0888)
(3.788, 3.5175, 2.8496)
(3.2577, 3.1904, 2.6336)
(2.7138, 2.828, 2.5933)
(2.1115, 2.514, 2.5971)
(1.4915, 2.2433, 2.6206)
(0.846, 2.0209, 2.6265)
(0.2259, 1.7242, 2.636)
(-0.3528, 1.3575, 2.63)
(4.6407, 4.4807, 3.3897)
(4.2281, 4.1216, 3.4171)
(3.6972, 3.8047, 3.321)
(3.1445, 3.4273, 3.2084)
(2.5981, 3.0485, 3.1606)
(2.0251, 2.6911, 3.1652)
(1.4353, 2.3512, 3.2)
(0.8396, 2.0009, 3.228)
(0.2521, 1.5976, 3.2442)
(-0.3118, 1.1991, 3.2152)
(4.6489, 4.6987, 3.9745)
(4.2368, 4.2952, 3.9753)
(3.7233, 3.9024, 3.9095)
(3.1658, 3.5282, 3.8118)
(2.6118, 3.1082, 3.7406)
(2.085, 2.6739, 3.7422)
(1.5245, 2.2694, 3.767)
(0.9622, 1.8359, 3.7837)
(0.4076, 1.3551, 3.7923)
(-0.2154, 0.9458, 3.7063)
(4.8482, 4.5791, 4.4655)
(4.433, 4.1585, 4.4417)
(3.9429, 3.6965, 4.382)
(3.4264, 3.2856, 4.2713)
(2.8644, 2.862, 4.1861)
(2.3291, 2.4173, 4.1913)
(1.7901, 1.9759, 4.1837)
(1.255, 1.5239, 4.1649)
(0.7886, 1.1095, 4.1503)
(5.183, 4.1866, 4.5915)
(4.7852, 3.773, 4.5079)
(4.2566, 3.2957, 4.4677)
(3.7332, 2.8712, 4.4136)
(3.1995, 2.4614, 4.3748)
(2.6682, 2.0287, 4.3835)
(2.1415, 1.5814, 4.3531)
(1.6186, 1.1353, 4.3146)
(1.1787, 0.7737, 4.309)
(0.8079, 0.7823, 4.257)
(1.199, 1.1201, 4.2541)
(1.7012, 1.5526, 4.2804)
(2.232, 2.001, 4.3116)
(2.7646, 2.4447, 4.3192)
(3.3059, 2.8713, 4.3229)
(3.8507, 3.2791, 4.4378)
(4.3475, 3.7267, 4.4862)
(4.8403, 4.2037, 4.5487)
(0.3408, 1.0148, 3.999)
(0.8285, 1.4664, 3.999)
(1.3634, 1.9253, 4.0049)
(1.9132, 2.3589, 3.9988)
(2.4544, 2.7924, 3.9889)
(2.9841, 3.2431, 4.0165)
(3.5597, 3.643, 4.1393)
(4.0535, 4.0463, 4.2152)
(4.542, 4.4884, 4.266)
(-0.5538, 0.9227, 3.4017)
(0.0158, 1.2607, 3.5209)
(0.5923, 1.7178, 3.5272)
(1.1684, 2.1445, 3.5077)
(1.7451, 2.5258, 3.4745)
(2.3104, 2.9065, 3.451)
(2.8472, 3.3149, 3.4772)
(3.4123, 3.6976, 3.5629)
(3.9573, 4.066, 3.6536)
(4.4422, 4.423, 3.6892)
(-0.6218, 1.1191, 2.9199)
(-0.0585, 1.482, 2.942)
(0.5281, 1.8595, 2.9366)
(1.1422, 2.1745, 2.919)
(1.7603, 2.4549, 2.896)
(2.3529, 2.7859, 2.8672)
(2.9308, 3.1231, 2.8889)
(3.4504, 3.5165, 2.9631)
(4.0138, 3.8243, 3.1643)
(4.4833, 4.1003, 3.2184)
(-0.6686, 1.2731, 2.3357)
(-0.0724, 1.5833, 2.331)
(0.5427, 1.8862, 2.3285)
(1.197, 2.0864, 2.3273)
(1.855, 2.2684, 2.3289)
(2.4727, 2.5551, 2.3082)
(3.0777, 2.8484, 2.3414)
(3.5928, 3.1996, 2.4911)
(4.1245, 3.4005, 2.8886)
(4.5966, 3.6851, 3.0538)
(-0.7138, 1.4375, 1.7592)
(-0.0676, 1.6146, 1.7301)
(0.5782, 1.8406, 1.7271)
(1.2539, 1.967, 1.7373)
(1.9287, 2.1034, 1.7499)
(2.5834, 2.3101, 1.7501)
(3.2276, 2.5158, 1.8283)
(3.7112, 2.8305, 2.1679)
(4.2023, 3.0948, 2.6465)
(4.6133, 3.3942, 3.0026)
(-0.7506, 1.6884, 1.2191)
(-0.0717, 1.7188, 1.1525)
(0.6026, 1.8232, 1.1298)
(1.2848, 1.9122, 1.1418)
(1.9585, 2.0174, 1.1596)
(2.6095, 2.1277, 1.1692)
(3.2152, 2.1455, 1.1907)
(-0.7842, 2.0104, 0.7111)
(-0.1007, 2.0081, 0.6382)
(0.5869, 2.0234, 0.5912)
(1.2623, 2.0828, 0.5934)
(1.9187, 2.1294, 0.6008)
(2.5274, 2.0921, 0.5799)
(2.9798, 1.9455, 0.556)
(-0.8184, 2.3157, 0.1919)
(-0.1366, 2.3762, 0.1583)
(0.5482, 2.3922, 0.1142)
(1.2074, 2.4094, 0.0962)
(1.8325, 2.3479, 0.0649)
(2.3814, 2.1328, -0.001)
(2.7683, 1.8714, -0.0584)
(-0.855, 2.5841, -0.3503)
(-0.1747, 2.6923, -0.3568)
(0.5077, 2.7234, -0.3892)
(1.1497, 2.6831, -0.4292)
(1.7228, 2.4802, -0.4983)
(2.2025, 2.143, -0.5847)
(2.5407, 1.8261, -0.665)
(-0.8982, 2.8342, -0.9014)
(-0.2142, 2.9361, -0.9106)
(0.4683, 2.9496, -0.944)
(1.0805, 2.8283, -0.9919)
(1.5567, 2.4812, -1.0648)
(2.0084, 2.1221, -1.173)
(2.3052, 1.7835, -1.2813)
(-0.9362, 2.9808, -1.4784)
(-0.2573, 3.0339, -1.4915)
(0.398, 2.9334, -1.486)
(0.9207, 2.6759, -1.4305)
(1.3329, 2.3135, -1.5722)
(1.7962, 2.0257, -1.739)
(2.0532, 1.7177, -1.9035)
(-0.9422, 2.9361, -2.0603)
(-0.3055, 2.8901, -2.0406)
(0.3225, 2.6689, -1.9708)
(0.8281, 2.4229, -1.8352)
(1.2674, 2.2936, -2.1027)
(1.7302, 2.0855, -2.3468)
(1.9834, 1.8237, -2.5735)
(-0.7563, 2.7366, -2.4848)
(-0.2023, 2.8479, -2.4882)
(0.3836, 2.6479, -2.4156)
(0.9218, 2.532, -2.2951)
(1.3747, 2.5575, -2.626)
(1.8135, 2.3549, -2.8996)
(2.0757, 2.1085, -3.2082)
(-0.5259, 2.5383, -2.8907)
(0.0128, 2.8739, -2.8814)
(0.503, 2.9847, -2.7451)
(1.0644, 2.9548, -2.6116)
(1.6055, 2.9089, -2.8167)
(2.0735, 2.6455, -3.0543)
(2.3419, 2.3409, -3.3179)
(-0.5832, 2.6864, -3.3099)
(0.0215, 2.9638, -3.2938)
(0.5537, 3.2534, -3.1234)
(1.1726, 3.3364, -2.9758)
(1.8072, 3.2685, -3.0236)
(2.2752, 2.9346, -3.247)
(2.5227, 2.5553, -3.4301)
(-0.7789, 3.1531, -3.5749)
(-0.1413, 3.3877, -3.5544)
(0.5051, 3.5799, -3.468)
(1.1601, 3.6739, -3.4119)
(1.7726, 3.558, -3.5183)
(2.174, 3.1585, -3.7728)
(2.3936, 2.7656, -3.9905)
(-0.8437, 3.4063, -3.8754)
(-0.1974, 3.5583, -3.7345)
(0.4483, 3.6708, -3.6072)
(1.094, 3.7643, -3.7132)
(1.6737, 3.7212, -3.9527)
(2.0716, 3.3405, -4.2276)
(2.3095, 2.9631, -4.4308)
(1.1617, 0.5327, 4.3385)
(1.5321, 0.7736, 4.3246)
(2.0303, 1.1885, 4.3481)
(2.5564, 1.638, 4.3831)
(3.0831, 2.0839, 4.3949)
(3.6151, 2.5082, 4.402)
(4.1311, 2.937, 4.4172)
(4.6599, 3.38, 4.4299)
(5.1671, 3.8362, 4.5106)
(2.0598, 1.9358, -2.9388)
(2.1071, 2.2364, -3.4978)
(2.3192, 2.8498, -4.2778)
(4.5325, 3.3274, 2.9854)
(4.2207, 3.0408, 2.4359)
(3.3546, 2.2636, 1.4927)
(3.0829, 1.9774, 0.8565)
(3.7078, 2.6551, 2.0243)
(2.4171, 1.7975, -0.9692)
(2.1723, 1.7628, -1.5873)
(5.3805, 3.7193, 4.4176)
(2.5796, 2.4283, -3.1573)
(4.7984, 3.2688, 4.3643)
(4.2647, 2.849, 4.3594)
(3.773, 2.3667, 4.4309)
(3.2302, 1.9408, 4.3688)
(2.8798, 1.8851, 0.2408)
(2.7044, 1.4858, 4.3679)
(2.1754, 1.0336, 4.3416)
(1.8929, 1.6863, -2.2108)
(1.6464, 0.5804, 4.3182)
(2.4625, 2.6631, -3.7092)
(2.6525, 1.8372, -0.3623)
(-6.2764, -4.7385, 1.806)
(-5.3536, -3.0825, 0.8665)
(-5.5237, -3.0953, 0.6757)
(-5.6642, -3.4614, 0.4961)
(-5.8174, -4.0114, 0.6916)
(-5.9728, -4.5272, 0.9728)
(-6.1642, -4.803, 1.4036)
(1.6457, -0.8973, -5.6627)
(1.6918, -1.1964, -5.1747)
(1.7345, -1.4851, -4.644)
(1.7398, -1.7265, -4.101)
(1.6764, -1.8339, -3.5146)
(1.6058, -1.8971, -2.9152)
(1.5302, -1.9533, -2.3148)
(1.4466, -2.0126, -1.7153)
(1.3687, -2.0978, -1.1196)
(1.3141, -2.2307, -0.5327)
(1.2485, -2.3371, 0.0433)
(1.0752, -2.2566, 0.6016)
(0.8775, -2.1333, 1.1638)
(0.6744, -2.0196, 1.7348)
(0.4832, -1.9158, 2.2772)
(0.3514, -1.8551, 2.678)
(1.6099, -0.6347, -6.0237)
(1.0946, -0.4028, -5.7452)
(0.5533, -0.2247, -5.5267)
(-0.1068, -0.3128, -5.5857)
(-0.7751, -0.3957, -5.6915)
(-1.4568, -0.3404, -5.6804)
(-1.9847, -0.199, -5.5726)
(-6.1936, -4.4997, 2.0036)
(-5.8049, -4.2022, 2.1421)
(-5.223, -3.8595, 2.3072)
(-4.6864, -3.5932, 2.614)
(-4.1394, -3.3312, 2.9109)
(-3.5639, -2.978, 3.093)
(-2.9864, -2.6351, 3.2831)
(-2.4082, -2.2859, 3.4503)
(-1.9475, -2.0755, 3.5502)
(-1.9791, -0.3817, -5.1924)
(-1.4499, -0.5621, -5.3047)
(-0.7812, -0.6105, -5.3141)
(-0.1161, -0.5298, -5.2075)
(0.5382, -0.5093, -5.1984)
(1.0953, -0.7117, -5.4373)
(-1.9485, -0.6746, -4.6979)
(-1.4261, -0.8587, -4.8157)
(-0.7612, -0.8468, -4.8069)
(-0.1255, -0.7621, -4.6959)
(0.4835, -0.8608, -4.7659)
(1.077, -1.0891, -5.0265)
(-1.8672, -0.8691, -4.2758)
(-1.3548, -1.0797, -4.3323)
(-0.6717, -1.1019, -4.2974)
(-0.0513, -1.0722, -4.2224)
(0.518, -1.2124, -4.3095)
(1.1134, -1.4372, -4.5549)
(-1.61, -0.6045, -4.1748)
(-1.1536, -0.9246, -3.9245)
(-0.5768, -1.1671, -3.8031)
(-0.0016, -1.3894, -3.8326)
(0.5214, -1.661, -3.9853)
(1.1008, -1.818, -4.151)
(-1.4467, -0.6903, -3.7247)
(-1.0894, -1.033, -3.5201)
(-0.7264, -1.4128, -3.5514)
(-0.2579, -1.7791, -3.6835)
(0.3603, -1.9963, -3.6721)
(1.0204, -2.0011, -3.6227)
(-1.4794, -0.8819, -3.079)
(-1.2635, -1.3414, -3.1415)
(-0.9163, -1.8228, -3.2365)
(-0.3681, -2.1059, -3.2422)
(0.2813, -2.1726, -3.1484)
(0.9506, -2.0785, -3.0328)
(-1.6732, -1.1984, -2.5032)
(-1.4022, -1.6415, -2.5997)
(-0.9997, -2.0808, -2.687)
(-0.4212, -2.294, -2.6609)
(0.2241, -2.2959, -2.5607)
(0.8824, -2.1566, -2.4371)
(-1.8967, -1.5049, -1.9657)
(-1.5321, -1.8806, -2.0302)
(-1.0564, -2.2525, -2.0898)
(-0.4724, -2.4493, -2.0694)
(0.1683, -2.4389, -1.9741)
(0.8146, -2.2603, -1.8441)
(-2.1207, -1.7915, -1.44)
(-1.679, -2.0967, -1.4743)
(-1.1327, -2.4077, -1.5035)
(-0.5298, -2.6093, -1.4847)
(0.1193, -2.6162, -1.3957)
(0.7592, -2.4078, -1.2592)
(-2.3518, -2.0697, -0.9238)
(-1.8504, -2.3272, -0.9414)
(-1.2434, -2.6006, -0.9476)
(-0.6029, -2.8248, -0.9246)
(0.0736, -2.8569, -0.8356)
(0.7191, -2.6085, -0.6871)
(-2.6097, -2.3503, -0.4223)
(-2.0389, -2.5971, -0.4432)
(-1.3842, -2.8715, -0.4384)
(-0.6957, -3.0921, -0.3879)
(0.0068, -3.0682, -0.2679)
(0.6518, -2.751, -0.1102)
(-5.1687, -3.2884, 0.8496)
(-4.7548, -3.3324, 0.8652)
(-4.1554, -3.06, 0.635)
(-3.5998, -2.703, 0.257)
(-2.8811, -2.6631, 0.0418)
(-2.1908, -2.8533, 0.058)
(-1.5004, -3.052, 0.0978)
(-0.7905, -3.1842, 0.1816)
(-0.1144, -3.0468, 0.3131)
(0.492, -2.6686, 0.4598)
(-5.2471, -3.1102, 0.8385)
(-4.7724, -3.1727, 0.673)
(-4.1987, -3.1844, 0.3737)
(-3.5671, -3.1564, 0.2561)
(-2.9123, -3.0967, 0.3824)
(-2.2476, -3.0759, 0.5446)
(-1.5649, -3.0804, 0.6342)
(-0.8879, -3.083, 0.7423)
(-0.2589, -2.9089, 0.8847)
(0.3145, -2.5357, 1.027)
(-5.3711, -3.3047, 0.5095)
(-4.8546, -3.481, 0.4231)
(-4.2282, -3.6461, 0.3312)
(-3.5658, -3.6806, 0.407)
(-2.9136, -3.6029, 0.619)
(-2.27, -3.4967, 0.8536)
(-1.6313, -3.3547, 1.0672)
(-1.014, -3.1436, 1.2753)
(-0.4338, -2.8191, 1.4542)
(0.1194, -2.4183, 1.5987)
(-5.5188, -3.8099, 0.5704)
(-4.9745, -3.9843, 0.5613)
(-4.3252, -4.0869, 0.6193)
(-3.6824, -4.021, 0.8069)
(-3.0582, -3.8598, 1.072)
(-2.4465, -3.6456, 1.3331)
(-1.8488, -3.3692, 1.5705)
(-1.2613, -3.0314, 1.7905)
(-0.6717, -2.6533, 2.0029)
(-0.0871, -2.2843, 2.1623)
(-5.6694, -4.3214, 0.8536)
(-5.1277, -4.3802, 0.9339)
(-4.5321, -4.2428, 1.0775)
(-3.9393, -4.0072, 1.3157)
(-3.3254, -3.7988, 1.5886)
(-2.7338, -3.5127, 1.8312)
(-2.1508, -3.1821, 2.0507)
(-1.5574, -2.839, 2.282)
(-0.9465, -2.5021, 2.5433)
(-0.2654, -2.1804, 2.6877)
(-5.8507, -4.6936, 1.2475)
(-5.3664, -4.5183, 1.3919)
(-4.8226, -4.2074, 1.5723)
(-4.2324, -3.9452, 1.8393)
(-3.6241, -3.675, 2.1003)
(-3.0451, -3.34, 2.3188)
(-2.4615, -3.0138, 2.5368)
(-1.8678, -2.7108, 2.7686)
(-1.3398, -2.448, 2.9801)
(-6.0629, -4.7186, 1.7204)
(-5.6071, -4.46, 1.8638)
(-5.0687, -4.1142, 2.0353)
(-4.5049, -3.8065, 2.3045)
(-3.9185, -3.4965, 2.5625)
(-3.3398, -3.1585, 2.7713)
(-2.7565, -2.8399, 2.9869)
(-2.1744, -2.5303, 3.1941)
(-1.6873, -2.2836, 3.3584)
(-1.3178, -2.275, 3.264)
(-1.7562, -2.4949, 3.1)
(-2.3198, -2.7787, 2.8887)
(-2.9081, -3.087, 2.6656)
(-3.4883, -3.4189, 2.4513)
(-4.0726, -3.7489, 2.2252)
(-4.6766, -4.0239, 1.9472)
(-5.2264, -4.3412, 1.7176)
(-5.7411, -4.6606, 1.5737)
(-0.8628, -2.3353, 2.8923)
(-1.4175, -2.621, 2.6488)
(-2.0106, -2.9312, 2.4059)
(-2.5983, -3.2593, 2.1831)
(-3.1798, -3.589, 1.9643)
(-3.7741, -3.8718, 1.718)
(-4.3898, -4.0914, 1.4425)
(-4.9532, -4.3786, 1.2264)
(-5.5133, -4.5302, 1.0938)
(0.1204, -2.0652, 2.4532)
(-0.4865, -2.3896, 2.3807)
(-1.1066, -2.7486, 2.1559)
(-1.7028, -3.1104, 1.9244)
(-2.288, -3.4463, 1.7027)
(-2.881, -3.7338, 1.4621)
(-3.4891, -3.9539, 1.1929)
(-4.1087, -4.1217, 0.9327)
(-4.7245, -4.2393, 0.7725)
(-5.3404, -4.1424, 0.7099)
(0.2936, -2.1586, 1.9526)
(-0.2649, -2.5445, 1.8124)
(-0.8337, -2.938, 1.6378)
(-1.4211, -3.2687, 1.4266)
(-2.0273, -3.5213, 1.1957)
(-2.6508, -3.7019, 0.9495)
(-3.2833, -3.8422, 0.6967)
(-3.932, -3.9165, 0.4926)
(-4.5945, -3.8276, 0.4263)
(-5.1988, -3.6262, 0.4698)
(0.4973, -2.2767, 1.3808)
(-0.0579, -2.6766, 1.2424)
(-0.6318, -3.0159, 1.0946)
(-1.2603, -3.1655, 0.9286)
(-1.9172, -3.2518, 0.7789)
(-2.5793, -3.3198, 0.605)
(-3.2267, -3.3951, 0.3803)
(-3.8889, -3.4199, 0.2756)
(-4.5181, -3.3346, 0.4049)
(-5.0697, -3.2169, 0.6285)
(0.6901, -2.3977, 0.8131)
(0.114, -2.7971, 0.6718)
(-0.5006, -3.0985, 0.5295)
(-1.1891, -3.1001, 0.4132)
(-1.8859, -2.9989, 0.3488)
(-2.5745, -2.9007, 0.2821)
(-3.2588, -2.8606, 0.2099)
(-3.8888, -3.0088, 0.3444)
(-4.4661, -3.1579, 0.6495)
(-5.0154, -3.2216, 0.8658)
(0.8768, -2.5226, 0.2509)
(0.2737, -2.9251, 0.099)
(-0.3882, -3.1769, -0.0476)
(-1.1004, -3.0981, -0.1491)
(-1.7883, -2.8632, -0.1905)
(-2.4496, -2.6122, -0.195)
(-3.0683, -2.3861, -0.1608)
(0.9945, -2.5031, -0.3186)
(0.3813, -2.8711, -0.4791)
(-0.3017, -3.015, -0.6156)
(-0.9863, -2.8589, -0.6815)
(-1.6323, -2.5972, -0.6925)
(-2.2315, -2.3263, -0.6821)
(-2.69, -2.0998, -0.6558)
(1.0403, -2.3365, -0.8971)
(0.4256, -2.6437, -1.0474)
(-0.237, -2.7524, -1.1674)
(-0.8794, -2.6127, -1.216)
(-1.4773, -2.3575, -1.214)
(-2.0183, -2.0611, -1.1916)
(-2.4266, -1.8121, -1.1702)
(1.0964, -2.1926, -1.4822)
(0.4674, -2.441, -1.6179)
(-0.1821, -2.5525, -1.7376)
(-0.8041, -2.4487, -1.7943)
(-1.3581, -2.1733, -1.7785)
(-1.8205, -1.8059, -1.7217)
(-2.18, -1.5112, -1.6878)
(1.1696, -2.0978, -2.0769)
(0.523, -2.2961, -2.2039)
(-0.1299, -2.3936, -2.3228)
(-0.7485, -2.2978, -2.3878)
(-1.2689, -1.9917, -2.3614)
(-1.6307, -1.5417, -2.2631)
(-1.9339, -1.1972, -2.2134)
(1.2453, -2.0285, -2.6748)
(0.5859, -2.1852, -2.7951)
(-0.0753, -2.2486, -2.9109)
(-0.6962, -2.1202, -2.9823)
(-1.1881, -1.763, -2.9488)
(-1.4559, -1.2374, -2.8229)
(-1.6732, -0.8602, -2.7545)
(1.3161, -1.9699, -3.2733)
(0.6465, -2.0884, -3.3835)
(-0.0212, -2.0596, -3.4729)
(-0.6109, -1.8081, -3.4896)
(-1.0091, -1.4059, -3.3534)
(-1.3055, -0.9624, -3.3675)
(-1.5664, -0.6085, -3.4458)
(1.3939, -1.895, -3.8644)
(0.7428, -1.9174, -3.902)
(0.1641, -1.737, -3.7843)
(-0.3845, -1.4113, -3.7307)
(-0.8576, -1.1018, -3.6282)
(-1.309, -0.7665, -3.8649)
(-1.6861, -0.4512, -4.1157)
(1.4308, -1.6743, -4.3878)
(0.8188, -1.5444, -4.2684)
(0.2714, -1.3241, -4.0205)
(-0.2832, -1.161, -4.0189)
(-0.9402, -1.1076, -4.0565)
(-1.5319, -0.8803, -4.1947)
(-1.9286, -0.6111, -4.2304)
(1.3976, -1.345, -4.8773)
(0.7955, -1.1391, -4.6587)
(0.1901, -0.949, -4.4473)
(-0.3996, -0.9283, -4.5062)
(-1.0697, -1.038, -4.5763)
(-1.699, -0.9267, -4.5225)
(-2.1141, -0.7133, -4.3588)
(1.3626, -1.0095, -5.3693)
(0.8077, -0.773, -5.1062)
(0.1904, -0.6386, -4.9403)
(-0.4466, -0.6716, -5.0153)
(-1.1126, -0.7426, -5.0926)
(-1.7311, -0.6177, -5.0165)
(-2.1661, -0.4136, -4.8893)
(1.3438, -0.6904, -5.7576)
(0.8519, -0.4165, -5.4496)
(0.2208, -0.3705, -5.3653)
(-0.4408, -0.477, -5.4729)
(-1.1212, -0.4922, -5.5277)
(-1.751, -0.3701, -5.4545)
(-2.1804, -0.1833, -5.3269)
(-1.6389, -2.1148, 3.5177)
(-2.0376, -2.2732, 3.4147)
(-2.5867, -2.5765, 3.2466)
(-3.1683, -2.9032, 3.0478)
(-3.7477, -3.2368, 2.8433)
(-4.3223, -3.572, 2.63)
(-4.8811, -3.839, 2.3135)
(-5.4284, -4.1792, 2.0968)
(-5.9579, -4.4981, 1.9551)
(-6.6309, -4.0816, 2.1148)
(-5.0513, -3.495, 0.4814)
(-5.3289, -3.2492, 0.4906)
(-5.9393, -3.1656, 0.5939)
(-6.4707, -3.3195, 0.8996)
(-6.8227, -3.5394, 1.4134)
(-6.8805, -3.8158, 1.9126)
(-1.725, 2.842, -3.801)
(-1.6261, 2.5454, -3.3538)
(-1.4376, 2.1231, -3.03)
(-1.3736, 1.9557, -2.5939)
(-1.591, 2.1961, -2.2174)
(-1.6371, 2.3914, -1.7077)
(-1.5827, 2.4032, -1.1781)
(-1.7113, 2.2343, -0.7295)
(-1.732, 1.9979, -0.2045)
(-1.7094, 1.7759, 0.3579)
(-1.6886, 1.5616, 0.9248)
(-1.6591, 1.3389, 1.489)
(-1.6237, 1.1106, 2.0514)
(-1.5724, 0.8589, 2.6)
(-1.4625, 0.5411, 3.0644)
(-1.3511, 0.2772, 3.3756)
(-1.7361, 2.9782, -4.2251)
(-2.2345, 2.5136, -4.3342)
(-2.6675, 1.9911, -4.4685)
(-3.0198, 1.4263, -4.6336)
(-3.1543, 0.815, -4.8608)
(-2.9157, 0.3038, -5.1458)
(-2.5152, -0.0041, -5.3836)
(-6.3008, -4.2427, 2.0916)
(-5.7864, -4.1889, 2.1254)
(-5.1772, -3.852, 2.2724)
(-4.6762, -3.5745, 2.6119)
(-4.152, -3.3179, 2.9289)
(-3.5801, -2.9715, 3.105)
(-3.0057, -2.6273, 3.2914)
(-2.4279, -2.2766, 3.4562)
(-2.0361, -1.9703, 3.5967)
(-2.3919, -0.1596, -5.0124)
(-2.7958, 0.151, -4.7524)
(-3.0566, 0.6587, -4.4615)
(-2.9562, 1.2701, -4.2268)
(-2.6374, 1.8523, -4.0528)
(-2.2279, 2.3885, -3.9128)
(-2.3132, -0.4213, -4.5069)
(-2.6568, -0.0589, -4.2423)
(-2.8806, 0.4777, -3.9728)
(-2.8154, 1.0735, -3.7328)
(-2.5728, 1.6553, -3.5209)
(-2.1825, 2.1765, -3.3966)
(-2.199, -0.5802, -4.0748)
(-2.4413, -0.1449, -3.82)
(-2.4923, 0.4422, -3.6333)
(-2.4633, 0.9278, -3.3599)
(-2.4119, 1.4021, -3.014)
(-2.0437, 1.8459, -2.9469)
(-1.9109, -0.332, -4.0256)
(-2.0987, 0.0619, -3.7305)
(-2.066, 0.5732, -3.4365)
(-2.0405, 0.8703, -3.0623)
(-2.1138, 1.1711, -2.6373)
(-1.8789, 1.5797, -2.5146)
(-1.7315, -0.3911, -3.5725)
(-1.8856, 0.0053, -3.2818)
(-1.8645, 0.4766, -2.9611)
(-1.7986, 0.9261, -2.7022)
(-1.7854, 1.2786, -2.3445)
(-1.7797, 1.6637, -2.1241)
(-1.6857, -0.5832, -2.945)
(-1.8082, -0.1516, -2.6959)
(-1.7984, 0.3547, -2.4393)
(-1.7514, 0.886, -2.2163)
(-1.604, 1.3816, -1.9715)
(-1.5935, 1.8383, -1.7339)
(-1.9233, -0.8717, -2.4208)
(-2.0857, -0.4087, -2.2408)
(-2.0761, 0.1349, -2.0058)
(-1.8779, 0.647, -1.7548)
(-1.659, 1.1888, -1.5089)
(-1.5889, 1.7869, -1.2719)
(-2.1662, -1.1638, -1.8987)
(-2.3056, -0.6817, -1.7398)
(-2.2534, -0.1348, -1.5154)
(-2.0734, 0.4064, -1.2731)
(-1.9765, 1.0143, -1.0645)
(-1.9312, 1.6641, -0.8826)
(-2.3883, -1.4506, -1.3748)
(-2.4838, -0.9485, -1.2204)
(-2.4657, -0.3619, -1.0188)
(-2.3735, 0.2321, -0.8081)
(-2.279, 0.8576, -0.593)
(-2.1084, 1.4792, -0.3828)
(-2.6102, -1.7289, -0.8527)
(-2.6308, -1.2068, -0.696)
(-2.5716, -0.598, -0.492)
(-2.4617, 0.0163, -0.2788)
(-2.3182, 0.643, -0.0519)
(-2.0991, 1.2558, 0.1725)
(-2.8674, -1.9789, -0.33)
(-2.7486, -1.4379, -0.1633)
(-2.561, -0.8368, 0.0476)
(-2.3743, -0.221, 0.2623)
(-2.212, 0.408, 0.4952)
(-2.0379, 1.032, 0.7321)
(-5.107, -3.5726, 0.72)
(-4.8185, -3.4025, 0.9401)
(-4.2064, -3.0768, 0.6845)
(-3.6529, -2.6852, 0.2672)
(-3.2448, -2.138, 0.1759)
(-2.9474, -1.5677, 0.3776)
(-2.6458, -1.0036, 0.6062)
(-2.3786, -0.4061, 0.82)
(-2.151, 0.1984, 1.051)
(-1.9837, 0.815, 1.295)
(-5.1341, -3.415, 0.6984)
(-4.9756, -3.3153, 0.9461)
(-4.5574, -2.9741, 0.8113)
(-4.0912, -2.537, 0.599)
(-3.6605, -2.0566, 0.6573)
(-3.2402, -1.5904, 0.9081)
(-2.8938, -1.0614, 1.1488)
(-2.5994, -0.4786, 1.3643)
(-2.2638, 0.0653, 1.6069)
(-1.9887, 0.6206, 1.8611)
(-5.6283, -3.2971, 0.7217)
(-5.4221, -3.2194, 0.9946)
(-4.9564, -2.8038, 1.047)
(-4.5074, -2.3401, 1.0011)
(-4.0574, -1.9419, 1.1299)
(-3.5808, -1.572, 1.4195)
(-3.2102, -1.0671, 1.6679)
(-2.876, -0.5176, 1.8993)
(-2.474, -0.0206, 2.1561)
(-2.0572, 0.4489, 2.4139)
(-6.199, -3.2525, 0.9129)
(-5.8892, -3.1036, 1.2234)
(-5.3938, -2.7462, 1.3822)
(-4.9269, -2.3409, 1.4642)
(-4.4107, -1.9512, 1.6399)
(-3.9171, -1.5756, 1.9206)
(-3.488, -1.1123, 2.1877)
(-3.0422, -0.6498, 2.4519)
(-2.5243, -0.233, 2.7171)
(-1.9951, 0.1618, 2.9256)
(-6.6205, -3.3693, 1.3182)
(-6.3019, -3.1942, 1.6038)
(-5.7601, -2.9093, 1.7972)
(-5.1892, -2.5351, 1.9633)
(-4.6153, -2.1513, 2.1754)
(-4.094, -1.7582, 2.4389)
(-3.5841, -1.3533, 2.6964)
(-3.0354, -0.9688, 2.9465)
(-2.437, -0.6159, 3.1936)
(-1.8499, -0.1799, 3.3455)
(-6.7579, -3.6081, 1.8087)
(-6.3385, -3.4597, 2.0405)
(-5.768, -3.198, 2.2336)
(-5.1664, -2.8657, 2.4518)
(-4.5807, -2.5107, 2.6691)
(-4.021, -2.1424, 2.8616)
(-3.4628, -1.7784, 3.0702)
(-2.8931, -1.4248, 3.2802)
(-2.379, -1.1239, 3.4713)
(-6.5696, -3.9722, 2.0978)
(-6.0647, -3.8531, 2.201)
(-5.4413, -3.5729, 2.3632)
(-4.8898, -3.2725, 2.6649)
(-4.3753, -2.9559, 2.9371)
(-3.7988, -2.6037, 3.08)
(-3.2223, -2.255, 3.2459)
(-2.6532, -1.9082, 3.4241)
(-2.1946, -1.6147, 3.5973)
(-2.0966, -1.262, 3.6337)
(-2.5167, -1.5165, 3.4668)
(-3.0606, -1.8474, 3.2754)
(-3.632, -2.1997, 3.0889)
(-4.203, -2.5558, 2.917)
(-4.7684, -2.9093, 2.7424)
(-5.3175, -3.2306, 2.4519)
(-5.9278, -3.5323, 2.2488)
(-6.4769, -3.741, 2.0741)
(-2.1383, -0.7156, 3.4601)
(-2.6943, -1.0162, 3.2488)
(-3.2676, -1.3645, 3.0221)
(-3.8186, -1.7377, 2.7901)
(-4.3534, -2.1229, 2.5518)
(-4.9143, -2.5004, 2.3295)
(-5.5246, -2.8651, 2.1272)
(-6.1024, -3.1904, 1.9413)
(-6.5939, -3.395, 1.7147)
(-1.6722, 0.2023, 3.1853)
(-2.1919, -0.2123, 3.0813)
(-2.7801, -0.592, 2.8448)
(-3.32, -0.9914, 2.5815)
(-3.7989, -1.4236, 2.3179)
(-4.2794, -1.8426, 2.0439)
(-4.8112, -2.2151, 1.7894)
(-5.3547, -2.6218, 1.6451)
(-5.8568, -2.9714, 1.4973)
(-6.335, -3.2343, 1.2635)
(-1.7935, 0.5178, 2.7766)
(-2.2828, 0.1098, 2.5662)
(-2.7594, -0.3288, 2.3079)
(-3.18, -0.813, 2.0486)
(-3.5493, -1.3296, 1.8019)
(-3.9919, -1.7589, 1.5245)
(-4.495, -2.0973, 1.2714)
(-4.9451, -2.5385, 1.2186)
(-5.4139, -2.9523, 1.1646)
(-5.8441, -3.2711, 0.9608)
(-1.8462, 0.7884, 2.2513)
(-2.1905, 0.2805, 2.0112)
(-2.5657, -0.2269, 1.7518)
(-2.9021, -0.7766, 1.5168)
(-3.2103, -1.3423, 1.297)
(-3.629, -1.7958, 1.0256)
(-4.0879, -2.1975, 0.8013)
(-4.5129, -2.6688, 0.8384)
(-4.9835, -3.0927, 0.9694)
(-5.3015, -3.3748, 0.8652)
(-1.8507, 0.9951, 1.688)
(-2.0669, 0.4115, 1.4555)
(-2.324, -0.1644, 1.2089)
(-2.6118, -0.7484, 0.9869)
(-2.908, -1.3267, 0.7686)
(-3.2713, -1.8454, 0.5227)
(-3.6474, -2.3853, 0.3769)
(-4.1245, -2.8314, 0.5587)
(-4.6295, -3.2141, 0.8918)
(-5.0329, -3.4532, 0.877)
(-1.8799, 1.2105, 1.1214)
(-2.0896, 0.6113, 0.8932)
(-2.25, -0.0164, 0.6534)
(-2.4641, -0.6314, 0.4321)
(-2.7067, -1.2295, 0.2184)
(-2.9517, -1.8005, 0.0055)
(-3.1205, -2.3662, -0.1406)
(-1.9144, 1.4256, 0.5555)
(-2.1826, 0.8384, 0.339)
(-2.3481, 0.2098, 0.1048)
(-2.4979, -0.4143, -0.1188)
(-2.6326, -1.0272, -0.3281)
(-2.7212, -1.6127, -0.5217)
(-2.7173, -2.0844, -0.6459)
(-1.9458, 1.6454, -0.0084)
(-2.2417, 1.0689, -0.215)
(-2.3953, 0.4417, -0.4401)
(-2.4997, -0.1749, -0.6556)
(-2.5629, -0.7787, -0.86)
(-2.5408, -1.3557, -1.0464)
(-2.445, -1.803, -1.1697)
(-1.935, 1.8697, -0.5582)
(-2.1145, 1.2636, -0.7415)
(-2.1839, 0.6225, -0.9369)
(-2.2891, 0.0272, -1.1551)
(-2.404, -0.5308, -1.3783)
(-2.3477, -1.0824, -1.5673)
(-2.1985, -1.5072, -1.6943)
(-1.7163, 2.0452, -0.9989)
(-1.7635, 1.4083, -1.1777)
(-1.8622, 0.7926, -1.3964)
(-2.0749, 0.2568, -1.6381)
(-2.2285, -0.2689, -1.8901)
(-2.1413, -0.8052, -2.0885)
(-1.9514, -1.206, -2.2262)
(-1.6004, 2.121, -1.4305)
(-1.5198, 1.5665, -1.6173)
(-1.7141, 1.0458, -1.8671)
(-1.865, 0.5175, -2.0996)
(-1.9478, -0.0035, -2.3432)
(-1.8641, -0.5181, -2.5714)
(-1.6933, -0.8949, -2.7707)
(-1.7255, 2.0358, -1.9366)
(-1.6379, 1.5388, -2.0132)
(-1.7296, 1.1761, -2.3458)
(-1.7605, 0.6632, -2.5645)
(-1.8248, 0.182, -2.833)
(-1.7576, -0.294, -3.1208)
(-1.5866, -0.6295, -3.3857)
(-1.6776, 1.8096, -2.3637)
(-1.9224, 1.3777, -2.3356)
(-1.9194, 1.033, -2.7071)
(-1.896, 0.7424, -3.0663)
(-1.9894, 0.313, -3.3917)
(-1.9099, -0.1576, -3.709)
(-1.6794, -0.4504, -3.9904)
(-1.6624, 1.8252, -2.7756)
(-2.1781, 1.5032, -2.7237)
(-2.2798, 1.0285, -2.9803)
(-2.2237, 0.7422, -3.4201)
(-2.2973, 0.2352, -3.6458)
(-2.1824, -0.2817, -3.9207)
(-1.9213, -0.6116, -4.1677)
(-1.8405, 2.1887, -3.1706)
(-2.3544, 1.806, -3.1872)
(-2.6039, 1.2533, -3.3716)
(-2.6977, 0.7262, -3.6756)
(-2.6724, 0.1292, -3.862)
(-2.4227, -0.366, -4.1295)
(-2.129, -0.7051, -4.3465)
(-1.9668, 2.5255, -3.6028)
(-2.4298, 2.0409, -3.722)
(-2.771, 1.4689, -3.88)
(-2.9893, 0.869, -4.0905)
(-2.8999, 0.2809, -4.3564)
(-2.531, -0.1367, -4.6514)
(-2.1812, -0.4064, -4.8768)
(-1.9961, 2.7003, -4.0727)
(-2.4512, 2.197, -4.2023)
(-2.8375, 1.6455, -4.3499)
(-3.0898, 1.0498, -4.5491)
(-3.0305, 0.4599, -4.8113)
(-2.644, 0.0602, -5.0997)
(-2.2714, -0.1821, -5.303)
(-1.9669, -1.6796, 3.6803)
(-2.29, -1.9435, 3.5297)
(-2.8216, -2.2775, 3.3623)
(-3.3979, -2.6256, 3.1922)
(-3.9754, -2.9715, 3.028)
(-4.5309, -3.306, 2.843)
(-5.0165, -3.5649, 2.4648)
(-5.6035, -3.8885, 2.2451)
(-6.208, -4.1133, 2.1366)
(-1.6045, -0.5285, -3.7932)
(-1.7611, -0.373, -4.3129)
(-2.1929, -0.2514, -5.146)
(-5.1222, -3.464, 0.9203)
(-4.4511, -3.2709, 0.8849)
(-3.342, -2.5223, 0.0898)
(-2.8468, -2.23, -0.3911)
(-3.9106, -2.8659, 0.4345)
(-2.0675, -1.3576, -1.9528)
(-1.8179, -1.0455, -2.4868)
(-6.1221, -4.3425, 2.0731)
(-2.0888, -0.8497, -4.0852)
(-5.4692, -4.0485, 2.1943)
(-4.9309, -3.6629, 2.3853)
(-4.4318, -3.5048, 2.8406)
(-3.8596, -3.1443, 2.9991)
(-2.5605, -1.9542, -0.9105)
(-3.2844, -2.8052, 3.1989)
(-2.7077, -2.4572, 3.3755)
(-1.5486, -0.7095, -3.0384)
(-2.1284, -2.1054, 3.5309)
(-2.1544, -0.5687, -4.6201)
(-2.3111, -1.6609, -1.4293)
(1.9667, -0.5127, -5.7546)
(1.9244, 0.0144, -5.3776)
(2.1406, 0.3921, -5.0562)
(2.5601, 0.8079, -4.823)
(2.6671, 1.43, -4.6799)
(2.5402, 2.0936, -4.6102)
(2.0755, -0.7546, -5.3209)
(2.0083, -0.2609, -4.9783)
(2.3902, 2.6383, -4.5146)
(2.0289, 0.1776, -4.661)
(2.2715, 0.7087, -4.454)
(2.4, 1.3536, -4.3164)
(2.389, 2.0097, -4.1764)
(2.3579, 2.5333, -4.0375)
(2.1766, -1.0148, -4.7914)
(2.17, -0.5005, -4.4897)
(2.0507, 0.0393, -4.172)
(2.1283, 0.6454, -3.9911)
(2.2786, 1.2847, -3.8873)
(2.2909, 1.9085, -3.6775)
(2.362, 2.3646, -3.4881)
(2.2539, -1.2535, -4.2476)
(2.4306, -0.6917, -4.0193)
(2.3869, -0.0724, -3.7406)
(2.4117, 0.5487, -3.5204)
(2.4134, 1.1375, -3.4642)
(2.2802, 1.681, -3.4388)
(2.2711, 2.1314, -3.3665)
(2.2763, -1.4365, -3.682)
(2.623, -0.9003, -3.5235)
(2.702, -0.2653, -3.3121)
(2.6741, 0.367, -3.0607)
(2.4542, 0.9008, -3.0105)
(2.2125, 1.4095, -3.165)
(2.1375, 1.8795, -3.2291)
(2.2402, -1.5599, -3.0911)
(2.6766, -1.0764, -2.9552)
(2.7781, -0.4695, -2.7693)
(2.6572, 0.1512, -2.5414)
(2.5064, 0.7114, -2.4891)
(2.2897, 1.2388, -2.5741)
(2.0665, 1.6585, -2.5871)
(2.1844, -1.6448, -2.4932)
(2.6761, -1.2054, -2.3681)
(2.8526, -0.6184, -2.2252)
(2.7741, 0.0091, -2.0695)
(2.676, 0.6001, -2.0038)
(2.4524, 1.134, -1.9785)
(2.1444, 1.5605, -1.9198)
(2.1037, -1.6955, -1.8919)
(2.6265, -1.2779, -1.7719)
(2.9273, -0.6994, -1.6602)
(2.9799, -0.0563, -1.556)
(2.8423, 0.5407, -1.4577)
(2.6008, 1.1023, -1.3707)
(2.3792, 1.5799, -1.3032)
(2.0087, -1.7322, -1.2911)
(2.5472, -1.3244, -1.1724)
(2.8836, -0.7652, -1.0625)
(2.9646, -0.1226, -0.9592)
(2.8889, 0.496, -0.8584)
(2.7455, 1.0948, -0.7668)
(2.5973, 1.6014, -0.6959)
(1.9277, -1.791, -0.6927)
(2.4895, -1.3834, -0.5736)
(2.8805, -0.845, -0.4677)
(2.9927, -0.1927, -0.368)
(2.9578, 0.4596, -0.2676)
(2.8909, 1.0967, -0.1737)
(2.8065, 1.6327, -0.0964)
(1.8799, -1.8937, -0.1027)
(2.4657, -1.4713, 0.0235)
(2.9376, -0.9433, 0.1286)
(3.1289, -0.2734, 0.2141)
(3.1195, 0.4285, 0.3023)
(3.0697, 1.109, 0.4005)
(3.0119, 1.6832, 0.4963)
(1.7599, -1.898, 0.4628)
(2.3478, -1.4714, 0.5969)
(2.8799, -0.9759, 0.7156)
(3.1831, -0.333, 0.7997)
(3.2502, 0.3914, 0.8722)
(3.2435, 1.1065, 0.9655)
(3.2307, 1.7766, 1.0863)
(1.5496, -1.7833, 1.0153)
(2.1199, -1.3644, 1.1461)
(2.6551, -0.8969, 1.2676)
(3.0411, -0.31, 1.3674)
(3.2584, 0.3662, 1.4487)
(3.403, 1.0609, 1.5188)
(3.5256, 1.7699, 1.602)
(3.7216, 2.4041, 1.8123)
(1.338, -1.6733, 1.5782)
(1.8884, -1.2553, 1.6949)
(2.378, -0.772, 1.7864)
(2.7486, -0.1923, 1.8588)
(3.9511, 2.8776, 2.1868)
(3.0402, 0.4395, 1.9285)
(3.3046, 1.0874, 1.9902)
(4.1884, 3.2526, 2.6621)
(3.5473, 1.7451, 2.0441)
(4.4291, 3.5974, 2.9667)
(3.7925, 2.3904, 2.1187)
(1.1322, -1.5674, 2.1484)
(1.6754, -1.157, 2.264)
(2.191, -0.6967, 2.3381)
(4.0083, 2.9023, 2.2278)
(2.629, -0.1546, 2.3546)
(2.988, 0.439, 2.3545)
(4.1768, 3.3454, 2.4642)
(3.3158, 1.0504, 2.3709)
(3.6221, 1.6745, 2.3934)
(4.3376, 3.7981, 2.6973)
(0.9682, -1.481, 2.619)
(3.9201, 2.2991, 2.4259)
(1.4815, -1.0516, 2.8025)
(4.2091, 2.8497, 2.4393)
(2.0299, -0.5861, 2.9074)
(2.5974, -0.0947, 2.8985)
(3.0985, 0.4227, 2.8708)
(4.4668, 3.3649, 2.4599)
(3.5388, 0.9692, 2.8415)
(4.6376, 3.8586, 2.4889)
(3.9247, 1.5513, 2.8016)
(4.2469, 2.1716, 2.776)
(4.4808, 2.8007, 2.8445)
(1.9204, -0.3277, 3.4321)
(2.4571, 0.1104, 3.4337)
(3.0029, 0.5854, 3.4282)
(4.7591, 3.3768, 2.8899)
(3.5163, 1.0781, 3.4118)
(5.0565, 3.8268, 2.7891)
(3.989, 1.6043, 3.3761)
(4.3876, 2.2056, 3.3376)
(4.7433, 2.8101, 3.3356)
(1.8297, -0.006, 3.8932)
(2.2784, 0.3826, 3.9063)
(2.807, 0.8466, 3.9133)
(5.1034, 3.3504, 3.328)
(3.335, 1.321, 3.9105)
(5.4233, 3.7806, 3.2377)
(3.8598, 1.8061, 3.9041)
(4.3648, 2.3528, 3.8802)
(1.6493, 0.2917, 4.1963)
(2.0384, 0.6767, 4.2184)
(4.8637, 2.8801, 3.8503)
(2.5627, 1.1308, 4.2381)
(3.0918, 1.5904, 4.2485)
(5.3349, 3.3277, 3.8082)
(3.6273, 2.0454, 4.2716)
(5.6895, 3.7206, 3.7303)
(4.1585, 2.5275, 4.27)
(4.6995, 2.9964, 4.2477)
(5.2328, 3.4151, 4.2418)
(5.6412, 3.713, 4.1712)
(5.2995, 4.0096, 4.5873)
(4.7695, 3.5269, 3.0585)
(4.7711, 3.8599, 3.0235)
(4.6619, 4.295, 3.1714)
(4.6297, 4.6233, 3.6707)
(4.721, 4.6849, 4.2566)
(5.0187, 4.3942, 4.5654)
(0.993, 0.9421, 4.2528)
(1.4396, 1.328, 4.2644)
(1.9665, 1.7776, 4.2973)
(2.4979, 2.2239, 4.3203)
(3.0331, 2.6613, 4.3105)
(3.5828, 3.0744, 4.3774)
(4.0999, 3.4947, 4.4678)
(4.6057, 3.9727, 4.5171)
(0.5825, 1.242, 3.9966)
(1.0906, 1.6963, 4.0029)
(1.6383, 2.1451, 4.0033)
(2.1869, 2.5726, 3.9932)
(2.7144, 3.0203, 3.9912)
(3.2753, 3.4483, 4.0748)
(3.8113, 3.8389, 4.1831)
(4.3082, 4.2693, 4.2476)
(-0.8423, 0.7605, 3.341)
(-0.2686, 1.0836, 3.468)
(0.3052, 1.4856, 3.532)
(0.8798, 1.938, 3.5191)
(1.4569, 2.3386, 3.492)
(2.0316, 2.7128, 3.459)
(2.5783, 3.1106, 3.456)
(3.128, 3.5094, 3.5152)
(3.6892, 3.8842, 3.6115)
(4.2138, 4.2412, 3.6821)
(-0.9238, 0.9858, 2.9132)
(-0.3375, 1.289, 2.9315)
(0.2299, 1.676, 2.9428)
(0.8329, 2.0255, 2.9281)
(1.4535, 2.3119, 2.9093)
(2.0582, 2.6171, 2.8782)
(2.6483, 2.9493, 2.8731)
(3.1903, 3.3205, 2.9107)
(3.7322, 3.6838, 3.0626)
(4.2672, 3.9522, 3.2185)
(-0.9899, 1.2019, 2.3581)
(-0.3665, 1.4102, 2.3287)
(0.2295, 1.747, 2.331)
(0.8663, 1.9969, 2.3266)
(1.5298, 2.1683, 2.3307)
(2.1659, 2.4052, 2.3169)
(2.783, 2.6953, 2.317)
(3.3405, 3.0323, 2.3851)
(3.8572, 3.3082, 2.6854)
(4.3772, 3.5271, 3.0141)
(-1.045, 1.4161, 1.7939)
(-0.388, 1.5062, 1.7383)
(0.2526, 1.7351, 1.7269)
(0.9134, 1.9126, 1.7308)
(1.5939, 2.0262, 1.7452)
(2.2562, 2.2041, 1.7487)
(2.915, 2.406, 1.7675)
(3.48, 2.6708, 1.9686)
(3.9574, 2.9646, 2.4052)
(4.4219, 3.2425, 2.8561)
(-1.0881, 1.678, 1.2511)
(-0.4103, 1.6951, 1.1825)
(0.2649, 1.7672, 1.1352)
(0.9434, 1.8696, 1.1332)
(1.6232, 1.9607, 1.1516)
(2.2895, 2.0791, 1.1643)
(2.9145, 2.1472, 1.1781)
(-1.1188, 1.9628, 0.7213)
(-0.4436, 2.0165, 0.6778)
(0.2436, 2.0088, 0.6079)
(0.927, 2.0503, 0.5883)
(1.5924, 2.1123, 0.5997)
(2.238, 2.1247, 0.5927)
(2.7683, 2.0289, 0.5677)
(-1.145, 2.223, 0.1783)
(-0.4803, 2.3603, 0.1816)
(0.2076, 2.3839, 0.1335)
(0.8817, 2.4038, 0.1036)
(1.5249, 2.3962, 0.085)
(2.1245, 2.2544, 0.0337)
(2.5891, 2.0035, -0.0312)
(-1.1786, 2.4741, -0.3709)
(-0.518, 2.6528, -0.3476)
(0.169, 2.7145, -0.3719)
(0.836, 2.7179, -0.4069)
(1.4455, 2.6042, -0.46)
(1.9794, 2.3178, -0.5411)
(2.3836, 1.98, -0.6258)
(-1.2208, 2.7332, -0.9113)
(-0.5585, 2.8982, -0.9018)
(0.1303, 2.9538, -0.9252)
(0.7909, 2.9158, -0.9659)
(1.3268, 2.6715, -1.0238)
(1.7934, 2.297, -1.1165)
(2.1724, 1.9516, -1.228)
(-1.2498, 2.8728, -1.4778)
(-0.5995, 3.03, -1.4827)
(0.0805, 3.0021, -1.4987)
(0.6801, 2.8247, -1.4466)
(1.125, 2.4942, -1.4828)
(1.5734, 2.163, -1.6581)
(1.9492, 1.8779, -1.8211)
(-1.2241, 2.8018, -2.0549)
(-0.6311, 2.9535, -2.0531)
(0.0186, 2.7907, -2.0229)
(0.5912, 2.5354, -1.875)
(1.0447, 2.3542, -1.9372)
(1.511, 2.2019, -2.237)
(1.8803, 1.9588, -2.4579)
(-1.0056, 2.5418, -2.4653)
(-0.4873, 2.8421, -2.4919)
(0.0913, 2.7635, -2.4708)
(0.6642, 2.5627, -2.3207)
(1.1517, 2.5537, -2.4288)
(1.6061, 2.4802, -2.7764)
(1.9642, 2.2288, -3.0404)
(-0.8043, 2.3479, -2.8717)
(-0.2498, 2.7243, -2.8982)
(0.2554, 2.9581, -2.8291)
(0.7783, 2.9733, -2.6494)
(1.3401, 2.9477, -2.6859)
(1.8594, 2.798, -2.9381)
(2.2252, 2.4913, -3.182)
(-0.9001, 2.5686, -3.2721)
(-0.2712, 2.8164, -3.3219)
(0.2868, 3.1233, -3.22)
(0.8514, 3.3178, -3.0334)
(1.4993, 3.3301, -2.9711)
(2.0716, 3.1243, -3.1267)
(2.4137, 2.743, -3.3504)
(-1.0901, 3.0249, -3.561)
(-0.4619, 3.274, -3.5745)
(0.1809, 3.4917, -3.5153)
(0.8319, 3.6445, -3.427)
(1.4829, 3.6532, -3.4406)
(2.0026, 3.3767, -3.6399)
(2.2972, 2.955, -3.8872)
(-1.1567, 3.2798, -3.9271)
(-0.5219, 3.494, -3.8115)
(0.1254, 3.6159, -3.6529)
(0.7732, 3.7225, -3.6327)
(1.4005, 3.7799, -3.8231)
(1.8971, 3.5552, -4.0937)
(2.2039, 3.1427, -4.3383)
(1.3359, 0.6373, 4.3284)
(1.7705, 0.9673, 4.3325)
(2.2935, 1.4132, 4.3667)
(2.8191, 1.8628, 4.3919)
(3.3499, 2.2976, 4.3969)
(3.8739, 2.7215, 4.4098)
(4.3917, 3.1541, 4.4209)
(4.935, 3.6166, 4.4593)
(1.6268, -0.7621, -5.8548)
(1.0986, -0.549, -5.5993)
(0.552, -0.3595, -5.3715)
(-0.1097, -0.4219, -5.411)
(-0.7794, -0.5031, -5.5162)
(-1.4549, -0.4448, -5.5035)
(1.6678, -1.0447, -5.4314)
(1.0825, -0.8994, -5.2465)
(-1.9861, -0.2794, -5.3936)
(0.5069, -0.6827, -4.9942)
(-0.1261, -0.6382, -4.9585)
(-0.7773, -0.7207, -5.0691)
(-1.4399, -0.7016, -5.0698)
(-1.9652, -0.5189, -4.9534)
(1.7151, -1.3434, -4.9103)
(1.0929, -1.2606, -4.7858)
(0.4914, -1.0286, -4.5284)
(-0.1003, -0.9125, -4.4534)
(-0.7267, -0.9911, -4.5537)
(-1.4057, -1.0109, -4.565)
(-1.9251, -0.8197, -4.4527)
(1.7453, -1.6189, -4.3764)
(1.1178, -1.6375, -4.3554)
(0.5389, -1.4346, -4.132)
(0.0043, -1.2254, -3.9979)
(-0.6053, -1.1397, -4.0304)
(-1.258, -1.0132, -4.1243)
(-1.7469, -0.744, -4.2259)
(1.7133, -1.7933, -3.8121)
(1.0638, -1.9345, -3.9031)
(0.4467, -1.8511, -3.8459)
(-0.1169, -1.5805, -3.7606)
(-0.6272, -1.2557, -3.6585)
(-1.0886, -0.9348, -3.7181)
(-1.5062, -0.6089, -3.9932)
(1.6406, -1.867, -3.2152)
(0.9834, -2.044, -3.33)
(0.3094, -2.0985, -3.4315)
(-0.3353, -1.9595, -3.5016)
(-0.8311, -1.62, -3.4216)
(-1.1637, -1.1785, -3.3408)
(-1.4402, -0.777, -3.4051)
(1.5693, -1.9256, -2.615)
(0.917, -2.115, -2.7347)
(0.2536, -2.2347, -2.8553)
(-0.3946, -2.2117, -2.956)
(-0.9683, -1.9724, -2.9815)
(-1.3408, -1.4986, -2.8866)
(-1.5659, -1.0315, -2.7826)
(1.4888, -1.9814, -2.0148)
(0.8477, -2.2044, -2.14)
(0.1954, -2.3639, -2.2669)
(-0.4467, -2.3721, -2.3648)
(-1.027, -2.1713, -2.3874)
(-1.465, -1.767, -2.3128)
(-1.7844, -1.3559, -2.2322)
(1.4056, -2.0499, -1.4166)
(0.7847, -2.3268, -1.55)
(0.143, -2.5208, -1.6828)
(-0.4997, -2.5262, -1.7753)
(-1.091, -2.3294, -1.7946)
(-1.603, -1.989, -1.7504)
(-2.0086, -1.6495, -1.7018)
(1.3384, -2.1593, -0.825)
(0.7385, -2.5049, -0.9728)
(0.0969, -2.7303, -1.1146)
(-0.5637, -2.7063, -1.2002)
(-1.1831, -2.4942, -1.2193)
(-1.7613, -2.2078, -1.2036)
(-2.2347, -1.931, -1.1805)
(1.2906, -2.3007, -0.2426)
(0.6949, -2.7019, -0.3988)
(0.0458, -2.9817, -0.554)
(-0.648, -2.9641, -0.6575)
(-1.313, -2.7329, -0.6914)
(-1.945, -2.4584, -0.6893)
(-2.475, -2.2086, -0.6705)
(1.1719, -2.3145, 0.3235)
(0.5798, -2.7306, 0.1758)
(-0.0484, -3.0857, 0.0226)
(-0.7431, -3.1724, -0.106)
(-1.4481, -2.9888, -0.1759)
(-2.1241, -2.735, -0.197)
(-2.761, -2.4982, -0.1828)
(0.9764, -2.1938, 0.8815)
(0.4039, -2.6, 0.7432)
(-0.1846, -2.977, 0.5996)
(-0.839, -3.1291, 0.4654)
(-1.5387, -3.0521, 0.3766)
(-2.2313, -2.9469, 0.3203)
(-2.9168, -2.8654, 0.2338)
(-3.5814, -2.923, 0.249)
(0.7767, -2.0758, 1.4482)
(0.2198, -2.4779, 1.3121)
(-0.3394, -2.8649, 1.171)
(-0.9401, -3.109, 1.0115)
(-4.18, -3.0886, 0.4887)
(-1.5867, -3.2117, 0.8526)
(-2.2498, -3.2858, 0.6998)
(-4.7563, -3.208, 0.7813)
(-2.9026, -3.3584, 0.4908)
(-5.2011, -3.1674, 0.8828)
(-3.5578, -3.4198, 0.302)
(0.5733, -1.9639, 2.0189)
(0.0147, -2.3503, 1.8851)
(-0.5473, -2.7443, 1.7302)
(-4.2107, -3.3873, 0.3136)
(-1.125, -3.1134, 1.5357)
(-1.7218, -3.4048, 1.3131)
(-4.8066, -3.2766, 0.5264)
(-2.3375, -3.6186, 1.0745)
(-2.9658, -3.7766, 0.8218)
(-5.3047, -3.1563, 0.6709)
(0.4117, -1.8814, 2.491)
(-3.6049, -3.8944, 0.5822)
(-0.1798, -2.2301, 2.4254)
(-4.2643, -3.8933, 0.4405)
(-0.7996, -2.5669, 2.277)
(-1.4071, -2.9309, 2.0379)
(-1.9955, -3.2831, 1.8141)
(-4.9118, -3.7301, 0.4431)
(-2.5828, -3.5975, 1.586)
(-5.4438, -3.5381, 0.4867)
(-3.1828, -3.8526, 1.3303)
(-3.7993, -4.0404, 1.0555)
(-4.4143, -4.2, 0.8381)
(-1.1383, -2.478, 2.7683)
(-1.7108, -2.7724, 2.5267)
(-2.3064, -3.0939, 2.292)
(-5.0425, -4.2098, 0.7322)
(-2.8889, -3.4261, 2.0752)
(-5.5929, -4.0748, 0.6982)
(-3.473, -3.7411, 1.8464)
(-4.0852, -3.9782, 1.579)
(-4.6743, -4.2362, 1.3229)
(-1.5251, -2.3791, 3.1863)
(-2.0266, -2.6305, 2.9989)
(-2.615, -2.9306, 2.7766)
(-5.2397, -4.4785, 1.1539)
(-3.1991, -3.2501, 2.5575)
(-5.7534, -4.54, 1.0339)
(-3.7773, -3.5895, 2.344)
(-4.3772, -3.8882, 2.0881)
(-1.8252, -2.1807, 3.4721)
(-2.2996, -2.4139, 3.3369)
(-4.9571, -4.1744, 1.8203)
(-2.8776, -2.74, 3.1491)
(-3.4584, -3.0679, 2.9444)
(-5.4921, -4.515, 1.642)
(-4.0359, -3.4101, 2.7457)
(-5.9614, -4.7493, 1.4931)
(-4.6041, -3.7051, 2.4732)
(-5.1539, -4.0032, 2.1909)
(-5.708, -4.3471, 2.0227)
(-6.1358, -4.6256, 1.8833)
(-6.4346, -4.1173, 2.1192)
(-5.0724, -3.4926, 0.7034)
(-5.3399, -3.3496, 0.6985)
(-5.924, -3.2589, 0.7901)
(-6.4369, -3.2929, 1.0925)
(-6.7327, -3.4702, 1.5704)
(-6.6912, -3.7894, 1.9919)
(-2.295, -1.3822, 3.5528)
(-2.7773, -1.6746, 3.3727)
(-3.3467, -2.0232, 3.1809)
(-3.9172, -2.3771, 2.9993)
(-4.4889, -2.7353, 2.8411)
(-5.0388, -3.0727, 2.5998)
(-5.6194, -3.387, 2.339)
(-6.2194, -3.6537, 2.1607)
(-2.4173, -0.862, 3.3537)
(-2.9801, -1.185, 3.1375)
(-3.547, -1.549, 2.9068)
(-4.0858, -1.93, 2.6705)
(-4.6271, -2.3132, 2.4381)
(-5.2183, -2.6844, 2.2254)
(-5.8186, -3.039, 2.035)
(-6.3734, -3.3061, 1.8371)
(-1.4055, 0.4021, 3.2332)
(-1.9296, -0.0056, 3.1415)
(-2.4866, -0.404, 2.9722)
(-3.0587, -0.7869, 2.7135)
(-3.564, -1.2053, 2.4502)
(-4.0346, -1.6394, 2.1825)
(-4.5394, -2.0284, 1.9064)
(-5.0876, -2.4185, 1.7082)
(-5.6041, -2.8054, 1.5779)
(-6.1221, -3.1214, 1.3962)
(-1.522, 0.7008, 2.8499)
(-2.043, 0.3187, 2.6802)
(-2.5239, -0.1053, 2.4399)
(-2.9794, -0.564, 2.1762)
(-3.3633, -1.074, 1.9263)
(-3.758, -1.5612, 1.668)
(-4.2448, -1.9246, 1.38)
(-4.7245, -2.3108, 1.2276)
(-5.1731, -2.7493, 1.2043)
(-5.6575, -3.1493, 1.0857)
(-1.6038, 0.9928, 2.3304)
(-2.028, 0.5415, 2.1398)
(-2.3742, 0.0272, 1.8799)
(-2.7428, -0.4946, 1.6302)
(-3.0496, -1.0666, 1.41)
(-3.4063, -1.5838, 1.1666)
(-3.8618, -1.9921, 0.8908)
(-4.298, -2.4301, 0.7895)
(-4.7501, -2.8893, 0.9148)
(-5.1774, -3.2737, 0.9568)
(-1.6417, 1.2252, 1.7704)
(-1.9744, 0.7122, 1.5785)
(-2.1847, 0.1207, 1.3303)
(-2.4684, -0.4539, 1.0949)
(-2.7539, -1.0437, 0.8809)
(-3.0849, -1.5885, 0.6449)
(-3.4539, -2.1151, 0.4216)
(-3.8764, -2.6191, 0.4307)
(-4.3787, -3.0332, 0.7377)
(-4.8652, -3.3566, 0.9381)
(-1.675, 1.4513, 1.2073)
(-2.0071, 0.9223, 1.0128)
(-2.1652, 0.2965, 0.7719)
(-2.3512, -0.3257, 0.5404)
(-2.5826, -0.9334, 0.3262)
(-2.8346, -1.518, 0.1072)
(-3.0447, -2.0809, -0.0747)
(-1.6994, 1.6691, 0.6414)
(-2.0702, 1.1431, 0.4522)
(-2.2708, 0.5251, 0.2218)
(-2.4237, -0.1038, -0.0092)
(-2.5683, -0.7214, -0.2242)
(-2.6867, -1.3303, -0.4309)
(-2.7287, -1.8593, -0.5906)
(-1.7205, 1.8844, 0.0754)
(-2.1174, 1.3694, -0.107)
(-2.3296, 0.7566, -0.3275)
(-2.4512, 0.1309, -0.5496)
(-2.5393, -0.477, -0.7586)
(-2.5633, -1.0788, -0.9591)
(-2.4985, -1.5916, -1.1139)
(-1.7378, 2.1176, -0.4775)
(-2.0528, 1.5794, -0.6477)
(-2.1511, 0.9406, -0.8371)
(-2.2287, 0.3176, -1.0435)
(-2.3585, -0.2517, -1.2682)
(-2.3965, -0.8159, -1.4801)
(-2.2778, -1.3075, -1.6362)
(-1.6393, 2.3356, -0.9532)
(-1.7464, 1.7305, -1.0776)
(-1.7976, 1.0919, -1.2846)
(-1.9613, 0.5173, -1.514)
(-2.1753, -0.0018, -1.7667)
(-2.2101, -0.5464, -1.9982)
(-2.0507, -1.0193, -2.1621)
(-1.5963, 2.4218, -1.4333)
(-1.5446, 1.8352, -1.5006)
(-1.5961, 1.3059, -1.7437)
(-1.8016, 0.7814, -1.9837)
(-1.9207, 0.2583, -2.2209)
(-1.9246, -0.2711, -2.4608)
(-1.7847, -0.7207, -2.6741)
(-1.6452, 2.3155, -1.9789)
(-1.6886, 1.7675, -1.9377)
(-1.6696, 1.3611, -2.173)
(-1.7504, 0.9309, -2.4651)
(-1.7957, 0.4186, -2.6892)
(-1.8103, -0.0647, -2.9791)
(-1.6805, -0.4771, -3.2553)
(-1.4733, 2.0501, -2.4074)
(-1.8326, 1.5842, -2.3138)
(-1.9415, 1.1928, -2.491)
(-1.8929, 0.8942, -2.8987)
(-1.9449, 0.5459, -3.2288)
(-1.9766, 0.0658, -3.5549)
(-1.8058, -0.3252, -3.8489)
(-1.3693, 1.9849, -2.8163)
(-1.9541, 1.681, -2.7285)
(-2.2765, 1.2587, -2.8087)
(-2.2423, 0.8834, -3.2103)
(-2.261, 0.5157, -3.5477)
(-2.2691, -0.0425, -3.7761)
(-2.0601, -0.463, -4.0501)
(-1.5341, 2.3295, -3.1926)
(-2.1238, 2.0204, -3.164)
(-2.5089, 1.537, -3.255)
(-2.6631, 0.9915, -3.5286)
(-2.7093, 0.43, -3.7727)
(-2.5673, -0.1412, -3.9888)
(-2.2734, -0.5441, -4.2497)
(-1.6901, 2.7188, -3.5662)
(-2.2145, 2.2981, -3.6565)
(-2.6128, 1.7613, -3.7956)
(-2.9062, 1.1718, -3.9782)
(-2.9894, 0.5632, -4.2163)
(-2.7305, 0.048, -4.5079)
(-2.349, -0.2827, -4.7706)
(-1.7366, 2.9217, -4.0197)
(-2.233, 2.4567, -4.1348)
(-2.6542, 1.9265, -4.2723)
(-2.9909, 1.3532, -4.4416)
(-3.1083, 0.7416, -4.6726)
(-2.8568, 0.2339, -4.9602)
(-2.4489, -0.0731, -5.212)
(-2.1097, -1.8058, 3.6069)
(-2.5389, -2.1045, 3.4471)
(-3.1096, -2.452, 3.2771)
(-3.6865, -2.798, 3.1073)
(-4.2618, -3.1459, 2.9536)
(-4.7713, -3.4356, 2.6576)
(-5.2974, -3.7245, 2.3335)
(-5.9194, -4.0266, 2.1804)
