(1.3323, -0.3081, -5.9007)
(1.5335, 0.1188, -5.5035)
(2.0863, 0.2691, -5.3011)
(2.5277, 0.6602, -5.0984)
(2.6198, 1.3053, -5.0084)
(1.4101, -0.575, -5.5647)
(1.4982, -0.1371, -5.1653)
(2.6449, 1.9482, -4.8872)
(1.9548, 0.1377, -4.928)
(2.6501, 2.3441, -4.7246)
(2.3497, 0.6113, -4.7289)
(2.5579, 1.2451, -4.6142)
(2.6018, 1.8679, -4.4685)
(2.6443, 2.3639, -4.3818)
(1.5097, -0.8976, -5.1131)
(1.4867, -0.4289, -4.7335)
(1.734, 0.0602, -4.4795)
(2.0361, 0.6047, -4.3284)
(2.3366, 1.2038, -4.18)
(2.4954, 1.7586, -3.9451)
(2.7725, 2.1158, -3.8329)
(1.628, -1.1948, -4.6192)
(1.7287, -0.6509, -4.2858)
(1.8808, -0.0697, -3.9882)
(2.1586, 0.4838, -3.8643)
(2.392, 1.0635, -3.7481)
(2.458, 1.5798, -3.524)
(2.8731, 1.8237, -3.3057)
(1.7483, -1.4835, -4.1291)
(2.0488, -0.9393, -3.9121)
(2.2297, -0.3376, -3.6364)
(2.387, 0.2378, -3.4389)
(2.2941, 0.7975, -3.4767)
(2.3194, 1.3195, -3.5259)
(2.3392, 1.7882, -3.6172)
(1.7821, -1.6945, -3.5763)
(2.1996, -1.2081, -3.4181)
(2.3761, -0.6079, -3.1629)
(2.4337, -0.0108, -2.9401)
(2.2852, 0.5509, -2.9726)
(2.2626, 1.1094, -3.0518)
(2.2637, 1.445, -3.0592)
(1.7789, -1.8506, -2.9936)
(2.241, -1.4205, -2.8637)
(2.3607, -0.8232, -2.6445)
(2.4171, -0.2154, -2.4604)
(2.4727, 0.3476, -2.4683)
(2.3157, 0.8907, -2.4108)
(2.068, 1.2676, -2.3143)
(1.7541, -1.9477, -2.3964)
(2.2895, -1.57, -2.2965)
(2.5701, -0.9981, -2.1649)
(2.6783, -0.3871, -2.0292)
(2.6446, 0.2038, -1.9217)
(2.5222, 0.7699, -1.8082)
(2.4197, 1.2153, -1.7152)
(1.709, -2.0017, -1.7924)
(2.2776, -1.6535, -1.7028)
(2.6367, -1.1076, -1.594)
(2.7908, -0.5008, -1.4696)
(2.7938, 0.1054, -1.3373)
(2.758, 0.6877, -1.2199)
(2.7151, 1.1399, -1.1292)
(1.662, -2.0496, -1.1884)
(2.2567, -1.7346, -1.1044)
(2.6361, -1.2016, -0.9997)
(2.8183, -0.5878, -0.877)
(2.9219, 0.027, -0.751)
(2.9832, 0.6182, -0.6379)
(3.0048, 1.0771, -0.5473)
(1.6363, -2.1379, -0.5909)
(2.2781, -1.8477, -0.5124)
(2.7339, -1.3426, -0.4232)
(2.9538, -0.7024, -0.3088)
(3.0993, -0.0549, -0.1858)
(3.2147, 0.5591, -0.0678)
(3.2865, 1.0274, 0.0307)
(1.6094, -2.2281, -0.0066)
(2.2889, -1.9467, 0.0785)
(2.8351, -1.4829, 0.1554)
(3.1325, -0.8293, 0.2431)
(3.3116, -0.1441, 0.3576)
(3.4588, 0.5094, 0.4887)
(3.5583, 1.0191, 0.6193)
(1.4936, -2.134, 0.5653)
(2.1703, -1.871, 0.6574)
(2.7792, -1.4911, 0.7421)
(3.1858, -0.9023, 0.8207)
(3.4622, -0.2408, 0.9136)
(3.7053, 0.4283, 1.0273)
(3.9419, 1.1734, 1.2261)
(1.3566, -1.9992, 1.1404)
(2.007, -1.73, 1.2221)
(2.5975, -1.3541, 1.297)
(3.0808, -0.8468, 1.3778)
(4.4322, 1.4509, 1.7357)
(3.5034, -0.284, 1.4508)
(3.8877, 0.3103, 1.506)
(5.0281, 1.6643, 2.0951)
(4.2671, 0.9041, 1.5795)
(5.4455, 1.8428, 2.6325)
(4.6382, 1.4148, 1.7514)
(1.2226, -1.8736, 1.7256)
(1.8504, -1.5931, 1.7874)
(2.4156, -1.2026, 1.8217)
(5.605, 2.117, 2.6912)
(2.8938, -0.7078, 1.8467)
(4.8905, 1.7915, 2.1035)
(3.3503, -0.1869, 1.8867)
(3.7937, 0.3481, 1.9349)
(5.2337, 2.0973, 2.4888)
(4.2332, 0.8864, 1.9895)
(5.5566, 2.3987, 2.6429)
(4.6732, 1.3759, 2.0308)
(1.1064, -1.7568, 2.2976)
(1.7424, -1.496, 2.3833)
(2.3992, -1.187, 2.3858)
(5.0753, 1.7347, 2.0134)
(2.9957, -0.7948, 2.3369)
(3.5383, -0.353, 2.295)
(5.374, 2.1832, 2.1649)
(4.0436, 0.127, 2.2636)
(1.0133, -1.655, 2.7535)
(5.6118, 2.5831, 2.2715)
(4.5226, 0.6344, 2.237)
(4.9601, 1.1572, 2.2541)
(2.3412, -1.0014, 2.941)
(1.5465, -1.3229, 3.0377)
(5.3338, 1.6506, 2.3314)
(3.0073, -0.6854, 2.8916)
(3.6322, -0.3422, 2.8438)
(5.759, 2.0675, 2.2947)
(4.2151, 0.049, 2.7856)
(6.0413, 2.4355, 2.2067)
(4.7453, 0.5053, 2.7238)
(5.2103, 1.0343, 2.7111)
(1.8215, -0.981, 3.4761)
(2.3443, -0.7575, 3.465)
(5.6487, 1.5362, 2.7627)
(2.969, -0.4657, 3.437)
(3.6066, -0.1477, 3.3991)
(6.0997, 1.9592, 2.7188)
(4.233, 0.1893, 3.3514)
(6.4571, 2.2367, 2.5581)
(4.8403, 0.5742, 3.2941)
(5.4178, 1.0427, 3.2374)
(1.8399, -0.6644, 3.9038)
(2.2645, -0.4259, 3.8885)
(5.9729, 1.4258, 3.1898)
(2.8568, -0.1399, 3.8744)
(3.4891, 0.167, 3.8479)
(6.463, 1.7739, 3.1061)
(4.1253, 0.4751, 3.82)
(1.8713, -0.3802, 4.0964)
(6.8307, 2.0568, 2.9943)
(4.7678, 0.7985, 3.7932)
(2.0902, -0.1317, 4.1572)
(2.7242, 0.163, 4.1479)
(5.4167, 1.1607, 3.7376)
(3.3564, 0.4575, 4.1382)
(6.0483, 1.4505, 3.6845)
(3.9853, 0.7546, 4.1102)
(4.6264, 1.0174, 4.1386)
(6.5881, 1.7176, 3.6101)
(5.2219, 1.3643, 4.0476)
(6.9678, 1.9378, 3.4962)
(5.8732, 1.6257, 4.0124)
(6.8102, 1.8658, 3.7982)
(6.5249, 1.8915, 4.0087)
(-0.201, 3.7338, -3.8554)
(0.4575, 3.5997, -3.7179)
(1.0874, 3.4677, -3.5718)
(1.702, 3.4497, -3.7921)
(2.2442, 3.4194, -4.137)
(-0.2037, 3.6436, -3.4993)
(0.4764, 3.6796, -3.4715)
(2.5337, 3.0088, -4.4654)
(1.1562, 3.6576, -3.4463)
(2.6466, 2.6254, -4.6114)
(1.8088, 3.5548, -3.5374)
(2.3331, 3.2823, -3.7723)
(2.5753, 2.8, -4.0881)
(2.65, 2.3818, -4.3729)
(-0.1537, 3.1825, -3.2748)
(0.5135, 3.2482, -3.3329)
(1.1665, 3.3025, -3.2565)
(1.8174, 3.2337, -3.1869)
(2.3945, 3.0012, -3.3024)
(2.6896, 2.547, -3.5922)
(2.7882, 2.1295, -3.8296)
(-0.0623, 2.7662, -2.975)
(0.5757, 2.9227, -2.9798)
(1.1238, 3.0496, -2.8345)
(1.7138, 2.9092, -2.7483)
(2.273, 2.6827, -2.9063)
(2.6417, 2.2776, -3.1812)
(2.8752, 1.8443, -3.296)
(-0.0982, 2.8379, -2.5053)
(0.4796, 2.9598, -2.5665)
(0.9798, 2.7262, -2.5366)
(1.4847, 2.5024, -2.4631)
(1.9133, 2.3919, -2.808)
(2.2542, 2.0698, -3.1164)
(2.3438, 1.7998, -3.5868)
(-0.2693, 3.1099, -2.1135)
(0.2987, 2.9215, -2.1453)
(0.8345, 2.5304, -2.1315)
(1.3132, 2.219, -2.0646)
(1.7213, 2.1087, -2.4147)
(2.0807, 1.8182, -2.7307)
(2.257, 1.5256, -3.0437)
(-0.2493, 3.2231, -1.578)
(0.3897, 3.0543, -1.6415)
(0.9563, 2.7143, -1.6645)
(1.3561, 2.2966, -1.5983)
(1.6683, 1.9355, -1.8559)
(2.0347, 1.5903, -2.1135)
(2.1157, 1.2278, -2.3254)
(-0.1892, 3.1318, -0.9952)
(0.4887, 3.0305, -1.0697)
(1.127, 2.8262, -1.1576)
(1.6301, 2.4978, -1.235)
(1.9317, 2.0181, -1.3761)
(2.2694, 1.5857, -1.5607)
(2.4423, 1.2079, -1.7305)
(-0.1611, 2.8787, -0.4492)
(0.5226, 2.8053, -0.5142)
(1.1828, 2.6541, -0.6086)
(1.7634, 2.4164, -0.7173)
(2.1925, 2.0137, -0.8506)
(2.5266, 1.5486, -0.9993)
(2.7353, 1.1496, -1.1296)
(-0.1483, 2.5865, 0.0827)
(0.528, 2.4948, 0.0068)
(1.1876, 2.3401, -0.0928)
(1.8073, 2.1595, -0.1835)
(2.3462, 1.8766, -0.2971)
(2.7546, 1.4699, -0.4326)
(3.0169, 1.0944, -0.545)
(-0.1485, 2.2745, 0.6005)
(0.5095, 2.1207, 0.4829)
(1.167, 1.9509, 0.3705)
(1.8179, 1.8136, 0.3031)
(2.4336, 1.6433, 0.2341)
(2.954, 1.3668, 0.1294)
(3.2947, 1.0468, 0.0382)
(-0.1612, 1.9255, 1.0922)
(0.486, 1.7444, 0.9504)
(1.1519, 1.6081, 0.8506)
(1.8263, 1.4989, 0.798)
(2.4894, 1.3989, 0.7549)
(3.1073, 1.2768, 0.6983)
(3.5619, 1.0545, 0.6433)
(-0.1671, 1.6005, 1.5961)
(0.496, 1.5182, 1.4906)
(1.1753, 1.5096, 1.4258)
(1.8572, 1.4298, 1.3786)
(2.5406, 1.3675, 1.335)
(3.2192, 1.346, 1.2866)
(3.9567, 1.2343, 1.271)
(-0.1358, 1.3646, 2.1444)
(0.5263, 1.4459, 2.0797)
(1.2035, 1.5356, 2.0278)
(1.8871, 1.5095, 1.9761)
(4.4411, 1.4622, 1.7799)
(2.5709, 1.4798, 1.9275)
(3.2487, 1.5517, 1.8662)
(5.1037, 1.6722, 2.17)
(3.9186, 1.6341, 1.8689)
(5.5278, 1.8172, 2.6871)
(4.5172, 1.7892, 2.0638)
(-0.0837, 1.1754, 2.717)
(0.5634, 1.3543, 2.6809)
(1.2297, 1.5217, 2.6325)
(5.8022, 1.9477, 2.739)
(1.9078, 1.5981, 2.5726)
(5.0907, 1.8187, 2.4871)
(2.5827, 1.6446, 2.5113)
(3.2428, 1.7888, 2.4381)
(5.6358, 1.9752, 2.7058)
(3.8969, 1.9355, 2.4181)
(6.0319, 2.1824, 2.6707)
(4.4975, 2.1666, 2.4768)
(-0.0354, 0.9635, 3.2574)
(0.604, 1.1617, 3.2725)
(1.2698, 1.4087, 3.2318)
(5.1231, 2.242, 2.7307)
(1.9384, 1.6141, 3.1669)
(2.5971, 1.7828, 3.0897)
(5.6503, 2.3687, 2.7917)
(3.2479, 1.9666, 3.0207)
(0.0209, 0.7103, 3.6499)
(6.0483, 2.6774, 2.6363)
(3.8865, 2.1689, 3.0034)
(4.5162, 2.3925, 3.0424)
(1.3946, 1.1438, 3.758)
(0.6542, 0.7466, 3.8511)
(5.1558, 2.5759, 3.1289)
(2.0525, 1.4362, 3.7121)
(2.7016, 1.6854, 3.6503)
(5.7011, 2.7459, 3.1306)
(3.3382, 1.9384, 3.5946)
(6.1526, 3.0594, 3.0367)
(3.9608, 2.225, 3.5897)
(4.6292, 2.439, 3.6491)
(1.1487, 0.4983, 4.1032)
(1.6537, 0.7521, 4.0851)
(5.2403, 2.6599, 3.6921)
(2.2685, 1.0437, 4.0717)
(2.9064, 1.3285, 4.0503)
(5.8212, 2.917, 3.7032)
(3.5414, 1.6118, 4.0147)
(6.2421, 3.2143, 3.6418)
(4.1818, 1.8905, 3.9979)
(4.8413, 2.1277, 4.0918)
(1.4781, 0.0986, 4.2269)
(1.9248, 0.2881, 4.1871)
(5.4221, 2.4121, 4.1292)
(2.5178, 0.5601, 4.1815)
(3.147, 0.8498, 4.1867)
(6.0217, 2.7287, 4.1559)
(3.7741, 1.1355, 4.1645)
(1.7449, -0.1211, 4.2068)
(6.4302, 2.9924, 4.1215)
(4.3992, 1.3983, 4.1237)
(2.0801, -0.1184, 4.1689)
(2.7092, 0.1762, 4.1565)
(5.0236, 1.6479, 4.161)
(3.3402, 0.4685, 4.1502)
(5.6493, 1.9417, 4.1538)
(3.9656, 0.7685, 4.1124)
(4.6057, 1.0305, 4.1351)
(6.2589, 2.26, 4.1933)
(5.2021, 1.3594, 4.0245)
(6.6403, 2.511, 4.2614)
(5.8018, 1.6227, 3.9981)
(6.6332, 2.152, 4.2647)
(6.5186, 1.9093, 4.0295)
(1.1122, -0.7143, -6.198)
(0.654, -0.5454, -6.0256)
(0.2926, -0.1673, -5.657)
(-0.3009, 0.0175, -5.5337)
(-0.9757, 0.08, -5.5944)
(-1.6376, 0.2556, -5.5818)
(1.1375, -0.9795, -5.833)
(0.6212, -0.8491, -5.7086)
(0.2212, -0.4782, -5.3617)
(-2.2149, 0.5229, -5.454)
(-0.3495, -0.2397, -5.1842)
(-2.5261, 0.7285, -5.2544)
(-1.0078, -0.1353, -5.2187)
(-1.6698, 0.0145, -5.2198)
(-2.2266, 0.3004, -5.0801)
(-2.5816, 0.6293, -4.9316)
(1.1732, -1.2854, -5.3469)
(0.5883, -1.2088, -5.272)
(0.0982, -0.8588, -4.9753)
(-0.4214, -0.5381, -4.709)
(-1.0123, -0.3678, -4.7134)
(-1.6829, -0.2886, -4.738)
(-2.2419, -0.0183, -4.6068)
(-2.5888, 0.2828, -4.4231)
(1.1974, -1.5791, -4.8168)
(0.582, -1.5625, -4.7875)
(0.0684, -1.2349, -4.5387)
(-0.426, -0.902, -4.2602)
(-0.9608, -0.6896, -4.2482)
(-1.6292, -0.5659, -4.2389)
(-2.192, -0.2604, -4.1852)
(-2.5575, -0.0358, -3.9055)
(1.1995, -1.8167, -4.2654)
(0.544, -1.8858, -4.3126)
(-0.043, -1.6694, -4.217)
(-0.4723, -1.3241, -3.928)
(-0.9189, -0.9196, -3.8229)
(-1.4339, -0.5782, -3.7545)
(-1.8798, -0.1288, -3.9368)
(-2.1569, 0.3664, -4.1952)
(1.1683, -1.9531, -3.678)
(0.4885, -2.0203, -3.7448)
(-0.1808, -1.9179, -3.7724)
(-0.7712, -1.6465, -3.7279)
(-1.2258, -1.196, -3.6366)
(-1.4785, -0.7353, -3.4194)
(-1.7456, -0.2785, -3.5148)
(-1.9875, 0.1304, -3.7118)
(1.1356, -2.0485, -3.0791)
(0.4512, -2.093, -3.1459)
(-0.2336, -2.0441, -3.205)
(-0.8894, -1.8895, -3.2532)
(-1.434, -1.5534, -3.2466)
(-1.7632, -1.0644, -3.1255)
(-1.8639, -0.5034, -2.9947)
(-1.9036, -0.0767, -2.8949)
(1.0969, -2.1185, -2.4759)
(0.4125, -2.1683, -2.5456)
(-0.2723, -2.157, -2.6134)
(-0.9347, -2.0554, -2.672)
(-1.5076, -1.7866, -2.6801)
(-1.9034, -1.3381, -2.593)
(-2.0592, -0.7898, -2.4309)
(-2.2162, -0.3765, -2.3328)
(1.0481, -2.1737, -1.8712)
(0.3662, -2.2586, -1.9473)
(-0.3168, -2.2965, -2.0258)
(-0.979, -2.2213, -2.0879)
(-1.5514, -1.9606, -2.0872)
(-1.9862, -1.5409, -2.0061)
(-2.2675, -1.042, -1.8768)
(-2.498, -0.6492, -1.792)
(0.9965, -2.2411, -1.2692)
(0.319, -2.3872, -1.3571)
(-0.3625, -2.4802, -1.4498)
(-1.0292, -2.4062, -1.5113)
(-1.6059, -2.1226, -1.5011)
(-2.0857, -1.7172, -1.4296)
(-2.4786, -1.2692, -1.3337)
(-2.7727, -0.9107, -1.262)
(0.9578, -2.3598, -0.6781)
(0.2762, -2.5675, -0.7809)
(-0.4154, -2.7225, -0.8919)
(-1.1036, -2.649, -0.9576)
(-1.6999, -2.32, -0.9417)
(-2.229, -1.9097, -0.88)
(-2.7025, -1.4928, -0.8046)
(-3.0495, -1.1568, -0.7361)
(0.918, -2.4669, -0.1008)
(0.2257, -2.6996, -0.2055)
(-0.4793, -2.9037, -0.3192)
(-1.1962, -2.8988, -0.4074)
(-1.8442, -2.582, -0.4225)
(-2.4174, -2.1525, -0.3735)
(-2.9474, -1.7283, -0.2987)
(-3.3502, -1.3838, -0.2085)
(0.8133, -2.3736, 0.471)
(0.1325, -2.609, 0.3734)
(-0.5541, -2.834, 0.2705)
(-1.2557, -2.9418, 0.1773)
(-1.935, -2.7205, 0.1335)
(-2.5618, -2.3577, 0.1474)
(-3.1687, -1.9841, 0.1893)
(-3.8496, -1.5639, 0.3004)
(0.6935, -2.2365, 1.0513)
(0.0314, -2.4682, 0.957)
(-0.6277, -2.6914, 0.8574)
(-1.2922, -2.8184, 0.7593)
(-1.9505, -2.6837, 0.6886)
(-4.4734, -1.7598, 0.7009)
(-2.61, -2.4902, 0.6644)
(-3.2706, -2.3077, 0.6113)
(-5.0471, -1.9998, 1.1322)
(-3.9246, -2.1642, 0.4923)
(-5.7334, -1.9927, 1.2525)
(0.5712, -2.1082, 1.6419)
(-4.5671, -2.0464, 0.5341)
(-0.0826, -2.3359, 1.548)
(-0.7317, -2.5672, 1.4476)
(-1.3859, -2.7749, 1.3308)
(-5.8291, -1.7062, 1.2155)
(-2.0486, -2.8537, 1.1799)
(-5.1254, -1.897, 0.8258)
(-2.7166, -2.8433, 1.0235)
(-3.384, -2.7728, 0.8587)
(-5.6091, -1.7492, 1.152)
(-4.048, -2.6825, 0.6801)
(-5.9815, -1.5382, 1.2393)
(-4.7042, -2.5319, 0.5838)
(0.4597, -1.9914, 2.1993)
(-0.1959, -2.2058, 2.1192)
(-0.8562, -2.3916, 2.0361)
(-1.5408, -2.5908, 1.8836)
(-5.2996, -2.2545, 0.6634)
(-2.2193, -2.7708, 1.7108)
(-2.888, -2.8984, 1.5299)
(-5.7961, -1.9262, 0.845)
(-3.5547, -2.9583, 1.3296)
(0.3838, -1.9184, 2.5935)
(-0.2834, -2.1241, 2.5816)
(-6.1947, -1.659, 0.9248)
(-4.2195, -2.9597, 1.1142)
(-4.8795, -2.8977, 0.9293)
(-1.7287, -2.375, 2.4232)
(-0.9457, -2.2026, 2.7211)
(-5.5104, -2.7056, 0.8707)
(-2.4176, -2.5296, 2.2241)
(-3.0885, -2.6882, 2.0478)
(-6.0592, -2.3815, 0.9211)
(-3.7535, -2.8222, 1.8652)
(-6.4683, -2.1067, 0.986)
(-4.4186, -2.8865, 1.6545)
(-5.0831, -2.9003, 1.4373)
(-1.446, -2.1253, 3.0824)
(-1.9834, -2.22, 2.9281)
(-5.7186, -2.9642, 1.2929)
(-2.6333, -2.3299, 2.7442)
(-3.3017, -2.4634, 2.5648)
(-6.3022, -2.8098, 1.2443)
(-3.9657, -2.62, 2.3938)
(-6.7415, -2.6022, 1.2229)
(-4.6335, -2.7531, 2.2053)
(-5.3119, -2.8068, 1.9772)
(-1.7428, -1.9111, 3.4729)
(-2.2118, -1.9842, 3.3654)
(-5.9464, -2.9339, 1.7905)
(-2.8368, -2.1076, 3.2177)
(-3.5, -2.2408, 3.0481)
(-6.5366, -3.0472, 1.6858)
(-4.1629, -2.3913, 2.8802)
(-1.9839, -1.7218, 3.633)
(-6.9932, -2.9975, 1.5662)
(-4.8278, -2.5459, 2.7028)
(-2.3161, -1.6713, 3.6378)
(-2.9791, -1.847, 3.5245)
(-5.49, -2.6572, 2.4639)
(-3.6409, -2.0177, 3.3893)
(-6.1203, -2.8219, 2.2811)
(-4.3029, -2.1791, 3.231)
(-4.9652, -2.3715, 3.1104)
(-6.7147, -2.9873, 2.1799)
(-5.5419, -2.3595, 2.7246)
(-7.1552, -3.0602, 2.0483)
(-6.1879, -2.5644, 2.5819)
(-7.0949, -2.9091, 2.3407)
(-6.8701, -2.6917, 2.4814)
(-0.8786, 3.6733, -3.9181)
(-1.5193, 3.4273, -3.9749)
(-2.1058, 3.0752, -4.0743)
(-2.6496, 2.6692, -4.1976)
(-3.0805, 2.1818, -4.387)
(-3.2216, 1.6158, -4.668)
(-0.8717, 3.5141, -3.5082)
(-1.5124, 3.2775, -3.5593)
(-2.0938, 2.9238, -3.6623)
(-2.9879, 1.1434, -5.0017)
(-2.6096, 2.4885, -3.7985)
(-2.7378, 0.8365, -5.1574)
(-3.0154, 1.9861, -3.9984)
(-3.1213, 1.4147, -4.29)
(-2.8836, 0.9418, -4.6296)
(-2.5944, 0.6388, -4.9181)
(-0.8139, 3.1234, -3.1396)
(-1.4732, 2.9919, -3.0897)
(-2.0641, 2.6958, -3.1428)
(-2.5228, 2.2357, -3.3004)
(-2.8664, 1.7363, -3.5423)
(-2.9718, 1.1598, -3.8097)
(-2.8038, 0.6576, -4.1422)
(-2.5992, 0.2938, -4.4084)
(-0.7232, 2.6498, -2.874)
(-1.3821, 2.5475, -2.7423)
(-1.9797, 2.3694, -2.6627)
(-2.3096, 1.9298, -2.8753)
(-2.4593, 1.544, -3.2685)
(-2.661, 1.0098, -3.4475)
(-2.6603, 0.4732, -3.7358)
(-2.5693, -0.0246, -3.8923)
(-0.6987, 2.5429, -2.4262)
(-1.3003, 2.268, -2.3366)
(-1.8019, 2.0308, -2.2704)
(-1.9707, 1.658, -2.593)
(-1.9996, 1.4594, -3.0436)
(-2.2302, 1.0749, -3.3529)
(-2.3029, 0.5983, -3.6797)
(-2.1212, 0.3432, -4.085)
(-0.8492, 2.8603, -2.0399)
(-1.3186, 2.439, -1.9278)
(-1.4958, 1.9816, -1.9434)
(-1.6256, 1.7058, -2.3383)
(-1.7837, 1.3167, -2.6126)
(-2.0097, 0.9213, -2.9208)
(-2.0867, 0.4699, -3.2532)
(-1.9897, 0.1372, -3.5738)
(-0.8562, 3.0542, -1.5154)
(-1.1706, 2.5639, -1.4522)
(-1.1932, 2.0532, -1.6321)
(-1.4997, 1.6817, -1.8966)
(-1.7176, 1.1891, -2.1252)
(-1.9295, 0.7313, -2.3805)
(-2.0205, 0.2529, -2.6587)
(-1.9418, -0.1201, -2.9109)
(-0.7965, 3.0204, -0.9544)
(-1.0675, 2.511, -0.9709)
(-1.2459, 1.9307, -1.1802)
(-1.5766, 1.435, -1.4304)
(-1.9561, 1.0134, -1.6704)
(-2.2355, 0.5539, -1.9267)
(-2.3004, 0.0296, -2.1605)
(-2.2378, -0.3875, -2.3477)
(-0.8219, 2.7898, -0.4522)
(-1.3202, 2.4339, -0.5564)
(-1.5961, 1.864, -0.7403)
(-1.8353, 1.274, -0.9466)
(-2.1498, 0.7775, -1.1797)
(-2.461, 0.3193, -1.4241)
(-2.5584, -0.2081, -1.6415)
(-2.5168, -0.6444, -1.8)
(-0.8237, 2.5077, 0.0706)
(-1.4231, 2.2265, -0.0451)
(-1.846, 1.7442, -0.2383)
(-2.1449, 1.1781, -0.4624)
(-2.4151, 0.6284, -0.6865)
(-2.6586, 0.0947, -0.9057)
(-2.7813, -0.4512, -1.1135)
(-2.7883, -0.8973, -1.2632)
(-0.8184, 2.2511, 0.6178)
(-1.418, 1.973, 0.5029)
(-1.8722, 1.5049, 0.3014)
(-2.2228, 0.9605, 0.0682)
(-2.5297, 0.4093, -0.1601)
(-2.7954, -0.1436, -0.3792)
(-2.9896, -0.6891, -0.5855)
(-3.0643, -1.143, -0.7298)
(-0.8154, 1.9903, 1.1629)
(-1.3984, 1.724, 1.0553)
(-1.8031, 1.2265, 0.8352)
(-2.1416, 0.6743, 0.5911)
(-2.4973, 0.1342, 0.3641)
(-2.861, -0.3892, 0.1522)
(-3.1936, -0.8928, -0.0512)
(-3.3776, -1.3545, -0.1888)
(-0.8044, 1.7141, 1.7019)
(-1.3781, 1.4748, 1.6082)
(-1.7493, 0.967, 1.377)
(-2.1184, 0.4439, 1.1344)
(-2.5416, -0.0546, 0.9193)
(-2.9856, -0.5322, 0.7096)
(-3.4529, -0.9664, 0.4924)
(-3.9084, -1.5296, 0.3321)
(-0.7786, 1.439, 2.244)
(-1.3718, 1.234, 2.1631)
(-1.7941, 0.7834, 1.9349)
(-2.272, 0.3676, 1.6948)
(-2.7446, -0.0815, 1.4788)
(-4.5053, -1.733, 0.7006)
(-3.2055, -0.5406, 1.2705)
(-3.7378, -0.8851, 1.0318)
(-5.1142, -2.0376, 1.2394)
(-4.2879, -1.2153, 0.8699)
(-5.8142, -2.0646, 1.3015)
(-0.7412, 1.1525, 2.7784)
(-4.8345, -1.5584, 0.9881)
(-1.3767, 0.9857, 2.7036)
(-1.9291, 0.6763, 2.4941)
(-2.4814, 0.3425, 2.2569)
(-5.782, -2.135, 0.9013)
(-2.9957, -0.0506, 2.0291)
(-5.3684, -1.8226, 1.2567)
(-3.4772, -0.4787, 1.814)
(-4.0314, -0.7674, 1.5641)
(-5.7396, -1.9814, 1.2266)
(-4.6098, -0.9615, 1.3516)
(-5.7831, -1.9076, 0.8361)
(-5.1405, -1.2876, 1.37)
(-0.6868, 0.8211, 3.2343)
(-1.3265, 0.6298, 3.1589)
(-1.945, 0.4024, 3.0284)
(-2.5869, 0.1718, 2.8189)
(-5.7199, -1.5882, 1.4244)
(-3.1904, -0.107, 2.583)
(-3.7456, -0.4368, 2.3453)
(-6.175, -1.7782, 1.2891)
(-4.3214, -0.7107, 2.0989)
(-0.6315, 0.549, 3.5255)
(-1.2591, 0.2909, 3.4838)
(-6.2094, -1.5972, 0.9426)
(-4.9347, -0.8988, 1.8839)
(-5.5312, -1.1719, 1.815)
(-2.597, -0.2072, 3.2836)
(-1.7994, -0.0749, 3.5389)
(-6.0856, -1.3981, 1.7382)
(-3.2667, -0.3963, 3.0778)
(-3.8972, -0.6245, 2.8628)
(-6.6339, -1.5523, 1.5444)
(-4.5153, -0.864, 2.6343)
(-6.7886, -1.484, 1.1814)
(-5.1618, -1.0736, 2.4259)
(-5.8432, -1.2791, 2.2907)
(-2.0475, -0.592, 3.7055)
(-2.5832, -0.7146, 3.5661)
(-6.4779, -1.4514, 2.158)
(-3.2247, -0.8785, 3.4018)
(-3.8798, -1.0632, 3.2346)
(-7.0171, -1.5257, 1.9659)
(-4.5291, -1.2576, 3.0709)
(-7.2296, -1.6066, 1.6421)
(-5.1896, -1.4464, 2.9203)
(-5.8761, -1.6048, 2.7303)
(-2.041, -1.113, 3.7977)
(-2.4906, -1.249, 3.6611)
(-6.5437, -1.7335, 2.5829)
(-3.1074, -1.415, 3.5209)
(-3.7672, -1.5886, 3.3915)
(-7.1103, -1.7802, 2.4142)
(-4.4286, -1.7633, 3.2794)
(-2.0884, -1.4511, 3.7537)
(-7.4755, -1.7845, 2.1949)
(-5.0695, -1.9362, 3.1469)
(-2.332, -1.657, 3.6449)
(-2.9953, -1.8336, 3.5333)
(-5.6561, -2.0686, 2.8416)
(-3.6562, -2.0067, 3.4012)
(-6.3452, -2.1877, 2.6759)
(-4.3132, -2.1703, 3.2464)
(-4.9689, -2.3502, 3.134)
(-6.9705, -2.2339, 2.5889)
(-5.5088, -2.3499, 2.6961)
(-7.4053, -2.1458, 2.553)
(-6.1346, -2.5799, 2.5331)
(-7.1569, -2.411, 2.5597)
(-6.8835, -2.6585, 2.4944)
(6.917, 1.8923, 3.6714)
(5.5954, 2.2583, 2.7053)
(5.542, 2.524, 2.4648)
(5.8014, 2.5376, 2.1767)
(6.2572, 2.3333, 2.3533)
(6.6582, 2.1416, 2.7672)
(6.9384, 1.9909, 3.254)
(1.1236, -0.8427, -6.0266)
(1.1552, -1.1298, -5.6021)
(1.1874, -1.4365, -5.0839)
(1.2025, -1.7091, -4.5451)
(1.1862, -1.8946, -3.975)
(1.1517, -2.0039, -3.3791)
(1.1176, -2.0863, -2.778)
(1.0735, -2.1467, -2.1736)
(1.0216, -2.203, -1.5693)
(0.9749, -2.2936, -0.9719)
(0.9431, -2.4301, -0.388)
(0.8718, -2.4393, 0.1848)
(0.7534, -2.3037, 0.7598)
(0.6324, -2.1718, 1.3454)
(0.5119, -2.0458, 1.9355)
(0.4185, -1.9508, 2.4119)
(1.319, -0.821, -5.7383)
(1.3972, -1.1287, -5.2636)
(1.4559, -1.424, -4.7425)
(1.4998, -1.6809, -4.2077)
(1.4911, -1.8518, -3.6321)
(1.4679, -1.9751, -3.0395)
(1.4327, -2.0542, -2.4379)
(1.3839, -2.1041, -1.8326)
(1.3322, -2.1541, -1.2283)
(1.2973, -2.2514, -0.6328)
(1.263, -2.3486, -0.0526)
(1.1532, -2.2546, 0.5184)
(1.0253, -2.1192, 1.0966)
(0.8982, -1.9933, 1.6857)
(0.7853, -1.8765, 2.2468)
(0.7046, -1.7944, 2.657)
(1.2534, -0.56, -6.0936)
(1.4002, -0.0599, -5.6854)
(1.785, 0.1995, -5.3896)
(2.3493, 0.421, -5.1942)
(2.6021, 0.9661, -5.0459)
(2.6327, 1.6428, -4.9527)
(2.6502, 2.192, -4.8207)
(6.6739, 1.8699, 3.9067)
(6.199, 1.7586, 4.0106)
(5.5476, 1.495, 4.03)
(4.9241, 1.1909, 4.0931)
(4.3058, 0.886, 4.1244)
(3.6708, 0.606, 4.1242)
(3.0403, 0.3103, 4.1431)
(2.4072, 0.0156, 4.1525)
(1.9641, -0.2532, 4.1338)
(2.6269, 2.1179, -4.4093)
(2.5885, 1.5711, -4.5433)
(2.4784, 0.9182, -4.6678)
(2.1768, 0.3437, -4.8216)
(1.6969, -0.0012, -5.0318)
(1.433, -0.3325, -5.3559)
(2.6168, 1.9533, -3.8756)
(2.4193, 1.5008, -4.0599)
(2.199, 0.9004, -4.2647)
(1.8846, 0.3245, -4.3962)
(1.5794, -0.1898, -4.5874)
(1.5003, -0.6621, -4.9215)
(2.593, 1.7407, -3.4558)
(2.4191, 1.3444, -3.6333)
(2.2988, 0.7713, -3.8203)
(2.0111, 0.2074, -3.9101)
(1.7853, -0.3589, -4.1195)
(1.6985, -0.9324, -4.4601)
(2.359, 1.5421, -3.5203)
(2.2866, 1.0691, -3.5126)
(2.3524, 0.5191, -3.4381)
(2.3309, -0.0465, -3.5127)
(2.1401, -0.6378, -3.7762)
(1.9264, -1.229, -4.0305)
(2.2592, 1.3085, -3.0524)
(2.2594, 0.8441, -3.0212)
(2.3645, 0.2689, -2.9316)
(2.4292, -0.304, -3.0285)
(2.3075, -0.9139, -3.2996)
(2.0229, -1.4749, -3.5081)
(2.2241, 1.1022, -2.3711)
(2.4112, 0.6306, -2.4497)
(2.4621, 0.0679, -2.4552)
(2.3832, -0.5138, -2.5315)
(2.3306, -1.1328, -2.7619)
(2.0489, -1.6639, -2.9385)
(2.4644, 1.003, -1.7599)
(2.5873, 0.4976, -1.8643)
(2.6775, -0.0906, -1.9742)
(2.6425, -0.6909, -2.0944)
(2.4587, -1.2992, -2.2338)
(2.0481, -1.7874, -2.3501)
(2.7367, 0.9269, -1.1725)
(2.7773, 0.4078, -1.2753)
(2.8039, -0.1979, -1.4032)
(2.7373, -0.8055, -1.5335)
(2.4852, -1.3978, -1.6507)
(2.0132, -1.8542, -1.7496)
(2.9967, 0.8611, -0.5909)
(2.9581, 0.3339, -0.6917)
(2.8758, -0.2805, -0.8134)
(2.7442, -0.897, -0.9398)
(2.4762, -1.4894, -1.0549)
(1.978, -1.9166, -1.148)
(3.2538, 0.8093, -0.0162)
(3.1623, 0.2647, -0.125)
(3.0299, -0.3776, -0.2475)
(2.8643, -1.0295, -0.3684)
(2.5372, -1.6213, -0.4706)
(1.9702, -2.0122, -0.5516)
(3.5188, 0.7864, 0.5553)
(3.3886, 0.1936, 0.4221)
(3.2288, -0.486, 0.2972)
(3.0096, -1.1701, 0.1965)
(2.5896, -1.7427, 0.1171)
(1.956, -2.1012, 0.0373)
(5.5456, 1.9789, 2.6624)
(5.2368, 1.7536, 2.3638)
(4.7301, 1.5576, 1.9154)
(4.187, 1.3122, 1.4809)
(3.8269, 0.7668, 1.1031)
(3.5846, 0.094, 0.9666)
(3.3331, -0.5742, 0.865)
(3.0067, -1.2164, 0.7809)
(2.4935, -1.7049, 0.701)
(1.834, -2.0095, 0.6119)
(5.4005, 2.2473, 2.5889)
(5.0537, 1.948, 2.3138)
(4.766, 1.6176, 1.9079)
(4.4648, 1.1751, 1.6458)
(4.0747, 0.6119, 1.5365)
(3.6989, 0.0102, 1.4793)
(3.2977, -0.5698, 1.4166)
(2.8505, -1.1126, 1.337)
(2.3142, -1.5593, 1.2594)
(1.6856, -1.873, 1.1824)
(5.4965, 2.3913, 2.2277)
(5.2366, 1.9527, 2.0776)
(4.8842, 1.5566, 2.0123)
(4.4543, 1.1475, 2.0198)
(4.0132, 0.6178, 1.9606)
(3.5734, 0.0792, 1.9103)
(3.1232, -0.4488, 1.8648)
(2.6619, -0.9632, 1.8334)
(2.144, -1.4135, 1.8073)
(1.5415, -1.7435, 1.76)
(5.9163, 2.2546, 2.2524)
(5.5516, 1.8681, 2.3271)
(5.1444, 1.4115, 2.2969)
(4.7512, 0.896, 2.2353)
(4.2861, 0.3777, 2.2484)
(3.7949, -0.1172, 2.2789)
(3.2724, -0.5789, 2.314)
(2.7063, -0.9999, 2.3634)
(2.0728, -1.3506, 2.395)
(1.4224, -1.6305, 2.3472)
(6.2882, 2.1108, 2.6472)
(5.8798, 1.7638, 2.7582)
(5.4277, 1.292, 2.7381)
(4.9849, 0.7664, 2.707)
(4.4881, 0.2668, 2.7525)
(3.9292, -0.1535, 2.8164)
(3.3254, -0.5184, 2.868)
(2.6776, -0.8463, 2.9166)
(1.9938, -1.1533, 2.9665)
(1.3021, -1.4949, 2.877)
(6.6575, 1.9217, 3.052)
(6.2318, 1.6052, 3.1531)
(5.6993, 1.244, 3.2153)
(5.1321, 0.8091, 3.2642)
(4.5401, 0.3699, 3.3236)
(3.9214, 0.0179, 3.3766)
(3.2894, -0.3086, 3.4191)
(2.648, -0.6185, 3.4529)
(2.0731, -0.8755, 3.4721)
(6.7917, 1.8324, 3.5564)
(6.337, 1.5876, 3.6521)
(5.7381, 1.313, 3.7112)
(5.0921, 0.9824, 3.7673)
(4.4456, 0.631, 3.809)
(3.8065, 0.3212, 3.8331)
(3.1728, 0.0128, 3.8625)
(2.5451, -0.2881, 3.8823)
(2.0364, -0.5494, 3.8957)
(1.8487, -0.8189, 3.7095)
(2.3153, -0.5966, 3.6963)
(2.9203, -0.3088, 3.676)
(3.555, 0.0042, 3.6433)
(4.1893, 0.3248, 3.6057)
(4.8214, 0.6763, 3.5623)
(5.4474, 1.0897, 3.5029)
(6.049, 1.4164, 3.4435)
(6.5639, 1.7203, 3.3571)
(1.7223, -1.1499, 3.2432)
(2.342, -0.8872, 3.2097)
(2.9939, -0.5876, 3.1715)
(3.6316, -0.2641, 3.1291)
(4.2416, 0.0949, 3.074)
(4.811, 0.5161, 3.0106)
(5.3279, 1.0239, 2.9729)
(5.8259, 1.4722, 2.9681)
(6.2915, 1.8671, 2.9068)
(1.058, -1.7046, 2.5367)
(1.6787, -1.4187, 2.6772)
(2.3704, -1.1131, 2.6663)
(3.0176, -0.7672, 2.6094)
(3.6085, -0.3798, 2.5564)
(4.154, 0.0561, 2.5027)
(4.6548, 0.5418, 2.4502)
(5.0942, 1.076, 2.4566)
(5.4821, 1.5979, 2.5497)
(5.9308, 2.0172, 2.5005)
(1.1614, -1.8135, 2.0214)
(1.7937, -1.547, 2.0852)
(2.3998, -1.1971, 2.1006)
(2.9273, -0.7461, 2.0835)
(3.4191, -0.2573, 2.0804)
(3.8895, 0.254, 2.0924)
(4.3496, 0.776, 2.1111)
(4.7967, 1.2751, 2.1344)
(5.2013, 1.693, 2.1292)
(5.5585, 2.1355, 2.1639)
(1.2884, -1.9354, 1.4311)
(1.9238, -1.6562, 1.5015)
(2.4903, -1.263, 1.5578)
(2.9665, -0.7599, 1.6183)
(3.4118, -0.2217, 1.6813)
(3.833, 0.3388, 1.7349)
(4.2466, 0.9029, 1.7943)
(4.6458, 1.4123, 1.8828)
(4.9563, 1.7787, 2.0332)
(5.2593, 2.1685, 2.3161)
(1.4249, -2.0653, 0.852)
(2.0902, -1.803, 0.9414)
(2.699, -1.4363, 1.0255)
(3.1562, -0.896, 1.1086)
(3.5131, -0.2843, 1.1908)
(3.831, 0.3532, 1.2719)
(4.1624, 0.982, 1.4071)
(4.565, 1.4245, 1.7061)
(4.9192, 1.744, 2.1287)
(5.3006, 1.9862, 2.5636)
(1.5601, -2.1988, 0.28)
(2.2428, -1.9272, 0.3699)
(2.828, -1.5074, 0.4499)
(3.1784, -0.877, 0.5294)
(3.3947, -0.1916, 0.6339)
(3.5792, 0.4793, 0.7637)
(3.7501, 1.0962, 0.9227)
(1.6299, -2.1974, -0.2968)
(2.2946, -1.9114, -0.2163)
(2.7964, -1.4216, -0.1355)
(3.0497, -0.768, -0.034)
(3.208, -0.0986, 0.0863)
(3.3365, 0.534, 0.2115)
(3.4224, 1.0232, 0.325)
(1.6458, -2.0868, -0.8884)
(2.2626, -1.7866, -0.808)
(2.674, -1.2663, -0.71)
(2.8715, -0.641, -0.5893)
(3.0024, -0.013, -0.4648)
(3.0971, 0.5872, -0.351)
(3.1456, 1.0522, -0.2583)
(1.6841, -2.0233, -1.49)
(2.2635, -1.6912, -1.4029)
(2.6303, -1.1514, -1.2952)
(2.7994, -0.5436, -1.1715)
(2.8565, 0.0654, -1.0427)
(2.8711, 0.6516, -0.9278)
(2.8599, 1.1085, -0.8382)
(1.7332, -1.9781, -2.0948)
(2.2903, -1.6166, -2.0021)
(2.6273, -1.0595, -1.8898)
(2.761, -0.4507, -1.7634)
(2.7222, 0.1505, -1.6317)
(2.6415, 0.7271, -1.5134)
(2.5674, 1.1776, -1.4222)
(1.7694, -1.9062, -2.6964)
(2.2678, -1.5043, -2.5826)
(2.4549, -0.9175, -2.4082)
(2.5348, -0.307, -2.2513)
(2.5643, 0.2685, -2.2028)
(2.4059, 0.8192, -2.1051)
(2.2439, 1.2414, -2.0148)
(1.7829, -1.7791, -3.287)
(2.2236, -1.3215, -3.1432)
(2.356, -0.7213, -2.899)
(2.4021, -0.1177, -2.6905)
(2.3675, 0.4429, -2.7172)
(2.2714, 0.9952, -2.7294)
(2.1659, 1.3563, -2.6867)
(1.7746, -1.5985, -3.8599)
(2.147, -1.0806, -3.6808)
(2.3393, -0.479, -3.4173)
(2.4359, 0.1087, -3.1966)
(2.2617, 0.6682, -3.2458)
(2.2763, 1.2117, -3.3488)
(2.3015, 1.6166, -3.3382)
(1.6944, -1.3442, -4.3779)
(1.8987, -0.7888, -4.1015)
(2.0587, -0.1929, -3.8091)
(2.2857, 0.3691, -3.6531)
(2.3591, 0.9373, -3.6186)
(2.3935, 1.4502, -3.5281)
(2.6062, 1.8059, -3.4614)
(1.566, -1.0486, -4.8657)
(1.579, -0.5407, -4.501)
(1.7576, 0.0111, -4.2224)
(2.0488, 0.5637, -4.0961)
(2.3522, 1.1521, -3.9454)
(2.4794, 1.6819, -3.6817)
(2.8228, 1.9697, -3.5693)
(1.4573, -0.7345, -5.3512)
(1.4727, -0.2875, -4.9597)
(1.8265, 0.0963, -4.7163)
(2.1707, 0.6115, -4.5373)
(2.4331, 1.2283, -4.4047)
(2.5452, 1.8189, -4.2178)
(2.7084, 2.2398, -4.1074)
(1.3694, -0.4352, -5.743)
(1.5195, -0.0032, -5.3426)
(2.0377, 0.1975, -5.1197)
(2.463, 0.6293, -4.9147)
(2.6135, 1.2716, -4.8138)
(2.6324, 1.9098, -4.6872)
(2.6477, 2.3846, -4.5701)
(1.837, -0.5176, 4.0276)
(2.2035, -0.2699, 4.0331)
(2.7905, 0.0164, 4.0249)
(3.4221, 0.3173, 4.0054)
(4.0566, 0.6165, 3.9835)
(4.6976, 0.9161, 3.9731)
(5.3362, 1.2517, 3.9139)
(5.9793, 1.5267, 3.8687)
(6.5503, 1.769, 3.8132)
(6.6619, 2.3095, 4.2846)
(5.9397, 2.0348, 2.7188)
(6.0483, 2.4173, 2.6186)
(6.092, 2.8939, 2.7863)
(6.1953, 3.175, 3.3351)
(6.3215, 3.1519, 3.9188)
(6.5509, 2.7579, 4.2214)
(-0.8793, 3.6129, -3.7133)
(-0.8494, 3.3478, -3.308)
(-0.7693, 2.8689, -3.0159)
(-0.6889, 2.5315, -2.659)
(-0.7711, 2.6819, -2.2336)
(-0.8746, 2.9882, -1.7953)
(-0.8205, 3.0653, -1.2293)
(-0.8037, 2.9217, -0.7)
(-0.8272, 2.6476, -0.1956)
(-0.8204, 2.3771, 0.3431)
(-0.8172, 2.1228, 0.8914)
(-0.8116, 1.8532, 1.4325)
(-0.7931, 1.5758, 1.9724)
(-0.7619, 1.3015, 2.5149)
(-0.7153, 0.9858, 3.0247)
(-0.6589, 0.678, 3.3944)
(-0.5398, 3.5917, -3.5025)
(-0.4839, 3.1559, -3.2055)
(-0.3932, 2.7045, -2.9312)
(-0.3978, 2.6971, -2.4655)
(-0.5616, 3.0271, -2.0834)
(-0.5713, 3.1864, -1.5515)
(-0.5228, 3.1209, -0.9719)
(-0.502, 2.8626, -0.4395)
(-0.4892, 2.5716, 0.0898)
(-0.4855, 2.2929, 0.6258)
(-0.4897, 1.9896, 1.1457)
(-0.4883, 1.6792, 1.6627)
(-0.4585, 1.4069, 2.203)
(-0.4112, 1.1603, 2.7536)
(-0.3599, 0.8922, 3.2488)
(-0.3073, 0.6407, 3.578)
(-0.5408, 3.7312, -3.8919)
(0.1323, 3.6805, -3.8)
(0.775, 3.5232, -3.6176)
(1.3967, 3.4435, -3.6434)
(1.9955, 3.4676, -3.9618)
(2.4193, 3.244, -4.31)
(2.6072, 2.7969, -4.5801)
(6.5808, 2.0237, 4.1689)
(6.1602, 1.766, 4.0138)
(5.5019, 1.491, 4.0113)
(4.9039, 1.195, 4.0798)
(4.2857, 0.8995, 4.1238)
(3.6529, 0.6185, 4.1313)
(3.0247, 0.3224, 4.1534)
(2.3947, 0.0289, 4.1627)
(1.9051, -0.1362, 4.1868)
(2.631, 2.578, -4.2236)
(2.4848, 3.0506, -3.931)
(2.1, 3.4482, -3.6382)
(1.4895, 3.6205, -3.4736)
(0.8174, 3.6757, -3.4514)
(0.1355, 3.6708, -3.4892)
(2.7489, 2.3278, -3.7201)
(2.5783, 2.7868, -3.4408)
(2.1301, 3.146, -3.216)
(1.4927, 3.2857, -3.2081)
(0.8412, 3.2842, -3.3057)
(0.1803, 3.2129, -3.3213)
(2.7347, 2.0718, -3.2997)
(2.4892, 2.4934, -3.0407)
(2.0076, 2.8116, -2.8002)
(1.4134, 3.0027, -2.7672)
(0.8531, 3.0097, -2.917)
(0.2665, 2.8385, -2.9964)
(2.3459, 1.9111, -3.2873)
(2.1021, 2.2488, -2.9726)
(1.709, 2.4571, -2.6052)
(1.2355, 2.5935, -2.4675)
(0.7337, 2.8704, -2.5709)
(0.199, 2.9399, -2.5413)
(2.1835, 1.6647, -2.8743)
(1.9178, 1.9822, -2.5871)
(1.5218, 2.1643, -2.2077)
(1.0834, 2.3466, -2.0679)
(0.5717, 2.7325, -2.1546)
(0.0181, 3.0636, -2.1318)
(2.1304, 1.4254, -2.2281)
(1.8613, 1.761, -1.994)
(1.5076, 2.1098, -1.6993)
(1.1772, 2.5051, -1.612)
(0.6891, 2.8997, -1.6705)
(0.0746, 3.1706, -1.6079)
(2.3729, 1.3915, -1.6475)
(2.1066, 1.7919, -1.4675)
(1.788, 2.2649, -1.2965)
(1.4061, 2.683, -1.1932)
(0.8168, 2.9405, -1.1152)
(0.1521, 3.0965, -1.0284)
(2.6414, 1.342, -1.0674)
(2.3738, 1.7781, -0.9253)
(1.9934, 2.2329, -0.7807)
(1.4896, 2.5525, -0.6607)
(0.8579, 2.7374, -0.5594)
(0.1822, 2.8555, -0.4759)
(2.8973, 1.2768, -0.4916)
(2.5702, 1.6787, -0.3653)
(2.0898, 2.0362, -0.2361)
(1.5048, 2.2566, -0.1377)
(0.8609, 2.4203, -0.0435)
(0.1913, 2.5557, 0.0521)
(3.1395, 1.2115, 0.0827)
(2.7141, 1.5153, 0.1831)
(2.1323, 1.7394, 0.2727)
(1.4948, 1.8806, 0.3331)
(0.8379, 2.0318, 0.4214)
(0.1823, 2.2092, 0.5478)
(3.3566, 1.1841, 0.6715)
(2.8122, 1.345, 0.7273)
(2.1595, 1.4488, 0.7776)
(1.4896, 1.5517, 0.8206)
(0.8163, 1.6698, 0.8931)
(0.1623, 1.8353, 1.0214)
(5.6631, 1.8796, 2.723)
(5.3158, 1.7447, 2.4286)
(4.7724, 1.5672, 1.975)
(4.1989, 1.3482, 1.5255)
(3.5595, 1.3116, 1.2732)
(2.8811, 1.3585, 1.3095)
(2.1989, 1.3911, 1.3575)
(1.516, 1.4761, 1.4009)
(0.8347, 1.5161, 1.4546)
(0.1614, 1.5435, 1.5369)
(5.8481, 2.0782, 2.707)
(5.3763, 1.8798, 2.6356)
(4.8038, 1.8065, 2.2721)
(4.2256, 1.7179, 1.9315)
(3.5893, 1.585, 1.8526)
(2.9095, 1.5098, 1.8954)
(2.2297, 1.4843, 1.9533)
(1.5448, 1.5333, 2.0011)
(0.8637, 1.5031, 2.0545)
(0.1926, 1.3855, 2.1052)
(5.8593, 2.5074, 2.7293)
(5.405, 2.284, 2.7966)
(4.8124, 2.2181, 2.6005)
(4.198, 2.0563, 2.424)
(3.5752, 1.8541, 2.4224)
(2.9129, 1.7112, 2.4718)
(2.247, 1.6137, 2.5439)
(1.5682, 1.5704, 2.6025)
(0.8939, 1.4488, 2.6598)
(0.2393, 1.2496, 2.6955)
(5.9336, 2.8882, 3.0907)
(5.4432, 2.6505, 3.1444)
(4.8407, 2.4917, 3.0876)
(4.1996, 2.2814, 3.0145)
(3.5694, 2.0645, 3.0051)
(2.9236, 1.8721, 3.0511)
(2.2689, 1.6993, 3.1293)
(1.6052, 1.5185, 3.2009)
(0.9341, 1.2851, 3.2583)
(0.2834, 1.0528, 3.2686)
(6.0475, 3.0624, 3.6791)
(5.5434, 2.7832, 3.7049)
(4.9396, 2.5451, 3.6741)
(4.2959, 2.3384, 3.6163)
(3.6455, 2.0851, 3.583)
(3.0231, 1.8067, 3.6191)
(2.3783, 1.5645, 3.6825)
(1.7233, 1.2954, 3.737)
(1.0623, 0.9792, 3.7811)
(0.3474, 0.7553, 3.7398)
(6.2462, 2.8663, 4.1452)
(5.7326, 2.573, 4.1461)
(5.1331, 2.2617, 4.1169)
(4.5178, 2.0095, 4.0411)
(3.8576, 1.7556, 3.9945)
(3.2246, 1.4692, 4.0346)
(2.5879, 1.1877, 4.0625)
(1.9511, 0.8956, 4.0785)
(1.3908, 0.6212, 4.0935)
(6.4721, 2.3926, 4.2262)
(5.9722, 2.1048, 4.1662)
(5.3332, 1.7879, 4.1595)
(4.7122, 1.5211, 4.1402)
(4.0866, 1.2704, 4.1377)
(3.4609, 0.9943, 4.1813)
(2.8326, 0.7051, 4.1852)
(2.2076, 0.4166, 4.1806)
(1.6877, 0.1856, 4.204)
(1.3299, 0.2951, 4.187)
(1.7959, 0.5167, 4.159)
(2.3965, 0.7984, 4.1529)
(3.029, 1.0874, 4.1495)
(3.6602, 1.3728, 4.1223)
(4.2948, 1.6397, 4.0898)
(4.9368, 1.8812, 4.167)
(5.5379, 2.1775, 4.1839)
(6.1443, 2.5024, 4.2162)
(0.9234, 0.6575, 3.9816)
(1.5129, 0.9629, 3.9513)
(2.1503, 1.2624, 3.9227)
(2.7942, 1.5343, 3.8799)
(3.4295, 1.8086, 3.8341)
(4.0613, 2.1004, 3.8273)
(4.7314, 2.3257, 3.9093)
(5.3199, 2.5785, 3.9524)
(5.9118, 2.8717, 3.9722)
(-0.0082, 0.8402, 3.4675)
(0.639, 1.0077, 3.5443)
(1.3158, 1.2945, 3.5122)
(1.982, 1.5536, 3.4534)
(2.6354, 1.7695, 3.3794)
(3.2785, 1.9874, 3.3161)
(3.9057, 2.2367, 3.3059)
(4.558, 2.4503, 3.3513)
(5.1875, 2.6552, 3.4031)
(5.7519, 2.8682, 3.4053)
(-0.0596, 1.0749, 3.0009)
(0.5805, 1.2736, 2.9826)
(1.2446, 1.4817, 2.9352)
(1.9174, 1.623, 2.8711)
(2.5841, 1.7304, 2.8)
(3.2396, 1.8935, 2.7272)
(3.8867, 2.0636, 2.7062)
(4.4973, 2.3003, 2.7448)
(5.1371, 2.4355, 2.9029)
(5.6664, 2.5736, 2.9222)
(-0.1102, 1.269, 2.4292)
(0.545, 1.4098, 2.3794)
(1.2167, 1.5384, 2.3297)
(1.8985, 1.5576, 2.2742)
(2.579, 1.5583, 2.2206)
(3.2474, 1.6715, 2.152)
(3.9096, 1.7916, 2.1385)
(4.5106, 1.9845, 2.2512)
(5.1071, 2.0141, 2.604)
(5.65, 2.1534, 2.734)
(-0.156, 1.4722, 1.8653)
(0.5096, 1.473, 1.782)
(1.1899, 1.5194, 1.7264)
(1.8732, 1.4614, 1.6778)
(2.5585, 1.413, 1.632)
(3.2426, 1.4384, 1.5782)
(3.9225, 1.4611, 1.6029)
(4.4988, 1.6163, 1.9063)
(5.0798, 1.7131, 2.3456)
(5.5837, 1.8719, 2.6717)
(-0.1673, 1.7544, 1.3397)
(0.4869, 1.6075, 1.2111)
(1.1604, 1.5304, 1.1292)
(1.84, 1.4345, 1.0805)
(2.5163, 1.3561, 1.039)
(3.1715, 1.2892, 0.9916)
(3.7593, 1.1444, 0.9571)
(-0.154, 2.1023, 0.848)
(0.4954, 1.923, 0.7118)
(1.1557, 1.7581, 0.6014)
(1.82, 1.636, 0.5427)
(2.4631, 1.5064, 0.4904)
(3.0355, 1.3104, 0.4116)
(3.4283, 1.0506, 0.3407)
(-0.1466, 2.4349, 0.3448)
(0.5213, 2.3142, 0.2498)
(1.1792, 2.1506, 0.1427)
(1.8151, 1.9934, 0.0639)
(2.3959, 1.7703, -0.0275)
(2.8594, 1.4215, -0.1514)
(3.1558, 1.0706, -0.2534)
(-0.1533, 2.7339, -0.1824)
(0.5282, 2.6581, -0.2486)
(1.1889, 2.5089, -0.3433)
(1.7909, 2.3022, -0.4443)
(2.2807, 1.9589, -0.5733)
(2.6433, 1.5121, -0.7153)
(2.8761, 1.122, -0.8373)
(-0.172, 3.0177, -0.7183)
(0.5112, 2.9349, -0.7878)
(1.1671, 2.7689, -0.8842)
(1.7181, 2.4925, -0.9929)
(2.0758, 2.0364, -1.1215)
(2.4039, 1.5771, -1.2833)
(2.5888, 1.1788, -1.43)
(-0.2156, 3.2019, -1.284)
(0.4493, 3.0738, -1.3585)
(1.0515, 2.803, -1.4176)
(1.4883, 2.4133, -1.4196)
(1.7749, 1.9634, -1.6112)
(2.1286, 1.573, -1.83)
(2.279, 1.2179, -2.0279)
(-0.2804, 3.1938, -1.864)
(0.3199, 2.9795, -1.9053)
(0.8686, 2.5961, -1.9017)
(1.2986, 2.2175, -1.8222)
(1.6638, 1.9919, -2.1336)
(2.0322, 1.6829, -2.4266)
(2.1864, 1.3767, -2.6846)
(-0.19, 2.9767, -2.3104)
(0.3713, 2.9371, -2.3617)
(0.8857, 2.5852, -2.3507)
(1.3808, 2.324, -2.2849)
(1.7955, 2.2474, -2.6555)
(2.14, 1.9518, -2.9754)
(2.3004, 1.6627, -3.3153)
(-0.0551, 2.748, -2.7424)
(0.553, 2.9277, -2.7721)
(1.0643, 2.8965, -2.6785)
(1.6058, 2.7113, -2.5989)
(2.0962, 2.5353, -2.855)
(2.4552, 2.1714, -3.1439)
(2.6095, 1.8221, -3.4414)
(-0.104, 2.9297, -3.1493)
(0.5522, 3.0355, -3.1804)
(1.1547, 3.1634, -3.0507)
(1.7829, 3.0707, -2.9586)
(2.3698, 2.8398, -3.0677)
(2.7111, 2.4071, -3.3448)
(2.8317, 1.9869, -3.5628)
(-0.1876, 3.446, -3.3791)
(0.4891, 3.5016, -3.4102)
(1.1681, 3.5102, -3.3781)
(1.8266, 3.4239, -3.3802)
(2.3746, 3.156, -3.547)
(2.6317, 2.6796, -3.851)
(2.7191, 2.2556, -4.1012)
(-0.2059, 3.7241, -3.6636)
(0.4667, 3.691, -3.5786)
(1.1268, 3.6207, -3.5082)
(1.7632, 3.5456, -3.6708)
(2.2885, 3.3641, -3.9645)
(2.5456, 2.9079, -4.288)
(2.656, 2.4933, -4.525)
(1.6089, -0.0436, 4.2268)
(2.028, 0.0909, 4.1865)
(2.6198, 0.3568, 4.1774)
(3.2485, 0.6479, 4.1782)
(3.8749, 0.9368, 4.1558)
(4.5002, 1.2037, 4.1275)
(5.1121, 1.4788, 4.109)
(5.7399, 1.7642, 4.0871)
(6.356, 2.0642, 4.1354)
(2.2604, 1.4853, -3.0515)
(2.3415, 1.794, -3.602)
(2.6472, 2.3728, -4.3774)
(5.4867, 1.83, 2.6598)
(5.0659, 1.6683, 2.1326)
(3.9493, 1.2039, 1.2486)
(3.5601, 1.0368, 0.6313)
(4.4366, 1.4565, 1.7578)
(2.7252, 1.1447, -1.1294)
(2.431, 1.2116, -1.7228)
(6.5217, 1.9004, 4.0191)
(2.8741, 1.834, -3.3008)
(5.8375, 1.6242, 4.0053)
(5.212, 1.3619, 4.036)
(4.6161, 1.024, 4.1368)
(3.9754, 0.7615, 4.1113)
(3.2906, 1.0371, 0.0345)
(3.3483, 0.463, 4.1442)
(2.7167, 0.1696, 4.1522)
(2.0919, 1.2477, -2.3198)
(2.0852, -0.1251, 4.163)
(2.7804, 2.1226, -3.8312)
(3.0108, 1.0857, -0.5461)
(-7.153, -3.0001, 2.2232)
(-5.8976, -1.5971, 1.2578)
(-6.0797, -1.5533, 1.0834)
(-6.3275, -1.8581, 0.9055)
(-6.6068, -2.3581, 1.0958)
(-6.872, -2.8295, 1.3729)
(-7.0952, -3.0688, 1.8102)
(0.8803, -0.9759, -5.8183)
(0.8834, -1.3039, -5.347)
(0.8896, -1.6235, -4.8326)
(0.8736, -1.8884, -4.3008)
(0.8311, -2.0085, -3.715)
(0.7949, -2.0849, -3.114)
(0.7557, -2.1533, -2.5114)
(0.7079, -2.2225, -1.909)
(0.6584, -2.3179, -1.3119)
(0.6176, -2.465, -0.7272)
(0.5726, -2.583, -0.1515)
(0.4731, -2.4915, 0.4229)
(0.3619, -2.3525, 1.0048)
(0.2438, -2.222, 1.5958)
(0.132, -2.1025, 2.1568)
(0.0543, -2.032, 2.5699)
(0.8874, -0.693, -6.1654)
(0.4779, -0.3491, -5.8325)
(0.024, -0.0466, -5.5586)
(-0.638, 0.0469, -5.5588)
(-1.3102, 0.1504, -5.6046)
(-1.9487, 0.3837, -5.5282)
(-2.4086, 0.6537, -5.3669)
(-6.9933, -2.8034, 2.4201)
(-6.529, -2.6281, 2.5317)
(-5.8649, -2.462, 2.6533)
(-5.2536, -2.3655, 2.9175)
(-4.6341, -2.2753, 3.1707)
(-3.9719, -2.0984, 3.3102)
(-3.31, -1.9324, 3.4569)
(-2.6476, -1.7592, 3.5812)
(-2.1408, -1.6845, 3.6447)
(-2.4217, 0.4546, -4.9952)
(-1.9715, 0.147, -5.1623)
(-1.3435, -0.0764, -5.2357)
(-0.6748, -0.1811, -5.1888)
(-0.0406, -0.3354, -5.24)
(0.4202, -0.6642, -5.5365)
(-2.4311, 0.1362, -4.5159)
(-1.9889, -0.1727, -4.6879)
(-1.3469, -0.3381, -4.7407)
(-0.705, -0.4315, -4.6866)
(-0.1528, -0.6839, -4.8163)
(0.3343, -1.0462, -5.1387)
(-2.3714, -0.0967, -4.1099)
(-1.9409, -0.432, -4.2209)
(-1.2884, -0.6365, -4.2506)
(-0.6791, -0.7767, -4.2327)
(-0.1775, -1.0576, -4.3772)
(0.3136, -1.4178, -4.6844)
(-2.0452, 0.084, -4.0245)
(-1.6731, -0.3594, -3.8287)
(-1.175, -0.7527, -3.7698)
(-0.6852, -1.1175, -3.8602)
(-0.2687, -1.5089, -4.0699)
(0.2316, -1.8042, -4.294)
(-1.8752, -0.0676, -3.5948)
(-1.608, -0.504, -3.4359)
(-1.3644, -0.9639, -3.5136)
(-1.0241, -1.4332, -3.701)
(-0.4883, -1.8068, -3.7545)
(0.1479, -1.9892, -3.767)
(-1.906, -0.2803, -2.9556)
(-1.8275, -0.7763, -3.0533)
(-1.6316, -1.3263, -3.1962)
(-1.1821, -1.7438, -3.2625)
(-0.5693, -1.9855, -3.2319)
(0.1077, -2.079, -3.1761)
(-2.1306, -0.5665, -2.3751)
(-1.9976, -1.0594, -2.5113)
(-1.7366, -1.5839, -2.6503)
(-1.2367, -1.944, -2.6854)
(-0.6099, -2.1227, -2.6459)
(0.0694, -2.1703, -2.5795)
(-2.3842, -0.8331, -1.8297)
(-2.1406, -1.2877, -1.9405)
(-1.789, -1.7683, -2.0565)
(-1.2798, -2.1138, -2.0973)
(-0.6545, -2.2791, -2.0618)
(0.0243, -2.286, -1.9867)
(-2.6339, -1.0796, -1.2953)
(-2.2948, -1.4886, -1.3808)
(-1.8566, -1.931, -1.4713)
(-1.3307, -2.286, -1.5154)
(-0.7025, -2.4699, -1.4876)
(-0.0213, -2.4468, -1.4045)
(-2.8887, -1.3157, -0.7694)
(-2.4783, -1.6955, -0.8423)
(-1.9699, -2.1191, -0.9142)
(-1.4137, -2.5061, -0.9585)
(-0.7659, -2.7215, -0.9341)
(-0.0675, -2.6621, -0.8381)
(-3.1713, -1.546, -0.2558)
(-2.6916, -1.9338, -0.3381)
(-2.1367, -2.3717, -0.4035)
(-1.5313, -2.7695, -0.4248)
(-0.8411, -2.9396, -0.37)
(-0.1238, -2.8144, -0.2626)
(-5.7769, -1.8433, 1.2169)
(-5.3902, -1.9962, 1.1924)
(-4.7602, -1.8798, 0.9165)
(-4.1615, -1.6619, 0.5006)
(-3.4784, -1.8017, 0.2208)
(-2.8658, -2.1688, 0.1663)
(-2.2536, -2.5453, 0.1349)
(-1.6011, -2.8657, 0.1477)
(-0.9046, -2.9201, 0.2202)
(-0.209, -2.7253, 0.3223)
(-5.8051, -1.6503, 1.2191)
(-5.3797, -1.8269, 1.0081)
(-4.8564, -1.9732, 0.6565)
(-4.2523, -2.1069, 0.4815)
(-3.5976, -2.2303, 0.5482)
(-2.941, -2.3959, 0.6483)
(-2.2797, -2.5863, 0.6737)
(-1.622, -2.7745, 0.7181)
(-0.9599, -2.7819, 0.807)
(-0.2978, -2.5828, 0.9077)
(-6.003, -1.7858, 0.8967)
(-5.5618, -2.0875, 0.7568)
(-5.0125, -2.4073, 0.6014)
(-4.3799, -2.6205, 0.6139)
(-3.716, -2.7308, 0.7668)
(-3.0508, -2.8125, 0.9438)
(-2.3823, -2.8575, 1.1016)
(-1.7163, -2.8299, 1.2582)
(-1.0577, -2.6816, 1.393)
(-0.4072, -2.4508, 1.4987)
(-6.2758, -2.2365, 0.9542)
(-5.8011, -2.5481, 0.8886)
(-5.2009, -2.8223, 0.8824)
(-4.5512, -2.9401, 1.0113)
(-3.8872, -2.9655, 1.2224)
(-3.2215, -2.9365, 1.4324)
(-2.5543, -2.8426, 1.6222)
(-1.8818, -2.6858, 1.7977)
(-1.197, -2.4903, 1.9667)
(-0.5238, -2.2994, 2.0833)
(-6.5352, -2.705, 1.2329)
(-6.0246, -2.9098, 1.2604)
(-5.4044, -2.9437, 1.3523)
(-4.7529, -2.8877, 1.542)
(-4.0856, -2.8655, 1.7634)
(-3.4212, -2.761, 1.9592)
(-2.7549, -2.6099, 2.1344)
(-2.0745, -2.4503, 2.3208)
(-1.3764, -2.3029, 2.5351)
(-0.6245, -2.1821, 2.6262)
(-6.7774, -3.0377, 1.6293)
(-6.2539, -3.0057, 1.7337)
(-5.6337, -2.8609, 1.873)
(-4.9752, -2.7804, 2.0925)
(-4.2976, -2.6965, 2.3046)
(-3.634, -2.5401, 2.4793)
(-2.9685, -2.3933, 2.6528)
(-2.2985, -2.2724, 2.8382)
(-1.7039, -2.1716, 3.0083)
(-6.9497, -3.0326, 2.1188)
(-6.4311, -2.9128, 2.2277)
(-5.8074, -2.7325, 2.3598)
(-5.1617, -2.6012, 2.5854)
(-4.4947, -2.4731, 2.7979)
(-3.8314, -2.3131, 2.963)
(-3.1685, -2.1735, 3.1339)
(-2.5098, -2.0417, 3.2962)
(-1.9627, -1.9428, 3.4226)
(-1.6133, -2.0271, 3.2945)
(-2.1064, -2.1131, 3.1648)
(-2.7408, -2.2248, 2.9976)
(-3.4064, -2.3527, 2.8201)
(-4.0699, -2.5061, 2.6498)
(-4.7377, -2.6559, 2.4682)
(-5.4139, -2.7445, 2.2386)
(-6.0455, -2.891, 2.0507)
(-6.6371, -3.0537, 1.9448)
(-1.2229, -2.1845, 2.8803)
(-1.8519, -2.2984, 2.68)
(-2.5241, -2.4259, 2.4832)
(-3.1945, -2.5731, 2.3053)
(-3.859, -2.7238, 2.1307)
(-4.5254, -2.8243, 1.9316)
(-5.1976, -2.8566, 1.7073)
(-5.8331, -2.9713, 1.5353)
(-6.4221, -2.9611, 1.4504)
(-0.2421, -2.1601, 2.3607)
(-0.9177, -2.3073, 2.3342)
(-1.6277, -2.4756, 2.1564)
(-2.3159, -2.6524, 1.9694)
(-2.9858, -2.8079, 1.7921)
(-3.6518, -2.9136, 1.5983)
(-4.3164, -2.9489, 1.3797)
(-4.9772, -2.9312, 1.1728)
(-5.6128, -2.8719, 1.0669)
(-6.1828, -2.6117, 1.0653)
(-0.1415, -2.2673, 1.8433)
(-0.7927, -2.4826, 1.7429)
(-1.4586, -2.7006, 1.609)
(-2.1284, -2.851, 1.4425)
(-2.7968, -2.9202, 1.2608)
(-3.4637, -2.9146, 1.0678)
(-4.1289, -2.8675, 0.8705)
(-4.788, -2.7553, 0.7254)
(-5.4052, -2.4903, 0.7241)
(-5.9274, -2.1387, 0.8305)
(-0.024, -2.4022, 1.2514)
(-0.6756, -2.632, 1.152)
(-1.3297, -2.798, 1.047)
(-1.9865, -2.7658, 0.9355)
(-2.6523, -2.6661, 0.8448)
(-3.32, -2.5461, 0.7312)
(-3.9798, -2.434, 0.5654)
(-4.6304, -2.2763, 0.5221)
(-5.2009, -2.0348, 0.7122)
(-5.6805, -1.7881, 0.99)
(0.0826, -2.5373, 0.6645)
(-0.5892, -2.7609, 0.5642)
(-1.2717, -2.8799, 0.4697)
(-1.9422, -2.6923, 0.4181)
(-2.589, -2.4064, 0.4223)
(-3.2287, -2.1255, 0.4235)
(-3.8805, -1.9013, 0.4167)
(-4.5141, -1.8847, 0.6042)
(-5.0836, -1.8925, 0.9567)
(-5.6105, -1.8206, 1.221)
(0.1827, -2.6749, 0.0835)
(-0.5167, -2.8936, -0.025)
(-1.2315, -2.9521, -0.1177)
(-1.902, -2.6817, -0.1496)
(-2.5024, -2.2708, -0.1189)
(-3.0697, -1.8536, -0.0533)
(-3.5999, -1.4739, 0.0459)
(0.2549, -2.6547, -0.4936)
(-0.4456, -2.8371, -0.6085)
(-1.1508, -2.7867, -0.6855)
(-1.7711, -2.4512, -0.682)
(-2.3216, -2.0274, -0.624)
(-2.8229, -1.6083, -0.5488)
(-3.1998, -1.2703, -0.4723)
(0.297, -2.4734, -1.0679)
(-0.3878, -2.5975, -1.1705)
(-1.0626, -2.5195, -1.2318)
(-1.6455, -2.212, -1.2156)
(-2.1504, -1.8079, -1.1493)
(-2.588, -1.3805, -1.0667)
(-2.9111, -1.0338, -0.999)
(0.3423, -2.3163, -1.6505)
(-0.3392, -2.3808, -1.7353)
(-1.0023, -2.3091, -1.7976)
(-1.5758, -2.041, -1.7926)
(-2.0321, -1.6299, -1.716)
(-2.3723, -1.1569, -1.6041)
(-2.6353, -0.78, -1.527)
(0.39, -2.2104, -2.2459)
(-0.2942, -2.2225, -2.3188)
(-0.9567, -2.1365, -2.3795)
(-1.5298, -1.8765, -2.3833)
(-1.9447, -1.4454, -2.2983)
(-2.1628, -0.9219, -2.1517)
(-2.3571, -0.5129, -2.0624)
(0.433, -2.1295, -2.8456)
(-0.2518, -2.0987, -2.9092)
(-0.9127, -1.9777, -2.9649)
(-1.4798, -1.6855, -2.9738)
(-1.853, -1.2131, -2.8827)
(-1.9584, -0.6434, -2.7148)
(-2.0599, -0.2266, -2.6139)
(0.4683, -2.0576, -3.4459)
(-0.2151, -1.9878, -3.497)
(-0.8554, -1.778, -3.5229)
(-1.355, -1.3786, -3.4761)
(-1.6178, -0.8937, -3.29)
(-1.7841, -0.3875, -3.2616)
(-1.9455, 0.0268, -3.3033)
(0.5154, -1.9724, -4.0388)
(-0.1185, -1.8191, -4.0162)
(-0.6159, -1.4988, -3.8392)
(-1.0504, -1.0429, -3.7238)
(-1.4128, -0.6254, -3.5673)
(-1.7749, -0.1695, -3.7496)
(-2.0722, 0.2484, -3.9535)
(0.5679, -1.7398, -4.5556)
(0.0252, -1.4593, -4.3754)
(-0.4209, -1.1163, -4.0704)
(-0.9091, -0.8124, -4.0116)
(-1.5283, -0.5846, -3.9861)
(-2.0461, -0.201, -4.0608)
(-2.3572, 0.1653, -4.0504)
(0.5851, -1.386, -5.0286)
(0.0804, -1.0406, -4.7481)
(-0.4324, -0.7093, -4.475)
(-0.9975, -0.5297, -4.4779)
(-1.6757, -0.4536, -4.4889)
(-2.2454, -0.1826, -4.373)
(-2.5731, 0.1235, -4.1643)
(0.602, -1.0257, -5.5037)
(0.1545, -0.6659, -5.1823)
(-0.3884, -0.3824, -4.9551)
(-1.0147, -0.241, -4.9716)
(-1.6791, -0.1283, -4.9887)
(-2.2329, 0.1516, -4.8512)
(-2.5852, 0.456, -4.6773)
(0.6385, -0.6913, -5.8776)
(0.2651, -0.3149, -5.5161)
(-0.3214, -0.1081, -5.3719)
(-0.9936, -0.029, -5.4209)
(-1.6552, 0.1399, -5.4125)
(-2.2208, 0.4202, -5.2769)
(-2.5724, 0.7066, -5.1037)
(-1.8579, -1.8023, 3.5823)
(-2.2914, -1.8432, 3.5116)
(-2.9136, -1.9798, 3.3854)
(-3.5758, -2.1287, 3.2308)
(-4.2382, -2.2845, 3.0701)
(-4.8971, -2.4425, 2.9002)
(-5.5308, -2.5332, 2.6283)
(-6.1651, -2.7032, 2.4523)
(-6.7706, -2.8616, 2.35)
(-7.2914, -2.2914, 2.5856)
(-5.7495, -2.0522, 0.8326)
(-5.9491, -1.7426, 0.8758)
(-6.504, -1.5061, 1.0384)
(-7.0307, -1.5309, 1.3869)
(-7.3863, -1.6785, 1.9237)
(-7.4757, -1.9579, 2.4165)
(-1.1976, 3.4103, -3.5264)
(-1.1464, 3.0731, -3.1006)
(-1.053, 2.5981, -2.8101)
(-1.0014, 2.395, -2.3876)
(-1.1149, 2.6625, -1.9847)
(-1.0654, 2.8335, -1.4666)
(-0.9672, 2.8002, -0.9444)
(-1.0999, 2.6461, -0.4916)
(-1.1409, 2.394, 0.0248)
(-1.1336, 2.142, 0.5749)
(-1.1254, 1.8978, 1.1299)
(-1.1115, 1.6434, 1.6812)
(-1.0935, 1.3821, 2.2298)
(-1.0678, 1.0948, 2.7625)
(-1.0103, 0.7332, 3.2037)
(-0.9493, 0.4319, 3.4942)
(-1.2059, 3.5686, -3.9428)
(-1.818, 3.2599, -4.0205)
(-2.3851, 2.8795, -4.1312)
(-2.8886, 2.4387, -4.2816)
(-3.2006, 1.899, -4.5157)
(-3.1323, 1.36, -4.8387)
(-2.8499, 0.9711, -5.1229)
(-7.0199, -2.5327, 2.5263)
(-6.509, -2.6192, 2.5138)
(-5.8217, -2.4649, 2.6146)
(-5.2389, -2.35, 2.9151)
(-4.6411, -2.2603, 3.1902)
(-3.9847, -2.0885, 3.3238)
(-3.3258, -1.9202, 3.4673)
(-2.6636, -1.7453, 3.5891)
(-2.1938, -1.5624, 3.7027)
(-2.7435, 0.7675, -4.7702)
(-3.0265, 1.1586, -4.4635)
(-3.1166, 1.6998, -4.1327)
(-2.8368, 2.2482, -3.888)
(-2.36, 2.7141, -3.7251)
(-1.8114, 3.1136, -3.606)
(-2.6975, 0.4657, -4.2833)
(-2.9084, 0.8906, -3.9758)
(-2.9569, 1.451, -3.6688)
(-2.7146, 1.9934, -3.4162)
(-2.308, 2.4769, -3.2084)
(-1.7831, 2.868, -3.1037)
(-2.5958, 0.2578, -3.8693)
(-2.6906, 0.7265, -3.5786)
(-2.5664, 1.2944, -3.3684)
(-2.3858, 1.7385, -3.0828)
(-2.1809, 2.1615, -2.7275)
(-1.7026, 2.4873, -2.6801)
(-2.2485, 0.4175, -3.8389)
(-2.2989, 0.8295, -3.5145)
(-2.1061, 1.2962, -3.2079)
(-1.9715, 1.5539, -2.828)
(-1.9265, 1.8387, -2.3881)
(-1.5811, 2.1626, -2.2742)
(-2.0556, 0.2871, -3.4067)
(-2.0733, 0.6928, -3.0898)
(-1.9003, 1.1226, -2.7568)
(-1.6952, 1.5229, -2.4903)
(-1.5587, 1.8382, -2.1238)
(-1.4317, 2.1948, -1.8921)
(-2.0127, 0.0542, -2.793)
(-1.994, 0.4878, -2.5192)
(-1.8275, 0.9578, -2.2478)
(-1.6214, 1.444, -2.0126)
(-1.3268, 1.8679, -1.7661)
(-1.1746, 2.2912, -1.5153)
(-2.276, -0.1905, -2.2589)
(-2.2927, 0.2879, -2.0491)
(-2.1182, 0.7951, -1.798)
(-1.7698, 1.2211, -1.5495)
(-1.3941, 1.6705, -1.3071)
(-1.1466, 2.214, -1.0578)
(-2.5455, -0.4371, -1.7265)
(-2.5368, 0.0547, -1.5392)
(-2.3213, 0.5545, -1.3025)
(-1.9833, 1.0138, -1.0601)
(-1.7098, 1.5613, -0.8411)
(-1.4768, 2.1643, -0.6425)
(-2.7936, -0.6843, -1.1941)
(-2.7376, -0.1845, -1.0147)
(-2.5461, 0.3638, -0.7962)
(-2.2807, 0.899, -0.5752)
(-2.0042, 1.4636, -0.349)
(-1.6562, 2.0047, -0.1349)
(-3.0393, -0.9232, -0.6632)
(-2.9058, -0.4242, -0.4879)
(-2.6687, 0.1344, -0.27)
(-2.3806, 0.6844, -0.0475)
(-2.0559, 1.2365, 0.1859)
(-1.6625, 1.7555, 0.4093)
(-3.3111, -1.1255, -0.1275)
(-3.0381, -0.6459, 0.0455)
(-2.6792, -0.1291, 0.2579)
(-2.3169, 0.4018, 0.4748)
(-1.973, 0.9509, 0.7125)
(-1.6188, 1.4917, 0.953)
(-5.8047, -2.1257, 1.0726)
(-5.4642, -2.0511, 1.2704)
(-4.8097, -1.8853, 0.97)
(-4.2068, -1.6313, 0.5163)
(-3.6753, -1.2076, 0.4057)
(-3.2201, -0.749, 0.5979)
(-2.7603, -0.2991, 0.8161)
(-2.3257, 0.1929, 1.024)
(-1.926, 0.7012, 1.2529)
(-1.5797, 1.2363, 1.5008)
(-5.79, -1.9656, 1.059)
(-5.591, -1.9259, 1.294)
(-5.1087, -1.7006, 1.1324)
(-4.5608, -1.3914, 0.8923)
(-4.0134, -1.0465, 0.9263)
(-3.4643, -0.7236, 1.1523)
(-2.9701, -0.32, 1.3772)
(-2.5132, 0.1505, 1.5838)
(-2.0251, 0.5711, 1.8122)
(-1.5912, 1.0181, 2.058)
(-6.2306, -1.7224, 1.1321)
(-5.9898, -1.718, 1.3871)
(-5.4268, -1.4444, 1.4098)
(-4.8747, -1.1145, 1.3378)
(-4.3253, -0.8579, 1.4374)
(-3.7449, -0.6449, 1.6935)
(-3.2332, -0.2714, 1.9231)
(-2.7459, 0.1556, 2.1406)
(-2.2056, 0.5127, 2.3754)
(-1.6584, 0.8394, 2.6088)
(-6.7509, -1.5391, 1.3771)
(-6.3884, -1.4958, 1.6622)
(-5.8039, -1.2922, 1.786)
(-5.2402, -1.0305, 1.8377)
(-4.6256, -0.8025, 1.9774)
(-4.0281, -0.5878, 2.2234)
(-3.47, -0.271, 2.4646)
(-2.8964, 0.0408, 2.7015)
(-2.2657, 0.2895, 2.9311)
(-1.6347, 0.5173, 3.1025)
(-7.1541, -1.5631, 1.8157)
(-6.7781, -1.4953, 2.0761)
(-6.1659, -1.3758, 2.2277)
(-5.5038, -1.1766, 2.3522)
(-4.8326, -0.9714, 2.5227)
(-4.2052, -0.7463, 2.7495)
(-3.586, -0.5065, 2.9718)
(-2.9357, -0.2963, 3.1824)
(-2.2464, -0.1294, 3.3844)
(-1.5534, 0.1258, 3.4954)
(-7.3106, -1.7845, 2.3086)
(-6.8494, -1.7661, 2.5052)
(-6.2159, -1.6766, 2.653)
(-5.5314, -1.5287, 2.8251)
(-4.8562, -1.3547, 2.9987)
(-4.2044, -1.1597, 3.1504)
(-3.5538, -0.9693, 3.3182)
(-2.895, -0.792, 3.4859)
(-2.3051, -0.6496, 3.6382)
(-7.2045, -2.2014, 2.5666)
(-6.6796, -2.2265, 2.6263)
(-5.9928, -2.1315, 2.7389)
(-5.3582, -2.0058, 2.9978)
(-4.7573, -1.8531, 3.2313)
(-4.0977, -1.6752, 3.3316)
(-3.4371, -1.5019, 3.4547)
(-2.7832, -1.3291, 3.5906)
(-2.2501, -1.1782, 3.73)
(-2.0582, -0.8668, 3.7689)
(-2.5434, -0.9908, 3.6335)
(-3.1698, -1.1541, 3.4826)
(-3.8281, -1.331, 3.3385)
(-4.4859, -1.5125, 3.2087)
(-5.1377, -1.6928, 3.0758)
(-5.7747, -1.8399, 2.8271)
(-6.4579, -1.9568, 2.6717)
(-7.0552, -2.0021, 2.5421)
(-1.9652, -0.3198, 3.6184)
(-2.5968, -0.4496, 3.4498)
(-3.2589, -0.6199, 3.266)
(-3.907, -0.8197, 3.074)
(-4.5432, -1.0351, 2.8738)
(-5.201, -1.237, 2.6922)
(-5.9013, -1.4146, 2.5355)
(-6.5583, -1.5639, 2.3935)
(-7.1034, -1.6175, 2.207)
(-1.293, 0.4558, 3.3322)
(-1.9117, 0.2004, 3.2633)
(-2.5975, 0.0046, 3.07)
(-3.2444, -0.2217, 2.845)
(-3.8417, -0.4957, 2.6128)
(-4.4378, -0.7558, 2.3709)
(-5.0689, -0.9588, 2.1548)
(-5.7116, -1.1979, 2.0482)
(-6.2996, -1.3927, 1.9361)
(-6.8482, -1.5056, 1.7392)
(-1.3575, 0.815, 2.9474)
(-1.9538, 0.5641, 2.77)
(-2.5502, 0.2831, 2.5426)
(-3.1051, -0.0566, 2.3076)
(-3.6185, -0.4418, 2.0793)
(-4.1812, -0.7218, 1.83)
(-4.7757, -0.8996, 1.6137)
(-5.3306, -1.2019, 1.5883)
(-5.8963, -1.4728, 1.5644)
(-6.4114, -1.6539, 1.3911)
(-1.3777, 1.1195, 2.4387)
(-1.8642, 0.7357, 2.2149)
(-2.3818, 0.3617, 1.9747)
(-2.8716, -0.0648, 1.7537)
(-3.3375, -0.515, 1.5448)
(-3.8832, -0.825, 1.2985)
(-4.4499, -1.0771, 1.1047)
(-4.9817, -1.4201, 1.1654)
(-5.5368, -1.7109, 1.3254)
(-5.9263, -1.8921, 1.2419)
(-1.3719, 1.3519, 1.8855)
(-1.7552, 0.8608, 1.6548)
(-2.1769, 0.3888, 1.414)
(-2.6282, -0.0843, 1.2003)
(-3.0858, -0.5499, 0.9914)
(-3.594, -0.9388, 0.7631)
(-4.112, -1.3504, 0.635)
(-4.6753, -1.6636, 0.8454)
(-5.236, -1.9172, 1.2111)
(-5.6887, -2.0394, 1.226)
(-1.3876, 1.5994, 1.3316)
(-1.7686, 1.0913, 1.104)
(-2.1109, 0.5434, 0.8593)
(-2.4999, 0.0209, 0.6384)
(-2.9109, -0.4782, 0.4284)
(-3.3169, -0.9506, 0.2202)
(-3.643, -1.442, 0.0716)
(-1.4086, 1.848, 0.7789)
(-1.8416, 1.3662, 0.5688)
(-2.1885, 0.8185, 0.3301)
(-2.5183, 0.2704, 0.1006)
(-2.8295, -0.2719, -0.1156)
(-3.0878, -0.8008, -0.3196)
(-3.221, -1.2488, -0.4593)
(-1.4252, 2.1002, 0.2281)
(-1.881, 1.6355, 0.0307)
(-2.2154, 1.0854, -0.1999)
(-2.499, 0.532, -0.4253)
(-2.7387, -0.0208, -0.6431)
(-2.8879, -0.5713, -0.8499)
(-2.9263, -1.0201, -0.9965)
(-1.3988, 2.3446, -0.3125)
(-1.7491, 1.8193, -0.4984)
(-2.004, 1.2318, -0.708)
(-2.2828, 0.6992, -0.9352)
(-2.5614, 0.2054, -1.1653)
(-2.6711, -0.3297, -1.3771)
(-2.6525, -0.7708, -1.5316)
(-1.1774, 2.4808, -0.7655)
(-1.4085, 1.8905, -0.9604)
(-1.6866, 1.3366, -1.1894)
(-2.0545, 0.8911, -1.4281)
(-2.3638, 0.4403, -1.6822)
(-2.4405, -0.0877, -1.9057)
(-2.3773, -0.5159, -2.0738)
(-1.0806, 2.5477, -1.2033)
(-1.1675, 2.0033, -1.4153)
(-1.5144, 1.5679, -1.6631)
(-1.8202, 1.1128, -1.8982)
(-2.0596, 0.6472, -2.1503)
(-2.1362, 0.1428, -2.4024)
(-2.0898, -0.2538, -2.6293)
(-1.2645, 2.5278, -1.6981)
(-1.3204, 2.0306, -1.7991)
(-1.5329, 1.7249, -2.1337)
(-1.7182, 1.2519, -2.3656)
(-1.9312, 0.8212, -2.6429)
(-2.0181, 0.3617, -2.9515)
(-1.9657, 0.0085, -3.2423)
(-1.3139, 2.3218, -2.1351)
(-1.6628, 1.9694, -2.0988)
(-1.7827, 1.6581, -2.4804)
(-1.8675, 1.3928, -2.8497)
(-2.0991, 1.0229, -3.1792)
(-2.175, 0.567, -3.518)
(-2.0554, 0.2402, -3.8294)
(-1.3284, 2.3564, -2.546)
(-1.9058, 2.1802, -2.457)
(-2.1519, 1.765, -2.7188)
(-2.2106, 1.4998, -3.1712)
(-2.436, 1.0442, -3.4059)
(-2.4871, 0.532, -3.7075)
(-2.3452, 0.1593, -3.9887)
(-1.4333, 2.7761, -2.9102)
(-2.0309, 2.545, -2.8916)
(-2.4341, 2.0897, -3.0704)
(-2.6905, 1.6246, -3.3818)
(-2.842, 1.054, -3.5896)
(-2.7572, 0.5264, -3.8958)
(-2.5842, 0.1346, -4.1503)
(-1.4988, 3.1585, -3.3172)
(-2.0832, 2.8217, -3.4089)
(-2.5774, 2.3706, -3.5535)
(-2.9654, 1.8632, -3.7627)
(-3.0594, 1.2886, -4.0553)
(-2.8417, 0.8058, -4.3972)
(-2.5968, 0.4663, -4.6632)
(-1.5179, 3.3615, -3.7762)
(-2.1006, 3.0051, -3.8796)
(-2.6317, 2.5851, -4.009)
(-3.0502, 2.09, -4.2037)
(-3.1733, 1.5215, -4.4899)
(-2.9333, 1.0509, -4.8263)
(-2.6574, 0.7305, -5.0714)
(-2.0424, -1.3057, 3.7893)
(-2.4356, -1.4654, 3.6606)
(-3.0493, -1.6364, 3.5324)
(-3.7098, -1.8089, 3.4052)
(-4.3704, -1.9793, 3.284)
(-5.0084, -2.1434, 3.1405)
(-5.5747, -2.2422, 2.8006)
(-6.2429, -2.3855, 2.6259)
(-6.8923, -2.4354, 2.5668)
(-1.9886, 0.1338, -3.6428)
(-2.139, 0.3548, -4.1401)
(-2.588, 0.634, -4.9248)
(-5.7738, -2.0286, 1.277)
(-5.0806, -2.0187, 1.1858)
(-3.879, -1.5467, 0.3162)
(-3.3639, -1.3692, -0.1987)
(-4.4893, -1.7464, 0.7007)
(-2.5074, -0.6468, -1.796)
(-2.227, -0.382, -2.3403)
(-6.8768, -2.6751, 2.4879)
(-2.5634, -0.0302, -3.8989)
(-6.1613, -2.5722, 2.5575)
(-5.5254, -2.3547, 2.7104)
(-4.967, -2.3609, 3.1222)
(-4.3081, -2.1747, 3.2387)
(-3.0569, -1.1499, -0.7329)
(-3.6486, -2.0122, 3.3952)
(-2.9872, -1.8403, 3.5289)
(-1.9227, -0.0984, -2.9029)
(-2.324, -1.6642, 3.6414)
(-2.594, 0.2883, -4.4157)
(-2.7805, -0.904, -1.2626)
(1.2845, -0.6856, -5.9267)
(1.4162, -0.1886, -5.53)
(1.7513, 0.0992, -5.2177)
(2.2847, 0.3749, -5.0108)
(2.5663, 0.937, -4.8575)
(2.6288, 1.6055, -4.7541)
(1.3588, -0.9721, -5.5135)
(1.4549, -0.4987, -5.1498)
(2.6392, 2.1641, -4.6268)
(1.6182, -0.1003, -4.8212)
(2.0108, 0.3348, -4.62)
(2.3189, 0.9135, -4.4735)
(2.4962, 1.5399, -4.3111)
(2.6185, 2.0442, -4.1525)
(1.4285, -1.2797, -5.0047)
(1.585, -0.8002, -4.6866)
(1.6415, -0.2671, -4.3413)
(1.8937, 0.2853, -4.1482)
(2.2184, 0.8548, -4.0375)
(2.4151, 1.44, -3.809)
(2.6214, 1.8493, -3.6119)
(1.4824, -1.561, -4.4787)
(1.8217, -1.0802, -4.2493)
(1.9689, -0.4885, -3.9471)
(2.1777, 0.0901, -3.7095)
(2.3424, 0.6532, -3.634)
(2.3629, 1.2102, -3.578)
(2.4812, 1.642, -3.4901)
(1.5003, -1.7755, -3.9241)
(1.9902, -1.3604, -3.7808)
(2.2541, -0.7822, -3.5564)
(2.4178, -0.1806, -3.2825)
(2.3545, 0.3886, -3.1942)
(2.2469, 0.9512, -3.3084)
(2.2964, 1.4271, -3.3494)
(1.4803, -1.9185, -3.3369)
(2.0402, -1.5766, -3.2261)
(2.316, -1.03, -3.0303)
(2.3854, -0.4136, -2.7714)
(2.3957, 0.1626, -2.6865)
(2.3228, 0.7325, -2.7333)
(2.2206, 1.1964, -2.7114)
(1.4522, -2.0197, -2.7396)
(2.0524, -1.7342, -2.6462)
(2.3914, -1.2242, -2.5008)
(2.4975, -0.6083, -2.3176)
(2.5678, -0.0173, -2.2232)
(2.4989, 0.5544, -2.1593)
(2.3229, 1.0433, -2.0579)
(1.4096, -2.0814, -2.1354)
(2.0335, -1.825, -2.0507)
(2.4869, -1.3543, -1.9482)
(2.7189, -0.7552, -1.8279)
(2.7555, -0.1498, -1.6972)
(2.682, 0.4498, -1.5694)
(2.6033, 0.9644, -1.4656)
(1.3572, -2.126, -1.5299)
(1.9933, -1.8831, -1.4484)
(2.4756, -1.4403, -1.3516)
(2.7346, -0.8491, -1.2348)
(2.8366, -0.2394, -1.1067)
(2.8676, 0.3697, -0.9822)
(2.8674, 0.8926, -0.8809)
(1.3119, -2.1953, -0.9289)
(1.9704, -1.9588, -0.8491)
(2.4991, -1.5503, -0.7621)
(2.7904, -0.9579, -0.6515)
(2.9407, -0.3265, -0.5265)
(3.0556, 0.299, -0.4055)
(3.1251, 0.8329, -0.3028)
(1.2861, -2.3152, -0.3408)
(1.9722, -2.0712, -0.2556)
(2.5757, -1.6942, -0.1774)
(2.9465, -1.105, -0.0877)
(3.1335, -0.432, 0.0244)
(3.2768, 0.2306, 0.1496)
(3.3837, 0.7931, 0.2696)
(1.2154, -2.32, 0.2329)
(1.9053, -2.0729, 0.3259)
(2.5589, -1.7439, 0.411)
(3.0298, -1.2102, 0.488)
(3.2951, -0.535, 0.5782)
(3.4886, 0.1497, 0.6956)
(3.6665, 0.7912, 0.8394)
(1.0892, -2.1854, 0.8062)
(1.7598, -1.9409, 0.8972)
(2.409, -1.6398, 0.9839)
(2.9456, -1.183, 1.0669)
(3.3427, -0.5944, 1.1503)
(3.6741, 0.0319, 1.2298)
(3.9894, 0.677, 1.3249)
(4.3652, 1.2235, 1.5372)
(0.9612, -2.0557, 1.3897)
(1.6114, -1.806, 1.4685)
(2.2187, -1.4758, 1.5302)
(2.7362, -1.0203, 1.5871)
(4.7432, 1.5969, 1.9043)
(3.1918, -0.4934, 1.6505)
(3.6249, 0.0565, 1.7089)
(5.1102, 1.8677, 2.3677)
(4.0392, 0.6221, 1.762)
(5.4586, 2.1184, 2.6599)
(4.4543, 1.1739, 1.835)
(0.8383, -1.9318, 1.9798)
(1.4794, -1.6874, 2.058)
(2.1041, -1.3853, 2.0991)
(4.808, 1.6032, 1.9406)
(2.6717, -0.9806, 2.0929)
(3.176, -0.5045, 2.0793)
(5.1081, 1.9715, 2.175)
(3.6564, -0.0039, 2.0854)
(4.1202, 0.5144, 2.1002)
(5.4031, 2.3513, 2.4071)
(0.7421, -1.8321, 2.4663)
(4.577, 1.0346, 2.1257)
(1.3651, -1.5654, 2.6155)
(5.0036, 1.4872, 2.1306)
(2.0252, -1.2688, 2.6843)
(2.7014, -0.9457, 2.6391)
(3.3194, -0.579, 2.5821)
(5.3913, 1.9136, 2.1443)
(3.8866, -0.168, 2.5302)
(5.6904, 2.3418, 2.1738)
(4.4105, 0.2922, 2.4741)
(4.8846, 0.8052, 2.4394)
(5.284, 1.3448, 2.5068)
(2.0321, -1.0211, 3.2253)
(2.6652, -0.7417, 3.1916)
(3.3164, -0.429, 3.1512)
(5.7098, 1.823, 2.5453)
(3.9404, -0.0899, 3.1035)
(6.1082, 2.183, 2.4324)
(4.5328, 0.2932, 3.0416)
(5.0742, 0.7685, 2.9862)
(5.5781, 1.2561, 2.9714)
(2.0689, -0.7137, 3.7033)
(2.6052, -0.4595, 3.6876)
(3.238, -0.1534, 3.6609)
(6.0685, 1.6811, 2.9483)
(3.8722, 0.1634, 3.6247)
(6.484, 2.0156, 2.8431)
(4.5058, 0.4915, 3.5858)
(5.1357, 0.8853, 3.5333)
(2.0004, -0.3967, 4.0317)
(2.4793, -0.1306, 4.0304)
(5.7541, 1.2622, 3.4747)
(3.1063, 0.1664, 4.0164)
(3.7386, 0.4678, 3.9928)
(6.3233, 1.5705, 3.4038)
(4.3769, 0.7625, 3.9812)
(6.7631, 1.8591, 3.3065)
(5.0163, 1.0857, 3.9462)
(5.6599, 1.3949, 3.8893)
(6.284, 1.6568, 3.8478)
(6.7504, 1.8393, 3.7494)
(6.5359, 2.1916, 4.2052)
(5.7737, 1.955, 2.7172)
(5.8622, 2.2771, 2.6934)
(5.8863, 2.7164, 2.8653)
(5.9842, 3.0124, 3.3762)
(6.1357, 3.0138, 3.9527)
(6.3681, 2.6375, 4.2226)
(1.5502, 0.4001, 4.1709)
(2.0837, 0.6525, 4.1538)
(2.7129, 0.9436, 4.1525)
(3.3449, 1.2309, 4.1409)
(3.9755, 1.5106, 4.0959)
(4.6197, 1.7587, 4.125)
(5.2364, 2.0209, 4.1809)
(5.8545, 2.344, 4.1989)
(1.2163, 0.8123, 3.9643)
(1.8267, 1.1144, 3.9384)
(2.4732, 1.4012, 3.9028)
(3.114, 1.6678, 3.856)
(3.7405, 1.9589, 3.8198)
(4.4008, 2.2174, 3.8651)
(5.0291, 2.445, 3.936)
(5.627, 2.7238, 3.9683)
(-0.3337, 0.7641, 3.4286)
(0.3141, 0.9157, 3.5123)
(0.9782, 1.1468, 3.5359)
(1.6504, 1.4307, 3.4848)
(2.3099, 1.6648, 3.4174)
(2.9594, 1.8744, 3.3435)
(3.5909, 2.1125, 3.303)
(4.2306, 2.3473, 3.3241)
(4.8779, 2.5537, 3.3801)
(5.4832, 2.7542, 3.4135)
(-0.3858, 1.0271, 3.018)
(0.26, 1.1624, 2.9917)
(0.9096, 1.3838, 2.9631)
(1.5811, 1.5611, 2.904)
(2.2523, 1.6733, 2.8371)
(2.9122, 1.8085, 2.7599)
(3.5676, 1.9721, 2.711)
(4.1907, 2.1836, 2.7103)
(4.8208, 2.3808, 2.8232)
(5.4191, 2.4884, 2.9375)
(-0.436, 1.2844, 2.479)
(0.216, 1.3212, 2.3986)
(0.8789, 1.4872, 2.3566)
(1.5569, 1.5592, 2.3013)
(2.2401, 1.548, 2.2493)
(2.9133, 1.6082, 2.1842)
(3.5836, 1.7237, 2.1365)
(4.2148, 1.8964, 2.1637)
(4.8092, 2.0077, 2.4236)
(5.3938, 2.0617, 2.7096)
(-0.4768, 1.5375, 1.9299)
(0.1735, 1.4531, 1.8163)
(0.849, 1.5042, 1.753)
(1.5313, 1.4996, 1.7012)
(2.2161, 1.4277, 1.656)
(2.8999, 1.4232, 1.6037)
(3.588, 1.4418, 1.5678)
(4.2178, 1.5353, 1.7241)
(4.7903, 1.6665, 2.1239)
(5.3473, 1.785, 2.5387)
(-0.4914, 1.832, 1.4025)
(0.1581, 1.6726, 1.2717)
(0.8217, 1.5657, 1.1642)
(1.5003, 1.4845, 1.1024)
(2.1786, 1.3909, 1.0604)
(2.8509, 1.3274, 1.0149)
(3.4702, 1.2265, 0.9727)
(-0.4871, 2.1446, 0.8878)
(0.1719, 2.0197, 0.7834)
(0.8236, 1.8342, 0.6495)
(1.489, 1.694, 0.5677)
(2.1453, 1.5766, 0.5192)
(2.7676, 1.4178, 0.4524)
(3.2488, 1.1863, 0.3749)
(-0.4861, 2.433, 0.3586)
(0.1891, 2.3887, 0.3045)
(0.8517, 2.2318, 0.1934)
(1.5016, 2.0739, 0.1014)
(2.1153, 1.8972, 0.0228)
(2.6484, 1.6046, -0.0889)
(3.0215, 1.2437, -0.2052)
(-0.4951, 2.7151, -0.1764)
(0.1888, 2.7106, -0.2087)
(0.8629, 2.5892, -0.2949)
(1.501, 2.4176, -0.3918)
(2.051, 2.1497, -0.5052)
(2.4797, 1.737, -0.6453)
(2.77, 1.3095, -0.7785)
(-0.5095, 3.0066, -0.7015)
(0.1712, 2.9892, -0.7482)
(0.8454, 2.8615, -0.8339)
(1.4659, 2.6521, -0.9372)
(1.9097, 2.2781, -1.0529)
(2.2492, 1.7993, -1.2012)
(2.5109, 1.3727, -1.359)
(-0.5456, 3.1811, -1.2579)
(0.1205, 3.1603, -1.318)
(0.7643, 2.954, -1.3982)
(1.2961, 2.6213, -1.4083)
(1.6312, 2.1873, -1.4968)
(1.9582, 1.7596, -1.7241)
(2.2289, 1.3949, -1.9309)
(-0.5867, 3.1389, -1.8369)
(0.0235, 3.1276, -1.8852)
(0.6056, 2.7969, -1.9212)
(1.0984, 2.3909, -1.8359)
(1.4798, 2.0998, -1.9462)
(1.8621, 1.8467, -2.2931)
(2.1332, 1.5274, -2.5554)
(-0.4801, 2.8542, -2.2744)
(0.096, 3.0074, -2.3391)
(0.6318, 2.7771, -2.3745)
(1.1397, 2.4233, -2.2853)
(1.5964, 2.2916, -2.4387)
(1.9847, 2.1203, -2.8293)
(2.2392, 1.7984, -3.1338)
(-0.372, 2.6375, -2.704)
(0.2594, 2.8543, -2.7694)
(0.8128, 2.9414, -2.7399)
(1.3332, 2.8071, -2.6093)
(1.8625, 2.6355, -2.6988)
(2.3002, 2.3682, -3.0032)
(2.549, 1.99, -3.2903)
(-0.4368, 2.8983, -3.0861)
(0.2295, 2.9728, -3.1859)
(0.8557, 3.1145, -3.1263)
(1.465, 3.1413, -2.9867)
(2.0952, 2.9777, -2.9847)
(2.5764, 2.6368, -3.1997)
(2.7841, 2.1919, -3.467)
(-0.5196, 3.4043, -3.3406)
(0.1492, 3.4783, -3.4042)
(0.8294, 3.514, -3.3979)
(1.5024, 3.4834, -3.3656)
(2.1285, 3.32, -3.4395)
(2.5367, 2.9275, -3.6955)
(2.6859, 2.4576, -3.9831)
(-0.5445, 3.6883, -3.6901)
(0.1316, 3.7195, -3.627)
(0.7984, 3.6561, -3.5255)
(1.4505, 3.5858, -3.5622)
(2.0526, 3.4856, -3.8081)
(2.4468, 3.1532, -4.1313)
(2.6105, 2.6888, -4.417)
(1.8033, 0.0115, 4.204)
(2.3096, 0.2136, 4.1787)
(2.9343, 0.5022, 4.1789)
(3.5618, 0.7941, 4.17)
(4.1886, 1.0716, 4.1401)
(4.8066, 1.3399, 4.1183)
(5.4209, 1.6184, 4.0956)
(6.0699, 1.9173, 4.0987)
(0.883, -0.8298, -6.0032)
(0.4541, -0.4993, -5.6925)
(-0.001, -0.1849, -5.4086)
(-0.6561, -0.0674, -5.3884)
(-1.3291, 0.0381, -5.4333)
(-1.9607, 0.2726, -5.3558)
(0.8805, -1.1369, -5.5952)
(0.3728, -0.8525, -5.3517)
(-2.4171, 0.5663, -5.1914)
(-0.1008, -0.5057, -5.0398)
(-0.6935, -0.297, -4.9437)
(-1.3496, -0.1975, -4.9959)
(-1.9804, -0.0034, -4.9342)
(-2.426, 0.3051, -4.7633)
(0.8876, -1.4668, -5.091)
(0.3228, -1.2292, -4.9064)
(-0.1712, -0.8612, -4.5864)
(-0.7017, -0.5968, -4.4527)
(-1.3321, -0.5006, -4.4968)
(-1.99, -0.339, -4.4455)
(-2.428, -0.0237, -4.2789)
(0.8856, -1.7705, -4.5718)
(0.28, -1.6232, -4.493)
(-0.2028, -1.2872, -4.21)
(-0.6488, -0.9518, -4.0197)
(-1.2134, -0.7058, -3.9924)
(-1.8133, -0.4057, -4.0207)
(-2.2182, -0.0111, -4.0673)
(0.8535, -1.9622, -4.0131)
(0.1848, -1.9206, -4.0478)
(-0.3804, -1.6801, -3.9307)
(-0.8415, -1.275, -3.7842)
(-1.2355, -0.833, -3.6242)
(-1.5968, -0.3983, -3.6297)
(-1.9321, 0.0418, -3.8536)
(0.8122, -2.048, -3.4148)
(0.1245, -2.0375, -3.4738)
(-0.5452, -1.9055, -3.5137)
(-1.1321, -1.5967, -3.5188)
(-1.5102, -1.1431, -3.3816)
(-1.704, -0.6345, -3.2554)
(-1.8665, -0.1711, -3.2802)
(0.7764, -2.1198, -2.8128)
(0.0898, -2.1224, -2.8776)
(-0.5889, -2.0548, -2.9397)
(-1.2129, -1.8549, -2.9788)
(-1.7011, -1.4711, -2.9427)
(-1.9234, -0.9218, -2.7977)
(-2.0053, -0.4184, -2.6575)
(0.7326, -2.1866, -2.21)
(0.0473, -2.224, -2.2824)
(-0.6319, -2.1974, -2.3532)
(-1.2583, -2.0294, -2.391)
(-1.763, -1.6809, -2.3527)
(-2.0685, -1.18, -2.2241)
(-2.2579, -0.7042, -2.1003)
(0.6827, -2.2646, -1.6093)
(0.0015, -2.3589, -1.6934)
(-0.6773, -2.3679, -1.7723)
(-1.303, -2.1974, -1.8047)
(-1.8191, -1.8501, -1.7622)
(-2.2152, -1.3892, -1.6591)
(-2.5091, -0.9577, -1.5616)
(0.6365, -2.386, -1.018)
(-0.0442, -2.5511, -1.1208)
(-0.732, -2.5898, -1.2097)
(-1.3665, -2.3867, -1.2325)
(-1.9053, -2.0172, -1.1866)
(-2.3819, -1.5891, -1.1076)
(-2.7598, -1.1985, -1.0312)
(0.5997, -2.5428, -0.4387)
(-0.0926, -2.762, -0.5521)
(-0.8034, -2.8503, -0.6554)
(-1.4729, -2.6435, -0.6932)
(-2.0516, -2.2427, -0.6572)
(-2.584, -1.811, -0.587)
(-3.0239, -1.4312, -0.5105)
(0.5278, -2.5569, 0.1352)
(-0.1644, -2.792, 0.0294)
(-0.8752, -2.9584, -0.0763)
(-1.5756, -2.8504, -0.1425)
(-2.2085, -2.4827, -0.1403)
(-2.7906, -2.058, -0.0898)
(-3.3369, -1.662, -0.0083)
(0.4178, -2.4209, 0.7127)
(-0.2522, -2.6522, 0.6148)
(-0.9301, -2.8507, 0.5141)
(-1.6098, -2.816, 0.4365)
(-2.2678, -2.5513, 0.4159)
(-2.9087, -2.2631, 0.4279)
(-3.5517, -1.998, 0.4084)
(-4.2038, -1.8781, 0.4835)
(0.3036, -2.2868, 1.2992)
(-0.35, -2.5184, 1.2022)
(-1.0023, -2.7345, 1.1009)
(-1.6573, -2.8011, 0.9899)
(-4.8034, -1.8925, 0.7723)
(-2.3184, -2.7194, 0.8887)
(-2.987, -2.6061, 0.7959)
(-5.365, -1.8714, 1.1132)
(-3.65, -2.491, 0.6463)
(-5.7727, -1.7201, 1.257)
(-4.3105, -2.3655, 0.5174)
(0.1847, -2.1578, 1.8897)
(-0.4662, -2.374, 1.7957)
(-1.1241, -2.5953, 1.6808)
(-4.9274, -2.1618, 0.591)
(-1.7936, -2.7863, 1.5287)
(-2.4628, -2.8958, 1.353)
(-5.4523, -1.9095, 0.8619)
(-3.1305, -2.9246, 1.1658)
(-3.7964, -2.8956, 0.9676)
(-5.8863, -1.6698, 1.0562)
(0.09, -2.0625, 2.3774)
(-4.4609, -2.8259, 0.7848)
(-0.5769, -2.2376, 2.3556)
(-5.1049, -2.6419, 0.7053)
(-1.2743, -2.389, 2.2543)
(-1.9746, -2.5646, 2.0608)
(-2.6522, -2.7347, 1.8811)
(-5.6821, -2.3133, 0.7737)
(-3.3189, -2.8686, 1.6984)
(-6.1375, -1.9899, 0.8731)
(-3.9841, -2.9404, 1.4912)
(-4.6485, -2.942, 1.269)
(-5.2992, -2.92, 1.1047)
(-1.5358, -2.2417, 2.7778)
(-2.184, -2.3595, 2.5808)
(-2.861, -2.4975, 2.392)
(-5.9133, -2.7569, 1.0574)
(-3.527, -2.6504, 2.2194)
(-6.4079, -2.4791, 1.0794)
(-4.1908, -2.7857, 2.0356)
(-4.8638, -2.8363, 1.8186)
(-5.5193, -2.9137, 1.61)
(-1.8465, -2.0678, 3.2331)
(-2.4107, -2.1662, 3.0849)
(-3.0741, -2.2863, 2.9084)
(-6.1408, -2.9873, 1.4865)
(-3.7383, -2.4264, 2.7341)
(-6.6601, -2.9035, 1.4128)
(-4.4019, -2.5876, 2.5642)
(-5.0786, -2.7014, 2.3555)
(-2.0581, -1.8137, 3.552)
(-2.587, -1.9046, 3.4539)
(-5.7339, -2.8077, 2.1334)
(-3.2447, -2.0545, 3.31)
(-3.9069, -2.2044, 3.1494)
(-6.3534, -2.9835, 1.9944)
(-4.5693, -2.3693, 2.994)
(-6.8788, -3.076, 1.8822)
(-5.216, -2.487, 2.766)
(-5.8467, -2.6119, 2.5263)
(-6.4846, -2.7864, 2.399)
(-6.9814, -2.933, 2.2908)
(-7.1123, -2.3781, 2.5705)
(-5.7513, -2.057, 1.0556)
(-5.9698, -1.8482, 1.0805)
(-6.4986, -1.6112, 1.229)
(-6.9756, -1.5253, 1.5766)
(-7.2685, -1.6448, 2.0738)
(-7.2806, -1.9872, 2.4787)
(-2.2875, -0.9252, 3.7029)
(-2.8436, -1.0685, 3.5588)
(-3.4993, -1.242, 3.4093)
(-4.1568, -1.421, 3.27)
(-4.8147, -1.6051, 3.1538)
(-5.4527, -1.7703, 2.9536)
(-6.1157, -1.9039, 2.7376)
(-6.7776, -1.9913, 2.6072)
(-2.2809, -0.3807, 3.5336)
(-2.9254, -0.53, 3.3601)
(-3.5861, -0.7168, 3.1711)
(-4.2249, -0.9271, 2.9734)
(-4.8663, -1.1392, 2.7798)
(-5.5507, -1.3275, 2.6107)
(-6.2377, -1.4988, 2.4654)
(-6.858, -1.5974, 2.3112)
(-0.9794, 0.5746, 3.3618)
(-1.5995, 0.3264, 3.3057)
(-2.255, 0.1004, 3.1757)
(-2.9279, -0.1017, 2.9589)
(-3.5468, -0.3554, 2.7299)
(-4.1369, -0.6331, 2.4928)
(-4.7484, -0.8579, 2.2521)
(-5.3955, -1.0766, 2.0928)
(-6.0059, -1.3046, 1.9984)
(-6.6028, -1.461, 1.8553)
(-1.0417, 0.915, 3.0012)
(-1.6583, 0.6951, 2.8681)
(-2.2533, 0.4282, 2.6595)
(-2.8353, 0.1226, 2.4242)
(-3.3612, -0.2522, 2.1942)
(-3.892, -0.6017, 1.9577)
(-4.4802, -0.8059, 1.7043)
(-5.0569, -1.0417, 1.5844)
(-5.6073, -1.3435, 1.5883)
(-6.1895, -1.5933, 1.502)
(-1.0836, 1.2475, 2.5016)
(-1.6276, 0.9365, 2.3364)
(-2.1193, 0.5481, 2.0928)
(-2.6337, 0.1579, 1.8612)
(-3.0999, -0.2987, 1.6515)
(-3.6011, -0.688, 1.4252)
(-4.1703, -0.9444, 1.1795)
(-4.7151, -1.2445, 1.1047)
(-5.2625, -1.5738, 1.2562)
(-5.7726, -1.833, 1.3249)
(-1.1027, 1.5132, 1.9558)
(-1.5756, 1.1186, 1.7786)
(-1.9566, 0.6193, 1.5314)
(-2.4026, 0.155, 1.3043)
(-2.8526, -0.3248, 1.0982)
(-3.3361, -0.7479, 0.876)
(-3.8499, -1.1441, 0.6705)
(-4.3904, -1.5177, 0.7021)
(-4.9591, -1.8007, 1.0405)
(-5.4968, -1.9944, 1.2744)
(-1.1193, 1.772, 1.406)
(-1.5961, 1.362, 1.2258)
(-1.9358, 0.8154, 0.9798)
(-2.3004, 0.279, 0.7459)
(-2.7034, -0.2323, 0.534)
(-3.1203, -0.7156, 0.3199)
(-3.4882, -1.1913, 0.1397)
(-1.1298, 2.0204, 0.8526)
(-1.6426, 1.6233, 0.6812)
(-2.02, 1.0948, 0.4499)
(-2.3547, 0.5433, 0.2132)
(-2.6771, -0.0005, -0.008)
(-2.9713, -0.5434, -0.223)
(-3.1669, -1.0323, -0.3957)
(-1.1378, 2.2656, 0.2984)
(-1.6721, 1.8857, 0.1367)
(-2.0586, 1.3646, -0.0834)
(-2.3616, 0.8074, -0.3141)
(-2.6267, 0.2576, -0.5343)
(-2.8279, -0.3038, -0.7517)
(-2.9163, -0.8057, -0.929)
(-1.1363, 2.5263, -0.2423)
(-1.5972, 2.1015, -0.4003)
(-1.8788, 1.5236, -0.601)
(-2.1377, 0.9564, -0.8201)
(-2.4336, 0.4556, -1.0506)
(-2.6391, -0.0652, -1.2768)
(-2.6702, -0.5609, -1.4597)
(-1.0216, 2.7372, -0.7175)
(-1.2973, 2.1904, -0.8516)
(-1.535, 1.6011, -1.0742)
(-1.8653, 1.1046, -1.3065)
(-2.2309, 0.6761, -1.5554)
(-2.4296, 0.1745, -1.8007)
(-2.4171, -0.3136, -1.9945)
(-0.9959, 2.8363, -1.1964)
(-1.1096, 2.2618, -1.2878)
(-1.3211, 1.7799, -1.5426)
(-1.679, 1.3433, -1.7799)
(-1.9532, 0.885, -2.0223)
(-2.1188, 0.3902, -2.2785)
(-2.1228, -0.0674, -2.5188)
(-1.1155, 2.7782, -1.7383)
(-1.3013, 2.2598, -1.7116)
(-1.4115, 1.8771, -1.9611)
(-1.6285, 1.5012, -2.2587)
(-1.828, 1.0329, -2.4946)
(-1.9955, 0.5882, -2.798)
(-2.0042, 0.1726, -3.0987)
(-1.0566, 2.5016, -2.1896)
(-1.5192, 2.1432, -2.0786)
(-1.7435, 1.8054, -2.2579)
(-1.8102, 1.5285, -2.6781)
(-1.9805, 1.2259, -3.0134)
(-2.1665, 0.7909, -3.351)
(-2.1316, 0.3861, -3.6726)
(-1.0074, 2.4347, -2.6084)
(-1.6433, 2.2923, -2.4767)
(-2.0729, 1.9759, -2.5406)
(-2.1736, 1.6286, -2.956)
(-2.3178, 1.2989, -3.3023)
(-2.4942, 0.7769, -3.5475)
(-2.429, 0.3324, -3.8537)
(-1.1032, 2.8317, -2.956)
(-1.75, 2.6888, -2.8829)
(-2.2571, 2.3309, -2.9537)
(-2.574, 1.8624, -3.2298)
(-2.7892, 1.3482, -3.4873)
(-2.8242, 0.7732, -3.7347)
(-2.6716, 0.3223, -4.0352)
(-1.1783, 3.2691, -3.3001)
(-1.8021, 3.0084, -3.3552)
(-2.3401, 2.6052, -3.4745)
(-2.7951, 2.1262, -3.6486)
(-3.058, 1.576, -3.8981)
(-2.9717, 1.0282, -4.2297)
(-2.7159, 0.6238, -4.5378)
(-1.205, 3.5027, -3.7403)
(-1.8158, 3.1933, -3.8241)
(-2.3739, 2.8025, -3.9394)
(-2.865, 2.3497, -4.0958)
(-3.161, 1.8054, -4.3352)
(-3.0795, 1.2665, -4.6618)
(-2.791, 0.8773, -4.9606)
(-2.2193, -1.3851, 3.7253)
(-2.7245, -1.5497, 3.5962)
(-3.3794, -1.7231, 3.4686)
(-4.04, -1.8935, 3.3418)
(-4.6982, -2.067, 3.2309)
(-5.2891, -2.1937, 2.9741)
(-5.8979, -2.3138, 2.6909)
(-6.5885, -2.4309, 2.5864)
