(-0.8621, -0.5522, -6.3928)
(-0.2278, -0.3095, -6.3663)
(0.3412, 0.0711, -6.2732)
(0.8739, 0.4979, -6.1479)
(1.405, 0.9266, -6.0204)
(-0.8137, -0.7094, -5.9798)
(-0.1697, -0.4913, -5.9696)
(1.9244, 1.3091, -5.9146)
(0.413, -0.131, -5.8884)
(2.2904, 1.4962, -5.8049)
(0.9548, 0.2854, -5.7704)
(1.4892, 0.7103, -5.6456)
(2.0092, 1.0944, -5.5407)
(2.4238, 1.3807, -5.513)
(-0.7513, -0.9114, -5.443)
(-0.0963, -0.7251, -5.4484)
(0.5027, -0.3911, -5.3823)
(1.0564, 0.0111, -5.2738)
(1.5959, 0.4305, -5.1531)
(2.1157, 0.8143, -5.048)
(2.5271, 1.0874, -4.9827)
(-0.6852, -1.1217, -4.8739)
(-0.0209, -0.9683, -4.8943)
(0.5932, -0.6616, -4.8431)
(1.158, -0.2739, -4.7439)
(1.7021, 0.1397, -4.6271)
(2.223, 0.5203, -4.5232)
(2.6392, 0.7885, -4.4613)
(-0.6184, -1.328, -4.3031)
(0.053, -1.2076, -4.3382)
(0.6796, -0.9277, -4.3009)
(1.2525, -0.5536, -4.2093)
(1.7955, -0.146, -4.094)
(2.3108, 0.2309, -3.9886)
(2.7311, 0.4949, -3.9285)
(-0.5506, -1.5296, -3.7305)
(0.1258, -1.4431, -3.7801)
(0.7623, -1.1906, -3.7561)
(1.3361, -0.8319, -3.6696)
(1.8651, -0.4352, -3.5516)
(2.3607, -0.0582, -3.4381)
(2.7576, 0.2214, -3.3626)
(-0.4814, -1.7255, -3.1559)
(0.1977, -1.6748, -3.2203)
(0.8405, -1.4521, -3.2092)
(1.4064, -1.1126, -3.125)
(1.9151, -0.7264, -3.002)
(2.3852, -0.345, -2.8773)
(2.7502, -0.0448, -2.7844)
(-0.4105, -1.9144, -2.5789)
(0.269, -1.9026, -2.6585)
(0.9152, -1.7129, -2.6608)
(1.471, -1.3895, -2.5776)
(1.9613, -1.0091, -2.4492)
(2.4088, -0.6228, -2.3144)
(2.7415, -0.3052, -2.2046)
(-0.3372, -2.0945, -1.9992)
(0.3402, -2.1255, -2.0947)
(0.9901, -1.9727, -2.1129)
(1.5395, -1.6564, -2.0303)
(2.0196, -1.2748, -1.898)
(2.4574, -0.8866, -1.7575)
(2.7726, -0.5622, -1.6368)
(-0.261, -2.2679, -1.4177)
(0.4133, -2.3445, -1.5297)
(1.0698, -2.2354, -1.5687)
(1.6208, -1.917, -1.4884)
(2.105, -1.5282, -1.3555)
(2.5517, -1.1402, -1.2156)
(2.8778, -0.8184, -1.0954)
(-0.184, -2.447, -0.8385)
(0.4896, -2.57, -0.9671)
(1.1592, -2.5133, -1.0344)
(1.7328, -2.1998, -0.9702)
(2.2356, -1.7978, -0.8405)
(2.6982, -1.4014, -0.6995)
(3.0401, -1.0815, -0.5793)
(-0.1101, -2.6342, -0.2628)
(0.5636, -2.7909, -0.402)
(1.2512, -2.7784, -0.4965)
(1.8811, -2.5183, -0.4855)
(2.4153, -2.1087, -0.369)
(2.9047, -1.6935, -0.2293)
(3.2612, -1.353, -0.0885)
(-0.0282, -2.7741, 0.3251)
(0.6402, -2.9392, 0.1854)
(1.3275, -2.959, 0.0782)
(1.9897, -2.7704, 0.0462)
(2.5733, -2.4033, 0.116)
(3.1417, -2.0177, 0.1981)
(3.7907, -1.6226, 0.2447)
(0.0617, -2.8769, 0.9223)
(0.724, -3.0353, 0.7846)
(1.4005, -3.0907, 0.6678)
(2.0622, -2.9658, 0.611)
(4.4639, -1.8101, 0.1875)
(2.6579, -2.6394, 0.6496)
(3.2736, -2.3391, 0.6646)
(4.9925, -2.2154, 0.3806)
(3.9128, -2.1835, 0.5363)
(5.4683, -2.6632, 0.6118)
(4.5306, -2.224, 0.29)
(0.1579, -2.9643, 1.5259)
(0.8165, -3.1107, 1.3912)
(1.4858, -3.2225, 1.2554)
(5.794, -2.7494, 0.6187)
(2.1531, -3.2074, 1.1503)
(5.145, -2.3208, 0.1833)
(2.7873, -2.9943, 1.1029)
(3.4279, -2.7708, 1.0454)
(5.6768, -2.504, 0.3439)
(4.0678, -2.6569, 0.8715)
(6.0792, -2.6658, 0.4795)
(4.6634, -2.7016, 0.5487)
(0.2559, -3.0107, 2.1131)
(0.9114, -3.1193, 2.0162)
(1.5941, -3.2548, 1.8596)
(5.284, -2.7444, 0.2772)
(2.2674, -3.3726, 1.7027)
(2.9275, -3.3373, 1.5522)
(5.8774, -2.7665, 0.1388)
(3.5821, -3.2186, 1.4072)
(0.3378, -3.0309, 2.5826)
(6.3338, -2.712, 0.1431)
(4.2243, -3.1195, 1.23)
(4.8249, -3.1502, 0.9215)
(1.7479, -3.1313, 2.442)
(0.9765, -2.9797, 2.7213)
(5.4533, -3.1697, 0.6414)
(2.4226, -3.3088, 2.2655)
(3.0834, -3.4262, 2.0865)
(6.0634, -3.1619, 0.4172)
(3.7368, -3.4658, 1.8813)
(6.5348, -3.1217, 0.2889)
(4.3813, -3.4623, 1.6496)
(5.0128, -3.4592, 1.3821)
(1.4506, -2.7828, 3.0829)
(1.984, -2.8915, 2.936)
(5.6523, -3.4606, 1.1254)
(2.6234, -3.0494, 2.7654)
(3.2816, -3.2024, 2.5878)
(6.2622, -3.4626, 0.8998)
(3.936, -3.3229, 2.3894)
(6.7244, -3.4904, 0.72)
(4.5845, -3.4045, 2.1598)
(5.2269, -3.4581, 1.9106)
(1.7443, -2.5502, 3.4788)
(2.2107, -2.5978, 3.3588)
(5.868, -3.5129, 1.6612)
(2.8273, -2.7179, 3.1811)
(3.4817, -2.8509, 2.9877)
(6.4742, -3.5806, 1.4366)
(4.1363, -2.9794, 2.7912)
(1.9934, -2.3603, 3.6391)
(6.9318, -3.6486, 1.2546)
(4.7878, -3.0902, 2.5773)
(2.3251, -2.2646, 3.6472)
(2.9749, -2.4077, 3.4417)
(5.4345, -3.1797, 2.3442)
(3.6278, -2.544, 3.2548)
(6.0781, -3.2738, 2.1096)
(4.2834, -2.6792, 3.0659)
(4.9367, -2.7962, 2.8563)
(6.6795, -3.4008, 1.9055)
(5.5858, -2.8852, 2.6227)
(7.1104, -3.5373, 1.7485)
(6.2296, -2.9658, 2.3717)
(7.0943, -3.2987, 1.99)
(6.8768, -3.0726, 2.1281)
(1.2928, 4.7323, -4.1818)
(1.8118, 4.3216, -4.3726)
(2.1476, 3.79, -4.6541)
(2.3381, 3.2067, -4.9768)
(2.4306, 2.606, -5.3088)
(1.28, 4.5208, -3.7996)
(1.7421, 4.0684, -4.0251)
(2.4252, 2.0319, -5.6188)
(2.1084, 3.5494, -4.2916)
(2.3938, 1.6293, -5.753)
(2.3556, 2.9858, -4.5985)
(2.4783, 2.3925, -4.9267)
(2.4858, 1.8199, -5.239)
(2.4295, 1.3985, -5.5056)
(1.2692, 4.2464, -3.3)
(1.6612, 3.7491, -3.5585)
(2.0288, 3.2281, -3.8243)
(2.3407, 2.6861, -4.111)
(2.524, 2.1075, -4.4295)
(2.5656, 1.5396, -4.7414)
(2.5294, 1.1053, -4.974)
(1.2468, 3.9418, -2.7801)
(1.5594, 3.4081, -3.07)
(1.9066, 2.8779, -3.343)
(2.2666, 2.3526, -3.61)
(2.5318, 1.7966, -3.9077)
(2.6377, 1.2394, -4.2148)
(2.6412, 0.8072, -4.4537)
(1.2476, 3.6409, -2.2562)
(1.4982, 3.0855, -2.5634)
(1.7924, 2.5349, -2.8553)
(2.1513, 2.009, -3.1214)
(2.4813, 1.4763, -3.3928)
(2.6703, 0.9403, -3.6811)
(2.7347, 0.5144, -3.9233)
(1.2876, 3.3543, -1.7257)
(1.5224, 2.7981, -2.0357)
(1.7558, 2.2251, -2.3405)
(2.0533, 1.6799, -2.6199)
(2.3836, 1.1585, -2.8749)
(2.6447, 0.6517, -3.1315)
(2.7605, 0.2415, -3.3585)
(1.3601, 3.075, -1.1982)
(1.663, 2.5582, -1.5028)
(1.8642, 1.9761, -1.8057)
(2.0674, 1.4058, -2.0831)
(2.3175, 0.8679, -2.3384)
(2.5854, 0.3713, -2.5737)
(2.7533, -0.0249, -2.7805)
(1.4074, 2.756, -0.694)
(1.8348, 2.3226, -0.9792)
(2.0831, 1.7729, -1.279)
(2.2401, 1.1971, -1.541)
(2.4073, 0.639, -1.7827)
(2.5825, 0.113, -2.0098)
(2.7431, -0.2843, -2.2021)
(1.4074, 2.3802, -0.2266)
(1.9411, 2.038, -0.4667)
(2.2988, 1.56, -0.7577)
(2.4891, 1.0068, -1.0208)
(2.603, 0.4337, -1.2456)
(2.6898, -0.1195, -1.4551)
(2.7743, -0.5416, -1.6342)
(1.3705, 1.961, 0.2042)
(1.9739, 1.695, 0.0203)
(2.4474, 1.3078, -0.2363)
(2.7124, 0.793, -0.5057)
(2.8224, 0.2148, -0.7305)
(2.8653, -0.3555, -0.9287)
(2.8817, -0.7994, -1.0898)
(1.3608, 1.6092, 0.6838)
(1.9747, 1.3535, 0.506)
(2.5153, 1.0255, 0.2839)
(2.8665, 0.5529, 0.0166)
(3.0196, -0.0219, -0.2213)
(3.0557, -0.6055, -0.4208)
(3.0467, -1.0638, -0.5728)
(1.4248, 1.4103, 1.2441)
(2.0203, 1.1284, 1.0522)
(2.5305, 0.749, 0.8081)
(2.966, 0.3101, 0.5473)
(3.1955, -0.2492, 0.2968)
(3.257, -0.8478, 0.0825)
(3.2717, -1.3339, -0.0796)
(1.478, 1.1826, 1.8028)
(2.0685, 0.8892, 1.603)
(2.604, 0.5334, 1.3613)
(3.074, 0.1191, 1.1027)
(3.3499, -0.4267, 0.8374)
(3.5111, -1.0118, 0.5749)
(3.8036, -1.6075, 0.254)
(1.5001, 0.8796, 2.3276)
(2.1109, 0.6198, 2.1431)
(2.6902, 0.3259, 1.9199)
(3.1989, -0.0349, 1.6676)
(4.4717, -1.7983, 0.2024)
(3.5364, -0.525, 1.3762)
(3.8353, -1.0152, 1.0457)
(4.9943, -2.208, 0.3996)
(4.1938, -1.4764, 0.7701)
(5.4667, -2.6601, 0.6335)
(4.7401, -1.6689, 0.5039)
(1.4837, 0.5008, 2.8043)
(2.117, 0.2906, 2.6576)
(2.7362, 0.0606, 2.4602)
(5.7787, -2.7891, 0.655)
(3.3073, -0.2138, 2.2198)
(5.2919, -1.9778, 0.3889)
(3.7359, -0.6005, 1.9006)
(4.0747, -1.0338, 1.5638)
(5.7599, -2.3731, 0.4843)
(4.5117, -1.4105, 1.2677)
(6.1038, -2.6842, 0.5895)
(5.0715, -1.5673, 0.9477)
(1.4342, 0.0897, 3.2265)
(2.0682, -0.1021, 3.1456)
(2.7258, -0.2912, 2.9634)
(5.6539, -1.7495, 0.6746)
(3.3426, -0.4989, 2.7406)
(3.814, -0.8075, 2.4092)
(6.1622, -2.0716, 0.5146)
(4.3003, -1.0362, 2.0589)
(1.3773, -0.2546, 3.5519)
(6.5071, -2.4052, 0.4569)
(4.8225, -1.2941, 1.7487)
(5.3872, -1.5102, 1.4566)
(2.6695, -0.7434, 3.3715)
(1.8975, -0.6088, 3.6457)
(5.9783, -1.6534, 1.1615)
(3.3267, -0.8891, 3.1663)
(3.9016, -1.0894, 2.8865)
(6.5136, -1.9088, 0.9153)
(4.4277, -1.2871, 2.5378)
(6.8975, -2.1736, 0.7532)
(5.0148, -1.4009, 2.2491)
(5.6195, -1.5446, 1.9745)
(2.1118, -1.1472, 3.81)
(2.6138, -1.2808, 3.6022)
(6.2232, -1.7062, 1.6977)
(3.2222, -1.4228, 3.3675)
(3.8609, -1.5659, 3.1775)
(6.783, -1.9154, 1.4485)
(4.4631, -1.7143, 2.9091)
(7.2008, -2.1071, 1.2635)
(5.0562, -1.8314, 2.6035)
(5.6891, -1.9284, 2.3705)
(2.0962, -1.6778, 3.8841)
(2.5096, -1.8239, 3.6796)
(6.3305, -2.0362, 2.1535)
(3.0975, -1.9708, 3.4513)
(3.744, -2.1085, 3.2579)
(6.9324, -2.1633, 1.9455)
(4.3814, -2.2427, 3.0346)
(2.1333, -2.0177, 3.8097)
(7.3884, -2.2686, 1.7803)
(5.0042, -2.364, 2.7727)
(2.3345, -2.2472, 3.6531)
(2.9844, -2.3902, 3.447)
(5.6548, -2.4513, 2.5713)
(3.6437, -2.5299, 3.2626)
(6.3125, -2.5366, 2.3827)
(4.3, -2.6691, 3.0776)
(4.953, -2.7903, 2.8705)
(6.9301, -2.6293, 2.2045)
(5.6011, -2.8764, 2.6356)
(7.3903, -2.6886, 2.0745)
(6.2435, -2.9544, 2.3835)
(7.2107, -2.9678, 2.1154)
(6.8836, -3.0548, 2.1359)
(-1.5219, -0.5202, -6.3243)
(-2.0603, -0.1813, -6.1334)
(-2.3949, 0.3609, -5.8968)
(-2.5813, 0.9745, -5.6398)
(-2.7053, 1.6029, -5.3725)
(-2.829, 2.2313, -5.1044)
(-1.4749, -0.6687, -5.8947)
(-2.0255, -0.3349, -5.7177)
(-2.3871, 0.1939, -5.4895)
(-2.9798, 2.8166, -4.8558)
(-2.5993, 0.7995, -5.2359)
(-3.1179, 3.1556, -4.6389)
(-2.7381, 1.425, -4.9707)
(-2.8667, 2.0524, -4.7033)
(-3.0164, 2.6398, -4.4552)
(-3.1687, 3.0972, -4.3067)
(-1.4148, -0.8561, -5.3493)
(-1.9787, -0.5327, -5.1777)
(-2.372, -0.0228, -4.9562)
(-2.6163, 0.5714, -4.7072)
(-2.7749, 1.1927, -4.4446)
(-2.9111, 1.8188, -4.1782)
(-3.0599, 2.4059, -3.9299)
(-3.2022, 2.8465, -3.7465)
(-1.3505, -1.0508, -4.774)
(-1.927, -0.7392, -4.6057)
(-2.351, -0.2502, -4.3908)
(-2.627, 0.3312, -4.1466)
(-2.8051, 0.9475, -3.8866)
(-2.9487, 1.5718, -3.6214)
(-3.0996, 2.1571, -3.3732)
(-3.2486, 2.597, -3.1903)
(-1.2847, -1.2413, -4.197)
(-1.873, -0.9422, -4.0324)
(-2.3259, -0.4753, -3.8245)
(-2.6314, 0.092, -3.5854)
(-2.8253, 0.7024, -3.3276)
(-2.9713, 1.3213, -3.0634)
(-3.1184, 1.9005, -2.8155)
(-3.2727, 2.3393, -2.6321)
(-1.2169, -1.4268, -3.6183)
(-1.8165, -1.1408, -3.4576)
(-2.2973, -0.6982, -3.2573)
(-2.6301, -0.1468, -3.0235)
(-2.8348, 0.4518, -2.7682)
(-2.9744, 1.054, -2.5057)
(-3.1025, 1.622, -2.2576)
(-3.2241, 2.0599, -2.0706)
(-1.1469, -1.6061, -3.0376)
(-1.7572, -1.3342, -2.881)
(-2.2653, -0.9184, -2.6891)
(-2.6239, -0.3871, -2.4614)
(-2.8337, 0.1916, -2.2092)
(-2.9613, 0.7736, -1.9484)
(-3.0628, 1.3304, -1.7002)
(-3.1416, 1.7665, -1.5115)
(-1.074, -1.7778, -2.4547)
(-1.6944, -1.5207, -2.3023)
(-2.2297, -1.1358, -2.1198)
(-2.6142, -0.6288, -1.8995)
(-2.8253, -0.0689, -1.6501)
(-2.9397, 0.4979, -1.3907)
(-3.0171, 1.0456, -1.1424)
(-3.0548, 1.477, -0.9524)
(-0.9978, -1.9405, -1.8694)
(-1.6275, -1.6989, -1.7212)
(-2.1904, -1.3491, -1.5492)
(-2.604, -0.8693, -1.3378)
(-2.8146, -0.3188, -1.0907)
(-2.9191, 0.243, -0.8318)
(-2.9855, 0.7865, -0.5822)
(-3.0017, 1.2128, -0.3896)
(-0.9194, -2.0972, -1.2827)
(-1.5584, -1.8699, -1.138)
(-2.1499, -1.5581, -0.9771)
(-2.6003, -1.1091, -0.7775)
(-2.8124, -0.5559, -0.5321)
(-2.9161, 0.014, -0.2721)
(-2.9899, 0.5623, -0.0198)
(-3.0159, 0.9925, 0.1769)
(-0.8437, -2.2608, -0.6985)
(-1.4937, -2.045, -0.556)
(-2.1158, -1.7702, -0.4052)
(-2.6155, -1.3552, -0.2207)
(-2.8543, -0.7922, 0.0187)
(-2.9671, -0.2009, 0.2813)
(-3.0485, 0.3628, 0.5395)
(-3.0884, 0.8, 0.7422)
(-0.7718, -2.434, -0.1187)
(-1.4324, -2.2282, 0.0225)
(-2.0769, -1.9806, 0.1675)
(-2.6241, -1.5894, 0.339)
(-2.9549, -1.0346, 0.5568)
(-3.0933, -0.4185, 0.8179)
(-3.1862, 0.1754, 1.0826)
(-3.2187, 0.6354, 1.3072)
(-0.6875, -2.5721, 0.4685)
(-1.3471, -2.3691, 0.6096)
(-1.9922, -2.1309, 0.7534)
(-2.5612, -1.7652, 0.917)
(-2.9714, -1.2477, 1.1159)
(-3.1887, -0.6353, 1.3573)
(-3.3791, -0.0167, 1.6016)
(-3.64, 0.6564, 1.8421)
(-0.5917, -2.6782, 1.0637)
(-1.2442, -2.4758, 1.2041)
(-1.8803, -2.2354, 1.3466)
(-2.4635, -1.9031, 1.5017)
(-2.915, -1.4349, 1.6862)
(-4.2691, 0.8681, 2.0676)
(-3.1721, -0.845, 1.9105)
(-3.4708, -0.2657, 2.1188)
(-4.812, 0.7916, 2.4924)
(-3.9198, 0.2207, 2.2236)
(-5.3236, 0.649, 2.9376)
(-0.4899, -2.7693, 1.6645)
(-4.5015, 0.5458, 2.2357)
(-1.1352, -2.5673, 1.805)
(-1.761, -2.3191, 1.9474)
(-2.3761, -2.035, 2.0893)
(-5.6132, 0.7517, 3.076)
(-2.9043, -1.6475, 2.247)
(-5.0579, 0.8066, 2.3806)
(-3.27, -1.1167, 2.4268)
(-3.6684, -0.5859, 2.5799)
(-5.4971, 0.9226, 2.7496)
(-4.1617, -0.1302, 2.6463)
(-5.8368, 0.9895, 3.044)
(-4.758, 0.1887, 2.5812)
(-0.3872, -2.8333, 2.2308)
(-1.0116, -2.622, 2.3866)
(-1.6002, -2.3485, 2.5584)
(-2.2461, -2.0754, 2.6887)
(-5.3529, 0.5162, 2.5706)
(-2.8735, -1.7919, 2.8141)
(-3.4022, -1.3858, 2.9244)
(-5.8659, 0.8315, 2.6686)
(-3.8901, -0.9195, 3.0227)
(-0.314, -2.876, 2.6304)
(-0.9067, -2.6499, 2.8511)
(-6.1806, 1.1224, 2.8357)
(-4.3913, -0.4731, 3.0903)
(-4.9783, -0.1413, 3.0382)
(-2.075, -1.9576, 3.2674)
(-1.3074, -2.2797, 3.2145)
(-5.5692, 0.2115, 3.0208)
(-2.745, -1.7219, 3.3813)
(-3.3729, -1.4433, 3.4812)
(-6.1104, 0.571, 3.0439)
(-3.9636, -1.1002, 3.5445)
(-6.4932, 0.8727, 3.0986)
(-4.5352, -0.7237, 3.5753)
(-5.1111, -0.3512, 3.5687)
(-1.4211, -1.902, 3.7031)
(-1.9367, -1.688, 3.7827)
(-5.691, 0.0211, 3.5753)
(-2.5676, -1.4556, 3.8863)
(-3.2128, -1.2087, 3.9903)
(-6.2371, 0.3737, 3.599)
(-3.8454, -0.9338, 4.0698)
(-6.6684, 0.6198, 3.612)
(-4.4644, -0.626, 4.1142)
(-5.0714, -0.2962, 4.1349)
(-1.3672, -1.5956, 4.1507)
(-1.789, -1.3699, 4.2225)
(-5.6781, 0.0322, 4.1551)
(-2.3852, -1.1174, 4.3065)
(-3.0226, -0.8537, 4.392)
(-6.2558, 0.3287, 4.1862)
(-3.659, -0.5858, 4.4743)
(-1.3918, -1.3215, 4.37)
(-6.7058, 0.5396, 4.2007)
(-4.2901, -0.3025, 4.5375)
(-1.5866, -1.0637, 4.4921)
(-2.2305, -0.8091, 4.5655)
(-4.9134, -0.0018, 4.5786)
(-2.8663, -0.5494, 4.6566)
(-5.5374, 0.2934, 4.618)
(-3.5043, -0.2875, 4.7468)
(-4.1382, -0.0086, 4.8153)
(-6.1355, 0.5353, 4.6733)
(-4.7631, 0.2937, 4.8566)
(-6.5929, 0.6719, 4.7086)
(-5.3863, 0.602, 4.8793)
(-6.3609, 0.8353, 4.8951)
(-6.0231, 0.8898, 4.9131)
(0.6567, 4.9886, -4.0469)
(-0.0113, 5.1346, -3.9026)
(-0.6957, 5.094, -3.8362)
(-1.3409, 4.8629, -3.9059)
(-1.9197, 4.5147, -4.0617)
(-2.4388, 4.1014, -4.2604)
(0.6935, 4.8187, -3.6292)
(0.0279, 4.9116, -3.5284)
(-0.6489, 4.8103, -3.5088)
(-2.8619, 3.6554, -4.4792)
(-1.3035, 4.6013, -3.5577)
(-3.1057, 3.3179, -4.5669)
(-1.9077, 4.2962, -3.6817)
(-2.4434, 3.904, -3.8668)
(-2.8757, 3.466, -4.0832)
(-3.1608, 3.1144, -4.2999)
(0.7337, 4.5856, -3.1033)
(0.0753, 4.6268, -3.0362)
(-0.5855, 4.4556, -3.0659)
(-1.2408, 4.2419, -3.116)
(-1.873, 3.9836, -3.203)
(-2.4414, 3.6332, -3.3596)
(-2.8963, 3.2168, -3.5636)
(-3.191, 2.8617, -3.7396)
(0.7667, 4.3136, -2.5609)
(0.1239, 4.3059, -2.5277)
(-0.5085, 4.0648, -2.6113)
(-1.1559, 3.8335, -2.6743)
(-1.8076, 3.6112, -2.7287)
(-2.4165, 3.3185, -2.8403)
(-2.9112, 2.944, -3.0177)
(-3.2373, 2.6128, -3.1849)
(0.7954, 4.0227, -2.0268)
(0.1633, 3.9906, -2.0139)
(-0.4423, 3.702, -2.133)
(-1.0695, 3.4313, -2.2275)
(-1.7209, 3.2094, -2.28)
(-2.3559, 2.9666, -2.3473)
(-2.8937, 2.6505, -2.4801)
(-3.263, 2.3569, -2.6282)
(0.8174, 3.7217, -1.4983)
(0.1808, 3.7093, -1.4797)
(-0.414, 3.4113, -1.6075)
(-1.0133, 3.0934, -1.7324)
(-1.6343, 2.8265, -1.8157)
(-2.2574, 2.592, -1.8689)
(-2.8211, 2.3335, -1.9504)
(-3.2139, 2.0777, -2.0681)
(0.8284, 3.4003, -0.9844)
(0.1749, 3.4537, -0.9358)
(-0.4467, 3.2235, -1.0376)
(-1.0261, 2.8808, -1.1713)
(-1.5888, 2.5429, -1.285)
(-2.1601, 2.2527, -1.3658)
(-2.7157, 2.0041, -1.4269)
(-3.1316, 1.7844, -1.5093)
(0.8188, 3.0353, -0.5004)
(0.1555, 3.155, -0.418)
(-0.5068, 3.0604, -0.4643)
(-1.1005, 2.765, -0.5813)
(-1.6248, 2.3951, -0.6978)
(-2.1384, 2.0414, -0.7958)
(-2.6383, 1.7212, -0.8798)
(-3.0437, 1.4949, -0.952)
(0.7845, 2.6241, -0.0572)
(0.1276, 2.7954, 0.0607)
(-0.546, 2.8287, 0.0841)
(-1.1775, 2.6397, 0.0048)
(-1.714, 2.3018, -0.1035)
(-2.1935, 1.9108, -0.2049)
(-2.6349, 1.5194, -0.3033)
(-2.9908, 1.2307, -0.3889)
(0.7331, 2.1849, 0.3534)
(0.0877, 2.3863, 0.499)
(-0.5715, 2.5228, 0.5954)
(-1.2281, 2.4553, 0.574)
(-1.7998, 2.1781, 0.4797)
(-2.2824, 1.7835, 0.376)
(-2.6973, 1.355, 0.2732)
(-3.0064, 1.0098, 0.1812)
(0.732, 1.8444, 0.8418)
(0.0833, 2.0344, 0.9788)
(-0.5762, 2.1908, 1.0881)
(-1.243, 2.2118, 1.1193)
(-1.8547, 2.0063, 1.0492)
(-2.3678, 1.6314, 0.9452)
(-2.7855, 1.1883, 0.8395)
(-3.0814, 0.8177, 0.7484)
(0.7944, 1.6452, 1.4057)
(0.1419, 1.8332, 1.539)
(-0.5265, 1.957, 1.6333)
(-1.2072, 1.9401, 1.649)
(-1.8641, 1.8052, 1.6085)
(-2.4256, 1.4747, 1.5137)
(-2.8773, 1.0339, 1.4047)
(-3.213, 0.6561, 1.317)
(0.8465, 1.4157, 1.9639)
(0.1917, 1.5993, 2.0951)
(-0.482, 1.7128, 2.1838)
(-1.1676, 1.7229, 2.2078)
(-1.8397, 1.6298, 2.1798)
(-2.4391, 1.3462, 2.0879)
(-2.9767, 0.9783, 1.9712)
(-3.6383, 0.6747, 1.854)
(0.8593, 1.0906, 2.4731)
(0.2095, 1.2821, 2.6104)
(-0.4532, 1.4353, 2.7206)
(-1.1303, 1.5177, 2.7735)
(-1.8042, 1.4725, 2.7539)
(-4.263, 0.8805, 2.0828)
(-2.4341, 1.2944, 2.6608)
(-3.0471, 1.0954, 2.5257)
(-4.8022, 0.797, 2.5096)
(-3.6655, 0.9312, 2.4624)
(-5.3126, 0.6485, 2.9565)
(0.8309, 0.6732, 2.9134)
(-4.2795, 1.096, 2.4479)
(0.1976, 0.8823, 3.0699)
(-0.4374, 1.0878, 3.2223)
(-1.0963, 1.2421, 3.3116)
(-5.6092, 0.7053, 3.1087)
(-1.7695, 1.2693, 3.3008)
(-4.9052, 1.1505, 2.5864)
(-2.4183, 1.2661, 3.2212)
(-3.0338, 1.1467, 3.0935)
(-5.4364, 1.0617, 2.8946)
(-3.6771, 1.1001, 3.0316)
(-5.8227, 0.9756, 3.1581)
(-4.304, 1.3079, 2.9694)
(0.7915, 0.2548, 3.3029)
(0.1845, 0.4634, 3.4881)
(-0.4199, 0.6664, 3.6886)
(-1.0755, 0.8958, 3.8108)
(-4.944, 1.5022, 2.9607)
(-1.7427, 1.0503, 3.8411)
(-2.3909, 1.0925, 3.7482)
(-5.5613, 1.5271, 3.0432)
(-3.0144, 1.2058, 3.6361)
(0.763, -0.0383, 3.5797)
(0.1736, 0.1141, 3.8129)
(-6.023, 1.4432, 3.1594)
(-3.6643, 1.3094, 3.5772)
(-4.3163, 1.4684, 3.5491)
(-1.1276, 0.4292, 4.1968)
(-0.3727, 0.0892, 4.138)
(-4.9504, 1.7015, 3.5196)
(-1.7803, 0.6814, 4.2716)
(-2.4279, 0.854, 4.2548)
(-5.5843, 1.8061, 3.5262)
(-3.063, 1.0116, 4.1561)
(-6.0774, 1.812, 3.5536)
(-3.6763, 1.2661, 4.1232)
(-4.3128, 1.5048, 4.1169)
(-0.7624, -0.2635, 4.4316)
(-1.291, -0.0815, 4.4423)
(-4.9591, 1.7278, 4.1107)
(-1.9144, 0.155, 4.4766)
(-2.5441, 0.4013, 4.5627)
(-5.5876, 1.8837, 4.1185)
(-3.1791, 0.6327, 4.5612)
(-6.0756, 1.9702, 4.1295)
(-3.8045, 0.8898, 4.5168)
(-4.4214, 1.1769, 4.5527)
(-1.0086, -0.7232, 4.5554)
(-1.476, -0.5998, 4.5395)
(-5.0445, 1.4576, 4.6086)
(-2.0842, -0.3795, 4.5694)
(-2.718, -0.1239, 4.6542)
(-5.645, 1.6997, 4.6602)
(-3.3547, 0.133, 4.705)
(-1.2477, -0.9785, 4.5405)
(-6.1076, 1.8763, 4.6936)
(-3.9881, 0.3975, 4.7127)
(-1.5819, -1.0445, 4.4992)
(-2.2264, -0.7901, 4.5721)
(-4.6009, 0.6988, 4.7848)
(-2.8677, -0.5303, 4.6686)
(-5.2134, 1.0036, 4.8704)
(-3.507, -0.2717, 4.7628)
(-4.1419, 0.0032, 4.834)
(-5.796, 1.2794, 4.9513)
(-4.765, 0.3076, 4.8733)
(-6.224, 1.4925, 5.0127)
(-5.3861, 0.6176, 4.8941)
(-6.2238, 1.1581, 5.0145)
(-6.0158, 0.9074, 4.9207)
(2.8797, -0.8089, -1.0926)
(2.5282, 1.0963, -4.9783)
(2.3298, -2.2559, 3.6501)
(2.7518, -0.0348, -2.7825)
(2.9797, -2.3989, 3.4443)
(3.6357, -2.5369, 3.2587)
(3.0434, -1.0726, -0.576)
(4.2917, -2.6742, 3.0718)
(4.9449, -2.7933, 2.8634)
(5.5934, -2.8808, 2.6292)
(6.2366, -2.9601, 2.3776)
(2.6402, 0.7979, -4.4575)
(6.8802, -3.0637, 2.132)
(2.7423, -0.2948, -2.2034)
(2.7734, -0.5519, -1.6355)
(4.4678, -1.8042, 0.1949)
(3.2664, -1.3434, -0.084)
(3.7972, -1.6151, 0.2493)
(4.9934, -2.2117, 0.3901)
(5.4675, -2.6617, 0.6226)
(2.4267, 1.3896, -5.5093)
(2.7329, 0.5046, -3.9259)
(2.7591, 0.2315, -3.3606)
(6.911, -3.4689, 1.8231)
(6.7582, -3.2506, 2.0456)
(7.0003, -3.1826, 2.0629)
(7.1319, -3.4226, 1.8959)
(5.6347, -2.7237, 0.6215)
(5.5654, -2.5286, 0.4722)
(5.8888, -2.5893, 0.4202)
(5.9409, -2.7171, 0.5846)
(5.7808, -2.5959, 0.2043)
(6.1184, -2.7467, 0.1296)
(6.2121, -2.6466, 0.2913)
(5.9702, -2.9661, 0.2254)
(6.3123, -3.1446, 0.3445)
(6.4394, -2.8918, 0.1539)
(6.1609, -3.3295, 0.6478)
(6.5073, -3.4739, 0.806)
(6.6283, -3.3278, 0.4852)
(6.3666, -3.5548, 1.1664)
(6.717, -3.6149, 1.3419)
(6.8259, -3.6021, 0.9806)
(6.583, -3.521, 1.6939)
(7.0352, -3.6208, 1.524)
(1.7072, -2.8322, 3.0117)
(1.6135, -2.6658, 3.2977)
(1.9634, -2.567, 3.4242)
(2.1043, -2.7474, 3.1636)
(2.2944, -2.9667, 2.8527)
(2.5049, -2.6514, 3.2754)
(2.73, -2.885, 2.9898)
(2.9533, -3.1292, 2.6778)
(3.1544, -2.785, 3.0845)
(3.3862, -3.0284, 2.8046)
(3.6093, -3.2674, 2.4923)
(3.8091, -2.9164, 2.8907)
(4.0409, -3.1571, 2.6086)
(4.2611, -3.3684, 2.2781)
(4.4626, -3.0378, 2.687)
(4.6912, -3.2589, 2.3881)
(4.9062, -3.433, 2.0365)
(5.1117, -3.1365, 2.4624)
(5.3359, -3.3366, 2.1477)
(5.5473, -3.484, 1.7845)
(5.7564, -3.2236, 2.2252)
(5.978, -3.4171, 1.9068)
(6.1849, -3.5458, 1.5438)
(6.3947, -3.3342, 2.0017)
(1.4016, -3.055, 2.5434)
(1.2391, -2.8918, 2.8807)
(1.8598, -3.022, 2.6978)
(2.0864, -3.2209, 2.3523)
(2.5188, -3.1963, 2.5242)
(2.7545, -3.3782, 2.1782)
(3.1783, -3.345, 2.3468)
(3.4108, -3.4541, 1.9871)
(3.8319, -3.4377, 2.1408)
(4.0609, -3.4663, 1.77)
(4.4782, -3.4832, 1.9032)
(4.6974, -3.4596, 1.5178)
(5.1176, -3.5021, 1.6468)
(5.3311, -3.4601, 1.2507)
(5.7585, -3.525, 1.3939)
(5.9707, -3.4597, 1.0071)
(-0.0665, -2.9293, 2.1666)
(-0.3476, -2.8561, 2.4464)
(0.0083, -2.9696, 2.5846)
(0.2984, -3.0224, 2.3592)
(0.5805, -3.0684, 2.0684)
(0.6683, -3.0315, 2.6244)
(0.9609, -3.0808, 2.3281)
(1.2514, -3.1822, 1.943)
(1.6614, -3.2113, 2.1593)
(1.933, -3.3265, 1.7794)
(2.3389, -3.3708, 1.9878)
(2.5986, -3.3728, 1.627)
(3.001, -3.4228, 1.8142)
(3.255, -3.2828, 1.479)
(3.6559, -3.3843, 1.6312)
(3.9079, -3.1562, 1.3321)
(4.2992, -3.3263, 1.4269)
(4.5258, -3.1257, 1.0839)
(4.9152, -3.3334, 1.1396)
(5.1348, -3.1649, 0.7741)
(5.5501, -3.3372, 0.8731)
(5.7709, -3.1694, 0.5191)
(-0.1664, -2.87, 1.5947)
(-0.4364, -2.8049, 1.9628)
(0.208, -2.9926, 1.8296)
(0.4856, -3.0426, 1.4587)
(0.8631, -3.1268, 1.704)
(1.15, -3.1743, 1.3222)
(1.5365, -3.2569, 1.5561)
(1.8224, -3.2397, 1.196)
(2.2065, -3.3117, 1.4229)
(2.4725, -3.1162, 1.1219)
(2.8574, -3.1839, 1.3189)
(3.1054, -2.8745, 1.082)
(3.5069, -3.0046, 1.218)
(3.7522, -2.6933, 0.9795)
(4.1476, -2.8918, 1.0468)
(4.3672, -2.6689, 0.7176)
(4.7411, -2.9362, 0.7248)
(4.9702, -2.7261, 0.3987)
(5.3638, -2.9705, 0.4357)
(5.5938, -2.762, 0.1885)
(-0.2653, -2.7791, 0.993)
(-0.5418, -2.7262, 1.3632)
(0.109, -2.924, 1.2227)
(0.3911, -2.9648, 0.8522)
(0.7697, -3.0774, 1.0855)
(1.061, -3.0803, 0.7218)
(1.4409, -3.1611, 0.9605)
(1.7382, -3.0565, 0.6276)
(2.1044, -3.0843, 0.8825)
(2.3639, -2.8152, 0.6235)
(2.7169, -2.8034, 0.8857)
(2.9605, -2.4763, 0.6691)
(3.3464, -2.5424, 0.8664)
(3.594, -2.2364, 0.6216)
(3.987, -2.4195, 0.701)
(4.2229, -2.1883, 0.4144)
(4.592, -2.4561, 0.397)
(4.8415, -2.2642, 0.2022)
(5.2142, -2.5066, 0.1887)
(5.4271, -2.4073, 0.2474)
(-0.3581, -2.6737, 0.3971)
(-0.6406, -2.6276, 0.7653)
(0.016, -2.8279, 0.623)
(0.3037, -2.8677, 0.2534)
(0.6809, -2.9906, 0.4845)
(0.9829, -2.9727, 0.1254)
(1.3633, -3.0256, 0.3731)
(1.6668, -2.892, 0.0493)
(2.0267, -2.8668, 0.3293)
(2.2886, -2.5995, 0.0727)
(2.6174, -2.5168, 0.3852)
(2.8563, -2.2067, 0.1607)
(3.2146, -2.1714, 0.4334)
(3.4367, -1.8364, 0.2233)
(3.8501, -1.9433, 0.3805)
(4.1273, -1.7163, 0.2161)
(4.4836, -2.0219, 0.2388)
(4.7282, -2.0128, 0.284)
(5.0679, -2.2391, 0.2612)
(5.2304, -2.4393, 0.4962)
(-0.4415, -2.5353, -0.1904)
(-0.7316, -2.5083, 0.1737)
(-0.0704, -2.7109, 0.0294)
(0.224, -2.7249, -0.3347)
(0.6012, -2.8746, -0.1109)
(0.9092, -2.8137, -0.4589)
(1.291, -2.8793, -0.2132)
(1.578, -2.6759, -0.5062)
(1.9423, -2.6559, -0.2271)
(2.1564, -2.3228, -0.436)
(2.5036, -2.265, -0.1338)
(2.6679, -1.894, -0.2975)
(3.0306, -1.856, -0.0177)
(3.1119, -1.5162, -0.1673)
(3.526, -1.4878, 0.0781)
(-0.5151, -2.3581, -0.7689)
(-0.8082, -2.3489, -0.4088)
(-0.1473, -2.5431, -0.5512)
(0.1505, -2.5223, -0.9061)
(0.5267, -2.6856, -0.6863)
(0.8311, -2.5732, -1.0145)
(1.2063, -2.6527, -0.7685)
(1.4588, -2.3801, -1.0163)
(1.8069, -2.3604, -0.7286)
(1.9888, -2.0024, -0.9095)
(2.3223, -1.9498, -0.6015)
(2.4773, -1.5928, -0.7683)
(2.7928, -1.5421, -0.4566)
(2.8836, -1.2346, -0.6386)
(3.1506, -1.2172, -0.3339)
(-0.5923, -2.1905, -1.3516)
(-0.8808, -2.177, -0.9899)
(-0.2221, -2.3554, -1.1274)
(0.0747, -2.3234, -1.4789)
(0.4514, -2.4558, -1.248)
(0.7502, -2.3181, -1.563)
(1.1133, -2.3728, -1.3005)
(1.3583, -2.0945, -1.5405)
(1.6711, -2.0527, -1.2241)
(1.8668, -1.726, -1.425)
(2.1634, -1.6585, -1.0926)
(2.3387, -1.3286, -1.2838)
(2.6182, -1.2684, -0.9534)
(2.7292, -0.9732, -1.1549)
(2.9589, -0.9499, -0.8374)
(-0.6705, -2.0295, -1.937)
(-0.9586, -2.019, -1.576)
(-0.2994, -2.1815, -1.7085)
(0.001, -2.1298, -2.0536)
(0.3763, -2.235, -1.8121)
(0.6741, -2.0731, -2.1163)
(1.029, -2.1027, -1.8399)
(1.2773, -1.8289, -2.0818)
(1.5778, -1.7863, -1.758)
(1.7843, -1.47, -1.9675)
(2.0579, -1.4018, -1.6248)
(2.2491, -1.0759, -1.826)
(2.4983, -1.0138, -1.4841)
(2.6304, -0.718, -1.6965)
(2.8252, -0.6903, -1.3661)
(-0.746, -1.8622, -2.5209)
(-1.0363, -1.8602, -2.1623)
(-0.3742, -2.0056, -2.2894)
(-0.0704, -1.9298, -2.6263)
(0.3045, -2.0147, -2.3768)
(0.6008, -1.8288, -2.6709)
(0.9524, -1.8429, -2.3867)
(1.2044, -1.5628, -2.6279)
(1.5042, -1.5244, -2.3037)
(1.7208, -1.2036, -2.5166)
(1.988, -1.1442, -2.1731)
(2.1955, -0.8107, -2.3798)
(2.4284, -0.7565, -2.0346)
(2.588, -0.457, -2.2576)
(2.7571, -0.4337, -1.9207)
(-0.8185, -1.6859, -3.1023)
(-1.1108, -1.693, -2.7465)
(-0.4462, -1.8209, -2.8677)
(-0.1406, -1.7225, -3.1963)
(0.2334, -1.7892, -2.9396)
(0.5271, -1.5825, -3.2248)
(0.8781, -1.5826, -2.9351)
(1.133, -1.2921, -3.1744)
(1.4387, -1.252, -2.8514)
(1.6648, -0.9227, -3.0661)
(1.9376, -0.8695, -2.7257)
(2.1601, -0.5289, -2.937)
(2.3955, -0.4854, -2.5956)
(2.5775, -0.1868, -2.8277)
(2.7459, -0.175, -2.4945)
(-0.8886, -1.502, -3.6813)
(-1.1822, -1.5173, -3.3282)
(-0.5162, -1.6284, -3.4435)
(-0.2102, -1.5093, -3.7641)
(0.1619, -1.5594, -3.5004)
(0.4512, -1.3344, -3.7772)
(0.802, -1.3214, -3.4829)
(1.0568, -1.0199, -3.7189)
(1.3726, -0.9722, -3.3978)
(1.6036, -0.6354, -3.6125)
(1.8916, -0.5811, -3.2775)
(2.1226, -0.2376, -3.4914)
(2.3747, -0.2023, -3.1585)
(2.5666, 0.0911, -3.3961)
(2.7539, 0.0883, -3.0735)
(-0.9566, -1.312, -4.2583)
(-1.2511, -1.3348, -3.9079)
(-0.5846, -1.4295, -4.017)
(-0.2795, -1.2913, -4.3299)
(0.0895, -1.3258, -4.0594)
(0.3733, -1.0836, -4.3278)
(0.7215, -1.0594, -4.0288)
(0.9718, -0.7484, -4.2601)
(1.296, -0.6926, -3.9401)
(1.5256, -0.3508, -4.1527)
(1.8334, -0.29, -3.8239)
(2.0628, 0.0533, -4.0373)
(2.3403, 0.0864, -3.7151)
(2.5265, 0.3743, -3.9526)
(2.7444, 0.3582, -3.6456)
(-1.0231, -1.117, -4.8335)
(-1.3178, -1.1466, -4.4857)
(-0.6519, -1.2254, -4.5887)
(-0.3487, -1.0692, -4.8939)
(0.0162, -1.0884, -4.6165)
(0.2932, -0.8293, -4.8764)
(0.6369, -0.7951, -4.5723)
(0.8802, -0.474, -4.7976)
(1.2063, -0.4142, -4.4772)
(1.4306, -0.0676, -4.686)
(1.7512, -0.0033, -4.3616)
(1.9721, 0.3411, -4.571)
(2.2709, 0.3752, -4.2577)
(2.44, 0.665, -4.4879)
(2.6852, 0.6417, -4.1949)
(-1.0884, -0.9179, -5.4071)
(-1.3828, -0.9539, -5.0618)
(-0.7183, -1.017, -5.1586)
(-0.4182, -0.843, -5.4561)
(-0.0583, -0.8473, -5.1717)
(0.2104, -0.571, -5.4226)
(0.5485, -0.5269, -5.1131)
(0.7834, -0.1948, -5.3314)
(1.108, -0.1321, -5.0094)
(1.326, 0.2209, -5.2134)
(1.6501, 0.2842, -4.8908)
(1.8651, 0.6336, -5.0961)
(2.1706, 0.6667, -4.7863)
(2.3323, 0.9607, -5.0123)
(2.5831, 0.938, -4.722)
(-1.1495, -0.7264, -5.9499)
(-1.4461, -0.7589, -5.6329)
(-0.7838, -0.8064, -5.7231)
(-0.4848, -0.6258, -5.9855)
(-0.1343, -0.6036, -5.7208)
(0.1288, -0.3226, -5.9358)
(0.4564, -0.2559, -5.6469)
(0.6869, 0.0737, -5.832)
(1.0039, 0.1537, -5.5335)
(1.2211, 0.4987, -5.7074)
(1.5407, 0.576, -5.4106)
(1.7579, 0.9142, -5.5882)
(2.0606, 0.9604, -5.3055)
(2.2278, 1.2404, -5.5095)
(2.4754, 1.234, -5.2479)
(-1.1972, -0.5757, -6.3737)
(-1.4996, -0.5908, -6.1203)
(-0.8392, -0.6265, -6.1979)
(-0.5369, -0.4571, -6.3894)
(-0.2002, -0.3955, -6.1796)
(0.0636, -0.1293, -6.3261)
(0.3754, -0.0245, -6.0921)
(0.6098, 0.2821, -6.2125)
(0.9123, 0.3975, -5.9703)
(1.138, 0.7137, -6.0831)
(1.4449, 0.8245, -5.844)
(1.6733, 1.131, -5.9626)
(1.9647, 1.2079, -5.7388)
(2.1362, 1.4391, -5.8735)
(2.3758, 1.4632, -5.6765)
(1.8636, -2.4449, 3.5886)
(2.151, -2.3045, 3.6519)
(2.294, -2.4457, 3.5052)
(2.65, -2.3361, 3.5445)
(2.9068, -2.5594, 3.3261)
(3.3013, -2.4758, 3.3482)
(3.5601, -2.6913, 3.1322)
(3.9556, -2.6116, 3.1603)
(4.2148, -2.8211, 2.9373)
(4.6101, -2.7377, 2.9611)
(4.8672, -2.9355, 2.7264)
(5.2613, -2.8407, 2.7395)
(5.5152, -3.0281, 2.4952)
(5.9077, -2.9255, 2.4972)
(6.1597, -3.1218, 2.2572)
(6.5532, -3.0192, 2.2499)
(6.893, -2.8426, 2.2085)
(7.175, -2.6625, 2.1349)
(7.3223, -2.8579, 2.1123)
(7.0579, -3.0249, 2.1225)
(5.593, -2.5064, 0.5393)
(5.6234, -2.7427, 0.6483)
(5.934, -2.7678, 0.6421)
(5.9424, -2.5381, 0.5405)
(5.9578, -2.2182, 0.4617)
(6.2992, -2.5528, 0.4971)
(6.3491, -2.2404, 0.4781)
(6.3482, -1.9685, 0.6783)
(6.7102, -2.2733, 0.5542)
(6.7191, -2.0437, 0.8272)
(6.6601, -1.8878, 1.1779)
(7.0614, -2.1169, 0.9969)
(7.005, -2.0143, 1.3503)
(6.876, -2.0044, 1.7139)
(7.3137, -2.1504, 1.5358)
(7.174, -2.2185, 1.8589)
(6.9481, -2.388, 2.1146)
(7.4135, -2.4695, 1.9642)
(2.1153, -1.4292, 3.8654)
(2.3531, -1.2131, 3.7105)
(2.5659, -1.5629, 3.6581)
(2.287, -1.7505, 3.7853)
(2.9071, -1.3513, 3.4819)
(3.1588, -1.7078, 3.4208)
(2.7859, -1.898, 3.5641)
(3.5438, -1.4934, 3.2735)
(3.8044, -1.8447, 3.2364)
(3.4198, -2.0406, 3.3526)
(4.1665, -1.6417, 3.055)
(4.4303, -1.9804, 2.9958)
(4.0654, -2.176, 3.1538)
(4.7566, -1.7771, 2.7519)
(5.0352, -2.1034, 2.7053)
(4.6916, -2.3069, 2.9013)
(5.3688, -1.8805, 2.4797)
(5.6788, -2.193, 2.4943)
(5.3265, -2.4106, 2.6655)
(6.0102, -1.9793, 2.2625)
(6.3328, -2.2838, 2.3013)
(5.9838, -2.4922, 2.4776)
(6.6454, -2.1001, 2.0456)
(6.6361, -2.585, 2.2891)
(2.0452, -0.8633, 3.7283)
(2.3294, -0.6686, 3.4808)
(2.6447, -1.004, 3.509)
(3.0035, -0.8133, 3.2723)
(3.2827, -1.1426, 3.2904)
(3.6257, -0.983, 3.0391)
(3.8986, -1.3055, 3.0613)
(4.1623, -1.1969, 2.7116)
(4.4598, -1.4821, 2.7496)
(4.7145, -1.3479, 2.3864)
(5.0524, -1.5852, 2.4515)
(5.3171, -1.4684, 2.1126)
(5.6734, -1.6977, 2.1949)
(5.9221, -1.621, 1.8352)
(6.2953, -1.8367, 1.9457)
(6.5171, -1.8083, 1.5661)
(0.7761, 0.0961, 3.4516)
(1.1115, 0.1705, 3.255)
(1.4059, -0.0896, 3.3978)
(1.0707, -0.1363, 3.5436)
(1.7507, -0.003, 3.1963)
(2.0211, -0.324, 3.3701)
(1.6646, -0.4077, 3.5862)
(2.3948, -0.1988, 3.0629)
(2.6993, -0.5049, 3.1856)
(3.0497, -0.3834, 2.8612)
(3.3438, -0.6774, 2.9761)
(3.5882, -0.6527, 2.5854)
(3.863, -0.932, 2.6608)
(4.0511, -0.9276, 2.2306)
(4.3769, -1.13, 2.3027)
(4.557, -1.1617, 1.8991)
(4.938, -1.3058, 2.0049)
(5.0995, -1.4147, 1.6028)
(5.5202, -1.4965, 1.7215)
(5.6828, -1.5777, 1.3073)
(6.1145, -1.6528, 1.4311)
(6.262, -1.7702, 1.0282)
(0.8105, 0.4533, 3.1193)
(1.1572, 0.5868, 2.8573)
(1.4615, 0.2916, 3.026)
(1.803, 0.4007, 2.7384)
(2.099, 0.1016, 2.9077)
(2.4286, 0.1776, 2.5638)
(2.7386, -0.1032, 2.7188)
(3.0345, -0.0653, 2.3482)
(3.3327, -0.343, 2.4857)
(3.5405, -0.3955, 2.0681)
(3.7816, -0.6911, 2.1555)
(3.9043, -0.8155, 1.7282)
(4.1929, -1.0208, 1.8145)
(4.2752, -1.2442, 1.4149)
(4.674, -1.3448, 1.5064)
(4.7818, -1.5058, 1.1086)
(5.2351, -1.5357, 1.1983)
(5.3655, -1.6413, 0.7998)
(5.8242, -1.6842, 0.9035)
(5.926, -1.9001, 0.5792)
(0.8487, 0.8901, 2.6996)
(1.1821, 0.9894, 2.4031)
(1.4969, 0.6989, 2.5716)
(1.8096, 0.7553, 2.241)
(2.1203, 0.4636, 2.4031)
(2.4046, 0.4771, 2.0355)
(2.7197, 0.2029, 2.1932)
(2.9623, 0.1609, 1.7974)
(3.2599, -0.1149, 1.9464)
(3.3831, -0.272, 1.5289)
(3.6463, -0.5533, 1.6407)
(3.6848, -0.7686, 1.2086)
(3.9623, -1.0261, 1.3024)
(3.9954, -1.2706, 0.9042)
(4.3531, -1.4501, 1.0189)
(4.4517, -1.5866, 0.6301)
(4.9032, -1.61, 0.7077)
(5.0234, -1.8001, 0.4179)
(5.4707, -1.8542, 0.4945)
(5.5409, -2.1787, 0.4222)
(0.8585, 1.266, 2.2269)
(1.166, 1.3057, 1.8874)
(1.4933, 1.0407, 2.0707)
(1.78, 1.0443, 1.7085)
(2.0918, 0.7595, 1.8754)
(2.3417, 0.7173, 1.4859)
(2.6498, 0.4334, 1.6417)
(2.8557, 0.3392, 1.2333)
(3.1354, 0.0404, 1.3854)
(3.2372, -0.1404, 0.9697)
(3.4364, -0.4856, 1.1081)
(3.4285, -0.7218, 0.7077)
(3.6756, -1.0219, 0.8076)
(3.6335, -1.2904, 0.4309)
(4.0224, -1.5138, 0.529)
(4.1377, -1.7029, 0.2282)
(4.5918, -1.7435, 0.3535)
(4.733, -2.0031, 0.301)
(5.1333, -2.0978, 0.3714)
(5.2305, -2.434, 0.5165)
(0.8246, 1.541, 1.6889)
(1.1123, 1.5326, 1.3281)
(1.4555, 1.3062, 1.5268)
(1.731, 1.2794, 1.1538)
(2.0452, 1.0137, 1.3289)
(2.2841, 0.9482, 0.9352)
(2.5603, 0.6351, 1.0818)
(2.7653, 0.5405, 0.6779)
(3.0172, 0.2076, 0.8223)
(3.1093, 0.0445, 0.4188)
(3.2726, -0.3467, 0.5655)
(3.2354, -0.5559, 0.1851)
(3.3726, -0.9492, 0.3323)
(3.282, -1.1026, -0.0113)
(3.5376, -1.4707, 0.0872)
(0.7595, 1.7366, 1.1193)
(1.0483, 1.7309, 0.7651)
(1.3881, 1.5003, 0.9584)
(1.6713, 1.4852, 0.5985)
(1.9934, 1.2328, 0.7739)
(2.262, 1.2046, 0.4022)
(2.5216, 0.8819, 0.5436)
(2.7178, 0.8065, 0.1513)
(2.919, 0.428, 0.2798)
(2.9636, 0.2741, -0.1076)
(3.1109, -0.1391, 0.0353)
(3.0464, -0.3236, -0.3265)
(3.1533, -0.7301, -0.1689)
(3.0568, -0.8473, -0.502)
(3.1592, -1.1988, -0.3262)
(0.7232, 1.995, 0.585)
(1.0531, 2.0756, 0.2799)
(1.357, 1.7667, 0.4332)
(1.6815, 1.8382, 0.1203)
(1.9722, 1.5137, 0.2581)
(2.2339, 1.5191, -0.1011)
(2.4918, 1.1691, 0.0242)
(2.6048, 1.0627, -0.3744)
(2.7985, 0.6756, -0.2453)
(2.7809, 0.5087, -0.623)
(2.924, 0.0974, -0.476)
(2.8482, -0.081, -0.8332)
(2.96, -0.4795, -0.6734)
(2.8782, -0.59, -1.014)
(2.9642, -0.9316, -0.8313)
(0.7571, 2.4011, 0.1454)
(1.1024, 2.5113, -0.1349)
(1.3905, 2.171, -0.0112)
(1.6915, 2.2251, -0.3374)
(1.9654, 1.8726, -0.22)
(2.144, 1.8136, -0.6109)
(2.3829, 1.4388, -0.497)
(2.4094, 1.2882, -0.895)
(2.608, 0.9036, -0.7638)
(2.5518, 0.7218, -1.1361)
(2.7137, 0.3269, -0.9863)
(2.6469, 0.1457, -1.3529)
(2.773, -0.2357, -1.1885)
(2.7358, -0.3431, -1.5487)
(2.828, -0.6705, -1.362)
(0.8053, 2.836, -0.2723)
(1.1283, 2.9147, -0.584)
(1.4136, 2.5757, -0.4544)
(1.6445, 2.5576, -0.8292)
(1.8981, 2.1881, -0.7206)
(1.9775, 2.0568, -1.132)
(2.1968, 1.6704, -1.0182)
(2.1652, 1.4839, -1.4143)
(2.3622, 1.103, -1.2787)
(2.321, 0.9166, -1.6632)
(2.4976, 0.5363, -1.5108)
(2.4954, 0.3643, -1.8996)
(2.6236, -0.0049, -1.7297)
(2.6665, -0.0977, -2.1096)
(2.7587, -0.413, -1.9181)
(0.8265, 3.2236, -0.7381)
(1.1204, 3.2676, -1.074)
(1.3892, 2.9222, -0.9424)
(1.5348, 2.8327, -1.3457)
(1.7523, 2.4437, -1.2398)
(1.7681, 2.2691, -1.6572)
(1.9668, 1.8721, -1.5409)
(1.9618, 1.6872, -1.9475)
(2.1371, 1.2955, -1.8102)
(2.1857, 1.1334, -2.2131)
(2.3431, 0.747, -2.0607)
(2.4583, 0.6093, -2.4594)
(2.5717, 0.2384, -2.2919)
(2.6794, 0.1644, -2.6796)
(2.7482, -0.1546, -2.4913)
(0.8249, 3.5652, -1.2384)
(1.0848, 3.5767, -1.592)
(1.3231, 3.2166, -1.4603)
(1.4211, 3.0865, -1.8778)
(1.5815, 2.674, -1.7687)
(1.6311, 2.509, -2.1908)
(1.7915, 2.0928, -2.0737)
(1.8973, 1.9485, -2.484)
(2.0412, 1.5341, -2.3548)
(2.2195, 1.4186, -2.7481)
(2.337, 1.0068, -2.6098)
(2.5312, 0.8971, -3.005)
(2.6141, 0.5098, -2.8535)
(2.7134, 0.4375, -3.2475)
(2.7569, 0.1083, -3.0695)
(0.8074, 3.8736, -1.7615)
(1.0529, 3.8728, -2.1209)
(1.2621, 3.4954, -1.9915)
(1.3828, 3.3697, -2.4082)
(1.4962, 2.936, -2.3014)
(1.6335, 2.8062, -2.7132)
(1.7591, 2.3737, -2.6016)
(1.9686, 2.2704, -2.9901)
(2.0944, 1.8401, -2.8744)
(2.3279, 1.746, -3.2539)
(2.4354, 1.3161, -3.1352)
(2.5963, 1.2, -3.5396)
(2.6647, 0.7949, -3.4079)
(2.708, 0.7173, -3.8054)
(2.7476, 0.3779, -3.6409)
(0.7816, 4.1697, -2.2932)
(1.0338, 4.1656, -2.6524)
(1.2428, 3.7899, -2.5191)
(1.4107, 3.681, -2.9238)
(1.5207, 3.2433, -2.8198)
(1.7254, 3.1402, -3.2094)
(1.8445, 2.7041, -3.1016)
(2.0917, 2.6171, -3.4746)
(2.2113, 2.181, -3.3654)
(2.4171, 2.0796, -3.7543)
(2.514, 1.637, -3.6497)
(2.6034, 1.5081, -4.0663)
(2.6606, 1.089, -3.9496)
(2.6452, 1.0112, -4.3406)
(2.688, 0.6608, -4.1885)
(0.7511, 4.4528, -2.8307)
(1.0221, 4.4474, -3.1885)
(1.2577, 4.0952, -3.0395)
(1.4752, 4.0067, -3.4263)
(1.6097, 3.5781, -3.3147)
(1.8469, 3.4895, -3.6905)
(1.9706, 3.0535, -3.5828)
(2.1969, 2.9612, -3.9637)
(2.3109, 2.5213, -3.8584)
(2.451, 2.401, -4.2671)
(2.5345, 1.9534, -4.1677)
(2.5594, 1.8123, -4.5922)
(2.6048, 1.3898, -4.4783)
(2.553, 1.3093, -4.8659)
(2.5853, 0.9562, -4.7138)
(0.7139, 4.7096, -3.3757)
(1.001, 4.6934, -3.7066)
(1.2757, 4.3906, -3.56)
(1.5249, 4.3079, -3.9066)
(1.7047, 3.9156, -3.802)
(1.938, 3.8148, -4.1531)
(2.0749, 3.3971, -4.0667)
(2.2477, 3.2725, -4.4409)
(2.3544, 2.8442, -4.3642)
(2.4327, 2.6918, -4.7613)
(2.5034, 2.2572, -4.6887)
(2.4934, 2.0941, -5.0901)
(2.5244, 1.6863, -5.0011)
(2.4641, 1.5897, -5.366)
(2.4795, 1.2519, -5.2398)
(0.6746, 4.9091, -3.8484)
(0.9829, 4.8761, -4.1134)
(1.2858, 4.6321, -4.002)
(1.5729, 4.5463, -4.266)
(1.7773, 4.2009, -4.2103)
(2.0018, 4.0662, -4.5044)
(2.1309, 3.677, -4.483)
(2.257, 3.5019, -4.813)
(2.3488, 3.1034, -4.7982)
(2.3968, 2.9078, -5.1425)
(2.454, 2.5058, -5.1286)
(2.4376, 2.3064, -5.4721)
(2.4536, 1.9322, -5.44)
(2.4051, 1.8051, -5.7269)
(2.405, 1.5015, -5.6621)
(2.0954, -1.8701, 3.8626)
(2.4495, -2.0436, 3.6718)
(2.2204, -2.1385, 3.7362)
(3.0403, -2.1928, 3.4574)
(2.6595, -2.3187, 3.55)
(3.691, -2.3318, 3.2634)
(3.3141, -2.4601, 3.3548)
(4.3378, -2.4671, 3.0574)
(3.9719, -2.5995, 3.1701)
(4.9766, -2.5869, 2.8234)
(4.6265, -2.7297, 2.9741)
(5.6278, -2.6746, 2.6119)
(5.277, -2.8334, 2.7531)
(6.2805, -2.7578, 2.4008)
(5.9223, -2.9154, 2.5096)
(6.5635, -3.0046, 2.2597)
(-3.0112, 1.0011, 0.179)
(-3.1966, 2.8541, -3.7431)
(-1.5843, -1.0541, 4.4957)
(-3.1366, 1.7755, -1.5104)
(-2.2285, -0.7996, 4.5688)
(-2.867, -0.5398, 4.6626)
(-3.0849, 0.8089, 0.7453)
(-3.5057, -0.2796, 4.7548)
(-4.1401, -0.0027, 4.8246)
(-4.7641, 0.3007, 4.8649)
(-5.3862, 0.6098, 4.8867)
(-3.2429, 2.6049, -3.1876)
(-6.0195, 0.8986, 4.9169)
(-3.0493, 1.486, -0.9522)
(-2.9963, 1.2217, -0.3893)
(-4.2661, 0.8743, 2.0752)
(-3.2158, 0.6458, 1.3121)
(-3.6391, 0.6655, 1.848)
(-4.8071, 0.7943, 2.501)
(-5.3181, 0.6487, 2.947)
(-3.1648, 3.1058, -4.3033)
(-3.2679, 2.3481, -2.6301)
(-3.219, 2.0688, -2.0694)
(-6.3776, 0.6128, 4.6934)
(-6.0608, 0.687, 4.8137)
(-6.2001, 0.8727, 4.9127)
(-6.4915, 0.7626, 4.838)
(-5.478, 0.687, 3.0159)
(-5.3777, 0.8287, 2.829)
(-5.6741, 0.9573, 2.9093)
(-5.7199, 0.8614, 3.0954)
(-5.6774, 0.9158, 2.6715)
(-6.0411, 0.9788, 2.7475)
(-5.9981, 1.0965, 2.918)
(-6.0089, 0.705, 2.8081)
(-6.3165, 0.7275, 3.0687)
(-6.3509, 1.0277, 2.9087)
(-6.1854, 0.4582, 3.3132)
(-6.4634, 0.5069, 3.6069)
(-6.5985, 0.7297, 3.3401)
(-6.2636, 0.323, 3.8943)
(-6.4928, 0.4419, 4.1954)
(-6.7054, 0.5523, 3.9033)
(-6.2078, 0.4075, 4.4567)
(-6.6663, 0.5875, 4.4841)
(-1.6678, -1.7966, 3.7406)
(-1.3995, -1.7415, 3.9483)
(-1.5617, -1.4852, 4.1854)
(-1.8635, -1.5295, 4.0205)
(-2.2422, -1.5739, 3.8324)
(-2.071, -1.2465, 4.2635)
(-2.4743, -1.287, 4.1136)
(-2.8921, -1.3346, 3.9401)
(-2.7041, -0.9859, 4.3494)
(-3.1157, -1.0321, 4.2085)
(-3.5306, -1.0754, 4.0342)
(-3.3411, -0.7208, 4.4345)
(-3.7521, -0.7644, 4.2914)
(-4.1567, -0.7837, 4.0961)
(-3.9756, -0.4466, 4.509)
(-4.3799, -0.4736, 4.3472)
(-4.7687, -0.4624, 4.1261)
(-4.6024, -0.1534, 4.56)
(-4.9981, -0.1634, 4.3795)
(-5.3744, -0.1307, 4.1435)
(-5.2244, 0.1486, 4.5965)
(-5.6161, 0.1432, 4.4109)
(-5.9787, 0.1892, 4.1711)
(-5.8489, 0.4262, 4.6459)
(-1.735, -2.0925, 3.2206)
(-1.3973, -2.0835, 3.4501)
(-2.0036, -1.836, 3.5321)
(-2.4119, -1.8396, 3.3235)
(-2.6592, -1.6065, 3.6422)
(-3.0651, -1.5911, 3.4351)
(-3.3029, -1.3553, 3.7466)
(-3.6719, -1.2785, 3.5171)
(-3.9226, -1.0565, 3.8155)
(-4.2502, -0.9133, 3.5649)
(-4.5237, -0.7189, 3.8474)
(-4.8221, -0.5365, 3.5738)
(-5.1128, -0.3612, 3.8565)
(-5.4013, -0.1657, 3.5687)
(-5.7037, -0.0061, 3.8696)
(-5.9753, 0.2068, 3.587)
(-0.7048, -2.7336, 2.3043)
(-0.6247, -2.7759, 2.7212)
(-0.9569, -2.6377, 2.6301)
(-1.304, -2.4902, 2.4751)
(-1.1401, -2.4777, 3.0148)
(-1.4987, -2.3263, 2.8591)
(-1.9175, -2.2092, 2.6272)
(-2.1599, -2.038, 2.9843)
(-2.5697, -1.9433, 2.7518)
(-2.8199, -1.7862, 3.1019)
(-3.1479, -1.6027, 2.8716)
(-3.4098, -1.4512, 3.2001)
(-3.6482, -1.1558, 2.9738)
(-3.952, -1.0454, 3.2751)
(-4.1326, -0.6847, 3.0688)
(-4.4843, -0.6283, 3.3239)
(-4.6778, -0.2999, 3.0711)
(-5.062, -0.2706, 3.2944)
(-5.276, 0.0295, 3.0218)
(-5.6437, 0.0977, 3.2902)
(-5.8551, 0.396, 3.0281)
(-0.8142, -2.6712, 1.7345)
(-1.0732, -2.5994, 2.1061)
(-1.4496, -2.4484, 1.8763)
(-1.6861, -2.3441, 2.2542)
(-2.0723, -2.1841, 2.0177)
(-2.3188, -2.0721, 2.3886)
(-2.6602, -1.8601, 2.1648)
(-2.8985, -1.739, 2.5288)
(-3.0971, -1.3922, 2.3366)
(-3.3466, -1.2641, 2.6709)
(-3.4583, -0.8458, 2.5097)
(-3.7884, -0.7587, 2.7958)
(-3.901, -0.3417, 2.6304)
(-4.2809, -0.3033, 2.8657)
(-4.4528, 0.0379, 2.6201)
(-4.8752, 0.0147, 2.8004)
(-5.0599, 0.3497, 2.562)
(-5.4735, 0.3526, 2.7739)
(-5.6301, 0.6775, 2.6076)
(-0.9186, -2.5785, 1.134)
(-1.1915, -2.5246, 1.5034)
(-1.5661, -2.3637, 1.2746)
(-1.8236, -2.2809, 1.6452)
(-2.182, -2.0839, 1.4217)
(-2.4209, -1.9737, 1.7942)
(-2.7143, -1.6876, 1.5888)
(-2.9048, -1.5407, 1.9672)
(-3.0555, -1.1474, 1.7954)
(-3.2044, -0.973, 2.1747)
(-3.3056, -0.5485, 2.0224)
(-3.5547, -0.4187, 2.3568)
(-3.6746, -0.0037, 2.1877)
(-4.0389, 0.0443, 2.4309)
(-4.2028, 0.3966, 2.2296)
(-4.6309, 0.3726, 2.3852)
(-4.7911, 0.6888, 2.2771)
(-5.2071, 0.6875, 2.4342)
(-5.2932, 0.8794, 2.5557)
(-1.0174, -2.4712, 0.5393)
(-1.2966, -2.4248, 0.9062)
(-1.6745, -2.2602, 0.6802)
(-1.9373, -2.1865, 1.0494)
(-2.2911, -1.9675, 0.8317)
(-2.5122, -1.8352, 1.2092)
(-2.7918, -1.5233, 1.0109)
(-2.9433, -1.3402, 1.4015)
(-3.0953, -0.9473, 1.2331)
(-3.1806, -0.7365, 1.6351)
(-3.2796, -0.3239, 1.4819)
(-3.4264, -0.1319, 1.8636)
(-3.4948, 0.2903, 1.7147)
(-3.8039, 0.4053, 2.028)
(-3.9545, 0.7623, 1.9548)
(-4.3777, 0.6955, 2.1469)
(-4.5405, 0.8299, 2.28)
(-4.9267, 0.8254, 2.4136)
(-5.0678, 0.7203, 2.715)
(-1.1022, -2.3324, -0.0479)
(-1.3931, -2.3047, 0.3148)
(-1.7601, -2.1159, 0.0933)
(-2.0402, -2.0638, 0.4589)
(-2.3712, -1.8071, 0.2484)
(-2.6012, -1.6848, 0.626)
(-2.819, -1.3269, 0.4416)
(-2.9775, -1.1463, 0.8333)
(-3.0387, -0.729, 0.6836)
(-3.1557, -0.5287, 1.0854)
(-3.1413, -0.1116, 0.954)
(-3.2897, 0.0831, 1.3429)
(-3.2237, 0.4278, 1.1972)
(-3.4293, 0.6459, 1.5746)
(-1.1701, -2.157, -0.6277)
(-1.4644, -2.1387, -0.2671)
(-1.8116, -1.9199, -0.4828)
(-2.0999, -1.8795, -0.1198)
(-2.3929, -1.5838, -0.3194)
(-2.6255, -1.4771, 0.0575)
(-2.7626, -1.0849, -0.1064)
(-2.9057, -0.9145, 0.2872)
(-2.9177, -0.4966, 0.1484)
(-3.0248, -0.3089, 0.551)
(-3.0113, 0.0921, 0.4151)
(-3.105, 0.268, 0.8144)
(-3.0753, 0.5949, 0.6462)
(-3.1535, 0.7177, 1.0247)
(-1.2421, -1.9912, -1.2116)
(-1.5249, -1.9556, -0.8465)
(-1.8642, -1.7285, -1.0609)
(-2.1319, -1.6629, -0.6909)
(-2.402, -1.3508, -0.8834)
(-2.6058, -1.2316, -0.4987)
(-2.7306, -0.8394, -0.6587)
(-2.8241, -0.673, -0.2547)
(-2.8701, -0.2712, -0.403)
(-2.9319, -0.094, 0.0064)
(-2.9571, 0.2982, -0.1411)
(-3.0112, 0.4604, 0.2609)
(-3.0103, 0.7902, 0.0838)
(-3.0521, 0.8962, 0.4595)
(-1.3178, -1.831, -1.7975)
(-1.5929, -1.7849, -1.4297)
(-1.9218, -1.54, -1.6392)
(-2.1698, -1.4538, -1.2633)
(-2.4217, -1.123, -1.4488)
(-2.6003, -0.9887, -1.0573)
(-2.7304, -0.5981, -1.2172)
(-2.8109, -0.4384, -0.8111)
(-2.8739, -0.0386, -0.962)
(-2.9135, 0.1257, -0.5518)
(-2.9569, 0.5243, -0.702)
(-2.9821, 0.6704, -0.3011)
(-3.0017, 1.0133, -0.4803)
(-3.0088, 1.1027, -0.1064)
(-1.3915, -1.6643, -2.3818)
(-1.6614, -1.6109, -2.012)
(-1.9767, -1.345, -2.2154)
(-2.2105, -1.2431, -1.8347)
(-2.4441, -0.8939, -2.0142)
(-2.6089, -0.7493, -1.6186)
(-2.7378, -0.3514, -1.7771)
(-2.8199, -0.1956, -1.3704)
(-2.8895, 0.2138, -1.521)
(-2.9285, 0.3672, -1.1114)
(-2.9826, 0.7815, -1.2613)
(-2.9981, 0.9119, -0.8627)
(-3.0411, 1.2738, -1.0417)
(-3.0283, 1.3449, -0.671)
(-1.4616, -1.4887, -2.9637)
(-1.7262, -1.4284, -2.5919)
(-2.0274, -1.1433, -2.7896)
(-2.2479, -1.0275, -2.4046)
(-2.4647, -0.6632, -2.5793)
(-2.6193, -0.5079, -2.1804)
(-2.744, -0.0998, -2.3373)
(-2.8301, 0.0606, -1.9296)
(-2.9031, 0.4825, -2.0793)
(-2.951, 0.634, -1.6697)
(-3.0148, 1.0628, -1.8189)
(-3.0395, 1.1859, -1.4215)
(-3.104, 1.5602, -1.6003)
(-3.0982, 1.6218, -1.232)
(-1.5286, -1.3055, -3.5433)
(-1.7872, -1.2382, -3.1695)
(-2.0744, -0.9365, -3.362)
(-2.2817, -0.8086, -2.9733)
(-2.4821, -0.4323, -3.144)
(-2.6276, -0.2667, -2.7425)
(-2.7451, 0.1501, -2.8976)
(-2.8354, 0.3225, -2.4887)
(-2.9084, 0.7532, -2.6373)
(-2.9694, 0.9144, -2.2271)
(-3.0394, 1.3504, -2.3759)
(-3.0846, 1.4766, -1.9789)
(-3.1622, 1.8523, -2.1585)
(-3.1828, 1.9132, -1.7911)
(-1.5929, -1.1164, -4.121)
(-1.8451, -1.0421, -3.7452)
(-2.1182, -0.7256, -3.933)
(-2.312, -0.5871, -3.541)
(-2.4957, -0.2002, -3.7081)
(-2.6314, -0.0273, -3.3045)
(-2.7386, 0.3944, -3.458)
(-2.8315, 0.5782, -3.0479)
(-2.9002, 1.012, -3.1957)
(-2.9752, 1.1899, -2.7845)
(-3.0445, 1.6248, -2.9333)
(-3.1145, 1.7639, -2.5364)
(-3.1912, 2.1318, -2.7176)
(-3.2484, 2.1996, -2.3513)
(-1.655, -0.9223, -4.6971)
(-1.9003, -0.8412, -4.3192)
(-2.1591, -0.5113, -4.5028)
(-2.3389, -0.363, -4.1077)
(-2.505, 0.0333, -4.2714)
(-2.6299, 0.2115, -3.8661)
(-2.7243, 0.6371, -4.0178)
(-2.8165, 0.8252, -3.6072)
(-2.8775, 1.2596, -3.7541)
(-2.9622, 1.4479, -3.3424)
(-3.0236, 1.8785, -3.4911)
(-3.1128, 2.0309, -3.0944)
(-3.1734, 2.3902, -3.2756)
(-3.2606, 2.4681, -2.9112)
(-1.7154, -0.7244, -5.2716)
(-1.9531, -0.6364, -4.8918)
(-2.1969, -0.2941, -5.0715)
(-2.3621, -0.1367, -4.6736)
(-2.5091, 0.2684, -4.8341)
(-2.6226, 0.4511, -4.427)
(-2.7021, 0.8805, -4.5769)
(-2.7912, 1.07, -4.1657)
(-2.8425, 1.5058, -4.3114)
(-2.9314, 1.6952, -3.8999)
(-2.9847, 2.1263, -4.0477)
(-3.0812, 2.2818, -3.6516)
(-3.1328, 2.64, -3.8324)
(-3.2254, 2.7218, -3.4684)
(-1.7712, -0.5342, -5.8154)
(-2.0033, -0.4298, -5.4594)
(-2.2293, -0.0866, -5.6079)
(-2.3805, 0.0901, -5.2347)
(-2.5072, 0.4919, -5.3649)
(-2.6083, 0.6903, -4.9833)
(-2.6735, 1.1113, -5.1041)
(-2.7566, 1.3139, -4.7193)
(-2.8006, 1.739, -4.8368)
(-2.8887, 1.9407, -4.4524)
(-2.9396, 2.3601, -4.5728)
(-3.0376, 2.5282, -4.2043)
(-3.093, 2.8749, -4.3612)
(-3.1855, 2.9719, -4.0266)
(-1.8143, -0.3847, -6.2401)
(-2.044, -0.2539, -5.9372)
(-2.2515, 0.0734, -6.018)
(-2.3916, 0.2821, -5.705)
(-2.501, 0.6638, -5.7703)
(-2.5903, 0.892, -5.4496)
(-2.6466, 1.2882, -5.5068)
(-2.7211, 1.519, -5.1832)
(-2.7644, 1.9175, -5.2381)
(-2.847, 2.147, -4.9154)
(-2.9018, 2.5391, -4.9739)
(-2.9974, 2.7335, -4.6672)
(-3.0566, 3.0335, -4.7534)
(-3.1513, 3.159, -4.4848)
(-1.3587, -1.4562, 4.2844)
(-1.4754, -1.1914, 4.435)
(-1.7145, -1.2152, 4.3708)
(-1.9086, -0.9364, 4.5288)
(-2.3047, -0.959, 4.4513)
(-2.5484, -0.6793, 4.611)
(-2.941, -0.6948, 4.5356)
(-3.1853, -0.4185, 4.7017)
(-3.5776, -0.4281, 4.6195)
(-3.8213, -0.1481, 4.781)
(-4.2101, -0.1476, 4.6862)
(-4.4507, 0.1426, 4.8359)
(-4.8353, 0.1509, 4.7299)
(-5.0747, 0.4479, 4.8679)
(-5.461, 0.4473, 4.7663)
(-5.7047, 0.7459, 4.8962)
(-5.8813, 1.081, 4.9659)
(-6.0247, 1.3915, 4.9839)
(-6.2498, 1.3102, 5.0411)
(-6.1365, 1.0276, 4.9703)
(-5.3618, 0.8546, 2.8979)
(-5.4696, 0.6616, 3.0389)
(-5.7201, 0.808, 3.1521)
(-5.6415, 1.0159, 3.0343)
(-5.5087, 1.3004, 2.9322)
(-5.9326, 1.2023, 3.133)
(-5.807, 1.492, 3.1)
(-5.5824, 1.6946, 3.2529)
(-6.0665, 1.6515, 3.3112)
(-5.8451, 1.8151, 3.5389)
(-5.5832, 1.872, 3.8203)
(-6.0773, 1.9185, 3.833)
(-5.8452, 1.9322, 4.1241)
(-5.6049, 1.8287, 4.4077)
(-6.0805, 1.9632, 4.4273)
(-5.8895, 1.7936, 4.6786)
(-5.7137, 1.5009, 4.8474)
(-6.1651, 1.7007, 4.8951)
(-0.8961, -0.5034, 4.5165)
(-1.0173, -0.1776, 4.4365)
(-1.3861, -0.3493, 4.5092)
(-1.2288, -0.6703, 4.5445)
(-1.5954, 0.0315, 4.452)
(-2.0002, -0.1233, 4.5342)
(-1.7677, -0.4996, 4.5463)
(-2.23, 0.28, 4.5216)
(-2.6295, 0.1313, 4.6274)
(-2.4016, -0.2527, 4.6098)
(-2.8614, 0.5167, 4.5749)
(-3.265, 0.383, 4.6584)
(-3.0358, 0.0048, 4.6879)
(-3.4935, 0.7565, 4.5343)
(-3.8965, 0.6398, 4.6333)
(-3.6734, 0.2619, 4.7065)
(-4.1131, 1.0316, 4.5265)
(-4.5091, 0.9363, 4.6932)
(-4.2962, 0.5449, 4.7419)
(-4.7314, 1.32, 4.5809)
(-5.1235, 1.2351, 4.774)
(-4.9061, 0.8527, 4.8281)
(-5.3569, 1.5863, 4.636)
(-5.5186, 1.1484, 4.9126)
(-0.5899, -0.0529, 4.2989)
(-0.7909, 0.2944, 4.1589)
(-1.1997, 0.1781, 4.3378)
(-1.4547, 0.5609, 4.2393)
(-1.8376, 0.4306, 4.3968)
(-2.1047, 0.7773, 4.2782)
(-2.4761, 0.6521, 4.4398)
(-2.7485, 0.9243, 4.2054)
(-3.1119, 0.8426, 4.3863)
(-3.3694, 1.1325, 4.1311)
(-3.7268, 1.1099, 4.3463)
(-3.9919, 1.3889, 4.12)
(-4.352, 1.3809, 4.3582)
(-4.6344, 1.6206, 4.1129)
(-4.9894, 1.6292, 4.3811)
(-5.2852, 1.8161, 4.1133)
(0.4836, 0.3563, 3.3848)
(0.179, 0.2818, 3.6591)
(0.4649, 0.049, 3.675)
(-0.1133, 0.5635, 3.5942)
(-0.4171, 0.4272, 3.9003)
(-0.1118, 0.1377, 3.9716)
(-0.7427, 0.7817, 3.7605)
(-1.0878, 0.6736, 4.0207)
(-1.41, 0.9902, 3.8407)
(-1.7498, 0.8893, 4.081)
(-2.0707, 1.0725, 3.8054)
(-2.3992, 0.9901, 4.0141)
(-2.7024, 1.143, 3.688)
(-3.0297, 1.1411, 3.9013)
(-3.3361, 1.2582, 3.6)
(-3.6601, 1.3321, 3.8579)
(-3.9929, 1.3757, 3.5626)
(-4.3082, 1.5209, 3.8411)
(-4.6319, 1.5886, 3.5324)
(-4.95, 1.7444, 3.8186)
(-5.2774, 1.7726, 3.5183)
(0.5121, 0.7741, 2.9868)
(0.1905, 0.6679, 3.2882)
(-0.1177, 0.9877, 3.1507)
(-0.4272, 0.885, 3.462)
(-0.7637, 1.1788, 3.2784)
(-1.0814, 1.0819, 3.5704)
(-1.4333, 1.2647, 3.317)
(-1.7522, 1.1688, 3.5753)
(-2.0993, 1.277, 3.2699)
(-2.4016, 1.1921, 3.4856)
(-2.7255, 1.2151, 3.1548)
(-3.0187, 1.1904, 3.3679)
(-3.3542, 1.0955, 3.0573)
(-3.6722, 1.215, 3.3044)
(-3.9919, 1.1841, 2.9996)
(-4.3142, 1.3943, 3.2575)
(-4.6211, 1.4222, 2.9539)
(-4.9494, 1.6222, 3.228)
(-5.2664, 1.5347, 2.9934)
(0.5354, 1.189, 2.543)
(0.2055, 1.0903, 2.8453)
(-0.1199, 1.3652, 2.671)
(-0.4451, 1.2716, 2.9756)
(-0.7903, 1.4887, 2.7555)
(-1.113, 1.3886, 3.046)
(-1.4708, 1.5143, 2.773)
(-1.7869, 1.3737, 3.0288)
(-2.124, 1.392, 2.7167)
(-2.4288, 1.291, 2.9449)
(-2.7404, 1.199, 2.5901)
(-3.0481, 1.1242, 2.8101)
(-3.3567, 0.9831, 2.4861)
(-3.6753, 1.01, 2.7481)
(-3.9708, 0.9939, 2.4446)
(-4.2923, 1.2091, 2.6903)
(-4.5958, 1.1502, 2.4913)
(-4.932, 1.3373, 2.7375)
(-5.1893, 1.1132, 2.7332)
(0.5216, 1.5141, 2.0334)
(0.205, 1.4516, 2.3596)
(-0.1431, 1.6678, 2.1467)
(-0.4655, 1.5801, 2.4554)
(-0.8241, 1.7295, 2.203)
(-1.1487, 1.6253, 2.4926)
(-1.509, 1.6955, 2.2012)
(-1.8221, 1.5543, 2.4693)
(-2.1509, 1.5098, 2.1404)
(-2.4376, 1.3099, 2.3748)
(-2.7071, 1.159, 2.0295)
(-3.0206, 1.0318, 2.2479)
(-3.2731, 0.8281, 1.9168)
(-3.6487, 0.837, 2.1799)
(-3.9507, 0.7776, 1.9684)
(-4.2659, 0.9723, 2.2615)
(-4.5326, 0.8387, 2.2962)
(-4.8578, 0.9671, 2.5238)
(-5.0574, 0.7227, 2.7331)
(0.4706, 1.7449, 1.4759)
(0.1705, 1.7267, 1.8209)
(-0.1904, 1.9089, 1.5941)
(-0.5019, 1.8394, 1.9098)
(-0.8665, 1.9645, 1.6501)
(-1.1867, 1.8246, 1.9248)
(-1.5433, 1.892, 1.6357)
(-1.8547, 1.7126, 1.8922)
(-2.1592, 1.6642, 1.5661)
(-2.4367, 1.4035, 1.8005)
(-2.6633, 1.2526, 1.4582)
(-2.927, 0.9831, 1.6893)
(-3.07, 0.8464, 1.357)
(-3.4257, 0.6654, 1.5855)
(0.4096, 1.9436, 0.9128)
(0.1086, 1.9245, 1.2533)
(-0.2447, 2.1211, 1.0395)
(-0.5551, 2.0663, 1.3558)
(-0.9118, 2.2264, 1.1168)
(-1.2288, 2.0735, 1.383)
(-1.5597, 2.1358, 1.0933)
(-1.8649, 1.9059, 1.3287)
(-2.1232, 1.8351, 0.9986)
(-2.4018, 1.552, 1.2288)
(-2.5908, 1.4071, 0.8911)
(-2.8306, 1.1063, 1.1215)
(-2.9467, 0.9964, 0.7926)
(-3.1472, 0.7369, 1.0327)
(0.4116, 2.2888, 0.428)
(0.0775, 2.1927, 0.7286)
(-0.2398, 2.4716, 0.559)
(-0.5797, 2.3498, 0.8386)
(-0.9054, 2.5184, 0.5986)
(-1.2418, 2.3404, 0.85)
(-1.5267, 2.3374, 0.5311)
(-1.8324, 2.0979, 0.7663)
(-2.0499, 1.9911, 0.4278)
(-2.3271, 1.7099, 0.6615)
(-2.5009, 1.5639, 0.3238)
(-2.7403, 1.2723, 0.5572)
(-2.8643, 1.1751, 0.226)
(-3.0439, 0.9138, 0.4648)
(0.4594, 2.7211, 0.0101)
(0.107, 2.5925, 0.2808)
(-0.21, 2.8366, 0.0866)
(-0.5598, 2.6844, 0.3448)
(-0.8718, 2.76, 0.0533)
(-1.2065, 2.5554, 0.292)
(-1.4564, 2.4821, -0.0493)
(-1.7595, 2.246, 0.1897)
(-1.958, 2.1106, -0.1549)
(-2.2364, 1.8497, 0.0873)
(-2.4219, 1.7065, -0.2552)
(-2.6602, 1.4358, -0.0138)
(-2.8243, 1.3672, -0.347)
(-2.9986, 1.1202, -0.1038)
(0.4916, 3.1183, -0.4435)
(0.1434, 2.9833, -0.1725)
(-0.1807, 3.1363, -0.4273)
(-0.5293, 2.9548, -0.186)
(-0.814, 2.931, -0.5191)
(-1.1413, 2.7082, -0.2866)
(-1.3678, 2.5816, -0.6417)
(-1.6665, 2.3481, -0.3997)
(-1.8807, 2.2156, -0.7489)
(-2.1587, 1.9715, -0.5002)
(-2.396, 1.8719, -0.8395)
(-2.6267, 1.6119, -0.5936)
(-2.8519, 1.6007, -0.9165)
(-3.0173, 1.3628, -0.6704)
(0.5053, 3.465, -0.9377)
(0.1662, 3.3118, -0.6726)
(-0.1429, 3.3651, -0.975)
(-0.4771, 3.146, -0.7491)
(-0.7401, 3.0567, -1.1054)
(-1.059, 2.8173, -0.8774)
(-1.3079, 2.7073, -1.2319)
(-1.597, 2.4555, -0.9953)
(-1.872, 2.3917, -1.3296)
(-2.1381, 2.1315, -1.0873)
(-2.4498, 2.1238, -1.3958)
(-2.6697, 1.8532, -1.1576)
(-2.9369, 1.8924, -1.4657)
(-3.0877, 1.6397, -1.2306)
(0.504, 3.7637, -1.4627)
(0.1802, 3.5826, -1.2066)
(-0.1222, 3.5783, -1.5355)
(-0.4237, 3.3075, -1.3259)
(-0.7102, 3.2465, -1.6747)
(-1.0101, 2.9708, -1.4584)
(-1.3221, 2.9535, -1.7795)
(-1.603, 2.6678, -1.5594)
(-1.9472, 2.7095, -1.8424)
(-2.2035, 2.4107, -1.6243)
(-2.557, 2.4651, -1.9042)
(-2.7691, 2.1672, -1.6896)
(-3.0314, 2.2038, -2.0066)
(-3.1727, 1.9311, -1.7887)
(0.4867, 4.0562, -1.9941)
(0.1751, 3.8448, -1.7494)
(-0.1431, 3.8584, -2.0682)
(-0.4213, 3.5443, -1.8767)
(-0.751, 3.558, -2.1872)
(-1.0348, 3.2496, -1.9881)
(-1.3943, 3.3178, -2.2562)
(-1.6755, 3.0107, -2.0536)
(-2.0441, 3.0965, -2.307)
(-2.3102, 2.78, -2.108)
(-2.6455, 2.8125, -2.4078)
(-2.864, 2.495, -2.2139)
(-3.0889, 2.4985, -2.554)
(-3.2384, 2.2173, -2.3481)
(0.4534, 4.3549, -2.5215)
(0.1456, 4.1454, -2.2728)
(-0.1946, 4.1964, -2.565)
(-0.4724, 3.877, -2.3773)
(-0.8293, 3.9436, -2.6475)
(-1.1112, 3.6284, -2.4544)
(-1.4838, 3.7262, -2.6982)
(-1.7659, 3.4118, -2.5031)
(-2.121, 3.4776, -2.7746)
(-2.3913, 3.1469, -2.5907)
(-2.6848, 3.1333, -2.9257)
(-2.9085, 2.8002, -2.7479)
(-3.0874, 2.772, -3.1036)
(-3.2501, 2.4849, -2.9065)
(0.4116, 4.6427, -3.0534)
(0.1001, 4.4681, -2.7809)
(-0.2569, 4.5554, -3.0446)
(-0.5474, 4.2604, -2.8383)
(-0.9141, 4.3511, -3.089)
(-1.2001, 4.0399, -2.893)
(-1.5622, 4.1218, -3.1523)
(-1.8438, 3.8026, -2.9615)
(-2.1676, 3.8212, -3.2722)
(-2.4327, 3.4803, -3.0969)
(-2.6884, 3.424, -3.461)
(-2.906, 3.0823, -3.2897)
(-3.058, 3.0321, -3.6555)
(-3.2142, 2.7373, -3.4623)
(0.3659, 4.892, -3.5689)
(0.0508, 4.7766, -3.2922)
(-0.3117, 4.8796, -3.5093)
(-0.6197, 4.6414, -3.2965)
(-0.9808, 4.7173, -3.5243)
(-1.2757, 4.4327, -3.3438)
(-1.6131, 4.4605, -3.6108)
(-1.8941, 4.151, -3.4498)
(-2.1853, 4.1104, -3.7676)
(-2.4442, 3.7769, -3.623)
(-2.6773, 3.6819, -3.976)
(-2.8855, 3.3474, -3.8347)
(-3.0313, 3.2768, -4.1809)
(-3.1759, 2.9881, -4.0197)
(0.3254, 5.079, -3.9725)
(0.0075, 5.0283, -3.7269)
(-0.3544, 5.1404, -3.8537)
(-0.6736, 4.9582, -3.6839)
(-1.026, 4.9982, -3.8559)
(-1.3242, 4.7407, -3.7411)
(-1.6381, 4.699, -3.9767)
(-1.9153, 4.4135, -3.8815)
(-2.1877, 4.3157, -4.1563)
(-2.4413, 4.0091, -4.0745)
(-2.6675, 3.8741, -4.3723)
(-2.8681, 3.5662, -4.2929)
(-3.01, 3.4678, -4.5593)
(-3.1475, 3.2061, -4.4645)
(-1.1197, -0.8816, 4.5576)
(-1.5519, -0.8146, 4.536)
(-1.4061, -1.0244, 4.5199)
(-2.1583, -0.5963, 4.5795)
(-1.9042, -0.9173, 4.5357)
(-2.7963, -0.3395, 4.6646)
(-2.5471, -0.6602, 4.6204)
(-3.4342, -0.0804, 4.7351)
(-3.1874, -0.401, 4.7157)
(-4.0681, 0.1909, 4.775)
(-3.8244, -0.1342, 4.7984)
(-4.6855, 0.4931, 4.8379)
(-4.4534, 0.1554, 4.8536)
(-5.3016, 0.7997, 4.9008)
(-5.0755, 0.4626, 4.8837)
(-5.7009, 0.7625, 4.9074)
(6.965, -3.3336, 1.9663)
(5.7628, -2.6337, 0.5413)
(6.0084, -2.6263, 0.2457)
(6.2178, -2.9353, 0.1774)
(6.4081, -3.3279, 0.561)
(6.6103, -3.5768, 1.0699)
(6.8235, -3.5719, 1.6054)
(1.8462, -2.7012, 3.2344)
(2.4047, -2.8114, 3.0804)
(3.0584, -2.958, 2.8978)
(3.7139, -3.0954, 2.709)
(4.3668, -3.2117, 2.5016)
(5.0141, -3.2995, 2.2695)
(5.657, -3.3743, 2.0257)
(6.2947, -3.4676, 1.795)
(1.5484, -2.9524, 2.7858)
(2.1855, -3.1069, 2.6109)
(2.8498, -3.2771, 2.4375)
(3.5057, -3.3982, 2.2481)
(4.1561, -3.4654, 2.0254)
(4.7983, -3.4938, 1.776)
(5.4375, -3.5126, 1.5186)
(6.0762, -3.5382, 1.2751)
(-0.0265, -2.9506, 2.3902)
(0.6263, -3.0566, 2.3488)
(1.3128, -3.1353, 2.2515)
(2.0028, -3.2972, 2.072)
(2.6712, -3.4118, 1.9023)
(3.3291, -3.4113, 1.7232)
(3.9809, -3.3504, 1.5375)
(4.6079, -3.3246, 1.2883)
(5.2297, -3.338, 1.001)
(5.8685, -3.3334, 0.7534)
(-0.1146, -2.9034, 1.8945)
(0.5333, -3.0635, 1.7683)
(1.1984, -3.1935, 1.6313)
(1.8736, -3.3037, 1.4858)
(2.5336, -3.2652, 1.3682)
(3.1815, -3.093, 1.2709)
(3.8323, -2.9302, 1.1503)
(4.446, -2.9033, 0.8946)
(5.0478, -2.9588, 0.5713)
(5.6793, -2.9756, 0.3154)
(-0.2168, -2.8274, 1.2929)
(0.4378, -3.0076, 1.1534)
(1.1042, -3.1323, 1.0201)
(1.7777, -3.1503, 0.9117)
(2.4136, -2.9574, 0.8781)
(3.0275, -2.6603, 0.8877)
(3.6698, -2.4588, 0.8062)
(4.2905, -2.4277, 0.5539)
(4.9027, -2.4791, 0.2669)
(5.5126, -2.5505, 0.1758)
(-0.3125, -2.7288, 0.6943)
(0.3464, -2.9193, 0.5521)
(1.0209, -3.0288, 0.4234)
(1.7025, -2.974, 0.3387)
(2.3274, -2.7044, 0.3497)
(2.9117, -2.3359, 0.4175)
(3.5279, -2.0307, 0.4226)
(4.1701, -1.9551, 0.3068)
(4.7831, -2.1186, 0.2208)
(5.331, -2.3851, 0.3613)
(-0.4013, -2.6102, 0.1019)
(0.2628, -2.8045, -0.0428)
(0.9462, -2.9034, -0.1699)
(1.6266, -2.7951, -0.2343)
(2.2312, -2.472, -0.1896)
(2.7706, -2.056, -0.074)
(3.2806, -1.6694, 0.0314)
(-0.4786, -2.4485, -0.48)
(0.1871, -2.6273, -0.6214)
(0.8709, -2.7002, -0.7394)
(1.5193, -2.5327, -0.7635)
(2.0711, -2.1613, -0.6715)
(2.5675, -1.7383, -0.5273)
(2.9841, -1.3719, -0.3939)
(-0.5532, -2.2723, -1.0596)
(0.1127, -2.421, -1.1919)
(0.7905, -2.4446, -1.2884)
(1.4051, -2.2336, -1.2752)
(1.9211, -1.8585, -1.1615)
(2.4012, -1.4573, -1.0213)
(2.7998, -1.1023, -0.8933)
(-0.6316, -2.1102, -1.6443)
(0.0375, -2.2269, -1.7663)
(0.7115, -2.1948, -1.8391)
(1.3162, -1.9607, -1.8099)
(1.8222, -1.598, -1.6946)
(2.2885, -1.2026, -1.5527)
(2.673, -0.8457, -1.4231)
(-0.7086, -1.9469, -2.2293)
(-0.0349, -2.0308, -2.3403)
(0.6374, -1.9512, -2.3936)
(1.2403, -1.6965, -2.3546)
(1.751, -1.3388, -2.2417)
(2.2188, -0.9455, -2.102)
(2.6037, -0.5886, -1.9754)
(-0.7826, -1.7751, -2.8119)
(-0.1056, -1.827, -2.9116)
(0.5641, -1.7058, -2.948)
(1.1689, -1.4278, -2.9012)
(1.6926, -1.0646, -2.7915)
(2.1768, -0.6716, -2.6584)
(2.5809, -0.323, -2.5423)
(-0.8538, -1.5948, -3.392)
(-0.1755, -1.6165, -3.4805)
(0.4894, -1.4587, -3.5012)
(1.0959, -1.156, -3.447)
(1.6357, -0.7791, -3.3399)
(2.143, -0.3838, -3.2149)
(2.5739, -0.0485, -3.1127)
(-0.9228, -1.4077, -3.97)
(-0.2449, -1.4009, -4.0472)
(0.4125, -1.2094, -4.0528)
(1.0153, -0.8842, -3.9899)
(1.567, -0.4926, -3.8834)
(2.0965, -0.0917, -3.7658)
(2.5515, 0.2321, -3.6765)
(-0.9901, -1.215, -4.5461)
(-0.3141, -1.1808, -4.6122)
(0.3336, -0.9569, -4.6024)
(0.9267, -0.6117, -4.5293)
(1.4798, -0.2095, -4.4201)
(2.0207, 0.1971, -4.3055)
(2.4876, 0.5189, -4.2224)
(-1.0559, -1.0179, -5.1205)
(-0.3834, -0.9566, -5.1753)
(0.2522, -0.7007, -5.1498)
(0.8325, -0.3351, -5.0649)
(1.3792, 0.0758, -4.9503)
(1.9199, 0.4866, -4.8343)
(2.3871, 0.8125, -4.7505)
(-1.1202, -0.8184, -5.6897)
(-0.4528, -0.7301, -5.7326)
(0.1682, -0.4418, -5.6908)
(0.7336, -0.0552, -5.5931)
(1.2718, 0.3654, -5.4717)
(1.8097, 0.7797, -5.3534)
(2.2783, 1.1067, -5.2716)
(-1.1746, -0.6471, -6.1729)
(-0.5122, -0.5368, -6.1991)
(0.0946, -0.2207, -6.1424)
(0.6464, 0.1836, -6.0334)
(1.1774, 0.6122, -5.9062)
(1.7134, 1.0286, -5.7864)
(2.1824, 1.3487, -5.7043)
(2.0628, -2.4353, 3.5555)
(2.5852, -2.4939, 3.423)
(3.2332, -2.6256, 3.2287)
(3.8875, -2.757, 3.0357)
(4.5414, -2.8809, 2.8343)
(5.1917, -2.9835, 2.6127)
(5.8376, -3.0725, 2.3753)
(6.4771, -3.181, 2.1451)
(7.124, -2.8572, 2.1525)
(5.7728, -2.6517, 0.5991)
(6.1411, -2.3906, 0.4766)
(6.5437, -2.1225, 0.6078)
(6.8738, -2.0053, 1.0812)
(7.1082, -2.0802, 1.6199)
(7.1948, -2.4313, 2.0359)
(2.3279, -1.4947, 3.7665)
(2.8474, -1.6352, 3.5365)
(3.4811, -1.7771, 3.3268)
(4.1217, -1.9128, 3.1274)
(4.7311, -2.0455, 2.8471)
(5.3528, -2.1508, 2.5914)
(6.006, -2.2362, 2.3985)
(6.6546, -2.3367, 2.2047)
(2.3442, -0.9336, 3.6172)
(2.9602, -1.0725, 3.3993)
(3.5983, -1.2193, 3.1832)
(4.1809, -1.3992, 2.9116)
(4.7504, -1.5393, 2.5946)
(5.3614, -1.6377, 2.3202)
(5.985, -1.763, 2.0701)
(6.5994, -1.9202, 1.8244)
(1.0903, 0.0062, 3.4091)
(1.7125, -0.2042, 3.3951)
(2.3586, -0.421, 3.2869)
(3.0339, -0.5834, 3.0879)
(3.6139, -0.8021, 2.8315)
(4.1145, -1.0396, 2.4785)
(4.6529, -1.2156, 2.1473)
(5.2271, -1.4044, 1.8644)
(5.8176, -1.5714, 1.5753)
(6.402, -1.7636, 1.296)
(1.135, 0.3703, 3.0676)
(1.7815, 0.2011, 2.9755)
(2.419, -0.0002, 2.8195)
(3.0498, -0.2113, 2.6118)
(3.5717, -0.5112, 2.3292)
(3.9834, -0.8576, 1.9814)
(4.4223, -1.1912, 1.6582)
(4.9469, -1.4571, 1.3528)
(5.5306, -1.6002, 1.0462)
(6.1036, -1.8137, 0.7782)
(1.1739, 0.7967, 2.6366)
(1.8121, 0.5865, 2.4937)
(2.4232, 0.3364, 2.3025)
(3.0046, 0.0572, 2.0757)
(3.4704, -0.3235, 1.8016)
(3.8042, -0.7872, 1.4678)
(4.139, -1.2641, 1.1592)
(4.615, -1.5459, 0.8625)
(5.1919, -1.7101, 0.5795)
(5.731, -2.032, 0.4609)
(1.1793, 1.1593, 2.1525)
(1.7977, 0.9068, 1.9784)
(2.3756, 0.6016, 1.7624)
(2.9107, 0.2519, 1.5158)
(3.3052, -0.2129, 1.2503)
(3.5532, -0.754, 0.9583)
(3.8232, -1.2903, 0.663)
(4.294, -1.6398, 0.4242)
(4.8717, -1.9007, 0.3373)
(5.3763, -2.3107, 0.4505)
(1.1434, 1.4295, 1.6115)
(1.7588, 1.1702, 1.4338)
(2.3092, 0.8318, 1.2095)
(2.8043, 0.4322, 0.9525)
(3.1736, -0.0546, 0.6916)
(3.3261, -0.6531, 0.4479)
(3.4464, -1.217, 0.2117)
(1.0761, 1.623, 1.0418)
(1.6964, 1.3731, 0.8704)
(2.27, 1.0696, 0.6649)
(2.7424, 0.6693, 0.4125)
(3.0401, 0.1559, 0.1532)
(3.1425, -0.4436, -0.0727)
(3.1589, -0.9768, -0.2523)
(1.0413, 1.8838, 0.5103)
(1.6698, 1.6461, 0.3511)
(2.2527, 1.3585, 0.1488)
(2.6727, 0.9384, -0.1114)
(2.8781, 0.3929, -0.3661)
(2.9485, -0.2014, -0.5793)
(2.9644, -0.7177, -0.756)
(1.077, 2.2911, 0.0706)
(1.6914, 2.0355, -0.1063)
(2.1984, 1.6724, -0.3541)
(2.5161, 1.1797, -0.6356)
(2.6707, 0.6185, -0.8791)
(2.7455, 0.0346, -1.0902)
(2.8009, -0.4654, -1.2781)
(1.1198, 2.7198, -0.3529)
(1.6767, 2.3995, -0.5789)
(2.0699, 1.9413, -0.8707)
(2.2889, 1.3883, -1.1538)
(2.4313, 0.8197, -1.3966)
(2.5604, 0.254, -1.6231)
(2.6906, -0.2216, -1.8269)
(1.1286, 3.0974, -0.8248)
(1.5952, 2.7008, -1.085)
(1.8717, 2.1634, -1.3937)
(2.0512, 1.581, -1.6791)
(2.2341, 1.0184, -1.9372)
(2.4602, 0.4816, -2.1799)
(2.6657, 0.0312, -2.3944)
(1.1042, 3.4258, -1.3306)
(1.4725, 2.9585, -1.6108)
(1.6839, 2.3826, -1.9238)
(1.91, 1.8092, -2.2178)
(2.1851, 1.268, -2.4843)
(2.4878, 0.7494, -2.7342)
(2.6981, 0.3002, -2.9641)
(1.0673, 3.7252, -1.8558)
(1.3918, 3.2237, -2.1442)
(1.6166, 2.6512, -2.4547)
(1.9206, 2.1039, -2.7412)
(2.2715, 1.5796, -3.0035)
(2.5698, 1.0476, -3.2734)
(2.7174, 0.5762, -3.5285)
(1.0417, 4.0199, -2.3864)
(1.3899, 3.5225, -2.6682)
(1.672, 2.97, -2.9645)
(2.0287, 2.4428, -3.2334)
(2.3782, 1.9136, -3.5033)
(2.6073, 1.354, -3.8035)
(2.6822, 0.863, -4.0752)
(1.0284, 4.3089, -2.9194)
(1.4422, 3.8438, -3.1751)
(1.7869, 3.3146, -3.45)
(2.1497, 2.7906, -3.7174)
(2.4416, 2.2422, -4.009)
(2.5863, 1.661, -4.3291)
(2.6007, 1.1603, -4.6035)
(1.0122, 4.5777, -3.4573)
(1.5019, 4.1641, -3.6769)
(1.8972, 3.6597, -3.9313)
(2.2292, 3.1254, -4.2111)
(2.4463, 2.5542, -4.5243)
(2.5266, 1.96, -4.852)
(2.5061, 1.4555, -5.1265)
(0.9914, 4.7902, -3.9207)
(1.5485, 4.4327, -4.0979)
(1.9717, 3.9472, -4.3396)
(2.2552, 3.3946, -4.6371)
(2.4154, 2.8066, -4.9627)
(2.4641, 2.2067, -5.292)
(2.4316, 1.7018, -5.5611)
(2.2519, -1.959, 3.7703)
(2.7249, -2.1203, 3.5645)
(3.3649, -2.2629, 3.3588)
(4.0158, -2.4002, 3.1645)
(4.6567, -2.5303, 2.9403)
(5.3009, -2.6334, 2.7152)
(5.9544, -2.715, 2.5069)
(6.6019, -2.8043, 2.297)
(-6.2912, 0.7385, 4.829)
(-5.557, 0.8397, 2.979)
(-5.8502, 1.0085, 2.798)
(-6.1978, 0.8694, 2.8529)
(-6.4039, 0.6025, 3.3266)
(-6.4955, 0.447, 3.9006)
(-6.4497, 0.5049, 4.4726)
(-1.6175, -1.6383, 3.9824)
(-2.1555, -1.4113, 4.0652)
(-2.7957, -1.1606, 4.1618)
(-3.4347, -0.9006, 4.2526)
(-4.0673, -0.6221, 4.3229)
(-4.6898, -0.3198, 4.3652)
(-5.3064, -0.0078, 4.3934)
(-5.9239, 0.2848, 4.4341)
(-1.6985, -1.9561, 3.487)
(-2.3273, -1.7213, 3.5854)
(-2.9848, -1.4859, 3.6975)
(-3.6152, -1.2118, 3.786)
(-4.2253, -0.8916, 3.8355)
(-4.8187, -0.5409, 3.8532)
(-5.408, -0.1831, 3.8612)
(-5.9949, 0.1677, 3.8824)
(-0.6617, -2.756, 2.5273)
(-1.2261, -2.4887, 2.7486)
(-1.8218, -2.1732, 2.9282)
(-2.496, -1.9157, 3.0433)
(-3.1234, -1.6307, 3.1545)
(-3.685, -1.2542, 3.2393)
(-4.2148, -0.8319, 3.3078)
(-4.769, -0.4453, 3.3134)
(-5.3541, -0.0897, 3.2867)
(-5.9271, 0.2857, 3.3002)
(-0.7577, -2.7061, 2.0332)
(-1.3795, -2.4764, 2.1811)
(-2.0019, -2.2104, 2.3222)
(-2.6236, -1.9208, 2.4575)
(-3.1327, -1.5142, 2.6009)
(-3.5636, -1.0102, 2.736)
(-4.0232, -0.5159, 2.8461)
(-4.5703, -0.1356, 2.8406)
(-5.1771, 0.1777, 2.778)
(-5.7601, 0.5309, 2.7827)
(-0.8676, -2.6275, 1.4333)
(-1.5104, -2.4093, 1.5738)
(-2.1296, -2.1385, 1.718)
(-2.6863, -1.7767, 1.8761)
(-3.0652, -1.2652, 2.0692)
(-3.3639, -0.6882, 2.2742)
(-3.7797, -0.17, 2.4122)
(-4.3284, 0.2169, 2.4119)
(-4.9273, 0.5346, 2.3855)
(-5.461, 0.8125, 2.5395)
(-0.9689, -2.5272, 0.8359)
(-1.6214, -2.315, 0.9768)
(-2.237, -2.0282, 1.1263)
(-2.7529, -1.6053, 1.3)
(-3.0758, -1.0451, 1.515)
(-3.2928, -0.4305, 1.7543)
(-3.5914, 0.1549, 1.9553)
(-4.0796, 0.5754, 2.0828)
(-4.6624, 0.7775, 2.2548)
(-5.1658, 0.8342, 2.6219)
(-1.0623, -2.4072, 0.2446)
(-1.7218, -2.1953, 0.3854)
(-2.3379, -1.8955, 0.5384)
(-2.817, -1.4316, 0.7237)
(-3.0825, -0.8418, 0.9555)
(-3.2223, -0.2174, 1.2166)
(-3.3595, 0.3677, 1.4604)
(-1.137, -2.2463, -0.3379)
(-1.7881, -2.021, -0.1954)
(-2.3872, -1.7005, -0.0369)
(-2.7949, -1.2091, 0.1664)
(-2.976, -0.6126, 0.4164)
(-3.0676, -0.0089, 0.6872)
(-3.1338, 0.5058, 0.9246)
(-1.2052, -2.0722, -0.919)
(-1.8368, -1.8227, -0.7715)
(-2.3966, -1.4666, -0.6013)
(-2.7409, -0.9613, -0.3813)
(-2.8836, -0.3835, -0.1252)
(-2.9754, 0.1937, 0.1384)
(-3.0357, 0.6899, 0.3656)
(-1.2799, -1.9114, -1.5046)
(-1.893, -1.6348, -1.3502)
(-2.4108, -1.2367, -1.166)
(-2.7283, -0.7189, -0.9376)
(-2.8688, -0.1569, -0.6823)
(-2.9522, 0.4078, -0.4215)
(-2.9997, 0.8977, -0.1984)
(-1.3551, -1.7488, -2.09)
(-1.9498, -1.4435, -1.9276)
(-2.433, -1.0087, -1.7316)
(-2.7339, -0.4756, -1.4971)
(-2.8815, 0.0851, -1.2416)
(-2.9679, 0.6491, -0.9819)
(-3.0171, 1.1395, -0.7614)
(-1.427, -1.5775, -2.6731)
(-2.0025, -1.2449, -2.5028)
(-2.4547, -0.7786, -2.2968)
(-2.7413, -0.2258, -2.0572)
(-2.897, 0.3469, -1.8002)
(-2.9988, 0.9201, -1.5403)
(-3.0715, 1.4151, -1.3212)
(-1.4955, -1.3979, -3.2538)
(-2.0513, -1.0405, -3.076)
(-2.4738, -0.5478, -2.8617)
(-2.7454, 0.0257, -2.6174)
(-2.9072, 0.6187, -2.3583)
(-3.0288, 1.2071, -2.0974)
(-3.1351, 1.7067, -1.8793)
(-1.561, -1.2116, -3.8324)
(-2.0967, -0.8315, -3.6477)
(-2.4894, -0.3164, -3.4261)
(-2.7428, 0.2728, -3.1778)
(-2.9061, 0.8844, -2.9165)
(-3.0451, 1.4902, -2.6545)
(-3.1816, 1.9944, -2.438)
(-1.6242, -1.0199, -4.4093)
(-2.139, -0.6189, -4.2181)
(-2.5009, -0.0837, -3.9898)
(-2.7324, 0.5158, -3.738)
(-2.8906, 1.1365, -3.475)
(-3.037, 1.7534, -3.2123)
(-3.1868, 2.2629, -2.9968)
(-1.6854, -0.8238, -4.9845)
(-2.1784, -0.4031, -4.7873)
(-2.5078, 0.1506, -4.5529)
(-2.7143, 0.7587, -4.2975)
(-2.8614, 1.3826, -4.0329)
(-3.0057, 2.0025, -3.7696)
(-3.1542, 2.5154, -3.554)
(-1.7446, -0.6256, -5.5547)
(-2.2142, -0.1861, -5.3516)
(-2.5089, 0.3849, -5.1113)
(-2.6881, 1.0009, -4.8522)
(-2.8215, 1.6275, -4.5858)
(-2.9618, 2.2483, -4.3219)
(-3.1122, 2.7629, -4.1079)
(-1.7939, -0.4556, -6.0389)
(-2.2413, -0.0021, -5.8248)
(-2.5044, 0.5827, -5.5793)
(-2.6597, 1.2048, -5.3171)
(-2.7818, 1.8334, -5.0491)
(-2.9199, 2.4548, -4.7849)
(-3.0752, 2.9634, -4.5699)
(-1.5159, -1.3369, 4.3283)
(-1.9908, -1.0889, 4.4111)
(-2.623, -0.8272, 4.493)
(-3.2594, -0.5622, 4.5785)
(-3.8946, -0.2901, 4.6556)
(-4.5233, 0.0003, 4.7102)
(-5.1472, 0.3013, 4.747)
(-5.7741, 0.5819, 4.7905)
(-6.0845, 1.1995, 5.0033)
(-5.5528, 0.8231, 3.0377)
(-5.7342, 1.2541, 3.0352)
(-5.8394, 1.6804, 3.28)
(-5.8441, 1.9006, 3.8262)
(-5.8561, 1.9013, 4.4183)
(-5.9526, 1.6066, 4.8737)
(-1.129, -0.4328, 4.5117)
(-1.6829, -0.2439, 4.5129)
(-2.3156, 0.0033, 4.5793)
(-2.9463, 0.258, 4.6552)
(-3.5827, 0.5078, 4.6423)
(-4.2042, 0.7845, 4.6541)
(-4.815, 1.0876, 4.734)
(-5.4309, 1.3754, 4.8131)
(-0.8947, 0.0625, 4.3162)
(-1.5157, 0.3034, 4.3652)
(-2.1573, 0.5485, 4.4276)
(-2.7958, 0.7431, 4.4203)
(-3.4204, 0.9692, 4.3594)
(-4.0375, 1.248, 4.3482)
(-4.6691, 1.509, 4.3692)
(-5.3094, 1.7373, 4.3946)
(0.4733, 0.192, 3.5399)
(-0.1137, 0.3532, 3.7876)
(-0.7505, 0.5449, 3.9706)
(-1.4205, 0.7949, 4.0624)
(-2.0766, 0.9449, 4.0618)
(-2.7162, 1.0559, 3.954)
(-3.3429, 1.2364, 3.8715)
(-3.9839, 1.4227, 3.8499)
(-4.6279, 1.6357, 3.8287)
(-5.2772, 1.8227, 3.8165)
(0.4969, 0.5558, 3.1963)
(-0.1153, 0.7771, 3.3798)
(-0.75, 0.9922, 3.5275)
(-1.417, 1.1383, 3.5864)
(-2.0821, 1.185, 3.5394)
(-2.7091, 1.1932, 3.4235)
(-3.3426, 1.1898, 3.3304)
(-3.9963, 1.2865, 3.2804)
(-4.6291, 1.5175, 3.2378)
(-5.2771, 1.6797, 3.234)
(0.5266, 0.9894, 2.7708)
(-0.1179, 1.1854, 2.9154)
(-0.7769, 1.3442, 3.021)
(-1.4518, 1.3942, 3.047)
(-2.1125, 1.3412, 2.9963)
(-2.7385, 1.2162, 2.8745)
(-3.3622, 1.0359, 2.7736)
(-3.9825, 1.0887, 2.7154)
(-4.612, 1.2969, 2.6936)
(-5.2373, 1.3334, 2.8249)
(0.5337, 1.3642, 2.2964)
(-0.1282, 1.5249, 2.4138)
(-0.8062, 1.614, 2.4815)
(-1.49, 1.6105, 2.4894)
(-2.1376, 1.4465, 2.43)
(-2.7274, 1.1703, 2.3097)
(-3.3295, 0.9028, 2.2017)
(-3.9596, 0.8897, 2.2013)
(-4.5673, 0.9943, 2.3709)
(-5.1261, 0.9114, 2.7123)
(0.5001, 1.6404, 1.7589)
(-0.1636, 1.797, 1.8734)
(-0.8436, 1.8451, 1.925)
(-1.527, 1.7866, 1.9152)
(-2.1594, 1.5832, 1.8521)
(-2.6871, 1.1904, 1.7447)
(-3.1731, 0.8138, 1.6367)
(0.4364, 1.8357, 1.1895)
(-0.2215, 2.0059, 1.311)
(-0.8927, 2.0904, 1.3804)
(-1.5561, 2.0133, 1.3642)
(-2.1468, 1.7496, 1.282)
(-2.6307, 1.3274, 1.1738)
(-2.9996, 0.9136, 1.0751)
(0.4017, 2.0969, 0.6584)
(-0.249, 2.2828, 0.7921)
(-0.9145, 2.3734, 0.8585)
(-1.5492, 2.2443, 0.8154)
(-2.0902, 1.9169, 0.7142)
(-2.5465, 1.4871, 0.6084)
(-2.902, 1.0847, 0.5099)
(0.4341, 2.5032, 0.2175)
(-0.2253, 2.6598, 0.3264)
(-0.891, 2.6482, 0.3301)
(-1.4953, 2.4168, 0.2427)
(-2.0047, 2.0554, 0.1382)
(-2.4575, 1.6357, 0.036)
(-2.8376, 1.2684, -0.06)
(0.4786, 2.9265, -0.2103)
(-0.1959, 2.9961, -0.165)
(-0.8464, 2.8542, -0.2302)
(-1.412, 2.5344, -0.3444)
(-1.9142, 2.1606, -0.4511)
(-2.3999, 1.7821, -0.5484)
(-2.8297, 1.477, -0.6335)
(0.5003, 3.2983, -0.6861)
(-0.1619, 3.2574, -0.6978)
(-0.7757, 2.9934, -0.8119)
(-1.3305, 2.6344, -0.9392)
(-1.8652, 2.2881, -1.0448)
(-2.4132, 1.9847, -1.1236)
(-2.8899, 1.741, -1.1934)
(0.5065, 3.618, -1.1977)
(-0.1283, 3.4676, -1.2563)
(-0.7166, 3.1377, -1.3951)
(-1.3056, 2.8132, -1.5138)
(-1.9023, 2.5355, -1.5948)
(-2.5012, 2.2881, -1.6538)
(-2.986, 2.0484, -1.736)
(0.4975, 3.909, -1.7288)
(-0.1276, 3.709, -1.8066)
(-0.7232, 3.3889, -1.9387)
(-1.3535, 3.1251, -2.0255)
(-1.9965, 2.9, -2.0774)
(-2.6067, 2.6413, -2.1547)
(-3.0666, 2.3538, -2.2796)
(0.4716, 4.2055, -2.2581)
(-0.1662, 4.0222, -2.3205)
(-0.7876, 3.745, -2.4223)
(-1.439, 3.5208, -2.4784)
(-2.0861, 3.2906, -2.538)
(-2.671, 2.9768, -2.6645)
(-3.0938, 2.6374, -2.8286)
(0.4333, 4.5016, -2.7861)
(-0.2257, 4.3765, -2.8043)
(-0.8726, 4.1482, -2.8674)
(-1.5257, 3.928, -2.9217)
(-2.1482, 3.6547, -3.0194)
(-2.6897, 3.2818, -3.1915)
(-3.0739, 2.903, -3.3791)
(0.3885, 4.7747, -3.3208)
(-0.2859, 4.7252, -3.2868)
(-0.9505, 4.544, -3.3146)
(-1.5915, 4.3027, -3.3883)
(-2.1794, 3.9756, -3.5285)
(-2.6834, 3.5599, -3.7292)
(-3.0435, 3.1594, -3.9296)
(0.345, 4.9908, -3.7815)
(-0.334, 5.0154, -3.6932)
(-1.0051, 4.8652, -3.7005)
(-1.6276, 4.5884, -3.803)
(-2.1874, 4.2203, -3.9724)
(-2.6721, 3.7839, -4.1854)
(-3.0215, 3.376, -4.3852)
(-1.3204, -0.8614, 4.5422)
(-1.8412, -0.718, 4.5501)
(-2.4777, -0.4686, 4.6204)
(-3.1151, -0.2103, 4.7044)
(-3.7527, 0.0522, 4.7549)
(-4.3782, 0.3394, 4.8039)
(-4.9928, 0.6475, 4.8699)
(-5.6079, 0.9459, 4.9326)
