(-1.1782, -0.6619, -5.9044)
(-0.6194, -0.6162, -5.6473)
(-0.146, -0.9956, -5.6137)
(0.4591, -1.1451, -5.5944)
(1.047, -0.8536, -5.6415)
(-1.2547, -0.9136, -5.5566)
(-0.7473, -0.7704, -5.2718)
(1.6057, -0.5123, -5.6422)
(-0.2169, -1.0033, -5.203)
(1.9689, -0.3028, -5.5562)
(0.4278, -1.0669, -5.19)
(1.0759, -0.8782, -5.2398)
(1.6357, -0.5663, -5.2182)
(2.0773, -0.3211, -5.2309)
(-1.3316, -1.227, -5.0941)
(-0.865, -0.9741, -4.8065)
(-0.272, -0.915, -4.7079)
(0.3658, -0.8577, -4.7304)
(1.0455, -0.7671, -4.7644)
(1.6379, -0.5965, -4.6739)
(2.1023, -0.624, -4.6953)
(-1.3663, -1.5449, -4.6002)
(-0.7863, -1.3435, -4.3997)
(-0.159, -1.1585, -4.2522)
(0.4653, -1.0736, -4.2962)
(1.0844, -0.9368, -4.3414)
(1.5932, -0.7125, -4.232)
(2.0715, -0.928, -4.166)
(-1.3942, -1.859, -4.1118)
(-0.7391, -1.8072, -4.0709)
(-0.0861, -1.6313, -3.9548)
(0.5113, -1.4438, -3.9031)
(0.896, -1.0397, -4.0128)
(1.3111, -0.7517, -4.1556)
(1.669, -0.4861, -4.328)
(-1.3894, -2.0645, -3.5559)
(-0.7338, -2.1348, -3.5896)
(-0.0901, -1.9542, -3.4918)
(0.4782, -1.676, -3.3955)
(0.836, -1.2264, -3.487)
(1.246, -0.8756, -3.653)
(1.5115, -0.6807, -3.7179)
(-1.3524, -2.2112, -2.972)
(-0.7254, -2.3475, -3.0338)
(-0.1247, -2.119, -2.956)
(0.4405, -1.8298, -2.8983)
(0.9161, -1.5467, -3.016)
(1.2798, -1.11, -3.0162)
(1.4733, -0.7007, -2.9288)
(-1.276, -2.3076, -2.379)
(-0.6597, -2.5305, -2.4783)
(-0.0171, -2.438, -2.5188)
(0.565, -2.1839, -2.5204)
(1.0469, -1.824, -2.511)
(1.4632, -1.4075, -2.4701)
(1.7883, -1.0753, -2.433)
(-1.1744, -2.3633, -1.7821)
(-0.5666, -2.6291, -1.8941)
(0.0911, -2.6128, -1.9711)
(0.6915, -2.397, -1.9938)
(1.2122, -2.0604, -1.9723)
(1.689, -1.7049, -1.9514)
(2.051, -1.4165, -1.9321)
(-1.0689, -2.4139, -1.1857)
(-0.475, -2.7195, -1.3037)
(0.1822, -2.7266, -1.3873)
(0.8027, -2.5293, -1.4197)
(1.3826, -2.2683, -1.43)
(1.9175, -1.9856, -1.4384)
(2.3194, -1.7455, -1.4359)
(-0.986, -2.5045, -0.5938)
(-0.388, -2.862, -0.7243)
(0.2838, -2.9455, -0.8363)
(0.9432, -2.7625, -0.8903)
(1.5709, -2.516, -0.9193)
(2.1544, -2.2642, -0.94)
(2.593, -2.0599, -0.9437)
(-0.9088, -2.5939, -0.0139)
(-0.2957, -2.9877, -0.1457)
(0.3883, -3.1669, -0.2843)
(1.0927, -3.036, -0.3848)
(1.766, -2.7939, -0.4366)
(2.4016, -2.5461, -0.4592)
(2.897, -2.3434, -0.4462)
(-0.7363, -2.5032, 0.5441)
(-0.1375, -2.9061, 0.4229)
(0.5158, -3.1855, 0.2909)
(1.2248, -3.1795, 0.1663)
(1.9255, -3.0277, 0.0744)
(2.6203, -2.8464, 0.0092)
(3.3957, -2.6244, 0.0137)
(-0.542, -2.372, 1.1034)
(0.0447, -2.7491, 0.9774)
(0.6821, -3.0149, 0.8412)
(1.3681, -3.1185, 0.7142)
(4.0225, -2.9103, 0.3338)
(2.0634, -3.14, 0.5848)
(2.7583, -3.1104, 0.4423)
(4.6131, -3.3036, 0.4959)
(3.4551, -3.0791, 0.3186)
(5.1299, -3.591, 0.8772)
(4.109, -3.0992, 0.3051)
(-0.3505, -2.2496, 1.6731)
(0.2274, -2.5998, 1.5317)
(0.8515, -2.8327, 1.3604)
(5.4501, -3.5663, 0.8475)
(1.5093, -2.9338, 1.1834)
(4.6427, -3.1194, 0.5154)
(2.1802, -3.0037, 1.0214)
(2.8577, -3.0557, 0.8682)
(5.1782, -3.2576, 0.7476)
(3.5374, -3.1032, 0.7213)
(5.6347, -3.3586, 0.7648)
(4.1749, -3.1782, 0.5701)
(-0.1602, -2.1454, 2.2273)
(0.4132, -2.516, 2.1102)
(1.0128, -2.8671, 1.9003)
(4.6717, -3.2926, 0.3943)
(1.6319, -3.1159, 1.6417)
(2.2633, -3.2931, 1.3943)
(5.2314, -3.2883, 0.3896)
(2.9081, -3.419, 1.1594)
(-0.0019, -2.0569, 2.6677)
(5.7072, -3.2587, 0.3651)
(3.5619, -3.5083, 0.9307)
(4.2177, -3.5594, 0.7513)
(1.2844, -2.7682, 2.4126)
(0.6285, -2.323, 2.7528)
(4.8327, -3.5822, 0.6498)
(1.8802, -3.1175, 2.1498)
(2.4758, -3.4178, 1.8937)
(5.3827, -3.6796, 0.44)
(3.0842, -3.6553, 1.6296)
(5.8026, -3.6848, 0.2244)
(3.7149, -3.8121, 1.3637)
(4.3822, -3.8789, 1.1481)
(1.1709, -2.3905, 3.046)
(1.6267, -2.6816, 2.8704)
(5.0316, -3.9463, 1.0049)
(2.1868, -3.0137, 2.6421)
(2.772, -3.3399, 2.3967)
(5.5983, -4.0602, 0.781)
(3.3636, -3.6451, 2.1415)
(5.9663, -4.1714, 0.4933)
(3.9802, -3.9061, 1.8734)
(4.6476, -4.0944, 1.5989)
(1.5522, -2.2643, 3.3956)
(1.9658, -2.467, 3.2371)
(5.2375, -4.3152, 1.3531)
(2.5079, -2.7776, 3.031)
(3.0846, -3.1072, 2.7997)
(5.7545, -4.5002, 1.0946)
(3.664, -3.4391, 2.566)
(1.8489, -2.1438, 3.5232)
(6.146, -4.6215, 0.8501)
(4.2592, -3.7672, 2.3291)
(2.1813, -2.1823, 3.4854)
(2.754, -2.5221, 3.2723)
(4.8807, -4.0752, 2.0565)
(3.3255, -2.8604, 3.0592)
(5.436, -4.4115, 1.8029)
(3.8921, -3.1928, 2.829)
(4.4538, -3.5605, 2.6556)
(5.9179, -4.6847, 1.5551)
(5.0246, -3.8307, 2.3647)
(6.2654, -4.8518, 1.3165)
(5.5729, -4.2012, 2.1284)
(6.2077, -4.7968, 1.6555)
(6.1337, -4.5726, 1.9212)
(1.7842, 2.7199, -4.2737)
(2.07, 2.0964, -4.279)
(2.3445, 1.4963, -4.2696)
(2.5992, 1.0116, -4.6258)
(2.7702, 0.5908, -5.0813)
(1.8105, 2.6338, -3.9176)
(2.2126, 2.1027, -4.0621)
(2.5074, 0.1515, -5.3946)
(2.5677, 1.5385, -4.1991)
(2.2224, -0.1479, -5.4956)
(2.8113, 0.9609, -4.4266)
(2.8109, 0.4028, -4.7311)
(2.4692, -0.0414, -5.0086)
(2.0971, -0.3162, -5.2269)
(1.5334, 2.3029, -3.6361)
(1.9282, 1.8082, -3.8646)
(2.3439, 1.3047, -3.9593)
(2.6586, 0.7321, -4.0388)
(2.7516, 0.1425, -4.2491)
(2.468, -0.3306, -4.5194)
(2.1226, -0.629, -4.6982)
(1.3352, 1.957, -3.3006)
(1.8014, 1.5332, -3.4867)
(2.2377, 1.1498, -3.5026)
(2.4673, 0.583, -3.5392)
(2.5437, 0.0158, -3.7868)
(2.3429, -0.4898, -4.069)
(2.0917, -0.9186, -4.1608)
(1.5043, 1.9805, -2.8556)
(1.8948, 1.5909, -3.0752)
(1.9863, 1.0482, -3.1277)
(2.1003, 0.503, -3.1415)
(2.1465, 0.1273, -3.5557)
(1.9873, -0.3041, -3.8775)
(1.6893, -0.4861, -4.3021)
(1.7381, 2.2374, -2.4868)
(1.8848, 1.6724, -2.6224)
(1.8656, 1.011, -2.672)
(1.894, 0.4368, -2.6707)
(1.9279, 0.0783, -3.0851)
(1.8017, -0.3491, -3.424)
(1.5763, -0.63, -3.7154)
(1.9886, 2.2332, -1.9997)
(2.1802, 1.6254, -2.1863)
(2.208, 0.9726, -2.2872)
(2.1092, 0.4003, -2.2492)
(1.9178, -0.0358, -2.5088)
(1.7683, -0.5064, -2.7844)
(1.4642, -0.7612, -2.9441)
(2.1112, 2.073, -1.4422)
(2.3743, 1.4742, -1.6603)
(2.5304, 0.8488, -1.8639)
(2.5181, 0.2595, -2.0033)
(2.2593, -0.2487, -2.1287)
(2.0454, -0.7542, -2.3127)
(1.7903, -1.0963, -2.4518)
(2.0777, 1.8483, -0.8842)
(2.3687, 1.2601, -1.0994)
(2.577, 0.6485, -1.3236)
(2.6698, 0.0525, -1.5273)
(2.5429, -0.5147, -1.6894)
(2.311, -1.0399, -1.8326)
(2.0694, -1.4272, -1.9391)
(2.0008, 1.6147, -0.3292)
(2.2702, 1.0229, -0.5498)
(2.4741, 0.4103, -0.7783)
(2.6383, -0.1859, -0.9841)
(2.6713, -0.7741, -1.1746)
(2.5295, -1.3267, -1.3332)
(2.3404, -1.7454, -1.4396)
(1.8973, 1.3815, 0.2189)
(2.0958, 0.7726, -0.0265)
(2.283, 0.1542, -0.2641)
(2.5048, -0.4444, -0.4626)
(2.6812, -1.0337, -0.6486)
(2.7117, -1.6041, -0.8272)
(2.6149, -2.056, -0.9419)
(1.7503, 1.1395, 0.7514)
(1.9146, 0.5259, 0.4902)
(2.1363, -0.0811, 0.2569)
(2.3974, -0.6838, 0.0619)
(2.6624, -1.2731, -0.1228)
(2.8816, -1.8374, -0.3057)
(2.9339, -2.3281, -0.4303)
(1.6294, 0.9047, 1.2897)
(1.8911, 0.332, 1.0424)
(2.2313, -0.215, 0.8173)
(2.5213, -0.8073, 0.6207)
(2.827, -1.391, 0.424)
(3.1613, -1.9466, 0.217)
(3.4647, -2.6055, 0.0425)
(1.6119, 0.6873, 1.8462)
(2.0145, 0.2064, 1.61)
(2.4355, -0.2832, 1.3809)
(2.7678, -0.8451, 1.1703)
(4.0486, -2.9154, 0.3719)
(3.0983, -1.4097, 0.9632)
(3.5028, -1.9092, 0.728)
(4.6811, -3.3676, 0.5478)
(3.9294, -2.4025, 0.554)
(5.169, -3.6778, 0.9138)
(4.4291, -2.8154, 0.5684)
(1.6495, 0.4777, 2.4128)
(2.1296, 0.0628, 2.1908)
(2.6076, -0.3732, 1.9543)
(5.4348, -3.8287, 0.8744)
(3.0162, -0.8703, 1.7196)
(4.8792, -3.3038, 0.8285)
(3.3989, -1.3822, 1.4894)
(3.8481, -1.8241, 1.2348)
(5.358, -3.675, 0.8784)
(4.3109, -2.265, 1.032)
(5.726, -3.8709, 0.7132)
(4.8341, -2.6216, 0.9027)
(1.658, 0.2612, 2.9535)
(2.1636, -0.1415, 2.7789)
(2.7067, -0.5315, 2.5362)
(5.3014, -3.1084, 0.9805)
(3.2115, -0.9454, 2.2769)
(3.6783, -1.3716, 2.0145)
(5.7028, -3.4667, 0.8893)
(4.1551, -1.7834, 1.7593)
(1.5965, 0.0291, 3.3581)
(6.1189, -3.593, 0.5914)
(4.6546, -2.1798, 1.5533)
(5.182, -2.5623, 1.3995)
(2.7103, -0.8391, 3.0539)
(2.0222, -0.4814, 3.3905)
(5.696, -2.9808, 1.2955)
(3.2837, -1.1958, 2.8004)
(3.8138, -1.569, 2.5412)
(6.1249, -3.3225, 1.1358)
(4.3417, -1.9303, 2.2903)
(6.5908, -3.4954, 0.8828)
(4.9031, -2.2661, 2.0854)
(5.4493, -2.6875, 1.9434)
(2.1611, -1.0504, 3.554)
(2.6294, -1.3089, 3.3707)
(5.9657, -3.0568, 1.7984)
(3.1882, -1.6345, 3.1588)
(3.7517, -1.982, 2.9348)
(6.4857, -3.3776, 1.624)
(4.3087, -2.3265, 2.6982)
(6.9313, -3.5386, 1.4123)
(4.8699, -2.68, 2.4791)
(5.4395, -3.0841, 2.3682)
(2.0548, -1.5611, 3.6608)
(2.4346, -1.8077, 3.482)
(5.9885, -3.3916, 2.2143)
(2.9683, -2.128, 3.2862)
(3.5385, -2.4682, 3.0889)
(6.5702, -3.6944, 2.04)
(4.0968, -2.8063, 2.8667)
(2.0179, -1.9022, 3.6147)
(6.9899, -3.8676, 1.8629)
(4.6305, -3.1542, 2.631)
(2.1897, -2.1676, 3.4968)
(2.7589, -2.5031, 3.2819)
(5.1752, -3.5172, 2.4724)
(3.3289, -2.8421, 3.0727)
(5.7433, -3.851, 2.2634)
(3.8932, -3.169, 2.8335)
(4.4522, -3.5359, 2.655)
(6.3353, -4.1622, 2.0987)
(5.0036, -3.8152, 2.3484)
(6.7591, -4.3312, 2.0282)
(5.5281, -4.1438, 2.1326)
(6.4707, -4.5344, 2.0947)
(6.1503, -4.5593, 1.9396)
(-1.7028, -0.6903, -6.0652)
(-1.7666, -0.2395, -5.8185)
(-1.5572, 0.235, -5.4438)
(-1.6948, 0.8094, -5.214)
(-2.0249, 1.3966, -5.1191)
(-2.2376, 2.032, -4.9768)
(-1.7981, -0.9017, -5.6772)
(-1.9372, -0.4214, -5.4557)
(-1.7603, 0.0823, -5.0912)
(-2.2997, 2.6406, -4.7607)
(-1.8278, 0.664, -4.8243)
(-2.2477, 2.9913, -4.5299)
(-2.1084, 1.2597, -4.7156)
(-2.3455, 1.8815, -4.5819)
(-2.3784, 2.4832, -4.3626)
(-2.2662, 2.9461, -4.1912)
(-1.8863, -1.1571, -5.1692)
(-2.119, -0.6478, -4.969)
(-2.0211, -0.0784, -4.6271)
(-1.971, 0.5008, -4.3019)
(-2.1545, 1.0774, -4.1921)
(-2.459, 1.6675, -4.0666)
(-2.5078, 2.2627, -3.8522)
(-2.4035, 2.6994, -3.6444)
(-1.9588, -1.4006, -4.6185)
(-2.2682, -0.8969, -4.4442)
(-2.2143, -0.3168, -4.1383)
(-2.1375, 0.2479, -3.8097)
(-2.2528, 0.802, -3.7051)
(-2.5111, 1.4128, -3.5554)
(-2.5558, 2.0394, -3.4202)
(-2.4954, 2.437, -3.1031)
(-1.9924, -1.5958, -4.0517)
(-2.4131, -1.1019, -3.926)
(-2.5299, -0.5117, -3.7296)
(-2.4053, 0.0066, -3.4089)
(-2.2943, 0.5918, -3.2697)
(-2.2805, 1.1992, -3.1381)
(-2.2137, 1.8387, -3.2813)
(-2.0411, 2.3763, -3.5459)
(-1.9536, -1.7089, -3.4598)
(-2.3911, -1.1923, -3.3473)
(-2.6774, -0.5895, -3.2289)
(-2.7665, 0.0405, -3.09)
(-2.6271, 0.6602, -2.9699)
(-2.3358, 1.1103, -2.7804)
(-2.1427, 1.601, -2.8851)
(-2.0026, 2.0538, -3.0848)
(-1.8796, -1.7981, -2.8637)
(-2.3017, -1.2647, -2.7539)
(-2.6475, -0.6773, -2.6527)
(-2.8906, -0.0531, -2.5663)
(-2.9143, 0.5814, -2.4857)
(-2.6684, 1.1193, -2.3742)
(-2.2398, 1.5135, -2.3213)
(-1.8939, 1.7836, -2.2896)
(-1.7874, -1.8682, -2.2664)
(-2.2146, -1.3375, -2.1584)
(-2.5927, -0.7711, -2.0591)
(-2.8845, -0.1713, -1.9719)
(-2.9809, 0.4484, -1.8869)
(-2.8127, 1.02, -1.7848)
(-2.415, 1.4481, -1.6864)
(-2.1433, 1.8052, -1.6256)
(-1.6885, -1.9216, -1.6676)
(-2.1441, -1.4127, -1.5604)
(-2.5634, -0.8754, -1.4633)
(-2.877, -0.2906, -1.3749)
(-2.9772, 0.3231, -1.2803)
(-2.8545, 0.91, -1.1695)
(-2.5728, 1.4141, -1.0635)
(-2.3605, 1.82, -0.9941)
(-1.6016, -1.9797, -1.0687)
(-2.1067, -1.5087, -0.9633)
(-2.5731, -1.0031, -0.8706)
(-2.8899, -0.4155, -0.7805)
(-2.9716, 0.2141, -0.6796)
(-2.8871, 0.83, -0.5646)
(-2.7152, 1.3979, -0.4548)
(-2.5681, 1.8365, -0.3765)
(-1.5516, -2.0768, -0.4745)
(-2.1121, -1.6367, -0.3718)
(-2.6383, -1.1572, -0.2835)
(-2.9683, -0.5522, -0.1921)
(-3.0227, 0.119, -0.0888)
(-2.9636, 0.7785, 0.028)
(-2.8655, 1.3956, 0.1431)
(-2.7656, 1.8642, 0.235)
(-1.4968, -2.1649, 0.1047)
(-2.0834, -1.7306, 0.2126)
(-2.6567, -1.2685, 0.31)
(-3.0629, -0.6778, 0.3987)
(-3.1635, 0.0311, 0.4869)
(-3.1165, 0.7386, 0.5989)
(-3.0431, 1.4056, 0.726)
(-2.9605, 1.9221, 0.8507)
(-1.3191, -2.0836, 0.6602)
(-1.8997, -1.6609, 0.7724)
(-2.4766, -1.2268, 0.8792)
(-2.9656, -0.7136, 0.9788)
(-3.1671, -0.032, 1.0637)
(-3.2117, 0.6836, 1.1666)
(-3.2291, 1.3867, 1.2896)
(-3.23, 2.1695, 1.4885)
(-1.1122, -1.9655, 1.2198)
(-1.6789, -1.556, 1.3299)
(-2.2387, -1.1435, 1.4329)
(-2.7244, -0.6709, 1.5222)
(-2.991, -0.0538, 1.5911)
(-3.6093, 2.5192, 2.0558)
(-3.1985, 0.5935, 1.6947)
(-3.4234, 1.2385, 1.7728)
(-3.988, 2.7996, 2.6479)
(-3.6942, 1.8619, 1.793)
(-4.3178, 3.3459, 2.928)
(-0.9109, -1.8516, 1.7913)
(-3.9342, 2.445, 1.9685)
(-1.4697, -1.4465, 1.8992)
(-2.0308, -1.0467, 2.0004)
(-2.5805, -0.6274, 2.0832)
(-4.1518, 3.5933, 2.8666)
(-3.0417, -0.1229, 2.1133)
(-4.0341, 2.9534, 2.3567)
(-3.4363, 0.4384, 2.124)
(-3.7852, 1.0348, 2.1163)
(-4.0855, 3.3971, 2.76)
(-4.1203, 1.6415, 2.0913)
(-4.0934, 3.8117, 2.8974)
(-4.3803, 2.2686, 2.1325)
(-0.7221, -1.7497, 2.3305)
(-1.2675, -1.3368, 2.4497)
(-1.7936, -0.9032, 2.5624)
(-2.3628, -0.4508, 2.6169)
(-4.4575, 2.9026, 2.3053)
(-2.9191, 0.0098, 2.6473)
(-3.4307, 0.4938, 2.6586)
(-4.4125, 3.4761, 2.5426)
(-3.8928, 1.0175, 2.6392)
(-0.5946, -1.6856, 2.7128)
(-1.1203, -1.2652, 2.8985)
(-4.3921, 3.9453, 2.6696)
(-4.3117, 1.5752, 2.595)
(-4.669, 2.1628, 2.5677)
(-2.1414, -0.2279, 3.1407)
(-1.4999, -0.7899, 3.2057)
(-4.8718, 2.7899, 2.6318)
(-2.6904, 0.2586, 3.1441)
(-3.2266, 0.7259, 3.1656)
(-4.895, 3.4163, 2.7573)
(-3.7417, 1.2034, 3.1755)
(-4.8782, 3.8998, 2.8712)
(-4.2094, 1.7243, 3.1466)
(-4.6384, 2.2746, 3.1026)
(-1.6064, -0.3774, 3.6587)
(-2.0138, 0.0172, 3.6579)
(-5.0714, 2.7652, 3.1298)
(-2.5021, 0.4965, 3.6587)
(-3.0178, 0.9768, 3.6724)
(-5.2759, 3.3311, 3.1983)
(-3.5473, 1.4391, 3.6969)
(-5.353, 3.8087, 3.2487)
(-4.0649, 1.92, 3.7016)
(-4.5362, 2.4595, 3.6575)
(-1.4864, -0.0524, 4.0668)
(-1.8269, 0.2946, 4.0903)
(-5.0307, 2.9168, 3.6549)
(-2.3023, 0.7425, 4.122)
(-2.8124, 1.2176, 4.1437)
(-5.4674, 3.338, 3.7175)
(-3.3354, 1.6824, 4.1699)
(-1.4208, 0.2362, 4.2456)
(-5.7068, 3.7476, 3.7054)
(-3.8655, 2.1473, 4.1882)
(-1.5579, 0.5333, 4.322)
(-2.0858, 0.9781, 4.4048)
(-4.3769, 2.6413, 4.1398)
(-2.6153, 1.4268, 4.4654)
(-4.8979, 3.073, 4.1463)
(-3.1439, 1.8835, 4.5024)
(-3.6868, 2.3186, 4.5808)
(-5.3774, 3.467, 4.2221)
(-4.0951, 2.8301, 4.3502)
(-5.709, 3.7936, 4.2158)
(-4.6454, 3.247, 4.4057)
(-5.4746, 3.8033, 4.4544)
(-5.1415, 3.734, 4.4969)
(1.3542, 3.2383, -4.159)
(0.7982, 3.6183, -4.0157)
(0.1749, 3.8973, -3.9079)
(-0.4749, 4.1129, -3.8241)
(-1.1472, 4.1966, -3.8168)
(-1.7519, 4.0098, -3.9537)
(1.3458, 3.0989, -3.7419)
(0.7989, 3.4839, -3.5947)
(0.1761, 3.7582, -3.4914)
(-2.0953, 3.58, -4.248)
(-0.4855, 3.9354, -3.4217)
(-2.2485, 3.2153, -4.4046)
(-1.1593, 3.9912, -3.4279)
(-1.7523, 3.7739, -3.5825)
(-2.0955, 3.3412, -3.8833)
(-2.2617, 2.9606, -4.1768)
(1.1692, 2.7881, -3.3369)
(0.724, 3.2391, -3.1068)
(0.1559, 3.5495, -2.9635)
(-0.5007, 3.6684, -2.9237)
(-1.1504, 3.6798, -2.9856)
(-1.7404, 3.4568, -3.1164)
(-2.1425, 3.0627, -3.3884)
(-2.3962, 2.7127, -3.6297)
(0.9155, 2.4129, -3.0239)
(0.5167, 2.8723, -2.7209)
(0.0759, 3.2434, -2.4694)
(-0.5106, 3.2756, -2.5169)
(-1.0079, 3.2118, -2.7899)
(-1.5914, 3.0822, -2.8202)
(-2.0984, 2.7987, -3.0035)
(-2.4892, 2.4517, -3.0895)
(0.9687, 2.286, -2.5839)
(0.4517, 2.603, -2.3053)
(0.0118, 2.8635, -2.0798)
(-0.4657, 2.8156, -2.2829)
(-0.7652, 2.7688, -2.672)
(-1.2814, 2.7627, -2.8455)
(-1.7911, 2.5772, -3.058)
(-2.0095, 2.3229, -3.4453)
(1.2484, 2.5532, -2.233)
(0.6922, 2.6761, -1.9399)
(0.2287, 2.5549, -1.8333)
(-0.1709, 2.5391, -2.1316)
(-0.6421, 2.4682, -2.2883)
(-1.1643, 2.4519, -2.46)
(-1.6577, 2.2851, -2.6812)
(-1.9598, 2.0456, -2.9537)
(1.5454, 2.6189, -1.7639)
(1.004, 2.5814, -1.5431)
(0.5354, 2.3209, -1.6217)
(0.0011, 2.379, -1.7362)
(-0.5718, 2.2917, -1.817)
(-1.1213, 2.2224, -1.9308)
(-1.6285, 2.0458, -2.0923)
(-1.9534, 1.7908, -2.2882)
(1.7075, 2.4946, -1.2368)
(1.1519, 2.419, -1.0994)
(0.5359, 2.2469, -1.1564)
(-0.1061, 2.251, -1.23)
(-0.7126, 2.3365, -1.2948)
(-1.3, 2.3208, -1.393)
(-1.8174, 2.092, -1.5104)
(-2.1678, 1.8179, -1.6327)
(1.6508, 2.3306, -0.7116)
(1.0706, 2.5366, -0.6291)
(0.4175, 2.4467, -0.6401)
(-0.2381, 2.3177, -0.6777)
(-0.8673, 2.3065, -0.7388)
(-1.4675, 2.316, -0.818)
(-2.0, 2.11, -0.9115)
(-2.369, 1.8388, -0.998)
(1.5715, 2.1156, -0.1634)
(0.9932, 2.4478, -0.0803)
(0.3282, 2.5284, -0.0795)
(-0.3455, 2.4633, -0.1238)
(-0.9907, 2.3845, -0.1779)
(-1.6075, 2.293, -0.2366)
(-2.1657, 2.0957, -0.3116)
(-2.5661, 1.8571, -0.3762)
(1.5232, 1.9071, 0.4018)
(0.9475, 2.2413, 0.4852)
(0.2746, 2.3562, 0.4833)
(-0.4121, 2.3464, 0.4391)
(-1.0794, 2.2968, 0.3901)
(-1.7233, 2.212, 0.3402)
(-2.3193, 2.0726, 0.284)
(-2.7609, 1.8836, 0.2422)
(1.4698, 1.6984, 0.9663)
(0.9144, 2.0251, 1.0507)
(0.2395, 2.0849, 1.024)
(-0.4499, 2.0619, 0.9678)
(-1.1343, 2.058, 0.93)
(-1.8054, 2.0688, 0.9057)
(-2.4417, 2.0651, 0.8786)
(-2.9464, 1.9593, 0.8711)
(1.4067, 1.4748, 1.5257)
(0.8817, 1.8084, 1.6165)
(0.2135, 1.8362, 1.5729)
(-0.4688, 1.8546, 1.5205)
(-1.1531, 1.9283, 1.5033)
(-1.8304, 2.0303, 1.4927)
(-2.4877, 2.1771, 1.4731)
(-3.2254, 2.2338, 1.5272)
(1.3533, 1.2396, 2.0844)
(0.8487, 1.6076, 2.1861)
(0.1993, 1.7096, 2.1479)
(-0.4555, 1.8781, 2.1059)
(-1.1273, 2.0204, 2.0913)
(-3.6052, 2.5605, 2.0586)
(-1.7985, 2.1466, 2.083)
(-2.4254, 2.4002, 2.0433)
(-4.0243, 2.821, 2.773)
(-3.0292, 2.6689, 2.0788)
(-4.4048, 3.3644, 3.0067)
(1.2949, 0.9892, 2.6348)
(-3.5629, 2.899, 2.383)
(0.7996, 1.4129, 2.7461)
(0.1979, 1.7002, 2.7331)
(-0.4309, 1.9761, 2.6978)
(-4.5553, 3.3377, 2.6288)
(-1.0839, 2.1858, 2.6724)
(-3.9851, 3.1496, 2.8143)
(-1.7434, 2.3474, 2.6572)
(-2.3409, 2.6523, 2.6025)
(-4.3194, 3.36, 2.9028)
(-2.8657, 3.0279, 2.5732)
(-4.3933, 3.4774, 2.5278)
(-3.4053, 3.2651, 2.7753)
(1.188, 0.7068, 3.1139)
(0.6707, 1.1198, 3.2297)
(0.1208, 1.5002, 3.2941)
(-0.4664, 1.9055, 3.2892)
(-3.9407, 3.5528, 3.0194)
(-1.0786, 2.2546, 3.2581)
(-1.7058, 2.5351, 3.2224)
(-4.3744, 3.8234, 3.0331)
(-2.3022, 2.8657, 3.1738)
(1.0827, 0.4747, 3.4251)
(0.5282, 0.8357, 3.5818)
(-4.3458, 3.9912, 2.6796)
(-2.8417, 3.2732, 3.1494)
(-3.399, 3.6031, 3.2752)
(-0.6433, 1.6468, 3.8005)
(-0.0379, 1.0539, 3.8282)
(-3.8985, 3.927, 3.375)
(-1.2114, 2.0983, 3.7988)
(-1.792, 2.4964, 3.7856)
(-4.3701, 4.2997, 3.3494)
(-2.3787, 2.8794, 3.7583)
(-4.5005, 4.5008, 3.0285)
(-2.9514, 3.3005, 3.7521)
(-3.519, 3.745, 3.8234)
(-0.536, 0.9369, 4.1362)
(-0.9606, 1.3123, 4.154)
(-4.0345, 4.1706, 3.8801)
(-1.4818, 1.7516, 4.1808)
(-2.0277, 2.19, 4.2117)
(-4.4372, 4.5823, 3.8401)
(-2.5772, 2.6179, 4.2461)
(-4.7063, 4.7394, 3.5964)
(-3.1246, 3.0566, 4.2949)
(-3.6729, 3.538, 4.307)
(-0.9211, 0.6196, 4.3122)
(-1.3092, 0.9174, 4.3141)
(-4.1755, 4.0171, 4.3503)
(-1.8121, 1.333, 4.3582)
(-2.3412, 1.778, 4.4244)
(-4.5644, 4.4645, 4.3345)
(-2.8672, 2.2218, 4.5077)
(-1.2279, 0.4658, 4.3396)
(-4.8255, 4.779, 4.2144)
(-3.3864, 2.6522, 4.5662)
(-1.5531, 0.5537, 4.3302)
(-2.0814, 0.998, 4.4148)
(-3.8925, 3.0796, 4.4397)
(-2.6115, 1.4444, 4.4785)
(-4.4041, 3.5835, 4.4689)
(-3.1381, 1.8954, 4.5181)
(-3.6651, 2.3316, 4.6006)
(-4.8013, 4.0704, 4.5454)
(-4.0777, 2.8118, 4.3133)
(-4.9751, 4.4763, 4.6013)
(-4.6427, 3.1999, 4.3489)
(-5.0506, 4.1209, 4.5931)
(-5.1187, 3.7628, 4.5069)
(6.2508, -4.8549, 1.504)
(5.5613, -3.4778, 0.839)
(5.6767, -3.2562, 0.5767)
(5.7465, -3.4287, 0.2364)
(5.8784, -3.9332, 0.3296)
(6.0572, -4.4101, 0.6605)
(6.2241, -4.7729, 1.0833)
(-1.7508, -0.7915, -5.8822)
(-1.8435, -1.0265, -5.4353)
(-1.9254, -1.2828, -4.8956)
(-1.9835, -1.5076, -4.338)
(-1.9804, -1.6595, -3.7578)
(-1.9193, -1.7551, -3.1617)
(-1.8352, -1.8358, -2.5652)
(-1.7379, -1.8961, -1.9671)
(-1.6417, -1.9476, -1.3679)
(-1.5719, -2.0226, -0.7706)
(-1.5344, -2.135, -0.1819)
(-1.4198, -2.1403, 0.3839)
(-1.2149, -2.0237, 0.9384)
(-1.0114, -1.9082, 1.5043)
(-0.8111, -1.7969, 2.0753)
(-0.6525, -1.7141, 2.5365)
(-1.5479, -0.9656, -5.6581)
(-1.618, -1.2553, -5.1709)
(-1.6756, -1.5267, -4.6368)
(-1.7069, -1.7652, -4.0927)
(-1.6866, -1.9153, -3.5116)
(-1.6314, -2.0278, -2.919)
(-1.5451, -2.1058, -2.3225)
(-1.4418, -2.1563, -1.7241)
(-1.3405, -2.2043, -1.126)
(-1.2702, -2.2926, -0.5322)
(-1.2038, -2.3797, 0.0468)
(-1.0284, -2.2937, 0.6025)
(-0.8278, -2.1699, 1.1624)
(-0.6314, -2.0533, 1.7342)
(-0.4423, -1.9506, 2.2772)
(-0.3057, -1.8789, 2.6744)
(-1.4749, -0.7252, -6.0262)
(-0.8841, -0.5941, -5.7578)
(-0.3882, -0.7838, -5.6133)
(0.1461, -1.1304, -5.6016)
(0.7571, -1.0327, -5.6148)
(1.3379, -0.6734, -5.6494)
(1.821, -0.3816, -5.6218)
(6.1681, -4.6952, 1.7914)
(5.8533, -4.3869, 2.0248)
(5.2987, -4.0159, 2.2466)
(4.7392, -3.6956, 2.5101)
(4.173, -3.3767, 2.7423)
(3.6088, -3.0266, 2.9441)
(3.0397, -2.6912, 3.1658)
(2.4676, -2.3522, 3.3789)
(2.0103, -2.1487, 3.5146)
(1.8646, -0.4473, -5.2107)
(1.3715, -0.7206, -5.2355)
(0.7582, -0.9986, -5.2155)
(0.096, -1.0735, -5.1907)
(-0.4951, -0.8653, -5.2158)
(-0.9912, -0.8122, -5.4044)
(1.8774, -0.5884, -4.6703)
(1.3597, -0.6733, -4.7208)
(0.7065, -0.8239, -4.7598)
(0.0425, -0.8914, -4.7103)
(-0.5841, -0.9247, -4.7306)
(-1.0957, -1.1018, -4.9494)
(1.8129, -0.7349, -4.2272)
(1.3545, -0.807, -4.2866)
(0.7817, -1.0241, -4.3376)
(0.1533, -1.1105, -4.2567)
(-0.4771, -1.2362, -4.3047)
(-1.0752, -1.4653, -4.5105)
(1.511, -0.6549, -4.198)
(1.098, -0.8721, -4.0919)
(0.7167, -1.2524, -3.9423)
(0.2344, -1.5563, -3.9112)
(-0.4122, -1.7194, -4.015)
(-1.0685, -1.8648, -4.1046)
(1.4024, -0.7571, -3.6869)
(1.0418, -1.0303, -3.5775)
(0.6658, -1.4585, -3.4186)
(0.2178, -1.8339, -3.4284)
(-0.4086, -2.0629, -3.5531)
(-1.0661, -2.1382, -3.5869)
(1.4098, -0.9171, -2.9925)
(1.1133, -1.3344, -3.0319)
(0.6915, -1.702, -2.9529)
(0.1651, -1.9687, -2.9067)
(-0.42, -2.2628, -3.0077)
(-1.0432, -2.3263, -3.0168)
(1.631, -1.2303, -2.4501)
(1.2659, -1.6128, -2.4928)
(0.8158, -2.0164, -2.5186)
(0.2859, -2.3249, -2.5218)
(-0.3358, -2.5161, -2.5059)
(-0.9774, -2.4565, -2.4336)
(1.8811, -1.5534, -1.9421)
(1.4612, -1.8776, -1.961)
(0.958, -2.2382, -1.9856)
(0.4024, -2.5245, -1.9895)
(-0.237, -2.6534, -1.9386)
(-0.8815, -2.5276, -1.8403)
(2.1311, -1.8601, -1.4385)
(1.6628, -2.1251, -1.4349)
(1.0958, -2.4036, -1.4257)
(0.4994, -2.6429, -1.4086)
(-0.1481, -2.7592, -1.3518)
(-0.7819, -2.5958, -1.2466)
(2.3888, -2.1556, -0.9432)
(1.876, -2.3872, -0.9314)
(1.2597, -2.6413, -0.906)
(0.6182, -2.8743, -0.8694)
(-0.0569, -2.9439, -0.786)
(-0.6954, -2.705, -0.6588)
(2.6729, -2.4403, -0.4578)
(2.0941, -2.6663, -0.4516)
(1.4327, -2.9197, -0.4155)
(0.7425, -3.1301, -0.341)
(0.0389, -3.1159, -0.2168)
(-0.6092, -2.8045, -0.0778)
(5.3002, -3.5957, 0.8581)
(4.8715, -3.4473, 0.6865)
(4.3178, -3.1069, 0.4148)
(3.7091, -2.7674, 0.1738)
(2.9761, -2.7556, -0.0061)
(2.2725, -2.9372, 0.0379)
(1.5773, -3.1123, 0.1165)
(0.8674, -3.2135, 0.2256)
(0.1806, -3.0749, 0.3577)
(-0.4412, -2.7104, 0.4847)
(5.4152, -3.3151, 0.777)
(4.9138, -3.1814, 0.6498)
(4.3828, -3.1003, 0.3887)
(3.7955, -3.0879, 0.2874)
(3.1073, -3.0892, 0.3743)
(2.4105, -3.1297, 0.5142)
(1.7159, -3.1366, 0.651)
(1.0215, -3.0829, 0.7767)
(0.3561, -2.9016, 0.9093)
(-0.2529, -2.5685, 1.042)
(5.4804, -3.2726, 0.3841)
(4.9498, -3.3026, 0.3791)
(4.427, -3.2417, 0.4702)
(3.8725, -3.133, 0.6518)
(3.1974, -3.0787, 0.7932)
(2.5185, -3.0316, 0.9442)
(1.8437, -2.9703, 1.1006)
(1.1777, -2.8936, 1.2708)
(0.5337, -2.7345, 1.4487)
(-0.066, -2.435, 1.6062)
(5.6043, -3.6936, 0.3294)
(5.1216, -3.6312, 0.5555)
(4.531, -3.5647, 0.7038)
(3.8923, -3.5406, 0.8288)
(3.2336, -3.4676, 1.0431)
(2.5844, -3.3616, 1.2762)
(1.946, -3.2115, 1.5156)
(1.3205, -3.0041, 1.7724)
(0.7098, -2.6995, 2.0163)
(0.124, -2.3321, 2.1764)
(5.8002, -4.1172, 0.641)
(5.3357, -4.0002, 0.9055)
(4.7116, -3.9073, 1.0769)
(4.0468, -3.8521, 1.2448)
(3.395, -3.7459, 1.4945)
(2.778, -3.5452, 1.7632)
(2.1774, -3.2749, 2.0215)
(1.5819, -2.9472, 2.2811)
(0.984, -2.5785, 2.5473)
(0.3153, -2.2095, 2.6882)
(5.9616, -4.5659, 0.9704)
(5.5092, -4.4164, 1.2245)
(4.9529, -4.2025, 1.4749)
(4.3157, -4.0022, 1.7338)
(3.6646, -3.7853, 2.0095)
(3.0667, -3.4956, 2.2705)
(2.4791, -3.1793, 2.5203)
(1.8971, -2.8448, 2.7614)
(1.3889, -2.5319, 2.9631)
(6.1037, -4.7769, 1.4348)
(5.6912, -4.5617, 1.6785)
(5.1672, -4.2436, 1.9272)
(4.5726, -3.9197, 2.1941)
(3.9571, -3.606, 2.451)
(3.3738, -3.2725, 2.6821)
(2.796, -2.9429, 2.9168)
(2.2247, -2.6129, 3.1395)
(1.747, -2.3553, 3.3205)
(1.3796, -2.3417, 3.2345)
(1.8037, -2.588, 3.0706)
(2.3522, -2.9071, 2.8552)
(2.9333, -3.2345, 2.6163)
(3.5189, -3.5567, 2.3716)
(4.1263, -3.8584, 2.1166)
(4.7751, -4.1177, 1.8372)
(5.3418, -4.4076, 1.5785)
(5.8364, -4.6381, 1.319)
(0.918, -2.3851, 2.8767)
(1.4509, -2.7295, 2.6494)
(2.029, -3.0779, 2.4034)
(2.6174, -3.4006, 2.1529)
(3.2155, -3.679, 1.8907)
(3.839, -3.8876, 1.6199)
(4.5103, -4.0061, 1.3713)
(5.1334, -4.1473, 1.169)
(5.6808, -4.2876, 0.9298)
(-0.0779, -2.1, 2.4584)
(0.5226, -2.4492, 2.3929)
(1.1345, -2.8291, 2.1624)
(1.7418, -3.1449, 1.8918)
(2.3528, -3.3917, 1.6314)
(2.9779, -3.5735, 1.3731)
(3.6188, -3.6902, 1.1182)
(4.2818, -3.7353, 0.926)
(4.9316, -3.7545, 0.8313)
(5.4926, -3.8682, 0.6035)
(-0.253, -2.195, 1.96)
(0.3169, -2.5572, 1.8218)
(0.9253, -2.8448, 1.6296)
(1.563, -3.0069, 1.4079)
(2.2154, -3.1196, 1.2018)
(2.8784, -3.2036, 1.0115)
(3.5462, -3.2736, 0.8282)
(4.1902, -3.3469, 0.6564)
(4.7386, -3.4302, 0.4815)
(5.2924, -3.465, 0.3521)
(-0.4467, -2.3091, 1.3865)
(0.1367, -2.667, 1.2517)
(0.7699, -2.9016, 1.1006)
(1.4431, -2.9998, 0.9566)
(2.1283, -3.053, 0.8164)
(2.8155, -3.0727, 0.6693)
(3.5032, -3.0848, 0.5288)
(4.1478, -3.1201, 0.4291)
(4.6483, -3.1729, 0.4345)
(5.2004, -3.2195, 0.5643)
(-0.6385, -2.4367, 0.8227)
(-0.0471, -2.8304, 0.7018)
(0.5954, -3.1174, 0.5715)
(1.2943, -3.1809, 0.4473)
(1.9958, -3.1218, 0.3342)
(2.6964, -3.0162, 0.2251)
(3.4126, -2.9319, 0.166)
(4.0646, -3.0299, 0.2778)
(4.6274, -3.1727, 0.5407)
(5.1467, -3.3837, 0.8219)
(-0.8319, -2.5659, 0.2667)
(-0.2236, -2.9684, 0.1404)
(0.4474, -3.205, 0.0029)
(1.1595, -3.1296, -0.1144)
(1.8502, -2.9164, -0.1847)
(2.5194, -2.6885, -0.2207)
(3.1464, -2.4839, -0.2162)
(-0.9544, -2.5635, -0.3013)
(-0.3471, -2.9421, -0.4346)
(0.335, -3.0708, -0.5632)
(1.0194, -2.9056, -0.6399)
(1.6707, -2.6566, -0.6784)
(2.278, -2.4052, -0.6985)
(2.745, -2.2016, -0.695)
(-1.0233, -2.4526, -0.8889)
(-0.4304, -2.7843, -1.0133)
(0.2321, -2.824, -1.1087)
(0.8695, -2.6322, -1.1487)
(1.4741, -2.3854, -1.1694)
(2.0343, -2.1244, -1.1868)
(2.4562, -1.9027, -1.1898)
(-1.1204, -2.3862, -1.4836)
(-0.5203, -2.6698, -1.5979)
(0.1364, -2.6631, -1.6766)
(0.7454, -2.4588, -1.7039)
(1.2965, -2.1639, -1.6993)
(1.8028, -1.8466, -1.6937)
(2.1852, -1.581, -1.684)
(-1.2271, -2.3388, -2.0807)
(-0.6141, -2.5879, -2.1894)
(0.0416, -2.5475, -2.2594)
(0.6332, -2.3143, -2.2757)
(1.1273, -1.9468, -2.2438)
(1.5757, -1.5584, -2.2103)
(1.9197, -1.2459, -2.1826)
(-1.3186, -2.2657, -2.6763)
(-0.6991, -2.446, -2.7574)
(-0.083, -2.2736, -2.7371)
(0.4895, -1.9991, -2.7114)
(0.9766, -1.6933, -2.7711)
(1.3568, -1.2551, -2.734)
(1.6308, -0.888, -2.6809)
(-1.3753, -2.1434, -3.2653)
(-0.7342, -2.2478, -3.3135)
(-0.1173, -2.0304, -3.2154)
(0.4459, -1.7377, -3.1312)
(0.8658, -1.3814, -3.2445)
(1.25, -0.9815, -3.3277)
(1.4924, -0.6907, -3.3234)
(-1.3963, -1.9742, -3.8414)
(-0.7341, -1.9919, -3.8496)
(-0.0784, -1.824, -3.7479)
(0.5027, -1.5826, -3.6615)
(0.8403, -1.1119, -3.7623)
(1.2517, -0.7973, -3.9575)
(1.5903, -0.5834, -4.023)
(-1.382, -1.7096, -4.3603)
(-0.753, -1.5795, -4.2412)
(-0.1113, -1.3917, -4.1031)
(0.5014, -1.2641, -4.1057)
(1.0025, -0.9966, -4.1881)
(1.4543, -0.7354, -4.1981)
(1.8703, -0.7071, -4.247)
(-1.3522, -1.385, -4.8457)
(-0.8393, -1.137, -4.5877)
(-0.2265, -0.9885, -4.4598)
(0.405, -0.9152, -4.5047)
(1.0783, -0.8334, -4.5353)
(1.6418, -0.6547, -4.4053)
(2.0869, -0.776, -4.4307)
(-1.2965, -1.0659, -5.3368)
(-0.8233, -0.8579, -5.0435)
(-0.2597, -0.945, -4.9627)
(0.3852, -0.9415, -4.9637)
(1.054, -0.8082, -5.0066)
(1.6363, -0.5742, -4.9567)
(2.0898, -0.4726, -4.9631)
(-1.2153, -0.7816, -5.741)
(-0.679, -0.6919, -5.4693)
(-0.1784, -1.0162, -5.4165)
(0.4511, -1.1293, -5.3979)
(1.0711, -0.8876, -5.4483)
(1.6243, -0.5447, -5.4417)
(2.0429, -0.2929, -5.4151)
(1.7019, -2.189, 3.4894)
(2.0976, -2.3416, 3.3632)
(2.6387, -2.6484, 3.1639)
(3.2121, -2.9816, 2.9406)
(3.7852, -3.3179, 2.7145)
(4.3653, -3.6604, 2.4977)
(4.9591, -3.975, 2.2288)
(5.511, -4.3299, 1.9825)
(5.9952, -4.6447, 1.7495)
(6.617, -4.468, 2.0797)
(5.5725, -3.8871, 0.8069)
(5.907, -3.7424, 0.6191)
(6.3566, -3.5176, 0.6868)
(6.789, -3.4928, 1.1376)
(7.0017, -3.6667, 1.6683)
(6.8963, -4.1115, 1.9693)
(1.3631, 3.1831, -3.9528)
(1.2815, 2.9642, -3.5276)
(1.0253, 2.5918, -3.1859)
(0.8999, 2.2948, -2.8066)
(1.0943, 2.4059, -2.4063)
(1.4047, 2.6234, -2.0153)
(1.6534, 2.5676, -1.5012)
(1.6962, 2.4175, -0.9752)
(1.6066, 2.2265, -0.4408)
(1.5456, 2.0096, 0.1183)
(1.4984, 1.8041, 0.6848)
(1.4382, 1.5885, 1.2464)
(1.3784, 1.3581, 1.8051)
(1.3286, 1.1189, 2.3626)
(1.2451, 0.8466, 2.8922)
(1.1339, 0.585, 3.2845)
(1.5876, 2.8754, -3.8302)
(1.354, 2.5472, -3.4854)
(1.1205, 2.184, -3.1679)
(1.2423, 2.1366, -2.7209)
(1.5235, 2.4223, -2.3729)
(1.7937, 2.4692, -1.89)
(1.9298, 2.3337, -1.3371)
(1.8843, 2.1133, -0.7895)
(1.8076, 1.8806, -0.2372)
(1.7377, 1.6618, 0.3216)
(1.6396, 1.4366, 0.8711)
(1.5379, 1.2031, 1.4177)
(1.4884, 0.9665, 1.9731)
(1.4715, 0.7297, 2.5298)
(1.4243, 0.4827, 3.0362)
(1.3447, 0.2609, 3.381)
(1.5892, 2.9964, -4.2258)
(1.9365, 2.4142, -4.2924)
(2.2079, 1.7854, -4.2471)
(2.4716, 1.2397, -4.4088)
(2.7238, 0.8021, -4.8621)
(2.6764, 0.3649, -5.2589)
(2.3463, -0.0195, -5.4856)
(6.3137, -4.557, 2.0379)
(5.8392, -4.3516, 2.0361)
(5.2658, -3.9795, 2.2405)
(4.7279, -3.6756, 2.5017)
(4.1727, -3.3525, 2.7443)
(3.611, -3.0056, 2.9531)
(3.0439, -2.6726, 3.1773)
(2.4743, -2.3354, 3.3894)
(2.0865, -2.0384, 3.5594)
(2.2847, -0.2018, -5.1133)
(2.6638, 0.1616, -4.8797)
(2.855, 0.6739, -4.575)
(2.7098, 1.2505, -4.2995)
(2.3985, 1.8232, -4.1249)
(2.0174, 2.3747, -3.9948)
(2.2898, -0.493, -4.6182)
(2.6413, -0.1165, -4.389)
(2.7488, 0.4316, -4.1274)
(2.5194, 1.0266, -3.9893)
(2.1407, 1.5617, -3.9243)
(1.7242, 2.0555, -3.7667)
(2.196, -0.6726, -4.1693)
(2.4718, -0.2554, -3.935)
(2.5332, 0.2944, -3.6432)
(2.3749, 0.882, -3.5005)
(2.0373, 1.3534, -3.5089)
(1.5635, 1.7356, -3.4131)
(1.8626, -0.4532, -4.0357)
(2.0881, -0.0917, -3.7341)
(2.1451, 0.3098, -3.3238)
(2.0375, 0.7577, -3.1009)
(1.959, 1.3342, -3.1256)
(1.7351, 1.8034, -2.9796)
(1.6948, -0.5068, -3.5596)
(1.8847, -0.1366, -3.2756)
(1.9227, 0.2508, -2.8486)
(1.8711, 0.6968, -2.6401)
(1.8786, 1.343, -2.665)
(1.8507, 1.9802, -2.566)
(1.6565, -0.668, -2.8887)
(1.8442, -0.2792, -2.6576)
(2.0139, 0.1795, -2.3503)
(2.175, 0.6674, -2.2547)
(2.2101, 1.2967, -2.26)
(2.1127, 1.9441, -2.0978)
(1.9222, -0.9419, -2.3872)
(2.1478, -0.5122, -2.2196)
(2.4006, 0.0028, -2.0603)
(2.5567, 0.5438, -1.9409)
(2.4664, 1.1615, -1.7678)
(2.2574, 1.7802, -1.5505)
(2.1894, -1.2458, -1.89)
(2.4321, -0.7904, -1.7643)
(2.6297, -0.2335, -1.612)
(2.6466, 0.347, -1.4302)
(2.4824, 0.9544, -1.2121)
(2.2363, 1.5603, -0.9889)
(2.4361, -1.5481, -1.391)
(2.6153, -1.0632, -1.2601)
(2.6774, -0.4804, -1.0816)
(2.5656, 0.1102, -0.8837)
(2.376, 0.7158, -0.6658)
(2.1503, 1.3256, -0.4355)
(2.6749, -1.8395, -0.8901)
(2.7159, -1.3295, -0.7432)
(2.6064, -0.7384, -0.5551)
(2.3928, -0.1476, -0.3672)
(2.1845, 0.4619, -0.1496)
(2.0084, 1.0817, 0.0996)
(2.9345, -2.0898, -0.3759)
(2.7853, -1.5623, -0.2182)
(2.531, -0.98, -0.0298)
(2.2647, -0.3835, 0.156)
(2.0169, 0.2216, 0.3682)
(1.8327, 0.833, 0.6208)
(5.3014, -3.7544, 0.9045)
(4.925, -3.5227, 0.7308)
(4.3649, -3.1415, 0.4598)
(3.7567, -2.7605, 0.2072)
(3.3132, -2.24, 0.1277)
(2.9958, -1.6686, 0.3188)
(2.6684, -1.1036, 0.5243)
(2.381, -0.5071, 0.7167)
(2.0614, 0.0609, 0.9263)
(1.7442, 0.6122, 1.1634)
(5.5544, -3.7867, 0.8103)
(5.1229, -3.5139, 0.8906)
(4.6551, -3.0576, 0.6949)
(4.1786, -2.608, 0.525)
(3.7087, -2.1634, 0.6267)
(3.2953, -1.6625, 0.8453)
(2.9256, -1.1342, 1.0697)
(2.6097, -0.5575, 1.273)
(2.2343, -0.0303, 1.4943)
(1.7941, 0.4381, 1.7256)
(5.9081, -3.5486, 0.7552)
(5.5048, -3.3183, 0.9679)
(5.079, -2.8583, 0.9357)
(4.5706, -2.4385, 0.9439)
(4.0744, -2.053, 1.128)
(3.6185, -1.6061, 1.3602)
(3.203, -1.1323, 1.6073)
(2.8199, -0.6151, 1.8352)
(2.3766, -0.1471, 2.0743)
(1.8762, 0.2621, 2.3012)
(6.3519, -3.4236, 1.0169)
(5.9142, -3.1711, 1.2279)
(5.448, -2.7712, 1.347)
(4.9155, -2.3683, 1.4686)
(4.4015, -1.9846, 1.6497)
(3.9141, -1.5795, 1.8832)
(3.4465, -1.159, 2.1463)
(2.9658, -0.7353, 2.4066)
(2.4354, -0.3349, 2.6641)
(1.9035, 0.0546, 2.8716)
(6.7162, -3.4734, 1.5213)
(6.2303, -3.2312, 1.716)
(5.7076, -2.8789, 1.8738)
(5.1809, -2.4735, 2.0102)
(4.6203, -2.0921, 2.1795)
(4.0743, -1.7549, 2.4127)
(3.5527, -1.3814, 2.6711)
(3.0017, -1.0144, 2.9281)
(2.4071, -0.6688, 3.1848)
(1.833, -0.2174, 3.3571)
(6.7974, -3.7947, 1.9517)
(6.2881, -3.5505, 2.1275)
(5.71, -3.2443, 2.2984)
(5.1573, -2.8865, 2.4185)
(4.5874, -2.4962, 2.5776)
(4.0304, -2.1556, 2.8185)
(3.4719, -1.8078, 3.0479)
(2.9017, -1.465, 3.2676)
(2.3863, -1.1735, 3.4649)
(6.5647, -4.2606, 2.0557)
(6.0502, -4.0182, 2.169)
(5.4526, -3.6856, 2.3719)
(4.9011, -3.3373, 2.5499)
(4.3646, -2.9775, 2.7421)
(3.8207, -2.6372, 2.9828)
(3.2539, -2.2982, 3.1885)
(2.6871, -1.9607, 3.3852)
(2.2303, -1.6775, 3.5732)
(2.1203, -1.3233, 3.6249)
(2.5393, -1.5679, 3.4472)
(3.0845, -1.8886, 3.2474)
(3.6537, -2.2311, 3.0412)
(4.2125, -2.5722, 2.8132)
(4.7569, -2.9263, 2.5825)
(5.3158, -3.3121, 2.4592)
(5.8794, -3.627, 2.2787)
(6.473, -3.9311, 2.1067)
(2.1325, -0.7637, 3.4651)
(2.684, -1.0592, 3.2409)
(3.257, -1.397, 3.0076)
(3.8075, -1.7546, 2.764)
(4.3545, -2.1036, 2.5192)
(4.9244, -2.4435, 2.3094)
(5.4868, -2.8619, 2.1866)
(6.0165, -3.1946, 2.0416)
(6.5735, -3.5041, 1.8667)
(1.6333, 0.1465, 3.1687)
(2.136, -0.2865, 3.0564)
(2.719, -0.6632, 2.8124)
(3.2669, -1.0446, 2.5503)
(3.7693, -1.4394, 2.2842)
(4.2708, -1.8257, 2.0304)
(4.8034, -2.1863, 1.8258)
(5.3368, -2.5934, 1.6744)
(5.8527, -2.9879, 1.5361)
(6.3263, -3.3201, 1.3648)
(1.6619, 0.3712, 2.6954)
(2.159, -0.0283, 2.4886)
(2.6684, -0.4389, 2.2466)
(3.1246, -0.8936, 1.998)
(3.5487, -1.3625, 1.75)
(4.0105, -1.7897, 1.4936)
(4.4879, -2.2113, 1.2876)
(5.0153, -2.5707, 1.1358)
(5.5111, -3.0246, 1.1084)
(5.9109, -3.3737, 0.9748)
(1.6292, 0.5824, 2.1284)
(2.0796, 0.1401, 1.8978)
(2.5292, -0.3225, 1.6655)
(2.8955, -0.8564, 1.4439)
(3.247, -1.4001, 1.2276)
(3.6773, -1.8671, 0.9806)
(4.1251, -2.3308, 0.7866)
(4.6332, -2.7153, 0.7155)
(5.0761, -3.2152, 0.9026)
(5.5152, -3.5858, 0.8712)
(1.6086, 0.7941, 1.5661)
(1.9438, 0.2655, 1.3251)
(2.331, -0.2513, 1.0991)
(2.6387, -0.832, 0.8971)
(2.9559, -1.4089, 0.6955)
(3.3289, -1.9411, 0.4739)
(3.7194, -2.4794, 0.3288)
(4.2376, -2.8851, 0.4521)
(4.7498, -3.3422, 0.7141)
(5.2382, -3.6895, 0.8761)
(1.68, 1.0201, 1.0185)
(1.879, 0.4193, 0.7624)
(2.157, -0.161, 0.5341)
(2.4325, -0.7607, 0.3394)
(2.7222, -1.3482, 0.1493)
(3.008, -1.9115, -0.0434)
(3.1993, -2.4668, -0.1939)
(1.8265, 1.2609, 0.4861)
(1.995, 0.646, 0.2294)
(2.188, 0.0281, -0.0078)
(2.4317, -0.5734, -0.2039)
(2.6598, -1.1628, -0.3875)
(2.7896, -1.731, -0.5678)
(2.7744, -2.1921, -0.6861)
(1.9544, 1.4989, -0.0534)
(2.191, 0.899, -0.2852)
(2.3847, 0.2833, -0.5189)
(2.5795, -0.3136, -0.7212)
(2.6887, -0.9031, -0.911)
(2.6259, -1.4677, -1.0818)
(2.4777, -1.9007, -1.1908)
(2.0413, 1.731, -0.6064)
(2.3289, 1.1434, -0.8218)
(2.539, 0.5327, -1.0468)
(2.67, -0.0635, -1.2537)
(2.6243, -0.6456, -1.4366)
(2.4242, -1.1838, -1.5834)
(2.2049, -1.5863, -1.6893)
(2.1071, 1.9649, -1.1624)
(2.3892, 1.3721, -1.3801)
(2.5829, 0.7556, -1.6026)
(2.6289, 0.161, -1.7926)
(2.4225, -0.38, -1.9238)
(2.1884, -0.8956, -2.0789)
(1.9299, -1.2617, -2.1954)
(2.0721, 2.1641, -1.7235)
(2.3068, 1.5602, -1.9339)
(2.3987, 0.9224, -2.0897)
(2.3231, 0.3434, -2.1307)
(2.0657, -0.1302, -2.3058)
(1.8842, -0.6208, -2.5334)
(1.6273, -0.9288, -2.6979)
(1.8686, 2.27, -2.2603)
(2.0094, 1.6649, -2.4084)
(2.0005, 0.9985, -2.4722)
(1.9528, 0.4233, -2.4355)
(1.8827, 0.0286, -2.7826)
(1.753, -0.4191, -3.0986)
(1.5202, -0.6956, -3.3297)
(1.6198, 2.1157, -2.6711)
(1.8758, 1.6446, -2.8494)
(1.8755, 1.0235, -2.9032)
(1.9523, 0.4653, -2.9155)
(2.0108, 0.1231, -3.3567)
(1.8714, -0.2947, -3.695)
(1.6328, -0.5581, -4.0087)
(1.3896, 1.9172, -3.0771)
(1.8513, 1.5336, -3.2838)
(2.1276, 1.0932, -3.3129)
(2.2936, 0.5402, -3.3364)
(2.3457, 0.0677, -3.6696)
(2.1685, -0.4047, -3.97)
(1.8905, -0.7024, -4.2314)
(1.3941, 2.1033, -3.4849)
(1.8225, 1.6379, -3.6919)
(2.2844, 1.2127, -3.7361)
(2.5742, 0.6423, -3.7845)
(2.6756, 0.0451, -3.9913)
(2.4375, -0.4541, -4.2643)
(2.1071, -0.7738, -4.4295)
(1.6956, 2.4939, -3.7728)
(2.095, 1.9829, -3.9761)
(2.476, 1.4364, -4.1115)
(2.7607, 0.8547, -4.2582)
(2.7957, 0.2732, -4.5044)
(2.47, -0.1807, -4.7752)
(2.1098, -0.4726, -4.9625)
(1.8274, 2.699, -4.0877)
(2.1865, 2.128, -4.1639)
(2.5053, 1.547, -4.2447)
(2.7423, 1.0058, -4.5413)
(2.7983, 0.5056, -4.918)
(2.4832, 0.0653, -5.2108)
(2.1465, -0.241, -5.3927)
(2.012, -1.7493, 3.6534)
(2.3331, -2.0056, 3.4903)
(2.8602, -2.328, 3.2925)
(3.4301, -2.6666, 3.0908)
(3.9904, -3.0023, 2.868)
(4.5311, -3.3493, 2.6436)
(5.0737, -3.6817, 2.4303)
(5.6322, -4.0206, 2.2083)
(6.2156, -4.3486, 2.0536)
(1.5439, -0.6554, -3.7167)
(1.6792, -0.4861, -4.315)
(2.0872, -0.3187, -5.2289)
(5.1494, -3.6344, 0.8955)
(4.6471, -3.3356, 0.5218)
(3.4302, -2.615, 0.0281)
(2.9155, -2.3357, -0.4382)
(4.0356, -2.9128, 0.3529)
(2.0602, -1.4218, -1.9356)
(1.7893, -1.0858, -2.4424)
(6.142, -4.5659, 1.9304)
(2.0816, -0.9233, -4.1634)
(5.5505, -4.1725, 2.1305)
(5.0141, -3.823, 2.3566)
(4.453, -3.5482, 2.6553)
(3.8926, -3.1809, 2.8313)
(2.6039, -2.058, -0.9428)
(3.3272, -2.8512, 3.066)
(2.7564, -2.5126, 3.2771)
(1.4688, -0.7309, -2.9364)
(2.1855, -2.1749, 3.4911)
(2.1124, -0.6265, -4.6968)
(2.3299, -1.7454, -1.4378)
(-5.6111, 3.8092, 4.372)
(-4.0899, 3.7078, 2.9049)
(-4.2018, 3.8979, 2.775)
(-4.6273, 3.9387, 2.7175)
(-5.1219, 3.8545, 3.0528)
(-5.562, 3.7669, 3.4627)
(-5.7502, 3.7641, 3.9754)
(-1.9294, -0.6933, -5.6014)
(-2.0569, -0.9338, -5.0959)
(-2.164, -1.1762, -4.5513)
(-2.2347, -1.3708, -3.9942)
(-2.1892, -1.4651, -3.4039)
(-2.1015, -1.5407, -2.8082)
(-2.0085, -1.6093, -2.2115)
(-1.9209, -1.6715, -1.6129)
(-1.8565, -1.747, -1.0143)
(-1.8319, -1.8583, -0.4209)
(-1.7891, -1.9484, 0.16)
(-1.6093, -1.8726, 0.7169)
(-1.3958, -1.7605, 1.2757)
(-1.1903, -1.6487, 1.8461)
(-0.9985, -1.5453, 2.3884)
(-0.8687, -1.4831, 2.7896)
(-1.7975, -0.4997, -5.9832)
(-1.6512, -0.0026, -5.6251)
(-1.5781, 0.5122, -5.3055)
(-1.8597, 1.1012, -5.1612)
(-2.1516, 1.7087, -5.0598)
(-2.2879, 2.3522, -4.8721)
(-2.2755, 2.8643, -4.653)
(-5.3138, 3.7747, 4.4875)
(-4.8935, 3.4905, 4.4513)
(-4.3703, 3.0385, 4.378)
(-3.8909, 2.5743, 4.4655)
(-3.4153, 2.1011, 4.5416)
(-2.8796, 1.6552, 4.4839)
(-2.3505, 1.2024, 4.4351)
(-1.8219, 0.7557, 4.3634)
(-1.4722, 0.3834, 4.2883)
(-2.3369, 2.7218, -4.2607)
(-2.3862, 2.1963, -4.4766)
(-2.2467, 1.5667, -4.6605)
(-1.9574, 0.9612, -4.7599)
(-1.7535, 0.3645, -4.936)
(-1.8501, -0.169, -5.2744)
(-2.4613, 2.4962, -3.746)
(-2.5173, 1.9769, -3.9645)
(-2.3184, 1.3676, -4.1421)
(-2.0324, 0.7896, -4.2301)
(-1.9726, 0.21, -4.4444)
(-2.0889, -0.3615, -4.8081)
(-2.5009, 2.2718, -3.3329)
(-2.5672, 1.7404, -3.4857)
(-2.3874, 1.0977, -3.6371)
(-2.1662, 0.5223, -3.7437)
(-2.1603, -0.0315, -3.955)
(-2.2687, -0.6065, -4.3055)
(-2.158, 2.1049, -3.3615)
(-2.2558, 1.527, -3.1886)
(-2.2844, 0.8902, -3.1855)
(-2.3364, 0.2918, -3.3279)
(-2.4824, -0.2509, -3.562)
(-2.5109, -0.8041, -3.8466)
(-2.067, 1.8362, -2.9663)
(-2.226, 1.3509, -2.8045)
(-2.4826, 0.8947, -2.8588)
(-2.7253, 0.3659, -3.0396)
(-2.7493, -0.2785, -3.1564)
(-2.5559, -0.8969, -3.2913)
(-2.074, 1.6732, -2.312)
(-2.4537, 1.3315, -2.3392)
(-2.8258, 0.8679, -2.4287)
(-2.9347, 0.269, -2.5293)
(-2.7889, -0.3695, -2.6071)
(-2.4837, -0.9761, -2.7018)
(-2.2602, 1.63, -1.6542)
(-2.6188, 1.2498, -1.7318)
(-2.9346, 0.7482, -1.8377)
(-2.962, 0.1387, -1.9306)
(-2.7561, -0.4753, -2.0142)
(-2.4101, -1.0582, -2.1073)
(-2.4561, 1.625, -1.0261)
(-2.7177, 1.1752, -1.1129)
(-2.9434, 0.6236, -1.2264)
(-2.9559, 0.0157, -1.3294)
(-2.7412, -0.5889, -1.4188)
(-2.3606, -1.1486, -1.5104)
(-2.6371, 1.6297, -0.413)
(-2.804, 1.1268, -0.5066)
(-2.9456, 0.5248, -0.6232)
(-2.9576, -0.1017, -0.7319)
(-2.7582, -0.7187, -0.8261)
(-2.3503, -1.2638, -0.9158)
(-2.8149, 1.6454, 0.1915)
(-2.9167, 1.1005, 0.0876)
(-3.0004, 0.451, -0.0316)
(-3.0215, -0.2186, -0.1422)
(-2.8377, -0.8694, -0.239)
(-2.3881, -1.4084, -0.3268)
(-3.0065, 1.6881, 0.79)
(-3.08, 1.0836, 0.6617)
(-3.1483, 0.3876, 0.5399)
(-3.1451, -0.3303, 0.4411)
(-2.894, -0.9921, 0.3553)
(-2.3787, -1.5093, 0.2625)
(-4.2323, 3.4714, 2.8789)
(-4.1529, 3.0727, 2.788)
(-3.7987, 2.6594, 2.3519)
(-3.4196, 2.3443, 1.7722)
(-3.2418, 1.7396, 1.3634)
(-3.2196, 1.037, 1.2258)
(-3.1987, 0.3269, 1.1121)
(-3.0991, -0.3874, 1.0212)
(-2.7476, -0.9888, 0.9309)
(-2.1901, -1.4476, 0.8264)
(-4.0934, 3.6061, 2.8546)
(-4.0641, 3.1812, 2.5804)
(-3.9974, 2.7089, 2.1429)
(-3.8278, 2.1609, 1.8523)
(-3.5553, 1.5538, 1.7785)
(-3.3059, 0.9173, 1.7434)
(-3.0948, 0.2701, 1.64)
(-2.8784, -0.3749, 1.5552)
(-2.5034, -0.9227, 1.4809)
(-1.9609, -1.3519, 1.3824)
(-4.3977, 3.7196, 2.6181)
(-4.4396, 3.202, 2.4293)
(-4.4419, 2.5882, 2.2027)
(-4.2679, 1.9522, 2.0979)
(-3.9559, 1.3366, 2.1019)
(-3.6138, 0.7341, 2.1237)
(-3.246, 0.1523, 2.12)
(-2.8222, -0.3852, 2.1033)
(-2.3124, -0.8444, 2.0469)
(-1.7494, -1.2462, 1.9506)
(-4.8868, 3.6722, 2.8165)
(-4.8978, 3.1143, 2.6923)
(-4.7949, 2.4709, 2.5879)
(-4.5031, 1.8648, 2.5737)
(-4.1074, 1.2926, 2.6187)
(-3.6676, 0.7508, 2.6529)
(-3.1811, 0.2475, 2.6562)
(-2.6457, -0.2221, 2.6339)
(-2.0748, -0.6785, 2.5957)
(-1.5283, -1.1228, 2.511)
(-5.321, 3.5813, 3.2259)
(-5.2017, 3.0472, 3.1636)
(-4.8695, 2.5174, 3.1068)
(-4.4216, 2.0048, 3.1204)
(-3.9832, 1.4566, 3.1662)
(-3.4881, 0.9611, 3.1742)
(-2.9607, 0.4933, 3.154)
(-2.4157, 0.0179, 3.1396)
(-1.8632, -0.4817, 3.1498)
(-1.3374, -1.0279, 3.0337)
(-5.6051, 3.5437, 3.7203)
(-5.269, 3.1291, 3.6876)
(-4.7814, 2.6984, 3.6454)
(-4.3019, 2.1913, 3.6815)
(-3.8115, 1.6716, 3.7053)
(-3.2815, 1.2091, 3.6845)
(-2.7584, 0.7396, 3.6636)
(-2.2501, 0.2501, 3.6574)
(-1.8026, -0.1885, 3.6584)
(-5.5569, 3.6366, 4.2286)
(-5.1522, 3.2765, 4.1862)
(-4.6366, 2.8644, 4.1302)
(-4.1219, 2.3965, 4.1666)
(-3.6019, 1.9111, 4.1858)
(-3.0718, 1.4518, 4.1552)
(-2.5565, 0.9805, 4.1337)
(-2.0521, 0.5088, 4.1064)
(-1.6439, 0.1118, 4.0774)
(-1.559, -0.2065, 3.8849)
(-1.9288, 0.1548, 3.8954)
(-2.4055, 0.619, 3.9087)
(-2.9148, 1.1, 3.9225)
(-3.4412, 1.5637, 3.9471)
(-3.9702, 2.0342, 3.9613)
(-4.4684, 2.5518, 3.9212)
(-4.9771, 2.9956, 3.9201)
(-5.4542, 3.3894, 3.9902)
(-1.59, -0.5716, 3.4218)
(-2.0749, -0.1098, 3.4026)
(-2.5927, 0.3788, 3.3995)
(-3.1201, 0.8525, 3.4174)
(-3.646, 1.319, 3.4377)
(-4.1399, 1.8188, 3.4263)
(-4.5898, 2.3654, 3.3807)
(-5.0708, 2.8292, 3.3902)
(-5.4032, 3.3193, 3.4501)
(-1.1885, -1.2972, 2.6838)
(-1.6763, -0.8345, 2.8475)
(-2.2416, -0.3411, 2.8786)
(-2.8046, 0.1307, 2.8973)
(-3.338, 0.5991, 2.9171)
(-3.8344, 1.0949, 2.9116)
(-4.2809, 1.633, 2.8701)
(-4.68, 2.1978, 2.8297)
(-5.0042, 2.7561, 2.8725)
(-5.1042, 3.3678, 2.9644)
(-1.3643, -1.3887, 2.1837)
(-1.9138, -0.9779, 2.2827)
(-2.4827, -0.5534, 2.3536)
(-3.009, -0.0832, 2.3829)
(-3.4743, 0.4346, 2.3833)
(-3.8824, 0.9958, 2.3597)
(-4.2577, 1.5802, 2.3245)
(-4.5634, 2.1922, 2.3264)
(-4.6849, 2.8447, 2.4293)
(-4.6563, 3.4601, 2.5971)
(-1.574, -1.5025, 1.6132)
(-2.1349, -1.0999, 1.7157)
(-2.6479, -0.6577, 1.8025)
(-3.0067, -0.0973, 1.8497)
(-3.3107, 0.5074, 1.9074)
(-3.606, 1.1278, 1.9401)
(-3.918, 1.7423, 1.9226)
(-4.1545, 2.3638, 2.0118)
(-4.216, 2.9457, 2.2902)
(-4.2, 3.4485, 2.6294)
(-1.7881, -1.6082, 1.0501)
(-2.3552, -1.1856, 1.1556)
(-2.8433, -0.6941, 1.2513)
(-3.069, -0.0384, 1.3323)
(-3.1882, 0.6497, 1.444)
(-3.3084, 1.3294, 1.552)
(-3.4824, 1.9867, 1.6651)
(-3.7575, 2.4892, 1.9949)
(-3.9714, 2.9091, 2.4708)
(-4.1236, 3.3498, 2.8385)
(-2.0061, -1.7106, 0.4947)
(-2.5865, -1.262, 0.5982)
(-3.0433, -0.7094, 0.6931)
(-3.1976, -0.0076, 0.7786)
(-3.1851, 0.7129, 0.883)
(-3.1399, 1.407, 1.0115)
(-3.0952, 2.0458, 1.1696)
(-2.1126, -1.6992, -0.0773)
(-2.6665, -1.228, 0.0141)
(-3.0271, -0.6214, 0.1029)
(-3.0928, 0.0741, 0.199)
(-3.0355, 0.7592, 0.3151)
(-2.9506, 1.4, 0.4365)
(-2.8631, 1.8931, 0.5428)
(-2.1063, -1.57, -0.667)
(-2.6018, -1.0789, -0.5776)
(-2.9198, -0.4824, -0.486)
(-2.9841, 0.1653, -0.382)
(-2.9157, 0.8013, -0.2658)
(-2.7879, 1.3948, -0.1542)
(-2.6669, 1.8504, -0.0708)
(-2.1198, -1.4567, -1.2613)
(-2.5613, -0.9354, -1.166)
(-2.8781, -0.352, -1.077)
(-2.9719, 0.2664, -0.9793)
(-2.8688, 0.8661, -0.8661)
(-2.6443, 1.4045, -0.7579)
(-2.4643, 1.8283, -0.6853)
(-2.1764, -1.3739, -1.8596)
(-2.5743, -0.8211, -1.7612)
(-2.879, -0.23, -1.6733)
(-2.9815, 0.3842, -1.5826)
(-2.8379, 0.9613, -1.475)
(-2.4978, 1.427, -1.372)
(-2.2519, 1.8126, -1.3099)
(-2.2566, -1.3013, -2.4565)
(-2.618, -0.724, -2.3565)
(-2.8927, -0.1144, -2.2702)
(-2.9677, 0.5143, -2.1914)
(-2.7672, 1.081, -2.095)
(-2.3238, 1.4803, -2.0071)
(-2.0186, 1.7944, -1.9576)
(-2.3482, -1.2277, -3.0505)
(-2.6745, -0.6301, -2.9457)
(-2.859, 0.0114, -2.8512)
(-2.7969, 0.6423, -2.754)
(-2.5005, 1.1177, -2.5959)
(-2.1793, 1.5433, -2.6153)
(-1.9482, 1.9187, -2.6872)
(-2.4208, -1.1566, -3.6428)
(-2.6334, -0.5579, -3.4939)
(-2.5966, 0.0121, -3.2592)
(-2.4353, 0.6163, -3.122)
(-2.2544, 1.1359, -2.9564)
(-2.1374, 1.7116, -3.1209)
(-2.0218, 2.2151, -3.3154)
(-2.352, -1.0119, -4.1889)
(-2.3704, -0.4288, -3.9335)
(-2.2521, 0.1001, -3.593)
(-2.2564, 0.6652, -3.4707)
(-2.401, 1.295, -3.3353)
(-2.3953, 1.9436, -3.347)
(-2.2682, 2.4066, -3.3245)
(-2.1936, -0.7726, -4.7055)
(-2.1118, -0.1925, -4.3746)
(-2.0477, 0.3867, -4.0464)
(-2.2094, 0.9477, -3.943)
(-2.5167, 1.5408, -3.8021)
(-2.5751, 2.1466, -3.5999)
(-2.4494, 2.5682, -3.3737)
(-2.0307, -0.5292, -5.225)
(-1.8953, 0.009, -4.8715)
(-1.8981, 0.5894, -4.5716)
(-2.127, 1.179, -4.4598)
(-2.3995, 1.7828, -4.3345)
(-2.4362, 2.3788, -4.1169)
(-2.3348, 2.8228, -3.9178)
(-1.8496, -0.3267, -5.6484)
(-1.65, 0.1573, -5.2773)
(-1.7605, 0.7365, -5.0329)
(-2.0728, 1.3303, -4.9303)
(-2.2918, 1.9619, -4.791)
(-2.335, 2.5679, -4.5725)
(-2.2479, 3.0008, -4.3711)
(-1.4312, 0.0928, 4.1804)
(-1.7166, 0.4262, 4.225)
(-2.1952, 0.862, 4.2788)
(-2.7128, 1.3256, 4.3173)
(-3.2378, 1.7862, 4.3512)
(-3.7654, 2.2434, 4.3758)
(-4.2542, 2.7298, 4.2854)
(-4.7797, 3.1609, 4.3002)
(-5.2599, 3.5681, 4.3765)
(-5.0206, 4.2964, 4.6298)
(-4.4912, 3.3665, 2.5412)
(-4.3401, 3.7033, 2.5776)
(-4.405, 4.2725, 2.8268)
(-4.6105, 4.6484, 3.2915)
(-4.7691, 4.7957, 3.9156)
(-4.9016, 4.6561, 4.4558)
(1.083, 3.3036, -3.6625)
(0.9613, 3.0235, -3.2103)
(0.7149, 2.6428, -2.874)
(0.6992, 2.4406, -2.4483)
(0.9636, 2.6473, -2.0819)
(1.271, 2.6546, -1.6287)
(1.4433, 2.5034, -1.1481)
(1.376, 2.4755, -0.6571)
(1.2977, 2.3102, -0.1108)
(1.255, 2.1026, 0.456)
(1.2203, 1.8983, 1.0259)
(1.1795, 1.6838, 1.5926)
(1.1347, 1.4622, 2.157)
(1.0689, 1.2209, 2.7086)
(0.9355, 0.92, 3.1781)
(0.8099, 0.6664, 3.4925)
(1.088, 3.4441, -4.0852)
(0.4916, 3.7668, -3.958)
(-0.1469, 4.0147, -3.861)
(-0.8103, 4.1803, -3.8069)
(-1.4727, 4.1421, -3.862)
(-1.9551, 3.8061, -4.0945)
(-2.1921, 3.3807, -4.3675)
(-5.083, 3.9428, 4.5489)
(-4.8807, 3.4813, 4.4279)
(-4.3602, 3.0058, 4.3311)
(-3.8714, 2.5717, 4.457)
(-3.4016, 2.1135, 4.5594)
(-2.8748, 1.6699, 4.4983)
(-2.3464, 1.2212, 4.4466)
(-1.8172, 0.7759, 4.3725)
(-1.3873, 0.4913, 4.3357)
(-2.1982, 3.1409, -4.0216)
(-1.9535, 3.566, -3.7273)
(-1.479, 3.92, -3.4825)
(-0.8239, 3.9882, -3.4109)
(-0.1514, 3.8576, -3.4509)
(0.4947, 3.6348, -3.5387)
(-2.2774, 2.8795, -3.516)
(-1.9668, 3.2658, -3.2442)
(-1.4614, 3.5998, -3.0355)
(-0.829, 3.694, -2.9461)
(-0.1677, 3.6258, -2.9293)
(0.4549, 3.4187, -3.0237)
(-2.2724, 2.6349, -3.1097)
(-1.8692, 2.9546, -2.8896)
(-1.292, 3.1633, -2.8164)
(-0.7618, 3.2468, -2.6638)
(-0.2158, 3.2915, -2.4468)
(0.3138, 3.0898, -2.5735)
(-1.9501, 2.4442, -3.1922)
(-1.5587, 2.6918, -2.941)
(-0.9982, 2.7765, -2.7751)
(-0.6146, 2.7794, -2.4892)
(-0.2409, 2.8644, -2.129)
(0.2343, 2.7622, -2.1596)
(-1.8293, 2.1692, -2.8039)
(-1.4275, 2.3875, -2.5666)
(-0.8995, 2.4641, -2.3645)
(-0.3963, 2.5043, -2.2284)
(0.0304, 2.5405, -1.9657)
(0.4471, 2.622, -1.8364)
(-1.8199, 1.9375, -2.1883)
(-1.3884, 2.1469, -2.0059)
(-0.8492, 2.2584, -1.8678)
(-0.2859, 2.3509, -1.7766)
(0.2787, 2.3345, -1.6854)
(0.7673, 2.4324, -1.5555)
(-2.0068, 1.9542, -1.5725)
(-1.5766, 2.2247, -1.4503)
(-1.0092, 2.3533, -1.3399)
(-0.4135, 2.2946, -1.2602)
(0.2138, 2.228, -1.197)
(0.8489, 2.319, -1.1122)
(-2.1991, 1.9751, -0.9564)
(-1.7508, 2.2351, -0.8642)
(-1.1712, 2.3277, -0.7762)
(-0.5563, 2.2974, -0.7055)
(0.0874, 2.3727, -0.6568)
(0.7479, 2.515, -0.6272)
(-2.3802, 1.9782, -0.3455)
(-1.9025, 2.2055, -0.2736)
(-1.3022, 2.3475, -0.2055)
(-0.672, 2.422, -0.1507)
(-0.011, 2.5042, -0.0987)
(0.6664, 2.5161, -0.0715)
(-2.554, 1.9844, 0.262)
(-2.0363, 2.1491, 0.3114)
(-1.4035, 2.2603, 0.3661)
(-0.7489, 2.3249, 0.4143)
(-0.0699, 2.3601, 0.4636)
(0.6168, 2.3217, 0.4924)
(-2.7114, 2.0325, 0.8742)
(-2.1346, 2.0734, 0.8908)
(-1.4713, 2.0626, 0.9179)
(-0.7934, 2.0568, 0.946)
(-0.1054, 2.0743, 0.9954)
(0.5825, 2.0785, 1.0463)
(-4.5122, 3.3442, 2.7963)
(-4.2145, 3.0927, 2.8899)
(-3.8147, 2.6908, 2.4159)
(-3.4153, 2.3971, 1.7929)
(-2.8233, 2.2253, 1.4857)
(-2.1602, 2.1049, 1.4801)
(-1.494, 1.9732, 1.4998)
(-0.8109, 1.8873, 1.5085)
(-0.1276, 1.8369, 1.5428)
(0.5535, 1.8434, 1.6037)
(-4.3808, 3.4267, 2.7522)
(-4.1765, 3.2655, 2.9216)
(-3.7832, 3.0233, 2.6117)
(-3.3097, 2.7846, 2.1965)
(-2.7316, 2.5397, 2.0371)
(-2.1163, 2.2612, 2.0644)
(-1.4666, 2.074, 2.09)
(-0.7889, 1.9577, 2.0957)
(-0.128, 1.7851, 2.1232)
(0.5296, 1.6698, 2.176)
(-4.4039, 3.9166, 2.8872)
(-4.1995, 3.699, 3.0715)
(-3.6729, 3.4011, 2.9097)
(-3.1338, 3.1543, 2.6505)
(-2.6064, 2.8497, 2.5683)
(-2.0532, 2.4791, 2.6356)
(-1.4169, 2.2599, 2.6667)
(-0.7543, 2.0927, 2.6829)
(-0.1141, 1.8403, 2.7148)
(0.5052, 1.5649, 2.7489)
(-4.4693, 4.4186, 3.2157)
(-4.1602, 4.1225, 3.3926)
(-3.6494, 3.7563, 3.3342)
(-3.1237, 3.4479, 3.202)
(-2.5727, 3.0702, 3.1473)
(-2.012, 2.6877, 3.2004)
(-1.3924, 2.397, 3.2411)
(-0.7697, 2.0911, 3.2747)
(-0.1686, 1.7033, 3.2984)
(0.3998, 1.3089, 3.2699)
(-4.5825, 4.6862, 3.7364)
(-4.2537, 4.3958, 3.8822)
(-3.7871, 3.9556, 3.858)
(-3.2377, 3.5242, 3.7823)
(-2.666, 3.0843, 3.7471)
(-2.0862, 2.6857, 3.7729)
(-1.5004, 2.3028, 3.7939)
(-0.9246, 1.8786, 3.8013)
(-0.3648, 1.3987, 3.7984)
(0.2419, 0.9763, 3.6926)
(-4.7051, 4.6343, 4.283)
(-4.3875, 4.2529, 4.3557)
(-3.9343, 3.7785, 4.3279)
(-3.4005, 3.2944, 4.301)
(-2.8506, 2.8328, 4.2732)
(-2.3025, 2.4045, 4.2265)
(-1.7544, 1.973, 4.1964)
(-1.2122, 1.5271, 4.1663)
(-0.7392, 1.1183, 4.1443)
(-4.9075, 4.2805, 4.5752)
(-4.6286, 3.8359, 4.5092)
(-4.1522, 3.3253, 4.434)
(-3.6387, 2.8599, 4.5057)
(-3.1288, 2.4399, 4.5569)
(-2.6045, 2.0005, 4.4622)
(-2.0771, 1.5555, 4.3898)
(-1.5501, 1.1142, 4.3314)
(-1.1044, 0.7574, 4.3094)
(-0.7426, 0.7795, 4.2465)
(-1.14, 1.1129, 4.2561)
(-1.6489, 1.539, 4.292)
(-2.1839, 1.9822, 4.3443)
(-2.7182, 2.4209, 4.411)
(-3.2493, 2.8559, 4.4731)
(-3.7783, 3.3098, 4.4152)
(-4.2821, 3.8092, 4.4526)
(-4.6756, 4.2782, 4.4814)
(-0.2996, 1.0374, 3.9863)
(-0.7896, 1.4889, 4.0008)
(-1.3325, 1.9432, 4.015)
(-1.8935, 2.3697, 4.0231)
(-2.4629, 2.7784, 4.0231)
(-3.028, 3.2105, 4.0439)
(-3.5896, 3.6885, 4.0945)
(-4.1013, 4.1466, 4.1438)
(-4.4892, 4.5743, 4.107)
(0.5988, 0.9742, 3.417)
(0.0437, 1.3323, 3.545)
(-0.5349, 1.7917, 3.5603)
(-1.1256, 2.2052, 3.5411)
(-1.7296, 2.5516, 3.5113)
(-2.3246, 2.9061, 3.4694)
(-2.8859, 3.3195, 3.4509)
(-3.4515, 3.7103, 3.546)
(-3.9539, 4.083, 3.615)
(-4.3938, 4.4802, 3.5793)
(0.7423, 1.2737, 3.0035)
(0.1724, 1.6272, 3.0217)
(-0.4353, 1.9683, 2.9974)
(-1.0696, 2.2427, 2.9659)
(-1.7159, 2.4563, 2.9384)
(-2.3108, 2.7731, 2.8849)
(-2.8324, 3.1715, 2.853)
(-3.3784, 3.4464, 3.0152)
(-3.9047, 3.7482, 3.176)
(-4.3742, 4.0764, 3.1665)
(0.8314, 1.5181, 2.4704)
(0.202, 1.7104, 2.4405)
(-0.441, 1.9351, 2.4008)
(-1.1054, 2.105, 2.3818)
(-1.7724, 2.2405, 2.3725)
(-2.3813, 2.5258, 2.3229)
(-2.9407, 2.8564, 2.3185)
(-3.4825, 3.0804, 2.5642)
(-3.9676, 3.3436, 2.9015)
(-4.3445, 3.5612, 2.9473)
(0.8648, 1.7041, 1.9008)
(0.2035, 1.7513, 1.8578)
(-0.466, 1.8418, 1.8111)
(-1.1447, 1.9528, 1.7978)
(-1.8195, 2.0726, 1.7891)
(-2.4659, 2.28, 1.7611)
(-3.1077, 2.4719, 1.835)
(-3.6009, 2.7236, 2.2262)
(-4.0019, 2.9923, 2.7549)
(-4.3384, 3.2853, 2.8998)
(0.8983, 1.9163, 1.3333)
(0.2257, 1.9515, 1.2955)
(-0.4626, 1.9341, 1.2389)
(-1.1491, 1.9667, 1.212)
(-1.8259, 2.0296, 1.1968)
(-2.4782, 2.1039, 1.1775)
(-3.0859, 2.0965, 1.1991)
(0.9303, 2.1333, 0.7679)
(0.2555, 2.224, 0.755)
(-0.4334, 2.2098, 0.7052)
(-1.1109, 2.1807, 0.6601)
(-1.77, 2.1385, 0.6222)
(-2.3867, 2.0602, 0.5809)
(-2.8537, 1.9214, 0.5566)
(0.968, 2.3486, 0.2027)
(0.2981, 2.4665, 0.2045)
(-0.3838, 2.44, 0.1598)
(-1.0395, 2.3699, 0.1083)
(-1.6689, 2.2641, 0.0534)
(-2.2449, 2.0854, -0.0134)
(-2.6635, 1.8703, -0.067)
(1.0255, 2.5237, -0.3619)
(0.3673, 2.5199, -0.3643)
(-0.2957, 2.4054, -0.4017)
(-0.9327, 2.3438, -0.4596)
(-1.5396, 2.3049, -0.527)
(-2.0835, 2.1038, -0.6108)
(-2.4676, 1.8479, -0.6871)
(1.1262, 2.4695, -0.8715)
(0.4779, 2.3327, -0.9002)
(-0.1763, 2.2584, -0.9564)
(-0.7951, 2.3205, -1.0186)
(-1.391, 2.3338, -1.1088)
(-1.9148, 2.1113, -1.213)
(-2.2684, 1.8283, -1.3153)
(1.1091, 2.4743, -1.3245)
(0.5701, 2.2494, -1.4124)
(-0.032, 2.3013, -1.4902)
(-0.6242, 2.3074, -1.5623)
(-1.1938, 2.2554, -1.6651)
(-1.7067, 2.0494, -1.8007)
(-2.0606, 1.8043, -1.9604)
(0.8561, 2.6609, -1.749)
(0.4023, 2.4273, -1.7465)
(-0.0486, 2.4548, -1.962)
(-0.5894, 2.3529, -2.0572)
(-1.124, 2.3024, -2.1965)
(-1.6225, 2.1365, -2.3912)
(-1.9566, 1.9182, -2.6209)
(0.5435, 2.625, -2.1189)
(0.0857, 2.6983, -1.9391)
(-0.333, 2.6526, -2.2209)
(-0.6929, 2.604, -2.5075)
(-1.2038, 2.6091, -2.7024)
(-1.702, 2.4395, -2.9293)
(-1.9846, 2.1843, -3.1995)
(0.4484, 2.6981, -2.5136)
(0.0226, 3.0531, -2.2584)
(-0.5132, 3.0368, -2.3775)
(-0.8822, 2.9755, -2.7497)
(-1.4314, 2.9163, -2.841)
(-1.9506, 2.6902, -3.0286)
(-2.2493, 2.3873, -3.2674)
(0.6239, 3.0634, -2.908)
(0.124, 3.4098, -2.7057)
(-0.5049, 3.4887, -2.7006)
(-1.0998, 3.4568, -2.8559)
(-1.6932, 3.2683, -2.9196)
(-2.1528, 2.924, -3.1419)
(-2.4427, 2.5822, -3.3596)
(0.7792, 3.3794, -3.3465)
(0.1714, 3.6649, -3.2345)
(-0.4936, 3.8163, -3.1753)
(-1.1643, 3.8557, -3.1939)
(-1.7537, 3.6271, -3.3519)
(-2.1163, 3.205, -3.6482)
(-2.329, 2.8366, -3.9033)
(0.802, 3.559, -3.815)
(0.1764, 3.8327, -3.7113)
(-0.4795, 4.0305, -3.634)
(-1.1527, 4.1004, -3.6333)
(-1.7512, 3.8981, -3.7792)
(-2.0905, 3.4646, -4.0778)
(-2.2655, 3.0802, -4.3237)
(-1.0775, 0.5096, 4.3375)
(-1.452, 0.7472, 4.3374)
(-1.9539, 1.1563, 4.3931)
(-2.4817, 1.6022, 4.4614)
(-3.0064, 2.0488, 4.535)
(-3.5201, 2.4831, 4.5808)
(-3.9982, 2.9171, 4.4106)
(-4.5203, 3.391, 4.4303)
(-4.9257, 3.8924, 4.5399)
(-1.9812, 2.0497, -3.0193)
(-2.0253, 2.3496, -3.4956)
(-2.264, 2.9533, -4.184)
(-4.3613, 3.3552, 2.9673)
(-4.0062, 2.8103, 2.7105)
(-3.2277, 2.2016, 1.5079)
(-2.9535, 1.9407, 0.8609)
(-3.6072, 2.5399, 2.0572)
(-2.3648, 1.8294, -0.9961)
(-2.1555, 1.8116, -1.6292)
(-5.1301, 3.7484, 4.5019)
(-2.4923, 2.4443, -3.0963)
(-4.644, 3.2234, 4.3773)
(-4.0864, 2.821, 4.3318)
(-3.6759, 2.3251, 4.5907)
(-3.141, 1.8895, 4.5103)
(-2.7633, 1.8739, 0.2386)
(-2.6134, 1.4356, 4.4719)
(-2.0836, 0.988, 4.4098)
(-1.9236, 1.7872, -2.2889)
(-1.5555, 0.5435, 4.3261)
(-2.3999, 2.7061, -3.6371)
(-2.5671, 1.8468, -0.3764)
(-1.5115, -0.8401, -5.8528)
(-0.9344, -0.6975, -5.5913)
(-0.438, -0.8322, -5.4237)
(0.1259, -1.1235, -5.4028)
(0.7674, -1.0396, -5.4213)
(1.3616, -0.7119, -5.4524)
(-1.5839, -1.1081, -5.427)
(-1.054, -0.9472, -5.1843)
(1.8471, -0.4085, -5.4293)
(-0.5574, -0.8805, -4.9787)
(0.056, -0.9648, -4.9564)
(0.723, -0.892, -4.9905)
(1.362, -0.6875, -4.986)
(1.8732, -0.5091, -4.9508)
(-1.6488, -1.3943, -4.9053)
(-1.0943, -1.274, -4.7219)
(-0.5434, -1.0445, -4.4974)
(0.0856, -0.9465, -4.469)
(0.7442, -0.8889, -4.5398)
(1.3793, -0.7306, -4.4697)
(1.8709, -0.6791, -4.4018)
(-1.6965, -1.6542, -4.3679)
(-1.0675, -1.6718, -4.3136)
(-0.4332, -1.4772, -4.1623)
(0.2057, -1.3334, -4.0854)
(0.7632, -1.1467, -4.1499)
(1.233, -0.8452, -4.1971)
(1.6646, -0.6986, -4.216)
(-1.7025, -1.8491, -3.8058)
(-1.0688, -2.0178, -3.859)
(-0.4044, -1.9174, -3.808)
(0.2388, -1.7275, -3.6895)
(0.6823, -1.3544, -3.6875)
(1.04, -0.9292, -3.8671)
(1.4336, -0.6883, -3.9999)
(-1.6629, -1.975, -3.2157)
(-1.0589, -2.2396, -3.3043)
(-0.4211, -2.1643, -3.278)
(0.1789, -1.8882, -3.1536)
(0.6665, -1.5701, -3.1739)
(1.0676, -1.1753, -3.2988)
(1.3877, -0.8253, -3.3327)
(-1.5915, -2.0712, -2.6211)
(-1.0156, -2.3994, -2.7266)
(-0.387, -2.3913, -2.7574)
(0.2112, -2.1375, -2.7139)
(0.7455, -1.8602, -2.7423)
(1.1811, -1.4787, -2.7628)
(1.5036, -1.0626, -2.7073)
(-1.4946, -2.1334, -2.0234)
(-0.9315, -2.4967, -2.1377)
(-0.2847, -2.5996, -2.2306)
(0.3502, -2.4508, -2.2748)
(0.888, -2.1416, -2.2629)
(1.3612, -1.7466, -2.2259)
(1.7573, -1.3944, -2.1961)
(-1.389, -2.1778, -1.4248)
(-0.831, -2.5585, -1.5429)
(-0.1923, -2.7004, -1.6434)
(0.4498, -2.5777, -1.6962)
(1.0254, -2.3185, -1.7033)
(1.5614, -2.0021, -1.6965)
(2.0056, -1.7083, -1.6895)
(-1.3005, -2.242, -0.8281)
(-0.736, -2.6443, -0.9521)
(-0.1024, -2.8426, -1.0673)
(0.5564, -2.7446, -1.134)
(1.1743, -2.5116, -1.1596)
(1.7675, -2.253, -1.1793)
(2.2583, -2.0091, -1.1897)
(-1.2454, -2.3499, -0.2397)
(-0.6585, -2.7707, -0.3665)
(-0.0122, -3.0468, -0.5029)
(0.6809, -3.0128, -0.6083)
(1.3481, -2.784, -0.6621)
(1.9872, -2.5271, -0.6911)
(2.5257, -2.2986, -0.699)
(-1.1267, -2.3533, 0.3261)
(-0.5333, -2.7762, 0.2052)
(0.1037, -3.1213, 0.0716)
(0.8029, -3.1991, -0.0607)
(1.5078, -3.0299, -0.1548)
(2.1894, -2.8001, -0.2072)
(2.8355, -2.5854, -0.2231)
(-0.9274, -2.2307, 0.881)
(-0.3468, -2.6393, 0.7634)
(0.266, -2.9973, 0.637)
(0.9411, -3.1735, 0.5078)
(1.6462, -3.1604, 0.3901)
(2.3447, -3.0721, 0.2781)
(3.054, -2.9612, 0.1818)
(3.7501, -2.9684, 0.1995)
(-0.7298, -2.1107, 1.4469)
(-0.1596, -2.4985, 1.3217)
(0.4468, -2.8032, 1.1767)
(1.1034, -2.9621, 1.0273)
(4.353, -3.0935, 0.3944)
(1.7851, -3.0301, 0.8869)
(2.4718, -3.0661, 0.7434)
(4.8953, -3.2791, 0.7013)
(3.1593, -3.0773, 0.5965)
(5.3637, -3.4441, 0.8529)
(3.8418, -3.0991, 0.4708)
(-0.5324, -1.9986, 2.0189)
(0.0286, -2.3822, 1.8962)
(0.6162, -2.7152, 1.7321)
(4.403, -3.1459, 0.4122)
(1.2416, -2.9378, 1.5191)
(1.8877, -3.0669, 1.3021)
(4.9228, -3.1977, 0.5001)
(2.546, -3.1645, 1.1056)
(3.2118, -3.2393, 0.9183)
(5.4485, -3.2386, 0.585)
(-0.3689, -1.912, 2.4896)
(3.8783, -3.3084, 0.7426)
(0.22, -2.2751, 2.4353)
(4.4691, -3.3903, 0.5661)
(0.8301, -2.6426, 2.29)
(1.438, -2.9964, 2.0275)
(2.0461, -3.2765, 1.7603)
(5.0205, -3.4569, 0.412)
(2.6635, -3.4905, 1.5027)
(5.5302, -3.4526, 0.2942)
(3.2956, -3.6404, 1.2431)
(3.9489, -3.7216, 1.0069)
(4.6117, -3.7373, 0.8818)
(1.1821, -2.5586, 2.7624)
(1.7353, -2.9041, 2.5288)
(2.3229, -3.2441, 2.2786)
(5.2318, -3.8071, 0.7333)
(2.9149, -3.5462, 2.0236)
(5.7009, -3.9083, 0.467)
(3.5208, -3.7957, 1.7551)
(4.1745, -3.951, 1.4894)
(4.8292, -4.073, 1.2693)
(1.58, -2.4577, 3.1572)
(2.0662, -2.7415, 2.9685)
(2.6424, -3.0719, 2.737)
(5.4245, -4.2197, 1.0555)
(3.2253, -3.3962, 2.4944)
(5.8845, -4.3503, 0.7969)
(3.8162, -3.7133, 2.2473)
(4.4534, -3.9878, 1.9768)
(1.8871, -2.2512, 3.4329)
(2.3559, -2.483, 3.2699)
(5.0693, -4.2622, 1.7063)
(2.9253, -2.8154, 3.0535)
(3.4986, -3.1484, 2.826)
(5.6008, -4.5356, 1.4477)
(4.0729, -3.4914, 2.6095)
(6.0397, -4.7133, 1.1985)
(4.6641, -3.8164, 2.3656)
(5.2402, -4.1507, 2.1021)
(5.7724, -4.4983, 1.8663)
(6.141, -4.759, 1.628)
(6.4332, -4.4268, 2.0547)
(5.4193, -3.7993, 0.8592)
(5.7163, -3.6811, 0.7598)
(6.1269, -3.4626, 0.8426)
(6.5577, -3.4209, 1.2559)
(6.8015, -3.6004, 1.7694)
(6.7025, -4.034, 2.0354)
(2.3178, -1.4385, 3.5381)
(2.8006, -1.7209, 3.3492)
(3.3701, -2.0597, 3.1453)
(3.9353, -2.4019, 2.9317)
(4.4842, -2.744, 2.6879)
(5.0361, -3.123, 2.5169)
(5.5919, -3.4742, 2.3758)
(6.1863, -3.7873, 2.1876)
(2.4083, -0.9085, 3.3511)
(2.9696, -1.2232, 3.1264)
(3.5354, -1.575, 2.8865)
(4.0789, -1.9329, 2.6407)
(4.6373, -2.2659, 2.4043)
(5.2106, -2.6535, 2.2431)
(5.7493, -3.0357, 2.1194)
(6.3016, -3.3597, 1.9574)
(1.3868, 0.369, 3.2235)
(1.8791, -0.0745, 3.1204)
(2.4267, -0.4788, 2.9423)
(2.9996, -0.8515, 2.6818)
(3.5216, -1.2412, 2.4174)
(4.017, -1.6364, 2.1534)
(4.5346, -2.004, 1.9207)
(5.0712, -2.3862, 1.7454)
(5.5991, -2.7945, 1.6066)
(6.0934, -3.1702, 1.4573)
(1.4532, 0.6051, 2.7989)
(1.9007, 0.165, 2.594)
(2.4181, -0.228, 2.3712)
(2.9038, -0.6613, 2.1216)
(3.3352, -1.1314, 1.8757)
(3.776, -1.578, 1.6189)
(4.2448, -2.0073, 1.3851)
(4.7479, -2.3874, 1.1972)
(5.2752, -2.793, 1.1184)
(5.7144, -3.2251, 1.0639)
(1.4802, 0.8494, 2.2523)
(1.8376, 0.3524, 2.0111)
(2.3144, -0.0822, 1.7819)
(2.7207, -0.5823, 1.5523)
(3.0647, -1.1353, 1.3389)
(3.4563, -1.6374, 1.1033)
(3.8953, -2.1068, 0.8754)
(4.3796, -2.5189, 0.7187)
(4.8605, -2.9603, 0.8037)
(5.2977, -3.4297, 0.9257)
(1.5061, 1.0846, 1.6944)
(1.7569, 0.5219, 1.4428)
(2.1431, 0.0125, 1.2098)
(2.4918, -0.5359, 0.9958)
(2.7902, -1.1262, 0.7989)
(3.1396, -1.6758, 0.584)
(3.5144, -2.217, 0.3797)
(3.9711, -2.6869, 0.3602)
(4.4951, -3.1132, 0.5807)
(5.0048, -3.5358, 0.8213)
(1.5851, 1.3207, 1.1438)
(1.771, 0.7167, 0.8888)
(2.0127, 0.1295, 0.6436)
(2.2957, -0.4595, 0.4341)
(2.5742, -1.0575, 0.2456)
(2.8726, -1.6327, 0.0501)
(3.1135, -2.1872, -0.1231)
(1.6922, 1.5506, 0.5976)
(1.918, 0.9563, 0.3596)
(2.0834, 0.3357, 0.1056)
(2.3068, -0.275, -0.1098)
(2.5528, -0.8683, -0.295)
(2.7424, -1.4564, -0.4824)
(2.7953, -1.9717, -0.6333)
(1.7742, 1.7705, 0.0425)
(2.0869, 1.205, -0.1652)
(2.2873, 0.5899, -0.405)
(2.4854, -0.0174, -0.6232)
(2.6529, -0.6079, -0.8168)
(2.6756, -1.1971, -1.0024)
(2.5566, -1.6965, -1.142)
(1.8442, 1.9955, -0.5146)
(2.1993, 1.4439, -0.7105)
(2.4411, 0.8377, -0.9353)
(2.6206, 0.2324, -1.1531)
(2.6716, -0.3561, -1.3487)
(2.5347, -0.9281, -1.5155)
(2.3135, -1.3975, -1.6397)
(1.9215, 2.2294, -1.0626)
(2.2607, 1.6743, -1.2692)
(2.4976, 1.0642, -1.4925)
(2.6358, 0.4518, -1.7056)
(2.5447, -0.1123, -1.8595)
(2.3048, -0.6499, -2.0012)
(2.0621, -1.0933, -2.142)
(1.8854, 2.4158, -1.615)
(2.2102, 1.8719, -1.8303)
(2.3698, 1.2402, -2.0276)
(2.3884, 0.6184, -2.109)
(2.1985, 0.1044, -2.2002)
(1.9707, -0.3853, -2.4231)
(1.7683, -0.7952, -2.6235)
(1.6679, 2.4827, -2.1507)
(1.9735, 1.9883, -2.3428)
(2.0134, 1.3296, -2.4615)
(1.9792, 0.6872, -2.4298)
(1.9219, 0.2211, -2.5776)
(1.8292, -0.1999, -2.958)
(1.6477, -0.578, -3.2194)
(1.3765, 2.2751, -2.5454)
(1.7899, 1.9055, -2.7731)
(1.885, 1.3425, -2.8973)
(1.9016, 0.7177, -2.8745)
(1.9995, 0.2878, -3.109)
(1.9628, -0.086, -3.5467)
(1.7586, -0.4481, -3.844)
(1.1421, 2.105, -2.9446)
(1.6358, 1.7278, -3.1974)
(2.0109, 1.3286, -3.3183)
(2.2203, 0.8172, -3.2967)
(2.3435, 0.299, -3.481)
(2.2811, -0.1793, -3.8319)
(2.0338, -0.5711, -4.1013)
(1.2078, 2.3474, -3.3385)
(1.5975, 1.8627, -3.6082)
(2.0636, 1.4333, -3.7274)
(2.4516, 0.9429, -3.7464)
(2.6609, 0.3387, -3.8691)
(2.5883, -0.2264, -4.1325)
(2.2714, -0.6258, -4.3617)
(1.4947, 2.7339, -3.6483)
(1.8954, 2.2432, -3.8839)
(2.2913, 1.714, -4.049)
(2.6379, 1.1496, -4.1759)
(2.8239, 0.5564, -4.3703)
(2.6596, 0.0244, -4.6462)
(2.2856, -0.3403, -4.8764)
(1.6095, 2.9542, -4.0248)
(2.0155, 2.42, -4.1339)
(2.352, 1.8345, -4.1877)
(2.6365, 1.2707, -4.3687)
(2.8118, 0.7511, -4.7323)
(2.669, 0.2719, -5.0793)
(2.3077, -0.1014, -5.3121)
(2.154, -1.8721, 3.5751)
(2.5799, -2.1609, 3.3935)
(3.1455, -2.4976, 3.1927)
(3.7126, -2.8338, 2.982)
(4.262, -3.1757, 2.7538)
(4.8016, -3.5166, 2.5371)
(5.3471, -3.8485, 2.3188)
(5.9347, -4.1993, 2.1131)
(-1.8634, -0.592, -5.8037)
(-1.7443, -0.0847, -5.4599)
(-1.6596, 0.4369, -5.1325)
(-1.9126, 1.0322, -4.9745)
(-2.2032, 1.6415, -4.8724)
(-2.3346, 2.28, -4.6855)
(-1.9949, -0.8095, -5.3608)
(-1.9737, -0.2586, -5.0541)
(-2.3004, 2.8028, -4.4684)
(-1.8653, 0.294, -4.701)
(-1.9911, 0.8842, -4.5014)
(-2.2794, 1.4772, -4.4093)
(-2.4469, 2.0932, -4.2308)
(-2.3933, 2.6151, -4.0126)
(-2.1126, -1.0576, -4.8245)
(-2.1757, -0.482, -4.5521)
(-2.0591, 0.0987, -4.19)
(-2.0968, 0.6674, -3.9792)
(-2.3716, 1.2367, -3.885)
(-2.5824, 1.8567, -3.7042)
(-2.5205, 2.3769, -3.4931)
(-2.2101, -1.2847, -4.2761)
(-2.3966, -0.718, -4.0794)
(-2.3098, -0.1612, -3.7498)
(-2.2297, 0.3747, -3.5175)
(-2.3299, 0.9709, -3.3968)
(-2.4217, 1.6326, -3.33)
(-2.3385, 2.1936, -3.3441)
(-2.2237, -1.4263, -3.7019)
(-2.5599, -0.8587, -3.5801)
(-2.6397, -0.2742, -3.3726)
(-2.5245, 0.3188, -3.1904)
(-2.34, 0.8779, -3.018)
(-2.1901, 1.4228, -3.0104)
(-2.0829, 1.9718, -3.2185)
(-2.1469, -1.5029, -3.1059)
(-2.5249, -0.9356, -2.9973)
(-2.7911, -0.3141, -2.8958)
(-2.8625, 0.3399, -2.8114)
(-2.6666, 0.895, -2.6666)
(-2.331, 1.3344, -2.5864)
(-2.0567, 1.7374, -2.6502)
(-2.055, -1.5763, -2.5101)
(-2.4444, -1.0168, -2.4051)
(-2.7729, -0.4232, -2.3115)
(-2.9604, 0.2007, -2.2318)
(-2.9075, 0.8145, -2.1449)
(-2.5495, 1.2986, -2.0469)
(-2.154, 1.6433, -1.9796)
(-1.9631, -1.6404, -1.9124)
(-2.3817, -1.1014, -1.8089)
(-2.7455, -0.5303, -1.7165)
(-2.9593, 0.077, -1.6296)
(-2.9427, 0.6832, -1.5305)
(-2.6726, 1.2081, -1.4197)
(-2.3613, 1.6251, -1.3373)
(-1.8841, -1.7057, -1.3133)
(-2.3489, -1.202, -1.2123)
(-2.7432, -0.6511, -1.1216)
(-2.953, -0.0436, -1.03)
(-2.9424, 0.5708, -0.924)
(-2.76, 1.1482, -0.8087)
(-2.5475, 1.6265, -0.7184)
(-1.8403, -1.7985, -0.7167)
(-2.3663, -1.3344, -0.6214)
(-2.7918, -0.7925, -0.5329)
(-2.9778, -0.1598, -0.4358)
(-2.9608, 0.4854, -0.3248)
(-2.8544, 1.1111, -0.2073)
(-2.7256, 1.6356, -0.1099)
(-1.8228, -1.9181, -0.1277)
(-2.4012, -1.475, -0.0305)
(-2.8825, -0.9419, 0.0583)
(-3.0885, -0.2774, 0.149)
(-3.0708, 0.4193, 0.2549)
(-2.9941, 1.0931, 0.3768)
(-2.9071, 1.6614, 0.4913)
(-1.7123, -1.9259, 0.4402)
(-2.3011, -1.4929, 0.5473)
(-2.8452, -1.005, 0.6472)
(-3.1544, -0.3699, 0.7353)
(-3.2015, 0.3546, 0.8277)
(-3.1626, 1.0664, 0.9441)
(-3.1187, 1.7295, 1.0864)
(-1.5018, -1.816, 0.9949)
(-2.0734, -1.3996, 1.1036)
(-2.624, -0.9574, 1.2059)
(-2.9836, -0.3805, 1.2905)
(-3.1325, 0.3067, 1.3849)
(-3.2446, 0.9905, 1.5023)
(-3.3849, 1.6658, 1.594)
(-3.6191, 2.2546, 1.8032)
(-1.2926, -1.7049, 1.5596)
(-1.8554, -1.3019, 1.6651)
(-2.4063, -0.8905, 1.7636)
(-2.8425, -0.3891, 1.828)
(-3.8723, 2.7014, 2.2268)
(-3.1613, 0.2024, 1.8775)
(-3.4567, 0.8174, 1.9315)
(-4.0621, 3.1329, 2.6848)
(-3.7634, 1.4348, 1.9296)
(-4.1209, 3.5356, 2.895)
(-4.0548, 2.0541, 1.9452)
(-1.0889, -1.5932, 2.1301)
(-1.6371, -1.1838, 2.2353)
(-2.199, -0.7695, 2.323)
(-4.2039, 2.6632, 2.1299)
(-2.7534, -0.3246, 2.3729)
(-3.2495, 0.1698, 2.3862)
(-4.2097, 3.2065, 2.4726)
(-3.6838, 0.711, 2.3742)
(-4.0742, 1.2855, 2.3414)
(-4.1981, 3.6767, 2.7221)
(-0.9277, -1.5103, 2.6024)
(-4.4271, 1.881, 2.3159)
(-1.4316, -1.0714, 2.7733)
(-4.6492, 2.516, 2.3646)
(-1.9553, -0.586, 2.8717)
(-2.5256, -0.1031, 2.8868)
(-3.0756, 0.3633, 2.9087)
(-4.6791, 3.1662, 2.5134)
(-3.5916, 0.8422, 2.9188)
(-4.639, 3.7119, 2.6632)
(-4.0643, 1.3585, 2.8946)
(-4.4849, 1.9164, 2.8437)
(-4.8633, 2.4711, 2.8408)
(-1.8324, -0.3418, 3.4096)
(-2.3297, 0.1329, 3.3988)
(-2.8563, 0.6184, 3.4064)
(-5.077, 3.0666, 2.9165)
(-3.3844, 1.0847, 3.4293)
(-5.1158, 3.6252, 3.0097)
(-3.9002, 1.5606, 3.438)
(-4.363, 2.0964, 3.4025)
(-4.8354, 2.6018, 3.3756)
(-1.734, -0.0356, 3.8898)
(-2.157, 0.3777, 3.902)
(-2.6585, 0.8613, 3.9149)
(-5.2627, 3.0732, 3.4209)
(-3.1759, 1.3338, 3.9336)
(-5.4957, 3.5487, 3.4621)
(-3.7084, 1.7931, 3.9598)
(-4.2212, 2.2944, 3.9441)
(-1.5564, 0.2508, 4.202)
(-1.9406, 0.635, 4.2522)
(-4.7202, 2.784, 3.9091)
(-2.4537, 1.0934, 4.2999)
(-2.9739, 1.5572, 4.3328)
(-5.2319, 3.1961, 3.9568)
(-3.5046, 2.0119, 4.3734)
(-5.6194, 3.5779, 3.9929)
(-4.0097, 2.4887, 4.3325)
(-4.5152, 2.9494, 4.278)
(-5.0326, 3.376, 4.3411)
(-5.4466, 3.7028, 4.3834)
(-4.9974, 4.1029, 4.5869)
(-4.4336, 3.3427, 2.7553)
(-4.3781, 3.6381, 2.7962)
(-4.4324, 4.1879, 3.0256)
(-4.5233, 4.588, 3.4583)
(-4.637, 4.7052, 4.0246)
(-4.8026, 4.4752, 4.4729)
(-0.9308, 0.9373, 4.2491)
(-1.3841, 1.3176, 4.2709)
(-1.9165, 1.7613, 4.3169)
(-2.4514, 2.2022, 4.374)
(-2.984, 2.6381, 4.4542)
(-3.5145, 3.0775, 4.4461)
(-4.0376, 3.5569, 4.4235)
(-4.4995, 4.0537, 4.4744)
(-0.5415, 1.2655, 3.9923)
(-1.0553, 1.7166, 4.0086)
(-1.612, 2.1605, 4.0204)
(-2.178, 2.574, 4.0226)
(-2.7457, 2.9882, 4.0296)
(-3.3108, 3.4484, 4.0664)
(-3.857, 3.9182, 4.1235)
(-4.3121, 4.3774, 4.1436)
(0.8702, 0.787, 3.3488)
(0.3237, 1.1492, 3.4881)
(-0.2449, 1.5601, 3.5618)
(-0.8281, 2.0079, 3.5525)
(-1.4267, 2.3833, 3.5275)
(-2.0312, 2.7222, 3.4918)
(-2.606, 3.1095, 3.4488)
(-3.1726, 3.5209, 3.4911)
(-3.7085, 3.8909, 3.5881)
(-4.1939, 4.2963, 3.623)
(1.0067, 1.0714, 2.9612)
(0.463, 1.4549, 3.0213)
(-0.1276, 1.8012, 3.0122)
(-0.7494, 2.1172, 2.981)
(-1.3945, 2.3472, 2.9533)
(-2.0241, 2.5965, 2.9161)
(-2.5737, 2.9782, 2.8518)
(-3.1049, 3.3189, 2.9176)
(-3.6398, 3.5876, 3.1066)
(-4.1756, 3.9213, 3.2082)
(1.1089, 1.3487, 2.4372)
(0.5229, 1.6238, 2.4647)
(-0.1185, 1.8196, 2.418)
(-0.7703, 2.0315, 2.3885)
(-1.4427, 2.1637, 2.3797)
(-2.0852, 2.3649, 2.3519)
(-2.6639, 2.7002, 2.2994)
(-3.2165, 2.9733, 2.4115)
(-3.7304, 3.2087, 2.7454)
(-4.1916, 3.4631, 2.9791)
(1.1575, 1.5734, 1.875)
(0.5398, 1.7437, 1.8882)
(-0.1314, 1.7861, 1.8302)
(-0.804, 1.8992, 1.8013)
(-1.4852, 2.0045, 1.796)
(-2.1439, 2.1713, 1.7736)
(-2.7928, 2.3766, 1.7699)
(-3.3717, 2.5927, 1.9952)
(-3.8081, 2.8535, 2.5048)
(-4.1859, 3.1516, 2.8918)
(1.2007, 1.7924, 1.3097)
(0.5678, 1.9573, 1.3235)
(-0.1184, 1.9386, 1.2648)
(-0.8065, 1.9449, 1.222)
(-1.4891, 1.9944, 1.2051)
(-2.1576, 2.0716, 1.1848)
(-2.7842, 2.1104, 1.1835)
(1.238, 2.0009, 0.741)
(0.5985, 2.2014, 0.7699)
(-0.0895, 2.2223, 0.7313)
(-0.7744, 2.1958, 0.6812)
(-1.4421, 2.1623, 0.6415)
(-2.0923, 2.106, 0.6006)
(-2.6346, 1.9972, 0.5671)
(1.2738, 2.2056, 0.1718)
(0.639, 2.4325, 0.2121)
(-0.0447, 2.4639, 0.1851)
(-0.7154, 2.4078, 0.1339)
(-1.3568, 2.3245, 0.0824)
(-1.9724, 2.1826, 0.0199)
(-2.4687, 1.9801, -0.0418)
(1.3308, 2.4103, -0.3896)
(0.7009, 2.5514, -0.3559)
(0.0337, 2.4631, -0.38)
(-0.618, 2.3646, -0.4291)
(-1.2399, 2.3356, -0.4915)
(-1.8279, 2.2216, -0.5682)
(-2.29, 1.977, -0.6502)
(1.4274, 2.488, -0.9074)
(0.8067, 2.4062, -0.8748)
(0.1479, 2.2781, -0.9285)
(-0.4896, 2.2797, -0.985)
(-1.0965, 2.3508, -1.0605)
(-1.671, 2.2443, -1.1604)
(-2.1068, 1.9701, -1.2647)
(1.3862, 2.5729, -1.3879)
(0.8425, 2.34, -1.349)
(0.2742, 2.2564, -1.4584)
(-0.3318, 2.3154, -1.5232)
(-0.9116, 2.2949, -1.6095)
(-1.4659, 2.1668, -1.729)
(-1.8992, 1.9282, -1.879)
(1.1241, 2.6902, -1.8664)
(0.6194, 2.5363, -1.7069)
(0.1859, 2.428, -1.8527)
(-0.3129, 2.4145, -2.0198)
(-0.8587, 2.3272, -2.1162)
(-1.3873, 2.2345, -2.2889)
(-1.8066, 2.0302, -2.5026)
(0.8097, 2.5273, -2.2641)
(0.3068, 2.6813, -1.9844)
(-0.1326, 2.6842, -2.0433)
(-0.5062, 2.6193, -2.3808)
(-0.9322, 2.6147, -2.6078)
(-1.4726, 2.546, -2.8104)
(-1.8657, 2.3148, -3.0564)
(0.6658, 2.4907, -2.6644)
(0.2474, 2.9082, -2.3601)
(-0.2531, 3.0776, -2.2627)
(-0.6996, 2.9989, -2.5752)
(-1.1362, 2.9585, -2.8144)
(-1.7149, 2.8222, -2.9162)
(-2.1189, 2.542, -3.148)
(0.8329, 2.8337, -3.0413)
(0.3919, 3.2657, -2.7902)
(-0.1853, 3.4742, -2.6734)
(-0.8055, 3.4856, -2.7798)
(-1.4022, 3.3864, -2.8852)
(-1.9476, 3.1053, -3.0143)
(-2.3082, 2.7503, -3.2608)
(1.0443, 3.1832, -3.4268)
(0.4861, 3.5409, -3.2834)
(-0.1572, 3.753, -3.1977)
(-0.8317, 3.8596, -3.1714)
(-1.4804, 3.7772, -3.2514)
(-1.9624, 3.4224, -3.4949)
(-2.2327, 3.0118, -3.7817)
(1.0927, 3.3848, -3.8807)
(0.4948, 3.7066, -3.7596)
(-0.1484, 3.9417, -3.6673)
(-0.8164, 4.0909, -3.6198)
(-1.4755, 4.0376, -3.6832)
(-1.9517, 3.6914, -3.9223)
(-2.1896, 3.2623, -4.2107)
(-1.2537, 0.6127, 4.3329)
(-1.6924, 0.938, 4.3604)
(-2.2181, 1.3789, 4.4271)
(-2.7443, 1.8261, 4.4954)
(-3.2672, 2.2679, 4.5788)
(-3.7576, 2.6972, 4.4986)
(-4.2596, 3.1475, 4.3965)
(-4.7533, 3.6476, 4.4841)
