(-1.6636, 0.2248, -6.0229)
(-1.0458, 0.0443, -6.0457)
(-0.3582, -0.0193, -5.9787)
(0.3325, -0.0611, -5.9002)
(1.0222, -0.0723, -5.7895)
(-1.7452, -0.0327, -5.6741)
(-1.1126, -0.2272, -5.7076)
(1.6591, -0.0392, -5.6279)
(-0.4237, -0.3008, -5.6504)
(2.0356, 0.0015, -5.4221)
(0.2659, -0.3259, -5.5604)
(0.9429, -0.2817, -5.4225)
(1.5596, -0.1856, -5.2351)
(2.0443, -0.0676, -5.0813)
(-1.8453, -0.3139, -5.1925)
(-1.1926, -0.4878, -5.2202)
(-0.5004, -0.5365, -5.1643)
(0.1838, -0.5727, -5.0961)
(0.8592, -0.5621, -4.9872)
(1.4256, -0.4522, -4.7879)
(1.8347, -0.3096, -4.5577)
(-1.9207, -0.5148, -4.6365)
(-1.2471, -0.5962, -4.6496)
(-0.5559, -0.5539, -4.5981)
(0.0911, -0.5524, -4.5518)
(0.7738, -0.6121, -4.4915)
(1.3481, -0.7345, -4.4563)
(1.8217, -0.848, -4.2693)
(-1.9776, -0.7132, -4.0734)
(-1.3212, -0.8278, -4.1112)
(-0.6512, -0.7445, -4.0423)
(-0.0092, -0.7561, -3.982)
(0.634, -0.7493, -3.9762)
(1.1666, -0.625, -4.09)
(1.5699, -0.3458, -4.0501)
(-2.0271, -0.9207, -3.5105)
(-1.3909, -1.0513, -3.5675)
(-0.7504, -0.939, -3.5127)
(-0.1238, -1.0209, -3.4663)
(0.5024, -1.0024, -3.4466)
(0.9955, -0.773, -3.546)
(1.3856, -0.5829, -3.4687)
(-2.0544, -1.121, -2.9429)
(-1.4344, -1.3245, -3.0467)
(-0.7838, -1.3281, -3.0934)
(-0.177, -1.4819, -3.1892)
(0.4248, -1.4255, -3.1511)
(0.8707, -1.0855, -3.0197)
(1.2021, -0.8001, -2.8727)
(-2.0531, -1.3009, -2.3668)
(-1.4469, -1.555, -2.5011)
(-0.799, -1.6673, -2.6004)
(-0.2046, -1.8309, -2.7182)
(0.3808, -1.7479, -2.6696)
(0.8646, -1.449, -2.5206)
(1.2981, -1.281, -2.4498)
(-2.0243, -1.4731, -1.7891)
(-1.4564, -1.8005, -1.9597)
(-0.832, -1.9973, -2.0951)
(-0.2327, -2.1386, -2.1895)
(0.3525, -2.034, -2.1297)
(0.8792, -1.7955, -2.0104)
(1.324, -1.6628, -1.9474)
(-1.9569, -1.6237, -1.2084)
(-1.4412, -2.027, -1.4105)
(-0.8654, -2.3174, -1.5867)
(-0.2563, -2.4315, -1.6611)
(0.338, -2.3032, -1.5929)
(0.9014, -2.1238, -1.5044)
(1.3618, -2.0355, -1.4605)
(-1.8543, -1.7558, -0.6267)
(-1.3835, -2.2139, -0.8458)
(-0.8743, -2.6024, -1.0542)
(-0.2651, -2.7389, -1.1448)
(0.3513, -2.6178, -1.0935)
(0.9475, -2.4896, -1.039)
(1.4187, -2.4241, -1.0022)
(-1.7384, -1.8985, -0.052)
(-1.3151, -2.4084, -0.2836)
(-0.8623, -2.8743, -0.5141)
(-0.2636, -3.0842, -0.6538)
(0.3887, -3.0076, -0.6529)
(1.0184, -2.8992, -0.6194)
(1.4953, -2.8122, -0.5506)
(-1.5308, -1.9612, 0.5116)
(-1.1523, -2.4961, 0.2865)
(-0.7786, -3.0156, 0.0666)
(-0.2277, -3.3094, -0.111)
(0.436, -3.3298, -0.1757)
(1.095, -3.327, -0.2427)
(1.842, -3.3305, -0.3072)
(-1.2706, -1.9863, 1.0641)
(-0.9523, -2.5528, 0.8536)
(-0.6854, -3.106, 0.6555)
(-0.168, -3.3778, 0.4494)
(2.1212, -3.9583, -0.3752)
(0.4557, -3.5136, 0.3109)
(1.0323, -3.6937, 0.0926)
(2.6867, -4.2696, -0.6064)
(1.481, -3.854, -0.3084)
(2.6554, -4.9314, -0.7088)
(1.9228, -4.1479, -0.573)
(-1.0049, -2.0257, 1.6206)
(-0.7045, -2.5956, 1.4135)
(-0.5103, -3.1969, 1.2139)
(2.6456, -5.1774, -0.7609)
(-0.1402, -3.6252, 0.9185)
(2.3506, -4.4773, -0.4896)
(0.3309, -3.9064, 0.5714)
(0.8207, -4.1529, 0.2026)
(2.544, -4.8733, -0.5923)
(1.2883, -4.3758, -0.2087)
(2.7584, -5.0283, -0.8366)
(1.7121, -4.6358, -0.5718)
(-0.756, -2.0802, 2.1633)
(-0.4095, -2.6243, 1.9709)
(-0.1521, -3.2254, 1.709)
(2.2167, -4.844, -0.5839)
(0.1441, -3.7633, 1.3777)
(0.4822, -4.1886, 0.9678)
(2.608, -4.8658, -0.8543)
(0.8421, -4.544, 0.517)
(-0.5565, -2.1355, 2.5963)
(2.8814, -4.9554, -1.1929)
(1.2328, -4.8465, 0.0552)
(1.6713, -5.0951, -0.3657)
(0.3005, -3.2175, 2.138)
(-0.0456, -2.6115, 2.5986)
(2.1559, -5.1972, -0.6295)
(0.607, -3.7467, 1.7616)
(0.9071, -4.2236, 1.3542)
(2.4158, -5.0358, -1.0381)
(1.1953, -4.6743, 0.9249)
(2.6247, -5.0595, -1.4342)
(1.5013, -5.0568, 0.4787)
(1.9008, -5.1756, 0.0264)
(0.4837, -2.9373, 2.8115)
(0.7901, -3.2719, 2.4906)
(2.2942, -5.1364, -0.4088)
(1.1003, -3.7432, 2.1226)
(1.3747, -4.2495, 1.7342)
(2.5687, -5.2608, -0.8909)
(1.6126, -4.7612, 1.3383)
(2.6857, -5.455, -1.3013)
(1.8563, -5.1366, 0.9065)
(2.1077, -5.12, 0.4064)
(0.952, -3.0808, 3.0664)
(1.2569, -3.3375, 2.813)
(2.3329, -5.3326, -0.1219)
(1.5814, -3.7599, 2.4512)
(1.8609, -4.2378, 2.0384)
(2.509, -5.6661, -0.6622)
(2.0867, -4.7384, 1.624)
(1.3011, -3.1684, 3.1218)
(2.5426, -5.9086, -1.0855)
(2.276, -5.1699, 1.1745)
(1.6283, -3.3018, 3.0906)
(1.9658, -3.7874, 2.7222)
(2.3897, -5.3668, 0.604)
(2.2576, -4.2271, 2.259)
(2.5626, -5.6974, 0.0578)
(2.4868, -4.6321, 1.7343)
(2.6473, -5.0477, 1.1951)
(2.7193, -6.0784, -0.4631)
(2.7333, -5.4466, 0.6254)
(2.7143, -6.324, -0.8665)
(2.861, -5.8515, 0.1377)
(2.9503, -6.4538, -0.6591)
(3.0846, -6.3597, -0.3717)
(1.6095, 2.7589, -3.6887)
(2.0317, 2.2826, -3.8002)
(2.4451, 1.83, -3.9419)
(2.4335, 1.2389, -4.0843)
(2.5017, 0.7104, -4.4722)
(1.8689, 2.6273, -3.7549)
(1.9973, 2.0373, -3.7239)
(2.5797, 0.1859, -4.805)
(2.3044, 1.5675, -3.8584)
(2.4114, -0.0331, -5.0868)
(2.5377, 1.0609, -3.9852)
(2.4215, 0.5591, -4.2229)
(2.2908, 0.1439, -4.642)
(2.0612, -0.0644, -5.0709)
(2.2425, 2.5147, -3.5034)
(2.3201, 1.8861, -3.5968)
(2.2785, 1.3118, -3.6057)
(2.3619, 0.7724, -3.8103)
(2.363, 0.2287, -3.9443)
(2.194, -0.1872, -4.2882)
(1.8529, -0.3073, -4.5492)
(2.4227, 2.3498, -2.9963)
(2.5708, 1.7356, -3.1914)
(2.5, 1.0877, -3.3221)
(2.2998, 0.4995, -3.5003)
(2.052, 0.0034, -3.6916)
(2.0259, -0.4466, -3.9677)
(1.8356, -0.8381, -4.2563)
(2.416, 2.2039, -2.4643)
(2.4387, 1.6055, -2.6941)
(2.2806, 0.9663, -2.8995)
(1.9985, 0.3812, -3.0286)
(1.7717, -0.0806, -3.2303)
(1.7959, -0.2396, -3.6983)
(1.5982, -0.3598, -4.0364)
(2.2398, 2.1319, -2.0311)
(2.1134, 1.5242, -2.3116)
(1.9302, 0.9133, -2.5544)
(1.7459, 0.3249, -2.5546)
(1.6201, -0.1819, -2.6299)
(1.5932, -0.3269, -3.1459)
(1.4366, -0.4992, -3.5696)
(2.3952, 1.9065, -1.571)
(2.2347, 1.3044, -1.8518)
(2.0525, 0.714, -2.1042)
(1.8316, 0.1403, -2.1227)
(1.6752, -0.3646, -2.1876)
(1.4733, -0.6071, -2.5674)
(1.2278, -0.8351, -2.8464)
(2.5824, 1.6186, -1.0727)
(2.4555, 1.0172, -1.3659)
(2.2835, 0.4285, -1.6471)
(2.1634, -0.1425, -1.8726)
(1.9811, -0.6566, -2.0651)
(1.6049, -1.0031, -2.2252)
(1.3207, -1.2919, -2.448)
(2.6677, 1.3232, -0.5475)
(2.5793, 0.7198, -0.8548)
(2.4159, 0.127, -1.149)
(2.2683, -0.4421, -1.4159)
(2.0617, -0.9741, -1.6538)
(1.7177, -1.4074, -1.8306)
(1.3439, -1.6582, -1.9471)
(2.6503, 1.0409, -0.0057)
(2.556, 0.4439, -0.319)
(2.3917, -0.1497, -0.6184)
(2.2294, -0.7238, -0.887)
(2.0298, -1.2704, -1.133)
(1.7328, -1.7432, -1.3407)
(1.381, -2.0284, -1.4629)
(2.5455, 0.78, 0.5356)
(2.407, 0.1982, 0.2141)
(2.2453, -0.3942, -0.0877)
(2.1034, -0.9835, -0.3623)
(1.9444, -1.556, -0.6174)
(1.7173, -2.0713, -0.847)
(1.438, -2.4179, -1.0049)
(2.3977, 0.5151, 1.0622)
(2.2766, -0.0615, 0.7337)
(2.1973, -0.6537, 0.431)
(2.0563, -1.2487, 0.155)
(1.8894, -1.8349, -0.1064)
(1.7094, -2.3847, -0.3622)
(1.5132, -2.8026, -0.547)
(2.297, 0.2038, 1.5703)
(2.3308, -0.3695, 1.2255)
(2.4216, -0.9297, 0.8919)
(2.2769, -1.5206, 0.6243)
(2.0731, -2.1149, 0.3685)
(1.9525, -2.6905, 0.0487)
(1.863, -3.3267, -0.3111)
(2.2676, -0.1412, 2.0674)
(2.4623, -0.6812, 1.7188)
(2.664, -1.2103, 1.3721)
(2.5904, -1.7901, 1.0659)
(2.1405, -3.9524, -0.341)
(2.4354, -2.3704, 0.7668)
(2.4066, -2.9008, 0.3606)
(2.7229, -4.2565, -0.5922)
(2.4562, -3.3834, -0.1016)
(2.6399, -4.9315, -0.6405)
(2.514, -3.9068, -0.4243)
(2.2303, -0.5073, 2.555)
(2.5208, -1.0203, 2.222)
(2.8151, -1.5195, 1.8727)
(2.7988, -4.7224, -0.8882)
(2.8941, -2.0633, 1.5025)
(2.7106, -4.466, -0.5579)
(2.8813, -2.5962, 1.098)
(2.9207, -3.0787, 0.6284)
(2.8927, -4.8722, -0.8527)
(3.0044, -3.5008, 0.1152)
(3.0475, -4.6851, -1.1186)
(2.9997, -4.0153, -0.2785)
(2.1277, -0.8647, 3.01)
(2.4789, -1.3814, 2.7303)
(2.8332, -1.8906, 2.3629)
(3.1417, -4.5742, -0.6149)
(3.0922, -2.3991, 1.9492)
(3.2296, -2.8836, 1.4746)
(3.3259, -4.9808, -0.9967)
(3.3293, -3.3376, 0.96)
(1.9708, -1.1605, 3.3437)
(3.551, -4.8202, -1.21)
(3.4323, -3.7682, 0.4295)
(3.4693, -4.251, -0.0497)
(2.7324, -2.3198, 2.7957)
(2.2425, -1.7849, 3.2591)
(3.6016, -4.7636, -0.4715)
(3.0871, -2.8192, 2.3771)
(3.3135, -3.2932, 1.8871)
(3.8077, -5.2007, -0.8585)
(3.4562, -3.7483, 1.3544)
(3.9777, -5.2288, -1.2241)
(3.598, -4.198, 0.8103)
(3.7468, -4.6451, 0.2547)
(2.2105, -2.3808, 3.3289)
(2.5099, -2.7907, 3.068)
(3.8981, -5.118, -0.2077)
(2.8389, -3.2689, 2.6836)
(3.1073, -3.7368, 2.2077)
(4.1213, -5.5585, -0.6258)
(3.306, -4.1904, 1.6851)
(4.2056, -5.7522, -1.0257)
(3.5035, -4.6483, 1.1598)
(3.6854, -5.0838, 0.5968)
(1.9038, -2.7957, 3.4015)
(2.1091, -3.1593, 3.1507)
(3.8286, -5.5169, 0.1056)
(2.4072, -3.6225, 2.7872)
(2.6791, -4.0806, 2.3216)
(4.0103, -5.9718, -0.3625)
(2.886, -4.5091, 1.7897)
(1.6901, -3.0539, 3.3226)
(4.1318, -6.2418, -0.7475)
(3.0546, -4.9383, 1.2373)
(1.6686, -3.3082, 3.1034)
(1.9993, -3.7987, 2.7401)
(3.1999, -5.3846, 0.6714)
(2.2765, -4.2342, 2.269)
(3.3908, -5.8038, 0.1722)
(2.4904, -4.6466, 1.7492)
(2.6505, -5.0652, 1.2102)
(3.5537, -6.2573, -0.2761)
(2.7125, -5.4956, 0.6284)
(3.726, -6.5497, -0.6015)
(2.9378, -5.9956, 0.0172)
(3.3962, -6.5964, -0.4865)
(3.1402, -6.4371, -0.3737)
(-1.9111, 0.6538, -5.7264)
(-1.7213, 1.0015, -5.2332)
(-1.7556, 1.3868, -4.7939)
(-2.2056, 1.7139, -4.637)
(-2.3753, 2.2975, -4.4695)
(-2.2766, 2.9518, -4.2889)
(-2.0648, 0.3712, -5.4088)
(-1.8778, 0.7232, -4.9312)
(-1.8117, 1.1137, -4.4694)
(-2.041, 3.5184, -4.0617)
(-2.1594, 1.5444, -4.2466)
(-1.883, 3.8383, -3.8199)
(-2.297, 2.1574, -4.0762)
(-2.2188, 2.8117, -3.8976)
(-2.0984, 3.3876, -3.664)
(-1.8612, 3.7862, -3.4774)
(-2.2654, 0.0488, -4.9921)
(-2.1515, 0.4358, -4.5522)
(-1.9647, 0.8129, -4.0687)
(-2.0917, 1.3051, -3.7638)
(-2.0985, 1.9574, -3.6272)
(-2.0837, 2.6077, -3.4523)
(-2.1438, 3.1537, -3.1722)
(-1.992, 3.5378, -2.9299)
(-2.4464, -0.1967, -4.5047)
(-2.5656, 0.2955, -4.1984)
(-2.3989, 0.725, -3.7545)
(-2.2849, 1.1689, -3.3356)
(-2.2113, 1.7709, -3.195)
(-2.1818, 2.3493, -3.0655)
(-2.1637, 2.8796, -2.779)
(-2.0417, 3.1957, -2.4304)
(-2.534, -0.3732, -3.9482)
(-2.8547, 0.1472, -3.7466)
(-2.864, 0.723, -3.4645)
(-2.7348, 1.2793, -3.1527)
(-2.5201, 1.7957, -2.9556)
(-2.1223, 2.0908, -2.7416)
(-1.8645, 2.5855, -2.6597)
(-1.5633, 3.1135, -2.8749)
(-2.5534, -0.5322, -3.3643)
(-2.9202, 0.0025, -3.18)
(-3.0778, 0.6227, -2.9692)
(-3.0207, 1.2272, -2.7446)
(-2.6416, 1.6505, -2.5277)
(-2.1354, 1.9156, -2.2914)
(-1.8026, 2.3013, -2.217)
(-1.683, 2.633, -2.561)
(-2.5504, -0.6941, -2.7768)
(-2.907, -0.1467, -2.5879)
(-3.0766, 0.4794, -2.3888)
(-3.0282, 1.1199, -2.1899)
(-2.7651, 1.6707, -1.9973)
(-2.3051, 2.0562, -1.8161)
(-1.8125, 2.2923, -1.6886)
(-1.5914, 2.5993, -1.7769)
(-2.5328, -0.8566, -2.1884)
(-2.8865, -0.3056, -1.9957)
(-3.0654, 0.3181, -1.7987)
(-3.0271, 0.9627, -1.6053)
(-2.8295, 1.5519, -1.4213)
(-2.4801, 2.0391, -1.2654)
(-2.0098, 2.3682, -1.1539)
(-1.6341, 2.6073, -1.1326)
(-2.4901, -1.0105, -1.5982)
(-2.853, -0.4635, -1.4025)
(-3.0536, 0.1523, -1.2071)
(-3.0057, 0.7897, -1.0196)
(-2.7763, 1.3629, -0.845)
(-2.4568, 1.8747, -0.6895)
(-2.0596, 2.2941, -0.5678)
(-1.6989, 2.5727, -0.5033)
(-2.4127, -1.1476, -1.0072)
(-2.7947, -0.6118, -0.8081)
(-3.0249, -0.0091, -0.6134)
(-2.9636, 0.6224, -0.435)
(-2.6764, 1.1779, -0.278)
(-2.351, 1.6986, -0.123)
(-2.0144, 2.1754, 0.0193)
(-1.7069, 2.5179, 0.1083)
(-2.3016, -1.2688, -0.4178)
(-2.7057, -0.7446, -0.2137)
(-2.988, -0.1614, -0.0169)
(-2.9581, 0.4734, 0.1556)
(-2.6464, 1.0386, 0.304)
(-2.2979, 1.5735, 0.4559)
(-1.9717, 2.0805, 0.6047)
(-1.7109, 2.4653, 0.7131)
(-2.1593, -1.3817, 0.1648)
(-2.5752, -0.8561, 0.3755)
(-2.9369, -0.2989, 0.5786)
(-3.0044, 0.339, 0.7486)
(-2.7008, 0.9369, 0.893)
(-2.3219, 1.4946, 1.0423)
(-1.969, 2.027, 1.1935)
(-1.6878, 2.4294, 1.317)
(-1.9382, -1.4403, 0.7311)
(-2.3576, -0.9257, 0.9466)
(-2.7583, -0.3972, 1.157)
(-2.9463, 0.2084, 1.3368)
(-2.715, 0.8253, 1.4808)
(-2.3788, 1.4186, 1.6275)
(-2.0533, 2.0095, 1.765)
(-1.6573, 2.6435, 1.9591)
(-1.6736, -1.4723, 1.2862)
(-2.0986, -0.973, 1.5045)
(-2.5136, -0.4642, 1.7166)
(-2.7841, 0.0972, 1.9034)
(-2.6765, 0.7099, 2.038)
(-1.7774, 3.3279, 2.0541)
(-2.517, 1.3543, 2.1528)
(-2.3737, 2.0152, 2.187)
(-1.7754, 3.5009, 2.7373)
(-2.2686, 2.6824, 2.1063)
(-2.1806, 4.0366, 2.8621)
(-1.4048, -1.5133, 1.8425)
(-2.199, 3.3095, 2.1446)
(-1.8222, -1.0095, 2.0573)
(-2.2196, -0.4859, 2.2565)
(-2.5486, 0.0922, 2.4194)
(-2.155, 4.2905, 2.6979)
(-2.7312, 0.7258, 2.5101)
(-2.102, 3.7714, 2.5245)
(-2.8046, 1.3956, 2.5013)
(-2.784, 2.0745, 2.4086)
(-2.0884, 4.277, 2.7242)
(-2.7399, 2.7519, 2.2737)
(-2.2855, 4.5434, 2.6675)
(-2.655, 3.4097, 2.1983)
(-1.1552, -1.5633, 2.3645)
(-1.5344, -1.0383, 2.5794)
(-1.8584, -0.4763, 2.7666)
(-2.1537, 0.1656, 2.8521)
(-2.453, 3.9987, 2.3056)
(-2.3852, 0.8326, 2.8835)
(-2.5516, 1.4992, 2.8924)
(-2.3083, 4.5744, 2.4377)
(-2.6351, 2.1785, 2.821)
(-0.9868, -1.6044, 2.7348)
(-1.3178, -1.0634, 3.0062)
(-2.2782, 4.9882, 2.5575)
(-2.6815, 2.8626, 2.708)
(-2.7231, 3.5431, 2.6001)
(-1.879, 0.2173, 3.3875)
(-1.5005, -0.5342, 3.3898)
(-2.7266, 4.2015, 2.4942)
(-2.0691, 0.906, 3.3604)
(-2.1689, 1.5887, 3.2834)
(-2.6971, 4.7901, 2.3753)
(-2.2454, 2.2694, 3.1648)
(-2.6438, 5.2445, 2.4239)
(-2.3286, 2.9562, 3.0445)
(-2.4517, 3.6492, 2.9695)
(-1.461, -0.1611, 3.8885)
(-1.708, 0.3435, 3.9389)
(-2.6156, 4.3152, 2.9067)
(-1.9307, 0.9869, 3.9246)
(-2.0825, 1.6673, 3.83)
(-2.8525, 4.8853, 2.8064)
(-2.2096, 2.3439, 3.6937)
(-3.0202, 5.3254, 2.7554)
(-2.3807, 3.0202, 3.5501)
(-2.5897, 3.7129, 3.4376)
(-1.2425, 0.0554, 4.3312)
(-1.429, 0.4997, 4.3923)
(-2.7836, 4.36, 3.3893)
(-1.6832, 1.1058, 4.416)
(-1.9107, 1.7701, 4.3503)
(-2.9674, 4.9626, 3.3691)
(-2.1403, 2.4287, 4.2378)
(-1.1046, 0.2689, 4.5749)
(-3.0844, 5.4355, 3.323)
(-2.3841, 3.089, 4.1031)
(-1.0719, 0.599, 4.6532)
(-1.3898, 1.2186, 4.7367)
(-2.5747, 3.7806, 3.9495)
(-1.6616, 1.8707, 4.702)
(-2.7679, 4.4319, 3.8961)
(-1.9422, 2.5062, 4.599)
(-2.218, 3.1385, 4.4948)
(-2.9343, 5.0263, 3.9128)
(-2.3252, 3.7559, 4.2045)
(-3.0157, 5.4864, 3.867)
(-2.5009, 4.4259, 4.1928)
(-2.8507, 5.3718, 4.1441)
(-2.7052, 5.0896, 4.2821)
(1.405, 3.2174, -3.7703)
(1.1592, 3.3437, -3.3661)
(0.7777, 3.7538, -3.1001)
(0.2322, 3.977, -2.948)
(-0.2707, 3.7776, -2.8465)
(-0.7873, 3.9728, -3.0591)
(1.7171, 3.193, -3.708)
(1.2541, 3.4274, -3.4488)
(0.7237, 3.5256, -3.1118)
(-1.3674, 4.1646, -3.2586)
(0.2303, 3.7008, -2.7578)
(-1.7329, 4.1201, -3.4536)
(-0.3451, 3.732, -2.5963)
(-0.9059, 3.7325, -2.8342)
(-1.4414, 3.8279, -3.1392)
(-1.8522, 3.7973, -3.4613)
(1.9476, 3.0603, -3.2886)
(1.4547, 3.3878, -3.0438)
(0.8858, 3.3837, -2.7632)
(0.2656, 3.3904, -2.5448)
(-0.4023, 3.4327, -2.4635)
(-1.048, 3.4809, -2.5113)
(-1.5808, 3.6339, -2.7079)
(-1.9804, 3.5473, -2.9149)
(2.0189, 2.8305, -2.7536)
(1.5144, 3.2312, -2.5276)
(0.9412, 3.4755, -2.343)
(0.2878, 3.5178, -2.2416)
(-0.3572, 3.5208, -2.1333)
(-0.9806, 3.4818, -2.1554)
(-1.5618, 3.3957, -2.3381)
(-2.036, 3.2092, -2.413)
(2.024, 2.6169, -2.2513)
(1.4684, 2.9446, -2.0862)
(0.8728, 3.1482, -2.0357)
(0.2376, 3.1472, -2.075)
(-0.2764, 3.1707, -1.9162)
(-0.7445, 3.162, -2.1555)
(-1.2887, 3.0509, -2.3753)
(-1.5679, 2.972, -2.76)
(2.1454, 2.6458, -1.7815)
(1.63, 2.8317, -1.6462)
(1.0359, 2.7237, -1.7771)
(0.3866, 2.6486, -1.8365)
(-0.1563, 2.6803, -1.717)
(-0.6579, 2.7841, -1.8657)
(-1.2119, 2.7186, -2.0661)
(-1.6187, 2.5745, -2.3846)
(2.3014, 2.4152, -1.3067)
(1.7553, 2.4797, -1.2369)
(1.1438, 2.328, -1.3899)
(0.4911, 2.3217, -1.4285)
(-0.0932, 2.4405, -1.3246)
(-0.6348, 2.5639, -1.4182)
(-1.171, 2.5414, -1.5427)
(-1.5776, 2.5582, -1.7391)
(2.4232, 2.1014, -0.8189)
(1.8522, 2.1393, -0.8056)
(1.1952, 2.1808, -0.8586)
(0.5642, 2.3831, -0.889)
(-0.0212, 2.6339, -0.876)
(-0.6268, 2.7489, -0.9406)
(-1.195, 2.7108, -1.0124)
(-1.6145, 2.6086, -1.1187)
(2.4738, 1.8415, -0.2902)
(1.8979, 2.0476, -0.2491)
(1.2343, 2.1953, -0.2707)
(0.5904, 2.3788, -0.3029)
(-0.0218, 2.5229, -0.3451)
(-0.6342, 2.554, -0.4231)
(-1.2206, 2.5688, -0.4651)
(-1.6803, 2.5804, -0.4955)
(2.4475, 1.5836, 0.2549)
(1.8914, 1.8994, 0.3314)
(1.2301, 2.0639, 0.3076)
(0.5693, 2.1581, 0.2363)
(-0.0628, 2.1764, 0.1333)
(-0.681, 2.2217, 0.0783)
(-1.2621, 2.346, 0.0857)
(-1.6902, 2.5286, 0.1171)
(2.3982, 1.3273, 0.8067)
(1.8589, 1.652, 0.886)
(1.1961, 1.7686, 0.825)
(0.5317, 1.7884, 0.6977)
(-0.1134, 1.8423, 0.6146)
(-0.7315, 1.9963, 0.6186)
(-1.2865, 2.2374, 0.6616)
(-1.6992, 2.4815, 0.7231)
(2.3319, 1.0516, 1.3514)
(1.8092, 1.3433, 1.4094)
(1.153, 1.4048, 1.2977)
(0.5078, 1.501, 1.1954)
(-0.1245, 1.6986, 1.1766)
(-0.7317, 1.9268, 1.2005)
(-1.223, 2.2772, 1.2376)
(-1.6707, 2.4469, 1.3322)
(2.2458, 0.7288, 1.8741)
(1.7349, 1.0127, 1.9186)
(1.104, 1.1278, 1.8081)
(0.5418, 1.443, 1.7671)
(-0.0775, 1.7121, 1.7751)
(-0.664, 1.9681, 1.7867)
(-1.0379, 2.4272, 1.7794)
(-1.6368, 2.6606, 1.9808)
(2.1444, 0.3802, 2.3803)
(1.6445, 0.7219, 2.4434)
(1.0529, 0.9822, 2.3813)
(0.5665, 1.417, 2.3721)
(-0.0246, 1.7324, 2.3795)
(-1.7666, 3.3621, 2.0267)
(-0.5548, 2.0587, 2.373)
(-0.7767, 2.5802, 2.3165)
(-1.7327, 3.4326, 2.7431)
(-1.2154, 2.949, 2.4289)
(-2.1385, 4.0944, 2.8892)
(1.9899, 0.0139, 2.8573)
(-1.5182, 3.4637, 2.4743)
(1.5156, 0.4371, 2.965)
(0.996, 0.8402, 2.9686)
(0.5675, 1.3463, 2.9788)
(-2.2753, 4.3445, 2.7756)
(0.0396, 1.7511, 2.9768)
(-1.7835, 3.8862, 2.7714)
(-0.4075, 2.1773, 2.9449)
(-0.5451, 2.731, 2.856)
(-2.0852, 4.2772, 2.8473)
(-0.8933, 3.1845, 2.9069)
(-2.2789, 4.6788, 2.6849)
(-1.2535, 3.6885, 2.8869)
(1.7741, -0.3425, 3.2592)
(1.3384, 0.1396, 3.4408)
(0.8951, 0.6265, 3.546)
(0.5001, 1.2014, 3.5725)
(-1.5652, 4.2202, 2.9404)
(0.0774, 1.7358, 3.5629)
(-0.2824, 2.2822, 3.4983)
(-1.8651, 4.7169, 2.8934)
(-0.5301, 2.8664, 3.4198)
(1.5954, -0.5923, 3.5284)
(1.1504, -0.1075, 3.8013)
(-2.0248, 5.1594, 2.6933)
(-0.739, 3.463, 3.4142)
(-1.1036, 4.0322, 3.3363)
(0.2669, 1.0366, 4.1097)
(0.6532, 0.2834, 4.1294)
(-1.3918, 4.5785, 3.2842)
(-0.0681, 1.6675, 4.1228)
(-0.3842, 2.2812, 4.0667)
(-1.6256, 5.1584, 3.2004)
(-0.6582, 2.8993, 4.0011)
(-1.701, 5.5874, 2.9706)
(-0.8603, 3.5448, 3.9853)
(-1.1739, 4.2037, 3.877)
(0.1116, 0.423, 4.4617)
(-0.152, 0.9209, 4.501)
(-1.4125, 4.8633, 3.7605)
(-0.4482, 1.5325, 4.5425)
(-0.7384, 2.1705, 4.5113)
(-1.5304, 5.4676, 3.6643)
(-1.0168, 2.8032, 4.4441)
(-1.6771, 5.8757, 3.4969)
(-1.2808, 3.4374, 4.3988)
(-1.5155, 4.1193, 4.2863)
(-0.4009, 0.3725, 4.6541)
(-0.6517, 0.7831, 4.6908)
(-1.6921, 4.8279, 4.1912)
(-0.9459, 1.3645, 4.7371)
(-1.2313, 1.999, 4.7016)
(-1.8081, 5.4684, 4.1158)
(-1.5153, 2.6219, 4.6062)
(-0.7569, 0.41, 4.6801)
(-1.9485, 5.8947, 4.0122)
(-1.7986, 3.2292, 4.5484)
(-1.0506, 0.5972, 4.6634)
(-1.3667, 1.2149, 4.7467)
(-2.0092, 3.8474, 4.3516)
(-1.6443, 1.8591, 4.7221)
(-2.1433, 4.5295, 4.2903)
(-1.9193, 2.4963, 4.6139)
(-2.1911, 3.1267, 4.5057)
(-2.2632, 5.1978, 4.3174)
(-2.3497, 3.7161, 4.1404)
(-2.351, 5.6654, 4.3053)
(-2.4976, 4.3778, 4.1416)
(-2.5985, 5.4181, 4.3803)
(-2.6773, 5.109, 4.2986)
(1.3714, -2.032, -1.4617)
(1.8438, -0.3085, -4.5534)
(1.6484, -3.305, 3.097)
(1.215, -0.8176, -2.8596)
(1.9826, -3.793, 2.7311)
(2.2671, -4.2306, 2.264)
(1.4283, -2.421, -1.0035)
(2.4886, -4.6394, 1.7417)
(2.6489, -5.0565, 1.2027)
(2.7229, -5.4711, 0.6269)
(2.8994, -5.9235, 0.0775)
(1.8287, -0.8431, -4.2628)
(3.1124, -6.3984, -0.3727)
(1.3094, -1.2864, -2.4489)
(1.334, -1.6605, -1.9473)
(2.1309, -3.9553, -0.3581)
(1.5042, -2.8074, -0.5488)
(1.8525, -3.3286, -0.3091)
(2.7048, -4.263, -0.5993)
(2.6476, -4.9314, -0.6747)
(2.0528, -0.066, -5.0761)
(1.5841, -0.3528, -4.0432)
(1.4111, -0.541, -3.5192)
(2.732, -6.2148, -0.6763)
(2.8784, -6.2114, -0.3969)
(3.0262, -6.4213, -0.5235)
(2.843, -6.4273, -0.7674)
(2.6422, -5.0942, -0.74)
(2.5721, -4.8857, -0.6107)
(2.6429, -4.9768, -0.7074)
(2.6819, -5.127, -0.7738)
(2.5929, -4.8555, -0.6956)
(2.7528, -4.8992, -1.0262)
(2.8599, -4.9701, -0.9948)
(2.5023, -4.9359, -0.9842)
(2.5191, -5.0229, -1.2424)
(2.7515, -4.9751, -1.3564)
(2.4806, -5.1346, -0.9938)
(2.64, -5.3559, -1.1047)
(2.6444, -5.2328, -1.3997)
(2.5454, -5.445, -0.7761)
(2.539, -5.7974, -0.8858)
(2.6161, -5.6807, -1.194)
(2.578, -5.8898, -0.5547)
(2.5898, -6.1373, -0.9739)
(0.6358, -3.0917, 2.6553)
(0.7317, -3.0259, 2.9535)
(1.1016, -3.1938, 2.9493)
(1.0327, -3.3086, 2.6603)
(0.947, -3.4949, 2.3117)
(1.4202, -3.5325, 2.6442)
(1.3495, -3.7506, 2.2949)
(1.2434, -3.9955, 1.9293)
(1.7291, -3.996, 2.2468)
(1.6235, -4.248, 1.8996)
(1.4956, -4.5063, 1.5382)
(1.978, -4.4864, 1.8309)
(1.8512, -4.765, 1.5045)
(1.7323, -4.9949, 1.1302)
(2.1905, -4.981, 1.4123)
(2.0656, -5.1672, 1.0714)
(1.9834, -5.1414, 0.6625)
(2.3341, -5.2766, 0.896)
(2.2357, -5.2303, 0.5308)
(2.2235, -5.1893, 0.1465)
(2.4681, -5.5103, 0.3269)
(2.4229, -5.5235, -0.0158)
(2.4348, -5.5033, -0.4)
(2.6558, -5.898, -0.2122)
(0.1399, -2.9457, 2.3275)
(0.2213, -2.7982, 2.6836)
(0.5434, -3.2376, 2.3197)
(0.4548, -3.4858, 1.9529)
(0.8525, -3.7401, 1.9434)
(0.7582, -3.9911, 1.5616)
(1.1382, -4.2358, 1.5475)
(1.0526, -4.4508, 1.1417)
(1.3982, -4.7232, 1.1382)
(1.3395, -4.8874, 0.704)
(1.6718, -5.1025, 0.7025)
(1.6929, -5.1513, 0.2501)
(2.0063, -5.124, 0.2316)
(2.1061, -5.1518, -0.1875)
(2.312, -5.1886, -0.2591)
(2.452, -5.1783, -0.6509)
(-0.954, -1.8213, 2.2608)
(-1.0633, -1.5849, 2.5639)
(-0.7831, -1.8724, 2.6495)
(-0.6517, -2.108, 2.3904)
(-0.5708, -2.3447, 2.0711)
(-0.308, -2.3862, 2.5738)
(-0.2432, -2.6344, 2.2429)
(-0.2772, -2.9239, 1.8497)
(0.0672, -3.2185, 1.9335)
(-0.0117, -3.5081, 1.5528)
(0.3649, -3.7631, 1.5775)
(0.3099, -3.9879, 1.181)
(0.6772, -4.2219, 1.1653)
(0.659, -4.3733, 0.7449)
(0.9946, -4.6293, 0.7169)
(1.0337, -4.7014, 0.2874)
(1.3386, -4.9808, 0.2549)
(1.4406, -4.9793, -0.1742)
(1.771, -5.1815, -0.183)
(1.9275, -5.1812, -0.4975)
(2.2217, -5.1824, -0.5451)
(2.3085, -5.1212, -0.8198)
(-1.1985, -1.7655, 1.7314)
(-1.2725, -1.5385, 2.1175)
(-0.8756, -2.0521, 1.9013)
(-0.8357, -2.301, 1.5134)
(-0.5626, -2.6111, 1.695)
(-0.6129, -2.9057, 1.32)
(-0.3506, -3.2202, 1.4695)
(-0.3485, -3.4362, 1.0776)
(-0.0327, -3.7198, 1.1525)
(0.09, -3.7757, 0.7482)
(0.3608, -4.081, 0.755)
(0.5756, -4.0329, 0.3902)
(0.7852, -4.3764, 0.3322)
(1.0621, -4.2632, 0.005)
(1.2272, -4.6352, -0.0998)
(1.495, -4.5022, -0.4278)
(1.6567, -4.8977, -0.4958)
(1.9638, -4.7609, -0.5854)
(2.1637, -5.063, -0.6335)
(2.4321, -4.8636, -0.686)
(-1.466, -1.7251, 1.1749)
(-1.5391, -1.4909, 1.5638)
(-1.1372, -2.0034, 1.3408)
(-1.0964, -2.2617, 0.9563)
(-0.8349, -2.5763, 1.1334)
(-0.8339, -2.8506, 0.756)
(-0.6172, -3.1549, 0.9411)
(-0.4559, -3.2757, 0.5473)
(-0.1679, -3.49, 0.6905)
(0.142, -3.4459, 0.3768)
(0.3879, -3.6945, 0.448)
(0.7582, -3.6032, 0.2247)
(0.9237, -3.9146, 0.1504)
(1.2672, -3.7661, -0.0981)
(1.3733, -4.1063, -0.2758)
(1.6961, -3.9895, -0.4856)
(1.8072, -4.3692, -0.5977)
(2.1572, -4.3029, -0.5433)
(2.2754, -4.6357, -0.5215)
(2.4643, -4.6876, -0.509)
(-1.7324, -1.6998, 0.6222)
(-1.8081, -1.4568, 1.0092)
(-1.4034, -1.9742, 0.7885)
(-1.3359, -2.2256, 0.3992)
(-1.0562, -2.5253, 0.5712)
(-0.9773, -2.7695, 0.175)
(-0.7344, -3.061, 0.3626)
(-0.526, -3.2012, -0.0342)
(-0.1921, -3.3377, 0.1764)
(0.0986, -3.3384, -0.1522)
(0.4639, -3.4134, 0.0888)
(0.7702, -3.3258, -0.2033)
(1.0896, -3.508, -0.0508)
(1.4185, -3.3276, -0.2916)
(1.6209, -3.6265, -0.3158)
(1.9816, -3.6444, -0.3412)
(2.0409, -4.008, -0.4985)
(2.404, -4.1139, -0.4908)
(2.4672, -4.379, -0.5205)
(2.671, -4.6005, -0.6576)
(-1.9496, -1.6412, 0.0578)
(-2.0579, -1.4174, 0.45)
(-1.6458, -1.9397, 0.2314)
(-1.5264, -2.1535, -0.1656)
(-1.2433, -2.4633, 0.0007)
(-1.1015, -2.6592, -0.4036)
(-0.8258, -2.9595, -0.2279)
(-0.5781, -3.0205, -0.6015)
(-0.252, -3.2237, -0.3904)
(0.0609, -3.0668, -0.6652)
(0.4099, -3.191, -0.4246)
(0.7137, -2.948, -0.6363)
(1.0637, -3.1191, -0.431)
(1.2857, -2.8611, -0.5995)
(1.6686, -3.0713, -0.4289)
(-2.0817, -1.5163, -0.5213)
(-2.2377, -1.3294, -0.1249)
(-1.8031, -1.8315, -0.3382)
(-1.6211, -1.9882, -0.7347)
(-1.3563, -2.3178, -0.5648)
(-1.1394, -2.4279, -0.9574)
(-0.8752, -2.748, -0.7872)
(-0.5773, -2.7092, -1.1196)
(-0.2666, -2.914, -0.9008)
(0.0437, -2.6956, -1.1286)
(0.3684, -2.8089, -0.8706)
(0.6596, -2.5455, -1.0627)
(0.9791, -2.6885, -0.8223)
(1.1962, -2.4517, -1.0198)
(1.457, -2.6181, -0.7764)
(-2.1925, -1.3932, -1.1074)
(-2.3602, -1.2088, -0.7121)
(-1.9071, -1.6884, -0.9172)
(-1.7067, -1.8366, -1.3101)
(-1.4141, -2.1203, -1.1288)
(-1.16, -2.1891, -1.5059)
(-0.8718, -2.461, -1.322)
(-0.5614, -2.404, -1.642)
(-0.2621, -2.5794, -1.3991)
(0.0429, -2.3893, -1.6388)
(0.3409, -2.4503, -1.3353)
(0.6291, -2.2064, -1.5441)
(0.9214, -2.3009, -1.2661)
(1.1422, -2.0714, -1.4798)
(1.3902, -2.2298, -1.2314)
(-2.2698, -1.2552, -1.6949)
(-2.4561, -1.0815, -1.3027)
(-1.9962, -1.5521, -1.4991)
(-1.7519, -1.6564, -1.8786)
(-1.4545, -1.9198, -1.6873)
(-1.1451, -1.9069, -2.0302)
(-0.851, -2.1618, -1.8434)
(-0.5293, -2.0864, -2.1556)
(-0.246, -2.2863, -1.9253)
(0.0633, -2.1178, -2.177)
(0.3427, -2.1681, -1.8596)
(0.6264, -1.9127, -2.0674)
(0.888, -1.9583, -1.7543)
(1.1089, -1.7162, -1.9735)
(1.3429, -1.8492, -1.704)
(-2.3091, -1.0973, -2.2811)
(-2.5153, -0.9352, -1.8935)
(-2.0426, -1.3884, -2.0781)
(-1.7626, -1.4545, -2.4411)
(-1.4524, -1.6758, -2.2296)
(-1.1195, -1.611, -2.5483)
(-0.8135, -1.8307, -2.3463)
(-0.4983, -1.7573, -2.668)
(-0.2185, -1.9857, -2.4531)
(0.0944, -1.8299, -2.7168)
(0.3653, -1.8927, -2.3992)
(0.6357, -1.6017, -2.5946)
(0.8724, -1.6264, -2.2669)
(1.08, -1.3428, -2.4717)
(1.3111, -1.4719, -2.1986)
(-2.3193, -0.928, -2.8647)
(-2.544, -0.7758, -2.4828)
(-2.0571, -1.2127, -2.6555)
(-1.7556, -1.2581, -3.0055)
(-1.4426, -1.4432, -2.776)
(-1.1053, -1.3234, -3.0671)
(-0.7902, -1.5069, -2.856)
(-0.4794, -1.4001, -3.1451)
(-0.1914, -1.6725, -2.9784)
(0.1343, -1.4987, -3.1897)
(0.4001, -1.6002, -2.9347)
(0.6655, -1.2655, -3.0887)
(0.8574, -1.2655, -2.7701)
(1.0584, -0.9454, -2.9555)
(1.2501, -1.0406, -2.6613)
(-2.3078, -0.7505, -3.4445)
(-2.5535, -0.6127, -3.0706)
(-2.0443, -1.0231, -3.2277)
(-1.7161, -1.0274, -3.5545)
(-1.417, -1.1866, -3.307)
(-1.0676, -0.9934, -3.5462)
(-0.7739, -1.1207, -3.3003)
(-0.4386, -0.964, -3.4883)
(-0.1576, -1.2435, -3.3243)
(0.1976, -1.0421, -3.4422)
(0.4574, -1.2094, -3.2936)
(0.7673, -0.8985, -3.5002)
(0.9214, -0.9196, -3.2757)
(1.1973, -0.6684, -3.5274)
(1.2939, -0.6915, -3.1707)
(-2.2761, -0.5693, -4.0201)
(-2.5489, -0.453, -3.6574)
(-2.004, -0.8169, -3.7922)
(-1.6557, -0.8025, -4.1066)
(-1.3584, -0.9387, -3.8383)
(-0.9834, -0.7906, -4.0832)
(-0.7062, -0.8299, -3.7656)
(-0.3298, -0.7388, -4.0089)
(-0.0698, -0.8722, -3.6969)
(0.3182, -0.7657, -3.9618)
(0.5628, -0.8545, -3.6902)
(0.9181, -0.6978, -4.0402)
(1.0764, -0.6584, -3.8298)
(1.3817, -0.5372, -4.0693)
(1.4778, -0.4643, -3.7594)
(-2.2204, -0.3866, -4.5897)
(-2.5019, -0.29, -4.233)
(-1.9502, -0.6116, -4.3546)
(-1.5913, -0.5808, -4.6548)
(-1.2819, -0.7011, -4.378)
(-0.897, -0.5784, -4.6262)
(-0.5983, -0.6352, -4.3192)
(-0.2333, -0.5458, -4.576)
(0.0437, -0.6309, -4.2697)
(0.4345, -0.5701, -4.5184)
(0.7086, -0.6635, -4.2416)
(1.0811, -0.6826, -4.4818)
(1.2665, -0.6933, -4.2929)
(1.5792, -0.7387, -4.3825)
(1.6958, -0.5969, -4.1597)
(-2.1118, -0.1475, -5.1215)
(-2.3645, -0.0859, -4.7569)
(-1.8867, -0.4216, -4.9183)
(-1.5304, -0.4249, -5.2218)
(-1.2206, -0.5435, -4.9357)
(-0.8466, -0.5188, -5.1971)
(-0.5273, -0.5466, -4.8834)
(-0.1584, -0.5554, -5.1314)
(0.1379, -0.5655, -4.8294)
(0.5281, -0.5795, -5.0522)
(0.8208, -0.6011, -4.7424)
(1.1603, -0.5129, -4.8933)
(1.3901, -0.6302, -4.6108)
(1.6534, -0.3975, -4.6862)
(1.8282, -0.5788, -4.4135)
(-1.9687, 0.16, -5.5739)
(-2.1616, 0.2081, -5.2121)
(-1.7955, -0.1779, -5.4489)
(-1.4473, -0.1567, -5.7116)
(-1.1541, -0.3734, -5.4823)
(-0.769, -0.2715, -5.6843)
(-0.4637, -0.4437, -5.4257)
(-0.0782, -0.3203, -5.6098)
(0.2268, -0.477, -5.3435)
(0.6071, -0.3127, -5.4988)
(0.9004, -0.4368, -5.2148)
(1.2673, -0.2363, -5.3312)
(1.4883, -0.2991, -5.0065)
(1.8063, -0.1355, -5.1459)
(1.9395, -0.1886, -4.8195)
(-1.8519, 0.43, -5.9096)
(-1.9832, 0.5181, -5.5762)
(-1.702, 0.1006, -5.8599)
(-1.3797, 0.1038, -6.0589)
(-1.077, -0.0875, -5.8891)
(-0.7026, 0.0078, -6.0151)
(-0.389, -0.1574, -5.8282)
(-0.0131, -0.0427, -5.9412)
(0.3004, -0.1865, -5.7408)
(0.678, -0.0717, -5.8511)
(0.9833, -0.1631, -5.6112)
(1.3582, -0.0614, -5.713)
(1.6151, -0.104, -5.44)
(1.8936, -0.0109, -5.5373)
(2.0693, -0.0224, -5.264)
(1.1364, -3.1227, 3.1163)
(1.4641, -3.2302, 3.1095)
(1.4518, -3.3475, 2.9387)
(1.797, -3.5446, 2.9064)
(1.7806, -3.7704, 2.5866)
(2.1117, -4.0073, 2.4906)
(2.0655, -4.2292, 2.1517)
(2.3722, -4.4296, 1.9966)
(2.2921, -4.6911, 1.6926)
(2.5671, -4.8399, 1.4647)
(2.4643, -5.1228, 1.2039)
(2.6903, -5.2472, 0.9103)
(2.5601, -5.4322, 0.6322)
(2.7972, -5.6491, 0.3816)
(2.7162, -5.803, 0.1038)
(2.9728, -6.1056, -0.117)
(3.3384, -6.3413, -0.2966)
(3.6378, -6.4208, -0.4503)
(3.5439, -6.6053, -0.5444)
(3.2648, -6.5312, -0.4297)
(2.7625, -4.8386, -0.7566)
(2.7175, -4.813, -0.7626)
(2.8952, -4.6828, -1.0153)
(2.9714, -4.834, -0.9939)
(3.0874, -4.919, -0.9485)
(3.284, -4.7231, -1.1771)
(3.4342, -4.9533, -1.1217)
(3.5736, -5.073, -0.9552)
(3.7867, -4.9965, -1.2348)
(3.8975, -5.2537, -1.0428)
(4.0038, -5.3646, -0.7493)
(4.121, -5.4865, -1.1498)
(4.1793, -5.6791, -0.8271)
(4.1242, -5.7703, -0.4849)
(4.2167, -6.0107, -0.8788)
(4.0784, -6.126, -0.5633)
(3.798, -6.1362, -0.2944)
(3.9452, -6.4258, -0.661)
(2.0693, -2.6141, 3.377)
(2.3561, -2.5788, 3.2087)
(2.3209, -2.9973, 3.1325)
(1.9968, -2.9676, 3.2851)
(2.6756, -3.0252, 2.8912)
(2.6325, -3.4674, 2.7617)
(2.2522, -3.3834, 2.9841)
(2.984, -3.5063, 2.4544)
(2.9051, -3.9312, 2.2921)
(2.5516, -3.8561, 2.5653)
(3.2108, -3.9634, 1.9479)
(3.1121, -4.3729, 1.7649)
(2.7889, -4.2972, 2.0603)
(3.4038, -4.4202, 1.4265)
(3.3013, -4.8178, 1.2278)
(2.9752, -4.7208, 1.5165)
(3.6001, -4.8696, 0.8758)
(3.4687, -5.2586, 0.6652)
(3.1243, -5.164, 0.9504)
(3.7554, -5.2946, 0.3445)
(3.6338, -5.6772, 0.1731)
(3.2938, -5.5908, 0.4146)
(3.92, -5.7563, -0.1347)
(3.4749, -6.0389, -0.0636)
(2.2714, -2.0969, 3.2807)
(2.5261, -2.0669, 2.9908)
(2.6432, -2.5574, 2.9554)
(2.9218, -2.5711, 2.5948)
(2.9933, -3.047, 2.5522)
(3.216, -3.0597, 2.1401)
(3.2462, -3.5185, 2.068)
(3.3894, -3.522, 1.6231)
(3.4193, -3.9758, 1.5406)
(3.525, -3.9739, 1.0853)
(3.595, -4.4337, 1.0077)
(3.6741, -4.4203, 0.5268)
(3.7731, -4.8711, 0.4428)
(3.8139, -4.8772, 0.0128)
(3.9179, -5.3237, -0.0378)
(4.0142, -5.3596, -0.4196)
(1.6798, -0.4778, 3.4053)
(1.9576, -0.6011, 3.1395)
(2.0531, -1.0185, 3.1882)
(1.7911, -0.8665, 3.4253)
(2.3003, -1.1249, 2.8777)
(2.4037, -1.574, 2.9656)
(2.1316, -1.4691, 3.2836)
(2.6614, -1.6359, 2.5558)
(2.7957, -2.0973, 2.5931)
(2.9789, -2.1463, 2.1621)
(3.1189, -2.6004, 2.171)
(3.172, -2.6449, 1.7188)
(3.3083, -3.0764, 1.6831)
(3.2783, -3.1154, 1.2214)
(3.4289, -3.5286, 1.1547)
(3.387, -3.5506, 0.6924)
(3.5463, -3.9689, 0.6136)
(3.4503, -4.0033, 0.1817)
(3.6398, -4.4321, 0.0893)
(3.5199, -4.504, -0.2663)
(3.783, -4.9244, -0.3528)
(3.7038, -5.0187, -0.6685)
(1.8831, -0.1732, 3.0735)
(2.1242, -0.2402, 2.7215)
(2.1878, -0.6916, 2.7939)
(2.3627, -0.7683, 2.3884)
(2.5146, -1.1979, 2.4805)
(2.6848, -1.2667, 2.0501)
(2.8409, -1.6973, 2.1209)
(2.8791, -1.788, 1.6906)
(3.0131, -2.2206, 1.7248)
(2.8881, -2.3338, 1.3063)
(3.0804, -2.7258, 1.2777)
(2.89, -2.8474, 0.8732)
(3.1518, -3.1907, 0.7834)
(2.9703, -3.2873, 0.3663)
(3.2453, -3.6121, 0.2615)
(2.9987, -3.7459, -0.0981)
(3.2495, -4.114, -0.1707)
(3.0545, -4.2943, -0.4416)
(3.3832, -4.6501, -0.5675)
(3.2311, -4.8319, -0.814)
(2.0766, 0.1994, 2.6242)
(2.229, 0.1328, 2.2434)
(2.2549, -0.3225, 2.312)
(2.3463, -0.4146, 1.892)
(2.5037, -0.8471, 1.9682)
(2.5856, -0.9424, 1.5432)
(2.7542, -1.3587, 1.6218)
(2.6568, -1.4953, 1.2133)
(2.7488, -1.9229, 1.2835)
(2.5055, -2.0841, 0.9236)
(2.6577, -2.4826, 0.9337)
(2.404, -2.6437, 0.5782)
(2.6655, -2.9868, 0.4927)
(2.4303, -3.1424, 0.1256)
(2.7347, -3.4286, -0.0048)
(2.4742, -3.6382, -0.2931)
(2.7433, -3.9464, -0.3712)
(2.6018, -4.185, -0.4897)
(2.8974, -4.5196, -0.5963)
(2.8079, -4.7256, -0.6912)
(2.1987, 0.5567, 2.1295)
(2.3086, 0.4849, 1.7423)
(2.2773, 0.0346, 1.8201)
(2.2972, -0.0845, 1.397)
(2.3984, -0.5241, 1.4712)
(2.3908, -0.6483, 1.0535)
(2.5514, -1.0686, 1.1276)
(2.3746, -1.2219, 0.751)
(2.4308, -1.6563, 0.8469)
(2.1694, -1.8193, 0.5009)
(2.2374, -2.2477, 0.579)
(2.0008, -2.4056, 0.2172)
(2.1624, -2.8066, 0.2154)
(1.9207, -2.9766, -0.1307)
(2.18, -3.3514, -0.1862)
(2.0018, -3.6396, -0.326)
(2.3326, -3.8996, -0.4155)
(2.4317, -4.1044, -0.4666)
(2.6386, -4.3921, -0.5505)
(2.6814, -4.594, -0.6164)
(2.2906, 0.8953, 1.6152)
(2.4141, 0.8007, 1.2251)
(2.3375, 0.3652, 1.3181)
(2.3385, 0.2272, 0.8956)
(2.2827, -0.2123, 0.9816)
(2.2365, -0.3559, 0.5788)
(2.2877, -0.7908, 0.6648)
(2.1346, -0.9519, 0.2901)
(2.1402, -1.3844, 0.3954)
(1.9749, -1.5432, 0.0238)
(1.9511, -1.9758, 0.1383)
(1.7982, -2.1206, -0.2371)
(1.7961, -2.5444, -0.1444)
(1.6271, -2.6133, -0.4734)
(1.6881, -3.0647, -0.429)
(2.3677, 1.1943, 1.0812)
(2.5224, 1.07, 0.688)
(2.4714, 0.6514, 0.8012)
(2.4936, 0.489, 0.3744)
(2.3257, 0.0738, 0.477)
(2.3223, -0.0969, 0.0597)
(2.1908, -0.521, 0.1773)
(2.1735, -0.6904, -0.2281)
(2.0528, -1.1148, -0.1)
(2.0299, -1.2721, -0.4915)
(1.8979, -1.6955, -0.36)
(1.8395, -1.8304, -0.7392)
(1.6967, -2.2282, -0.6001)
(1.5822, -2.2599, -0.9326)
(1.4756, -2.6102, -0.776)
(2.4244, 1.4557, 0.5306)
(2.5967, 1.3316, 0.1416)
(2.6072, 0.9086, 0.266)
(2.6254, 0.7427, -0.1621)
(2.4907, 0.3192, -0.0514)
(2.4745, 0.1457, -0.4721)
(2.3232, -0.2731, -0.353)
(2.3113, -0.4398, -0.7562)
(2.1707, -0.8547, -0.6245)
(2.1394, -1.0011, -1.0127)
(1.9923, -1.4142, -0.8746)
(1.8921, -1.5258, -1.2456)
(1.7295, -1.908, -1.0931)
(1.5611, -1.9039, -1.4108)
(1.4095, -2.2232, -1.2339)
(2.467, 1.7132, -0.0187)
(2.6197, 1.6125, -0.3989)
(2.6712, 1.1794, -0.2777)
(2.6447, 1.0215, -0.702)
(2.5868, 0.5777, -0.5882)
(2.4978, 0.4211, -1.0046)
(2.4245, -0.0161, -0.8851)
(2.3422, -0.161, -1.2857)
(2.2617, -0.5862, -1.1514)
(2.1804, -0.7148, -1.5404)
(2.0525, -1.1246, -1.394)
(1.9014, -1.2115, -1.7509)
(1.7327, -1.5806, -1.591)
(1.5313, -1.5489, -1.8943)
(1.3624, -1.8433, -1.705)
(2.459, 1.9672, -0.5587)
(2.5549, 1.9041, -0.9251)
(2.6383, 1.4705, -0.813)
(2.5381, 1.3173, -1.2208)
(2.5336, 0.8677, -1.1144)
(2.365, 0.7208, -1.511)
(2.3668, 0.2769, -1.4045)
(2.2199, 0.1405, -1.7658)
(2.2468, -0.2933, -1.6701)
(2.0952, -0.4156, -1.9738)
(2.0515, -0.8168, -1.8969)
(1.8011, -0.8476, -2.144)
(1.6751, -1.212, -2.0443)
(1.4453, -1.1444, -2.3241)
(1.3323, -1.475, -2.1975)
(2.3692, 2.2538, -1.0665)
(2.4031, 2.1983, -1.4279)
(2.5004, 1.7646, -1.3256)
(2.3262, 1.6043, -1.7104)
(2.3525, 1.1641, -1.6101)
(2.1471, 1.0071, -1.9975)
(2.1747, 0.5763, -1.8759)
(1.9394, 0.4261, -2.1347)
(1.9999, 0.0054, -1.9988)
(1.7511, -0.1381, -2.1209)
(1.8278, -0.501, -2.1254)
(1.5791, -0.5052, -2.3578)
(1.5203, -0.7956, -2.3808)
(1.3691, -0.7223, -2.7418)
(1.2743, -1.0635, -2.6472)
(2.2249, 2.5637, -1.5452)
(2.2411, 2.4157, -1.9009)
(2.2841, 2.0375, -1.8077)
(2.1898, 1.8311, -2.1679)
(2.1271, 1.4312, -2.092)
(2.0244, 1.2162, -2.4545)
(1.9439, 0.8325, -2.34)
(1.8357, 0.6189, -2.5769)
(1.741, 0.2507, -2.3176)
(1.668, 0.0358, -2.544)
(1.6093, -0.2597, -2.3637)
(1.61, -0.2776, -2.8652)
(1.5077, -0.4517, -2.8332)
(1.5277, -0.4114, -3.3644)
(1.3322, -0.6671, -3.208)
(2.0717, 2.6313, -2.015)
(2.2586, 2.4293, -2.354)
(2.3135, 2.1737, -2.2418)
(2.4651, 1.9222, -2.5789)
(2.2512, 1.5712, -2.4989)
(2.3763, 1.2821, -2.8047)
(2.0704, 0.9462, -2.7262)
(2.1495, 0.6665, -2.9703)
(1.8418, 0.3594, -2.7906)
(1.8547, 0.1165, -3.0979)
(1.6779, -0.1234, -2.9323)
(1.7807, -0.1775, -3.4574)
(1.6905, -0.2378, -3.4524)
(1.7295, -0.3288, -3.8739)
(1.5174, -0.4295, -3.803)
(2.0154, 2.6968, -2.4966)
(2.2439, 2.6039, -2.8761)
(2.4496, 2.2654, -2.7203)
(2.5304, 2.0556, -3.104)
(2.5558, 1.662, -2.9338)
(2.5555, 1.4091, -3.2569)
(2.4496, 1.0115, -3.1137)
(2.4164, 0.7813, -3.407)
(2.1736, 0.4219, -3.2746)
(2.1564, 0.2462, -3.59)
(1.8964, -0.0464, -3.4904)
(2.0353, -0.2404, -3.8209)
(1.9115, -0.3571, -3.8512)
(1.9418, -0.5944, -4.1169)
(1.7169, -0.599, -4.1463)
(2.0017, 2.9562, -3.0213)
(2.1233, 2.8053, -3.404)
(2.3595, 2.4376, -3.2679)
(2.3071, 2.2008, -3.5709)
(2.4821, 1.8128, -3.4252)
(2.2943, 1.5903, -3.5872)
(2.4017, 1.1914, -3.4763)
(2.3124, 1.0425, -3.7016)
(2.3349, 0.6222, -3.6773)
(2.3827, 0.4961, -3.8699)
(2.2274, 0.0929, -3.8286)
(2.3, -0.008, -4.0998)
(2.1248, -0.3706, -4.112)
(2.0471, -0.2886, -4.4456)
(1.8443, -0.5727, -4.4027)
(1.8492, 3.141, -3.5344)
(1.8214, 2.9375, -3.7567)
(2.0604, 2.5736, -3.6721)
(1.9151, 2.3178, -3.7278)
(2.1317, 1.9547, -3.6838)
(2.1362, 1.7968, -3.7793)
(2.2549, 1.4382, -3.7434)
(2.4581, 1.32, -3.9215)
(2.4561, 0.9264, -3.9108)
(2.5046, 0.8047, -4.0786)
(2.4112, 0.4016, -4.0801)
(2.3556, 0.3327, -4.4251)
(2.2326, 0.0054, -4.479)
(2.197, 0.0085, -4.8368)
(1.9571, -0.1858, -4.81)
(1.5657, 3.2139, -3.7717)
(1.4938, 3.0236, -3.7559)
(1.7234, 2.6898, -3.7472)
(1.7943, 2.5082, -3.7144)
(1.9788, 2.1505, -3.7606)
(2.2788, 2.0691, -3.8812)
(2.3726, 1.6984, -3.9175)
(2.4666, 1.539, -3.991)
(2.5185, 1.1605, -4.0399)
(2.4476, 0.9719, -4.2639)
(2.4526, 0.6545, -4.3524)
(2.5598, 0.4295, -4.6463)
(2.4145, 0.192, -4.7427)
(2.5276, 0.0376, -4.9686)
(2.2479, -0.0589, -5.1073)
(1.7713, -2.9341, 3.3836)
(1.9052, -3.265, 3.1299)
(1.6644, -3.1786, 3.2229)
(2.1945, -3.7228, 2.7685)
(1.834, -3.5535, 2.9218)
(2.4676, -4.1726, 2.3046)
(2.1379, -4.0164, 2.5046)
(2.6772, -4.5931, 1.7774)
(2.3834, -4.4404, 2.0091)
(2.8347, -5.0145, 1.225)
(2.5704, -4.8559, 1.4797)
(2.9557, -5.4591, 0.6528)
(2.6815, -5.2804, 0.9193)
(3.1571, -5.9031, 0.1217)
(2.8251, -5.7456, 0.3228)
(3.039, -6.2164, -0.1782)
(-1.6985, 2.5232, 0.1127)
(-1.9862, 3.5426, -2.9224)
(-1.0613, 0.5981, 4.6583)
(-1.5845, 2.5787, -1.758)
(-1.3782, 1.2167, 4.7417)
(-1.6529, 1.8649, 4.7121)
(-1.705, 2.4734, 0.7181)
(-1.9307, 2.5013, 4.6065)
(-2.2046, 3.1326, 4.5003)
(-2.3375, 3.736, 4.1725)
(-2.4992, 4.4019, 4.1672)
(-2.0388, 3.2025, -2.4217)
(-2.6912, 5.0993, 4.2903)
(-1.6243, 2.6079, -1.1256)
(-1.6896, 2.5766, -0.4994)
(-1.772, 3.345, 2.0404)
(-1.6792, 2.4382, 1.3246)
(-1.647, 2.652, 1.9699)
(-1.754, 3.4667, 2.7402)
(-2.1596, 4.0655, 2.8757)
(-1.8567, 3.7918, -3.4693)
(-1.5656, 3.0428, -2.8174)
(-1.6509, 2.6037, -2.4728)
(-2.9827, 5.2687, 3.8973)
(-2.8316, 5.0392, 4.1034)
(-2.7739, 5.2432, 4.2201)
(-2.9384, 5.4528, 4.036)
(-2.1466, 4.1697, 2.7658)
(-2.0837, 4.1357, 2.7936)
(-2.1683, 4.4365, 2.7146)
(-2.228, 4.3984, 2.6768)
(-2.1628, 4.4288, 2.5878)
(-2.2841, 4.7977, 2.4983)
(-2.2679, 4.7617, 2.6318)
(-2.5122, 4.6981, 2.3483)
(-2.6722, 5.029, 2.3824)
(-2.4209, 5.15, 2.4581)
(-2.7968, 4.8469, 2.5478)
(-2.9451, 5.116, 2.7749)
(-2.8626, 5.2908, 2.535)
(-2.9151, 4.9232, 3.0836)
(-3.0325, 5.2112, 3.349)
(-3.0833, 5.3778, 3.0273)
(-2.9787, 5.0, 3.6583)
(-3.0625, 5.4767, 3.6176)
(-1.5852, 0.0782, 3.9183)
(-1.3576, -0.0412, 4.1287)
(-1.3283, 0.2629, 4.3635)
(-1.5802, 0.422, 4.1869)
(-1.8261, 0.652, 3.9421)
(-1.5531, 0.7861, 4.4132)
(-1.8227, 1.0438, 4.1914)
(-2.0144, 1.3271, 3.8854)
(-1.8008, 1.4369, 4.393)
(-2.0154, 1.7171, 4.109)
(-2.1441, 2.0066, 3.7647)
(-2.0222, 2.101, 4.297)
(-2.1954, 2.3858, 3.9827)
(-2.2881, 2.6798, 3.6207)
(-2.2657, 2.7553, 4.1748)
(-2.4105, 3.0553, 3.8416)
(-2.4845, 3.3686, 3.487)
(-2.4835, 3.4351, 4.0213)
(-2.6212, 3.7519, 3.7083)
(-2.6879, 4.0414, 3.4062)
(-2.6703, 4.112, 3.9078)
(-2.8168, 4.3985, 3.6558)
(-2.8807, 4.6733, 3.38)
(-2.8599, 4.7426, 3.9057)
(-1.7329, -0.1214, 3.378)
(-1.511, -0.3238, 3.6329)
(-1.7967, 0.2711, 3.6686)
(-1.9885, 0.5596, 3.3816)
(-1.9964, 0.9418, 3.6402)
(-2.1258, 1.2487, 3.3277)
(-2.1079, 1.6263, 3.5424)
(-2.2079, 1.9286, 3.2276)
(-2.1976, 2.3065, 3.407)
(-2.2835, 2.6116, 3.101)
(-2.3191, 2.9892, 3.2728)
(-2.3858, 3.3031, 3.0015)
(-2.4909, 3.6818, 3.1855)
(-2.5241, 3.9895, 2.9419)
(-2.6795, 4.3376, 3.139)
(-2.7339, 4.6169, 2.8559)
(-1.351, -1.303, 2.4717)
(-1.1667, -1.3357, 2.8555)
(-1.4187, -1.0511, 2.8015)
(-1.7014, -0.7658, 2.6823)
(-1.4327, -0.7886, 3.182)
(-1.6984, -0.4801, 3.0399)
(-2.0114, -0.1631, 2.821)
(-1.9933, 0.189, 3.1078)
(-2.2778, 0.4989, 2.8704)
(-2.1996, 0.8733, 3.1046)
(-2.4781, 1.1651, 2.8946)
(-2.3335, 1.5472, 3.0778)
(-2.6019, 1.8374, 2.866)
(-2.4192, 2.2272, 2.9899)
(-2.6595, 2.5205, 2.7661)
(-2.4855, 2.914, 2.8782)
(-2.7048, 3.2042, 2.6519)
(-2.5716, 3.6028, 2.7886)
(-2.73, 3.8768, 2.5515)
(-2.6748, 4.2713, 2.6878)
(-2.7155, 4.5108, 2.4234)
(-1.6143, -1.2622, 1.9514)
(-1.6738, -1.0246, 2.3278)
(-2.0253, -0.7525, 2.1598)
(-2.0386, -0.4818, 2.5114)
(-2.3989, -0.2044, 2.3446)
(-2.3559, 0.1279, 2.6339)
(-2.657, 0.403, 2.4761)
(-2.5941, 0.7774, 2.6968)
(-2.7808, 1.058, 2.5179)
(-2.7406, 1.4454, 2.6933)
(-2.8019, 1.735, 2.4635)
(-2.7811, 2.1246, 2.6052)
(-2.7628, 2.4133, 2.3422)
(-2.7832, 2.8054, 2.4807)
(-2.7105, 3.0883, 2.2169)
(-2.7561, 3.4756, 2.3771)
(-2.5602, 3.7071, 2.2367)
(-2.6349, 4.1077, 2.3491)
(-2.3653, 4.2981, 2.3742)
(-1.8853, -1.2222, 1.396)
(-1.9637, -0.9924, 1.7817)
(-2.3108, -0.7227, 1.6119)
(-2.3764, -0.4809, 1.9908)
(-2.6889, -0.1909, 1.8159)
(-2.6851, 0.0797, 2.1736)
(-2.7616, 0.3984, 1.9749)
(-2.7269, 0.6996, 2.2896)
(-2.5929, 1.0291, 2.0998)
(-2.6889, 1.3617, 2.3356)
(-2.4429, 1.6836, 2.1856)
(-2.6135, 2.0373, 2.293)
(-2.3147, 2.3476, 2.1526)
(-2.5429, 2.711, 2.165)
(-2.2346, 3.0145, 2.0845)
(-2.4474, 3.3541, 2.1377)
(-2.1508, 3.5445, 2.3196)
(-2.2669, 3.8843, 2.394)
(-2.0723, 4.0349, 2.6643)
(-2.1465, -1.1822, 0.839)
(-2.2305, -0.9511, 1.2265)
(-2.5682, -0.6684, 1.0538)
(-2.6407, -0.4353, 1.4387)
(-2.8997, -0.1016, 1.2521)
(-2.8729, 0.1448, 1.6234)
(-2.8678, 0.5192, 1.4107)
(-2.6829, 0.7593, 1.766)
(-2.5474, 1.1241, 1.5536)
(-2.4197, 1.3784, 1.91)
(-2.2125, 1.7129, 1.6991)
(-2.1794, 2.0078, 2.008)
(-1.8968, 2.3126, 1.83)
(-1.9917, 2.6627, 2.0336)
(-1.7173, 2.9857, 2.0066)
(-1.9712, 3.2808, 2.1438)
(-1.7764, 3.4144, 2.3957)
(-1.959, 3.6594, 2.6115)
(-1.978, 3.7687, 2.7997)
(-2.3676, -1.12, 0.2705)
(-2.4756, -0.8954, 0.6634)
(-2.7761, -0.5869, 0.4796)
(-2.8621, -0.3526, 0.8704)
(-3.0206, 0.0166, 0.6682)
(-2.9922, 0.2738, 1.0443)
(-2.8823, 0.6458, 0.822)
(-2.7209, 0.885, 1.1884)
(-2.5104, 1.2179, 0.9663)
(-2.3485, 1.458, 1.3358)
(-2.1382, 1.7688, 1.1196)
(-1.9909, 2.0152, 1.487)
(-1.8214, 2.2539, 1.2601)
(-1.6725, 2.5364, 1.6381)
(-2.5112, -1.0124, -0.3153)
(-2.6493, -0.8047, 0.0825)
(-2.8747, -0.4624, -0.1134)
(-2.9723, -0.2338, 0.282)
(-3.0169, 0.1579, 0.0731)
(-2.9842, 0.4051, 0.4521)
(-2.8216, 0.7648, 0.2311)
(-2.6694, 0.9858, 0.598)
(-2.4701, 1.3066, 0.3787)
(-2.3026, 1.5309, 0.7488)
(-2.1289, 1.8378, 0.5337)
(-1.9644, 2.0484, 0.8985)
(-1.8338, 2.2854, 0.6628)
(-1.6993, 2.4473, 1.0151)
(-2.6157, -0.8877, -0.9074)
(-2.7538, -0.6802, -0.5108)
(-2.9391, -0.3185, -0.7096)
(-3.0056, -0.0863, -0.3155)
(-3.0317, 0.3109, -0.5214)
(-2.9519, 0.5456, -0.1404)
(-2.8352, 0.909, -0.3549)
(-2.6485, 1.1018, 0.0112)
(-2.5148, 1.4401, -0.2008)
(-2.3141, 1.6287, 0.1647)
(-2.1816, 1.9501, -0.0468)
(-1.9897, 2.1234, 0.3117)
(-1.8572, 2.3591, 0.0685)
(-1.7089, 2.4916, 0.4107)
(-2.6864, -0.7462, -1.5006)
(-2.8276, -0.5393, -1.1054)
(-2.9807, -0.1626, -1.3043)
(-3.0414, 0.0707, -0.9106)
(-3.0593, 0.4746, -1.112)
(-2.9843, 0.7044, -0.7277)
(-2.9063, 1.0852, -0.9303)
(-2.7243, 1.2669, -0.562)
(-2.6277, 1.6267, -0.7645)
(-2.4036, 1.7827, -0.4063)
(-2.2612, 2.1015, -0.6218)
(-2.0408, 2.2338, -0.2731)
(-1.8709, 2.4443, -0.5315)
(-1.7029, 2.5453, -0.1975)
(-2.7272, -0.5916, -2.0929)
(-2.8722, -0.3853, -1.6992)
(-3.0022, -0.0005, -1.8972)
(-3.0613, 0.2351, -1.5031)
(-3.0705, 0.6429, -1.7014)
(-3.0211, 0.8762, -1.3121)
(-2.9461, 1.2671, -1.5109)
(-2.8153, 1.4592, -1.1314)
(-2.676, 1.8129, -1.3396)
(-2.4908, 1.9653, -0.9768)
(-2.2448, 2.2217, -1.1998)
(-2.0578, 2.3471, -0.8648)
(-1.8112, 2.4909, -1.136)
(-1.6665, 2.59, -0.8179)
(-2.7485, -0.4322, -2.684)
(-2.8973, -0.2255, -2.2918)
(-3.018, 0.1594, -2.489)
(-3.0684, 0.4003, -2.094)
(-3.0798, 0.8043, -2.2889)
(-3.0247, 1.0466, -1.8986)
(-2.9233, 1.4119, -2.0921)
(-2.8113, 1.6326, -1.7124)
(-2.5555, 1.888, -1.9064)
(-2.4085, 2.0776, -1.5492)
(-2.0366, 2.1775, -1.7307)
(-1.9057, 2.3401, -1.4262)
(-1.682, 2.4379, -1.7198)
(-1.6127, 2.6033, -1.4547)
(-2.7608, -0.279, -3.2756)
(-2.9164, -0.0706, -2.8841)
(-3.0239, 0.3064, -3.0777)
(-3.09, 0.5535, -2.6821)
(-3.0846, 0.9378, -2.8561)
(-3.0424, 1.1769, -2.4751)
(-2.8659, 1.4675, -2.6385)
(-2.7011, 1.6522, -2.2691)
(-2.3826, 1.7828, -2.4052)
(-2.2066, 1.9721, -2.0582)
(-1.9408, 2.0948, -2.2156)
(-1.7913, 2.2657, -1.9508)
(-1.7153, 2.5002, -2.3267)
(-1.6372, 2.6161, -2.1689)
(-2.7329, -0.1288, -3.8572)
(-2.9079, 0.0738, -3.4721)
(-2.8899, 0.4359, -3.6157)
(-3.0068, 0.6843, -3.2396)
(-2.8072, 1.0004, -3.2996)
(-2.9167, 1.2741, -2.9822)
(-2.6499, 1.5621, -3.048)
(-2.5971, 1.7252, -2.7676)
(-2.3244, 1.9437, -2.8454)
(-2.107, 1.9692, -2.528)
(-1.9743, 2.3198, -2.6764)
(-1.8071, 2.423, -2.476)
(-1.7547, 2.8321, -2.7014)
(-1.6232, 2.8733, -2.7179)
(-2.5589, 0.0442, -4.3732)
(-2.7385, 0.2248, -3.9897)
(-2.4936, 0.5201, -3.9878)
(-2.6499, 0.7288, -3.6243)
(-2.3311, 0.9308, -3.5201)
(-2.5023, 1.2191, -3.2412)
(-2.2448, 1.4599, -3.2396)
(-2.3724, 1.7848, -3.0737)
(-2.1886, 2.0655, -3.1492)
(-2.1671, 2.22, -2.9099)
(-2.1868, 2.6295, -2.9266)
(-2.0204, 2.7382, -2.724)
(-2.0854, 3.072, -2.6569)
(-1.8025, 3.1546, -2.6526)
(-2.2591, 0.246, -4.7942)
(-2.3554, 0.3546, -4.3773)
(-2.0267, 0.6189, -4.2991)
(-2.1549, 0.7429, -3.8974)
(-2.0128, 1.0373, -3.8888)
(-2.145, 1.2047, -3.5201)
(-2.1155, 1.6199, -3.6865)
(-2.1084, 1.8404, -3.3899)
(-2.0782, 2.2902, -3.5546)
(-2.1261, 2.4813, -3.2455)
(-2.125, 2.9014, -3.3158)
(-2.1859, 3.0182, -2.9379)
(-2.0867, 3.3546, -3.0474)
(-2.0168, 3.3668, -2.6801)
(-2.0052, 0.5519, -5.1859)
(-1.9931, 0.5681, -4.7438)
(-1.79, 0.9137, -4.6778)
(-1.8601, 0.9505, -4.2693)
(-1.9699, 1.3139, -4.3363)
(-2.1122, 1.4278, -4.014)
(-2.269, 1.833, -4.1614)
(-2.1868, 2.0666, -3.8596)
(-2.2699, 2.4873, -3.992)
(-2.1344, 2.7188, -3.6763)
(-2.1661, 3.1203, -3.7838)
(-2.1158, 3.2814, -3.4247)
(-1.9979, 3.5966, -3.5551)
(-1.9266, 3.662, -3.2037)
(-1.8357, 0.8332, -5.4919)
(-1.7921, 0.8673, -5.0911)
(-1.6759, 1.1978, -4.9839)
(-1.7809, 1.258, -4.6411)
(-1.9718, 1.538, -4.6957)
(-2.1897, 1.6369, -4.4504)
(-2.3378, 1.9771, -4.5596)
(-2.3548, 2.2319, -4.2772)
(-2.3511, 2.6286, -4.3824)
(-2.2629, 2.8867, -4.0995)
(-2.1625, 3.2543, -4.1784)
(-2.073, 3.4623, -3.8724)
(-1.944, 3.723, -3.9481)
(-1.8615, 3.8427, -3.6584)
(-1.1567, 0.1515, 4.4793)
(-1.081, 0.4233, 4.6255)
(-1.2724, 0.569, 4.5415)
(-1.2308, 0.9088, 4.695)
(-1.5347, 1.1654, 4.5849)
(-1.5257, 1.5446, 4.7194)
(-1.79, 1.8205, 4.5376)
(-1.8019, 2.1885, 4.6505)
(-2.0503, 2.4684, 4.4355)
(-2.0801, 2.8223, 4.5469)
(-2.3047, 3.1152, 4.3051)
(-2.2716, 3.4472, 4.3497)
(-2.4696, 3.7806, 4.1177)
(-2.413, 4.0909, 4.1987)
(-2.6535, 4.4375, 4.0713)
(-2.603, 4.7577, 4.2374)
(-2.4648, 5.1085, 4.3213)
(-2.3104, 5.4509, 4.3164)
(-2.501, 5.5436, 4.3672)
(-2.6498, 5.2704, 4.3505)
(-2.1145, 4.1383, 2.8515)
(-2.2141, 4.2153, 2.8313)
(-2.3047, 4.4931, 2.725)
(-2.1937, 4.4772, 2.7821)
(-1.9933, 4.4817, 2.8492)
(-2.1801, 4.9116, 2.6655)
(-1.959, 4.9427, 2.8053)
(-1.7381, 4.9468, 3.0156)
(-1.8453, 5.387, 2.7936)
(-1.6786, 5.3891, 3.099)
(-1.5419, 5.3406, 3.4221)
(-1.6451, 5.7569, 3.2164)
(-1.5984, 5.6899, 3.5881)
(-1.627, 5.5136, 3.9081)
(-1.783, 5.9236, 3.7731)
(-1.8745, 5.7012, 4.0671)
(-2.0344, 5.3406, 4.2528)
(-2.1528, 5.7949, 4.1893)
(-0.1588, 0.4038, 4.5812)
(-0.0168, 0.6613, 4.4795)
(-0.4055, 0.8535, 4.6241)
(-0.5217, 0.5621, 4.6699)
(-0.298, 1.2162, 4.5264)
(-0.6977, 1.4483, 4.67)
(-0.7962, 1.0567, 4.7181)
(-0.5951, 1.8519, 4.5364)
(-0.9837, 2.0856, 4.6377)
(-1.0906, 1.6815, 4.7325)
(-0.879, 2.4879, 4.4758)
(-1.2662, 2.7132, 4.5562)
(-1.3719, 2.3127, 4.6503)
(-1.1512, 3.117, 4.4249)
(-1.5475, 3.3313, 4.5084)
(-1.6612, 2.9268, 4.5869)
(-1.4034, 3.7722, 4.3476)
(-1.7663, 3.9829, 4.3593)
(-1.9155, 3.5329, 4.4534)
(-1.6132, 4.4736, 4.2337)
(-1.9152, 4.6818, 4.2823)
(-2.0813, 4.1808, 4.2993)
(-1.7521, 5.1697, 4.1548)
(-2.2055, 4.8808, 4.3034)
(0.3858, 0.3876, 4.3038)
(0.4427, 0.71, 4.1023)
(0.0773, 0.9769, 4.3277)
(0.0974, 1.3537, 4.1215)
(-0.2323, 1.6074, 4.357)
(-0.2286, 1.9758, 4.1024)
(-0.5334, 2.2378, 4.3156)
(-0.5325, 2.5876, 4.0274)
(-0.8082, 2.8672, 4.2529)
(-0.7544, 3.2191, 3.9964)
(-1.0412, 3.5117, 4.2219)
(-1.0102, 3.8736, 3.941)
(-1.3121, 4.1953, 4.1168)
(-1.312, 4.5341, 3.8142)
(-1.5201, 4.8931, 4.0031)
(-1.4767, 5.1843, 3.7164)
(1.5644, -0.0965, 3.3597)
(1.2444, 0.0107, 3.6315)
(1.3808, -0.3412, 3.6554)
(1.111, 0.3739, 3.5038)
(0.7959, 0.4966, 3.8173)
(0.9081, 0.1095, 3.96)
(0.6971, 0.9106, 3.5661)
(0.4078, 1.1148, 3.8537)
(0.2888, 1.4734, 3.5728)
(0.0342, 1.7096, 3.8522)
(-0.1154, 2.0041, 3.5377)
(-0.2993, 2.2969, 3.7864)
(-0.4203, 2.5706, 3.4517)
(-0.5723, 2.8988, 3.7154)
(-0.6218, 3.1657, 3.4175)
(-0.7604, 3.5325, 3.7035)
(-0.9144, 3.7532, 3.3806)
(-1.1065, 4.1496, 3.6041)
(-1.2583, 4.301, 3.3059)
(-1.3724, 4.7463, 3.5131)
(-1.5221, 4.8765, 3.2567)
(1.7781, 0.2376, 2.9345)
(1.4309, 0.2855, 3.2149)
(1.245, 0.6279, 2.9703)
(0.9572, 0.7412, 3.2621)
(0.7825, 1.0928, 2.973)
(0.5486, 1.2817, 3.2789)
(0.3146, 1.5605, 2.9794)
(0.0712, 1.7492, 3.2707)
(-0.2218, 1.9473, 2.9708)
(-0.329, 2.2377, 3.2201)
(-0.4823, 2.4541, 2.8914)
(-0.514, 2.8059, 3.1331)
(-0.6945, 2.9647, 2.8769)
(-0.7869, 3.3334, 3.1509)
(-1.0828, 3.4271, 2.8987)
(-1.1559, 3.8609, 3.1018)
(-1.41, 3.9557, 2.9103)
(-1.4601, 4.3978, 3.0895)
(-1.7258, 4.4755, 2.9385)
(1.9354, 0.5755, 2.4419)
(1.5865, 0.5819, 2.7062)
(1.3373, 0.8387, 2.4133)
(1.0261, 0.9181, 2.6747)
(0.8091, 1.1933, 2.3702)
(0.5712, 1.3898, 2.6761)
(0.2846, 1.5925, 2.3748)
(0.0058, 1.7433, 2.6796)
(-0.3271, 1.8714, 2.3857)
(-0.4855, 2.1157, 2.6623)
(-0.6684, 2.3208, 2.3319)
(-0.6423, 2.655, 2.585)
(-0.9825, 2.7672, 2.3699)
(-1.0443, 3.057, 2.668)
(-1.3881, 3.1971, 2.4374)
(-1.3832, 3.5626, 2.6742)
(-1.6443, 3.6892, 2.6131)
(-1.6881, 4.0526, 2.8411)
(-1.9398, 4.0803, 2.8508)
(2.037, 0.9065, 1.9296)
(1.6926, 0.8629, 2.1795)
(1.413, 1.0624, 1.8657)
(1.0786, 1.045, 2.0896)
(0.8212, 1.2691, 1.7767)
(0.5571, 1.4339, 2.068)
(0.2409, 1.5926, 1.7675)
(-0.0512, 1.7237, 2.0776)
(-0.3951, 1.8184, 1.7863)
(-0.614, 2.0091, 2.0803)
(-0.8544, 2.1982, 1.7708)
(-0.9129, 2.5054, 2.0477)
(-1.2908, 2.5737, 1.8506)
(-1.3908, 2.8415, 2.1905)
(-1.7017, 3.0113, 2.0037)
(-1.6373, 3.3713, 2.2895)
(-1.7496, 3.3973, 2.3849)
(-1.8085, 3.7033, 2.7168)
(-1.9356, 3.7635, 2.8161)
(2.1132, 1.2345, 1.411)
(1.7745, 1.176, 1.6634)
(1.4826, 1.3868, 1.3632)
(1.129, 1.2486, 1.5446)
(0.8279, 1.4383, 1.2378)
(0.521, 1.4531, 1.4739)
(0.1913, 1.5944, 1.1767)
(-0.105, 1.6962, 1.474)
(-0.4382, 1.7996, 1.187)
(-0.7048, 1.938, 1.4938)
(-0.9895, 2.1026, 1.2138)
(-1.1439, 2.3457, 1.5114)
(-1.448, 2.3966, 1.2814)
(-1.6538, 2.5538, 1.6565)
(2.1634, 1.521, 0.87)
(1.8368, 1.5036, 1.1511)
(1.531, 1.7302, 0.8686)
(1.1753, 1.5854, 1.062)
(0.8621, 1.7819, 0.7628)
(0.5138, 1.6187, 0.9371)
(0.2062, 1.8054, 0.6456)
(-0.1267, 1.7441, 0.887)
(-0.4263, 1.9057, 0.6082)
(-0.7402, 1.9437, 0.9069)
(-1.0246, 2.1113, 0.6371)
(-1.2694, 2.2392, 0.9528)
(-1.5037, 2.3615, 0.6912)
(-1.685, 2.4642, 1.0276)
(2.1998, 1.7693, 0.3138)
(1.8773, 1.7853, 0.6127)
(1.5637, 1.993, 0.3267)
(1.2152, 1.9321, 0.5747)
(0.897, 2.1208, 0.2778)
(0.5513, 1.9795, 0.4706)
(0.25, 2.1715, 0.184)
(-0.0897, 1.9939, 0.3665)
(-0.3724, 2.1905, 0.097)
(-0.7095, 2.0901, 0.3416)
(-0.9857, 2.2741, 0.0764)
(-1.2809, 2.2737, 0.3709)
(-1.4905, 2.4335, 0.0999)
(-1.6947, 2.5051, 0.4201)
(2.2177, 1.9729, -0.2489)
(1.8995, 1.9895, 0.0432)
(1.5655, 2.1169, -0.2584)
(1.2377, 2.1545, 0.0235)
(0.9082, 2.2854, -0.2863)
(0.5839, 2.2945, -0.0226)
(0.282, 2.4633, -0.3198)
(-0.0395, 2.362, -0.0987)
(-0.3268, 2.5476, -0.384)
(-0.6537, 2.3829, -0.1726)
(-0.9396, 2.5611, -0.4484)
(-1.2398, 2.4489, -0.1913)
(-1.4595, 2.574, -0.4808)
(-1.6852, 2.5545, -0.1892)
(2.1717, 2.1558, -0.7886)
(1.8827, 2.0784, -0.5389)
(1.5224, 2.1399, -0.8321)
(1.2181, 2.189, -0.5671)
(0.8737, 2.2657, -0.8808)
(0.5843, 2.4073, -0.5957)
(0.27, 2.5153, -0.8793)
(-0.0124, 2.6284, -0.6131)
(-0.3217, 2.713, -0.9014)
(-0.6266, 2.7018, -0.6828)
(-0.9252, 2.7449, -0.9753)
(-1.208, 2.6792, -0.7403)
(-1.42, 2.6589, -1.0615)
(-1.6474, 2.5945, -0.8071)
(2.0629, 2.5002, -1.2376)
(1.8071, 2.2819, -1.033)
(1.451, 2.403, -1.3048)
(1.1716, 2.2201, -1.1373)
(0.8171, 2.3022, -1.4373)
(0.5308, 2.3266, -1.1705)
(0.1886, 2.3712, -1.369)
(-0.0544, 2.5274, -1.1084)
(-0.3637, 2.516, -1.3527)
(-0.6294, 2.6542, -1.1843)
(-0.9114, 2.5604, -1.4772)
(-1.1774, 2.6242, -1.2775)
(-1.3915, 2.5456, -1.6342)
(-1.596, 2.5834, -1.4289)
(1.9213, 2.7864, -1.6841)
(1.7017, 2.6835, -1.438)
(1.3377, 2.7935, -1.6932)
(1.104, 2.5085, -1.6043)
(0.709, 2.673, -1.8371)
(0.4487, 2.4412, -1.6528)
(0.1002, 2.6487, -1.7675)
(-0.1215, 2.5013, -1.5379)
(-0.4004, 2.7413, -1.7644)
(-0.644, 2.6232, -1.6477)
(-0.9425, 2.7672, -1.963)
(-1.1888, 2.585, -1.8121)
(-1.4267, 2.6696, -2.1984)
(-1.5982, 2.5663, -2.0619)
(1.7539, 2.7892, -2.1599)
(1.534, 2.8899, -1.8654)
(1.1775, 3.0722, -2.0392)
(0.9375, 2.9354, -1.9123)
(0.55, 3.1595, -2.0747)
(0.298, 2.8897, -1.9757)
(-0.0359, 3.1537, -1.9804)
(-0.2142, 2.9155, -1.8335)
(-0.5018, 3.1786, -2.0021)
(-0.6823, 2.9674, -2.0533)
(-1.0234, 3.1132, -2.2736)
(-1.2289, 2.8787, -2.2729)
(-1.4844, 2.9974, -2.5092)
(-1.5933, 2.7732, -2.5723)
(1.774, 3.0429, -2.6374)
(1.4791, 3.0779, -2.3017)
(1.2387, 3.3801, -2.4253)
(0.8942, 3.3567, -2.175)
(0.6195, 3.512, -2.2889)
(0.2514, 3.393, -2.1485)
(-0.0386, 3.5217, -2.1825)
(-0.3221, 3.4036, -2.0057)
(-0.6696, 3.5068, -2.1215)
(-0.8608, 3.3578, -2.1468)
(-1.2886, 3.4477, -2.2343)
(-1.4265, 3.2299, -2.3503)
(-1.781, 3.3169, -2.4344)
(-1.802, 3.0906, -2.5865)
(1.7183, 3.2656, -3.1703)
(1.5107, 3.3316, -2.7788)
(1.1761, 3.4081, -2.9036)
(0.9411, 3.4442, -2.5443)
(0.5828, 3.3766, -2.6394)
(0.2886, 3.4554, -2.3883)
(-0.0656, 3.4137, -2.4876)
(-0.3891, 3.4723, -2.3088)
(-0.7337, 3.4433, -2.4683)
(-1.0475, 3.4853, -2.3005)
(-1.3335, 3.5677, -2.5984)
(-1.6093, 3.5296, -2.4736)
(-1.7874, 3.6129, -2.816)
(-2.0082, 3.3783, -2.6639)
(1.5154, 3.3484, -3.5979)
(1.3545, 3.422, -3.2928)
(0.9833, 3.4718, -3.286)
(0.7934, 3.4209, -2.9718)
(0.4811, 3.6161, -2.9283)
(0.2435, 3.5029, -2.6634)
(-0.0514, 3.7348, -2.6317)
(-0.3828, 3.5612, -2.5393)
(-0.6283, 3.7215, -2.6811)
(-0.9877, 3.5806, -2.6917)
(-1.1833, 3.7805, -2.9937)
(-1.5125, 3.7217, -2.952)
(-1.662, 3.8347, -3.2713)
(-1.9163, 3.6723, -3.1881)
(1.2965, 3.2826, -3.6022)
(1.1935, 3.3962, -3.4529)
(0.9911, 3.5231, -3.2011)
(0.7274, 3.6401, -3.1396)
(0.5125, 3.9297, -3.0238)
(0.2281, 3.8575, -2.8517)
(-0.0266, 3.8743, -2.8686)
(-0.307, 3.7935, -2.7036)
(-0.518, 3.8333, -2.9307)
(-0.8401, 3.8627, -2.9525)
(-1.0852, 4.0926, -3.1631)
(-1.3958, 3.9815, -3.2284)
(-1.5864, 4.1785, -3.3678)
(-1.8106, 3.9806, -3.4763)
(-0.5952, 0.3706, 4.6806)
(-0.8639, 0.7151, 4.6998)
(-0.906, 0.4922, 4.6725)
(-1.1638, 1.2887, 4.7497)
(-1.2086, 0.9061, 4.7051)
(-1.448, 1.9245, 4.7186)
(-1.5055, 1.537, 4.7344)
(-1.7289, 2.5516, 4.619)
(-1.7818, 2.1777, 4.668)
(-2.0024, 3.1634, 4.527)
(-2.0552, 2.8115, 4.5598)
(-2.1968, 3.7679, 4.285)
(-2.2704, 3.4214, 4.3231)
(-2.3349, 4.4377, 4.2406)
(-2.4237, 4.047, 4.141)
(-2.5875, 4.7434, 4.2201)
(2.8784, -6.3375, -0.5941)
(2.6186, -5.0373, -0.6883)
(2.7272, -4.9223, -0.8419)
(2.6307, -4.9317, -1.1757)
(2.5669, -5.1689, -1.2039)
(2.5955, -5.5691, -0.9956)
(2.5972, -6.0252, -0.7762)
(0.8798, -3.1525, 2.8133)
(1.1925, -3.5139, 2.4854)
(1.4938, -3.9963, 2.0979)
(1.74, -4.506, 1.7025)
(1.9626, -5.0068, 1.2996)
(2.1528, -5.2071, 0.8088)
(2.3268, -5.344, 0.2577)
(2.5142, -5.7163, -0.2942)
(0.384, -3.0137, 2.4996)
(0.7, -3.4839, 2.1347)
(0.9989, -3.9903, 1.7472)
(1.2701, -4.4807, 1.345)
(1.5283, -4.9496, 0.9249)
(1.8363, -5.1401, 0.4698)
(2.1651, -5.1304, -0.0088)
(2.4456, -5.3057, -0.523)
(-0.8618, -1.8476, 2.4685)
(-0.4401, -2.3669, 2.3249)
(-0.0793, -2.926, 2.0995)
(0.214, -3.5002, 1.761)
(0.5199, -4.0019, 1.378)
(0.8351, -4.4304, 0.944)
(1.1588, -4.817, 0.4868)
(1.5434, -5.1061, 0.0258)
(2.0099, -5.2016, -0.3619)
(2.3736, -5.1481, -0.7641)
(-1.0691, -1.7929, 2.0087)
(-0.7028, -2.3225, 1.7973)
(-0.4572, -2.9187, 1.5897)
(-0.2073, -3.4893, 1.3236)
(0.1589, -3.9132, 0.9604)
(0.5691, -4.2347, 0.5441)
(1.0087, -4.5075, 0.1205)
(1.434, -4.7663, -0.3256)
(1.9152, -5.0146, -0.568)
(2.3549, -5.0087, -0.7847)
(-1.3314, -1.7425, 1.452)
(-0.9677, -2.2806, 1.2333)
(-0.7374, -2.8827, 1.0413)
(-0.4206, -3.3525, 0.8195)
(0.1068, -3.5952, 0.569)
(0.6643, -3.8056, 0.3139)
(1.1574, -4.008, -0.0524)
(1.5843, -4.2306, -0.4836)
(2.0496, -4.5055, -0.5711)
(2.4507, -4.7567, -0.5713)
(-1.6016, -1.7128, 0.8991)
(-1.2196, -2.2442, 0.6787)
(-0.9094, -2.8112, 0.4667)
(-0.4901, -3.2359, 0.2598)
(0.1323, -3.3838, 0.1264)
(0.787, -3.4592, 0.0361)
(1.3663, -3.548, -0.1788)
(1.8313, -3.8025, -0.4305)
(2.2762, -4.1837, -0.5163)
(2.5424, -4.6394, -0.5506)
(-1.8512, -1.6788, 0.342)
(-1.4422, -2.2002, 0.1175)
(-1.0465, -2.7259, -0.1167)
(-0.5577, -3.1319, -0.3238)
(0.0746, -3.2297, -0.4185)
(0.7428, -3.1512, -0.4275)
(1.3681, -3.0938, -0.4333)
(-2.0225, -1.5829, -0.2304)
(-1.5804, -2.0759, -0.4494)
(-1.1279, -2.5524, -0.6823)
(-0.5823, -2.8717, -0.8634)
(0.0507, -2.8799, -0.8964)
(0.6849, -2.7417, -0.8449)
(1.2322, -2.65, -0.8005)
(-2.1392, -1.4542, -0.8139)
(-1.6654, -1.9113, -1.0223)
(-1.1517, -2.3096, -1.2333)
(-0.5708, -2.5548, -1.3802)
(0.0407, -2.5334, -1.3771)
(0.6406, -2.3673, -1.2961)
(1.1668, -2.2584, -1.2461)
(-2.2363, -1.3271, -1.4012)
(-1.7353, -1.7516, -1.5956)
(-1.1566, -2.0537, -1.7708)
(-0.5468, -2.2479, -1.9002)
(0.0511, -2.2538, -1.907)
(0.6251, -2.0584, -1.8032)
(1.1236, -1.8928, -1.7237)
(-2.2937, -1.1781, -1.9882)
(-1.7598, -1.5551, -2.1596)
(-1.1312, -1.7566, -2.288)
(-0.5124, -1.9216, -2.4106)
(0.0779, -1.9752, -2.4462)
(0.6302, -1.7599, -2.3313)
(1.0963, -1.5345, -2.2251)
(-2.3172, -1.0138, -2.5733)
(-1.7622, -1.3585, -2.7244)
(-1.1125, -1.4729, -2.8121)
(-0.4882, -1.5918, -2.9235)
(0.1131, -1.681, -2.9814)
(0.6442, -1.4398, -2.854)
(1.0576, -1.1377, -2.7085)
(-2.3162, -0.8402, -3.1552)
(-1.7397, -1.1447, -3.2808)
(-1.092, -1.1505, -3.3052)
(-0.4665, -1.1702, -3.3135)
(0.1597, -1.2654, -3.3116)
(0.708, -1.0755, -3.2883)
(1.1141, -0.7952, -3.2336)
(-2.2942, -0.6594, -3.7325)
(-1.6875, -0.9155, -3.8309)
(-1.0297, -0.886, -3.8096)
(-0.3886, -0.8362, -3.7282)
(0.2537, -0.8867, -3.6734)
(0.8373, -0.7672, -3.7654)
(1.2855, -0.5607, -3.8174)
(-2.2532, -0.4809, -4.3072)
(-1.6227, -0.6841, -4.3788)
(-0.936, -0.6723, -4.3525)
(-0.2774, -0.6236, -4.2933)
(0.3793, -0.6438, -4.2445)
(1.0066, -0.6886, -4.2752)
(1.4901, -0.6561, -4.2455)
(-2.1731, -0.2776, -4.8625)
(-1.5626, -0.5066, -4.94)
(-0.8714, -0.5496, -4.9127)
(-0.1954, -0.5523, -4.8576)
(0.4837, -0.5813, -4.7911)
(1.1249, -0.6234, -4.6838)
(1.6189, -0.6088, -4.5193)
(-2.0401, 0.0047, -5.3619)
(-1.4896, -0.3008, -5.4839)
(-0.8099, -0.4162, -5.4596)
(-0.1179, -0.4653, -5.3874)
(0.569, -0.4708, -5.2893)
(1.2109, -0.3716, -5.1144)
(1.7257, -0.2411, -4.9094)
(-1.9071, 0.3002, -5.7516)
(-1.4113, -0.0222, -5.8974)
(-0.7337, -0.1288, -5.8629)
(-0.0439, -0.1777, -5.7883)
(0.6431, -0.1808, -5.6822)
(1.3157, -0.1372, -5.5284)
(1.8604, -0.0647, -5.3519)
(1.2921, -3.2181, 3.0412)
(1.6176, -3.543, 2.7798)
(1.9302, -3.9997, 2.3739)
(2.1844, -4.4593, 1.9233)
(2.388, -4.92, 1.4576)
(2.5134, -5.283, 0.9209)
(2.629, -5.6049, 0.3632)
(2.8117, -6.0188, -0.1562)
(3.4378, -6.4904, -0.4335)
(2.8252, -4.8121, -0.8848)
(3.1848, -4.8759, -1.0794)
(3.6783, -5.0818, -1.1057)
(4.0745, -5.456, -0.9485)
(4.1838, -5.9109, -0.6869)
(3.8732, -6.2992, -0.4877)
(2.1885, -2.7969, 3.2652)
(2.4741, -3.226, 2.9631)
(2.778, -3.7033, 2.5368)
(3.0136, -4.1531, 2.0315)
(3.2087, -4.5942, 1.4998)
(3.3869, -5.0422, 0.9429)
(3.5507, -5.4631, 0.413)
(3.7173, -5.9155, -0.0684)
(2.46, -2.3249, 3.1213)
(2.8252, -2.8008, 2.7659)
(3.1335, -3.2862, 2.3183)
(3.3373, -3.7472, 1.8058)
(3.5044, -4.2062, 1.2783)
(3.6888, -4.6538, 0.7216)
(3.841, -5.0921, 0.1935)
(4.0237, -5.5631, -0.266)
(1.8729, -0.743, 3.2942)
(2.2272, -1.2976, 3.0864)
(2.6023, -1.8398, 2.7897)
(2.9717, -2.3513, 2.3887)
(3.2284, -2.8419, 1.9346)
(3.3712, -3.3052, 1.4218)
(3.4894, -3.7479, 0.8848)
(3.5933, -4.1968, 0.3445)
(3.6987, -4.6743, -0.1416)
(3.8959, -5.1726, -0.5527)
(2.0452, -0.429, 2.9446)
(2.3439, -0.9479, 2.6406)
(2.6891, -1.4455, 2.3063)
(2.947, -1.958, 1.9281)
(3.0527, -2.477, 1.5075)
(3.11, -2.9659, 1.0372)
(3.2068, -3.3984, 0.5176)
(3.2456, -3.8535, 0.0347)
(3.3, -4.3803, -0.3685)
(3.4755, -4.9076, -0.7698)
(2.184, -0.0516, 2.4862)
(2.3627, -0.5892, 2.1387)
(2.65, -1.0992, 1.7951)
(2.7794, -1.6361, 1.4512)
(2.6988, -2.207, 1.1153)
(2.6464, -2.7449, 0.7263)
(2.7052, -3.2069, 0.2401)
(2.7337, -3.6755, -0.2136)
(2.8047, -4.2325, -0.4796)
(2.9926, -4.7778, -0.769)
(2.2677, 0.3122, 1.995)
(2.3184, -0.2474, 1.6449)
(2.4951, -0.7941, 1.2951)
(2.5205, -1.358, 0.9797)
(2.3264, -1.9547, 0.7194)
(2.1842, -2.5317, 0.4101)
(2.1619, -3.0762, 0.0063)
(2.2351, -3.6294, -0.3232)
(2.4877, -4.1437, -0.4825)
(2.7146, -4.6609, -0.6423)
(2.3584, 0.6487, 1.486)
(2.3013, 0.076, 1.148)
(2.2918, -0.5002, 0.8186)
(2.2309, -1.0864, 0.5251)
(2.0439, -1.6813, 0.2686)
(1.8666, -2.2659, -0.0004)
(1.7409, -2.8071, -0.2885)
(2.4706, 0.9393, 0.9587)
(2.4091, 0.3629, 0.6375)
(2.2544, -0.2218, 0.3238)
(2.1235, -0.8192, 0.0362)
(1.9798, -1.4069, -0.2314)
(1.8018, -1.9764, -0.4858)
(1.5884, -2.4338, -0.6951)
(2.5648, 1.1992, 0.415)
(2.57, 0.6139, 0.1075)
(2.4052, 0.0229, -0.2057)
(2.2464, -0.5662, -0.4922)
(2.0894, -1.1376, -0.7517)
(1.8712, -1.6791, -0.9918)
(1.5734, -2.082, -1.1707)
(2.617, 1.4698, -0.13)
(2.651, 0.8788, -0.4331)
(2.5072, 0.2786, -0.7399)
(2.3442, -0.3046, -1.0218)
(2.1686, -0.8602, -1.276)
(1.9042, -1.3729, -1.5019)
(1.5502, -1.7295, -1.6554)
(2.599, 1.7574, -0.6644)
(2.6066, 1.1688, -0.9651)
(2.447, 0.5701, -1.2617)
(2.3048, -0.0112, -1.5405)
(2.1711, -0.5658, -1.7925)
(1.8736, -1.0337, -1.976)
(1.4958, -1.3532, -2.118)
(2.489, 2.052, -1.1796)
(2.442, 1.4634, -1.4684)
(2.2631, 0.8681, -1.7546)
(2.084, 0.289, -1.9507)
(1.9256, -0.2688, -2.049)
(1.6802, -0.666, -2.2424)
(1.3886, -0.9271, -2.5171)
(2.3069, 2.3325, -1.6692)
(2.2146, 1.7337, -1.9472)
(2.0384, 1.1297, -2.2393)
(1.8393, 0.5416, -2.3535)
(1.6654, -0.0356, -2.2945)
(1.5628, -0.3778, -2.5741)
(1.4289, -0.5505, -3.0409)
(2.2371, 2.4251, -2.1237)
(2.3087, 1.8833, -2.3678)
(2.1693, 1.2552, -2.6275)
(1.9582, 0.65, -2.7734)
(1.7364, 0.0796, -2.8187)
(1.6851, -0.2014, -3.1776)
(1.627, -0.3206, -3.6516)
(2.2623, 2.4966, -2.607)
(2.5404, 1.981, -2.8305)
(2.5245, 1.334, -3.0278)
(2.3297, 0.7051, -3.1941)
(2.005, 0.1685, -3.3651)
(1.8967, -0.2179, -3.6654)
(1.8422, -0.4796, -4.008)
(2.2041, 2.7115, -3.148)
(2.4536, 2.1325, -3.3658)
(2.4514, 1.4967, -3.4435)
(2.3684, 0.9, -3.5699)
(2.2816, 0.3556, -3.7504)
(2.1877, -0.1639, -3.9566)
(2.0028, -0.4928, -4.2623)
(1.987, 2.8797, -3.6202)
(2.1003, 2.256, -3.685)
(2.177, 1.6873, -3.6977)
(2.368, 1.1868, -3.8252)
(2.4632, 0.6582, -3.9776)
(2.3336, 0.1787, -4.2658)
(2.1046, -0.1099, -4.6567)
(1.6559, 2.9836, -3.7872)
(1.8244, 2.4049, -3.7305)
(2.1827, 1.9268, -3.8367)
(2.4853, 1.4349, -3.9705)
(2.4919, 0.9033, -4.1731)
(2.4372, 0.4061, -4.5476)
(2.3476, 0.0441, -4.9284)
(1.8236, -3.0882, 3.2654)
(2.0401, -3.4855, 2.9629)
(2.3385, -3.9523, 2.5467)
(2.579, -4.3849, 2.0457)
(2.7628, -4.8012, 1.5042)
(2.8908, -5.2363, 0.9378)
(3.0522, -5.6791, 0.3786)
(3.2493, -6.1335, -0.1058)
(-2.8909, 5.2623, 4.0798)
(-2.1518, 4.2904, 2.7534)
(-2.197, 4.6177, 2.6214)
(-2.4639, 4.9371, 2.3923)
(-2.8358, 5.0797, 2.5277)
(-3.0072, 5.162, 3.0551)
(-3.0276, 5.2501, 3.6432)
(-1.4657, 0.1758, 4.1612)
(-1.7035, 0.717, 4.1992)
(-1.9251, 1.3796, 4.1592)
(-2.1024, 2.0528, 4.0488)
(-2.3004, 2.7172, 3.9135)
(-2.5178, 3.4052, 3.7691)
(-2.721, 4.0808, 3.6707)
(-2.906, 4.7109, 3.6575)
(-1.6627, -0.0308, 3.6545)
(-1.9086, 0.5988, 3.6643)
(-2.0598, 1.285, 3.5982)
(-2.1516, 1.9668, 3.4772)
(-2.2518, 2.6462, 3.3365)
(-2.4017, 3.3369, 3.2222)
(-2.5797, 4.0158, 3.1606)
(-2.7986, 4.6449, 3.1127)
(-1.2512, -1.3202, 2.6764)
(-1.5625, -0.7744, 2.9314)
(-1.8521, -0.1508, 3.0899)
(-2.1079, 0.5317, 3.11)
(-2.2738, 1.2109, 3.0965)
(-2.381, 1.8859, 3.0407)
(-2.4518, 2.57, 2.9331)
(-2.5261, 3.2587, 2.8308)
(-2.6197, 3.9434, 2.7452)
(-2.7387, 4.5758, 2.6112)
(-1.4761, -1.2832, 2.2244)
(-1.8613, -0.7599, 2.4254)
(-2.2052, -0.1844, 2.5807)
(-2.4857, 0.4495, 2.6726)
(-2.6808, 1.1096, 2.7052)
(-2.7707, 1.7842, 2.6577)
(-2.7838, 2.4651, 2.5444)
(-2.7789, 3.1442, 2.4209)
(-2.7032, 3.795, 2.3577)
(-2.5694, 4.4157, 2.3399)
(-1.7511, -1.2418, 1.6737)
(-2.1741, -0.7405, 1.8877)
(-2.5584, -0.2081, 2.0883)
(-2.7305, 0.3828, 2.2406)
(-2.7122, 1.0272, 2.3219)
(-2.6534, 1.6993, 2.3274)
(-2.5771, 2.374, 2.2324)
(-2.5047, 3.0453, 2.119)
(-2.3614, 3.6222, 2.2478)
(-2.1916, 4.1687, 2.5124)
(-2.0181, -1.2032, 1.1182)
(-2.4423, -0.6984, 1.3342)
(-2.8024, -0.1528, 1.5367)
(-2.8138, 0.4503, 1.6968)
(-2.548, 1.0684, 1.839)
(-2.2959, 1.691, 1.9693)
(-2.0735, 2.331, 2.0238)
(-1.9719, 2.9944, 2.0515)
(-1.9585, 3.4759, 2.3687)
(-2.009, 3.9019, 2.7498)
(-2.2656, -1.1561, 0.5569)
(-2.6838, -0.6324, 0.7693)
(-2.9764, -0.0451, 0.9623)
(-2.8912, 0.5851, 1.1179)
(-2.5355, 1.1743, 1.2609)
(-2.1644, 1.7398, 1.412)
(-1.8313, 2.2795, 1.5604)
(-2.4473, -1.0704, -0.0208)
(-2.8354, -0.5289, 0.1846)
(-3.0259, 0.085, 0.3712)
(-2.8509, 0.7041, 0.5262)
(-2.484, 1.2596, 0.6721)
(-2.1261, 1.7999, 0.8263)
(-1.825, 2.2605, 0.9602)
(-2.5672, -0.9516, -0.611)
(-2.909, -0.392, -0.4116)
(-3.0194, 0.2331, -0.2246)
(-2.8167, 0.8325, -0.0632)
(-2.48, 1.3659, 0.0869)
(-2.1483, 1.8877, 0.2424)
(-1.8449, 2.3195, 0.3658)
(-2.6553, -0.8191, -1.204)
(-2.9629, -0.2418, -1.0071)
(-3.0464, 0.3916, -0.817)
(-2.8692, 0.9946, -0.6431)
(-2.5696, 1.5293, -0.483)
(-2.2234, 2.0232, -0.3337)
(-1.868, 2.4019, -0.2302)
(-2.71, -0.6701, -1.7969)
(-2.9933, -0.0819, -1.6009)
(-3.0675, 0.5586, -1.4068)
(-2.9342, 1.1766, -1.2195)
(-2.6694, 1.7241, -1.0501)
(-2.2782, 2.1753, -0.913)
(-1.8555, 2.4793, -0.836)
(-2.7395, -0.5118, -2.3885)
(-3.0094, 0.0806, -2.1931)
(-3.0706, 0.7258, -1.9958)
(-2.9395, 1.3518, -1.8031)
(-2.6344, 1.8793, -1.629)
(-2.1461, 2.2209, -1.4735)
(-1.7373, 2.4676, -1.4269)
(-2.7559, -0.3544, -2.9797)
(-3.0279, 0.2345, -2.7845)
(-3.1003, 0.8752, -2.5785)
(-2.9037, 1.4374, -2.3729)
(-2.4597, 1.8248, -2.1622)
(-1.9715, 2.1135, -1.9726)
(-1.6904, 2.4377, -2.0284)
(-2.7587, -0.2056, -3.5704)
(-2.9859, 0.3751, -3.362)
(-2.9858, 0.9874, -3.1075)
(-2.7892, 1.5308, -2.8757)
(-2.3489, 1.8443, -2.6413)
(-1.93, 2.1756, -2.4663)
(-1.7113, 2.6557, -2.5668)
(-2.6671, -0.044, -4.1275)
(-2.7195, 0.4843, -3.8204)
(-2.572, 0.9646, -3.4154)
(-2.4437, 1.5086, -3.1392)
(-2.2701, 2.0058, -3.0001)
(-2.0924, 2.4768, -2.8089)
(-1.9211, 2.9593, -2.6775)
(-2.4141, 0.1346, -4.5905)
(-2.2452, 0.5518, -4.1383)
(-2.136, 0.9532, -3.6807)
(-2.1312, 1.5091, -3.4352)
(-2.1031, 2.1681, -3.3377)
(-2.172, 2.771, -3.0981)
(-2.122, 3.2097, -2.8049)
(-2.1203, 0.3929, -4.997)
(-1.8805, 0.7519, -4.488)
(-1.97, 1.1702, -4.117)
(-2.1825, 1.7342, -3.9339)
(-2.159, 2.398, -3.7771)
(-2.1337, 3.0205, -3.553)
(-2.0399, 3.4867, -3.3089)
(-1.9138, 0.6977, -5.3473)
(-1.7269, 1.0619, -4.8401)
(-1.9724, 1.4343, -4.5255)
(-2.3172, 1.9112, -4.3667)
(-2.3294, 2.5619, -4.1919)
(-2.1739, 3.1947, -3.9892)
(-1.9677, 3.6718, -3.7626)
(-1.2014, 0.3447, 4.5116)
(-1.3948, 0.8508, 4.5702)
(-1.665, 1.4918, 4.5713)
(-1.9179, 2.1458, 4.4898)
(-2.1847, 2.7899, 4.3775)
(-2.3922, 3.447, 4.2067)
(-2.5581, 4.1117, 4.0767)
(-2.7489, 4.7544, 4.0905)
(-2.4917, 5.347, 4.3499)
(-2.2227, 4.3235, 2.804)
(-2.0985, 4.6953, 2.771)
(-1.8087, 5.1781, 2.9174)
(-1.5985, 5.5666, 3.3305)
(-1.6979, 5.7376, 3.8451)
(-2.0933, 5.587, 4.225)
(-0.2775, 0.6153, 4.6007)
(-0.5487, 1.1367, 4.6517)
(-0.8426, 1.7669, 4.6654)
(-1.124, 2.4015, 4.594)
(-1.4106, 3.021, 4.5383)
(-1.6667, 3.6508, 4.4382)
(-1.8473, 4.3285, 4.3083)
(-1.9761, 5.0303, 4.2684)
(0.2306, 0.6816, 4.3125)
(-0.0775, 1.288, 4.3472)
(-0.3846, 1.9239, 4.3447)
(-0.6769, 2.5518, 4.2805)
(-0.9238, 3.1856, 4.2404)
(-1.1755, 3.8491, 4.1772)
(-1.431, 4.5458, 4.0566)
(-1.5764, 5.2252, 3.9573)
(1.4684, -0.2277, 3.5189)
(1.0163, 0.2444, 3.7373)
(0.5961, 0.8016, 3.8456)
(0.2186, 1.4159, 3.8584)
(-0.1378, 2.0026, 3.8263)
(-0.4502, 2.594, 3.7435)
(-0.6583, 3.2141, 3.712)
(-0.9241, 3.8455, 3.6618)
(-1.2559, 4.4457, 3.5535)
(-1.467, 5.0565, 3.4768)
(1.6725, 0.0635, 3.1616)
(1.1858, 0.5041, 3.2452)
(0.7539, 1.0107, 3.2731)
(0.3154, 1.5232, 3.2783)
(-0.1551, 1.9826, 3.2539)
(-0.4319, 2.5197, 3.1688)
(-0.6304, 3.0743, 3.1393)
(-0.9722, 3.596, 3.1306)
(-1.3131, 4.1258, 3.0926)
(-1.6121, 4.6795, 3.0698)
(1.8658, 0.4087, 2.6925)
(1.2944, 0.7377, 2.6921)
(0.7987, 1.1516, 2.6717)
(0.3021, 1.5818, 2.678)
(-0.2806, 1.908, 2.6812)
(-0.5675, 2.3865, 2.6126)
(-0.8215, 2.8619, 2.6227)
(-1.2291, 3.2978, 2.6658)
(-1.5328, 3.8169, 2.751)
(-1.8496, 4.2708, 2.8763)
(1.9908, 0.7407, 2.1867)
(1.3761, 0.9414, 2.1355)
(0.8167, 1.2278, 2.0697)
(0.265, 1.5975, 2.0708)
(-0.3641, 1.8421, 2.0868)
(-0.7656, 2.2581, 2.0505)
(-1.1449, 2.6743, 2.1132)
(-1.543, 3.1031, 2.2198)
(-1.7124, 3.5481, 2.4944)
(-1.9602, 3.9152, 2.8294)
(2.0781, 1.0734, 1.672)
(1.4495, 1.2145, 1.6097)
(0.8227, 1.333, 1.4982)
(0.2119, 1.5798, 1.4677)
(-0.4215, 1.8002, 1.486)
(-0.9319, 2.1428, 1.4937)
(-1.386, 2.4755, 1.5706)
(2.141, 1.3834, 1.1432)
(1.5092, 1.5633, 1.119)
(0.8424, 1.596, 0.9956)
(0.1911, 1.6705, 0.9008)
(-0.4396, 1.8311, 0.8916)
(-1.0195, 2.0895, 0.9267)
(-1.4863, 2.3623, 0.9879)
(2.1826, 1.6495, 0.5931)
(1.5498, 1.8756, 0.6045)
(0.8811, 1.9649, 0.5277)
(0.2277, 1.983, 0.4123)
(-0.4015, 2.0293, 0.3442)
(-1.0104, 2.1732, 0.3521)
(-1.5023, 2.3864, 0.3944)
(2.2139, 1.8789, 0.0328)
(1.5698, 2.0765, 0.0375)
(0.9076, 2.23, 0.004)
(0.2691, 2.3382, -0.0578)
(-0.3462, 2.3718, -0.1403)
(-0.9594, 2.4088, -0.1877)
(-1.4756, 2.4991, -0.191)
(2.2042, 2.0531, -0.5276)
(1.5489, 2.1184, -0.5533)
(0.8954, 2.2887, -0.5832)
(0.285, 2.5294, -0.6009)
(-0.3173, 2.6827, -0.6447)
(-0.931, 2.6999, -0.713)
(-1.4407, 2.641, -0.772)
(2.1219, 2.3121, -1.0207)
(1.4891, 2.2378, -1.0817)
(0.8479, 2.2523, -1.1716)
(0.2326, 2.4255, -1.1341)
(-0.3411, 2.6099, -1.1337)
(-0.9151, 2.6508, -1.2286)
(-1.3995, 2.6013, -1.3468)
(1.9999, 2.6792, -1.4566)
(1.4061, 2.6048, -1.5074)
(0.7763, 2.4544, -1.6604)
(0.1505, 2.456, -1.5874)
(-0.3799, 2.5723, -1.5698)
(-0.9242, 2.6158, -1.7251)
(-1.4077, 2.5713, -1.9268)
(1.8236, 2.7881, -1.9212)
(1.2414, 2.9345, -1.867)
(0.6127, 2.9119, -1.9705)
(0.0248, 2.891, -1.8913)
(-0.4392, 2.952, -1.9117)
(-0.9619, 2.9354, -2.1678)
(-1.4337, 2.8249, -2.4068)
(1.7517, 2.891, -2.3946)
(1.1957, 3.2441, -2.2216)
(0.5721, 3.3932, -2.17)
(-0.0462, 3.3985, -2.0667)
(-0.5866, 3.3921, -2.0465)
(-1.1552, 3.3, -2.2479)
(-1.6341, 3.1594, -2.4651)
(1.7676, 3.1716, -2.8993)
(1.2364, 3.4146, -2.6565)
(0.6224, 3.4519, -2.4546)
(-0.0501, 3.4645, -2.3421)
(-0.7242, 3.4731, -2.2866)
(-1.3487, 3.5191, -2.3709)
(-1.8198, 3.4746, -2.5758)
(1.6272, 3.3267, -3.425)
(1.0714, 3.4315, -3.1387)
(0.5238, 3.4509, -2.8059)
(-0.064, 3.5435, -2.5679)
(-0.6925, 3.5594, -2.5881)
(-1.2646, 3.6547, -2.8206)
(-1.7246, 3.7198, -3.0715)
(1.4045, 3.3275, -3.6393)
(0.9648, 3.5018, -3.2873)
(0.4829, 3.7788, -2.9928)
(-0.0385, 3.8375, -2.7358)
(-0.5699, 3.8059, -2.7968)
(-1.1257, 3.9306, -3.0985)
(-1.6197, 3.9953, -3.3523)
(-0.7265, 0.5232, 4.6865)
(-1.0126, 0.9821, 4.7273)
(-1.308, 1.606, 4.7466)
(-1.5877, 2.2398, 4.6681)
(-1.8707, 2.8598, 4.585)
(-2.1097, 3.4619, 4.4056)
(-2.2682, 4.0942, 4.2364)
(-2.4055, 4.79, 4.2781)
