(0.4576, 3.1227, -5.1699)
(0.8338, 3.1668, -4.6831)
(1.4247, 3.05, -4.6037)
(1.9913, 3.1392, -4.3588)
(2.3019, 3.5599, -3.9597)
(0.4812, 2.6972, -5.0772)
(0.7554, 2.7704, -4.5495)
(2.5527, 3.9729, -3.5179)
(1.3016, 2.7462, -4.3462)
(2.7078, 4.1753, -3.1741)
(1.8515, 2.9099, -4.045)
(2.2699, 3.2842, -3.6668)
(2.5345, 3.6631, -3.2224)
(2.7489, 3.9813, -2.8937)
(0.52, 2.1539, -4.9314)
(0.6981, 2.2844, -4.3697)
(1.1214, 2.455, -3.9739)
(1.6023, 2.7203, -3.644)
(2.0996, 3.0295, -3.2856)
(2.4597, 3.2792, -2.8426)
(2.8506, 3.4299, -2.6391)
(0.5898, 1.6005, -4.744)
(0.9032, 1.7929, -4.2131)
(1.273, 2.0257, -3.7046)
(1.731, 2.3193, -3.3839)
(2.1553, 2.6464, -3.0417)
(2.4144, 2.8914, -2.6012)
(2.9093, 2.8634, -2.4176)
(0.6638, 1.0555, -4.5554)
(1.1509, 1.2806, -4.1737)
(1.5519, 1.5369, -3.6795)
(1.9129, 1.8256, -3.254)
(2.0071, 2.2954, -2.9478)
(2.1981, 2.7203, -2.7057)
(2.3614, 3.1312, -2.5245)
(0.6899, 0.5484, -4.2498)
(1.2604, 0.7425, -3.9801)
(1.6544, 1.0111, -3.5014)
(1.9323, 1.3204, -3.0149)
(1.9757, 1.7993, -2.6872)
(2.1306, 2.2798, -2.4345)
(2.242, 2.541, -2.2556)
(0.703, 0.0723, -3.8796)
(1.2935, 0.2319, -3.6761)
(1.6291, 0.5314, -3.2106)
(1.9048, 0.8729, -2.7482)
(2.1426, 1.2979, -2.4601)
(2.1824, 1.709, -2.0698)
(2.0867, 1.9866, -1.7142)
(0.7172, -0.3634, -3.4593)
(1.3553, -0.2398, -3.3296)
(1.823, 0.0627, -2.9935)
(2.1427, 0.4261, -2.5823)
(2.3195, 0.8192, -2.1626)
(2.4059, 1.2068, -1.726)
(2.4685, 1.5107, -1.3778)
(0.7275, -0.7663, -3.004)
(1.3857, -0.6655, -2.9083)
(1.9156, -0.3842, -2.6274)
(2.2755, -0.0259, -2.2407)
(2.4947, 0.3564, -1.804)
(2.668, 0.7372, -1.3806)
(2.7883, 1.0361, -1.048)
(0.738, -1.1642, -2.5447)
(1.409, -1.0904, -2.4793)
(1.9531, -0.8204, -2.2146)
(2.3415, -0.4612, -1.8336)
(2.6569, -0.0881, -1.4265)
(2.9235, 0.2833, -1.0301)
(3.1064, 0.5748, -0.7126)
(0.7542, -1.5931, -2.119)
(1.4605, -1.5441, -2.0854)
(2.0651, -1.3009, -1.8705)
(2.4965, -0.9237, -1.4925)
(2.8617, -0.5319, -1.082)
(3.1871, -0.1566, -0.685)
(3.421, 0.1274, -0.3708)
(0.7672, -2.0152, -1.7044)
(1.5066, -1.9843, -1.6815)
(2.1807, -1.7828, -1.5255)
(2.686, -1.3942, -1.1835)
(3.0942, -0.9747, -0.7687)
(3.464, -0.5835, -0.349)
(3.7413, -0.2928, 0.005)
(0.7566, -2.2713, -1.1718)
(1.4881, -2.2583, -1.1528)
(2.194, -2.1379, -1.0552)
(2.7791, -1.8146, -0.7881)
(3.268, -1.419, -0.4316)
(3.7307, -1.0238, -0.045)
(4.2224, -0.6214, 0.452)
(0.7401, -2.494, -0.608)
(1.4478, -2.4647, -0.5861)
(2.134, -2.3379, -0.493)
(2.764, -2.0933, -0.2915)
(4.8327, -0.8169, 0.8597)
(3.3548, -1.7895, -0.0478)
(3.918, -1.4432, 0.2106)
(5.5033, -0.99, 1.0838)
(4.4787, -1.1076, 0.4845)
(6.0159, -1.2642, 1.4801)
(5.0155, -0.8943, 0.7918)
(0.7245, -2.7306, -0.0423)
(1.4124, -2.6761, -0.0231)
(2.0751, -2.5082, 0.0537)
(6.263, -1.1213, 1.6304)
(2.6897, -2.2379, 0.2062)
(5.4176, -0.871, 1.2008)
(3.2945, -1.9526, 0.3911)
(3.8926, -1.659, 0.5941)
(5.8853, -0.94, 1.57)
(4.4889, -1.366, 0.8049)
(6.3054, -0.8666, 1.7622)
(5.0679, -1.1023, 0.9784)
(0.721, -2.9692, 0.5029)
(1.413, -2.946, 0.5276)
(2.1306, -2.839, 0.5078)
(5.5613, -0.8952, 1.045)
(2.8134, -2.625, 0.5114)
(3.463, -2.3668, 0.5636)
(6.0073, -0.7029, 1.3233)
(4.0915, -2.0784, 0.6559)
(0.7208, -3.1528, 0.9424)
(6.375, -0.5085, 1.5575)
(4.7052, -1.767, 0.7747)
(5.2901, -1.4625, 0.9484)
(2.2025, -3.026, 1.0609)
(1.3632, -3.1766, 1.1916)
(5.8125, -1.205, 1.1715)
(2.9252, -2.8836, 1.0017)
(3.6184, -2.7133, 0.9708)
(6.3445, -0.9461, 1.2483)
(4.2871, -2.4916, 0.9705)
(6.7206, -0.6655, 1.2999)
(4.9275, -2.2077, 1.0187)
(5.5368, -1.8855, 1.1645)
(1.7851, -3.2372, 1.6422)
(2.3474, -3.1612, 1.6039)
(6.1196, -1.6184, 1.3533)
(3.0257, -3.0424, 1.5602)
(3.7236, -2.8999, 1.5194)
(6.677, -1.3554, 1.4203)
(4.4163, -2.7347, 1.4847)
(7.0849, -1.1141, 1.3432)
(5.1058, -2.5232, 1.4745)
(5.7952, -2.2422, 1.5197)
(1.9572, -3.2607, 2.1456)
(2.4319, -3.1515, 2.1409)
(6.4363, -2.0279, 1.5313)
(3.0796, -3.0393, 2.1144)
(3.7702, -2.9112, 2.078)
(7.0008, -1.8055, 1.5145)
(4.4648, -2.7822, 2.0399)
(2.1031, -3.1674, 2.4436)
(7.4258, -1.592, 1.4755)
(5.1704, -2.6434, 2.0094)
(2.3976, -3.057, 2.564)
(3.0878, -2.9493, 2.5338)
(5.8916, -2.4584, 1.9758)
(3.7762, -2.841, 2.5038)
(6.5727, -2.327, 1.9094)
(4.4602, -2.7189, 2.4617)
(5.1508, -2.66, 2.4413)
(7.158, -2.182, 1.8406)
(5.8128, -2.4546, 2.3872)
(7.5732, -2.0176, 1.762)
(6.5051, -2.3598, 2.3134)
(7.4369, -2.2272, 2.0043)
(7.2029, -2.281, 2.2664)
(0.6006, 5.2616, -0.8948)
(1.1886, 4.9463, -1.0539)
(1.7515, 4.633, -1.1968)
(2.2954, 4.6345, -1.5587)
(2.7527, 4.7172, -2.0034)
(0.6096, 4.9748, -0.6656)
(1.2615, 4.8527, -0.8229)
(2.8493, 4.5479, -2.571)
(1.8936, 4.6881, -1.0142)
(2.8109, 4.3219, -2.9295)
(2.4598, 4.5381, -1.333)
(2.833, 4.3713, -1.82)
(2.863, 4.1486, -2.4036)
(2.7612, 3.9885, -2.8785)
(0.5297, 4.4743, -0.7589)
(1.1694, 4.4303, -0.9633)
(1.8076, 4.2978, -1.0646)
(2.4023, 4.0757, -1.2386)
(2.852, 3.856, -1.6259)
(2.9439, 3.6286, -2.189)
(2.8702, 3.4352, -2.6335)
(0.5121, 3.954, -0.781)
(1.1608, 3.9525, -0.8851)
(1.7329, 3.8538, -0.8619)
(2.2488, 3.5784, -1.0446)
(2.6789, 3.3931, -1.4565)
(2.8577, 3.1796, -2.0024)
(2.9192, 2.8728, -2.3993)
(0.5571, 3.7279, -0.364)
(1.1313, 3.7462, -0.5137)
(1.5256, 3.4516, -0.7653)
(1.9327, 3.1368, -0.979)
(2.2571, 3.1802, -1.4347)
(2.4335, 3.0563, -1.953)
(2.3731, 3.1206, -2.4956)
(0.5327, 3.7292, 0.1421)
(0.9983, 3.4938, -0.1527)
(1.3718, 3.0816, -0.5143)
(1.7246, 2.7089, -0.7737)
(2.0293, 2.7597, -1.2275)
(2.2326, 2.6609, -1.7397)
(2.2642, 2.5946, -2.1971)
(0.6513, 3.4836, 0.6171)
(1.1863, 3.2688, 0.2875)
(1.6013, 2.9123, -0.0837)
(1.8449, 2.474, -0.3792)
(1.9873, 2.2947, -0.8708)
(2.186, 2.1171, -1.3696)
(2.1169, 1.9536, -1.7588)
(0.7453, 3.0447, 1.0045)
(1.3376, 2.8807, 0.6921)
(1.8573, 2.6539, 0.3241)
(2.2104, 2.3519, -0.0646)
(2.3172, 2.0124, -0.5275)
(2.4686, 1.7288, -1.0089)
(2.4854, 1.51, -1.4004)
(0.7513, 2.5107, 1.2833)
(1.3595, 2.3611, 0.9921)
(1.9164, 2.1746, 0.6418)
(2.3685, 1.9462, 0.2561)
(2.6212, 1.636, -0.1956)
(2.7625, 1.3061, -0.666)
(2.8103, 1.0399, -1.0488)
(0.7284, 1.9583, 1.5341)
(1.3222, 1.8029, 1.2264)
(1.8769, 1.617, 0.8704)
(2.3867, 1.4137, 0.5187)
(2.7841, 1.1617, 0.1163)
(3.0159, 0.8539, -0.3333)
(3.1238, 0.5843, -0.7048)
(0.6851, 1.402, 1.7667)
(1.2364, 1.2281, 1.3975)
(1.7826, 1.039, 1.0238)
(2.3385, 0.8484, 0.7051)
(2.8505, 0.6404, 0.3772)
(3.2338, 0.3915, -0.0093)
(3.436, 0.1361, -0.3567)
(0.6148, 0.8358, 1.9621)
(1.1441, 0.658, 1.5622)
(1.7107, 0.4851, 1.2143)
(2.2998, 0.3024, 0.9157)
(2.8824, 0.1231, 0.633)
(3.4138, -0.056, 0.3407)
(3.7593, -0.281, 0.0422)
(0.5602, 0.2791, 2.1783)
(1.1415, 0.1517, 1.8566)
(1.767, 0.0525, 1.6026)
(2.3734, -0.1125, 1.3222)
(2.9875, -0.2666, 1.0539)
(3.6101, -0.3856, 0.8058)
(4.2616, -0.6052, 0.5163)
(0.5751, -0.2437, 2.4675)
(1.2144, -0.2708, 2.2682)
(1.8722, -0.3022, 2.079)
(2.4974, -0.4237, 1.8243)
(4.85, -0.8371, 0.8978)
(3.1221, -0.5498, 1.5699)
(3.7734, -0.5892, 1.3634)
(5.5854, -1.0446, 1.1247)
(4.4282, -0.6583, 1.215)
(6.0908, -1.3333, 1.4845)
(5.0628, -0.7757, 1.2776)
(0.6279, -0.7498, 2.7954)
(1.2888, -0.7168, 2.6765)
(1.9626, -0.6887, 2.5361)
(6.397, -1.3187, 1.5167)
(2.6157, -0.7256, 2.3331)
(5.6587, -1.1244, 1.4569)
(3.2558, -0.7839, 2.1134)
(3.9131, -0.7573, 1.9427)
(6.2465, -1.2449, 1.5547)
(4.5718, -0.7601, 1.8166)
(6.6819, -1.1418, 1.5256)
(5.2176, -0.7362, 1.8142)
(0.6659, -1.2528, 3.0866)
(1.3319, -1.2349, 3.0207)
(2.0324, -1.1506, 2.9303)
(5.8578, -0.9559, 1.8712)
(2.7189, -1.0837, 2.7973)
(3.3825, -1.0356, 2.6373)
(6.4005, -0.9991, 1.8345)
(4.0448, -0.9794, 2.4944)
(0.6804, -1.6983, 3.2372)
(6.8574, -0.745, 1.7668)
(4.7077, -0.9383, 2.4056)
(5.3759, -0.9137, 2.3752)
(2.1228, -1.7003, 3.1589)
(1.3087, -1.9172, 3.2292)
(6.0456, -0.9509, 2.3568)
(2.8302, -1.5765, 3.0918)
(3.5135, -1.4742, 2.9911)
(6.6126, -0.928, 2.2924)
(4.1868, -1.3704, 2.9009)
(7.1283, -0.7184, 2.2598)
(4.8641, -1.2693, 2.8729)
(5.5678, -1.2721, 2.8418)
(1.7188, -2.3582, 3.1446)
(2.2736, -2.2513, 3.1227)
(6.2181, -1.2484, 2.8185)
(2.9443, -2.1395, 3.0932)
(3.6334, -2.0327, 3.0469)
(6.8486, -1.1715, 2.799)
(4.3177, -1.9176, 2.9896)
(7.334, -0.9883, 2.7918)
(5.0077, -1.8187, 2.9427)
(5.7147, -1.8232, 2.954)
(1.909, -2.8042, 2.9245)
(2.3854, -2.7218, 2.8673)
(6.3571, -1.7415, 2.9702)
(3.0302, -2.6256, 2.8394)
(3.7159, -2.5296, 2.8192)
(7.0265, -1.6323, 2.9902)
(4.3951, -2.4195, 2.776)
(2.0836, -3.0121, 2.7097)
(7.4924, -1.489, 2.9892)
(5.0627, -2.315, 2.7061)
(2.3939, -3.0521, 2.5835)
(3.0791, -2.9415, 2.5523)
(5.7344, -2.2684, 2.6902)
(3.7661, -2.8367, 2.5239)
(6.4167, -2.161, 2.6635)
(4.4466, -2.7058, 2.4769)
(5.1354, -2.6438, 2.4518)
(7.0976, -2.0603, 2.6916)
(5.7899, -2.4404, 2.3723)
(7.5458, -1.9842, 2.7716)
(6.4356, -2.3394, 2.3214)
(7.4205, -2.2596, 2.5784)
(7.2054, -2.279, 2.2943)
(0.0822, 3.0369, -5.5617)
(-0.2706, 3.1498, -5.1999)
(-0.4407, 3.2836, -4.5977)
(-0.9207, 3.4651, -4.2259)
(-1.5388, 3.6816, -4.0415)
(-2.0988, 3.9373, -3.7413)
(0.0606, 2.6051, -5.4302)
(-0.3651, 2.7293, -5.1101)
(-0.5762, 2.8784, -4.5175)
(-2.5357, 4.176, -3.3251)
(-1.0108, 3.0634, -4.0805)
(-2.7356, 4.2716, -2.9648)
(-1.5964, 3.2927, -3.8572)
(-2.1667, 3.5371, -3.5819)
(-2.5769, 3.7787, -3.1522)
(-2.7829, 4.0085, -2.751)
(0.0491, 2.0659, -5.2295)
(-0.4643, 2.1926, -4.9576)
(-0.7725, 2.3741, -4.3896)
(-1.1216, 2.5575, -3.8527)
(-1.6188, 2.8057, -3.5893)
(-2.2233, 3.0121, -3.3687)
(-2.6417, 3.2474, -2.9537)
(-2.8453, 3.4329, -2.5427)
(0.0362, 1.5113, -4.9843)
(-0.531, 1.626, -4.7723)
(-0.8742, 1.8243, -4.247)
(-1.1943, 2.0046, -3.7013)
(-1.6232, 2.2641, -3.4184)
(-2.2068, 2.4833, -3.1473)
(-2.6262, 2.7939, -2.7724)
(-2.8613, 2.8655, -2.3231)
(0.0237, 0.9909, -4.6851)
(-0.6184, 1.0947, -4.5684)
(-1.0851, 1.3161, -4.2027)
(-1.3389, 1.4868, -3.6609)
(-1.6107, 1.8191, -3.2251)
(-1.9716, 2.1388, -2.8328)
(-2.2613, 2.6815, -2.5971)
(-2.3867, 3.273, -2.4449)
(0.0176, 0.5324, -4.2923)
(-0.6488, 0.6544, -4.1826)
(-1.2447, 0.88, -3.952)
(-1.7023, 1.1756, -3.5949)
(-1.9679, 1.553, -3.1422)
(-2.0264, 1.8218, -2.6446)
(-2.1361, 2.282, -2.3891)
(-2.25, 2.7629, -2.2468)
(0.0252, 0.0986, -3.8674)
(-0.638, 0.2387, -3.7439)
(-1.2699, 0.4458, -3.5628)
(-1.8382, 0.7214, -3.3234)
(-2.2358, 1.0808, -2.9737)
(-2.3678, 1.4451, -2.5131)
(-2.2608, 1.814, -2.0722)
(-2.1449, 2.0871, -1.7473)
(0.0361, -0.3173, -3.4234)
(-0.6293, -0.1795, -3.3051)
(-1.2746, 0.0042, -3.1515)
(-1.8679, 0.2469, -2.9475)
(-2.316, 0.5693, -2.638)
(-2.5278, 0.9364, -2.207)
(-2.473, 1.287, -1.7325)
(-2.4715, 1.5739, -1.3821)
(0.0425, -0.7209, -2.967)
(-0.6329, -0.6064, -2.8739)
(-1.294, -0.4543, -2.7564)
(-1.8963, -0.2296, -2.5697)
(-2.3457, 0.0811, -2.258)
(-2.6041, 0.4373, -1.836)
(-2.6871, 0.7948, -1.3776)
(-2.7627, 1.0884, -1.0274)
(0.042, -1.1316, -2.5188)
(-0.651, -1.0576, -2.4698)
(-1.3306, -0.9392, -2.3942)
(-1.9374, -0.7149, -2.2064)
(-2.3822, -0.3917, -1.8734)
(-2.6886, -0.0317, -1.4536)
(-2.8967, 0.329, -1.0169)
(-3.0448, 0.6167, -0.6772)
(0.0353, -1.5773, -2.111)
(-0.6837, -1.5405, -2.1065)
(-1.3955, -1.4564, -2.0764)
(-2.0231, -1.2258, -1.886)
(-2.4704, -0.8675, -1.5177)
(-2.8225, -0.4882, -1.0885)
(-3.1188, -0.123, -0.6613)
(-3.3242, 0.1598, -0.321)
(0.0298, -2.0055, -1.7074)
(-0.7077, -1.9846, -1.715)
(-1.4487, -1.9339, -1.7102)
(-2.1285, -1.7363, -1.5667)
(-2.6318, -1.3583, -1.2143)
(-3.0204, -0.9479, -0.7716)
(-3.3672, -0.5658, -0.3242)
(-3.6196, -0.2789, 0.054)
(0.0293, -2.2644, -1.1786)
(-0.6975, -2.2521, -1.1855)
(-1.4268, -2.2275, -1.1891)
(-2.1303, -2.1162, -1.1162)
(-2.698, -1.7877, -0.8297)
(-3.1629, -1.3963, -0.4355)
(-3.6024, -1.0177, -0.0192)
(-4.0875, -0.6315, 0.4984)
(0.0302, -2.4919, -0.6145)
(-0.6774, -2.4824, -0.6224)
(-1.3801, -2.4639, -0.6305)
(-2.0557, -2.3715, -0.5827)
(-2.6357, -2.0968, -0.3711)
(-4.6899, -0.9056, 0.8858)
(-3.1917, -1.8054, -0.0905)
(-3.7559, -1.5044, 0.1619)
(-5.2562, -1.2419, 1.2583)
(-4.3345, -1.1942, 0.3393)
(-5.8824, -1.1767, 1.557)
(0.0271, -2.732, -0.0466)
(-4.892, -1.0044, 0.6249)
(-0.6714, -2.7213, -0.0543)
(-1.3675, -2.7104, -0.0704)
(-2.0624, -2.6704, -0.0848)
(-5.8813, -0.916, 1.7139)
(-2.7266, -2.5091, -0.0523)
(-5.3312, -0.9602, 1.0985)
(-3.3668, -2.2751, 0.0266)
(-3.9875, -1.99, 0.1319)
(-5.6971, -0.9528, 1.5763)
(-4.6, -1.6821, 0.2364)
(-5.9655, -0.7722, 1.8697)
(-5.1756, -1.3799, 0.4361)
(0.0264, -2.9627, 0.4859)
(-0.6678, -2.9499, 0.4968)
(-1.3573, -2.9125, 0.5227)
(-2.0821, -2.8383, 0.4939)
(-5.6318, -1.1003, 0.8254)
(-2.7971, -2.7379, 0.4581)
(-3.4865, -2.5944, 0.4421)
(-5.9666, -0.8636, 1.2936)
(-4.1538, -2.3875, 0.4475)
(0.0255, -3.1337, 0.8564)
(-0.6688, -3.1539, 0.9288)
(-6.2419, -0.6303, 1.6198)
(-4.8018, -2.1271, 0.4729)
(-5.4208, -1.8376, 0.5556)
(-2.1236, -2.9673, 1.0894)
(-1.2986, -3.1705, 1.1883)
(-5.9546, -1.5317, 0.8004)
(-2.843, -2.8293, 1.0502)
(-3.5442, -2.7119, 1.0212)
(-6.355, -1.2076, 1.1789)
(-4.2325, -2.573, 0.9992)
(-6.6393, -0.9573, 1.5007)
(-4.901, -2.3635, 0.9937)
(-5.553, -2.1115, 1.0107)
(-1.6992, -3.2354, 1.6594)
(-2.2518, -3.1086, 1.644)
(-6.186, -1.948, 1.0485)
(-2.918, -2.9534, 1.6297)
(-3.609, -2.8153, 1.6115)
(-6.6868, -1.6863, 1.2663)
(-4.3025, -2.701, 1.5857)
(-7.0318, -1.4286, 1.4926)
(-4.9937, -2.5572, 1.5604)
(-5.6733, -2.3263, 1.5509)
(-1.8606, -3.253, 2.1695)
(-2.3365, -3.1517, 2.1823)
(-6.3312, -2.1856, 1.5206)
(-2.9797, -3.0338, 2.1818)
(-3.6645, -2.9027, 2.1698)
(-6.9335, -2.0931, 1.549)
(-4.3546, -2.7858, 2.1495)
(-2.0049, -3.1593, 2.4695)
(-7.3584, -1.8928, 1.6165)
(-5.049, -2.6658, 2.1201)
(-2.2986, -3.0589, 2.5982)
(-2.9908, -2.9948, 2.6068)
(-5.7337, -2.4756, 2.0658)
(-3.6828, -2.9136, 2.6006)
(-6.3997, -2.3668, 2.0166)
(-4.3745, -2.8111, 2.5816)
(-5.0723, -2.7555, 2.5749)
(-7.0229, -2.3155, 2.0201)
(-5.6533, -2.3974, 2.4489)
(-7.4748, -2.2048, 2.006)
(-6.3426, -2.341, 2.4133)
(-7.3341, -2.2802, 2.3002)
(-7.0352, -2.2438, 2.4641)
(-0.0612, 5.3858, -0.779)
(-0.7492, 5.3571, -0.7716)
(-1.4266, 5.2627, -0.8719)
(-2.0847, 5.1334, -1.0329)
(-2.6717, 4.9604, -1.3236)
(-3.0243, 4.7268, -1.814)
(-0.0598, 5.0111, -0.5485)
(-0.744, 4.9862, -0.5314)
(-1.4176, 4.8918, -0.637)
(-3.001, 4.5243, -2.4035)
(-2.0606, 4.7425, -0.8324)
(-2.8868, 4.3361, -2.7676)
(-2.6304, 4.5595, -1.1469)
(-2.953, 4.3215, -1.6588)
(-2.9268, 4.1214, -2.2544)
(-2.7902, 4.01, -2.7315)
(-0.0922, 4.4748, -0.4928)
(-0.7473, 4.472, -0.3335)
(-1.4048, 4.3929, -0.3655)
(-2.0052, 4.2267, -0.6081)
(-2.5206, 4.0596, -0.9719)
(-2.8416, 3.8028, -1.4678)
(-2.8896, 3.5895, -2.0536)
(-2.8496, 3.4343, -2.5221)
(-0.1334, 3.9317, -0.573)
(-0.7688, 3.901, -0.3338)
(-1.3781, 3.8323, -0.1949)
(-1.8574, 3.6903, -0.5069)
(-2.1713, 3.6653, -0.983)
(-2.5582, 3.4053, -1.3585)
(-2.769, 3.1711, -1.8798)
(-2.8671, 2.8683, -2.3032)
(-0.0938, 3.5705, -0.2893)
(-0.7377, 3.4223, -0.1949)
(-1.2782, 3.2978, -0.1272)
(-1.5974, 3.2431, -0.5353)
(-1.7428, 3.373, -0.9885)
(-2.1222, 3.3133, -1.3747)
(-2.3864, 3.1629, -1.8715)
(-2.348, 3.1808, -2.382)
(-0.0844, 3.606, 0.2317)
(-0.6504, 3.3061, 0.2243)
(-0.9698, 3.0, 0.0117)
(-1.2288, 3.0563, -0.411)
(-1.5378, 2.9574, -0.7936)
(-1.9163, 2.8878, -1.1863)
(-2.1769, 2.761, -1.6723)
(-2.2337, 2.6839, -2.1346)
(0.0344, 3.4342, 0.7504)
(-0.4151, 3.0813, 0.6214)
(-0.6265, 2.805, 0.2059)
(-1.0674, 2.7425, -0.116)
(-1.4614, 2.548, -0.5024)
(-1.8414, 2.3953, -0.8923)
(-2.1175, 2.2174, -1.3468)
(-2.197, 2.0712, -1.7726)
(0.1446, 3.0527, 1.1526)
(-0.28, 2.7256, 0.9381)
(-0.6638, 2.4444, 0.5068)
(-1.1669, 2.2828, 0.1348)
(-1.6899, 2.1811, -0.1742)
(-2.1337, 2.041, -0.5461)
(-2.3956, 1.7956, -0.9988)
(-2.4971, 1.5788, -1.3933)
(0.1028, 2.5732, 1.4253)
(-0.4939, 2.4616, 1.2934)
(-0.9625, 2.1919, 0.9162)
(-1.4062, 1.9133, 0.4996)
(-1.8923, 1.7374, 0.1358)
(-2.3641, 1.597, -0.2168)
(-2.6554, 1.3456, -0.6489)
(-2.7796, 1.1007, -1.0255)
(0.0685, 2.0369, 1.6788)
(-0.5994, 2.0094, 1.6086)
(-1.1777, 1.841, 1.3154)
(-1.6714, 1.6032, 0.9157)
(-2.1327, 1.3725, 0.5165)
(-2.5632, 1.1457, 0.1222)
(-2.8832, 0.8792, -0.3052)
(-3.0551, 0.6308, -0.6661)
(0.0521, 1.5039, 1.9632)
(-0.6149, 1.4783, 1.8955)
(-1.2187, 1.332, 1.6129)
(-1.7546, 1.1265, 1.2331)
(-2.2513, 0.9044, 0.8405)
(-2.7089, 0.6671, 0.4422)
(-3.0956, 0.4138, 0.0371)
(-3.3329, 0.1694, -0.3041)
(0.032, 0.9695, 2.2445)
(-0.6146, 0.9451, 2.1841)
(-1.1841, 0.7781, 1.8561)
(-1.7125, 0.571, 1.46)
(-2.2511, 0.3659, 1.0889)
(-2.7898, 0.166, 0.7412)
(-3.2918, -0.03, 0.4019)
(-3.6333, -0.2632, 0.0936)
(0.0135, 0.4254, 2.5101)
(-0.6138, 0.4114, 2.4728)
(-1.1566, 0.2367, 2.1207)
(-1.7039, 0.0569, 1.7507)
(-2.2905, -0.1104, 1.4315)
(-2.8889, -0.261, 1.1343)
(-3.4957, -0.3691, 0.8618)
(-4.1275, -0.6132, 0.5593)
(0.0096, -0.1226, 2.7744)
(-0.6231, -0.1144, 2.7717)
(-1.1945, -0.2372, 2.4684)
(-1.8078, -0.3151, 2.1914)
(-2.4243, -0.4345, 1.9132)
(-4.7108, -0.8786, 0.9097)
(-3.0322, -0.5685, 1.6322)
(-3.6726, -0.5822, 1.4114)
(-5.3191, -1.3236, 1.3408)
(-4.316, -0.6285, 1.2638)
(-5.9762, -1.2459, 1.5792)
(0.0119, -0.6769, 3.0231)
(-4.9277, -0.8572, 1.3269)
(-0.6471, -0.635, 3.0586)
(-1.2912, -0.6358, 2.8858)
(-1.9466, -0.6383, 2.678)
(-6.016, -1.0607, 1.2183)
(-2.585, -0.6993, 2.4337)
(-5.4838, -1.1201, 1.5472)
(-3.2028, -0.8014, 2.1704)
(-3.8464, -0.7612, 1.9781)
(-5.8875, -1.1509, 1.5447)
(-4.4771, -0.6668, 1.8743)
(-5.9493, -0.8464, 1.2931)
(-5.0799, -0.8244, 1.864)
(0.0061, -1.2208, 3.1807)
(-0.665, -1.1963, 3.2033)
(-1.3347, -1.1699, 3.1569)
(-2.0365, -1.093, 3.0538)
(-5.7156, -0.975, 1.9103)
(-2.7215, -1.0442, 2.8923)
(-3.3782, -1.0428, 2.6872)
(-6.2204, -0.9488, 1.8329)
(-4.0368, -0.9892, 2.5121)
(0.0016, -1.6184, 3.2419)
(-0.6764, -1.6682, 3.2506)
(-6.233, -0.5911, 1.6721)
(-4.6984, -0.8819, 2.4198)
(-5.3554, -0.9326, 2.3898)
(-2.1175, -1.6661, 3.2109)
(-1.2971, -1.8768, 3.25)
(-5.9584, -0.9506, 2.3672)
(-2.8311, -1.5542, 3.1417)
(-3.5221, -1.4743, 3.0323)
(-6.5455, -0.843, 2.2912)
(-4.2068, -1.3971, 2.9026)
(-6.71, -0.538, 2.0905)
(-4.9059, -1.3039, 2.8133)
(-5.6277, -1.2455, 2.7936)
(-1.6814, -2.3264, 3.1676)
(-2.2399, -2.2304, 3.1478)
(-6.2944, -1.1725, 2.7806)
(-2.9139, -2.1302, 3.1167)
(-3.608, -2.0415, 3.0759)
(-6.8463, -1.0064, 2.7473)
(-4.2994, -1.9634, 3.0308)
(-7.1098, -0.8284, 2.5118)
(-4.9978, -1.887, 3.0022)
(-5.7153, -1.758, 2.9671)
(-1.8373, -2.7831, 2.9505)
(-2.3192, -2.7159, 2.9004)
(-6.4001, -1.6362, 2.9763)
(-2.968, -2.6369, 2.8797)
(-3.6584, -2.5618, 2.8759)
(-6.9657, -1.458, 2.9845)
(-4.3486, -2.4981, 2.8854)
(-1.9989, -3.0057, 2.7436)
(-7.3345, -1.2557, 2.9176)
(-5.0214, -2.4243, 2.874)
(-2.3079, -3.0492, 2.6163)
(-3.0005, -2.9868, 2.6258)
(-5.6501, -2.2242, 2.7341)
(-3.692, -2.9095, 2.6204)
(-6.3541, -2.0795, 2.7404)
(-4.3794, -2.8119, 2.6015)
(-5.066, -2.7529, 2.6063)
(-6.9649, -1.9397, 2.83)
(-5.6224, -2.379, 2.4222)
(-7.3469, -1.7655, 2.9777)
(-6.3035, -2.3332, 2.3511)
(-7.2015, -2.0211, 2.764)
(-7.0352, -2.2238, 2.4965)
(7.5309, -2.15, 1.8886)
(6.3025, -1.0199, 1.7222)
(6.3126, -0.6587, 1.6964)
(6.5263, -0.5221, 1.403)
(6.9059, -0.8756, 1.295)
(7.266, -1.3543, 1.3953)
(7.5351, -1.8227, 1.6106)
(0.0703, 2.8312, -5.5019)
(0.0542, 2.3451, -5.3378)
(0.043, 1.7862, -5.1115)
(0.0295, 1.2442, -4.8452)
(0.0192, 0.7558, -4.4973)
(0.0201, 0.3135, -4.0819)
(0.0309, -0.1116, -3.6476)
(0.0401, -0.5198, -3.1958)
(0.0432, -0.9232, -2.7396)
(0.039, -1.3499, -2.3091)
(0.032, -1.8062, -1.9189)
(0.029, -2.1505, -1.4555)
(0.0301, -2.3763, -0.8969)
(0.0288, -2.6108, -0.3312)
(0.0264, -2.8527, 0.2345)
(0.026, -3.0538, 0.6864)
(0.2941, 2.6331, -5.3219)
(0.3206, 2.0912, -5.1436)
(0.3383, 1.5342, -4.9163)
(0.3565, 1.001, -4.653)
(0.3588, 0.519, -4.2949)
(0.3653, 0.0657, -3.8931)
(0.3761, -0.3568, -3.4564)
(0.3845, -0.7567, -2.9968)
(0.3899, -1.1555, -2.5371)
(0.3944, -1.5883, -2.1152)
(0.3976, -2.0118, -1.7055)
(0.3926, -2.2685, -1.1754)
(0.385, -2.4945, -0.6115)
(0.3764, -2.7346, -0.0447)
(0.3749, -2.9672, 0.4912)
(0.3743, -3.1402, 0.8805)
(0.2778, 3.0635, -5.4364)
(0.6286, 3.1675, -4.8846)
(1.1093, 3.1097, -4.6231)
(1.7338, 3.0496, -4.5134)
(2.1685, 3.3267, -4.1709)
(2.4324, 3.7817, -3.7339)
(2.6462, 4.1177, -3.333)
(7.3234, -2.264, 2.1312)
(6.854, -2.3204, 2.2899)
(6.1589, -2.4072, 2.3503)
(5.4818, -2.5573, 2.4143)
(4.8055, -2.6894, 2.4515)
(4.1182, -2.78, 2.4828)
(3.432, -2.8951, 2.5188)
(2.7427, -3.0032, 2.5489)
(2.2366, -3.1112, 2.5157)
(2.6478, 3.8132, -3.0457)
(2.4149, 3.4843, -3.4407)
(2.0809, 3.0823, -3.8657)
(1.5901, 2.7955, -4.2144)
(1.002, 2.7538, -4.4284)
(0.6073, 2.7503, -4.7871)
(2.6459, 3.362, -2.7165)
(2.2895, 3.1671, -3.0522)
(1.8604, 2.8759, -3.4788)
(1.3597, 2.5768, -3.8071)
(0.8812, 2.3599, -4.1508)
(0.6117, 2.2185, -4.6492)
(2.6021, 2.9464, -2.4988)
(2.2872, 2.7858, -2.8051)
(1.9627, 2.4852, -3.232)
(1.496, 2.1646, -3.5289)
(1.0724, 1.9034, -3.9387)
(0.7613, 1.6901, -4.4957)
(2.3096, 2.8795, -2.5902)
(2.0859, 2.5268, -2.8238)
(1.9738, 2.0473, -3.0881)
(1.7575, 1.6642, -3.452)
(1.3521, 1.4103, -3.928)
(0.9264, 1.1553, -4.3902)
(2.1933, 2.4332, -2.3242)
(2.0431, 2.0586, -2.556)
(1.9612, 1.5428, -2.8338)
(1.8206, 1.151, -3.2443)
(1.4728, 0.8741, -3.7568)
(0.9961, 0.6278, -4.1458)
(2.1714, 1.8644, -1.8954)
(2.181, 1.5151, -2.2716)
(2.0414, 1.0778, -2.601)
(1.7658, 0.6946, -2.9583)
(1.4845, 0.3723, -3.4642)
(1.0242, 0.1288, -3.8125)
(2.4347, 1.3669, -1.5429)
(2.3701, 1.0201, -1.9391)
(2.2466, 0.6196, -2.3756)
(2.0008, 0.2405, -2.7902)
(1.6109, -0.1039, -3.1808)
(1.051, -0.3263, -3.4207)
(2.7329, 0.8954, -1.2055)
(2.5867, 0.5531, -1.5839)
(2.3959, 0.1627, -2.0256)
(2.1169, -0.2096, -2.4429)
(1.6709, -0.5421, -2.7874)
(1.0662, -0.7389, -2.9782)
(3.0222, 0.4377, -0.8634)
(2.7995, 0.1035, -1.2215)
(2.5046, -0.2762, -1.6314)
(2.1623, -0.645, -2.0315)
(1.7015, -0.9757, -2.3696)
(1.0826, -1.1487, -2.5322)
(3.3127, -0.0044, -0.5182)
(3.0337, -0.3367, -0.8767)
(2.6826, -0.7275, -1.2878)
(2.2973, -1.1202, -1.6933)
(1.783, -1.4469, -2.0037)
(1.1131, -1.586, -2.1167)
(3.6198, -0.4239, -0.1618)
(3.2858, -0.7707, -0.5546)
(2.8964, -1.1833, -0.9801)
(2.4526, -1.6025, -1.3719)
(1.8603, -1.9104, -1.6269)
(1.139, -2.0125, -1.7015)
(6.1582, -1.1979, 1.5492)
(5.7596, -1.1271, 1.2819)
(5.168, -0.9035, 0.9717)
(4.5276, -0.7191, 0.6558)
(3.9656, -0.8348, 0.1653)
(3.4997, -1.219, -0.2414)
(3.0309, -1.6193, -0.6157)
(2.5026, -1.9958, -0.94)
(1.8509, -2.2208, -1.1216)
(1.1221, -2.2709, -1.1663)
(6.1028, -0.919, 1.6822)
(5.6469, -0.9119, 1.4037)
(5.2206, -0.86, 0.9885)
(4.7614, -0.9793, 0.6278)
(4.1967, -1.2674, 0.346)
(3.6387, -1.6198, 0.0795)
(3.0635, -1.9472, -0.172)
(2.4556, -2.2269, -0.4026)
(1.7963, -2.4167, -0.5526)
(1.0948, -2.4872, -0.6018)
(6.1983, -0.606, 1.4512)
(5.7921, -0.7991, 1.1682)
(5.3232, -0.9937, 1.0018)
(4.786, -1.2277, 0.9079)
(4.1904, -1.511, 0.6986)
(3.5943, -1.8068, 0.491)
(2.9925, -2.0954, 0.2961)
(2.3864, -2.3801, 0.1228)
(1.7492, -2.6079, 0.0057)
(1.0702, -2.7142, -0.037)
(6.5489, -0.8076, 1.2724)
(6.088, -1.0782, 1.2243)
(5.5518, -1.3299, 1.0681)
(5.0056, -1.6102, 0.8507)
(4.3999, -1.9244, 0.7113)
(3.7795, -2.2263, 0.6059)
(3.1413, -2.4995, 0.5316)
(2.4776, -2.7418, 0.5037)
(1.7719, -2.9062, 0.5203)
(1.0646, -2.9645, 0.5189)
(6.8954, -1.2322, 1.3928)
(6.4109, -1.4863, 1.4077)
(5.8289, -1.7472, 1.2641)
(5.2365, -2.0442, 1.0795)
(4.611, -2.3578, 0.9849)
(3.9558, -2.6099, 0.9666)
(3.2755, -2.8033, 0.9823)
(2.5661, -2.9578, 1.029)
(1.8299, -3.0903, 1.0987)
(1.0586, -3.1622, 1.0428)
(7.2256, -1.6971, 1.4968)
(6.7339, -1.9185, 1.5258)
(6.1229, -2.1294, 1.531)
(5.4534, -2.3818, 1.4953)
(4.7604, -2.6392, 1.4728)
(4.0706, -2.8206, 1.501)
(3.3757, -2.9735, 1.5391)
(2.6763, -3.1065, 1.5823)
(2.0552, -3.203, 1.6237)
(7.3804, -2.1009, 1.8024)
(6.8847, -2.2585, 1.8752)
(6.2398, -2.3882, 1.9451)
(5.532, -2.5499, 1.9956)
(4.815, -2.7185, 2.0236)
(4.1168, -2.846, 2.0585)
(3.4247, -2.9766, 2.0968)
(2.7396, -3.0968, 2.13)
(2.1783, -3.206, 2.1452)
(1.8915, -3.2616, 1.906)
(2.4005, -3.1743, 1.8818)
(3.0599, -3.0593, 1.8477)
(3.7541, -2.9233, 1.809)
(4.4499, -2.7784, 1.7709)
(5.1532, -2.6058, 1.7459)
(5.8694, -2.3749, 1.7443)
(6.534, -2.2055, 1.7021)
(7.1068, -2.0201, 1.6516)
(1.609, -3.2044, 1.3962)
(2.2725, -3.1035, 1.3336)
(2.9776, -2.9777, 1.2782)
(3.677, -2.8283, 1.237)
(4.3606, -2.6385, 1.2134)
(5.026, -2.3881, 1.2296)
(5.6739, -2.0769, 1.3289)
(6.2883, -1.8278, 1.4267)
(6.848, -1.5786, 1.4603)
(0.7209, -3.0665, 0.7327)
(1.4132, -3.0546, 0.8185)
(2.1608, -2.9488, 0.7761)
(2.8748, -2.7751, 0.7331)
(3.5503, -2.5612, 0.7324)
(4.1993, -2.3008, 0.7712)
(4.823, -1.9944, 0.8516)
(5.4123, -1.6749, 1.0225)
(5.9593, -1.408, 1.2696)
(6.5127, -1.1443, 1.3311)
(0.7216, -2.854, 0.2398)
(1.4094, -2.8123, 0.2516)
(2.0946, -2.672, 0.2792)
(2.736, -2.419, 0.3603)
(3.3581, -2.1386, 0.4835)
(3.9694, -1.8462, 0.6372)
(4.5754, -1.5478, 0.8051)
(5.1622, -1.267, 0.9677)
(5.6789, -1.0227, 1.0756)
(6.1641, -0.7748, 1.2423)
(0.7313, -2.6102, -0.3258)
(1.4269, -2.5634, -0.3028)
(2.0942, -2.4072, -0.2077)
(2.7139, -2.1519, -0.0223)
(3.3166, -1.8652, 0.1935)
(3.903, -1.5511, 0.4212)
(4.4841, -1.2362, 0.6576)
(5.0371, -0.9783, 0.8908)
(5.4668, -0.8505, 1.1195)
(5.9127, -0.7846, 1.4669)
(0.7485, -2.3811, -0.8899)
(1.4688, -2.3647, -0.87)
(2.1701, -2.2541, -0.7802)
(2.787, -1.9805, -0.551)
(3.3335, -1.6321, -0.254)
(3.8519, -1.2558, 0.0679)
(4.3864, -0.9219, 0.4233)
(4.9449, -0.8449, 0.7831)
(5.4316, -0.9284, 1.1859)
(5.9197, -1.0839, 1.5476)
(0.7641, -2.1589, -1.4499)
(1.5039, -2.139, -1.4296)
(2.2003, -1.9808, -1.3067)
(2.7466, -1.6152, -0.9996)
(3.1885, -1.1967, -0.6033)
(3.5988, -0.7986, -0.1859)
(3.9819, -0.4571, 0.2285)
(0.7628, -1.8177, -1.9202)
(1.4893, -1.7776, -1.894)
(2.1309, -1.5499, -1.7076)
(2.5965, -1.1612, -1.342)
(2.9808, -0.7533, -0.9253)
(3.3254, -0.3708, -0.5162)
(3.5812, -0.0827, -0.1829)
(0.7455, -1.3735, -2.3261)
(1.4318, -1.313, -2.2782)
(2.0009, -1.055, -2.0351)
(2.4072, -0.6888, -1.6537)
(2.7524, -0.3098, -1.2485)
(3.0533, 0.0614, -0.8564)
(3.2637, 0.3511, -0.5417)
(0.7322, -0.9634, -2.7723)
(1.395, -0.8755, -2.6906)
(1.9299, -0.5997, -2.4161)
(2.3041, -0.2431, -2.0339)
(2.5745, 0.133, -1.6141)
(2.7959, 0.5084, -1.2054)
(2.9474, 0.8055, -0.8803)
(0.7228, -0.5676, -3.2343)
(1.375, -0.4562, -3.1255)
(1.8882, -0.1642, -2.8292)
(2.23, 0.1984, -2.4338)
(2.4083, 0.5854, -1.9881)
(2.5377, 0.9701, -1.5542)
(2.6284, 1.2734, -1.2129)
(0.7103, -0.1507, -3.6753)
(1.3234, -0.0099, -3.5105)
(1.7135, 0.296, -3.1055)
(2.009, 0.6516, -2.6697)
(2.2331, 1.0567, -2.3231)
(2.2787, 1.4492, -1.8968)
(2.2776, 1.7487, -1.546)
(0.6963, 0.3061, -4.0706)
(1.2773, 0.4825, -3.8349)
(1.6288, 0.7664, -3.3518)
(1.8963, 1.0917, -2.8696)
(2.0468, 1.544, -2.5713)
(2.1385, 1.993, -2.2482)
(2.1643, 2.2638, -1.9849)
(0.6817, 0.7973, -4.4162)
(1.2229, 1.0115, -4.0997)
(1.6331, 1.273, -3.6183)
(1.9441, 1.5688, -3.1501)
(1.9608, 2.0611, -2.8291)
(2.1426, 2.5376, -2.6142)
(2.3017, 2.8361, -2.39)
(0.6306, 1.3252, -4.6573)
(1.0382, 1.5412, -4.1948)
(1.4196, 1.7869, -3.6846)
(1.8366, 2.0773, -3.3193)
(2.0977, 2.4768, -3.0005)
(2.3105, 2.8073, -2.6571)
(2.6354, 2.9973, -2.471)
(0.5515, 1.8757, -4.8379)
(0.7746, 2.0383, -4.2767)
(1.1572, 2.2551, -3.807)
(1.6278, 2.5441, -3.4888)
(2.1245, 2.8429, -3.1354)
(2.4499, 3.0621, -2.6745)
(2.8799, 3.1466, -2.5284)
(0.4973, 2.435, -5.0122)
(0.7055, 2.5342, -4.4644)
(1.1924, 2.6098, -4.1661)
(1.7063, 2.8274, -3.8429)
(2.1719, 3.1671, -3.4759)
(2.4944, 3.4829, -3.037)
(2.7997, 3.7056, -2.7664)
(0.4686, 2.9215, -5.1276)
(0.799, 2.9775, -4.6205)
(1.3767, 2.8935, -4.4872)
(1.9419, 3.0155, -4.2134)
(2.3075, 3.416, -3.8244)
(2.5516, 3.8233, -3.3792)
(2.7369, 4.112, -3.0304)
(2.0175, -3.2237, 2.3241)
(2.4434, -3.1089, 2.3578)
(3.0869, -2.9989, 2.3375)
(3.7757, -2.8797, 2.3034)
(4.4664, -2.7608, 2.2657)
(5.1647, -2.65, 2.2353)
(5.8669, -2.4812, 2.1873)
(6.5549, -2.3682, 2.1155)
(7.1633, -2.2599, 2.0387)
(7.5019, -2.1569, 2.6724)
(6.5523, -1.2664, 1.5088)
(6.769, -0.9333, 1.6096)
(6.9876, -0.6798, 1.9906)
(7.2414, -0.8212, 2.5442)
(7.4199, -1.2214, 2.9506)
(7.5393, -1.7532, 2.9027)
(-0.058, 5.2141, -0.652)
(-0.0707, 4.7568, -0.4903)
(-0.1204, 4.1955, -0.5496)
(-0.1154, 3.7026, -0.4803)
(-0.093, 3.5729, -0.0409)
(-0.0373, 3.5588, 0.5007)
(0.1049, 3.2602, 0.9696)
(0.1347, 2.8225, 1.2991)
(0.0806, 2.308, 1.5489)
(0.0601, 1.7692, 1.8187)
(0.0426, 1.2378, 2.1059)
(0.0215, 0.6985, 2.3784)
(0.0098, 0.1515, 2.6419)
(0.0112, -0.3973, 2.9053)
(0.0096, -0.9606, 3.1159)
(0.0035, -1.434, 3.2186)
(0.2774, 5.0024, -0.5983)
(0.2198, 4.4758, -0.623)
(0.1871, 3.9444, -0.684)
(0.2345, 3.654, -0.3229)
(0.2351, 3.7043, 0.2055)
(0.3408, 3.5019, 0.7118)
(0.4321, 3.087, 1.1143)
(0.4279, 2.5588, 1.3818)
(0.405, 2.0089, 1.6311)
(0.3786, 1.4662, 1.8952)
(0.3347, 0.916, 2.1354)
(0.2933, 0.3611, 2.3677)
(0.2939, -0.1844, 2.631)
(0.3205, -0.7201, 2.9114)
(0.3374, -1.2389, 3.1355)
(0.3417, -1.6435, 3.2387)
(0.2773, 5.3482, -0.8254)
(0.9014, 5.1219, -0.9784)
(1.4722, 4.7644, -1.1107)
(2.0248, 4.5982, -1.3566)
(2.5563, 4.6952, -1.7672)
(2.8383, 4.6549, -2.2865)
(2.8345, 4.4416, -2.799)
(7.3177, -2.2889, 2.4481)
(6.8205, -2.3092, 2.3079)
(6.1128, -2.3899, 2.3469)
(5.4627, -2.5421, 2.4121)
(4.791, -2.6748, 2.4643)
(4.1063, -2.7713, 2.5004)
(3.4226, -2.8891, 2.5381)
(2.7365, -2.9968, 2.5679)
(2.2263, -3.0426, 2.6389)
(2.8258, 4.0508, -2.6481)
(2.8797, 4.2618, -2.1162)
(2.6854, 4.4615, -1.5556)
(2.1902, 4.6114, -1.1535)
(1.5818, 4.7711, -0.9091)
(0.9374, 4.9232, -0.7419)
(2.9119, 3.5276, -2.4271)
(2.9369, 3.741, -1.9059)
(2.6626, 3.9654, -1.4012)
(2.1131, 4.1917, -1.1316)
(1.4913, 4.3773, -1.018)
(0.8471, 4.461, -0.8763)
(2.8627, 3.0766, -2.2357)
(2.8028, 3.2884, -1.7291)
(2.4854, 3.4784, -1.2249)
(1.9963, 3.7202, -0.9199)
(1.4567, 3.9265, -0.8692)
(0.8415, 3.9584, -0.8541)
(2.4469, 3.0218, -2.2009)
(2.3672, 3.1348, -1.6975)
(2.1111, 3.1456, -1.1807)
(1.729, 3.2578, -0.8593)
(1.339, 3.6309, -0.6407)
(0.8649, 3.7702, -0.4228)
(2.2613, 2.6115, -1.9665)
(2.1513, 2.7302, -1.4894)
(1.8851, 2.7141, -0.9768)
(1.5514, 2.8534, -0.6387)
(1.1901, 3.3016, -0.344)
(0.7843, 3.649, 0.0182)
(2.2075, 2.0424, -1.5781)
(2.0941, 2.2082, -1.1314)
(1.913, 2.3634, -0.6054)
(1.7449, 2.6769, -0.2226)
(1.4119, 3.1099, 0.0921)
(0.9337, 3.3987, 0.4701)
(2.4909, 1.6132, -1.2141)
(2.3953, 1.8612, -0.7748)
(2.2739, 2.1806, -0.2872)
(2.067, 2.5117, 0.1357)
(1.6097, 2.7758, 0.511)
(1.0492, 2.9715, 0.8593)
(2.7934, 1.1673, -0.8667)
(2.7041, 1.4662, -0.4369)
(2.5156, 1.7997, 0.0381)
(2.1639, 2.069, 0.4554)
(1.6456, 2.2715, 0.8213)
(1.0619, 2.4424, 1.1493)
(3.0785, 0.7145, -0.5276)
(2.9203, 1.0085, -0.1116)
(2.6041, 1.2965, 0.3269)
(2.1409, 1.5188, 0.6964)
(1.6034, 1.7119, 1.0486)
(1.0325, 1.8873, 1.3938)
(3.3506, 0.2651, -0.1857)
(3.0648, 0.519, 0.1847)
(2.6048, 0.749, 0.5484)
(2.0618, 0.9443, 0.8599)
(1.5072, 1.1338, 1.2044)
(0.9669, 1.3199, 1.5927)
(3.6133, -0.1591, 0.1957)
(3.1635, 0.0359, 0.4873)
(2.5928, 0.2117, 0.7747)
(2.0047, 0.3946, 1.0609)
(1.4219, 0.5717, 1.3797)
(0.8795, 0.7472, 1.7624)
(6.2424, -1.3339, 1.5074)
(5.8381, -1.189, 1.3046)
(5.2177, -0.9409, 1.0112)
(4.5558, -0.7212, 0.707)
(3.9156, -0.47, 0.6768)
(3.3003, -0.3242, 0.9294)
(2.6781, -0.1958, 1.1845)
(2.072, -0.0243, 1.465)
(1.4536, 0.1061, 1.7283)
(0.842, 0.2078, 2.0046)
(6.4795, -1.2081, 1.5502)
(5.9638, -1.2243, 1.5231)
(5.361, -0.946, 1.3662)
(4.7507, -0.6923, 1.2203)
(4.1017, -0.6217, 1.2715)
(3.4454, -0.5731, 1.4623)
(2.8072, -0.4957, 1.6923)
(2.1878, -0.3541, 1.957)
(1.5463, -0.2773, 2.1813)
(0.885, -0.2677, 2.3524)
(6.635, -0.8953, 1.8011)
(6.1433, -1.0192, 1.8633)
(5.5439, -0.8339, 1.8472)
(4.8944, -0.7299, 1.7998)
(4.2441, -0.7624, 1.8691)
(3.5825, -0.773, 2.0227)
(2.9351, -0.7622, 2.2201)
(2.292, -0.699, 2.4405)
(1.6272, -0.6959, 2.6155)
(0.9524, -0.7428, 2.725)
(6.8729, -0.8399, 2.2717)
(6.3412, -0.9593, 2.326)
(5.7178, -0.9287, 2.3703)
(5.0393, -0.9199, 2.3847)
(4.3763, -0.9575, 2.4421)
(3.7133, -1.0071, 2.5609)
(3.0522, -1.0598, 2.7182)
(2.3792, -1.1129, 2.8687)
(1.6803, -1.196, 2.9811)
(0.9952, -1.2534, 3.0514)
(7.1058, -1.0895, 2.7942)
(6.5443, -1.2209, 2.8078)
(5.8964, -1.2666, 2.8291)
(5.2185, -1.2641, 2.8582)
(4.5217, -1.3109, 2.8827)
(3.8509, -1.4249, 2.9395)
(3.1744, -1.5236, 3.0441)
(2.4783, -1.6354, 3.1299)
(1.7598, -1.7757, 3.1834)
(1.0114, -1.7826, 3.2368)
(7.2811, -1.5641, 2.992)
(6.7031, -1.6892, 2.9812)
(6.0352, -1.7928, 2.9622)
(5.3667, -1.8196, 2.9438)
(4.6591, -1.8568, 2.9606)
(3.9761, -1.9773, 3.0191)
(3.29, -2.0859, 3.072)
(2.5988, -2.1953, 3.1097)
(1.9851, -2.3054, 3.134)
(7.345, -2.0205, 2.7281)
(6.7746, -2.1067, 2.6687)
(6.0704, -2.2207, 2.6757)
(5.3983, -2.2921, 2.6952)
(4.7293, -2.3606, 2.7379)
(4.057, -2.4769, 2.8028)
(3.3733, -2.5782, 2.8302)
(2.692, -2.6745, 2.8503)
(2.1314, -2.7644, 2.8933)
(1.8308, -2.6004, 3.045)
(2.3372, -2.5044, 3.009)
(2.9922, -2.4021, 2.9839)
(3.6798, -2.3019, 2.9556)
(4.3623, -2.1897, 2.9071)
(5.0411, -2.0891, 2.8432)
(5.7311, -2.0766, 2.849)
(6.3941, -1.9773, 2.8497)
(7.0733, -1.8664, 2.8767)
(1.5464, -2.1179, 3.2033)
(2.1961, -1.9804, 3.1756)
(2.8888, -1.8577, 3.1319)
(3.5767, -1.7488, 3.0601)
(4.2571, -1.6345, 2.9897)
(4.9446, -1.53, 2.9605)
(5.6562, -1.5383, 2.9528)
(6.296, -1.4858, 2.9537)
(6.9496, -1.3888, 2.9577)
(0.6749, -1.4813, 3.1749)
(1.3453, -1.5263, 3.1379)
(2.0703, -1.4189, 3.073)
(2.773, -1.3143, 2.9751)
(3.4478, -1.2309, 2.8452)
(4.1147, -1.1505, 2.7277)
(4.7834, -1.0756, 2.6737)
(5.4701, -1.0669, 2.6362)
(6.1335, -1.0645, 2.6056)
(6.7327, -1.0127, 2.5596)
(0.6503, -1.0056, 2.9548)
(1.3133, -0.9669, 2.8628)
(1.9985, -0.9079, 2.7463)
(2.6677, -0.8914, 2.5773)
(3.3193, -0.8955, 2.3859)
(3.9785, -0.8537, 2.2272)
(4.6383, -0.8368, 2.1153)
(5.2929, -0.7982, 2.0974)
(5.9552, -0.9161, 2.1083)
(6.4987, -0.9253, 2.0447)
(0.6006, -0.4965, 2.6299)
(1.2549, -0.4859, 2.4769)
(1.9206, -0.4878, 2.3126)
(2.5588, -0.5718, 2.0804)
(3.1899, -0.6711, 1.8398)
(3.8452, -0.6725, 1.6531)
(4.5034, -0.7013, 1.5151)
(5.1431, -0.7398, 1.5338)
(5.7525, -1.0496, 1.6512)
(6.3221, -1.1285, 1.6708)
(0.5594, 0.0137, 2.3147)
(1.1731, -0.0643, 2.0554)
(1.8189, -0.1272, 1.8385)
(2.4338, -0.2749, 1.5687)
(3.054, -0.4174, 1.3058)
(3.6965, -0.4982, 1.0777)
(4.3435, -0.6284, 0.9106)
(4.9698, -0.8079, 1.0647)
(5.5971, -1.1163, 1.2913)
(6.1594, -1.2929, 1.4863)
(0.5811, 0.5542, 2.0629)
(1.13, 0.3931, 1.6901)
(1.7253, 0.2532, 1.3866)
(2.3241, 0.0772, 1.097)
(2.9265, -0.0891, 0.8235)
(3.5122, -0.2389, 0.5579)
(4.0105, -0.4431, 0.2792)
(0.6517, 1.1194, 1.8667)
(1.1843, 0.9392, 1.4715)
(1.735, 0.752, 1.1011)
(2.3096, 0.5652, 0.7937)
(2.8626, 0.3727, 0.4933)
(3.3243, 0.1595, 0.1562)
(3.5977, -0.0724, -0.1573)
(0.7102, 1.6812, 1.6547)
(1.2844, 1.517, 1.3187)
(1.8337, 1.3292, 0.9523)
(2.3677, 1.1333, 0.6182)
(2.8268, 0.9054, 0.2537)
(3.1307, 0.624, -0.1709)
(3.2799, 0.3602, -0.5308)
(0.7417, 2.2346, 1.4097)
(1.3468, 2.0845, 1.1169)
(1.9049, 1.8997, 0.7673)
(2.3882, 1.686, 0.3983)
(2.7179, 1.4069, -0.035)
(2.8927, 1.0813, -0.4983)
(2.9671, 0.8121, -0.8768)
(0.7558, 2.7842, 1.1529)
(1.3599, 2.6303, 0.8531)
(1.9077, 2.4345, 0.4944)
(2.3192, 2.1823, 0.0959)
(2.4879, 1.8423, -0.3607)
(2.6239, 1.526, -0.8362)
(2.6479, 1.2749, -1.2246)
(0.7102, 3.2805, 0.8252)
(1.2814, 3.0986, 0.5019)
(1.7486, 2.8102, 0.1303)
(2.0281, 2.4281, -0.2139)
(2.1249, 2.1453, -0.6955)
(2.3011, 1.9116, -1.1851)
(2.3011, 1.7318, -1.5796)
(0.5792, 3.6426, 0.3865)
(1.0654, 3.387, 0.0606)
(1.4524, 2.9843, -0.3086)
(1.7387, 2.5619, -0.5809)
(1.9695, 2.5091, -1.0554)
(2.1778, 2.3804, -1.5625)
(2.1905, 2.2741, -1.9779)
(0.5399, 3.7325, -0.1083)
(1.0463, 3.6243, -0.3344)
(1.4125, 3.2479, -0.6704)
(1.797, 2.9112, -0.9077)
(2.1167, 2.999, -1.3609)
(2.3039, 2.9017, -1.8746)
(2.3186, 2.8576, -2.3464)
(0.54, 3.796, -0.6115)
(1.1654, 3.8334, -0.7135)
(1.6447, 3.6525, -0.807)
(2.0995, 3.3564, -1.0054)
(2.4704, 3.2832, -1.4459)
(2.6522, 3.1118, -1.9773)
(2.6462, 2.9967, -2.4474)
(0.507, 4.1942, -0.8148)
(1.1529, 4.1664, -0.9727)
(1.7745, 4.0674, -0.9771)
(2.3426, 3.8176, -1.1401)
(2.8027, 3.5934, -1.5242)
(2.9465, 3.3656, -2.0791)
(2.8947, 3.154, -2.5164)
(0.5731, 4.7466, -0.6853)
(1.2215, 4.6764, -0.8769)
(1.8638, 4.5311, -1.0457)
(2.4514, 4.3379, -1.2875)
(2.8562, 4.1284, -1.7258)
(2.9036, 3.9001, -2.3012)
(2.8157, 3.7118, -2.756)
(0.6151, 5.1375, -0.7489)
(1.2437, 4.929, -0.8974)
(1.8467, 4.7035, -1.0743)
(2.3986, 4.6217, -1.4288)
(2.796, 4.5606, -1.9121)
(2.8478, 4.3595, -2.4916)
(2.786, 4.1659, -2.9377)
(1.9843, -2.9385, 2.8078)
(2.4166, -2.8925, 2.7279)
(3.0577, -2.7987, 2.6943)
(3.7429, -2.6987, 2.6715)
(4.4226, -2.5859, 2.6301)
(5.0932, -2.486, 2.5723)
(5.7551, -2.3833, 2.5304)
(6.4349, -2.2737, 2.4871)
(7.1168, -2.1936, 2.5101)
(2.2531, 2.5678, -2.2264)
(2.3673, 3.1259, -2.51)
(2.755, 3.9849, -2.8861)
(6.0534, -1.2988, 1.4823)
(5.5444, -1.0173, 1.1042)
(4.242, -0.6133, 0.4841)
(3.7503, -0.2869, 0.0236)
(4.8414, -0.827, 0.8788)
(2.7993, 1.038, -1.0484)
(2.4769, 1.5104, -1.3891)
(7.2041, -2.28, 2.2804)
(2.9143, 2.8681, -2.4085)
(6.4704, -2.3496, 2.3174)
(5.8013, -2.4475, 2.3798)
(5.1431, -2.6519, 2.4465)
(4.4534, -2.7124, 2.4693)
(3.4285, 0.1318, -0.3638)
(3.7711, -2.8389, 2.5138)
(3.0835, -2.9454, 2.5431)
(2.1018, 1.9701, -1.7365)
(2.3958, -3.0546, 2.5738)
(2.8604, 3.4325, -2.6363)
(3.1151, 0.5795, -0.7087)
(-7.4324, -2.2665, 2.1752)
(-5.9043, -0.845, 1.8272)
(-6.0806, -0.6691, 1.7683)
(-6.4345, -0.7451, 1.5338)
(-6.8395, -1.1902, 1.4885)
(-7.2119, -1.6693, 1.5227)
(-7.4492, -2.0771, 1.7977)
(-0.1774, 2.649, -5.3414)
(-0.2283, 2.1083, -5.155)
(-0.2685, 1.547, -4.9311)
(-0.3094, 1.0212, -4.657)
(-0.3207, 0.5784, -4.2531)
(-0.3099, 0.1584, -3.8151)
(-0.2991, -0.2558, -3.3705)
(-0.2965, -0.6688, -2.924)
(-0.305, -1.0984, -2.4956)
(-0.3238, -1.5615, -2.1079)
(-0.338, -1.996, -1.71)
(-0.3339, -2.2588, -1.1817)
(-0.3241, -2.4876, -0.6179)
(-0.3225, -2.727, -0.0496)
(-0.3222, -2.9577, 0.4873)
(-0.3235, -3.142, 0.8717)
(-0.1173, 3.077, -5.4587)
(-0.348, 3.2159, -4.8892)
(-0.6407, 3.368, -4.3758)
(-1.2295, 3.5686, -4.1307)
(-1.8298, 3.8069, -3.9128)
(-2.3413, 4.0631, -3.5377)
(-2.6636, 4.2604, -3.1284)
(-7.1947, -2.2678, 2.3907)
(-6.6889, -2.2924, 2.4387)
(-5.9979, -2.3692, 2.4311)
(-5.3628, -2.5764, 2.5119)
(-4.7234, -2.7833, 2.5782)
(-4.0286, -2.8624, 2.5911)
(-3.3368, -2.9542, 2.6037)
(-2.6447, -3.0268, 2.6025)
(-2.1381, -3.1073, 2.5451)
(-2.6985, 3.8827, -2.9439)
(-2.3985, 3.6619, -3.3757)
(-1.8931, 3.4136, -3.7398)
(-1.2964, 3.1745, -3.9566)
(-0.7598, 2.9641, -4.2672)
(-0.4719, 2.8044, -4.8149)
(-2.7571, 3.3468, -2.7421)
(-2.4655, 3.1297, -3.1762)
(-1.9255, 2.9104, -3.4964)
(-1.3492, 2.6807, -3.6934)
(-0.931, 2.4594, -4.0955)
(-0.6327, 2.2848, -4.6895)
(-2.731, 2.908, -2.5708)
(-2.4521, 2.6355, -2.9683)
(-1.9126, 2.37, -3.2952)
(-1.3865, 2.133, -3.5367)
(-1.0268, 1.9089, -3.9512)
(-0.7224, 1.7258, -4.5334)
(-2.3558, 2.9304, -2.4999)
(-2.1317, 2.3984, -2.7002)
(-1.7889, 1.9641, -3.0167)
(-1.4618, 1.6449, -3.4317)
(-1.2261, 1.3928, -3.9332)
(-0.8817, 1.2066, -4.4175)
(-2.1968, 2.5177, -2.2974)
(-2.0729, 2.0342, -2.4921)
(-2.0063, 1.6823, -2.8776)
(-1.8652, 1.3716, -3.3823)
(-1.4936, 1.014, -3.7868)
(-0.96, 0.7581, -4.0832)
(-2.2217, 1.9689, -1.9063)
(-2.3241, 1.6339, -2.2791)
(-2.3397, 1.2623, -2.7513)
(-2.065, 0.8957, -3.1648)
(-1.5678, 0.5725, -3.4534)
(-0.9585, 0.3349, -3.6593)
(-2.4593, 1.4377, -1.5449)
(-2.5141, 1.118, -1.9619)
(-2.4598, 0.7508, -2.4361)
(-2.1153, 0.3993, -2.8082)
(-1.5831, 0.1161, -3.0593)
(-0.9551, -0.0933, -3.2323)
(-2.7215, 0.9486, -1.1915)
(-2.6571, 0.6211, -1.6)
(-2.5008, 0.2558, -2.0585)
(-2.1434, -0.0829, -2.4298)
(-1.6086, -0.3531, -2.6761)
(-0.9666, -0.5366, -2.8197)
(-2.9747, 0.4809, -0.8369)
(-2.8029, 0.1541, -1.2284)
(-2.5499, -0.2145, -1.6712)
(-2.1804, -0.5616, -2.0552)
(-1.6499, -0.8418, -2.3186)
(-0.9948, -1.0078, -2.4402)
(-3.2304, 0.0273, -0.4816)
(-2.9805, -0.2987, -0.868)
(-2.6533, -0.678, -1.3065)
(-2.2661, -1.0554, -1.7171)
(-1.7282, -1.3615, -2.0063)
(-1.0435, -1.5109, -2.1028)
(-3.5114, -0.409, -0.1246)
(-3.2005, -0.7488, -0.5431)
(-2.8338, -1.152, -0.9979)
(-2.4014, -1.5614, -1.4109)
(-1.8052, -1.8597, -1.6639)
(-1.0797, -1.9694, -1.7207)
(-5.8777, -1.0319, 1.6242)
(-5.5693, -1.2093, 1.4076)
(-4.9731, -1.0738, 1.072)
(-4.3887, -0.7686, 0.6921)
(-3.8282, -0.8371, 0.1966)
(-3.3827, -1.204, -0.2276)
(-2.938, -1.5923, -0.6388)
(-2.4319, -1.9725, -0.9963)
(-1.7894, -2.1943, -1.1734)
(-1.0617, -2.2433, -1.1897)
(-5.8399, -0.8801, 1.7405)
(-5.5248, -0.9687, 1.3539)
(-5.1244, -0.967, 0.8455)
(-4.6235, -1.0798, 0.4583)
(-4.0437, -1.3427, 0.2509)
(-3.4722, -1.6588, 0.0458)
(-2.9133, -1.949, -0.2328)
(-2.3547, -2.2484, -0.4943)
(-1.727, -2.4375, -0.6225)
(-1.0294, -2.4759, -0.6278)
(-6.1077, -0.7476, 1.4719)
(-5.811, -0.9787, 1.0671)
(-5.4208, -1.2352, 0.6088)
(-4.8978, -1.5293, 0.316)
(-4.295, -1.8368, 0.1804)
(-3.6787, -2.1376, 0.079)
(-3.0494, -2.399, -0.018)
(-2.3985, -2.6036, -0.0752)
(-1.717, -2.701, -0.0808)
(-1.0192, -2.7158, -0.0612)
(-6.5058, -1.0747, 1.3481)
(-6.1724, -1.3655, 0.9862)
(-5.7021, -1.6885, 0.6546)
(-5.1178, -1.9843, 0.5004)
(-4.4801, -2.2626, 0.457)
(-3.8227, -2.4988, 0.4424)
(-3.1448, -2.6732, 0.4473)
(-2.4428, -2.7918, 0.4742)
(-1.7171, -2.8792, 0.5137)
(-1.01, -2.9357, 0.5132)
(-6.8715, -1.5537, 1.3834)
(-6.4582, -1.8269, 1.1426)
(-5.8781, -2.03, 1.0143)
(-5.2275, -2.2304, 1.0029)
(-4.5696, -2.4791, 0.9929)
(-3.8901, -2.6485, 1.0092)
(-3.1958, -2.7701, 1.0345)
(-2.4841, -2.8947, 1.0691)
(-1.7567, -3.0493, 1.1136)
(-1.0021, -3.1591, 1.0314)
(-7.1624, -2.0043, 1.5805)
(-6.6495, -2.1458, 1.5266)
(-6.0046, -2.2412, 1.5339)
(-5.3358, -2.4424, 1.5571)
(-4.6489, -2.6402, 1.5709)
(-3.9555, -2.7569, 1.5996)
(-3.2636, -2.8805, 1.6214)
(-2.5746, -3.0322, 1.6369)
(-1.9647, -3.1751, 1.6515)
(-7.265, -2.267, 2.0162)
(-6.727, -2.343, 2.0156)
(-6.068, -2.4075, 2.0358)
(-5.3937, -2.5712, 2.0956)
(-4.7019, -2.7333, 2.1372)
(-4.0087, -2.8413, 2.1604)
(-3.3218, -2.9683, 2.177)
(-2.6425, -3.0952, 2.1838)
(-2.0828, -3.2036, 2.177)
(-1.7986, -3.2577, 1.9283)
(-2.304, -3.1479, 1.9237)
(-2.9544, -3.0073, 1.9171)
(-3.6406, -2.8668, 1.9026)
(-4.3325, -2.7505, 1.879)
(-5.0285, -2.6237, 1.8499)
(-5.7177, -2.4191, 1.8194)
(-6.3795, -2.293, 1.7766)
(-6.9996, -2.2373, 1.7771)
(-1.5336, -3.2002, 1.4037)
(-2.1835, -3.0421, 1.3683)
(-2.8781, -2.8881, 1.341)
(-3.5753, -2.7611, 1.3168)
(-4.2676, -2.64, 1.2917)
(-4.9481, -2.4649, 1.2757)
(-5.6143, -2.2213, 1.2792)
(-6.2673, -2.0798, 1.2674)
(-6.8252, -1.9052, 1.379)
(-0.6678, -3.0541, 0.7243)
(-1.3522, -3.0189, 0.8201)
(-2.0934, -2.9003, 0.796)
(-2.8182, -2.787, 0.7537)
(-3.5175, -2.6668, 0.7254)
(-4.1986, -2.4992, 0.7104)
(-4.858, -2.2627, 0.7146)
(-5.4949, -1.9935, 0.7561)
(-6.0826, -1.7595, 0.8919)
(-6.5302, -1.4482, 1.2008)
(-0.6694, -2.8384, 0.2315)
(-1.3622, -2.8149, 0.2248)
(-2.0735, -2.7699, 0.1948)
(-2.7698, -2.6525, 0.1777)
(-3.4397, -2.4638, 0.1931)
(-4.0847, -2.2113, 0.2404)
(-4.7149, -1.9246, 0.3068)
(-5.3116, -1.6214, 0.4481)
(-5.8017, -1.2975, 0.7737)
(-6.1616, -0.9918, 1.2034)
(-0.6732, -2.6017, -0.3398)
(-1.371, -2.5897, -0.3535)
(-2.0505, -2.525, -0.3357)
(-2.6678, -2.304, -0.213)
(-3.2687, -2.0424, -0.0341)
(-3.8672, -1.7507, 0.1386)
(-4.4671, -1.4348, 0.2638)
(-5.0289, -1.1607, 0.5073)
(-5.4608, -0.9813, 0.9558)
(-5.7957, -0.8693, 1.4492)
(-0.6865, -2.366, -0.904)
(-1.4013, -2.3448, -0.9091)
(-2.0907, -2.245, -0.8489)
(-2.6622, -1.9391, -0.5896)
(-3.1725, -1.5968, -0.2395)
(-3.6781, -1.2578, 0.1034)
(-4.2148, -0.9551, 0.4124)
(-4.7806, -0.9339, 0.7534)
(-5.2753, -1.0451, 1.191)
(-5.7139, -1.0495, 1.5912)
(-0.7061, -2.1346, -1.463)
(-1.446, -2.0993, -1.4638)
(-2.1455, -1.948, -1.3594)
(-2.6872, -1.5907, -1.0391)
(-3.1095, -1.1781, -0.613)
(-3.4947, -0.7883, -0.1658)
(-3.8536, -0.4552, 0.2762)
(-0.699, -1.7794, -1.9239)
(-1.4287, -1.7121, -1.9093)
(-2.0812, -1.4889, -1.7354)
(-2.5503, -1.1133, -1.3663)
(-2.9184, -0.7172, -0.9263)
(-3.24, -0.3449, -0.4898)
(-3.4719, -0.0596, -0.1335)
(-0.6665, -1.2966, -2.2849)
(-1.3606, -1.1953, -2.2332)
(-1.9737, -0.9665, -2.0407)
(-2.4156, -0.6275, -1.688)
(-2.7466, -0.2604, -1.2658)
(-3.0049, 0.1014, -0.8376)
(-3.1845, 0.3883, -0.4991)
(-0.6398, -0.8279, -2.6668)
(-1.3091, -0.6925, -2.5693)
(-1.9134, -0.4703, -2.3844)
(-2.3608, -0.1564, -2.065)
(-2.6428, 0.2003, -1.645)
(-2.7915, 0.56, -1.1972)
(-2.9038, 0.8526, -0.8523)
(-0.6295, -0.3911, -3.0876)
(-1.2825, -0.2224, -2.951)
(-1.8812, 0.0098, -2.7572)
(-2.332, 0.3227, -2.4493)
(-2.5676, 0.6815, -2.0238)
(-2.5813, 1.0349, -1.5568)
(-2.6171, 1.3312, -1.2047)
(-0.6323, 0.0302, -3.5241)
(-1.2705, 0.2262, -3.3564)
(-1.8557, 0.4817, -3.1399)
(-2.2908, 0.8214, -2.8199)
(-2.4729, 1.1998, -2.3791)
(-2.3631, 1.5536, -1.9031)
(-2.3082, 1.8305, -1.5647)
(-0.6453, 0.4464, -3.9638)
(-1.2679, 0.6644, -3.7654)
(-1.8008, 0.9656, -3.4826)
(-2.1307, 1.34, -3.0797)
(-2.1943, 1.6483, -2.5901)
(-2.1788, 2.0508, -2.2401)
(-2.1975, 2.425, -1.9971)
(-0.642, 0.8661, -4.3938)
(-1.1821, 1.0931, -4.1062)
(-1.5208, 1.3266, -3.6458)
(-1.763, 1.6895, -3.1772)
(-1.9457, 1.9838, -2.7188)
(-2.1548, 2.5151, -2.5039)
(-2.3183, 3.018, -2.3459)
(-0.576, 1.3508, -4.6847)
(-0.9701, 1.5608, -4.2306)
(-1.2384, 1.7232, -3.6726)
(-1.5879, 2.015, -3.3163)
(-2.089, 2.2943, -2.9897)
(-2.4554, 2.7347, -2.6851)
(-2.624, 3.0693, -2.384)
(-0.4977, 1.9083, -4.8642)
(-0.823, 2.099, -4.307)
(-1.1614, 2.2851, -3.761)
(-1.6312, 2.5345, -3.4989)
(-2.2423, 2.7316, -3.2671)
(-2.6723, 2.979, -2.8606)
(-2.8533, 3.1492, -2.4329)
(-0.4177, 2.4722, -5.0417)
(-0.68, 2.6377, -4.4614)
(-1.0677, 2.8212, -3.9687)
(-1.6091, 3.0616, -3.7204)
(-2.1958, 3.2878, -3.4773)
(-2.6055, 3.5256, -3.0536)
(-2.8141, 3.7207, -2.6468)
(-0.3163, 2.9503, -5.1602)
(-0.499, 3.0896, -4.561)
(-0.9626, 3.2737, -4.1627)
(-1.5715, 3.4953, -3.9608)
(-2.1339, 3.7483, -3.6676)
(-2.5546, 3.9899, -3.2417)
(-2.7687, 4.1714, -2.8456)
(-1.9195, -3.2144, 2.3487)
(-2.3472, -3.1179, 2.3977)
(-2.9898, -3.0239, 2.4057)
(-3.677, -2.9141, 2.3965)
(-4.3676, -2.8058, 2.3788)
(-5.0566, -2.6942, 2.3516)
(-5.7116, -2.4735, 2.2746)
(-6.3824, -2.3721, 2.2289)
(-7.0137, -2.3127, 2.2387)
(-7.2848, -1.9192, 2.8895)
(-5.9662, -0.9616, 1.2008)
(-6.0453, -0.7122, 1.4636)
(-6.4675, -0.5227, 1.8833)
(-6.9282, -0.6528, 2.296)
(-7.2475, -1.0257, 2.738)
(-7.3665, -1.5243, 2.9952)
(-0.4014, 5.0064, -0.5246)
(-0.4157, 4.4771, -0.3928)
(-0.4519, 3.9172, -0.4551)
(-0.4217, 3.4926, -0.2521)
(-0.3923, 3.4724, 0.2435)
(-0.2288, 3.2761, 0.728)
(-0.0872, 2.9112, 1.0889)
(-0.2097, 2.5414, 1.3965)
(-0.2715, 2.0398, 1.673)
(-0.2841, 1.5082, 1.9618)
(-0.2927, 0.9793, 2.2584)
(-0.2999, 0.4438, 2.5447)
(-0.3057, -0.0962, 2.8241)
(-0.3148, -0.6477, 3.0743)
(-0.3295, -1.2063, 3.2029)
(-0.3384, -1.627, 3.2459)
(-0.4052, 5.3845, -0.7603)
(-1.0897, 5.315, -0.8121)
(-1.7596, 5.2021, -0.9426)
(-2.3947, 5.055, -1.1558)
(-2.8929, 4.8462, -1.5449)
(-3.0453, 4.6182, -2.1145)
(-2.9431, 4.4398, -2.6336)
(-7.1175, -2.1205, 2.6307)
(-6.6694, -2.2785, 2.4238)
(-5.963, -2.3561, 2.3867)
(-5.3442, -2.566, 2.5142)
(-4.7227, -2.7824, 2.6039)
(-4.0357, -2.8607, 2.6109)
(-3.3463, -2.9481, 2.6231)
(-2.6542, -3.018, 2.6211)
(-2.1404, -3.0391, 2.6732)
(-2.8698, 4.0469, -2.5014)
(-2.9694, 4.2134, -1.9633)
(-2.8358, 4.4424, -1.3802)
(-2.3634, 4.6578, -0.9684)
(-1.7436, 4.8217, -0.7237)
(-1.0836, 4.9476, -0.5708)
(-2.8701, 3.5084, -2.3008)
(-2.8908, 3.6862, -1.7646)
(-2.7147, 3.9364, -1.2016)
(-2.2786, 4.1495, -0.776)
(-1.7134, 4.3131, -0.466)
(-1.0801, 4.446, -0.3221)
(-2.7956, 3.0756, -2.1218)
(-2.695, 3.2746, -1.6085)
(-2.3661, 3.5563, -1.1674)
(-2.0164, 3.6859, -0.7523)
(-1.6429, 3.752, -0.3014)
(-1.0816, 3.8792, -0.2247)
(-2.4139, 3.1115, -2.1115)
(-2.2867, 3.2379, -1.6162)
(-1.9158, 3.3695, -1.1757)
(-1.66, 3.3077, -0.7761)
(-1.4723, 3.2472, -0.2886)
(-1.0282, 3.3581, -0.1221)
(-2.2262, 2.7091, -1.9021)
(-2.0714, 2.8288, -1.4256)
(-1.7281, 2.92, -0.9792)
(-1.3723, 3.0231, -0.6102)
(-1.0973, 3.0131, -0.1899)
(-0.8332, 3.1193, 0.1506)
(-2.1918, 2.1461, -1.5636)
(-1.9986, 2.3066, -1.1161)
(-1.6553, 2.4676, -0.6936)
(-1.2737, 2.6553, -0.302)
(-0.8286, 2.7714, 0.0381)
(-0.5166, 2.9119, 0.4229)
(-2.4572, 1.6826, -1.2042)
(-2.2897, 1.9235, -0.7717)
(-1.929, 2.1238, -0.3469)
(-1.4326, 2.2297, -0.0197)
(-0.9036, 2.3519, 0.3075)
(-0.4626, 2.5669, 0.7297)
(-2.7293, 1.2199, -0.8454)
(-2.5362, 1.4799, -0.4304)
(-2.1412, 1.6754, -0.033)
(-1.6442, 1.8125, 0.3109)
(-1.1811, 2.0441, 0.7037)
(-0.7398, 2.3386, 1.1232)
(-2.9814, 0.7525, -0.4931)
(-2.7424, 1.0142, -0.0938)
(-2.3558, 1.2627, 0.3232)
(-1.9042, 1.4852, 0.7133)
(-1.4318, 1.7249, 1.1206)
(-0.9016, 1.94, 1.4843)
(-3.2288, 0.2919, -0.1382)
(-2.918, 0.5405, 0.2349)
(-2.4853, 0.7883, 0.6438)
(-2.0074, 1.0168, 1.0366)
(-1.4931, 1.2331, 1.4284)
(-0.9268, 1.4168, 1.774)
(-3.488, -0.1385, 0.2483)
(-3.0531, 0.0695, 0.568)
(-2.5211, 0.2649, 0.914)
(-1.9805, 0.4678, 1.2702)
(-1.4489, 0.6754, 1.6581)
(-0.91, 0.873, 2.0406)
(-6.0142, -1.1543, 1.3639)
(-5.6477, -1.2848, 1.46)
(-5.015, -1.1011, 1.1252)
(-4.4192, -0.7459, 0.7345)
(-3.7939, -0.4573, 0.7262)
(-3.1934, -0.3127, 0.996)
(-2.5883, -0.1917, 1.2801)
(-1.9941, -0.0272, 1.5867)
(-1.4247, 0.1438, 1.9288)
(-0.8942, 0.334, 2.3163)
(-5.949, -1.0262, 1.4372)
(-5.7221, -1.1787, 1.5846)
(-5.2148, -1.0011, 1.4414)
(-4.6272, -0.7239, 1.264)
(-3.9965, -0.5873, 1.3206)
(-3.349, -0.5857, 1.5147)
(-2.7262, -0.5109, 1.7683)
(-2.1184, -0.3664, 2.0555)
(-1.4954, -0.2794, 2.3231)
(-0.9123, -0.1725, 2.6347)
(-6.2724, -0.7991, 1.7573)
(-6.0157, -0.9989, 1.8885)
(-5.3953, -0.9131, 1.8924)
(-4.7774, -0.7239, 1.8566)
(-4.1664, -0.6956, 1.9151)
(-3.5225, -0.8026, 2.063)
(-2.8929, -0.7571, 2.2986)
(-2.2698, -0.6585, 2.5615)
(-1.6181, -0.6343, 2.7837)
(-0.9703, -0.6339, 2.9862)
(-6.6701, -0.7075, 2.202)
(-6.2832, -0.9198, 2.3426)
(-5.654, -0.9538, 2.3806)
(-5.0335, -0.8949, 2.4003)
(-4.3662, -0.9257, 2.4555)
(-3.707, -1.0286, 2.5913)
(-3.0513, -1.0427, 2.7912)
(-2.3833, -1.061, 2.9804)
(-1.6837, -1.1343, 3.1125)
(-0.9974, -1.1879, 3.1874)
(-7.0044, -0.9163, 2.6494)
(-6.5996, -1.0973, 2.7802)
(-5.9692, -1.2181, 2.7854)
(-5.2687, -1.2709, 2.799)
(-4.5525, -1.3491, 2.8489)
(-3.864, -1.438, 2.9667)
(-3.179, -1.5114, 3.0915)
(-2.4759, -1.6063, 3.1818)
(-1.7517, -1.7366, 3.23)
(-1.0053, -1.7443, 3.2548)
(-7.1669, -1.3576, 2.9582)
(-6.7062, -1.5539, 2.987)
(-6.0661, -1.6994, 2.9666)
(-5.3563, -1.825, 2.9824)
(-4.6462, -1.9298, 3.0164)
(-3.9536, -2.0005, 3.0518)
(-3.2619, -2.0844, 3.0976)
(-2.5667, -2.1798, 3.1336)
(-1.9496, -2.2791, 3.1587)
(-7.1758, -1.8556, 2.8989)
(-6.6857, -2.0137, 2.7781)
(-5.9981, -2.1438, 2.7176)
(-5.3322, -2.3299, 2.8036)
(-4.6917, -2.4733, 2.8945)
(-4.0035, -2.527, 2.878)
(-3.3133, -2.5985, 2.8765)
(-2.628, -2.677, 2.8867)
(-2.0626, -2.7507, 2.9229)
(-1.7751, -2.5736, 3.0688)
(-2.2863, -2.4909, 3.0365)
(-2.9445, -2.4015, 3.0119)
(-3.6363, -2.3203, 2.9942)
(-4.3273, -2.2516, 2.9852)
(-5.0129, -2.1811, 2.9726)
(-5.687, -2.0171, 2.8835)
(-6.3835, -1.8782, 2.8975)
(-6.9728, -1.717, 2.946)
(-1.5242, -2.0807, 3.2256)
(-2.1782, -1.9537, 3.2071)
(-2.8761, -1.8423, 3.1632)
(-3.5714, -1.7513, 3.0926)
(-4.2617, -1.6695, 3.0035)
(-4.9657, -1.5845, 2.9428)
(-5.6984, -1.4881, 2.9272)
(-6.3796, -1.3873, 2.9261)
(-6.9294, -1.2077, 2.9103)
(-0.6711, -1.4424, 3.233)
(-1.3431, -1.4751, 3.2194)
(-2.0726, -1.3729, 3.1609)
(-2.7795, -1.2821, 3.0496)
(-3.4566, -1.2332, 2.8918)
(-4.129, -1.1679, 2.7338)
(-4.8124, -1.0678, 2.6376)
(-5.5058, -1.0603, 2.6104)
(-6.1339, -1.0262, 2.5874)
(-6.7079, -0.885, 2.5318)
(-0.6573, -0.9189, 3.1493)
(-1.3194, -0.886, 3.0467)
(-1.9974, -0.8456, 2.8886)
(-2.657, -0.8534, 2.68)
(-3.2919, -0.9082, 2.4394)
(-3.9406, -0.8601, 2.2549)
(-4.5813, -0.7479, 2.1617)
(-5.204, -0.8556, 2.1375)
(-5.8262, -0.9381, 2.1349)
(-6.3887, -0.8701, 2.0503)
(-0.6345, -0.3699, 2.9256)
(-1.2433, -0.4317, 2.6814)
(-1.8799, -0.4699, 2.4389)
(-2.5056, -0.5655, 2.1744)
(-3.1153, -0.6913, 1.8992)
(-3.7578, -0.6713, 1.6955)
(-4.3944, -0.6351, 1.5708)
(-4.999, -0.8313, 1.5847)
(-5.5964, -1.0438, 1.7117)
(-6.0309, -1.0555, 1.6605)
(-0.6164, 0.1461, 2.6198)
(-1.1651, -0.0138, 2.2809)
(-1.7444, -0.1453, 1.9559)
(-2.3487, -0.2885, 1.6601)
(-2.9558, -0.4278, 1.374)
(-3.5871, -0.4865, 1.1299)
(-4.2234, -0.6221, 0.9544)
(-4.8301, -0.8812, 1.1108)
(-5.3966, -1.1903, 1.4207)
(-5.8592, -1.2048, 1.4974)
(-0.6137, 0.6782, 2.3281)
(-1.1654, 0.5031, 1.9816)
(-1.696, 0.3003, 1.5884)
(-2.2591, 0.1115, 1.2415)
(-2.8339, -0.0617, 0.9224)
(-3.3949, -0.2166, 0.6181)
(-3.8804, -0.4382, 0.3265)
(-0.6153, 1.2115, 2.0395)
(-1.2048, 1.0559, 1.7363)
(-1.7391, 0.8506, 1.3493)
(-2.2563, 0.6359, 0.9643)
(-2.7526, 0.4139, 0.5874)
(-3.1936, 0.1844, 0.212)
(-3.4831, -0.0469, -0.1053)
(-0.6114, 1.7456, 1.753)
(-1.2152, 1.5997, 1.4759)
(-1.7376, 1.3851, 1.0903)
(-2.2128, 1.1549, 0.6919)
(-2.6458, 0.9119, 0.2872)
(-2.9921, 0.6463, -0.1343)
(-3.194, 0.4001, -0.4851)
(-0.5686, 2.259, 1.4577)
(-1.0924, 2.0391, 1.1252)
(-1.5503, 1.7675, 0.7122)
(-2.0143, 1.5534, 0.3226)
(-2.4656, 1.3708, -0.048)
(-2.7705, 1.1123, -0.4764)
(-2.9174, 0.8657, -0.8458)
(-0.3689, 2.5979, 1.1141)
(-0.8038, 2.3106, 0.704)
(-1.2745, 2.0811, 0.3009)
(-1.7944, 1.958, -0.0235)
(-2.263, 1.829, -0.3802)
(-2.536, 1.5768, -0.8235)
(-2.6383, 1.3397, -1.2094)
(-0.3072, 2.8988, 0.7806)
(-0.5938, 2.6289, 0.3402)
(-1.0917, 2.5151, 0.008)
(-1.5563, 2.3704, -0.3371)
(-1.9642, 2.2152, -0.7208)
(-2.2325, 1.9985, -1.1735)
(-2.347, 1.825, -1.583)
(-0.5436, 3.2227, 0.4368)
(-0.7725, 2.9149, 0.1001)
(-1.1118, 2.9274, -0.2677)
(-1.4692, 2.7436, -0.6554)
(-1.8437, 2.6254, -1.0473)
(-2.1133, 2.4798, -1.5164)
(-2.2153, 2.3776, -1.9536)
(-0.709, 3.3426, -0.0037)
(-1.1483, 3.1185, -0.0676)
(-1.4083, 3.1375, -0.5023)
(-1.6187, 3.1774, -0.9123)
(-1.9965, 3.1413, -1.306)
(-2.2582, 3.0149, -1.7999)
(-2.2909, 2.9323, -2.2583)
(-0.759, 3.6238, -0.3015)
(-1.3477, 3.5469, -0.1601)
(-1.7462, 3.4375, -0.5217)
(-1.9419, 3.5233, -1.0042)
(-2.3313, 3.3624, -1.3729)
(-2.5841, 3.1651, -1.876)
(-2.6076, 3.0245, -2.3426)
(-0.7606, 4.1889, -0.3239)
(-1.3945, 4.117, -0.262)
(-1.9437, 3.9566, -0.5348)
(-2.3743, 3.8415, -0.9595)
(-2.7295, 3.5616, -1.3922)
(-2.8607, 3.3289, -1.9471)
(-2.8584, 3.1513, -2.4126)
(-0.7425, 4.744, -0.412)
(-1.412, 4.6562, -0.4983)
(-2.0411, 4.4958, -0.7154)
(-2.597, 4.3112, -1.0452)
(-2.9096, 4.0691, -1.5631)
(-2.9056, 3.8667, -2.1602)
(-2.8199, 3.7221, -2.6268)
(-0.7466, 5.1845, -0.6531)
(-1.4223, 5.0886, -0.7599)
(-2.0739, 4.9499, -0.9373)
(-2.6525, 4.7718, -1.2398)
(-2.9896, 4.536, -1.741)
(-2.9601, 4.3353, -2.3334)
(-2.8366, 4.1865, -2.7823)
(-1.9035, -2.9252, 2.8381)
(-2.3396, -2.892, 2.7645)
(-2.9858, -2.8247, 2.7496)
(-3.6761, -2.7501, 2.7483)
(-4.3652, -2.6775, 2.7529)
(-5.0337, -2.5909, 2.7369)
(-5.6362, -2.3479, 2.5825)
(-6.3297, -2.2202, 2.5624)
(-6.9611, -2.0956, 2.6787)
(-2.2418, 2.7234, -2.1907)
(-2.3673, 3.2269, -2.4134)
(-2.7865, 4.0092, -2.7413)
(-5.9293, -1.2113, 1.5681)
(-5.2877, -1.2828, 1.2995)
(-4.1075, -0.6224, 0.5289)
(-3.6265, -0.2711, 0.0738)
(-4.7004, -0.8921, 0.8977)
(-2.7711, 1.0946, -1.0264)
(-2.4843, 1.5763, -1.3877)
(-7.0352, -2.2338, 2.4803)
(-2.8642, 2.8669, -2.3131)
(-6.3231, -2.3371, 2.3822)
(-5.6378, -2.3882, 2.4355)
(-5.0692, -2.7542, 2.5906)
(-4.377, -2.8115, 2.5915)
(-3.3286, 0.1646, -0.3125)
(-3.6874, -2.9116, 2.6105)
(-2.9957, -2.9908, 2.6163)
(-2.1709, 2.0792, -1.76)
(-2.3033, -3.0541, 2.6073)
(-2.8474, 3.4336, -2.5324)
(-3.05, 0.6238, -0.6716)
(0.2846, 2.859, -5.3843)
(0.619, 2.9705, -4.8389)
(1.0645, 2.9341, -4.5342)
(1.6794, 2.9144, -4.3766)
(2.1473, 3.1959, -4.0293)
(2.4395, 3.632, -3.5982)
(0.3074, 2.3718, -5.2411)
(0.5967, 2.4924, -4.7241)
(2.6492, 3.9796, -3.1938)
(0.92, 2.5642, -4.2955)
(1.4552, 2.6975, -4.0132)
(1.9526, 2.9906, -3.6698)
(2.3452, 3.3361, -3.2494)
(2.6454, 3.601, -2.8833)
(0.33, 1.8107, -5.0336)
(0.6725, 1.9523, -4.5665)
(0.9424, 2.1377, -4.0193)
(1.3842, 2.3931, -3.6376)
(1.8899, 2.6979, -3.3322)
(2.2947, 2.9674, -2.8885)
(2.6465, 3.1197, -2.5691)
(0.3485, 1.2624, -4.7935)
(0.8522, 1.4237, -4.4484)
(1.2215, 1.6627, -3.9291)
(1.6365, 1.9193, -3.4856)
(1.9861, 2.272, -3.1643)
(2.1965, 2.6601, -2.8195)
(2.4607, 2.9137, -2.5473)
(0.3587, 0.7546, -4.4837)
(0.9717, 0.8891, -4.2861)
(1.4366, 1.1427, -3.8693)
(1.8212, 1.4035, -3.3715)
(1.961, 1.7974, -2.9701)
(2.0335, 2.3191, -2.7177)
(2.2328, 2.699, -2.5018)
(0.361, 0.289, -4.0979)
(1.0114, 0.3737, -3.9866)
(1.4737, 0.6184, -3.6129)
(1.7732, 0.918, -3.0911)
(1.9838, 1.3051, -2.7101)
(2.0991, 1.7843, -2.4111)
(2.1597, 2.1459, -2.1083)
(0.3707, -0.1493, -3.6788)
(1.0382, -0.1049, -3.624)
(1.5416, 0.1304, -3.3283)
(1.8665, 0.4688, -2.8767)
(2.1392, 0.8497, -2.4976)
(2.2717, 1.2617, -2.1123)
(2.2808, 1.608, -1.7121)
(0.3808, -0.5587, -3.2284)
(1.0597, -0.5358, -3.2032)
(1.6522, -0.3267, -2.9963)
(2.0821, 0.013, -2.6398)
(2.3323, 0.3892, -2.2146)
(2.4772, 0.7842, -1.7626)
(2.5862, 1.1298, -1.3748)
(0.3875, -0.9538, -2.7645)
(1.073, -0.9418, -2.7529)
(1.6827, -0.7561, -2.5742)
(2.1347, -0.4256, -2.2328)
(2.4473, -0.0573, -1.8264)
(2.6928, 0.3267, -1.4023)
(2.8778, 0.6648, -1.0348)
(0.3921, -1.3666, -2.3199)
(1.0964, -1.3628, -2.3198)
(1.7369, -1.2064, -2.1812)
(2.2189, -0.8775, -1.8533)
(2.5835, -0.5, -1.4516)
(2.9126, -0.1177, -1.0458)
(3.1666, 0.2145, -0.6914)
(0.3967, -1.814, -1.919)
(1.1299, -1.8131, -1.9185)
(1.829, -1.69, -1.8261)
(2.382, -1.3662, -1.5396)
(2.7933, -0.9561, -1.1356)
(3.1617, -0.5535, -0.7144)
(3.4622, -0.2173, -0.3417)
(0.3959, -2.1557, -1.4527)
(1.1345, -2.1579, -1.4456)
(1.8654, -2.0856, -1.3888)
(2.4921, -1.8159, -1.1722)
(2.9749, -1.406, -0.807)
(3.3968, -0.9915, -0.3944)
(3.7928, -0.6233, 0.0196)
(0.3891, -2.3796, -0.8937)
(1.1086, -2.3789, -0.8839)
(1.8263, -2.328, -0.8401)
(2.4898, -2.1337, -0.6802)
(3.0664, -1.8115, -0.4067)
(3.5936, -1.4454, -0.0963)
(4.1138, -1.0713, 0.2416)
(4.6715, -0.8563, 0.5988)
(0.3803, -2.6131, -0.3288)
(1.0809, -2.5969, -0.3197)
(1.7662, -2.5003, -0.2671)
(2.4083, -2.2873, -0.1229)
(5.192, -0.8691, 0.981)
(3.0169, -2.0115, 0.0839)
(3.6115, -1.7107, 0.3061)
(5.6794, -1.0175, 1.385)
(4.1931, -1.391, 0.5382)
(6.1227, -1.0726, 1.6496)
(4.7732, -1.0942, 0.7781)
(0.375, -2.8561, 0.2366)
(1.0654, -2.8419, 0.2449)
(1.7552, -2.7575, 0.2608)
(5.259, -0.8992, 0.9938)
(2.42, -2.5545, 0.313)
(3.0484, -2.2799, 0.4174)
(5.6893, -0.8194, 1.2922)
(3.6649, -1.994, 0.5577)
(4.2727, -1.6966, 0.7194)
(6.1185, -0.7285, 1.5967)
(0.3747, -3.0594, 0.6997)
(4.8758, -1.403, 0.8926)
(1.0638, -3.0681, 0.7811)
(5.4258, -1.1425, 1.0211)
(1.7882, -3.0118, 0.8053)
(2.523, -2.8685, 0.7504)
(3.2166, -2.6731, 0.7273)
(5.9317, -0.9001, 1.1535)
(3.8778, -2.4372, 0.7474)
(6.3572, -0.6486, 1.3252)
(4.5143, -2.1525, 0.8041)
(5.1242, -1.8308, 0.9212)
(5.6849, -1.5369, 1.1545)
(1.9398, -3.1552, 1.3626)
(2.6212, -3.044, 1.3051)
(3.3298, -2.9067, 1.2555)
(6.2465, -1.2774, 1.3237)
(4.0209, -2.7394, 1.2227)
(6.7258, -1.0101, 1.3174)
(4.6953, -2.5235, 1.2122)
(5.3532, -2.2312, 1.2727)
(5.985, -1.9469, 1.3826)
(2.1318, -3.2202, 1.8948)
(2.7164, -3.1204, 1.8658)
(3.4071, -2.993, 1.8286)
(6.5823, -1.703, 1.4554)
(4.1017, -2.8518, 1.7895)
(7.07, -1.4634, 1.4361)
(4.7992, -2.7002, 1.7547)
(5.5133, -2.4892, 1.7465)
(2.2111, -3.1655, 2.3462)
(2.7474, -3.0542, 2.3518)
(6.2104, -2.2852, 1.7277)
(3.4313, -2.9404, 2.3212)
(4.1205, -2.8184, 2.2841)
(6.8373, -2.1166, 1.6758)
(4.8144, -2.71, 2.2507)
(7.3334, -1.9217, 1.6302)
(5.5161, -2.5657, 2.2146)
(6.2146, -2.4194, 2.1523)
(6.8808, -2.3151, 2.0818)
(7.3665, -2.2059, 1.9691)
(7.3356, -2.1739, 2.5822)
(6.3702, -1.2942, 1.5121)
(6.557, -1.0502, 1.6452)
(6.7454, -0.824, 2.0147)
(6.9946, -0.9298, 2.5484)
(7.2041, -1.3116, 2.9553)
(7.3284, -1.8105, 2.8906)
(2.07, -2.5532, 3.0259)
(2.6511, -2.4534, 2.9957)
(3.3366, -2.3523, 2.9711)
(4.0222, -2.2483, 2.9356)
(4.7, -2.1294, 2.8702)
(5.3888, -2.0829, 2.8413)
(6.0595, -2.0365, 2.8492)
(6.7474, -1.9206, 2.8606)
(1.8699, -2.0459, 3.1895)
(2.5385, -1.9176, 3.1573)
(3.2347, -1.8022, 3.0985)
(3.9176, -1.6942, 3.0215)
(4.5965, -1.5712, 2.9705)
(5.3056, -1.5297, 2.9552)
(5.9775, -1.5213, 2.9523)
(6.6335, -1.4441, 2.9564)
(0.3404, -1.4523, 3.1977)
(1.0069, -1.5138, 3.1572)
(1.708, -1.4807, 3.1089)
(2.4255, -1.363, 3.0288)
(3.1127, -1.271, 2.9123)
(3.7817, -1.1917, 2.7802)
(4.4472, -1.1075, 2.6951)
(5.1263, -1.0653, 2.6539)
(5.8073, -1.0678, 2.6222)
(6.4443, -1.0527, 2.5817)
(0.331, -0.9891, 3.0371)
(0.9774, -0.9952, 2.9023)
(1.6556, -0.9346, 2.812)
(2.3362, -0.8935, 2.6672)
(2.994, -0.8973, 2.4804)
(3.6477, -0.8751, 2.3017)
(4.3098, -0.8475, 2.1619)
(4.9632, -0.8066, 2.0958)
(5.6317, -0.8476, 2.1084)
(6.2408, -0.9518, 2.082)
(0.3066, -0.4519, 2.7726)
(0.9197, -0.5014, 2.5394)
(1.5905, -0.4777, 2.4042)
(2.2427, -0.5207, 2.2023)
(2.8726, -0.6305, 1.9557)
(3.5151, -0.6757, 1.7411)
(4.1754, -0.6886, 1.5715)
(4.8268, -0.696, 1.5033)
(5.4506, -0.8859, 1.5939)
(6.049, -1.1338, 1.6761)
(0.2883, 0.0865, 2.495)
(0.8559, -0.0351, 2.1696)
(1.4978, -0.0887, 1.9507)
(2.129, -0.1934, 1.7081)
(2.741, -0.3541, 1.4328)
(3.3736, -0.4587, 1.1895)
(4.0198, -0.5565, 0.9704)
(4.6587, -0.7034, 0.9598)
(5.2847, -0.9597, 1.1771)
(5.8938, -1.2318, 1.4036)
(0.3108, 0.6383, 2.2497)
(0.8507, 0.4699, 1.8696)
(1.4241, 0.3248, 1.5325)
(2.0252, 0.1683, 1.241)
(2.6244, -0.0098, 0.9581)
(3.2274, -0.1615, 0.691)
(3.7689, -0.3334, 0.4212)
(0.3585, 1.1923, 2.0185)
(0.9219, 1.0324, 1.6754)
(1.4549, 0.8455, 1.2778)
(2.0219, 0.6587, 0.942)
(2.5917, 0.4707, 0.6474)
(3.1138, 0.2688, 0.3256)
(3.4786, 0.0455, -0.0033)
(0.3934, 1.7374, 1.7638)
(1.0045, 1.6052, 1.4997)
(1.5599, 1.4241, 1.1325)
(2.1052, 1.233, 0.7835)
(2.6121, 1.0263, 0.4451)
(3.0011, 0.767, 0.0406)
(3.2172, 0.4893, -0.3584)
(0.4162, 2.2832, 1.504)
(1.0512, 2.1663, 1.2762)
(1.6319, 1.9949, 0.9448)
(2.1612, 1.7986, 0.5878)
(2.5741, 1.5559, 0.1906)
(2.8223, 1.2424, -0.2718)
(2.9367, 0.9403, -0.6965)
(0.4381, 2.8311, 1.2586)
(1.0642, 2.7138, 1.0135)
(1.643, 2.5372, 0.6789)
(2.1425, 2.3194, 0.3013)
(2.4206, 2.0176, -0.1252)
(2.5623, 1.6758, -0.6044)
(2.6475, 1.395, -1.0394)
(0.3974, 3.3128, 0.9307)
(1.007, 3.204, 0.6774)
(1.532, 2.9699, 0.3127)
(1.9185, 2.6178, -0.0341)
(2.078, 2.2745, -0.4406)
(2.2158, 2.0228, -0.9497)
(2.3243, 1.8176, -1.3915)
(0.2774, 3.6436, 0.4671)
(0.8393, 3.5457, 0.2446)
(1.2705, 3.2013, -0.1361)
(1.6071, 2.7422, -0.4374)
(1.8548, 2.5126, -0.7957)
(2.0884, 2.4571, -1.3181)
(2.2058, 2.3207, -1.7784)
(0.2319, 3.6732, -0.0629)
(0.8144, 3.7179, -0.1975)
(1.2356, 3.459, -0.5089)
(1.6042, 3.0344, -0.7828)
(1.9702, 2.9386, -1.1089)
(2.2314, 2.9714, -1.6221)
(2.3275, 2.8622, -2.1119)
(0.2112, 3.7496, -0.5497)
(0.8666, 3.8327, -0.6659)
(1.4169, 3.7735, -0.7567)
(1.8748, 3.4892, -0.8809)
(2.3031, 3.3097, -1.2003)
(2.5888, 3.2064, -1.7135)
(2.6628, 3.0444, -2.2191)
(0.1924, 4.1962, -0.6855)
(0.8293, 4.1847, -0.9172)
(1.4695, 4.1345, -0.9757)
(2.0651, 3.9508, -1.0301)
(2.6011, 3.7016, -1.303)
(2.9135, 3.4787, -1.7997)
(2.9292, 3.2615, -2.3146)
(0.253, 4.7557, -0.581)
(0.8963, 4.7211, -0.7856)
(1.5457, 4.6121, -0.96)
(2.1694, 4.4377, -1.1484)
(2.6927, 4.236, -1.4795)
(2.9149, 4.0129, -2.0152)
(2.8653, 3.8005, -2.5427)
(0.2831, 5.1924, -0.6903)
(0.9339, 5.0459, -0.8216)
(1.5489, 4.8052, -0.9722)
(2.1318, 4.6468, -1.2304)
(2.6336, 4.6036, -1.6539)
(2.8548, 4.4704, -2.205)
(2.8208, 4.2583, -2.7322)
(2.1819, -2.9202, 2.7635)
(2.72, -2.8486, 2.7071)
(3.4006, -2.7495, 2.6837)
(4.0838, -2.6428, 2.6541)
(4.7591, -2.5341, 2.6004)
(5.4242, -2.4358, 2.5505)
(6.0889, -2.3283, 2.5067)
(6.796, -2.2278, 2.4841)
(-0.1479, 2.8737, -5.4062)
(-0.4037, 3.0198, -4.8557)
(-0.6925, 3.175, -4.3275)
(-1.2644, 3.3802, -4.0552)
(-1.8648, 3.6196, -3.8353)
(-2.3693, 3.8746, -3.4608)
(-0.2045, 2.3889, -5.2559)
(-0.5572, 2.5563, -4.7604)
(-2.68, 4.0876, -3.0369)
(-0.8493, 2.7227, -4.1869)
(-1.3238, 2.939, -3.8235)
(-1.9111, 3.1751, -3.6175)
(-2.4301, 3.4087, -3.2778)
(-2.7251, 3.6269, -2.8438)
(-0.2485, 1.8259, -5.046)
(-0.677, 2.0045, -4.6056)
(-0.9802, 2.1863, -4.0081)
(-1.3737, 2.4101, -3.6028)
(-1.9371, 2.6336, -3.3998)
(-2.4934, 2.8539, -3.0781)
(-2.7795, 3.0785, -2.6461)
(-0.2906, 1.2753, -4.8072)
(-0.7995, 1.4577, -4.4873)
(-1.1072, 1.6355, -3.9397)
(-1.3914, 1.8624, -3.4756)
(-1.8352, 2.144, -3.1535)
(-2.3006, 2.5081, -2.8347)
(-2.5543, 2.9176, -2.5351)
(-0.3191, 0.7922, -4.467)
(-0.9354, 0.9757, -4.2756)
(-1.3712, 1.1981, -3.8861)
(-1.6514, 1.5082, -3.4135)
(-1.8552, 1.8252, -2.9295)
(-2.0499, 2.2318, -2.5885)
(-2.244, 2.7713, -2.4227)
(-0.3165, 0.3678, -4.0347)
(-0.9638, 0.5459, -3.8739)
(-1.5516, 0.8019, -3.6365)
(-1.9993, 1.1558, -3.2985)
(-2.1869, 1.4926, -2.8307)
(-2.185, 1.8423, -2.3949)
(-2.1864, 2.2439, -2.1112)
(-0.3037, -0.0493, -3.5936)
(-0.9549, 0.1222, -3.4448)
(-1.5752, 0.3442, -3.2575)
(-2.0976, 0.6427, -2.9953)
(-2.4233, 1.0096, -2.6127)
(-2.4323, 1.3845, -2.1315)
(-2.3258, 1.6999, -1.7205)
(-0.2966, -0.4616, -3.1466)
(-0.9591, -0.3124, -3.0233)
(-1.5944, -0.1162, -2.8653)
(-2.1295, 0.1576, -2.619)
(-2.482, 0.4992, -2.2493)
(-2.5869, 0.8634, -1.7833)
(-2.592, 1.1886, -1.3689)
(-0.2992, -0.8799, -2.7056)
(-0.978, -0.7678, -2.6241)
(-1.6257, -0.5941, -2.4922)
(-2.1587, -0.3219, -2.2404)
(-2.5218, 0.0185, -1.8648)
(-2.7278, 0.3853, -1.4143)
(-2.8486, 0.7131, -1.0142)
(-0.3138, -1.3264, -2.2972)
(-1.0178, -1.2572, -2.2693)
(-1.6849, -1.0983, -2.1589)
(-2.2142, -0.8052, -1.8792)
(-2.5909, -0.4456, -1.482)
(-2.8859, -0.0735, -1.0448)
(-3.1013, 0.2524, -0.6593)
(-0.3327, -1.7945, -1.9202)
(-1.0668, -1.7579, -1.9272)
(-1.7736, -1.6237, -1.8486)
(-2.3361, -1.3118, -1.5683)
(-2.7409, -0.9143, -1.1499)
(-3.088, -0.5231, -0.7014)
(-3.3651, -0.1935, -0.3035)
(-0.3379, -2.1432, -1.4585)
(-1.0762, -2.1235, -1.4683)
(-1.8092, -2.0475, -1.4348)
(-2.4368, -1.7878, -1.222)
(-2.9071, -1.3844, -0.8324)
(-3.3054, -0.9769, -0.3886)
(-3.6761, -0.6173, 0.0532)
(-0.3285, -2.3717, -0.9001)
(-1.0438, -2.3582, -0.9082)
(-1.756, -2.3165, -0.898)
(-2.3899, -2.1098, -0.7407)
(-2.9206, -1.7664, -0.4184)
(-3.4236, -1.4283, -0.0627)
(-3.94, -1.0881, 0.2564)
(-4.502, -0.9153, 0.5719)
(-0.3226, -2.6064, -0.3346)
(-1.0226, -2.5969, -0.3469)
(-1.7167, -2.5731, -0.3544)
(-2.365, -2.4285, -0.2862)
(-5.0345, -0.9866, 0.965)
(-2.9686, -2.1751, -0.1269)
(-3.5678, -1.9013, 0.0586)
(-5.5135, -1.0701, 1.4072)
(-4.1677, -1.5922, 0.1992)
(-5.8284, -0.9631, 1.7223)
(-4.7596, -1.2885, 0.3609)
(-0.3223, -2.8467, 0.2327)
(-1.0143, -2.8277, 0.2305)
(-1.7171, -2.7984, 0.2111)
(-5.261, -1.0575, 0.7111)
(-2.4249, -2.721, 0.1828)
(-3.1082, -2.5668, 0.1809)
(-5.6372, -0.9282, 1.2154)
(-3.7647, -2.344, 0.214)
(-4.4016, -2.0705, 0.2699)
(-5.9414, -0.7793, 1.6263)
(-0.3226, -3.0542, 0.694)
(-5.0218, -1.7756, 0.3599)
(-1.0075, -3.045, 0.7754)
(-5.573, -1.4606, 0.5876)
(-1.7224, -2.963, 0.8169)
(-2.4588, -2.8423, 0.7737)
(-3.1706, -2.7303, 0.7377)
(-5.9965, -1.1385, 0.991)
(-3.8604, -2.5909, 0.7162)
(-6.304, -0.8631, 1.3802)
(-4.5311, -2.3893, 0.7093)
(-5.1795, -2.1248, 0.7291)
(-5.8006, -1.8805, 0.8031)
(-1.8574, -3.1202, 1.3836)
(-2.5262, -2.9633, 1.3543)
(-3.2279, -2.8214, 1.3287)
(-6.3269, -1.607, 1.0358)
(-3.9222, -2.7029, 1.3044)
(-6.6953, -1.3115, 1.3508)
(-4.6099, -2.5644, 1.2804)
(-5.282, -2.339, 1.2798)
(-5.9457, -2.1427, 1.2658)
(-2.0376, -3.2058, 1.926)
(-2.6157, -3.0803, 1.9211)
(-3.2972, -2.9348, 1.911)
(-6.5663, -2.0022, 1.3105)
(-3.9858, -2.8058, 1.8919)
(-7.0333, -1.7917, 1.4511)
(-4.6803, -2.6957, 1.8643)
(-5.3759, -2.523, 1.8364)
(-2.1143, -3.1656, 2.3772)
(-2.651, -3.072, 2.4052)
(-6.0505, -2.3406, 1.7959)
(-3.3333, -2.9703, 2.4024)
(-4.0216, -2.8576, 2.388)
(-6.7049, -2.2693, 1.7716)
(-4.7145, -2.7596, 2.3695)
(-7.2406, -2.1689, 1.7866)
(-5.3856, -2.5838, 2.3155)
(-6.0454, -2.4096, 2.2438)
(-6.7153, -2.3409, 2.2348)
(-7.2416, -2.2901, 2.2148)
(-7.1476, -2.0112, 2.7775)
(-5.9434, -1.1016, 1.3728)
(-6.0759, -0.9144, 1.5713)
(-6.4751, -0.7211, 1.9728)
(-6.8526, -0.7755, 2.4312)
(-7.1086, -1.1148, 2.8394)
(-7.1862, -1.6229, 2.9705)
(-2.0168, -2.5331, 3.0521)
(-2.6018, -2.4462, 3.0231)
(-3.2907, -2.3596, 3.0025)
(-3.9818, -2.2831, 2.9872)
(-4.6723, -2.2247, 2.9874)
(-5.3477, -2.1041, 2.9266)
(-6.0378, -1.9448, 2.878)
(-6.7017, -1.8028, 2.9216)
(-1.8499, -2.0138, 3.2181)
(-2.523, -1.8961, 3.1887)
(-3.2255, -1.7946, 3.1313)
(-3.9163, -1.71, 3.0478)
(-4.6097, -1.6286, 2.9672)
(-5.3326, -1.5358, 2.9314)
(-6.0494, -1.444, 2.9244)
(-6.6809, -1.304, 2.931)
(-0.3347, -1.4306, 3.2299)
(-1.0041, -1.4654, 3.2306)
(-1.7078, -1.4311, 3.1962)
(-2.4301, -1.3217, 3.1122)
(-3.1203, -1.255, 2.9744)
(-3.7924, -1.2073, 2.8086)
(-4.4675, -1.1126, 2.6755)
(-5.1644, -1.0564, 2.6197)
(-5.8225, -1.0541, 2.5988)
(-6.4498, -0.9698, 2.5753)
(-0.3222, -0.9368, 3.1541)
(-0.9879, -0.9035, 3.1092)
(-1.6578, -0.864, 2.9731)
(-2.3313, -0.8403, 2.791)
(-2.9747, -0.8837, 2.5585)
(-3.6151, -0.9028, 2.3363)
(-4.2631, -0.7892, 2.1977)
(-4.8951, -0.7839, 2.1427)
(-5.51, -0.9101, 2.1404)
(-6.148, -0.935, 2.1055)
(-0.3094, -0.3678, 2.9593)
(-0.941, -0.3986, 2.8179)
(-1.5585, -0.4508, 2.5572)
(-2.1965, -0.5073, 2.3116)
(-2.8087, -0.6374, 2.0324)
(-3.4335, -0.6991, 1.7875)
(-4.08, -0.6339, 1.6207)
(-4.6983, -0.7116, 1.5561)
(-5.3022, -0.9499, 1.653)
(-5.8577, -1.0911, 1.713)
(-0.3028, 0.1741, 2.6849)
(-0.8969, 0.0727, 2.4673)
(-1.4481, -0.0837, 2.1103)
(-2.046, -0.2131, 1.8073)
(-2.6504, -0.3663, 1.5134)
(-3.2692, -0.4598, 1.2479)
(-3.9056, -0.537, 1.0191)
(-4.5317, -0.7371, 0.9959)
(-5.1186, -1.0505, 1.2706)
(-5.6589, -1.2375, 1.5039)
(-0.2966, 0.7125, 2.4029)
(-0.8999, 0.602, 2.1755)
(-1.4278, 0.4005, 1.7813)
(-1.9743, 0.2043, 1.4095)
(-2.5458, 0.0214, 1.0799)
(-3.1212, -0.1362, 0.7681)
(-3.6444, -0.3181, 0.4726)
(-0.2885, 1.2441, 2.1106)
(-0.9202, 1.145, 1.9077)
(-1.4757, 0.9558, 1.546)
(-1.9996, 0.7439, 1.1549)
(-2.5074, 0.526, 0.7766)
(-2.988, 0.2996, 0.3952)
(-3.3532, 0.0693, 0.048)
(-0.2793, 1.7731, 1.8151)
(-0.9243, 1.6855, 1.6356)
(-1.4845, 1.4969, 1.2893)
(-1.9798, 1.2707, 0.8905)
(-2.436, 1.0365, 0.4929)
(-2.8358, 0.7792, 0.0723)
(-3.1056, 0.5209, -0.317)
(-0.2545, 2.3039, 1.5359)
(-0.8452, 2.1654, 1.3131)
(-1.3239, 1.9009, 0.92)
(-1.7798, 1.6515, 0.5118)
(-2.2498, 1.4671, 0.1422)
(-2.6412, 1.2471, -0.2616)
(-2.8559, 0.9858, -0.6687)
(-0.1325, 2.7344, 1.2474)
(-0.5876, 2.4518, 0.9217)
(-1.0314, 2.1834, 0.4924)
(-1.5324, 2.0102, 0.1339)
(-2.0456, 1.9059, -0.1899)
(-2.4266, 1.711, -0.6001)
(-2.5993, 1.4537, -1.0243)
(-0.1314, 3.0989, 0.9203)
(-0.4389, 2.7373, 0.5654)
(-0.8265, 2.5659, 0.1625)
(-1.3339, 2.4468, -0.1589)
(-1.7708, 2.2981, -0.5208)
(-2.1198, 2.1085, -0.9453)
(-2.3032, 1.9064, -1.3842)
(-0.3258, 3.41, 0.4999)
(-0.6685, 3.033, 0.2893)
(-0.9276, 2.9145, -0.0844)
(-1.29, 2.8515, -0.4608)
(-1.6596, 2.6765, -0.8449)
(-1.9992, 2.5547, -1.2781)
(-2.1802, 2.4226, -1.7396)
(-0.4149, 3.4635, -0.0224)
(-0.954, 3.2112, 0.002)
(-1.2968, 3.1063, -0.2587)
(-1.5, 3.1649, -0.7202)
(-1.7988, 3.1721, -1.0992)
(-2.1565, 3.0822, -1.5484)
(-2.2955, 2.9628, -2.0331)
(-0.4398, 3.6595, -0.4009)
(-1.067, 3.5936, -0.1905)
(-1.5815, 3.4743, -0.2893)
(-1.8394, 3.4827, -0.7758)
(-2.1241, 3.4707, -1.186)
(-2.4909, 3.2558, -1.6139)
(-2.6129, 3.0906, -2.1172)
(-0.4384, 4.1952, -0.4256)
(-1.0828, 4.167, -0.2581)
(-1.6845, 4.0352, -0.3624)
(-2.1687, 3.9076, -0.7438)
(-2.5706, 3.7137, -1.1655)
(-2.8228, 3.4321, -1.6657)
(-2.8645, 3.2415, -2.1936)
(-0.4038, 4.7558, -0.4313)
(-1.0807, 4.7114, -0.4357)
(-1.7319, 4.5808, -0.5938)
(-2.337, 4.4094, -0.8609)
(-2.7946, 4.1924, -1.2822)
(-2.9341, 3.9595, -1.8686)
(-2.8646, 3.7891, -2.4071)
(-0.4026, 5.2097, -0.6386)
(-1.0868, 5.1432, -0.696)
(-1.7523, 5.0234, -0.8384)
(-2.3804, 4.8683, -1.0665)
(-2.8659, 4.6561, -1.4672)
(-3.0064, 4.4279, -2.0433)
(-2.9001, 4.257, -2.5757)
(-2.1029, -2.9123, 2.7961)
(-2.6455, -2.8607, 2.7523)
(-3.331, -2.7877, 2.7485)
(-4.0207, -2.7116, 2.7487)
(-4.7074, -2.6482, 2.7589)
(-5.3325, -2.4727, 2.6612)
(-5.9753, -2.2724, 2.5519)
(-6.6728, -2.1634, 2.6076)
