(1.3323, -2.2471, -5.4648)
(1.5335, -1.7127, -5.2316)
(2.0863, -1.5037, -5.0904)
(2.5277, -1.0675, -5.0289)
(2.6198, -0.429, -5.1579)
(1.4101, -2.3875, -5.0593)
(1.4982, -1.8419, -4.8277)
(2.6449, 0.2177, -5.2567)
(1.9548, -1.504, -4.6949)
(2.6501, 0.6451, -5.2345)
(2.3497, -0.9912, -4.6641)
(2.5579, -0.3552, -4.766)
(2.6018, 0.2807, -4.835)
(2.6443, 0.7774, -4.9177)
(1.5097, -2.5421, -4.5263)
(1.4867, -1.9741, -4.3235)
(1.734, -1.4284, -4.246)
(2.0361, -0.8646, -4.2841)
(2.3366, -0.2502, -4.3427)
(2.4954, 0.3512, -4.305)
(2.7725, 0.7253, -4.3176)
(1.628, -2.6587, -3.9618)
(1.7287, -2.0351, -3.8276)
(1.8808, -1.3881, -3.7395)
(2.1586, -0.8248, -3.8061)
(2.392, -0.2394, -3.8887)
(2.458, 0.3221, -3.8484)
(2.8731, 0.6245, -3.7233)
(1.7483, -2.7686, -3.4037)
(2.0488, -2.1832, -3.3794)
(2.2297, -1.5242, -3.3188)
(2.387, -0.9159, -3.3232)
(2.2941, -0.4004, -3.5445)
(2.3194, 0.0759, -3.764)
(2.3392, 0.4877, -4.0055)
(1.7821, -2.7844, -2.8122)
(2.1996, -2.2731, -2.8242)
(2.3761, -1.6222, -2.7825)
(2.4337, -0.985, -2.7702)
(2.2852, -0.4658, -2.9872)
(2.2626, 0.0349, -3.247)
(2.2637, 0.349, -3.3652)
(1.7789, -2.7385, -2.2107)
(2.241, -2.2896, -2.2307)
(2.3607, -1.6534, -2.222)
(2.4171, -1.019, -2.2498)
(2.4727, -0.4905, -2.4439)
(2.3157, 0.0411, -2.5697)
(2.068, 0.4286, -2.6037)
(1.7541, -2.632, -1.6151)
(2.2895, -2.2426, -1.646)
(2.5701, -1.6594, -1.7115)
(2.6783, -1.038, -1.7861)
(2.6446, -0.4449, -1.8806)
(2.5222, 0.1269, -1.9612)
(2.4197, 0.5779, -2.0211)
(1.709, -2.4828, -1.0274)
(2.2776, -2.1245, -1.0582)
(2.6367, -1.5735, -1.1366)
(2.7908, -0.9597, -1.2204)
(2.7938, -0.344, -1.2966)
(2.758, 0.2443, -1.3789)
(2.7151, 0.701, -1.4433)
(1.662, -2.3277, -0.4416)
(2.2567, -2.0026, -0.4668)
(2.6361, -1.4651, -0.5448)
(2.8183, -0.8453, -0.6325)
(2.9219, -0.2235, -0.7175)
(2.9832, 0.3718, -0.8068)
(3.0048, 0.8347, -0.8734)
(1.6363, -2.2129, 0.1514)
(2.2781, -1.913, 0.1292)
(2.7339, -1.4069, 0.0459)
(2.9538, -0.765, -0.0585)
(3.0993, -0.1134, -0.1571)
(3.2147, 0.505, -0.2493)
(3.2865, 0.9795, -0.3116)
(1.6094, -2.1042, 0.7325)
(2.2889, -1.8105, 0.7195)
(2.8351, -1.3475, 0.6383)
(3.1325, -0.7018, 0.5044)
(3.3116, -0.0174, 0.3851)
(3.4588, 0.6426, 0.2922)
(3.5583, 1.1668, 0.2464)
(1.4936, -1.8258, 1.2409)
(2.1703, -1.5472, 1.2406)
(2.7792, -1.1607, 1.1945)
(3.1858, -0.5791, 1.0735)
(3.4622, 0.0757, 0.9418)
(3.7053, 0.7447, 0.8272)
(3.9419, 1.5136, 0.7677)
(1.3566, -1.508, 1.7388)
(2.007, -1.227, 1.7265)
(2.5975, -0.8475, 1.6726)
(3.0808, -0.3421, 1.5806)
(4.4322, 1.9443, 1.1564)
(3.5034, 0.2131, 1.4629)
(3.8877, 0.7921, 1.3179)
(5.0281, 2.2648, 1.4248)
(4.2671, 1.3767, 1.1904)
(5.4455, 2.6114, 1.8726)
(4.6382, 1.9155, 1.1832)
(1.2226, -1.1954, 2.2492)
(1.8504, -0.9104, 2.2145)
(2.4156, -0.5306, 2.1174)
(5.605, 2.8895, 1.837)
(2.8938, -0.0555, 1.9769)
(4.8905, 2.3876, 1.3905)
(3.3503, 0.4492, 1.8419)
(3.7937, 0.97, 1.7101)
(5.2337, 2.8038, 1.6527)
(4.2332, 1.4959, 1.5831)
(5.5566, 3.1393, 1.6981)
(4.6732, 1.9714, 1.4598)
(1.1064, -0.8956, 2.7501)
(1.7424, -0.6212, 2.7445)
(2.3992, -0.3289, 2.6444)
(5.0753, 2.3041, 1.3244)
(2.9957, 0.025, 2.4683)
(3.5383, 0.4279, 2.2823)
(5.374, 2.7775, 1.3186)
(4.0436, 0.8703, 2.0934)
(1.0133, -0.6485, 3.1464)
(5.6118, 3.1901, 1.2866)
(4.5226, 1.3402, 1.9001)
(4.9601, 1.8391, 1.7429)
(2.3412, 0.0303, 3.1066)
(1.5465, -0.2409, 3.3045)
(5.3338, 2.3302, 1.6523)
(3.0073, 0.3121, 2.9553)
(3.6322, 0.62, 2.7964)
(5.759, 2.7113, 1.4794)
(4.2151, 0.9698, 2.6117)
(6.0413, 3.0294, 1.2744)
(4.7453, 1.3798, 2.4022)
(5.2103, 1.8747, 2.2148)
(1.8215, 0.227, 3.6047)
(2.3443, 0.4342, 3.5202)
(5.6487, 2.3653, 2.0971)
(2.969, 0.7002, 3.397)
(3.6066, 0.9876, 3.2558)
(6.0997, 2.7498, 1.9154)
(4.233, 1.2898, 3.0991)
(6.4571, 2.9583, 1.6719)
(4.8403, 1.6338, 2.9174)
(5.4178, 2.0571, 2.7086)
(1.8399, 0.6675, 3.9032)
(2.2645, 0.8874, 3.8097)
(5.9729, 2.4027, 2.5367)
(2.8568, 1.1526, 3.7017)
(3.4891, 1.4334, 3.5749)
(6.463, 2.7034, 2.3423)
(4.1253, 1.7148, 3.4464)
(1.8713, 0.9995, 3.9908)
(6.8307, 2.9332, 2.143)
(4.7678, 2.011, 3.3139)
(2.0902, 1.2541, 3.9657)
(2.7242, 1.529, 3.8592)
(5.4167, 2.3343, 3.1414)
(3.3564, 1.8037, 3.7525)
(6.0483, 2.5901, 2.9952)
(3.9853, 2.0746, 3.6276)
(4.6264, 2.332, 3.5671)
(6.5881, 2.8174, 2.8364)
(5.2219, 2.6291, 3.3663)
(6.9678, 2.9874, 2.6559)
(5.8732, 2.8641, 3.2465)
(6.8102, 3.0195, 2.9647)
(6.5249, 3.1136, 3.1548)
(-0.201, 2.2444, -4.8752)
(0.4575, 2.1634, -4.7011)
(1.0874, 2.0873, -4.5195)
(1.702, 1.9973, -4.7213)
(2.2442, 1.8543, -5.0367)
(-0.2037, 2.2773, -4.5095)
(0.4764, 2.3205, -4.4951)
(2.5337, 1.3581, -5.2104)
(1.1562, 2.3081, -4.4641)
(2.6466, 0.948, -5.221)
(1.8088, 2.1809, -4.516)
(2.3331, 1.846, -4.6472)
(2.5753, 1.2862, -4.7852)
(2.65, 0.7972, -4.9152)
(-0.1537, 1.9168, -4.1447)
(0.5135, 1.9595, -4.2213)
(1.1665, 2.036, -4.1672)
(1.8174, 1.9942, -4.0788)
(2.3945, 1.7365, -4.1107)
(2.6896, 1.2119, -4.2335)
(2.7882, 0.7393, -4.319)
(-0.0623, 1.6233, -3.7239)
(0.5757, 1.7694, -3.7803)
(1.1238, 1.9373, -3.6853)
(1.7138, 1.8334, -3.5574)
(2.273, 1.5674, -3.6314)
(2.6417, 1.094, -3.7564)
(2.8752, 0.6472, -3.721)
(-0.0982, 1.8468, -3.3045)
(0.4796, 1.9415, -3.4027)
(0.9798, 1.731, -3.297)
(1.4847, 1.5442, -3.1535)
(1.9133, 1.3256, -3.4422)
(2.2542, 0.9195, -3.6264)
(2.3438, 0.5088, -3.9806)
(-0.2693, 2.2333, -3.0251)
(0.2987, 2.0449, -2.9925)
(0.8345, 1.6806, -2.8499)
(1.3132, 1.409, -2.6835)
(1.7213, 1.1889, -2.9773)
(2.0807, 0.8099, -3.1791)
(2.257, 0.4301, -3.3774)
(-0.2493, 2.5176, -2.5574)
(0.3897, 2.3373, -2.5613)
(0.9563, 2.0089, -2.4703)
(1.3561, 1.6368, -2.2694)
(1.6683, 1.2107, -2.3926)
(2.0347, 0.7996, -2.5213)
(2.1157, 0.3873, -2.6009)
(-0.1892, 2.6247, -1.9773)
(0.4887, 2.5044, -2.014)
(1.127, 2.2825, -2.0292)
(1.6301, 1.947, -1.9933)
(1.9317, 1.4477, -1.9673)
(2.2694, 0.9786, -1.9982)
(2.4423, 0.5659, -2.0331)
(-0.1611, 2.567, -1.3783)
(0.5226, 2.4761, -1.4153)
(1.1828, 2.3021, -1.4542)
(1.7634, 2.0419, -1.4779)
(2.1925, 1.6178, -1.4701)
(2.5266, 1.1297, -1.4562)
(2.7353, 0.71, -1.4469)
(-0.1483, 2.4676, -0.7795)
(0.528, 2.3559, -0.8207)
(1.1876, 2.177, -0.8634)
(1.8073, 1.9765, -0.8891)
(2.3462, 1.6719, -0.9025)
(2.7546, 1.2433, -0.8955)
(3.0169, 0.8518, -0.877)
(-0.1485, 2.345, -0.1876)
(0.5095, 2.1608, -0.2475)
(1.167, 1.9634, -0.2973)
(1.8179, 1.8115, -0.3153)
(2.4336, 1.628, -0.324)
(2.954, 1.3324, -0.331)
(3.2947, 1.0002, -0.311)
(-0.1612, 2.1787, 0.392)
(0.486, 1.9609, 0.3183)
(1.1519, 1.7991, 0.2693)
(1.8263, 1.6787, 0.2559)
(2.4894, 1.5701, 0.2484)
(3.1073, 1.4361, 0.2355)
(3.5619, 1.2082, 0.2572)
(-0.1671, 2.0391, 0.9751)
(0.496, 1.9265, 0.9029)
(1.1753, 1.897, 0.8446)
(1.8572, 1.806, 0.8266)
(2.5406, 1.7327, 0.8061)
(3.2192, 1.6965, 0.7675)
(3.9567, 1.5859, 0.7899)
(-0.1358, 1.9984, 1.5706)
(0.5263, 2.0536, 1.4827)
(1.2035, 2.1211, 1.404)
(1.8871, 2.0793, 1.3639)
(4.4411, 1.9696, 1.1944)
(2.5709, 2.0352, 1.3278)
(3.2487, 2.0827, 1.2462)
(5.1037, 2.2971, 1.4929)
(3.9186, 2.1613, 1.2214)
(5.5278, 2.6053, 1.9326)
(4.5172, 2.3722, 1.3538)
(-0.0837, 2.0098, 2.1736)
(0.5634, 2.1666, 2.0802)
(1.2297, 2.3084, 1.979)
(5.8022, 2.7456, 1.9383)
(1.9078, 2.3607, 1.8972)
(5.0907, 2.5404, 1.7434)
(2.5827, 2.3842, 1.8239)
(3.2428, 2.496, 1.7071)
(5.6358, 2.7606, 1.8979)
(3.8969, 2.6278, 1.6396)
(6.0319, 2.9444, 1.796)
(4.4975, 2.8652, 1.6183)
(-0.0354, 1.989, 2.7537)
(0.604, 2.181, 2.7022)
(1.2698, 2.4005, 2.5819)
(5.1231, 3.0206, 1.8329)
(1.9384, 2.5728, 2.4526)
(2.5971, 2.7063, 2.3238)
(5.6503, 3.1604, 1.8485)
(3.2479, 2.8569, 2.1978)
(0.0209, 1.8802, 3.2079)
(6.0483, 3.4, 1.5995)
(3.8865, 3.042, 2.1144)
(4.5162, 3.2659, 2.0771)
(1.3946, 2.3251, 3.1662)
(0.6542, 1.9812, 3.3857)
(5.1558, 3.4676, 2.0979)
(2.0525, 2.5857, 3.026)
(2.7016, 2.8004, 2.885)
(5.7011, 3.6286, 2.0431)
(3.3382, 3.0206, 2.7486)
(6.1526, 3.8932, 1.8506)
(3.9608, 3.2893, 2.6489)
(4.6292, 3.5109, 2.6341)
(1.1487, 1.8306, 3.7059)
(1.6537, 2.064, 3.6047)
(5.2403, 3.7336, 2.6013)
(2.2685, 2.3347, 3.4954)
(2.9064, 2.5962, 3.3807)
(5.8212, 3.9798, 2.5266)
(3.5414, 2.8517, 3.2532)
(6.2421, 4.24, 2.3701)
(4.1818, 3.1091, 3.1449)
(4.8413, 3.364, 3.1549)
(1.4781, 1.4944, 3.9551)
(1.9248, 1.6601, 3.8547)
(5.4221, 3.6447, 3.0959)
(2.5178, 1.9148, 3.7593)
(3.147, 2.1898, 3.6681)
(6.0217, 3.9523, 3.0161)
(3.7741, 2.4521, 3.5525)
(1.7449, 1.2805, 4.009)
(6.4302, 4.1896, 2.8962)
(4.3992, 2.6865, 3.4268)
(2.0801, 1.2705, 3.9724)
(2.7092, 1.5444, 3.863)
(5.0236, 2.9343, 3.3792)
(3.3402, 1.818, 3.7601)
(5.6493, 3.209, 3.275)
(3.9656, 2.0885, 3.625)
(4.6057, 2.3432, 3.5595)
(6.2589, 3.5224, 3.2068)
(5.2021, 2.6169, 3.3462)
(6.6403, 3.7818, 3.1878)
(5.8018, 2.8565, 3.2339)
(6.6332, 3.4443, 3.3099)
(6.5186, 3.1373, 3.1686)
(1.1122, -2.7288, -5.6106)
(0.654, -2.5124, -5.5039)
(0.2926, -2.0334, -5.2815)
(-0.3009, -1.8182, -5.2265)
(-0.9757, -1.7794, -5.3045)
(-1.6376, -1.6096, -5.3508)
(1.1375, -2.8581, -5.1783)
(0.6212, -2.6937, -5.1042)
(0.2212, -2.2288, -4.8999)
(-2.2149, -1.315, -5.3189)
(-0.3495, -1.945, -4.8115)
(-2.5261, -1.0549, -5.1987)
(-1.0078, -1.8579, -4.8786)
(-1.6698, -1.7169, -4.9294)
(-2.2266, -1.4009, -4.8924)
(-2.5816, -1.0414, -4.8612)
(1.1732, -2.9855, -4.6183)
(0.5883, -2.8884, -4.573)
(0.0982, -2.4598, -4.4092)
(-0.4214, -2.069, -4.2642)
(-1.0123, -1.9097, -4.3249)
(-1.6829, -1.8432, -4.3743)
(-2.2419, -1.5447, -4.3401)
(-2.5888, -1.1997, -4.2667)
(1.1974, -3.0868, -4.0208)
(0.582, -3.0614, -3.9987)
(0.0684, -2.6698, -3.8725)
(-0.426, -2.2635, -3.7201)
(-0.9608, -2.0592, -3.7793)
(-1.6292, -1.9393, -3.8115)
(-2.192, -1.6333, -3.8621)
(-2.5575, -1.3286, -3.6727)
(1.1995, -3.1281, -3.4218)
(0.544, -3.209, -3.4434)
(-0.043, -2.9732, -3.425)
(-0.4723, -2.5516, -3.2668)
(-0.9189, -2.1351, -3.3018)
(-1.4339, -1.7903, -3.3504)
(-1.8798, -1.4268, -3.6714)
(-2.1569, -1.0453, -4.0794)
(1.1683, -3.0621, -2.8224)
(0.4885, -3.1476, -2.8632)
(-0.1808, -3.0602, -2.9231)
(-0.7712, -2.7893, -2.9712)
(-1.2258, -2.3341, -3.0344)
(-1.4785, -1.8274, -2.9822)
(-1.7456, -1.4281, -3.2236)
(-1.9875, -1.1076, -3.5451)
(1.1356, -2.9535, -2.2258)
(0.4512, -3.0177, -2.274)
(-0.2336, -2.9911, -2.3459)
(-0.8894, -2.8613, -2.4427)
(-1.434, -2.542, -2.5479)
(-1.7632, -2.0404, -2.5958)
(-1.8639, -1.4679, -2.6584)
(-1.9036, -1.0322, -2.7057)
(1.0969, -2.8195, -1.6335)
(0.4125, -2.8897, -1.6827)
(-0.2723, -2.9015, -1.7504)
(-0.9347, -2.8251, -1.8394)
(-1.5076, -2.5741, -1.9361)
(-1.9034, -2.1221, -2.0027)
(-2.0592, -1.5511, -2.0316)
(-2.2162, -1.1287, -2.076)
(1.0481, -2.6711, -1.0447)
(0.3662, -2.7765, -1.0883)
(-0.3168, -2.8383, -1.1498)
(-0.979, -2.7879, -1.2333)
(-1.5514, -2.5417, -1.3191)
(-1.9862, -2.1189, -1.3817)
(-2.2675, -1.6053, -1.4251)
(-2.498, -1.2066, -1.4754)
(0.9965, -2.5351, -0.4544)
(0.319, -2.7022, -0.4888)
(-0.3625, -2.8206, -0.5455)
(-1.0292, -2.7712, -0.628)
(-1.6059, -2.5002, -0.7125)
(-2.0857, -2.094, -0.7794)
(-2.4786, -1.6396, -0.8375)
(-2.7727, -1.2777, -0.8887)
(0.9578, -2.4511, 0.1426)
(0.2762, -2.6811, 0.1145)
(-0.4154, -2.8642, 0.0612)
(-1.1036, -2.8167, -0.0252)
(-1.6999, -2.501, -0.1193)
(-2.229, -2.0935, -0.197)
(-2.7025, -1.6752, -0.2642)
(-3.0495, -1.3354, -0.3109)
(0.918, -2.3608, 0.7228)
(0.2257, -2.615, 0.7012)
(-0.4793, -2.8453, 0.6616)
(-1.1962, -2.8699, 0.5767)
(-1.8442, -2.576, 0.4574)
(-2.4174, -2.1546, 0.3613)
(-2.9474, -1.7296, 0.2912)
(-3.3502, -1.3747, 0.2621)
(0.8133, -2.0832, 1.2314)
(0.1325, -2.3376, 1.2173)
(-0.5541, -2.584, 1.1948)
(-1.2557, -2.7166, 1.1426)
(-1.935, -2.5223, 1.028)
(-2.5618, -2.1755, 0.9208)
(-3.1687, -1.8091, 0.8364)
(-3.8496, -1.3759, 0.8019)
(0.6935, -1.7614, 1.7334)
(0.0314, -2.0113, 1.7212)
(-0.6277, -2.2549, 1.7012)
(-1.2922, -2.4072, 1.6508)
(-1.9505, -2.3036, 1.5394)
(-4.4734, -1.4279, 1.2447)
(-2.61, -2.1291, 1.4525)
(-3.2706, -1.9745, 1.3418)
(-5.0471, -1.5113, 1.7312)
(-3.9246, -1.8786, 1.182)
(-5.7334, -1.4647, 1.8424)
(0.5712, -1.4446, 2.248)
(-4.5671, -1.7535, 1.1824)
(-0.0826, -1.6905, 2.2349)
(-0.7317, -1.942, 2.2168)
(-1.3859, -2.1767, 2.1756)
(-5.8291, -1.2067, 1.7124)
(-2.0486, -2.3011, 2.0594)
(-5.1254, -1.5159, 1.4081)
(-2.7166, -2.3431, 1.9083)
(-3.384, -2.3313, 1.7294)
(-5.6091, -1.2683, 1.6668)
(-4.048, -2.3053, 1.5311)
(-5.9815, -1.0403, 1.6792)
(-4.7042, -2.1951, 1.3902)
(0.4597, -1.1496, 2.7352)
(-0.1959, -1.3784, 2.7306)
(-0.8562, -1.5812, 2.7139)
(-1.5408, -1.8198, 2.6361)
(-5.2996, -1.907, 1.3734)
(-2.2193, -2.0469, 2.5327)
(-2.888, -2.2272, 2.4044)
(-5.7961, -1.5371, 1.4358)
(-3.5547, -2.3501, 2.2352)
(0.3838, -0.95, 3.0829)
(-0.2834, -1.148, 3.1399)
(-6.1947, -1.2585, 1.4225)
(-4.2195, -2.4229, 2.0325)
(-4.8795, -2.4257, 1.8374)
(-1.7287, -1.4373, 3.0736)
(-0.9457, -1.1758, 3.2975)
(-5.5104, -2.2639, 1.7185)
(-2.4176, -1.6491, 2.937)
(-3.0885, -1.8572, 2.8232)
(-6.0592, -1.9414, 1.6586)
(-3.7535, -2.0441, 2.6954)
(-6.4683, -1.6607, 1.6287)
(-4.4186, -2.1746, 2.518)
(-5.0831, -2.2597, 2.3176)
(-1.446, -0.9832, 3.6127)
(-1.9834, -1.1236, 3.4985)
(-5.7186, -2.3679, 2.2026)
(-2.6333, -1.2883, 3.3615)
(-3.3017, -1.4737, 3.2365)
(-6.3022, -2.2383, 2.1055)
(-3.9657, -1.6782, 3.1271)
(-6.7415, -2.0495, 2.0165)
(-4.6335, -1.8662, 2.9933)
(-5.3119, -1.9925, 2.7959)
(-1.7428, -0.6515, 3.9101)
(-2.2118, -0.7562, 3.8329)
(-5.9464, -2.1743, 2.662)
(-2.8368, -0.9215, 3.7345)
(-3.5, -1.1035, 3.6186)
(-6.5366, -2.3159, 2.6007)
(-4.1629, -1.3011, 3.5101)
(-1.9839, -0.4199, 3.9984)
(-6.9932, -2.3087, 2.4714)
(-4.8278, -1.5058, 3.394)
(-2.3161, -0.3707, 3.9862)
(-2.9791, -0.5739, 3.9376)
(-5.49, -1.69, 3.2056)
(-3.6409, -0.7799, 3.8666)
(-6.1203, -1.906, 3.0877)
(-4.3029, -0.9846, 3.7707)
(-4.9652, -1.2062, 3.7207)
(-6.7147, -2.0956, 3.047)
(-5.5419, -1.3227, 3.3528)
(-7.1552, -2.208, 2.947)
(-6.1879, -1.5633, 3.2861)
(-7.0949, -1.9684, 3.1728)
(-6.8701, -1.7168, 3.2335)
(-0.8786, 2.1665, -4.9144)
(-1.5193, 1.9156, -4.8864)
(-2.1058, 1.5504, -4.8635)
(-2.6496, 1.1265, -4.8452)
(-3.0805, 0.6039, -4.8622)
(-3.2216, -0.0233, -4.9397)
(-0.8717, 2.1521, -4.4749)
(-1.5124, 1.912, -4.4446)
(-2.0938, 1.5441, -4.4246)
(-2.9879, -0.5796, -5.0979)
(-2.6096, 1.0884, -4.4087)
(-2.7378, -0.9208, -5.143)
(-3.0154, 0.5481, -4.4307)
(-3.1213, -0.0877, -4.5163)
(-2.8836, -0.6464, -4.68)
(-2.5944, -1.028, -4.8517)
(-0.8139, 1.9058, -3.9976)
(-1.4732, 1.7983, -3.9069)
(-2.0641, 1.5013, -3.8589)
(-2.5228, 1.015, -3.855)
(-2.8664, 0.4636, -3.9176)
(-2.9718, -0.1689, -3.9787)
(-2.8038, -0.7529, -4.1259)
(-2.5992, -1.1844, -4.2564)
(-0.7232, 1.547, -3.5899)
(-1.3821, 1.4942, -3.4318)
(-1.9797, 1.3526, -3.2977)
(-2.3096, 0.8674, -3.3525)
(-2.4593, 0.373, -3.5955)
(-2.661, -0.1904, -3.5873)
(-2.6603, -0.7922, -3.6814)
(-2.5693, -1.3138, -3.664)
(-0.6987, 1.5946, -3.1321)
(-1.3003, 1.3649, -2.9564)
(-1.8019, 1.1632, -2.8153)
(-1.9707, 0.7045, -2.996)
(-1.9996, 0.3677, -3.3553)
(-2.2302, -0.0975, -3.5197)
(-2.3029, -0.6556, -3.6699)
(-2.1212, -1.0306, -3.9677)
(-0.8492, 2.0222, -2.8729)
(-1.3186, 1.6619, -2.6274)
(-1.4958, 1.2252, -2.4904)
(-1.6256, 0.834, -2.7716)
(-1.7837, 0.376, -2.9013)
(-2.0097, -0.0992, -3.0611)
(-2.0867, -0.6353, -3.225)
(-1.9897, -1.0555, -3.4171)
(-0.8562, 2.379, -2.4424)
(-1.1706, 1.9374, -2.2201)
(-1.1932, 1.3959, -2.2205)
(-1.4997, 0.9577, -2.3469)
(-1.7176, 0.4173, -2.3992)
(-1.9295, -0.0994, -2.4883)
(-2.0205, -0.6429, -2.5921)
(-1.9418, -1.0784, -2.7064)
(-0.7965, 2.5332, -1.9018)
(-1.0675, 2.047, -1.7485)
(-1.2459, 1.4302, -1.7536)
(-1.5766, 0.8796, -1.8253)
(-1.9561, 0.4023, -1.9119)
(-2.2355, -0.1162, -2.0014)
(-2.3004, -0.6884, -2.0482)
(-2.2378, -1.1439, -2.0864)
(-0.8219, 2.4821, -1.3516)
(-1.3202, 2.1118, -1.3319)
(-1.5961, 1.5131, -1.3165)
(-1.8353, 0.8881, -1.3155)
(-2.1498, 0.3424, -1.3708)
(-2.461, -0.171, -1.4494)
(-2.5584, -0.7405, -1.4796)
(-2.5168, -1.2047, -1.4845)
(-0.8237, 2.3893, -0.7648)
(-1.4231, 2.0856, -0.7807)
(-1.846, 1.5665, -0.8031)
(-2.1449, 0.9581, -0.8268)
(-2.4151, 0.3652, -0.856)
(-2.6586, -0.211, -0.8859)
(-2.7813, -0.7949, -0.901)
(-2.7883, -1.2654, -0.8943)
(-0.8184, 2.3286, -0.1635)
(-1.418, 2.0281, -0.1797)
(-1.8722, 1.5197, -0.2146)
(-2.2228, 0.9288, -0.2541)
(-2.5297, 0.3331, -0.2868)
(-2.7954, -0.2612, -0.3101)
(-2.9896, -0.8442, -0.3239)
(-3.0643, -1.3203, -0.3096)
(-0.8154, 2.2633, 0.4372)
(-1.3984, 1.9764, 0.4241)
(-1.8031, 1.434, 0.3813)
(-2.1416, 0.8322, 0.3341)
(-2.4973, 0.2473, 0.299)
(-2.861, -0.3167, 0.2727)
(-3.1936, -0.8593, 0.2478)
(-3.3776, -1.3405, 0.271)
(-0.8044, 2.1814, 1.0373)
(-1.3781, 1.9246, 1.0283)
(-1.7493, 1.3688, 0.9785)
(-2.1184, 0.7949, 0.9231)
(-2.5416, 0.2532, 0.8854)
(-2.9856, -0.2668, 0.846)
(-3.4529, -0.7485, 0.7849)
(-3.9084, -1.3329, 0.8205)
(-0.7786, 2.1016, 1.64)
(-1.3718, 1.8814, 1.6316)
(-1.7941, 1.3806, 1.5657)
(-2.272, 0.9087, 1.477)
(-2.7446, 0.4134, 1.4221)
(-4.5053, -1.4027, 1.2355)
(-3.2055, -0.0888, 1.3779)
(-3.7378, -0.493, 1.2669)
(-5.1142, -1.5114, 1.8449)
(-4.2879, -0.8581, 1.2236)
(-5.8142, -1.5163, 1.9124)
(-0.7412, 2.0085, 2.2391)
(-4.8345, -1.1426, 1.4489)
(-1.3767, 1.8264, 2.2239)
(-1.9291, 1.465, 2.1288)
(-2.4814, 1.0714, 2.0157)
(-5.782, -1.7154, 1.5582)
(-2.9957, 0.625, 1.9311)
(-5.3684, -1.3028, 1.7899)
(-3.4772, 0.1498, 1.8701)
(-4.0314, -0.2054, 1.73)
(-5.7396, -1.4627, 1.8142)
(-4.6098, -0.459, 1.594)
(-5.7831, -1.5224, 1.4213)
(-5.1405, -0.7605, 1.7194)
(-0.6868, 1.847, 2.7792)
(-1.3265, 1.6415, 2.7714)
(-1.945, 1.3837, 2.7237)
(-2.5869, 1.0966, 2.6025)
(-5.7199, -1.0261, 1.8704)
(-3.1904, 0.7554, 2.4723)
(-3.7456, 0.3655, 2.3575)
(-6.175, -1.2502, 1.8057)
(-4.3214, 0.0255, 2.2158)
(-0.6315, 1.6869, 3.144)
(-1.2591, 1.4295, 3.1903)
(-6.2094, -1.1943, 1.4189)
(-4.9347, -0.2233, 2.0754)
(-5.5312, -0.5039, 2.1009)
(-2.597, 0.8932, 3.1666)
(-1.7994, 1.1027, 3.3636)
(-6.0856, -0.7427, 2.1034)
(-3.2667, 0.6466, 3.0351)
(-3.8972, 0.36, 2.908)
(-6.6339, -0.9524, 1.9717)
(-4.5153, 0.0583, 2.7718)
(-6.7886, -1.0084, 1.6066)
(-5.1618, -0.2086, 2.6447)
(-5.8432, -0.4472, 2.5852)
(-2.0475, 0.6701, 3.6922)
(-2.5832, 0.5082, 3.6013)
(-6.4779, -0.6538, 2.5172)
(-3.2247, 0.299, 3.5006)
(-3.8798, 0.0694, 3.4042)
(-7.0171, -0.7876, 2.3605)
(-4.5291, -0.1683, 3.3142)
(-7.2296, -0.9713, 2.0819)
(-5.1896, -0.3963, 3.2347)
(-5.8761, -0.6088, 3.1079)
(-2.041, 0.2091, 3.9519)
(-2.4906, 0.0356, 3.8681)
(-6.5437, -0.7791, 3.0116)
(-3.1074, -0.1676, 3.7909)
(-3.7672, -0.3742, 3.7264)
(-7.1103, -0.8791, 2.8678)
(-4.4286, -0.5763, 3.6786)
(-2.0884, -0.1245, 4.0225)
(-7.4755, -0.9558, 2.6624)
(-5.0695, -0.7833, 3.6108)
(-2.332, -0.3548, 3.9882)
(-2.9953, -0.5584, 3.9414)
(-5.6561, -1.0095, 3.3668)
(-3.6562, -0.7656, 3.8741)
(-6.3452, -1.1768, 3.2499)
(-4.3132, -0.9712, 3.7824)
(-4.9689, -1.1781, 3.7359)
(-6.9705, -1.2492, 3.1831)
(-5.5088, -1.3231, 3.3228)
(-7.4053, -1.1779, 3.12)
(-6.1346, -1.5941, 3.2452)
(-7.1569, -1.426, 3.2143)
(-6.8835, -1.6811, 3.2348)
(6.917, 3.0025, 2.8363)
(5.5954, 3.0275, 1.8035)
(5.542, 3.1984, 1.4886)
(5.8014, 3.1158, 1.2123)
(6.2572, 2.9816, 1.4466)
(6.6582, 2.9379, 1.9006)
(6.9384, 2.9571, 2.4098)
(1.1236, -2.7932, -5.4063)
(1.1552, -2.9233, -4.9107)
(1.1874, -3.0409, -4.3201)
(1.2025, -3.1194, -3.7213)
(1.1862, -3.1054, -3.122)
(1.1517, -3.0109, -2.5236)
(1.1176, -2.8894, -1.9291)
(1.0735, -2.7459, -1.3389)
(1.0216, -2.5987, -0.7502)
(0.9749, -2.4861, -0.1565)
(0.9431, -2.4213, 0.4396)
(0.8718, -2.24, 0.9831)
(0.7534, -1.9215, 1.4806)
(0.6324, -1.6029, 1.9894)
(0.5119, -1.2884, 2.5043)
(0.4185, -1.0408, 2.9222)
(1.319, -2.6771, -5.1415)
(1.3972, -2.8101, -4.5917)
(1.4559, -2.9158, -4.0021)
(1.4998, -2.9809, -3.4124)
(1.4911, -2.9513, -2.8127)
(1.4679, -2.8711, -2.2127)
(1.4327, -2.7463, -1.6189)
(1.3839, -2.5927, -1.0313)
(1.3322, -2.4395, -0.4447)
(1.2973, -2.3339, 0.1495)
(1.263, -2.2332, 0.7291)
(1.1532, -1.9552, 1.2366)
(1.0253, -1.6357, 1.7372)
(0.8982, -1.3217, 2.2513)
(0.7853, -1.0254, 2.7419)
(0.7046, -0.812, 3.1017)
(1.2534, -2.5486, -5.5632)
(1.4002, -1.9415, -5.3439)
(1.785, -1.5988, -5.1509)
(2.3493, -1.3249, -5.04)
(2.6021, -0.7616, -5.0808)
(2.6327, -0.0922, -5.2173)
(2.6502, 0.4697, -5.2747)
(6.6739, 3.0594, 3.0657)
(6.199, 2.9889, 3.2006)
(5.5476, 2.7466, 3.3064)
(4.9241, 2.4806, 3.4667)
(4.3058, 2.2033, 3.5973)
(3.6708, 1.9392, 3.69)
(3.0403, 1.6664, 3.8059)
(2.4072, 1.3915, 3.9125)
(1.9641, 1.1317, 3.9839)
(2.6269, 0.5362, -4.8621)
(2.5885, -0.0241, -4.8073)
(2.4784, -0.6813, -4.7082)
(2.1768, -1.2744, -4.6628)
(1.6969, -1.6695, -4.7468)
(1.433, -2.0895, -4.9427)
(2.6168, 0.5578, -4.304)
(2.4193, 0.0698, -4.3279)
(2.199, -0.5645, -4.322)
(1.8846, -1.1515, -4.2551)
(1.5794, -1.7, -4.265)
(1.5003, -2.2564, -4.4236)
(2.593, 0.4965, -3.8374)
(2.4191, 0.0638, -3.8735)
(2.2988, -0.5389, -3.86)
(2.0111, -1.1007, -3.7577)
(1.7853, -1.7044, -3.7675)
(1.6985, -2.3585, -3.8987)
(2.359, 0.2877, -3.8324)
(2.2866, -0.156, -3.6683)
(2.3524, -0.6502, -3.4158)
(2.3309, -1.2085, -3.2986)
(2.1401, -1.8537, -3.3511)
(1.9264, -2.4958, -3.3951)
(2.2592, 0.2225, -3.3136)
(2.2594, -0.2053, -3.1302)
(2.3645, -0.7183, -2.8549)
(2.4292, -1.2909, -2.7564)
(2.3075, -1.9562, -2.81)
(2.0229, -2.5546, -2.8207)
(2.2241, 0.2537, -2.6024)
(2.4112, -0.2173, -2.5202)
(2.4621, -0.75, -2.3388)
(2.3832, -1.3241, -2.2179)
(2.3306, -1.9845, -2.2301)
(2.0489, -2.544, -2.2206)
(2.4644, 0.3628, -1.9929)
(2.5873, -0.1487, -1.9239)
(2.6775, -0.74, -1.8325)
(2.6425, -1.3462, -1.7468)
(2.4587, -1.9664, -1.6767)
(2.0481, -2.4655, -1.6245)
(2.7367, 0.4858, -1.4135)
(2.7773, -0.0381, -1.3383)
(2.8039, -0.652, -1.2583)
(2.7373, -1.2684, -1.1797)
(2.4852, -1.8661, -1.0939)
(2.0132, -2.3295, -1.0359)
(2.9967, 0.6165, -0.8429)
(2.9581, 0.0857, -0.7633)
(2.8758, -0.5344, -0.6744)
(2.7442, -1.1578, -0.5892)
(2.4762, -1.7549, -0.5014)
(1.978, -2.1888, -0.4476)
(3.2538, 0.7581, -0.2836)
(3.1623, 0.2083, -0.2057)
(3.0299, -0.4383, -0.1083)
(2.8643, -1.0935, -0.0063)
(2.5372, -1.6856, 0.0936)
(1.9702, -2.0812, 0.1467)
(3.5188, 0.9261, 0.2632)
(3.3886, 0.3226, 0.334)
(3.2288, -0.3599, 0.4415)
(3.0096, -1.0387, 0.5733)
(2.5896, -1.6054, 0.6883)
(1.956, -1.97, 0.7318)
(5.5456, 2.7497, 1.8557)
(5.2368, 2.4381, 1.6487)
(4.7301, 2.1045, 1.2906)
(4.187, 1.729, 0.9621)
(3.8269, 1.0892, 0.7865)
(3.5846, 0.4092, 0.8808)
(3.3331, -0.2549, 1.0064)
(3.0067, -0.8887, 1.14)
(2.4935, -1.376, 1.2267)
(1.834, -1.693, 1.2436)
(5.4005, 2.9786, 1.6973)
(5.0537, 2.605, 1.5371)
(4.766, 2.1587, 1.2637)
(4.4648, 1.6543, 1.1631)
(4.0747, 1.0867, 1.2467)
(3.6989, 0.5001, 1.3923)
(3.2977, -0.0679, 1.5254)
(2.8505, -0.6064, 1.6303)
(2.3142, -1.0535, 1.7051)
(1.6856, -1.375, 1.7365)
(5.4965, 2.9946, 1.3088)
(5.2366, 2.5311, 1.3126)
(4.8842, 2.1357, 1.3824)
(4.4543, 1.7522, 1.5251)
(4.0132, 1.2329, 1.6449)
(3.5734, 0.7081, 1.776)
(3.1232, 0.1949, 1.9081)
(2.6619, -0.3008, 2.0491)
(2.144, -0.7343, 2.1737)
(1.5415, -1.0613, 2.2385)
(5.9163, 2.8738, 1.3775)
(5.5516, 2.534, 1.5761)
(5.1444, 2.0932, 1.699)
(4.7512, 1.5864, 1.8117)
(4.2861, 1.1018, 1.996)
(3.7949, 0.645, 2.1888)
(3.2724, 0.2211, 2.375)
(2.7063, -0.1597, 2.5613)
(2.0728, -0.4801, 2.7073)
(1.4224, -0.76, 2.755)
(6.2882, 2.8691, 1.7977)
(5.8798, 2.5786, 2.0173)
(5.4277, 2.1267, 2.1549)
(4.9849, 1.6206, 2.2998)
(4.4881, 1.1643, 2.5084)
(3.9292, 0.789, 2.708)
(3.3254, 0.4618, 2.8777)
(2.6776, 0.1686, 3.0322)
(1.9938, -0.1045, 3.1811)
(1.3021, -0.4565, 3.2099)
(6.6575, 2.8249, 2.2422)
(6.2318, 2.5598, 2.4426)
(5.6993, 2.2397, 2.6209)
(5.1321, 1.8456, 2.8113)
(4.5401, 1.451, 3.013)
(3.9214, 1.1364, 3.1797)
(3.2894, 0.8425, 3.328)
(2.648, 0.5614, 3.4627)
(2.0731, 0.3252, 3.5659)
(6.7917, 2.9079, 2.7477)
(6.337, 2.7087, 2.9192)
(5.7381, 2.4691, 3.0659)
(5.0921, 2.1759, 3.2285)
(4.4456, 1.8582, 3.3843)
(3.8065, 1.5739, 3.5098)
(3.1728, 1.2927, 3.6398)
(2.5451, 1.0154, 3.7582)
(2.0364, 0.7733, 3.8575)
(1.8487, 0.4573, 3.7712)
(2.3153, 0.6627, 3.6851)
(2.9203, 0.9275, 3.5705)
(3.555, 1.2119, 3.4358)
(4.1893, 1.5019, 3.2941)
(4.8214, 1.8191, 3.1366)
(5.4474, 2.1894, 2.9435)
(6.049, 2.478, 2.7791)
(6.5639, 2.7361, 2.5969)
(1.7223, -0.0096, 3.441)
(2.342, 0.2272, 3.3223)
(2.9939, 0.4971, 3.1869)
(3.6316, 0.7884, 3.0397)
(4.2416, 1.1087, 2.8686)
(4.811, 1.4851, 2.6692)
(5.3279, 1.9516, 2.4653)
(5.8259, 2.373, 2.3121)
(6.2915, 2.7252, 2.1233)
(1.058, -0.7671, 2.9584)
(1.6787, -0.4508, 2.9961)
(2.3704, -0.1662, 2.8845)
(3.0176, 0.1414, 2.7162)
(3.6085, 0.4892, 2.5377)
(4.154, 0.8827, 2.3425)
(4.6548, 1.3235, 2.132)
(5.0942, 1.8296, 1.9609)
(5.4821, 2.3529, 1.8757)
(5.9308, 2.7321, 1.6902)
(1.1614, -1.0407, 2.5083)
(1.7937, -0.7681, 2.4802)
(2.3998, -0.433, 2.3787)
(2.9273, -0.0131, 2.213)
(3.4191, 0.4471, 2.048)
(3.8895, 0.9334, 1.8898)
(4.3496, 1.432, 1.7345)
(4.7967, 1.9107, 1.5909)
(5.2013, 2.3031, 1.4474)
(5.5585, 2.7322, 1.3335)
(1.2884, -1.3515, 1.9919)
(1.9238, -1.0647, 1.9657)
(2.4903, -0.6751, 1.8884)
(2.9665, -0.1804, 1.7787)
(3.4118, 0.3483, 1.6597)
(3.833, 0.8949, 1.5245)
(4.2466, 1.4467, 1.3934)
(4.6458, 1.9567, 1.308)
(4.9563, 2.3522, 1.3284)
(5.2593, 2.8138, 1.4661)
(1.4249, -1.666, 1.4885)
(2.0902, -1.3889, 1.4859)
(2.699, -1.0151, 1.4437)
(3.1562, -0.4777, 1.3429)
(3.5131, 0.1266, 1.2177)
(3.831, 0.7549, 1.0828)
(4.1624, 1.3929, 1.0019)
(4.565, 1.9096, 1.1373)
(4.9192, 2.3511, 1.4301)
(5.3006, 2.7238, 1.76)
(1.5601, -1.9816, 0.9932)
(2.2428, -1.6955, 0.9879)
(2.828, -1.2729, 0.9242)
(3.1784, -0.6518, 0.7903)
(3.3947, 0.0295, 0.6616)
(3.5792, 0.7054, 0.5616)
(3.7501, 1.3402, 0.5071)
(1.6299, -2.1715, 0.4485)
(2.2946, -1.875, 0.4297)
(2.7964, -1.3861, 0.3435)
(3.0497, -0.7358, 0.2225)
(3.208, -0.0644, 0.1141)
(3.3365, 0.5739, 0.0225)
(3.4224, 1.0731, -0.0326)
(1.6458, -2.2633, -0.1462)
(2.2626, -1.9534, -0.17)
(2.674, -1.4301, -0.25)
(2.8715, -0.8001, -0.3434)
(3.0024, -0.1664, -0.4342)
(3.0971, 0.4376, -0.5258)
(3.1456, 0.9071, -0.5925)
(1.6841, -2.4029, -0.7349)
(2.2635, -2.0606, -0.7628)
(2.6303, -1.5157, -0.8402)
(2.7994, -0.9012, -0.9251)
(2.8565, -0.284, -1.0054)
(2.8711, 0.3071, -1.0913)
(2.8599, 0.7679, -1.1584)
(1.7332, -2.5608, -1.3204)
(2.2903, -2.189, -1.3529)
(2.6273, -1.6262, -1.4316)
(2.761, -1.0098, -1.5142)
(2.7222, -0.399, -1.5893)
(2.6415, 0.1842, -1.6689)
(2.5674, 0.6395, -1.7322)
(1.7694, -2.6924, -1.9119)
(2.2678, -2.2755, -1.9377)
(2.4549, -1.664, -1.9678)
(2.5348, -1.0361, -2.0222)
(2.5643, -0.4771, -2.1672)
(2.4059, 0.0749, -2.2576)
(2.2439, 0.5032, -2.3124)
(1.7829, -2.7683, -2.5112)
(2.2236, -2.2889, -2.5273)
(2.356, -1.6417, -2.4959)
(2.4021, -1.0031, -2.4993)
(2.3675, -0.4831, -2.7104)
(2.2714, 0.034, -2.905)
(2.1659, 0.3888, -2.9844)
(1.7746, -2.7879, -3.1116)
(2.147, -2.2399, -3.1143)
(2.3393, -1.5849, -3.0652)
(2.4359, -0.9573, -3.0519)
(2.2617, -0.4458, -3.2837)
(2.2763, 0.0329, -3.5611)
(2.3015, 0.4184, -3.6854)
(1.6944, -2.7197, -3.6846)
(1.8987, -2.104, -3.608)
(2.0587, -1.4449, -3.5297)
(2.2857, -0.863, -3.5689)
(2.3591, -0.3154, -3.7247)
(2.3935, 0.1984, -3.8094)
(2.6062, 0.5561, -3.8644)
(1.566, -2.6025, -4.2428)
(1.579, -2.0024, -4.0671)
(1.7576, -1.3895, -3.9872)
(2.0488, -0.8262, -4.0514)
(2.3522, -0.2212, -4.1042)
(2.4794, 0.366, -4.0311)
(2.8228, 0.6749, -4.0205)
(1.4573, -2.4671, -4.805)
(1.4727, -1.9156, -4.5839)
(1.8265, -1.4729, -4.4815)
(2.1707, -0.9275, -4.4834)
(2.4331, -0.3016, -4.5628)
(2.5452, 0.3176, -4.5823)
(2.7084, 0.7513, -4.6177)
(1.3694, -2.3147, -5.2739)
(1.5195, -1.7743, -5.0394)
(2.0377, -1.5111, -4.8956)
(2.463, -1.0358, -4.8453)
(2.6135, -0.3964, -4.9631)
(2.6324, 0.2477, -5.0553)
(2.6477, 0.7344, -5.1022)
(1.837, 0.847, 3.9714)
(2.2035, 1.0826, 3.8945)
(2.7905, 1.35, 3.7918)
(3.4221, 1.6273, 3.6736)
(4.0566, 1.9023, 3.5538)
(4.6976, 2.1816, 3.4446)
(5.3362, 2.4786, 3.2776)
(5.9793, 2.7231, 3.1437)
(6.5503, 2.9332, 3.011)
(6.6619, 3.5995, 3.2765)
(5.9397, 2.8212, 1.8904)
(6.0483, 3.1487, 1.669)
(6.092, 3.654, 1.6692)
(6.1953, 4.1011, 2.0938)
(6.3215, 4.2729, 2.6521)
(6.5509, 4.0015, 3.0682)
(-0.8793, 2.1774, -4.7011)
(-0.8494, 2.0617, -4.2309)
(-0.7693, 1.7067, -3.7965)
(-0.6889, 1.5067, -3.3479)
(-0.7711, 1.7896, -2.9965)
(-0.8746, 2.2239, -2.6845)
(-0.8205, 2.4843, -2.176)
(-0.8037, 2.5244, -1.6291)
(-0.8272, 2.433, -1.0623)
(-0.8204, 2.3564, -0.4644)
(-0.8172, 2.2983, 0.1371)
(-0.8116, 2.2234, 0.7371)
(-0.7931, 2.1407, 1.3384)
(-0.7619, 2.0617, 1.9411)
(-0.7153, 1.9329, 2.5267)
(-0.6589, 1.7651, 2.9776)
(-0.5398, 2.2273, -4.4952)
(-0.4839, 1.9146, -4.0706)
(-0.3932, 1.5797, -3.6621)
(-0.3978, 1.7271, -3.2203)
(-0.5616, 2.1651, -2.9692)
(-0.5713, 2.4917, -2.5201)
(-0.5228, 2.6222, -1.9516)
(-0.502, 2.555, -1.3638)
(-0.4892, 2.4559, -0.7679)
(-0.4855, 2.3707, -0.1698)
(-0.4897, 2.2569, 0.4213)
(-0.4883, 2.1355, 1.0119)
(-0.4585, 2.0578, 1.6119)
(-0.4112, 2.0076, 2.2132)
(-0.3599, 1.9189, 2.7692)
(-0.3073, 1.7908, 3.1632)
(-0.5408, 2.2298, -4.9089)
(0.1323, 2.2124, -4.8053)
(0.775, 2.1244, -4.5811)
(1.3967, 2.0407, -4.5791)
(1.9955, 1.958, -4.8874)
(2.4193, 1.6315, -5.1418)
(2.6072, 1.1201, -5.2483)
(6.5808, 3.2915, 3.2621)
(6.1602, 2.9969, 3.2013)
(5.5019, 2.7367, 3.2901)
(4.9039, 2.48, 3.4528)
(4.2857, 2.2159, 3.5923)
(3.6529, 1.9533, 3.6926)
(3.0247, 1.6812, 3.8116)
(2.3947, 1.4074, 3.9177)
(1.9051, 1.2597, 3.9951)
(2.631, 1.0318, -4.8394)
(2.4848, 1.5747, -4.7201)
(2.1, 2.0469, -4.5756)
(1.4895, 2.264, -4.4775)
(0.8174, 2.3235, -4.4749)
(0.1355, 2.3063, -4.5089)
(2.7489, 0.9627, -4.2815)
(2.5783, 1.4884, -4.1701)
(2.1301, 1.9018, -4.0772)
(1.4927, 2.0362, -4.116)
(0.8412, 2.0025, -4.2076)
(0.1803, 1.93, -4.1987)
(2.7347, 0.8606, -3.7999)
(2.4892, 1.3442, -3.6954)
(2.0076, 1.7242, -3.574)
(1.4134, 1.9154, -3.6063)
(0.8531, 1.8723, -3.7499)
(0.2665, 1.6844, -3.768)
(2.3459, 0.7131, -3.735)
(2.1021, 1.1361, -3.5501)
(1.709, 1.4543, -3.2725)
(1.2354, 1.6287, -3.1878)
(0.7337, 1.8556, -3.3772)
(0.199, 1.931, -3.3723)
(2.1835, 0.6176, -3.2636)
(1.9178, 1.0123, -3.098)
(1.5218, 1.3099, -2.8004)
(1.0834, 1.5283, -2.729)
(0.5717, 1.8636, -2.9387)
(0.0181, 2.1835, -3.027)
(2.1304, 0.606, -2.5746)
(1.8613, 1.0003, -2.4651)
(1.5076, 1.4271, -2.3027)
(1.1772, 1.829, -2.3514)
(0.6891, 2.1818, -2.5374)
(0.0746, 2.4582, -2.5682)
(2.3729, 0.7665, -2.0156)
(2.1066, 1.204, -1.9786)
(1.788, 1.707, -1.9741)
(1.4061, 2.1356, -2.0153)
(0.8168, 2.4044, -2.0271)
(0.1521, 2.5804, -1.9969)
(2.6414, 0.9122, -1.452)
(2.3738, 1.3708, -1.4625)
(1.9934, 1.8477, -1.4768)
(1.4896, 2.189, -1.4696)
(0.8579, 2.3971, -1.4353)
(0.1822, 2.5362, -1.3958)
(2.8973, 1.0416, -0.8871)
(2.5702, 1.4627, -0.9012)
(2.0898, 1.8427, -0.8978)
(1.5048, 2.0833, -0.8781)
(0.8609, 2.269, -0.8435)
(0.1913, 2.4284, -0.7982)
(3.1395, 1.1704, -0.3236)
(2.7141, 1.4903, -0.3296)
(2.1323, 1.7314, -0.3194)
(1.4948, 1.8846, -0.3093)
(0.8379, 2.0566, -0.2761)
(0.1823, 2.2658, -0.2157)
(3.3566, 1.3398, 0.2409)
(2.8122, 1.5101, 0.2402)
(2.1596, 1.6247, 0.2533)
(1.4896, 1.736, 0.2597)
(0.8163, 1.8715, 0.2889)
(0.1623, 2.0701, 0.3551)
(5.6631, 2.6761, 1.9458)
(5.3158, 2.4512, 1.7127)
(4.7724, 2.1334, 1.3437)
(4.1989, 1.7777, 0.9922)
(3.5595, 1.6596, 0.7663)
(2.8811, 1.7158, 0.7851)
(2.1989, 1.7626, 0.8195)
(1.516, 1.8571, 0.8323)
(0.8347, 1.9126, 0.8697)
(0.1614, 1.9658, 0.9383)
(5.8481, 2.8582, 1.8648)
(5.3763, 2.6473, 1.8633)
(4.8038, 2.4576, 1.5447)
(4.2256, 2.2612, 1.2526)
(3.5893, 2.1096, 1.2223)
(2.9095, 2.0528, 1.2876)
(2.2297, 2.0479, 1.3507)
(1.5448, 2.11, 1.3796)
(0.8637, 2.0992, 1.4399)
(0.1926, 2.0051, 1.5267)
(5.8593, 3.2705, 1.7436)
(5.405, 3.082, 1.8811)
(4.8124, 2.9549, 1.718)
(4.198, 2.7437, 1.6051)
(3.5752, 2.5523, 1.6706)
(2.9129, 2.434, 1.7646)
(2.247, 2.3659, 1.865)
(1.5682, 2.3445, 1.9346)
(0.8939, 2.2487, 2.029)
(0.2393, 2.0726, 2.1287)
(5.9336, 3.7496, 1.9583)
(5.4432, 3.5431, 2.0878)
(4.8407, 3.3744, 2.0869)
(4.1996, 3.1518, 2.0875)
(3.5694, 2.944, 2.1506)
(2.9236, 2.7778, 2.2578)
(2.2689, 2.6407, 2.3889)
(1.6052, 2.4939, 2.5164)
(0.9341, 2.2927, 2.6479)
(0.2834, 2.077, 2.7347)
(6.0475, 4.109, 2.4557)
(5.5434, 3.8542, 2.5725)
(4.9396, 3.6193, 2.6224)
(4.2959, 3.4051, 2.6365)
(3.6455, 3.1551, 2.689)
(3.0231, 2.9044, 2.8154)
(2.3783, 2.6969, 2.9555)
(1.7233, 2.4611, 3.0961)
(1.0623, 2.1774, 3.2426)
(0.3474, 1.9525, 3.2778)
(6.2462, 4.0785, 2.9604)
(5.7326, 3.8021, 3.0585)
(5.1331, 3.4987, 3.1341)
(4.5178, 3.2357, 3.1463)
(3.8576, 2.9807, 3.1865)
(3.2246, 2.7238, 3.3193)
(2.5879, 2.4675, 3.4389)
(1.9511, 2.1972, 3.5509)
(1.3908, 1.9433, 3.656)
(6.4721, 3.6585, 3.1939)
(5.9722, 3.367, 3.2327)
(5.3332, 3.0658, 3.3314)
(4.7122, 2.8077, 3.4017)
(4.0866, 2.5704, 3.4824)
(3.4609, 2.3243, 3.6151)
(2.8326, 2.0528, 3.7146)
(2.2076, 1.7792, 3.806)
(1.6877, 1.5689, 3.9046)
(1.3299, 1.6666, 3.8523)
(1.7959, 1.8664, 3.7524)
(2.3965, 2.1301, 3.6533)
(3.029, 2.4017, 3.5543)
(3.6602, 2.662, 3.434)
(4.2948, 2.9029, 3.3148)
(4.9368, 3.1564, 3.3076)
(5.5379, 3.4415, 3.2253)
(6.1443, 3.7587, 3.148)
(0.9234, 1.9404, 3.5384)
(1.5129, 2.2185, 3.4086)
(2.1503, 2.4916, 3.2822)
(2.7942, 2.7339, 3.1518)
(3.4295, 2.9775, 3.0176)
(4.0613, 3.2506, 2.9144)
(4.7314, 3.4903, 2.9171)
(5.3199, 3.7431, 2.8739)
(5.9118, 4.0263, 2.7954)
(-0.0082, 1.9424, 2.9928)
(0.639, 2.1259, 3.0097)
(1.3158, 2.3857, 2.8843)
(1.982, 2.6107, 2.743)
(2.6354, 2.7899, 2.6016)
(3.2785, 2.9745, 2.4696)
(3.9057, 3.2063, 2.3773)
(4.558, 3.4229, 2.3493)
(5.1875, 3.6333, 2.3303)
(5.7519, 3.835, 2.2617)
(-0.0596, 2.0091, 2.4748)
(0.5805, 2.1905, 2.3917)
(1.2446, 2.3711, 2.2779)
(1.9174, 2.4832, 2.1706)
(2.5841, 2.5609, 2.0679)
(3.2396, 2.6906, 1.9451)
(3.8867, 2.8441, 1.869)
(4.4973, 3.0802, 1.8269)
(5.1371, 3.2602, 1.9312)
(5.6664, 3.3969, 1.9036)
(-0.1102, 2.0026, 1.8711)
(0.545, 2.1189, 1.7774)
(1.2167, 2.2238, 1.6879)
(1.8985, 2.2235, 1.6291)
(2.579, 2.2064, 1.5784)
(3.2474, 2.2905, 1.4761)
(3.9096, 2.3993, 1.4235)
(4.5106, 2.6186, 1.4659)
(5.1071, 2.7635, 1.7889)
(5.65, 2.938, 1.8654)
(-0.156, 2.0074, 1.2716)
(0.5096, 1.9805, 1.1928)
(1.1899, 2.0058, 1.125)
(1.8732, 1.935, 1.0984)
(2.5585, 1.8742, 1.0713)
(3.2426, 1.8803, 1.012)
(3.9225, 1.9099, 1.0278)
(4.4988, 2.1569, 1.2626)
(5.0798, 2.3939, 1.6449)
(5.5837, 2.6518, 1.8999)
(-0.1673, 2.0993, 0.6822)
(0.4869, 1.9181, 0.6096)
(1.1604, 1.8182, 0.5579)
(1.84, 1.7116, 0.5438)
(2.5163, 1.6239, 0.5306)
(3.1715, 1.545, 0.5081)
(3.7593, 1.397, 0.5236)
(-0.154, 2.2645, 0.103)
(0.4954, 2.0502, 0.0339)
(1.1557, 1.858, -0.0155)
(1.82, 1.7234, -0.0304)
(2.4631, 1.5838, -0.0368)
(3.0355, 1.3727, -0.0461)
(3.4283, 1.1042, -0.0269)
(-0.1466, 2.4115, -0.4821)
(0.5213, 2.2662, -0.5316)
(1.1792, 2.0763, -0.5784)
(1.8151, 1.9019, -0.6006)
(2.3959, 1.661, -0.6129)
(2.8594, 1.2909, -0.6141)
(3.1558, 0.926, -0.594)
(-0.1533, 2.5188, -1.0785)
(0.5282, 2.4254, -1.1158)
(1.1889, 2.2532, -1.1558)
(1.7909, 2.0247, -1.1825)
(2.2807, 1.658, -1.1903)
(2.6433, 1.1895, -1.1761)
(2.8761, 0.7809, -1.1619)
(-0.172, 2.6088, -1.6782)
(0.5112, 2.5077, -1.7163)
(1.1671, 2.3191, -1.7522)
(1.7181, 2.0223, -1.7632)
(2.0758, 1.5494, -1.7333)
(2.4039, 1.0624, -1.7336)
(2.5888, 0.6379, -1.74)
(-0.2156, 2.5951, -2.273)
(0.4493, 2.4495, -2.3008)
(1.0515, 2.1744, -2.2667)
(1.4883, 1.8062, -2.1395)
(1.7749, 1.3181, -2.171)
(2.1286, 0.8773, -2.248)
(2.279, 0.4766, -2.317)
(-0.2804, 2.3951, -2.8175)
(0.3199, 2.1793, -2.7854)
(0.8686, 1.8187, -2.6549)
(1.2986, 1.4879, -2.4543)
(1.6638, 1.1719, -2.6733)
(2.0322, 0.7832, -2.8473)
(2.1864, 0.4087, -2.9892)
(-0.19, 2.0423, -3.1667)
(0.3713, 1.988, -3.2019)
(0.8857, 1.6595, -3.0749)
(1.3808, 1.435, -2.9262)
(1.7955, 1.2398, -3.2504)
(2.14, 0.8549, -3.4542)
(2.3004, 0.4695, -3.679)
(-0.0551, 1.6833, -3.4984)
(0.553, 1.843, -3.586)
(1.0643, 1.8446, -3.4873)
(1.6058, 1.6963, -3.3509)
(2.0962, 1.4453, -3.5341)
(2.4552, 1.0062, -3.686)
(2.6095, 0.578, -3.8508)
(-0.104, 1.7198, -3.9425)
(0.5522, 1.8094, -4.0069)
(1.1547, 1.973, -3.927)
(1.7829, 1.9161, -3.8094)
(2.3698, 1.6621, -3.8357)
(2.7111, 1.162, -3.9537)
(2.8317, 0.6933, -4.02)
(-0.1876, 2.1307, -4.3305)
(0.4891, 2.1728, -4.3783)
(1.1681, 2.1917, -4.3509)
(1.8266, 2.1095, -4.3242)
(2.3746, 1.8014, -4.3927)
(2.6317, 1.2513, -4.5216)
(2.7191, 0.7683, -4.6171)
(-0.2059, 2.2988, -4.6911)
(0.4667, 2.2957, -4.5999)
(1.1268, 2.2528, -4.5103)
(1.7632, 2.128, -4.6387)
(2.2885, 1.8594, -4.8557)
(2.5456, 1.3217, -5.0096)
(2.656, 0.852, -5.0957)
(1.6089, 1.3603, 4.0021)
(2.028, 1.4738, 3.9196)
(2.6198, 1.7216, 3.8228)
(3.2485, 1.9966, 3.727)
(3.8749, 2.2617, 3.6101)
(4.5002, 2.5041, 3.495)
(5.1121, 2.7575, 3.3863)
(5.7399, 3.0195, 3.271)
(6.356, 3.3185, 3.2171)
(2.2604, 0.3896, -3.3713)
(2.3415, 0.4983, -3.9931)
(2.6472, 0.7873, -4.9165)
(5.4867, 2.6084, 1.9026)
(5.0659, 2.281, 1.4588)
(3.9493, 1.5497, 0.7788)
(3.5601, 1.1875, 0.2518)
(4.4366, 1.957, 1.1754)
(2.7252, 0.7055, -1.4451)
(2.431, 0.5719, -2.0271)
(6.5217, 3.1254, 3.1617)
(2.8741, 0.6359, -3.7222)
(5.8375, 2.8603, 3.2402)
(5.212, 2.623, 3.3562)
(4.6161, 2.3376, 3.5633)
(3.9754, 2.0816, 3.6263)
(3.2906, 0.9898, -0.3113)
(3.3483, 1.8109, 3.7563)
(2.7167, 1.5367, 3.8611)
(2.0919, 0.408, -2.6023)
(2.0852, 1.2623, 3.969)
(2.7804, 0.7323, -4.3183)
(3.0108, 0.8433, -0.8752)
(-7.153, -2.0932, 3.0921)
(-5.8976, -1.0897, 1.7162)
(-6.0797, -1.1062, 1.5371)
(-6.3275, -1.4528, 1.4703)
(-6.6068, -1.8614, 1.8157)
(-6.872, -2.2142, 2.2334)
(-7.0952, -2.2951, 2.7253)
(0.8803, -2.8498, -5.1656)
(0.8834, -3.003, -4.6122)
(0.8896, -3.1339, -4.0209)
(0.8736, -3.2076, -3.4314)
(0.8311, -3.1266, -2.8389)
(0.7949, -2.9995, -2.2466)
(0.7557, -2.8641, -1.6554)
(0.7079, -2.7298, -1.0642)
(0.6584, -2.6218, -0.4692)
(0.6176, -2.5667, 0.1312)
(0.5726, -2.4871, 0.7134)
(0.4731, -2.2104, 1.225)
(0.3619, -1.8863, 1.728)
(0.2438, -1.5672, 2.2422)
(0.132, -1.2684, 2.7319)
(0.0543, -1.065, 3.0983)
(0.8874, -2.6979, -5.5869)
(0.4779, -2.2632, -5.3868)
(0.024, -1.887, -5.2287)
(-0.638, -1.7988, -5.2599)
(-1.3102, -1.7163, -5.3374)
(-1.9487, -1.4708, -5.3427)
(-2.4086, -1.1627, -5.2801)
(-6.9933, -1.8424, 3.2127)
(-6.529, -1.64, 3.2598)
(-5.8649, -1.443, 3.3195)
(-5.2536, -1.2644, 3.5368)
(-4.6341, -1.0954, 3.7457)
(-3.9719, -0.8822, 3.8187)
(-3.31, -0.6769, 3.9021)
(-2.6476, -0.4723, 3.9619)
(-2.1408, -0.3808, 3.997)
(-2.4217, -1.2273, -4.8634)
(-1.9715, -1.5729, -4.919)
(-1.3435, -1.8079, -4.9142)
(-0.6748, -1.8912, -4.8353)
(-0.0406, -2.0538, -4.8324)
(0.4202, -2.4623, -5.0031)
(-2.4311, -1.3688, -4.3056)
(-1.9889, -1.7172, -4.3655)
(-1.3469, -1.8908, -4.3604)
(-0.705, -1.9609, -4.2785)
(-0.1528, -2.2421, -4.3171)
(0.3343, -2.6907, -4.5011)
(-2.3714, -1.4539, -3.8454)
(-1.9409, -1.807, -3.8389)
(-1.2884, -2.0098, -3.7991)
(-0.6791, -2.1362, -3.7358)
(-0.1775, -2.4491, -3.779)
(0.3136, -2.8908, -3.9493)
(-2.0452, -1.2551, -3.8247)
(-1.6731, -1.6085, -3.493)
(-1.175, -1.96, -3.307)
(-0.6852, -2.3341, -3.2713)
(-0.2687, -2.7729, -3.3395)
(0.2316, -3.1258, -3.453)
(-1.8752, -1.2557, -3.369)
(-1.608, -1.6147, -3.0745)
(-1.3644, -2.0744, -2.9953)
(-1.0241, -2.5792, -3.0164)
(-0.4883, -2.9494, -2.9431)
(0.1479, -3.1257, -2.8944)
(-1.906, -1.2444, -2.6955)
(-1.8275, -1.7447, -2.6232)
(-1.6316, -2.311, -2.5757)
(-1.1821, -2.7269, -2.4998)
(-0.5693, -2.9448, -2.3908)
(0.1077, -3.0144, -2.3071)
(-2.1306, -1.322, -2.053)
(-1.9976, -1.8321, -2.018)
(-1.7366, -2.373, -1.9753)
(-1.2367, -2.7244, -1.889)
(-0.6099, -2.8799, -1.7925)
(0.0694, -2.9028, -1.7141)
(-2.3842, -1.3926, -1.45)
(-2.1406, -1.8582, -1.4038)
(-1.789, -2.3501, -1.3539)
(-1.2798, -2.6896, -1.2778)
(-0.6545, -2.8338, -1.1895)
(0.0243, -2.8154, -1.1164)
(-2.6339, -1.448, -0.8641)
(-2.2948, -1.8622, -0.8092)
(-1.8566, -2.3096, -0.7478)
(-1.3307, -2.6592, -0.6718)
(-0.7025, -2.8234, -0.5846)
(-0.0213, -2.774, -0.5138)
(-2.8887, -1.4964, -0.2897)
(-2.4783, -1.8789, -0.2325)
(-1.9699, -2.3024, -0.1599)
(-1.4137, -2.6821, -0.0734)
(-0.7659, -2.8772, 0.0211)
(-0.0675, -2.7894, 0.0919)
(-3.1713, -1.5434, 0.2713)
(-2.6916, -1.9365, 0.3222)
(-2.1367, -2.3714, 0.4057)
(-1.5313, -2.7536, 0.5175)
(-0.8411, -2.896, 0.6256)
(-0.1238, -2.7423, 0.6854)
(-5.7769, -1.3355, 1.7592)
(-5.3902, -1.488, 1.7868)
(-4.7602, -1.4696, 1.4879)
(-4.1615, -1.4019, 1.0233)
(-3.4784, -1.6266, 0.8057)
(-2.8658, -1.991, 0.8759)
(-2.2536, -2.3566, 0.9712)
(-1.6011, -2.6546, 1.0895)
(-0.9046, -2.6819, 1.1759)
(-0.209, -2.4643, 1.2077)
(-5.8051, -1.1528, 1.6973)
(-5.3797, -1.3893, 1.5568)
(-4.8564, -1.6439, 1.2735)
(-4.2523, -1.8281, 1.1528)
(-3.5976, -1.9224, 1.2566)
(-2.941, -2.0454, 1.406)
(-2.2797, -2.2167, 1.4931)
(-1.622, -2.3795, 1.5974)
(-0.9599, -2.3569, 1.6837)
(-0.2978, -2.1358, 1.7127)
(-6.003, -1.3875, 1.4381)
(-5.5618, -1.7186, 1.4061)
(-5.0125, -2.0717, 1.3655)
(-4.3799, -2.2687, 1.448)
(-3.716, -2.3221, 1.6288)
(-3.0508, -2.3405, 1.8229)
(-2.3823, -2.3306, 1.9867)
(-1.7163, -2.2527, 2.1253)
(-1.0577, -2.0681, 2.2033)
(-0.4072, -1.8152, 2.2265)
(-6.2758, -1.7936, 1.6417)
(-5.8011, -2.1093, 1.6832)
(-5.2009, -2.3701, 1.7682)
(-4.5512, -2.4385, 1.9289)
(-3.8872, -2.3925, 2.1365)
(-3.2215, -2.2955, 2.325)
(-2.5543, -2.1439, 2.4729)
(-1.8818, -1.9378, 2.5865)
(-1.197, -1.6974, 2.6812)
(-0.5238, -1.4786, 2.7278)
(-6.5352, -2.1432, 2.06)
(-6.0246, -2.3274, 2.1539)
(-5.4044, -2.3289, 2.2518)
(-4.7529, -2.2131, 2.4123)
(-4.0856, -2.1188, 2.6138)
(-3.4212, -1.9552, 2.7638)
(-2.7549, -1.7546, 2.879)
(-2.0745, -1.5422, 3.0019)
(-1.3764, -1.3321, 3.1553)
(-0.6245, -1.1879, 3.2011)
(-6.7774, -2.3257, 2.5443)
(-6.2539, -2.2608, 2.6322)
(-5.6337, -2.0781, 2.7156)
(-4.9752, -1.9293, 2.896)
(-4.2976, -1.7799, 3.0682)
(-3.634, -1.5744, 3.1812)
(-2.9685, -1.3784, 3.2962)
(-2.2985, -1.2028, 3.4311)
(-1.7039, -1.0513, 3.5581)
(-6.9497, -2.1586, 3.0044)
(-6.4311, -2.0094, 3.0674)
(-5.8074, -1.7956, 3.1323)
(-5.1617, -1.5969, 3.3016)
(-4.4947, -1.4055, 3.4596)
(-3.8314, -1.1999, 3.5624)
(-3.1685, -1.0115, 3.6773)
(-2.5098, -0.8333, 3.7867)
(-1.9627, -0.6981, 3.8731)
(-1.6133, -0.8202, 3.7803)
(-2.1064, -0.9443, 3.6864)
(-2.7408, -1.1051, 3.5657)
(-3.4064, -1.2846, 3.4407)
(-4.0699, -1.4858, 3.3308)
(-4.7377, -1.6873, 3.2091)
(-5.4139, -1.8471, 3.0219)
(-6.0455, -2.0476, 2.8932)
(-6.6371, -2.2362, 2.8472)
(-1.2229, -1.106, 3.4416)
(-1.8519, -1.2799, 3.2905)
(-2.5241, -1.4654, 3.1471)
(-3.1945, -1.6633, 3.028)
(-3.859, -1.8633, 2.9133)
(-4.5254, -2.0241, 2.7587)
(-5.1976, -2.129, 2.5579)
(-5.8331, -2.2942, 2.4336)
(-6.4221, -2.3128, 2.3501)
(-0.2421, -1.2552, 2.9434)
(-0.9177, -1.4029, 2.9672)
(-1.6277, -1.6206, 2.8552)
(-2.3159, -1.8494, 2.7374)
(-2.9858, -2.0549, 2.6217)
(-3.6518, -2.2189, 2.4739)
(-4.3164, -2.3246, 2.2794)
(-4.9772, -2.3765, 2.0783)
(-5.6128, -2.3557, 1.9588)
(-6.1828, -2.1108, 1.8709)
(-0.1415, -1.5279, 2.4907)
(-0.7927, -1.7643, 2.4675)
(-1.4586, -2.0143, 2.4134)
(-2.1284, -2.2115, 2.3062)
(-2.7968, -2.337, 2.1577)
(-3.4637, -2.3957, 1.9738)
(-4.1289, -2.4167, 1.772)
(-4.788, -2.3589, 1.5978)
(-5.4052, -2.1094, 1.5088)
(-5.9274, -1.7424, 1.4926)
(-0.024, -1.8515, 1.9771)
(-0.6756, -2.1012, 1.9595)
(-1.3297, -2.2926, 1.9155)
(-1.9865, -2.2992, 1.7996)
(-2.6523, -2.2352, 1.681)
(-3.32, -2.1596, 1.534)
(-3.9798, -2.1089, 1.3404)
(-4.6304, -1.9744, 1.2473)
(-5.2009, -1.6836, 1.3466)
(-5.6805, -1.3587, 1.5269)
(0.0826, -2.1735, 1.4681)
(-0.5892, -2.4177, 1.4476)
(-1.2717, -2.5613, 1.398)
(-1.9422, -2.4013, 1.2871)
(-2.589, -2.1302, 1.1963)
(-3.2287, -1.8648, 1.1042)
(-3.8805, -1.6555, 1.0235)
(-4.5141, -1.5777, 1.1949)
(-5.0836, -1.4683, 1.53)
(-5.6105, -1.3128, 1.7555)
(0.1827, -2.4959, 0.9656)
(-0.5167, -2.7382, 0.9358)
(-1.2315, -2.8241, 0.8678)
(-1.902, -2.5796, 0.7479)
(-2.5024, -2.1818, 0.6408)
(-3.0697, -1.7664, 0.5642)
(-3.5999, -1.3753, 0.532)
(0.2549, -2.6682, 0.4145)
(-0.4456, -2.8784, 0.3666)
(-1.1508, -2.8564, 0.2773)
(-1.7711, -2.5387, 0.1693)
(-2.3216, -2.1196, 0.0835)
(-2.8229, -1.6993, 0.0155)
(-3.1998, -1.3551, -0.0244)
(0.297, -2.6875, -0.1874)
(-0.3878, -2.8386, -0.243)
(-1.0626, -2.7854, -0.3268)
(-1.6455, -2.4899, -0.4134)
(-2.1504, -2.0867, -0.4849)
(-2.588, -1.6561, -0.5487)
(-2.9111, -1.3065, -0.5998)
(0.3423, -2.7325, -0.7892)
(-0.3392, -2.8215, -0.8478)
(-1.0023, -2.7744, -0.9303)
(-1.5758, -2.5199, -1.0145)
(-2.0321, -2.1066, -1.0785)
(-2.3723, -1.6233, -1.1298)
(-2.6353, -1.2421, -1.182)
(0.39, -2.8301, -1.386)
(-0.2942, -2.8656, -1.4507)
(-0.9567, -2.8046, -1.5365)
(-1.5298, -2.5606, -1.6263)
(-1.9447, -2.1257, -1.6891)
(-2.1628, -1.5832, -1.7243)
(-2.3571, -1.1677, -1.7757)
(0.433, -2.9526, -1.9786)
(-0.2518, -2.9445, -2.0488)
(-0.9127, -2.8488, -2.1414)
(-1.4798, -2.5761, -2.2468)
(-1.853, -2.1002, -2.3174)
(-1.9584, -1.5072, -2.3479)
(-2.0599, -1.0805, -2.3909)
(0.4683, -3.0837, -2.5687)
(-0.2151, -3.0348, -2.6402)
(-0.8554, -2.8454, -2.7341)
(-1.355, -2.4532, -2.8224)
(-1.6178, -1.934, -2.8076)
(-1.7841, -1.447, -2.9486)
(-1.9455, -1.0699, -3.1254)
(0.5154, -3.1999, -3.1564)
(-0.1185, -3.0478, -3.1859)
(-0.6159, -2.6869, -3.1251)
(-1.0504, -2.2186, -3.1674)
(-1.4128, -1.7728, -3.1582)
(-1.7749, -1.4031, -3.4813)
(-2.0722, -1.0765, -3.8122)
(0.5679, -3.1518, -3.7211)
(0.0252, -2.8275, -3.6441)
(-0.4209, -2.4027, -3.47)
(-0.9091, -2.0965, -3.5154)
(-1.5283, -1.8731, -3.5668)
(-2.0461, -1.536, -3.7645)
(-2.3572, -1.187, -3.8761)
(0.5851, -2.9748, -4.2846)
(0.0804, -2.556, -4.1345)
(-0.4324, -2.1529, -3.9867)
(-0.9975, -1.9844, -4.049)
(-1.6757, -1.9162, -4.0846)
(-2.2454, -1.6222, -4.0651)
(-2.5731, -1.2642, -3.9697)
(0.602, -2.7924, -4.8523)
(0.1545, -2.3465, -4.6684)
(-0.3884, -2.0036, -4.5481)
(-1.0147, -1.8757, -4.6105)
(-1.6791, -1.775, -4.664)
(-2.2329, -1.4654, -4.6271)
(-2.5852, -1.1205, -4.564)
(0.6385, -2.6009, -5.3159)
(0.2651, -2.126, -5.0997)
(-0.3214, -1.8831, -5.0322)
(-0.9936, -1.8247, -5.1047)
(-1.6552, -1.6626, -5.1528)
(-2.2208, -1.3532, -5.1178)
(-2.5724, -1.0256, -5.0493)
(-1.8579, -0.5126, 3.9772)
(-2.2914, -0.5746, 3.9241)
(-2.9136, -0.7454, 3.8503)
(-3.5758, -0.9371, 3.7538)
(-4.2382, -1.1373, 3.6539)
(-4.8971, -1.3428, 3.546)
(-5.5308, -1.5185, 3.3196)
(-6.1651, -1.7372, 3.2098)
(-6.7706, -1.9206, 3.1658)
(-7.2914, -1.3046, 3.1991)
(-5.7495, -1.66, 1.4659)
(-5.9491, -1.3536, 1.404)
(-6.504, -1.0766, 1.479)
(-7.0307, -0.9845, 1.816)
(-7.3863, -0.9458, 2.3714)
(-7.4757, -1.046, 2.929)
(-1.1976, 2.0482, -4.4577)
(-1.1464, 1.8713, -3.9441)
(-1.053, 1.5194, -3.5125)
(-1.0014, 1.4679, -3.0466)
(-1.1149, 1.8539, -2.7552)
(-1.0654, 2.187, -2.3231)
(-0.9672, 2.3287, -1.8194)
(-1.0999, 2.3334, -1.3411)
(-1.1409, 2.2668, -0.7703)
(-1.1336, 2.2115, -0.1678)
(-1.1254, 2.1651, 0.4368)
(-1.1115, 2.1078, 1.0412)
(-1.0935, 2.0432, 1.6455)
(-1.0678, 1.9488, 2.2432)
(-1.0103, 1.7539, 2.7794)
(-0.9493, 1.566, 3.1534)
(-1.2059, 2.0595, -4.903)
(-1.818, 1.7425, -4.8739)
(-2.3851, 1.3469, -4.8522)
(-2.8886, 0.8812, -4.848)
(-3.2006, 0.2944, -4.8899)
(-3.1323, -0.3212, -5.0159)
(-2.8499, -0.7824, -5.1551)
(-7.0199, -1.5518, 3.2232)
(-6.509, -1.6376, 3.24)
(-5.8217, -1.4586, 3.284)
(-5.2389, -1.2506, 3.5294)
(-4.6411, -1.0747, 3.7592)
(-3.9847, -0.8684, 3.8283)
(-3.3258, -0.662, 3.9078)
(-2.6636, -0.4566, 3.9648)
(-2.1938, -0.2464, 4.0113)
(-2.7435, -0.8575, -4.7549)
(-3.0265, -0.3868, -4.5952)
(-3.1166, 0.2334, -4.4625)
(-2.8368, 0.832, -4.4135)
(-2.36, 1.3255, -4.4143)
(-1.8114, 1.742, -4.4343)
(-2.6975, -0.9808, -4.1954)
(-2.9084, -0.478, -4.0462)
(-2.9569, 0.1525, -3.9424)
(-2.7146, 0.748, -3.8838)
(-2.308, 1.2731, -3.8481)
(-1.7831, 1.6768, -3.879)
(-2.5958, -1.0397, -3.7359)
(-2.6906, -0.5011, -3.617)
(-2.5664, 0.1044, -3.607)
(-2.3858, 0.618, -3.4848)
(-2.1809, 1.1349, -3.2899)
(-1.7026, 1.458, -3.3532)
(-2.2485, -0.8789, -3.7601)
(-2.2989, -0.3826, -3.5908)
(-2.1061, 0.1593, -3.4562)
(-1.9715, 0.5284, -3.1832)
(-1.9265, 0.9429, -2.8627)
(-1.5811, 1.2862, -2.8626)
(-2.0556, -0.8586, -3.3092)
(-2.0733, -0.3708, -3.1447)
(-1.9003, 0.1451, -2.9731)
(-1.6952, 0.6111, -2.8544)
(-1.5587, 1.0301, -2.6131)
(-1.4317, 1.4433, -2.5128)
(-2.0127, -0.8749, -2.653)
(-1.994, -0.3751, -2.5385)
(-1.8275, 0.1583, -2.4383)
(-1.6214, 0.695, -2.3775)
(-1.3268, 1.1767, -2.2855)
(-1.1746, 1.6592, -2.1892)
(-2.276, -0.9287, -2.0679)
(-2.2927, -0.4078, -2.0286)
(-2.1182, 0.154, -1.9599)
(-1.7698, 0.6383, -1.8667)
(-1.3941, 1.1426, -1.787)
(-1.1466, 1.7381, -1.732)
(-2.5455, -0.9848, -1.4839)
(-2.5368, -0.4587, -1.4703)
(-2.3213, 0.0913, -1.4127)
(-1.9833, 0.605, -1.3362)
(-1.7098, 1.1941, -1.3112)
(-1.4768, 1.8289, -1.3238)
(-2.7936, -1.0415, -0.8997)
(-2.7376, -0.5105, -0.8961)
(-2.5461, 0.0792, -0.8718)
(-2.2807, 0.6574, -0.8407)
(-2.0042, 1.2652, -0.8145)
(-1.6562, 1.8466, -0.7919)
(-3.0393, -1.0909, -0.3196)
(-2.9058, -0.5619, -0.3196)
(-2.6687, 0.0373, -0.2993)
(-2.3806, 0.6299, -0.2717)
(-2.0559, 1.2282, -0.2346)
(-1.6625, 1.7919, -0.1959)
(-3.3111, -1.1041, 0.2529)
(-3.0381, -0.5943, 0.2571)
(-2.6792, -0.0363, 0.2862)
(-2.3169, 0.5365, 0.3147)
(-1.973, 1.1333, 0.357)
(-1.6188, 1.7233, 0.4045)
(-5.8047, -1.6498, 1.7168)
(-5.4642, -1.5138, 1.8786)
(-4.8097, -1.4571, 1.5402)
(-4.2068, -1.3678, 1.028)
(-3.6753, -1.0047, 0.7832)
(-3.2201, -0.5084, 0.8124)
(-2.7603, -0.0116, 0.8691)
(-2.3257, 0.5215, 0.9022)
(-1.926, 1.0769, 0.9495)
(-1.5797, 1.664, 1.006)
(-5.79, -1.5034, 1.6508)
(-5.591, -1.3879, 1.8594)
(-5.1087, -1.229, 1.6322)
(-4.5608, -1.0169, 1.3032)
(-4.0134, -0.6802, 1.2209)
(-3.4643, -0.3006, 1.3271)
(-2.9701, 0.1547, 1.4054)
(-2.5132, 0.6671, 1.4443)
(-2.0251, 1.1397, 1.5203)
(-1.5912, 1.6429, 1.604)
(-6.2306, -1.2497, 1.6392)
(-5.9898, -1.1609, 1.8783)
(-5.4268, -0.8953, 1.8089)
(-4.8747, -0.608, 1.6316)
(-4.3253, -0.3329, 1.6405)
(-3.7449, -0.0469, 1.8116)
(-3.2332, 0.3815, 1.9043)
(-2.7459, 0.8566, 1.9679)
(-2.2056, 1.2713, 2.071)
(-1.6584, 1.6569, 2.1829)
(-6.7509, -0.9955, 1.8095)
(-6.3884, -0.86, 2.0641)
(-5.8039, -0.627, 2.1134)
(-5.2402, -0.363, 2.0754)
(-4.6256, -0.1014, 2.1316)
(-4.0281, 0.1826, 2.2925)
(-3.47, 0.5615, 2.4151)
(-2.8964, 0.9342, 2.5352)
(-2.2657, 1.245, 2.6693)
(-1.6347, 1.5167, 2.7555)
(-7.1541, -0.8726, 2.2312)
(-6.7781, -0.7223, 2.4544)
(-6.1659, -0.5594, 2.5578)
(-5.5038, -0.3301, 2.6093)
(-4.8326, -0.0801, 2.7021)
(-4.2052, 0.2075, 2.8414)
(-3.586, 0.5074, 2.9716)
(-2.9357, 0.7756, 3.1007)
(-2.2464, 1.0, 3.2359)
(-1.5534, 1.2776, 3.256)
(-7.3106, -0.9181, 2.7697)
(-6.8494, -0.8356, 2.949)
(-6.2159, -0.7021, 3.0588)
(-5.5314, -0.5055, 3.1722)
(-4.8562, -0.2839, 3.2783)
(-4.2044, -0.0496, 3.3567)
(-3.5538, 0.1857, 3.4519)
(-2.895, 0.4085, 3.5513)
(-2.3051, 0.5934, 3.6478)
(-7.2045, -1.2259, 3.1513)
(-6.6796, -1.2299, 3.2159)
(-5.9928, -1.1028, 3.2907)
(-5.3582, -0.8984, 3.4932)
(-4.7573, -0.6769, 3.663)
(-4.0977, -0.4758, 3.6986)
(-3.4371, -0.2715, 3.7572)
(-2.7832, -0.0635, 3.8282)
(-2.2501, 0.1252, 3.9097)
(-2.0582, 0.4319, 3.8431)
(-2.5434, 0.27, 3.7564)
(-3.1698, 0.0659, 3.6683)
(-3.8281, -0.1489, 3.5909)
(-4.4859, -0.3631, 3.5287)
(-5.1377, -0.5773, 3.4631)
(-5.7747, -0.7985, 3.2772)
(-6.4579, -0.9603, 3.1694)
(-7.0552, -1.046, 3.0621)
(-1.9652, 0.898, 3.5197)
(-2.5968, 0.7196, 3.4038)
(-3.2589, 0.498, 3.2868)
(-3.907, 0.2459, 3.1719)
(-4.5432, -0.0237, 3.0544)
(-5.201, -0.2744, 2.95)
(-5.9013, -0.4939, 2.8611)
(-6.5583, -0.6818, 2.7767)
(-7.1034, -0.7942, 2.6184)
(-1.293, 1.5349, 2.9926)
(-1.9117, 1.2711, 3.0123)
(-2.5975, 1.0222, 2.8949)
(-3.2444, 0.7341, 2.7575)
(-3.8417, 0.3987, 2.6294)
(-4.4378, 0.073, 2.4874)
(-5.0689, -0.1901, 2.3508)
(-5.7116, -0.4511, 2.3295)
(-6.2996, -0.672, 2.2884)
(-6.8482, -0.8438, 2.14)
(-1.3575, 1.7461, 2.5105)
(-1.9538, 1.4506, 2.4263)
(-2.5502, 1.1101, 2.305)
(-3.1051, 0.7117, 2.1959)
(-3.6185, 0.2726, 2.1081)
(-4.1812, -0.0742, 1.9658)
(-4.7757, -0.3137, 1.8207)
(-5.3306, -0.6073, 1.897)
(-5.8963, -0.8708, 1.9643)
(-6.4114, -1.0992, 1.8607)
(-1.3777, 1.8647, 1.9296)
(-1.8642, 1.4284, 1.8456)
(-2.3818, 0.9959, 1.7431)
(-2.8716, 0.5203, 1.676)
(-3.3375, 0.0263, 1.6282)
(-3.8832, -0.3478, 1.4986)
(-4.4499, -0.6499, 1.3993)
(-4.9817, -0.9534, 1.5703)
(-5.5368, -1.1747, 1.8176)
(-5.9263, -1.3733, 1.799)
(-1.3719, 1.9006, 1.3306)
(-1.7552, 1.3607, 1.2758)
(-2.1769, 0.8356, 1.2051)
(-2.6282, 0.3185, 1.1604)
(-3.0858, -0.1901, 1.1176)
(-3.594, -0.6327, 1.0312)
(-4.112, -1.0635, 1.0468)
(-4.6753, -1.2892, 1.3492)
(-5.236, -1.4072, 1.7783)
(-5.6887, -1.5176, 1.8328)
(-1.3876, 1.9504, 0.726)
(-1.7686, 1.3956, 0.6797)
(-2.1109, 0.7976, 0.6305)
(-2.4999, 0.2314, 0.5954)
(-2.9109, -0.3092, 0.5627)
(-3.3169, -0.8239, 0.5229)
(-3.643, -1.3367, 0.5457)
(-1.4086, 2.0017, 0.1222)
(-1.8416, 1.4775, 0.0837)
(-2.1885, 0.8817, 0.04)
(-2.5183, 0.2884, 0.0053)
(-2.8295, -0.2949, -0.0189)
(-3.0878, -0.8615, -0.036)
(-3.221, -1.3304, -0.0193)
(-1.4252, 2.057, -0.4812)
(-1.881, 1.5532, -0.5133)
(-2.2154, 0.9577, -0.5485)
(-2.499, 0.3609, -0.5777)
(-2.7387, -0.2328, -0.5998)
(-2.8879, -0.8208, -0.6124)
(-2.9263, -1.2928, -0.6019)
(-1.3988, 2.1083, -1.0722)
(-1.7491, 1.5511, -1.0734)
(-2.004, 0.9274, -1.0763)
(-2.2828, 0.3496, -1.1141)
(-2.5614, -0.1925, -1.1675)
(-2.6711, -0.7676, -1.1899)
(-2.6525, -1.235, -1.1894)
(-1.1774, 2.0867, -1.5447)
(-1.4085, 1.4651, -1.5329)
(-1.6866, 0.8666, -1.5653)
(-2.0545, 0.3672, -1.6427)
(-2.3638, -0.1424, -1.733)
(-2.4405, -0.7146, -1.7688)
(-2.3773, -1.1743, -1.7855)
(-1.0806, 2.0046, -1.98)
(-1.1675, 1.4208, -1.9995)
(-1.5144, 0.9278, -2.0889)
(-1.8202, 0.4205, -2.1597)
(-2.0596, -0.1024, -2.2433)
(-2.1362, -0.6618, -2.3139)
(-2.0898, -1.1112, -2.3964)
(-1.2645, 1.8218, -2.4402)
(-1.3204, 1.3192, -2.3706)
(-1.5329, 0.9199, -2.5849)
(-1.7182, 0.3968, -2.6469)
(-1.9312, -0.1015, -2.7657)
(-2.0181, -0.6374, -2.9045)
(-1.9657, -1.067, -3.0618)
(-1.3139, 1.4826, -2.7841)
(-1.6628, 1.1621, -2.6331)
(-1.7827, 0.7419, -2.8898)
(-1.8675, 0.3692, -3.1503)
(-2.0991, -0.089, -3.3385)
(-2.175, -0.6315, -3.507)
(-2.0554, -1.043, -3.6924)
(-1.3284, 1.379, -3.1832)
(-1.9058, 1.2423, -3.0409)
(-2.1519, 0.7637, -3.1502)
(-2.2106, 0.3635, -3.4891)
(-2.436, -0.1441, -3.5595)
(-2.4871, -0.7274, -3.6742)
(-2.3452, -1.1722, -3.8159)
(-1.4333, 1.6541, -3.666)
(-2.0309, 1.4423, -3.5719)
(-2.4341, 0.9535, -3.5896)
(-2.6905, 0.4115, -3.7292)
(-2.842, -0.1958, -3.7361)
(-2.7572, -0.795, -3.85)
(-2.5842, -1.2491, -3.9602)
(-1.4988, 1.88, -4.1768)
(-2.0833, 1.5318, -4.1516)
(-2.5774, 1.0583, -4.1385)
(-2.9654, 0.5103, -4.1676)
(-3.0594, -0.1289, -4.2532)
(-2.8417, -0.6977, -4.4157)
(-2.5968, -1.1062, -4.554)
(-1.5179, 1.9193, -4.6771)
(-2.1006, 1.5488, -4.6565)
(-2.6317, 1.1096, -4.6394)
(-3.0502, 0.5781, -4.6588)
(-3.1733, -0.0532, -4.7404)
(-2.9333, -0.6087, -4.9017)
(-2.6574, -0.9922, -5.0267)
(-2.0424, 0.0245, 4.0078)
(-2.4356, -0.1689, 3.9394)
(-3.0493, -0.3727, 3.8752)
(-3.7098, -0.5775, 3.8123)
(-4.3704, -0.7785, 3.7545)
(-5.0084, -0.9809, 3.6735)
(-5.5747, -1.1868, 3.3857)
(-6.2429, -1.3799, 3.2683)
(-6.8923, -1.4466, 3.229)
(-1.9886, -1.0816, -3.4811)
(-2.139, -1.0379, -4.0236)
(-2.588, -1.0347, -4.8565)
(-5.7738, -1.4905, 1.8774)
(-5.0806, -1.5114, 1.788)
(-3.879, -1.3544, 0.8112)
(-3.3639, -1.3576, 0.2665)
(-4.4893, -1.4153, 1.2401)
(-2.5074, -1.2057, -1.48)
(-2.227, -1.1363, -2.0812)
(-6.8768, -1.6989, 3.2341)
(-2.5634, -1.3212, -3.6684)
(-6.1613, -1.5787, 3.2657)
(-5.5254, -1.3229, 3.3378)
(-4.967, -1.1921, 3.7283)
(-4.3081, -0.9779, 3.7766)
(-3.0569, -1.3279, -0.3102)
(-3.6486, -0.7727, 3.8704)
(-2.9872, -0.5662, 3.9395)
(-1.9227, -1.0553, -2.7061)
(-2.324, -0.3628, 3.9872)
(-2.594, -1.1921, -4.2615)
(-2.7805, -1.2715, -0.8915)
(1.2845, -2.6118, -5.3642)
(1.4162, -2.0115, -5.1547)
(1.7513, -1.6363, -4.9554)
(2.2847, -1.3077, -4.8517)
(2.5663, -0.7265, -4.8935)
(2.6288, -0.0616, -5.0175)
(1.3588, -2.7451, -4.8793)
(1.4549, -2.178, -4.6931)
(2.6392, 0.5076, -5.0826)
(1.6182, -1.6931, -4.5153)
(2.0108, -1.2159, -4.4697)
(2.3189, -0.6214, -4.5233)
(2.4962, 0.0234, -4.5778)
(2.6185, 0.5518, -4.5954)
(1.4285, -2.8666, -4.2973)
(1.585, -2.3088, -4.1563)
(1.6415, -1.6914, -4.0072)
(1.8937, -1.1062, -4.0082)
(2.2184, -0.5322, -4.0926)
(2.4151, 0.0957, -4.0709)
(2.6214, 0.5472, -4.0207)
(1.4824, -2.9576, -3.7078)
(1.8217, -2.4279, -3.6508)
(1.9689, -1.7695, -3.5618)
(2.1777, -1.1449, -3.5295)
(2.3424, -0.5886, -3.645)
(2.3629, -0.0446, -3.7769)
(2.4812, 0.3919, -3.8371)
(1.5003, -2.9761, -3.1135)
(1.9902, -2.5369, -3.1159)
(2.2541, -1.9171, -3.0959)
(2.4178, -1.2587, -3.037)
(2.3545, -0.6924, -3.1424)
(2.2469, -0.1995, -3.4366)
(2.2964, 0.2359, -3.6331)
(1.4803, -2.9163, -2.5121)
(2.0402, -2.557, -2.5209)
(2.316, -1.9764, -2.5174)
(2.3854, -1.3091, -2.4775)
(2.3957, -0.7373, -2.5885)
(2.3228, -0.2152, -2.8216)
(2.2206, 0.2298, -2.9547)
(1.4522, -2.8138, -1.915)
(2.0524, -2.5135, -1.9216)
(2.3914, -1.9841, -1.9535)
(2.4975, -1.3423, -1.9848)
(2.5678, -0.7534, -2.0917)
(2.4989, -0.1928, -2.221)
(2.3229, 0.302, -2.2874)
(1.4096, -2.6717, -1.3246)
(2.0335, -2.4017, -1.3296)
(2.4869, -1.9237, -1.389)
(2.7189, -1.3186, -1.4741)
(2.7555, -0.7041, -1.5516)
(2.682, -0.0959, -1.6298)
(2.6033, 0.424, -1.7024)
(1.3572, -2.513, -0.7385)
(1.9933, -2.2568, -0.7421)
(2.4756, -1.8069, -0.7976)
(2.7346, -1.2105, -0.8834)
(2.8366, -0.5928, -0.9647)
(2.8676, 0.0231, -1.0492)
(2.8674, 0.55, -1.127)
(1.3119, -2.3791, -0.1485)
(1.9704, -2.1295, -0.1516)
(2.4991, -1.7153, -0.205)
(2.7904, -1.1197, -0.297)
(2.9407, -0.4826, -0.3885)
(3.0556, 0.1476, -0.4817)
(3.1251, 0.6854, -0.5618)
(1.2861, -2.2973, 0.4461)
(1.9722, -2.0388, 0.4456)
(2.5757, -1.6572, 0.3944)
(2.9465, -1.0716, 0.2836)
(3.1335, -0.3995, 0.1663)
(3.2768, 0.2672, 0.0647)
(3.3837, 0.8377, -0.0086)
(1.2154, -2.1115, 0.989)
(1.9053, -1.8476, 0.9948)
(2.5589, -1.509, 0.966)
(3.0298, -0.98, 0.8616)
(3.2951, -0.313, 0.7229)
(3.4886, 0.3719, 0.6066)
(3.6665, 1.0247, 0.5296)
(1.0892, -1.7945, 1.4851)
(1.7598, -1.5337, 1.49)
(2.409, -1.2209, 1.4719)
(2.9456, -0.7623, 1.3988)
(3.3427, -0.1794, 1.2823)
(3.6741, 0.4378, 1.1496)
(3.9894, 1.078, 1.0255)
(4.3652, 1.6639, 1.0446)
(0.9612, -1.4786, 1.9927)
(1.6114, -1.2169, 1.9842)
(2.2187, -0.885, 1.933)
(2.7362, -0.4364, 1.8356)
(4.7432, 2.138, 1.2671)
(3.1918, 0.0817, 1.7207)
(3.6249, 0.6199, 1.5935)
(5.1102, 2.5471, 1.6145)
(4.0392, 1.1711, 1.4561)
(5.4586, 2.8804, 1.8071)
(4.4543, 1.7159, 1.342)
(0.8383, -1.1661, 2.5083)
(1.4794, -0.9096, 2.5011)
(2.1041, -0.611, 2.4397)
(4.808, 2.1559, 1.2992)
(2.6717, -0.2313, 2.2996)
(3.176, 0.2134, 2.1289)
(5.1081, 2.5811, 1.3983)
(3.6564, 0.6878, 1.9688)
(4.1202, 1.1816, 1.8109)
(5.4031, 3.0164, 1.4914)
(0.7421, -0.9108, 2.9342)
(4.577, 1.6809, 1.6625)
(1.3651, -0.6097, 2.9866)
(5.0036, 2.1095, 1.5169)
(2.0252, -0.307, 2.9531)
(2.7014, -0.0173, 2.8034)
(3.3194, 0.3099, 2.628)
(5.3913, 2.5163, 1.3885)
(3.8866, 0.6804, 2.4428)
(5.6904, 2.9301, 1.2744)
(4.4105, 1.096, 2.2373)
(4.8846, 1.5685, 2.0344)
(5.284, 2.0999, 1.9191)
(2.0321, 0.106, 3.3814)
(2.6652, 0.3584, 3.257)
(3.3164, 0.64, 3.1152)
(5.7098, 2.5638, 1.7969)
(3.9404, 0.9442, 2.9578)
(6.1082, 2.866, 1.571)
(4.5328, 1.2851, 2.7723)
(5.0742, 1.7151, 2.5625)
(5.5781, 2.1702, 2.3868)
(2.0689, 0.5545, 3.7305)
(2.6052, 0.7892, 3.6314)
(3.238, 1.069, 3.5047)
(6.0685, 2.5636, 2.2242)
(3.8722, 1.3559, 3.3655)
(6.484, 2.8442, 2.014)
(4.5058, 1.6526, 3.22)
(5.1357, 2.0067, 3.0399)
(2.0004, 0.9625, 3.9352)
(2.4793, 1.2131, 3.8457)
(5.7541, 2.3428, 2.8597)
(3.1063, 1.4886, 3.734)
(3.7386, 1.7652, 3.6119)
(6.3233, 2.6102, 2.6906)
(4.3769, 2.0393, 3.5032)
(6.7631, 2.8502, 2.5031)
(5.0163, 2.3327, 3.363)
(5.6599, 2.6055, 3.2068)
(6.284, 2.8388, 3.0808)
(6.7504, 2.9784, 2.9275)
(6.5359, 3.4619, 3.2407)
(5.7737, 2.7453, 1.9153)
(5.8622, 3.0413, 1.7861)
(5.8863, 3.5128, 1.8026)
(5.9842, 3.9614, 2.1864)
(6.1357, 4.1539, 2.7299)
(6.3681, 3.8883, 3.1093)
(1.5502, 1.7603, 3.8024)
(2.0837, 1.9928, 3.7025)
(2.7129, 2.267, 3.6047)
(3.3449, 2.5342, 3.4985)
(3.9755, 2.7832, 3.3634)
(4.6197, 3.0269, 3.3086)
(5.2364, 3.2928, 3.2743)
(5.8545, 3.6036, 3.1842)
(1.2163, 2.0807, 3.4708)
(1.8267, 2.3572, 3.3461)
(2.4732, 2.6159, 3.2175)
(3.114, 2.8519, 3.085)
(3.7405, 3.1146, 2.9543)
(4.4008, 3.3734, 2.9113)
(5.0291, 3.6117, 2.9027)
(5.627, 3.8854, 2.8407)
(-0.3337, 1.8576, 2.9813)
(0.3141, 2.0284, 3.01)
(0.9782, 2.2543, 2.9557)
(1.6504, 2.5051, 2.8133)
(2.3099, 2.7037, 2.6722)
(2.9594, 2.877, 2.5329)
(3.5909, 3.0882, 2.4157)
(4.2306, 3.3166, 2.3578)
(4.8779, 3.53, 2.3422)
(5.4832, 3.7302, 2.3072)
(-0.3858, 1.9696, 2.5067)
(0.26, 2.0885, 2.4371)
(0.9096, 2.288, 2.3367)
(1.5811, 2.4357, 2.2221)
(2.2523, 2.5193, 2.1218)
(2.9122, 2.6213, 2.0042)
(3.5676, 2.7593, 1.9038)
(4.1907, 2.9587, 1.8331)
(4.8208, 3.1822, 1.8742)
(5.4191, 3.3215, 1.9463)
(-0.436, 2.0337, 1.913)
(0.216, 2.0417, 1.8249)
(0.8789, 2.1844, 1.7303)
(1.5569, 2.234, 1.6542)
(2.2401, 2.2062, 1.6088)
(2.9133, 2.2414, 1.5275)
(3.5836, 2.3346, 1.4442)
(4.2148, 2.5065, 1.4126)
(4.8092, 2.6977, 1.6209)
(5.3938, 2.8435, 1.8727)
(-0.4768, 2.0904, 1.311)
(0.1735, 1.9732, 1.2318)
(0.849, 2.0004, 1.1551)
(1.5313, 1.9788, 1.1078)
(2.2161, 1.896, 1.089)
(2.8999, 1.8744, 1.0412)
(3.588, 1.88, 1.0011)
(4.2178, 2.0201, 1.1175)
(4.7903, 2.2764, 1.4513)
(5.3473, 2.5257, 1.8033)
(-0.4914, 2.1934, 0.7158)
(0.1581, 1.9997, 0.6452)
(0.8217, 1.8632, 0.5792)
(1.5003, 1.766, 0.5478)
(2.1786, 1.6638, 0.5393)
(2.8509, 1.5889, 0.5174)
(3.4702, 1.4797, 0.511)
(-0.4871, 2.3176, 0.1265)
(0.1719, 2.1652, 0.0694)
(0.8236, 1.9458, 0.0046)
(1.489, 1.7864, -0.0261)
(2.1453, 1.6595, -0.0329)
(2.7676, 1.4876, -0.0433)
(3.2488, 1.2435, -0.0396)
(-0.4861, 2.4143, -0.4684)
(0.1891, 2.3546, -0.5047)
(0.8517, 2.1697, -0.5575)
(1.5016, 1.9902, -0.5919)
(2.1153, 1.7974, -0.6075)
(2.6484, 1.4844, -0.6159)
(3.0215, 1.1053, -0.606)
(-0.4951, 2.503, -1.0666)
(0.1888, 2.4881, -1.0956)
(0.8629, 2.3449, -1.1366)
(1.501, 2.1509, -1.1712)
(2.051, 1.8606, -1.1894)
(2.4797, 1.4248, -1.1847)
(2.77, 0.9773, -1.1687)
(-0.5095, 2.6039, -1.6587)
(0.1712, 2.5721, -1.697)
(0.8454, 2.4231, -1.7354)
(1.4659, 2.1913, -1.7634)
(1.9097, 1.8002, -1.7487)
(2.2492, 1.2992, -1.7298)
(2.5109, 0.8445, -1.7372)
(-0.5456, 2.5841, -2.2414)
(0.1205, 2.5445, -2.2912)
(0.7643, 2.3233, -2.2985)
(1.2961, 2.0061, -2.1977)
(1.6312, 1.5673, -2.1373)
(1.9582, 1.0885, -2.21)
(2.2289, 0.6758, -2.2841)
(-0.5867, 2.3523, -2.7737)
(0.0235, 2.3256, -2.8156)
(0.6056, 2.0017, -2.7399)
(1.0984, 1.647, -2.5248)
(1.4798, 1.3358, -2.5323)
(1.8621, 0.982, -2.7757)
(2.1332, 0.5938, -2.9173)
(-0.4801, 1.9387, -3.0921)
(0.096, 2.0617, -3.2039)
(0.6318, 1.8328, -3.161)
(1.1397, 1.5285, -2.9595)
(1.5964, 1.3534, -3.0605)
(1.9847, 1.0623, -3.3723)
(2.2392, 0.6577, -3.5529)
(-0.372, 1.5918, -3.4255)
(0.2594, 1.7746, -3.5591)
(0.8128, 1.8666, -3.5601)
(1.3332, 1.7832, -3.3924)
(1.8625, 1.5917, -3.42)
(2.3002, 1.2385, -3.6185)
(2.549, 0.7865, -3.764)
(-0.4368, 1.7111, -3.8725)
(0.2295, 1.7484, -3.9914)
(0.8557, 1.9018, -3.9821)
(1.465, 1.9734, -3.8593)
(2.0952, 1.8197, -3.8031)
(2.5764, 1.4268, -3.8929)
(2.7841, 0.9184, -3.9976)
(-0.5196, 2.1042, -4.2803)
(0.1492, 2.1529, -4.3649)
(0.8294, 2.1886, -4.3708)
(1.5024, 2.1706, -4.3301)
(2.1285, 1.9918, -4.3457)
(2.5367, 1.5366, -4.4571)
(2.6859, 0.9979, -4.5726)
(-0.5445, 2.2562, -4.7043)
(0.1316, 2.3066, -4.6551)
(0.7984, 2.2804, -4.5383)
(1.4505, 2.202, -4.5496)
(2.0526, 2.0259, -4.7484)
(2.4468, 1.6051, -4.943)
(2.6105, 1.0722, -5.0586)
(1.8033, 1.4047, 3.9624)
(2.3096, 1.587, 3.8715)
(2.9343, 1.8594, 3.776)
(3.5618, 2.1318, 3.6709)
(4.1886, 2.3837, 3.5506)
(4.8066, 2.6296, 3.4411)
(5.4209, 2.8848, 3.3274)
(6.0699, 3.1678, 3.2312)
(0.883, -2.7732, -5.3885)
(0.4541, -2.3584, -5.205)
(-0.001, -1.9677, -5.0414)
(-0.6561, -1.8501, -5.0612)
(-1.3291, -1.7654, -5.1386)
(-1.9607, -1.5186, -5.1432)
(0.8805, -2.9276, -4.9017)
(0.3728, -2.5786, -4.7664)
(-2.4171, -1.1869, -5.0856)
(-0.1008, -2.148, -4.587)
(-0.6935, -1.9194, -4.5656)
(-1.3496, -1.8427, -4.6479)
(-1.9804, -1.6392, -4.654)
(-2.426, -1.2914, -4.5951)
(0.8876, -3.0717, -4.3168)
(0.3228, -2.7864, -4.2213)
(-0.1712, -2.3331, -4.0414)
(-0.7017, -2.0393, -4.003)
(-1.3321, -1.9632, -4.0765)
(-1.99, -1.7938, -4.0816)
(-2.428, -1.4411, -4.029)
(0.8856, -3.1861, -3.7262)
(0.28, -3.0211, -3.7007)
(-0.2028, -2.6102, -3.5451)
(-0.6488, -2.2307, -3.4767)
(-1.2134, -1.9896, -3.5325)
(-1.8133, -1.7158, -3.6588)
(-2.2182, -1.359, -3.8336)
(0.8535, -3.1818, -3.1355)
(0.1848, -3.154, -3.1821)
(-0.3804, -2.8882, -3.1513)
(-0.8415, -2.4575, -3.1474)
(-1.2355, -1.9874, -3.143)
(-1.5968, -1.5792, -3.2924)
(-1.9321, -1.2382, -3.6495)
(0.8122, -3.0643, -2.5426)
(0.1245, -3.074, -2.6017)
(-0.5452, -2.9627, -2.6832)
(-1.1321, -2.6731, -2.7904)
(-1.5102, -2.1996, -2.8114)
(-1.704, -1.678, -2.8609)
(-1.8665, -1.249, -3.0379)
(0.7764, -2.9325, -1.9509)
(0.0898, -2.9564, -2.0112)
(-0.5889, -2.9132, -2.0922)
(-1.2129, -2.7376, -2.1953)
(-1.7011, -2.3635, -2.2885)
(-1.9234, -1.7972, -2.3338)
(-2.0053, -1.2758, -2.3685)
(0.7326, -2.7956, -1.36)
(0.0473, -2.855, -1.4159)
(-0.6319, -2.8533, -1.4915)
(-1.2583, -2.7074, -1.5829)
(-1.763, -2.3659, -1.6623)
(-2.0685, -1.8506, -1.7071)
(-2.2579, -1.3607, -1.7481)
(0.6827, -2.6701, -0.7674)
(0.0015, -2.7869, -0.8155)
(-0.6773, -2.8216, -0.887)
(-1.303, -2.6715, -0.974)
(-1.8191, -2.3297, -1.0491)
(-2.2152, -1.8607, -1.1046)
(-2.5091, -1.4213, -1.1557)
(0.6365, -2.5886, -0.1694)
(-0.0442, -2.7784, -0.2115)
(-0.732, -2.8444, -0.2826)
(-1.3665, -2.6603, -0.3714)
(-1.9053, -2.2966, -0.4507)
(-2.3819, -1.8665, -0.518)
(-2.7598, -1.4726, -0.5755)
(0.5997, -2.5444, 0.4292)
(-0.0926, -2.7889, 0.3949)
(-0.8034, -2.9064, 0.3267)
(-1.4729, -2.7238, 0.2225)
(-2.0516, -2.3337, 0.1236)
(-2.584, -1.9032, 0.0466)
(-3.0239, -1.5195, -0.0071)
(0.5278, -2.3675, 0.9753)
(-0.1644, -2.6243, 0.9535)
(-0.8752, -2.8164, 0.9089)
(-1.5756, -2.7364, 0.8106)
(-2.2085, -2.3887, 0.6908)
(-2.7906, -1.9714, 0.5976)
(-3.3369, -1.5708, 0.5433)
(0.4178, -2.0477, 1.475)
(-0.2522, -2.2983, 1.4594)
(-0.9301, -2.519, 1.4302)
(-1.6098, -2.512, 1.3454)
(-2.2678, -2.2691, 1.2383)
(-2.9087, -1.9932, 1.154)
(-3.5517, -1.7496, 1.0477)
(-4.2038, -1.6115, 1.0789)
(0.3036, -1.7267, 1.9839)
(-0.35, -1.9773, 1.9691)
(-1.0023, -2.2148, 1.9452)
(-1.6573, -2.3144, 1.8627)
(-4.8034, -1.5294, 1.3561)
(-2.3184, -2.2709, 1.74)
(-2.987, -2.1948, 1.6149)
(-5.365, -1.3964, 1.6707)
(-3.65, -2.1358, 1.4356)
(-5.7727, -1.206, 1.7563)
(-4.3105, -2.0601, 1.2724)
(0.1847, -1.4092, 2.4983)
(-0.4662, -1.6443, 2.4813)
(-1.1241, -1.8912, 2.4462)
(-4.9274, -1.8436, 1.2743)
(-1.7936, -2.1218, 2.366)
(-2.4628, -2.2834, 2.2366)
(-5.4523, -1.5157, 1.4462)
(-3.1305, -2.3727, 2.0695)
(-3.7964, -2.411, 1.8729)
(-5.8863, -1.2252, 1.5501)
(0.09, -1.1577, 2.9267)
(-4.4609, -2.4058, 1.6773)
(-0.5769, -1.3301, 2.9642)
(-5.1049, -2.2586, 1.5413)
(-1.2743, -1.5064, 2.9189)
(-1.9746, -1.7362, 2.7945)
(-2.6522, -1.9563, 2.6814)
(-5.6821, -1.9259, 1.4969)
(-3.3189, -2.1432, 2.5534)
(-6.1375, -1.5879, 1.4835)
(-3.9841, -2.2796, 2.3818)
(-4.6485, -2.3548, 2.1726)
(-5.2992, -2.3886, 2.0103)
(-1.5358, -1.1939, 3.3639)
(-2.184, -1.3703, 3.2171)
(-2.861, -1.5632, 3.0848)
(-5.9133, -2.2504, 1.9116)
(-3.527, -1.7647, 2.9726)
(-6.4079, -1.981, 1.8403)
(-4.1908, -1.9532, 2.8441)
(-4.8638, -2.0729, 2.6561)
(-5.5193, -2.2151, 2.485)
(-1.8465, -0.8789, 3.7358)
(-2.4107, -1.0209, 3.6286)
(-3.0741, -1.1927, 3.5019)
(-6.1408, -2.3255, 2.3928)
(-3.7383, -1.3826, 3.384)
(-6.6601, -2.2708, 2.2956)
(-4.4019, -1.591, 3.2771)
(-5.0786, -1.7676, 3.1179)
(-2.0581, -0.5335, 3.9525)
(-2.587, -0.6517, 3.8901)
(-5.7339, -1.9416, 2.9436)
(-3.2447, -0.8409, 3.8039)
(-3.9069, -1.0355, 3.7021)
(-6.3534, -2.1535, 2.8708)
(-4.5693, -1.2426, 3.6102)
(-6.8788, -2.278, 2.7956)
(-5.216, -1.4292, 3.4341)
(-5.8467, -1.6266, 3.2494)
(-6.4846, -1.8334, 3.1871)
(-6.9814, -2.0076, 3.1337)
(-7.1123, -1.3913, 3.2135)
(-5.7513, -1.5907, 1.6779)
(-5.9698, -1.3854, 1.6321)
(-6.4986, -1.1125, 1.6937)
(-6.9756, -0.9163, 1.9932)
(-7.2685, -0.8642, 2.5018)
(-7.2806, -1.053, 2.9974)
(-2.2875, 0.3549, 3.8002)
(-2.8436, 0.1719, 3.7117)
(-3.4993, -0.0414, 3.6283)
(-4.1568, -0.2565, 3.5561)
(-4.8147, -0.4687, 3.5076)
(-5.4527, -0.6909, 3.3735)
(-6.1157, -0.8886, 3.214)
(-6.7776, -1.0143, 3.12)
(-2.2809, 0.8124, 3.4599)
(-2.9254, 0.6141, 3.3457)
(-3.5861, 0.3751, 3.2294)
(-4.2249, 0.1112, 3.1127)
(-4.8663, -0.1531, 3.0003)
(-5.5507, -0.3869, 2.9032)
(-6.2377, -0.5966, 2.8228)
(-6.858, -0.7407, 2.7101)
(-0.9794, 1.6567, 2.9811)
(-1.5995, 1.404, 3.0105)
(-2.255, 1.1476, 2.9628)
(-2.9279, 0.8851, 2.8252)
(-3.5468, 0.5698, 2.6933)
(-4.1369, 0.2292, 2.5617)
(-4.7484, -0.0626, 2.4091)
(-5.3955, -0.3219, 2.3314)
(-6.0059, -0.5683, 2.3179)
(-6.6028, -0.7633, 2.2347)
(-1.0417, 1.8583, 2.5281)
(-1.6583, 1.6067, 2.4754)
(-2.2533, 1.2857, 2.3672)
(-2.8353, 0.9194, 2.2464)
(-3.3612, 0.4896, 2.1537)
(-3.892, 0.0814, 2.0465)
(-4.4802, -0.1953, 1.8751)
(-5.0569, -0.4575, 1.8402)
(-5.6073, -0.7409, 1.9439)
(-6.1895, -1.0052, 1.9453)
(-1.0836, 2.0063, 1.9465)
(-1.6276, 1.6582, 1.8938)
(-2.1193, 1.211, 1.7927)
(-2.6337, 0.7661, 1.7035)
(-3.0999, 0.2658, 1.6571)
(-3.6011, -0.1766, 1.5727)
(-4.1703, -0.4999, 1.4259)
(-4.7151, -0.8079, 1.4548)
(-5.2625, -1.0683, 1.7069)
(-5.7726, -1.29, 1.8576)
(-1.1027, 2.0761, 1.3434)
(-1.5756, 1.6451, 1.3071)
(-1.9566, 1.092, 1.2394)
(-2.4026, 0.5787, 1.1792)
(-2.8526, 0.0577, 1.1438)
(-3.3361, -0.4152, 1.0744)
(-3.8499, -0.8571, 1.0119)
(-4.3904, -1.1991, 1.1656)
(-4.9591, -1.3539, 1.5786)
(-5.4968, -1.4591, 1.8636)
(-1.1193, 2.1379, 0.739)
(-1.5961, 1.6914, 0.7049)
(-1.9358, 1.0941, 0.654)
(-2.3004, 0.5105, 0.6112)
(-2.7034, -0.0421, 0.5808)
(-3.1203, -0.5691, 0.5391)
(-3.4882, -1.0776, 0.5267)
(-1.1298, 2.1888, 0.1345)
(-1.6426, 1.7573, 0.1045)
(-2.02, 1.1821, 0.0615)
(-2.3547, 0.5832, 0.0211)
(-2.6771, -0.0031, -0.0073)
(-2.9713, -0.5866, -0.0303)
(-3.1669, -1.1051, -0.0311)
(-1.1378, 2.2364, -0.4696)
(-1.6721, 1.8243, -0.4962)
(-2.0586, 1.2598, -0.5312)
(-2.3616, 0.6576, -0.564)
(-2.6267, 0.0659, -0.5895)
(-2.8279, -0.5359, -0.6084)
(-2.9163, -1.0681, -0.6093)
(-1.1363, 2.303, -1.0662)
(-1.5972, 1.8499, -1.0744)
(-1.8788, 1.2381, -1.0722)
(-2.1377, 0.6304, -1.0908)
(-2.4336, 0.0815, -1.1423)
(-2.6391, -0.4849, -1.183)
(-2.6702, -1.0132, -1.1911)
(-1.0216, 2.3445, -1.5844)
(-1.2973, 1.7841, -1.5297)
(-1.535, 1.1543, -1.5443)
(-1.8653, 0.609, -1.5989)
(-2.2309, 0.1222, -1.6916)
(-2.4296, -0.4324, -1.7567)
(-2.4171, -0.9572, -1.7777)
(-0.9959, 2.2792, -2.0691)
(-1.1096, 1.7069, -1.9648)
(-1.3211, 1.1678, -2.0455)
(-1.679, 0.6772, -2.1246)
(-1.9532, 0.1645, -2.2014)
(-2.1188, -0.3873, -2.279)
(-2.1228, -0.8987, -2.354)
(-1.1155, 2.0447, -2.5611)
(-1.3013, 1.5645, -2.364)
(-1.4115, 1.1207, -2.4726)
(-1.6285, 0.6674, -2.6287)
(-1.828, 0.1474, -2.696)
(-1.9955, -0.3727, -2.8347)
(-2.0042, -0.8645, -2.9806)
(-1.0566, 1.6342, -2.8951)
(-1.5192, 1.3328, -2.6716)
(-1.7435, 0.9547, -2.7288)
(-1.8102, 0.5541, -3.0334)
(-1.9805, 0.1575, -3.2494)
(-2.1665, -0.3649, -3.4237)
(-2.1316, -0.8534, -3.5929)
(-1.0074, 1.4322, -3.2681)
(-1.6433, 1.3415, -3.0966)
(-2.0729, 1.0218, -3.052)
(-2.1736, 0.5564, -3.3287)
(-2.3178, 0.1305, -3.5462)
(-2.4942, -0.4433, -3.6044)
(-2.429, -0.9641, -3.746)
(-1.1032, 1.6914, -3.7276)
(-1.75, 1.5809, -3.6113)
(-2.2571, 1.2197, -3.5594)
(-2.574, 0.6862, -3.6646)
(-2.7892, 0.1157, -3.737)
(-2.8242, -0.5088, -3.7798)
(-2.6716, -1.0338, -3.9138)
(-1.1783, 1.99, -4.1973)
(-1.8021, 1.7258, -4.1628)
(-2.3401, 1.3059, -4.1418)
(-2.7951, 0.7962, -4.1472)
(-3.058, 0.1944, -4.2002)
(-2.9717, -0.4323, -4.3313)
(-2.7159, -0.916, -4.4879)
(-1.205, 2.0645, -4.69)
(-1.8158, 1.7448, -4.6665)
(-2.3739, 1.3379, -4.6458)
(-2.865, 0.8588, -4.6432)
(-3.161, 0.2659, -4.6886)
(-3.0795, -0.3508, -4.818)
(-2.791, -0.817, -4.9709)
(-2.2193, -0.0716, 3.9738)
(-2.7245, -0.2697, 3.9066)
(-3.3794, -0.4756, 3.8437)
(-4.04, -0.6784, 3.7805)
(-4.6982, -0.8788, 3.7334)
(-5.2891, -1.0836, 3.5332)
(-5.8979, -1.2907, 3.3059)
(-6.5885, -1.4359, 3.2461)
