(3.8254, 0.2493, -5.2174)
(3.7608, 0.9096, -5.0702)
(3.5342, 1.5524, -4.9572)
(3.2446, 2.1744, -4.8532)
(2.9518, 2.7953, -4.7488)
(3.7303, 0.1509, -4.7944)
(3.6966, 0.8136, -4.6453)
(2.7054, 3.3918, -4.6451)
(3.496, 1.463, -4.5275)
(2.5777, 3.7729, -4.5058)
(3.2208, 2.0905, -4.4212)
(2.9333, 2.7135, -4.316)
(2.6862, 3.3113, -4.2135)
(2.5365, 3.791, -4.1677)
(3.6047, 0.0236, -4.2458)
(3.6077, 0.6868, -4.0907)
(3.4401, 1.3435, -3.9668)
(3.1842, 1.978, -3.8572)
(2.9046, 2.6041, -3.7508)
(2.6576, 3.2016, -3.6481)
(2.4966, 3.6659, -3.5671)
(3.4685, -0.1098, -3.666)
(3.5082, 0.5517, -3.5044)
(3.3741, 1.2142, -3.3743)
(3.1375, 1.8548, -3.2613)
(2.8657, 2.4835, -3.1538)
(2.6223, 3.081, -3.0501)
(2.468, 3.5484, -2.9678)
(3.3284, -0.2414, -3.0865)
(3.404, 0.4164, -2.9189)
(3.3021, 1.0823, -2.783)
(3.0823, 1.7264, -2.6668)
(2.816, 2.3521, -2.5581)
(2.5733, 2.9428, -2.4537)
(2.4245, 3.4125, -2.3693)
(3.1837, -0.3706, -2.5073)
(3.2956, 0.2812, -2.3339)
(3.2252, 0.9479, -2.1925)
(3.0208, 1.5877, -2.0729)
(2.7584, 2.196, -1.9624)
(2.5066, 2.7674, -1.8587)
(2.3314, 3.2194, -1.778)
(3.0336, -0.4967, -1.9286)
(3.183, 0.1464, -1.7496)
(3.1449, 0.8096, -1.6025)
(2.9553, 1.4352, -1.479)
(2.6939, 2.0201, -1.3671)
(2.4267, 2.5682, -1.2661)
(2.2181, 2.9961, -1.1927)
(2.877, -0.619, -1.3505)
(3.0661, 0.0121, -1.1657)
(3.0626, 0.6681, -1.013)
(2.8841, 1.2784, -0.8866)
(2.6201, 1.8436, -0.7747)
(2.3381, 2.3713, -0.6762)
(2.0988, 2.7737, -0.6092)
(2.7125, -0.7362, -0.7734)
(2.944, -0.1207, -0.5826)
(2.9796, 0.5272, -0.4242)
(2.8057, 1.1292, -0.2976)
(2.5363, 1.6849, -0.1867)
(2.2474, 2.2035, -0.0882)
(1.9927, 2.5906, -0.0222)
(2.5422, -0.8485, -0.1969)
(2.8187, -0.2505, 0.0005)
(2.9022, 0.3903, 0.1646)
(2.7283, 0.995, 0.2891)
(2.4537, 1.557, 0.3986)
(2.1673, 2.0837, 0.5001)
(1.9174, 2.4797, 0.5709)
(2.3779, -0.9619, 0.3807)
(2.7005, -0.3794, 0.5858)
(2.8447, 0.258, 0.7561)
(2.6888, 0.8842, 0.8783)
(2.4097, 1.4688, 0.9862)
(2.1196, 2.0128, 1.0906)
(1.8747, 2.4223, 1.1683)
(2.2214, -1.0806, 0.9581)
(2.5768, -0.5092, 1.1701)
(2.7754, 0.1324, 1.3456)
(2.7046, 0.7987, 1.4706)
(2.434, 1.417, 1.5761)
(2.1358, 1.9927, 1.6809)
(1.8662, 2.4195, 1.7712)
(2.0222, -1.1759, 1.5265)
(2.3833, -0.6124, 1.7401)
(2.6148, 0.0187, 1.9201)
(2.6324, 0.6943, 2.0555)
(2.4329, 1.3495, 2.1612)
(2.2084, 1.9958, 2.2628)
(2.0144, 2.7253, 2.3616)
(1.7899, -1.2512, 2.0885)
(2.1433, -0.6911, 2.2982)
(2.406, -0.0817, 2.4827)
(2.4881, 0.5733, 2.6272)
(2.3483, 3.2683, 2.6536)
(2.3414, 1.2295, 2.7312)
(2.2331, 1.8979, 2.8356)
(2.6828, 3.5472, 3.1933)
(2.3257, 2.5587, 2.9)
(3.018, 3.7547, 3.7634)
(2.6358, 3.1461, 2.9514)
(1.5433, -1.3162, 2.6508)
(1.8846, -0.7552, 2.856)
(2.2013, -0.1707, 3.0485)
(3.1564, 4.0125, 3.9305)
(2.3992, 0.4556, 3.2066)
(2.9119, 3.6814, 3.1399)
(2.3996, 1.1187, 3.3079)
(2.3987, 1.7935, 3.3986)
(3.0883, 4.0566, 3.5525)
(2.5503, 2.4474, 3.4455)
(3.2325, 4.3288, 3.8867)
(2.9016, 3.0281, 3.4291)
(1.2736, -1.3603, 3.1816)
(1.5629, -0.7945, 3.3989)
(1.9132, -0.2033, 3.5905)
(3.2283, 3.6221, 3.4623)
(2.2473, 0.3865, 3.7703)
(2.453, 1.0231, 3.8799)
(3.4578, 4.174, 3.5831)
(2.5879, 1.6864, 3.9534)
(1.0452, -1.3856, 3.5996)
(3.5153, 4.6049, 3.7323)
(2.7536, 2.3372, 4.0056)
(3.0869, 2.9251, 3.9959)
(1.5233, -0.1296, 4.0603)
(1.0714, -0.8181, 3.9269)
(3.4016, 3.537, 4.0145)
(1.9164, 0.4418, 4.2523)
(2.2599, 1.0247, 4.4093)
(3.6591, 4.1322, 4.0586)
(2.5544, 1.6366, 4.5068)
(3.8057, 4.5967, 4.1133)
(2.8273, 2.2626, 4.5598)
(3.1177, 2.8836, 4.5793)
(0.8193, -0.3848, 4.305)
(1.109, 0.0809, 4.4363)
(3.4073, 3.5079, 4.6125)
(1.4752, 0.627, 4.6108)
(1.8457, 1.1934, 4.7844)
(3.6735, 4.0994, 4.66)
(2.201, 1.7732, 4.9249)
(3.901, 4.539, 4.7009)
(2.5415, 2.3689, 5.0202)
(2.8692, 2.9739, 5.0845)
(0.4788, -0.1063, 4.6269)
(0.6895, 0.3177, 4.7266)
(3.1978, 3.5774, 5.1488)
(1.0244, 0.8596, 4.8695)
(1.3869, 1.4335, 5.0198)
(3.5148, 4.1396, 5.2258)
(1.7476, 2.0099, 5.1656)
(0.2941, 0.161, 4.7618)
(3.7745, 4.5598, 5.2818)
(2.1032, 2.5939, 5.288)
(0.2884, 0.4952, 4.8486)
(0.6646, 1.0634, 4.9919)
(2.4515, 3.1856, 5.3834)
(1.0258, 1.6333, 5.1484)
(2.8037, 3.773, 5.4786)
(1.3878, 2.2066, 5.3038)
(1.7464, 2.7889, 5.4333)
(3.1554, 4.3037, 5.5977)
(2.0951, 3.3831, 5.5289)
(3.4497, 4.6682, 5.6952)
(2.4458, 3.9791, 5.6048)
(3.1206, 4.7003, 5.7741)
(2.8138, 4.5665, 5.6999)
(-1.1361, 3.8293, -5.0596)
(-0.5844, 4.1721, -4.8302)
(0.0729, 4.3203, -4.6869)
(0.7616, 4.3256, -4.6074)
(1.4472, 4.2378, -4.5639)
(-1.1845, 3.6606, -4.6593)
(-0.5931, 3.9426, -4.46)
(2.0771, 4.068, -4.5517)
(0.0527, 4.1203, -4.299)
(2.4659, 3.9081, -4.4865)
(0.7297, 4.1813, -4.1946)
(1.4141, 4.1228, -4.1402)
(2.047, 3.9657, -4.1256)
(2.5194, 3.8017, -4.1678)
(-1.2481, 3.4464, -4.1348)
(-0.6183, 3.6542, -3.9678)
(0.029, 3.8321, -3.8047)
(0.6922, 3.9558, -3.6697)
(1.3731, 3.9557, -3.5916)
(2.0098, 3.831, -3.5662)
(2.4779, 3.6733, -3.5674)
(-1.3017, 3.206, -3.5845)
(-0.6432, 3.3342, -3.4556)
(0.0108, 3.4915, -3.3019)
(0.6605, 3.6612, -3.1407)
(1.3304, 3.7395, -3.0255)
(1.9704, 3.676, -2.9771)
(2.4494, 3.556, -2.9695)
(-1.3551, 2.987, -3.0239)
(-0.6837, 3.0543, -2.9222)
(-0.0149, 3.1597, -2.7941)
(0.6346, 3.328, -2.6324)
(1.2858, 3.4685, -2.4825)
(1.9172, 3.4845, -2.3976)
(2.4068, 3.4224, -2.3727)
(-1.4148, 2.8077, -2.45)
(-0.7448, 2.8611, -2.3561)
(-0.0646, 2.9055, -2.2508)
(0.5937, 3.0135, -2.1138)
(1.2268, 3.1557, -1.9559)
(1.8335, 3.2416, -1.8319)
(2.3138, 3.229, -1.7828)
(-1.4713, 2.661, -1.8696)
(-0.8203, 2.7899, -1.764)
(-0.1412, 2.8015, -1.665)
(0.5147, 2.8145, -1.5502)
(1.143, 2.8781, -1.415)
(1.7312, 2.97, -1.276)
(2.2007, 3.0059, -1.1975)
(-1.4887, 2.4806, -1.2992)
(-0.8869, 2.7504, -1.1697)
(-0.2247, 2.8165, -1.0655)
(0.4164, 2.7828, -0.9531)
(1.0344, 2.7614, -0.8286)
(1.6204, 2.7568, -0.7041)
(2.0812, 2.7827, -0.6162)
(-1.451, 2.2426, -0.75)
(-0.9231, 2.6351, -0.5864)
(-0.2982, 2.8258, -0.4671)
(0.3332, 2.8312, -0.3534)
(0.9416, 2.7526, -0.2284)
(1.5193, 2.6544, -0.1103)
(1.9751, 2.5997, -0.0289)
(-1.3667, 1.9615, -0.2242)
(-0.9151, 2.4356, -0.0242)
(-0.3556, 2.7594, 0.1244)
(0.2656, 2.8481, 0.2432)
(0.8772, 2.764, 0.3691)
(1.4523, 2.6176, 0.4878)
(1.9, 2.4896, 0.5682)
(-1.3572, 1.7218, 0.3202)
(-0.9148, 2.2081, 0.5243)
(-0.4066, 2.6088, 0.6985)
(0.1992, 2.7912, 0.8319)
(0.8252, 2.7498, 0.9619)
(1.4102, 2.5921, 1.083)
(1.8584, 2.434, 1.1679)
(-1.498, 1.5926, 0.8868)
(-1.031, 2.0549, 1.0847)
(-0.4764, 2.4123, 1.2535)
(0.118, 2.6825, 1.4082)
(0.756, 2.7183, 1.5495)
(1.3669, 2.5805, 1.675)
(1.8484, 2.4346, 1.7735)
(-1.6174, 1.4428, 1.4613)
(-1.138, 1.8975, 1.6563)
(-0.5977, 2.2865, 1.8256)
(-0.0163, 2.597, 1.9837)
(0.6296, 2.6826, 2.1242)
(1.2794, 2.6492, 2.2421)
(2.0001, 2.741, 2.367)
(-1.6649, 1.242, 2.0316)
(-1.2162, 1.7252, 2.231)
(-0.7259, 2.1742, 2.4031)
(-0.1818, 2.5393, 2.5562)
(2.3323, 3.2771, 2.6631)
(0.4484, 2.7072, 2.6731)
(1.0918, 2.848, 2.7442)
(2.6667, 3.5481, 3.2059)
(1.6949, 3.0431, 2.8684)
(3.003, 3.7503, 3.7788)
(2.1211, 3.5105, 2.947)
(-1.6338, 0.9862, 2.5835)
(-1.2407, 1.5018, 2.799)
(-0.8066, 2.0068, 2.9775)
(3.1643, 3.9761, 3.9722)
(-0.3239, 2.4595, 3.1237)
(2.5566, 3.9081, 3.2028)
(0.2601, 2.7552, 3.2048)
(0.8707, 2.9554, 3.2596)
(2.9241, 4.1554, 3.6365)
(1.4357, 3.2582, 3.3577)
(3.191, 4.3223, 3.993)
(1.8666, 3.7623, 3.3817)
(-1.5538, 0.6986, 3.094)
(-1.2121, 1.2092, 3.3542)
(-0.8105, 1.7619, 3.5405)
(2.2967, 4.2676, 3.4634)
(-0.3804, 2.2784, 3.6874)
(0.1578, 2.6456, 3.7389)
(2.7581, 4.6295, 3.6729)
(0.6464, 3.0613, 3.7438)
(-1.4746, 0.4493, 3.493)
(3.1343, 4.8201, 3.9089)
(1.1439, 3.49, 3.8079)
(1.6075, 3.9697, 3.8834)
(-0.6914, 1.4548, 4.056)
(-1.1271, 0.76, 3.9261)
(2.0209, 4.5024, 3.9328)
(-0.3115, 2.0285, 4.2037)
(0.135, 2.5212, 4.2856)
(2.4835, 4.9315, 4.0523)
(0.6069, 2.9845, 4.2926)
(2.8722, 5.2044, 4.1871)
(0.9923, 3.524, 4.332)
(1.3976, 4.0646, 4.4033)
(-0.7416, 0.7098, 4.3862)
(-0.405, 1.1492, 4.4681)
(1.8181, 4.5979, 4.4805)
(-0.0226, 1.6863, 4.572)
(0.3425, 2.2413, 4.7238)
(2.2511, 5.0677, 4.5855)
(0.7474, 2.7768, 4.8012)
(2.6021, 5.4042, 4.681)
(1.1462, 3.3236, 4.8309)
(1.4974, 3.9, 4.9247)
(-0.3638, 0.4735, 4.6839)
(-0.0392, 0.8276, 4.741)
(1.85, 4.4766, 5.0395)
(0.3389, 1.343, 4.8448)
(0.7033, 1.9079, 4.9942)
(2.2041, 5.0084, 5.1557)
(1.0797, 2.4718, 5.1146)
(-0.0429, 0.388, 4.7941)
(2.4838, 5.4092, 5.2416)
(1.4641, 3.0352, 5.1925)
(0.2733, 0.5094, 4.8487)
(0.65, 1.0778, 4.9917)
(1.7938, 3.6252, 5.3139)
(1.0138, 1.6516, 5.1542)
(2.1164, 4.2198, 5.4474)
(1.377, 2.2232, 5.3149)
(1.7374, 2.8031, 5.4481)
(2.4299, 4.7734, 5.5776)
(2.0844, 3.3977, 5.5411)
(2.6542, 5.1893, 5.6724)
(2.4332, 3.9938, 5.6143)
(2.8131, 4.9104, 5.7664)
(2.7969, 4.5781, 5.7005)
(3.6121, -0.3449, -5.4238)
(3.1132, -0.7332, -5.6273)
(2.4729, -0.8675, -5.8112)
(1.7977, -0.8445, -5.9561)
(1.1192, -0.7616, -6.0761)
(0.4402, -0.6786, -6.1954)
(3.5005, -0.4442, -4.9919)
(3.0106, -0.8429, -5.2089)
(2.3795, -1.0051, -5.4035)
(-0.1996, -0.633, -6.3207)
(1.7069, -1.0078, -5.5571)
(-0.6224, -0.6664, -6.3535)
(1.0285, -0.9388, -5.6829)
(0.3496, -0.8604, -5.8042)
(-0.2913, -0.8129, -5.9305)
(-0.7735, -0.7995, -6.0782)
(3.358, -0.5695, -4.4441)
(2.8764, -0.9831, -4.6655)
(2.2569, -1.1799, -4.8687)
(1.5886, -1.2151, -5.0328)
(0.9106, -1.1651, -5.1662)
(0.2316, -1.0939, -5.2905)
(-0.4091, -1.0457, -5.4161)
(-0.8951, -1.0366, -5.5243)
(3.2054, -0.6997, -3.8672)
(2.7323, -1.1286, -4.0906)
(2.1262, -1.3599, -4.301)
(1.4637, -1.4277, -4.4749)
(0.7866, -1.3967, -4.6154)
(0.108, -1.3326, -4.7426)
(-0.5316, -1.287, -4.8683)
(-1.0183, -1.284, -4.9789)
(3.049, -0.8272, -3.2903)
(2.5852, -1.2709, -3.5153)
(1.9941, -1.5356, -3.732)
(1.3389, -1.6343, -3.9146)
(0.6643, -1.6195, -4.0601)
(-0.01, -1.5594, -4.1865)
(-0.6437, -1.5128, -4.3082)
(-1.1311, -1.5152, -4.4199)
(2.888, -0.9513, -2.7136)
(2.4343, -1.4096, -2.9399)
(1.8605, -1.7073, -3.1621)
(1.2148, -1.8358, -3.3518)
(0.5485, -1.8348, -3.498)
(-0.11, -1.7752, -3.6156)
(-0.7307, -1.716, -3.7249)
(-1.2118, -1.6899, -3.8211)
(2.7215, -1.0713, -2.1372)
(2.2788, -1.5439, -2.3645)
(1.725, -1.8751, -2.5913)
(1.0929, -2.0335, -2.7864)
(0.4429, -2.0443, -2.9277)
(-0.1957, -1.9815, -3.033)
(-0.8015, -1.9028, -3.1271)
(-1.2725, -1.8392, -3.2051)
(2.5483, -1.1862, -1.5616)
(2.1176, -1.6729, -1.7892)
(1.5875, -2.0388, -2.0195)
(0.9729, -2.2286, -2.219)
(0.3393, -2.2474, -2.3546)
(-0.2835, -2.1784, -2.4491)
(-0.8766, -2.0815, -2.5298)
(-1.3354, -1.9832, -2.5893)
(2.3674, -1.295, -0.9869)
(1.9493, -1.7954, -1.2142)
(1.4467, -2.1979, -1.4472)
(0.8523, -2.4227, -1.6523)
(0.2275, -2.4443, -1.7852)
(-0.3889, -2.3683, -1.874)
(-0.9768, -2.2635, -1.9478)
(-1.428, -2.1483, -1.9947)
(2.1814, -1.3999, -0.413)
(1.7746, -1.9135, -0.6401)
(1.302, -2.3544, -0.8752)
(0.7304, -2.6222, -1.0894)
(0.1041, -2.6436, -1.2255)
(-0.5192, -2.5641, -1.3169)
(-1.1141, -2.4644, -1.3933)
(-1.5729, -2.3574, -1.4424)
(2.0017, -1.5093, 0.161)
(1.6028, -2.0369, -0.0667)
(1.1584, -2.5179, -0.3043)
(0.6113, -2.8404, -0.5336)
(-0.0256, -2.8809, -0.6889)
(-0.6694, -2.8016, -0.7915)
(-1.2817, -2.7039, -0.8731)
(-1.7526, -2.6077, -0.9258)
(1.8313, -1.6251, 0.7345)
(1.4386, -2.1659, 0.5064)
(1.0141, -2.6766, 0.2681)
(0.4824, -3.0485, 0.0216)
(-0.1566, -3.1708, -0.1818)
(-0.8251, -3.1045, -0.3065)
(-1.4677, -3.0067, -0.4011)
(-1.9674, -2.8991, -0.4439)
(1.6315, -1.7174, 1.3024)
(1.2413, -2.2584, 1.076)
(0.825, -2.773, 0.8408)
(0.313, -3.1731, 0.5915)
(-0.3036, -3.3777, 0.3603)
(-0.9761, -3.38, 0.1918)
(-1.649, -3.3561, 0.033)
(-2.3791, -3.3735, -0.1804)
(1.4045, -1.7884, 1.8664)
(1.0167, -2.3231, 1.6423)
(0.6013, -2.8285, 1.4085)
(0.1175, -3.2528, 1.1624)
(-0.4611, -3.5111, 0.9268)
(-2.8166, -3.9001, -0.3315)
(-1.115, -3.5546, 0.74)
(-1.761, -3.6365, 0.5297)
(-3.1165, -4.5007, -0.1574)
(-2.309, -3.87, 0.2225)
(-3.368, -5.1031, 0.0752)
(1.1635, -1.8492, 2.4303)
(-2.7065, -4.268, -0.1349)
(0.7777, -2.3776, 2.209)
(0.3585, -2.8707, 1.9755)
(-0.0866, -3.34, 1.7289)
(-3.593, -5.3502, 0.0311)
(-0.6034, -3.6937, 1.4802)
(-3.1216, -4.6943, -0.3464)
(-1.2099, -3.8494, 1.2441)
(-1.8089, -4.0293, 0.9743)
(-3.5201, -5.1154, -0.2669)
(-2.3209, -4.3072, 0.6337)
(-3.8153, -5.4517, -0.1876)
(-2.6736, -4.7058, 0.2114)
(0.9206, -1.8918, 2.9542)
(0.5236, -2.4007, 2.7489)
(0.0761, -2.8562, 2.5412)
(-0.3607, -3.3552, 2.2789)
(-3.0633, -5.1103, -0.1702)
(-0.799, -3.8327, 2.0148)
(-1.3041, -4.1703, 1.719)
(-3.4856, -5.467, -0.4282)
(-1.8412, -4.4454, 1.4013)
(0.7474, -1.9203, 3.323)
(0.3095, -2.4075, 3.1751)
(-3.8823, -5.6684, -0.5451)
(-2.3483, -4.7342, 1.063)
(-2.7165, -5.1219, 0.6488)
(-0.74, -3.2675, 2.7549)
(-0.2799, -2.6933, 3.1476)
(-3.1216, -5.5116, 0.2514)
(-1.1433, -3.7998, 2.4875)
(-1.5635, -4.2746, 2.2049)
(-3.5436, -5.8619, -0.0977)
(-2.0062, -4.6836, 1.8771)
(-3.9013, -6.0984, -0.3356)
(-2.4528, -5.056, 1.5149)
(-2.8765, -5.4266, 1.1228)
(-0.8802, -2.7423, 3.3249)
(-1.2121, -3.1375, 3.0977)
(-3.3081, -5.8034, 0.74)
(-1.5982, -3.6339, 2.8382)
(-1.9993, -4.1374, 2.567)
(-3.726, -6.1609, 0.3926)
(-2.4062, -4.614, 2.2679)
(-4.0271, -6.4548, 0.1285)
(-2.8165, -5.0586, 1.9305)
(-3.2284, -5.4792, 1.5684)
(-1.3629, -2.6606, 3.5647)
(-1.6785, -2.9654, 3.361)
(-3.6388, -5.9, 1.2067)
(-2.0618, -3.4189, 3.0894)
(-2.4642, -3.9053, 2.7985)
(-4.0233, -6.3093, 0.8792)
(-2.8679, -4.3886, 2.5034)
(-1.7097, -2.6179, 3.6061)
(-4.3014, -6.6341, 0.6255)
(-3.2719, -4.8573, 2.1879)
(-2.0277, -2.7157, 3.513)
(-2.4175, -3.2092, 3.2141)
(-3.6757, -5.3079, 1.8496)
(-2.8194, -3.6968, 2.9302)
(-4.0743, -5.7609, 1.5121)
(-3.2231, -4.1854, 2.6436)
(-3.6273, -4.6594, 2.3334)
(-4.4335, -6.2147, 1.2215)
(-4.0329, -5.1109, 1.9938)
(-4.6657, -6.5793, 1.0161)
(-4.4324, -5.5548, 1.6372)
(-4.8478, -6.3429, 1.1779)
(-4.8248, -6.0212, 1.2938)
(-1.5599, 3.3315, -5.3068)
(-1.9084, 2.7601, -5.5077)
(-2.0682, 2.1158, -5.6917)
(-1.9911, 1.4586, -5.883)
(-1.7574, 0.8318, -6.0651)
(-1.4344, 0.2415, -6.2293)
(-1.6502, 3.2169, -4.8785)
(-1.9314, 2.6352, -5.0891)
(-2.0149, 1.9831, -5.2801)
(-1.0522, -0.2712, -6.3589)
(-1.9693, 1.322, -5.4683)
(-0.7893, -0.6058, -6.3656)
(-1.7934, 0.6832, -5.654)
(-1.4986, 0.0837, -5.8233)
(-1.1262, -0.4347, -5.958)
(-0.7893, -0.7869, -6.0776)
(-1.7499, 3.0597, -4.3328)
(-1.9694, 2.4707, -4.544)
(-1.966, 1.8151, -4.7365)
(-1.916, 1.1518, -4.924)
(-1.8046, 0.4989, -5.1118)
(-1.5664, -0.1192, -5.2896)
(-1.2234, -0.6519, -5.4327)
(-0.9086, -1.0219, -5.5215)
(-1.8294, 2.8774, -3.7585)
(-1.9875, 2.2899, -3.9688)
(-1.8917, 1.643, -4.162)
(-1.8187, 0.9823, -4.3487)
(-1.7587, 0.3197, -4.5341)
(-1.6008, -0.3209, -4.7174)
(-1.3151, -0.8782, -4.8732)
(-1.0314, -1.2688, -4.9776)
(-1.8902, 2.6855, -3.184)
(-2.0151, 2.102, -3.3953)
(-1.8555, 1.4674, -3.5853)
(-1.7289, 0.8157, -3.7716)
(-1.6702, 0.153, -3.9557)
(-1.5829, -0.5001, -4.1359)
(-1.3784, -1.0818, -4.2987)
(-1.1451, -1.5002, -4.4213)
(-1.9415, 2.4847, -2.6117)
(-2.0862, 1.9038, -2.8293)
(-1.9118, 1.2769, -3.0178)
(-1.7242, 0.6376, -3.1964)
(-1.6055, -0.0093, -3.3732)
(-1.53, -0.6512, -3.5415)
(-1.4059, -1.2437, -3.6993)
(-1.2252, -1.6743, -3.8235)
(-1.9707, 2.2689, -2.0459)
(-2.1885, 1.6927, -2.2759)
(-2.0887, 1.0632, -2.4847)
(-1.8719, 0.4339, -2.6517)
(-1.6665, -0.1825, -2.7985)
(-1.5193, -0.7943, -2.9439)
(-1.4128, -1.3796, -3.0868)
(-1.2858, -1.8237, -3.2078)
(-1.9531, 2.0233, -1.4919)
(-2.2448, 1.4577, -1.7288)
(-2.2935, 0.834, -1.9705)
(-2.127, 0.2071, -2.151)
(-1.8857, -0.3868, -2.2711)
(-1.6653, -0.9683, -2.3796)
(-1.4762, -1.527, -2.4872)
(-1.3473, -1.9663, -2.593)
(-1.8814, 1.7452, -0.9588)
(-2.2327, 1.1987, -1.1885)
(-2.4249, 0.6015, -1.437)
(-2.3728, -0.0251, -1.6502)
(-2.1644, -0.619, -1.783)
(-1.9046, -1.1837, -1.8643)
(-1.6376, -1.715, -1.9288)
(-1.4402, -2.1317, -1.9982)
(-1.773, 1.4471, -0.4454)
(-2.1612, 0.9174, -0.6623)
(-2.4733, 0.3594, -0.8941)
(-2.5562, -0.2534, -1.126)
(-2.4119, -0.8578, -1.2885)
(-2.1487, -1.4264, -1.3712)
(-1.8436, -1.9475, -1.4123)
(-1.587, -2.3429, -1.4433)
(-1.7755, 1.2178, 0.104)
(-2.1505, 0.6824, -0.1158)
(-2.4857, 0.1293, -0.3464)
(-2.6709, -0.468, -0.5805)
(-2.6064, -1.0851, -0.7714)
(-2.3657, -1.6732, -0.8749)
(-2.0479, -2.202, -0.9126)
(-1.7686, -2.5957, -0.9263)
(-1.9184, 1.0864, 0.6731)
(-2.2907, 0.5475, 0.4498)
(-2.5936, -0.0234, 0.2187)
(-2.743, -0.6452, -0.0156)
(-2.7616, -1.2809, -0.232)
(-2.5723, -1.897, -0.3666)
(-2.2622, -2.4548, -0.4207)
(-1.9881, -2.8878, -0.4433)
(-2.0364, 0.9349, 1.2476)
(-2.4045, 0.3926, 1.0238)
(-2.6972, -0.1859, 0.791)
(-2.8739, -0.8032, 0.5491)
(-2.9363, -1.4386, 0.3178)
(-2.7946, -2.071, 0.1499)
(-2.5578, -2.676, 0.0238)
(-2.4, -3.3672, -0.1786)
(-2.0596, 0.7201, 1.812)
(-2.4363, 0.1843, 1.5914)
(-2.7702, -0.373, 1.3616)
(-3.0188, -0.9599, 1.113)
(-3.1244, -1.5798, 0.8658)
(-2.8336, -3.8927, -0.3227)
(-3.073, -2.198, 0.637)
(-2.9776, -2.801, 0.3902)
(-3.1282, -4.4931, -0.1423)
(-2.9513, -3.4092, 0.1833)
(-3.3758, -5.0971, 0.0948)
(-1.9801, 0.4455, 2.3478)
(-3.2136, -3.8939, -0.1339)
(-2.3778, -0.0723, 2.1407)
(-2.7707, -0.5924, 1.9314)
(-3.0929, -1.1418, 1.6858)
(-3.5734, -5.3711, 0.0803)
(-3.261, -1.7344, 1.4126)
(-3.4762, -4.4621, -0.2816)
(-3.3607, -2.3036, 1.1072)
(-3.3335, -2.8792, 0.8289)
(-3.6984, -5.0344, -0.1913)
(-3.4074, -3.4639, 0.5597)
(-3.8649, -5.4667, -0.0841)
(-3.6801, -3.9341, 0.1795)
(-1.8737, 0.1705, 2.8391)
(-2.2812, -0.3295, 2.6652)
(-2.6921, -0.8324, 2.5072)
(-3.0918, -1.3557, 2.2548)
(-3.975, -4.4318, -0.1563)
(-3.383, -1.901, 1.9585)
(-3.5114, -2.4494, 1.6217)
(-4.1808, -4.9932, -0.3323)
(-3.6801, -2.9439, 1.246)
(-1.8016, -0.0237, 3.1861)
(-2.1872, -0.5392, 3.0833)
(-4.2836, -5.4638, -0.373)
(-3.8768, -3.4762, 0.9077)
(-4.1355, -3.9947, 0.568)
(-2.948, -1.6604, 2.7607)
(-2.4731, -1.1034, 3.1521)
(-4.4482, -4.468, 0.1998)
(-3.3386, -2.163, 2.4607)
(-3.6135, -2.6744, 2.1255)
(-4.6788, -4.9982, -0.0801)
(-3.8276, -3.1646, 1.7359)
(-4.8105, -5.4447, -0.2454)
(-4.1509, -3.61, 1.3629)
(-4.4817, -4.0876, 1.0099)
(-2.4448, -1.6491, 3.4049)
(-2.7155, -2.0552, 3.132)
(-4.8023, -4.5802, 0.6605)
(-3.0644, -2.5297, 2.8176)
(-3.4514, -3.0162, 2.5381)
(-5.0732, -5.0858, 0.3599)
(-3.7788, -3.4962, 2.1929)
(-5.2588, -5.4928, 0.1464)
(-4.1004, -3.9492, 1.8049)
(-4.4891, -4.3984, 1.471)
(-2.2035, -2.0747, 3.6238)
(-2.3988, -2.4436, 3.3794)
(-4.8852, -4.8595, 1.1537)
(-2.7289, -2.9099, 3.0746)
(-3.1236, -3.3961, 2.7881)
(-5.2429, -5.3147, 0.8593)
(-3.501, -3.8779, 2.4726)
(-2.0459, -2.3869, 3.6396)
(-5.5072, -5.6679, 0.6319)
(-3.8595, -4.3453, 2.1203)
(-2.0459, -2.7053, 3.5117)
(-2.4354, -3.1994, 3.2123)
(-4.2787, -4.7922, 1.8105)
(-2.8417, -3.6929, 2.9305)
(-4.7083, -5.2402, 1.5101)
(-3.2453, -4.1847, 2.6483)
(-3.648, -4.6617, 2.3416)
(-5.1053, -5.6717, 1.2304)
(-4.0537, -5.1103, 2.0001)
(-5.4064, -5.985, 1.0218)
(-4.453, -5.5514, 1.642)
(-5.1409, -6.1161, 1.177)
(-4.8415, -6.0092, 1.2946)
(1.9087, 2.4846, 0.5696)
(2.4872, 3.6696, -3.5673)
(0.2809, 0.5023, 4.8487)
(2.2094, 3.001, -1.1951)
(0.6573, 1.0706, 4.9918)
(1.0198, 1.6425, 5.1513)
(1.8666, 2.4281, 1.1681)
(1.3824, 2.2149, 5.3093)
(1.7419, 2.796, 5.4407)
(2.0898, 3.3904, 5.535)
(2.4395, 3.9864, 5.6096)
(2.4587, 3.5522, -2.9687)
(2.8054, 4.5723, 5.7002)
(2.09, 2.7782, -0.6127)
(1.9839, 2.5952, -0.0255)
(2.3403, 3.2727, 2.6584)
(1.8573, 2.4271, 1.7723)
(2.0073, 2.7332, 2.3643)
(2.6748, 3.5477, 3.1996)
(3.0105, 3.7525, 3.7711)
(2.5279, 3.7963, -4.1677)
(2.4157, 3.4175, -2.371)
(2.3226, 3.2242, -1.7804)
(3.3083, 4.5011, 5.6492)
(2.975, 4.4061, 5.6709)
(2.966, 4.6471, 5.7443)
(3.2806, 4.7038, 5.7693)
(3.0984, 3.8787, 3.8613)
(3.0109, 3.9219, 3.6255)
(3.1615, 4.199, 3.7325)
(3.1831, 4.1639, 3.9432)
(3.2633, 4.1412, 3.5213)
(3.5017, 4.4002, 3.6567)
(3.3526, 4.4923, 3.776)
(3.5894, 4.1623, 3.7793)
(3.7424, 4.3769, 4.0853)
(3.6764, 4.6272, 3.8632)
(3.6855, 4.1093, 4.3579)
(3.7905, 4.3336, 4.6813)
(3.8811, 4.5619, 4.4011)
(3.6212, 4.1054, 4.9561)
(3.6501, 4.3629, 5.2563)
(3.867, 4.536, 5.0001)
(3.3478, 4.2108, 5.4464)
(3.6249, 4.6114, 5.5247)
(0.9567, -0.1596, 4.3665)
(0.6427, -0.2341, 4.4851)
(0.5724, 0.0947, 4.6726)
(0.894, 0.2013, 4.5984)
(1.2859, 0.3466, 4.5199)
(0.8456, 0.5774, 4.7943)
(1.2426, 0.7438, 4.7558)
(1.6626, 0.9094, 4.7003)
(1.206, 1.1463, 4.9449)
(1.6093, 1.3136, 4.9181)
(2.0251, 1.4811, 4.86)
(1.5676, 1.7211, 5.0943)
(1.9699, 1.89, 5.0645)
(2.3732, 2.0693, 4.9778)
(1.9264, 2.3007, 5.2305)
(2.3217, 2.4776, 5.1771)
(2.7061, 2.671, 5.0544)
(2.2779, 2.8893, 5.338)
(2.6643, 3.0735, 5.2604)
(3.033, 3.2764, 5.1148)
(2.6261, 3.481, 5.4283)
(3.0088, 3.6662, 5.3438)
(3.3615, 3.8722, 5.188)
(2.9839, 4.055, 5.538)
(1.3273, -0.4308, 3.9773)
(0.9716, -0.5784, 4.1132)
(1.3183, -0.0358, 4.258)
(1.7216, 0.1571, 4.1559)
(1.7037, 0.5222, 4.4449)
(2.0958, 0.73, 4.3381)
(2.0708, 1.0914, 4.6172)
(2.412, 1.3275, 4.4647)
(2.4082, 1.6827, 4.7385)
(2.6905, 1.9495, 4.5387)
(2.7239, 2.2923, 4.8099)
(2.9706, 2.5735, 4.5707)
(3.0273, 2.9096, 4.8514)
(3.2641, 3.1949, 4.593)
(3.3323, 3.5261, 4.8981)
(3.545, 3.8176, 4.636)
(1.1058, -1.6286, 3.0667)
(0.827, -1.9071, 3.1531)
(0.9207, -1.6582, 3.4498)
(1.1547, -1.3743, 3.4011)
(1.4181, -1.0822, 3.2936)
(1.0972, -1.0968, 3.7573)
(1.3686, -0.7954, 3.6508)
(1.7309, -0.4992, 3.4961)
(1.7259, -0.1839, 3.837)
(2.0919, 0.0889, 3.6857)
(2.1024, 0.3961, 4.0257)
(2.3649, 0.6989, 3.8333)
(2.391, 1.0049, 4.1577)
(2.5247, 1.3532, 3.9183)
(2.6111, 1.6444, 4.2377)
(2.654, 2.0185, 3.9862)
(2.825, 2.2853, 4.2873)
(2.9087, 2.6342, 4.0035)
(3.1311, 2.8922, 4.2897)
(3.2513, 3.2266, 4.0)
(3.4272, 3.5133, 4.3143)
(3.5418, 3.8464, 4.0347)
(1.3562, -1.5842, 2.5414)
(1.0369, -1.8729, 2.7069)
(1.4071, -1.3411, 2.9271)
(1.7175, -1.0391, 2.7552)
(1.7327, -0.7803, 3.1328)
(2.0494, -0.4668, 2.9545)
(2.0718, -0.197, 3.3255)
(2.3245, 0.1368, 3.1345)
(2.3417, 0.4099, 3.4942)
(2.4148, 0.7841, 3.2614)
(2.4455, 1.0655, 3.5952)
(2.3879, 1.4558, 3.355)
(2.5063, 1.7394, 3.6746)
(2.4473, 2.1284, 3.4312)
(2.6573, 2.3931, 3.7246)
(2.7139, 2.7417, 3.4392)
(3.0075, 2.9718, 3.7078)
(3.0746, 3.3235, 3.4343)
(3.3378, 3.5745, 3.7237)
(3.3621, 3.911, 3.5149)
(1.5984, -1.5207, 1.9781)
(1.2862, -1.8204, 2.1484)
(1.6699, -1.2855, 2.3697)
(1.9738, -0.9759, 2.1957)
(2.0186, -0.7248, 2.577)
(2.2906, -0.3934, 2.3945)
(2.3074, -0.1298, 2.766)
(2.4778, 0.2432, 2.5611)
(2.4401, 0.5121, 2.9162)
(2.4295, 0.9013, 2.681)
(2.3532, 1.1724, 3.0188)
(2.269, 1.5617, 2.7852)
(2.2985, 1.8445, 3.1189)
(2.2479, 2.2346, 2.8737)
(2.4384, 2.5008, 3.1689)
(2.468, 2.8593, 2.9201)
(2.7748, 3.0896, 3.1673)
(2.7874, 3.427, 3.0155)
(3.0726, 3.6698, 3.2556)
(3.0088, 3.8888, 3.3369)
(1.8271, -1.4471, 1.4149)
(1.5202, -1.7546, 1.5846)
(1.9082, -1.2151, 1.8077)
(2.212, -0.9002, 1.636)
(2.266, -0.654, 2.0198)
(2.5212, -0.3057, 1.8355)
(2.5108, -0.0325, 2.2016)
(2.6544, 0.3557, 1.993)
(2.559, 0.6348, 2.3415)
(2.549, 1.025, 2.11)
(2.3826, 1.2924, 2.4467)
(2.3153, 1.6724, 2.2127)
(2.2156, 1.9555, 2.5502)
(2.1166, 2.3273, 2.3101)
(2.2074, 2.6267, 2.6406)
(2.1814, 2.9968, 2.5076)
(2.4928, 3.193, 2.7997)
(2.5156, 3.4077, 2.9235)
(2.7856, 3.629, 3.1363)
(2.8504, 3.651, 3.4784)
(2.027, -1.3538, 0.8469)
(1.7358, -1.6748, 1.0192)
(2.1278, -1.1316, 1.2436)
(2.4096, -0.8018, 1.0669)
(2.489, -0.5646, 1.4572)
(2.7051, -0.1963, 1.2641)
(2.7062, 0.0737, 1.635)
(2.7732, 0.4683, 1.413)
(2.6835, 0.7497, 1.7649)
(2.5835, 1.1133, 1.5237)
(2.4468, 1.3895, 1.8704)
(2.2801, 1.7144, 1.6295)
(2.1752, 2.0012, 1.9731)
(2.0066, 2.2366, 1.7269)
(1.9403, 2.5724, 2.0664)
(2.1931, -1.2383, 0.272)
(1.9177, -1.5682, 0.4481)
(2.3019, -1.0224, 0.67)
(2.5515, -0.6775, 0.4861)
(2.6438, -0.4459, 0.879)
(2.807, -0.0644, 0.6769)
(2.8175, 0.1941, 1.052)
(2.7963, 0.5761, 0.8216)
(2.6982, 0.841, 1.1746)
(2.5554, 1.1801, 0.9323)
(2.4165, 1.4408, 1.281)
(2.2606, 1.7526, 1.0405)
(2.117, 1.9956, 1.3863)
(1.9945, 2.2331, 1.1324)
(1.8705, 2.4209, 1.4697)
(2.3684, -1.1289, -0.3032)
(2.0898, -1.4533, -0.1261)
(2.4581, -0.9042, 0.0917)
(2.6967, -0.5565, -0.095)
(2.7582, -0.3145, 0.2928)
(2.8926, 0.0694, 0.0877)
(2.8713, 0.3235, 0.4601)
(2.8395, 0.6995, 0.2306)
(2.6998, 0.9357, 0.5832)
(2.5963, 1.2788, 0.3444)
(2.4235, 1.5074, 0.692)
(2.3074, 1.8315, 0.4521)
(2.1377, 2.0423, 0.7951)
(2.0404, 2.2969, 0.5386)
(1.8961, 2.451, 0.8696)
(2.5503, -1.0225, -0.878)
(2.2745, -1.3475, -0.6999)
(2.6275, -0.7927, -0.4852)
(2.8476, -0.4353, -0.6745)
(2.8811, -0.186, -0.2912)
(2.99, 0.2044, -0.4991)
(2.9391, 0.4582, -0.13)
(2.9126, 0.8358, -0.3578)
(2.7654, 1.0599, -0.0042)
(2.6774, 1.4102, -0.241)
(2.4931, 1.6165, 0.1059)
(2.3894, 1.9552, -0.1344)
(2.2048, 2.1373, 0.2057)
(2.1181, 2.4133, -0.0519)
(1.955, 2.5352, 0.2744)
(2.7269, -0.9115, -1.4534)
(2.4588, -1.2413, -1.2741)
(2.7957, -0.6782, -1.0619)
(2.9928, -0.31, -1.2543)
(3.0057, -0.0546, -0.8741)
(3.0893, 0.3419, -1.0855)
(3.021, 0.5973, -0.7185)
(2.9899, 0.9806, -0.9472)
(2.8457, 1.2024, -0.5916)
(2.7583, 1.5642, -0.8295)
(2.5791, 1.7611, -0.4802)
(2.4761, 2.1185, -0.7223)
(2.2924, 2.2822, -0.3821)
(2.2147, 2.5863, -0.6396)
(2.0458, 2.6821, -0.3157)
(2.8956, -0.7947, -2.0298)
(2.6359, -1.1294, -1.8493)
(2.9562, -0.5584, -1.6394)
(3.131, -0.1812, -1.835)
(3.1251, 0.0792, -1.4576)
(3.1866, 0.4796, -1.6724)
(3.1039, 0.739, -1.3077)
(3.0642, 1.1286, -1.5385)
(2.9206, 1.3565, -1.1825)
(2.8296, 1.7306, -1.4222)
(2.6583, 1.9307, -1.0704)
(2.5556, 2.3053, -1.3138)
(2.3831, 2.4677, -0.9708)
(2.3163, 2.7935, -1.2269)
(2.1585, 2.8849, -0.9009)
(3.0575, -0.6732, -2.6068)
(2.8055, -1.0119, -2.4253)
(3.1094, -0.4341, -2.2179)
(3.2634, -0.05, -2.4163)
(3.2399, 0.2137, -2.0417)
(3.2811, 0.6158, -2.2597)
(3.1854, 0.8793, -1.8974)
(3.135, 1.2724, -2.1308)
(2.9886, 1.5128, -1.7758)
(2.8928, 1.8942, -2.0171)
(2.7272, 2.1095, -1.6645)
(2.6256, 2.4933, -1.9083)
(2.468, 2.6692, -1.5621)
(2.4108, 3.003, -1.8165)
(2.2748, 3.1077, -1.4853)
(3.2139, -0.548, -3.1844)
(2.9691, -0.8897, -3.0019)
(3.2566, -0.3063, -2.7968)
(3.3909, 0.083, -2.9981)
(3.3504, 0.3487, -2.6263)
(3.372, 0.751, -2.8477)
(3.2642, 1.0155, -2.4877)
(3.2024, 1.4074, -2.7232)
(3.0522, 1.6588, -2.3698)
(2.9509, 2.0404, -2.6122)
(2.788, 2.2773, -2.2602)
(2.6859, 2.6596, -2.504)
(2.542, 2.8595, -2.156)
(2.4877, 3.1859, -2.4099)
(2.3779, 3.3159, -2.0736)
(3.3656, -0.4197, -3.7621)
(3.1277, -0.7638, -3.5787)
(3.399, -0.1759, -3.3762)
(3.5141, 0.2173, -3.5804)
(3.4567, 0.484, -3.2115)
(3.4585, 0.8852, -3.4363)
(3.3388, 1.1485, -3.0785)
(3.2642, 1.537, -3.3165)
(3.1109, 1.7915, -2.9639)
(3.0024, 2.1696, -3.2074)
(2.8421, 2.4201, -2.8558)
(2.735, 2.7944, -3.1001)
(2.6, 3.0156, -2.7517)
(2.5363, 3.326, -3.0069)
(2.4463, 3.4805, -2.6686)
(3.5134, -0.2889, -4.34)
(3.2821, -0.6349, -4.1556)
(3.5371, -0.0433, -3.9558)
(3.633, 0.3525, -4.1631)
(3.5586, 0.6193, -3.7974)
(3.5398, 1.018, -4.026)
(3.4079, 1.2792, -3.6704)
(3.3187, 1.663, -3.911)
(3.162, 1.9169, -3.559)
(3.0443, 2.291, -3.8041)
(2.8865, 2.5446, -3.4521)
(2.7718, 2.9148, -3.6975)
(2.641, 3.1423, -3.3489)
(2.57, 3.4468, -3.6055)
(2.4823, 3.6072, -3.2675)
(3.651, -0.1635, -4.8881)
(3.4323, -0.5045, -4.7289)
(3.6706, 0.0899, -4.5318)
(3.7413, 0.4806, -4.7142)
(3.6547, 0.7531, -4.3801)
(3.6108, 1.1416, -4.584)
(3.4701, 1.4063, -4.2594)
(3.3633, 1.7786, -4.4737)
(3.2041, 2.0372, -4.1515)
(3.0758, 2.4015, -4.3688)
(2.9203, 2.6616, -4.0457)
(2.7995, 3.0239, -4.263)
(2.6729, 3.2593, -3.9433)
(2.6019, 3.559, -4.1737)
(2.5165, 3.7284, -3.8674)
(3.7575, -0.065, -5.3165)
(3.5592, -0.3921, -5.2187)
(3.7807, 0.2028, -5.0176)
(3.8213, 0.5783, -5.1366)
(3.7309, 0.8645, -4.8699)
(3.6606, 1.2345, -5.0116)
(3.5166, 1.5105, -4.7547)
(3.3928, 1.8648, -4.9048)
(3.2338, 2.1351, -4.6496)
(3.0961, 2.4839, -4.8013)
(2.9434, 2.7569, -4.5448)
(2.8174, 3.1055, -4.6958)
(2.6966, 3.3542, -4.4419)
(2.6267, 3.6252, -4.5925)
(2.5514, 3.8119, -4.3552)
(0.3603, 0.0209, 4.7115)
(0.2781, 0.3221, 4.8055)
(0.5052, 0.4238, 4.8058)
(0.4765, 0.7793, 4.9203)
(0.8348, 0.9651, 4.9431)
(0.8452, 1.3483, 5.0702)
(1.1965, 1.5385, 5.092)
(1.2068, 1.92, 5.2261)
(1.5573, 2.1142, 5.2398)
(1.5671, 2.4977, 5.3685)
(1.9144, 2.697, 5.3667)
(1.9208, 3.086, 5.4811)
(2.2645, 3.2883, 5.4656)
(2.2704, 3.6811, 5.5669)
(2.6184, 3.8773, 5.5581)
(2.6298, 4.2728, 5.6523)
(2.5891, 4.6556, 5.665)
(2.5507, 4.9941, 5.6285)
(2.7525, 5.0544, 5.7552)
(2.82, 4.7492, 5.7413)
(2.9619, 3.9424, 3.6796)
(3.096, 3.8559, 3.8875)
(3.1898, 4.1267, 4.0102)
(3.0655, 4.2439, 3.8259)
(2.8582, 4.3985, 3.6211)
(3.1823, 4.5675, 3.9312)
(2.9553, 4.7385, 3.7911)
(2.6263, 4.8054, 3.8269)
(3.0207, 5.0355, 4.0026)
(2.6869, 5.0806, 4.1202)
(2.3528, 5.0205, 4.3088)
(2.7277, 5.3267, 4.4187)
(2.4351, 5.2476, 4.635)
(2.1945, 5.065, 4.875)
(2.5096, 5.4359, 4.9624)
(2.3514, 5.2209, 5.2017)
(2.292, 4.9016, 5.401)
(2.5466, 5.3174, 5.4915)
(-0.5471, 0.5917, 4.5617)
(-0.5787, 0.9203, 4.4266)
(-0.2223, 0.9848, 4.6248)
(-0.2073, 0.6356, 4.7091)
(-0.215, 1.4086, 4.5133)
(0.1603, 1.5072, 4.7222)
(0.1471, 1.0695, 4.7855)
(0.1591, 1.9659, 4.6491)
(0.5189, 2.0698, 4.8783)
(0.5228, 1.6247, 4.918)
(0.5407, 2.5102, 4.7743)
(0.9035, 2.6262, 4.9811)
(0.8882, 2.1907, 5.0617)
(0.952, 3.0467, 4.8133)
(1.3011, 3.1783, 5.03)
(1.2758, 2.7515, 5.1529)
(1.3255, 3.6095, 4.8707)
(1.6365, 3.7629, 5.1421)
(1.6342, 3.3276, 5.2482)
(1.6711, 4.1897, 4.9813)
(1.9651, 4.3529, 5.2732)
(1.9534, 3.9232, 5.3804)
(2.0327, 4.7556, 5.0998)
(2.2806, 4.51, 5.5153)
(-0.9371, 0.7771, 4.1649)
(-0.8893, 1.157, 3.9825)
(-0.5664, 1.3036, 4.2773)
(-0.5046, 1.747, 4.1333)
(-0.1891, 1.8654, 4.4037)
(-0.0978, 2.2852, 4.2564)
(0.2086, 2.4, 4.5246)
(0.3777, 2.7475, 4.2917)
(0.651, 2.8958, 4.5647)
(0.8052, 3.248, 4.3059)
(1.0343, 3.4462, 4.5939)
(1.191, 3.7958, 4.3663)
(1.4083, 4.0103, 4.6713)
(1.6049, 4.3338, 4.4394)
(1.7994, 4.5635, 4.7672)
(2.0397, 4.8477, 4.5315)
(-1.8341, 0.0656, 3.0261)
(-1.7073, 0.4346, 2.9591)
(-1.5133, 0.5696, 3.3038)
(-1.6337, 0.2216, 3.3172)
(-1.3914, 0.9527, 3.2307)
(-1.1717, 1.0363, 3.6195)
(-1.3068, 0.641, 3.6986)
(-1.0147, 1.4811, 3.4544)
(-0.7706, 1.611, 3.8079)
(-0.6064, 2.0368, 3.6219)
(-0.3699, 2.1637, 3.9596)
(-0.1153, 2.469, 3.7251)
(0.1272, 2.592, 4.017)
(0.4072, 2.8464, 3.7389)
(0.602, 3.046, 4.0119)
(0.894, 3.2739, 3.7689)
(1.0359, 3.5396, 4.0629)
(1.3844, 3.7201, 3.8496)
(1.4784, 4.0433, 4.1402)
(1.812, 4.2381, 3.9048)
(1.9002, 4.5728, 4.2006)
(2.2528, 4.7377, 3.9852)
(-1.9248, 0.3011, 2.6071)
(-1.8059, 0.716, 2.4644)
(-1.5963, 0.8412, 2.8499)
(-1.4447, 1.2469, 2.6959)
(-1.2342, 1.363, 3.0806)
(-1.0275, 1.7559, 2.892)
(-0.8203, 1.8945, 3.262)
(-0.576, 2.2474, 3.0568)
(-0.3641, 2.38, 3.4068)
(-0.0414, 2.6274, 3.1724)
(0.1999, 2.7114, 3.4689)
(0.5661, 2.8558, 3.2279)
(0.7466, 3.0182, 3.4997)
(1.1672, 3.0821, 3.3114)
(1.2864, 3.3836, 3.5806)
(1.6619, 3.4946, 3.3746)
(1.7381, 3.8731, 3.6302)
(2.075, 4.0264, 3.4066)
(2.155, 4.4018, 3.6815)
(2.5318, 4.4717, 3.5576)
(-2.0291, 0.5881, 2.0826)
(-1.8667, 0.9844, 1.9229)
(-1.6583, 1.1209, 2.31)
(-1.4472, 1.4884, 2.1348)
(-1.2353, 1.622, 2.5157)
(-0.9757, 1.9542, 2.3199)
(-0.7742, 2.0995, 2.6909)
(-0.4641, 2.3781, 2.4822)
(-0.2603, 2.5086, 2.8403)
(0.1266, 2.6389, 2.6224)
(0.3477, 2.7436, 2.9403)
(0.77, 2.7777, 2.7057)
(0.9855, 2.9081, 3.0034)
(1.4109, 2.9194, 2.8076)
(1.5706, 3.1484, 3.1163)
(1.9195, 3.2591, 2.9028)
(1.9969, 3.6408, 3.145)
(2.338, 3.7306, 3.0439)
(2.4395, 4.0968, 3.298)
(2.7544, 4.0468, 3.4152)
(-2.0618, 0.836, 1.5327)
(-1.8335, 1.194, 1.3561)
(-1.6509, 1.3489, 1.7481)
(-1.386, 1.6783, 1.562)
(-1.182, 1.8148, 1.9441)
(-0.8735, 2.0985, 1.7433)
(-0.6649, 2.2341, 2.1146)
(-0.3143, 2.4616, 1.906)
(-0.0981, 2.5665, 2.2706)
(0.3019, 2.6678, 2.057)
(0.5445, 2.6848, 2.4017)
(0.9552, 2.6628, 2.1849)
(1.1944, 2.748, 2.4957)
(1.6098, 2.678, 2.3)
(1.8209, 2.9211, 2.6273)
(2.1662, 3.009, 2.515)
(2.2312, 3.3772, 2.8046)
(2.4995, 3.4126, 2.9345)
(2.6262, 3.7218, 3.1846)
(2.8348, 3.6492, 3.4924)
(-1.9872, 1.0178, 0.9604)
(-1.7133, 1.3432, 0.7813)
(-1.5664, 1.5245, 1.1738)
(-1.2737, 1.8342, 0.9889)
(-1.089, 1.9786, 1.3696)
(-0.7621, 2.2441, 1.172)
(-0.5322, 2.3413, 1.5374)
(-0.1842, 2.567, 1.3324)
(0.0573, 2.635, 1.6959)
(0.4341, 2.7322, 1.4804)
(0.7007, 2.6972, 1.8395)
(1.072, 2.6556, 1.6154)
(1.3341, 2.5963, 1.9662)
(1.6282, 2.5214, 1.726)
(1.9243, 2.5878, 2.0702)
(-1.8388, 1.1465, 0.3874)
(-1.5705, 1.4727, 0.2128)
(-1.418, 1.6503, 0.6016)
(-1.1403, 1.9689, 0.4247)
(-0.9644, 2.1256, 0.8026)
(-0.6729, 2.4282, 0.6167)
(-0.4362, 2.5077, 0.976)
(-0.1119, 2.7308, 0.7682)
(0.1633, 2.7384, 1.1209)
(0.513, 2.7934, 0.8965)
(0.7956, 2.7361, 1.2566)
(1.1306, 2.676, 1.0259)
(1.3905, 2.5822, 1.3796)
(1.6486, 2.5142, 1.1291)
(1.8534, 2.4343, 1.4707)
(-1.7537, 1.3188, -0.1753)
(-1.5723, 1.7063, -0.3346)
(-1.3432, 1.8287, 0.0446)
(-1.1514, 2.2093, -0.1189)
(-0.9042, 2.3167, 0.25)
(-0.648, 2.6239, 0.0562)
(-0.3809, 2.6943, 0.4145)
(-0.0472, 2.8316, 0.1847)
(0.2328, 2.829, 0.5391)
(0.5734, 2.8211, 0.3051)
(0.8511, 2.76, 0.6661)
(1.1763, 2.6912, 0.4321)
(1.4296, 2.6045, 0.7858)
(1.6899, 2.5538, 0.5317)
(1.8792, 2.4618, 0.8681)
(-1.8234, 1.5938, -0.7034)
(-1.676, 2.0019, -0.8506)
(-1.4089, 2.1036, -0.4867)
(-1.2011, 2.4588, -0.6616)
(-0.9239, 2.5442, -0.3025)
(-0.6175, 2.7575, -0.5234)
(-0.3286, 2.8033, -0.17)
(0.0204, 2.8454, -0.4114)
(0.2983, 2.8477, -0.0546)
(0.639, 2.7982, -0.2919)
(0.9065, 2.7599, 0.071)
(1.2411, 2.6999, -0.166)
(1.4815, 2.632, 0.1889)
(1.7604, 2.6263, -0.0657)
(1.9375, 2.5447, 0.2697)
(-1.9251, 1.8887, -1.2217)
(-1.7401, 2.2705, -1.388)
(-1.4779, 2.369, -1.021)
(-1.2013, 2.6424, -1.2282)
(-0.9102, 2.7045, -0.8759)
(-0.5572, 2.8043, -1.1172)
(-0.2633, 2.8279, -0.7658)
(0.1, 2.8033, -1.0109)
(0.3722, 2.8048, -0.6528)
(0.7267, 2.7693, -0.8923)
(0.9844, 2.7495, -0.5286)
(1.3388, 2.7556, -0.7635)
(1.5668, 2.6932, -0.409)
(1.8633, 2.7691, -0.6562)
(2.0281, 2.6912, -0.3226)
(-1.9683, 2.1501, -1.7671)
(-1.7486, 2.4968, -1.9479)
(-1.4862, 2.5776, -1.5824)
(-1.156, 2.7518, -1.8117)
(-0.8561, 2.7744, -1.4661)
(-0.4796, 2.8011, -1.7161)
(-0.1834, 2.8016, -1.3656)
(0.1906, 2.8036, -1.6099)
(0.4655, 2.781, -1.2537)
(0.8313, 2.8393, -1.4855)
(1.0895, 2.7999, -1.1262)
(1.4487, 2.9269, -1.3409)
(1.6761, 2.851, -0.993)
(1.9766, 2.994, -1.2309)
(2.1409, 2.8943, -0.9069)
(-1.9606, 2.3797, -2.3277)
(-1.7129, 2.6866, -2.5204)
(-1.4457, 2.7342, -2.1596)
(-1.086, 2.8523, -2.3994)
(-0.782, 2.8137, -2.0619)
(-0.403, 2.8755, -2.3074)
(-0.1006, 2.8339, -1.9617)
(0.2682, 2.9521, -2.1863)
(0.5586, 2.894, -1.8379)
(0.9113, 3.0854, -2.0348)
(1.1887, 3.0028, -1.6901)
(1.5414, 3.2112, -1.8853)
(1.784, 3.1045, -1.5542)
(2.0847, 3.242, -1.8011)
(2.2572, 3.1175, -1.4902)
(-1.9173, 2.5864, -2.8973)
(-1.6598, 2.8766, -3.0945)
(-1.3842, 2.8917, -2.7384)
(-1.0233, 3.0318, -2.9711)
(-0.7118, 2.9431, -2.6432)
(-0.3466, 3.0956, -2.8638)
(-0.0361, 3.0174, -2.5281)
(0.3113, 3.2406, -2.7152)
(0.6179, 3.1626, -2.3771)
(0.9583, 3.4094, -2.5521)
(1.2588, 3.3145, -2.2186)
(1.6142, 3.4922, -2.4307)
(1.8787, 3.3693, -2.1129)
(2.173, 3.455, -2.3811)
(2.3603, 3.3257, -2.0778)
(-1.8613, 2.7824, -3.4712)
(-1.5998, 3.0774, -3.6643)
(-1.3277, 3.0922, -3.306)
(-0.9763, 3.2791, -3.519)
(-0.6608, 3.1862, -3.1929)
(-0.314, 3.4055, -3.3827)
(0.0001, 3.3207, -3.0507)
(0.3343, 3.5813, -3.2187)
(0.6477, 3.4967, -2.8855)
(0.993, 3.7175, -3.0751)
(1.309, 3.6109, -2.7511)
(1.6653, 3.7216, -2.9939)
(1.9469, 3.5861, -2.6858)
(2.2244, 3.6176, -2.9707)
(2.4281, 3.4892, -2.6711)
(-1.7928, 2.9703, -4.0456)
(-1.5267, 3.2814, -4.2299)
(-1.2761, 3.3263, -3.8598)
(-0.9397, 3.5623, -4.0493)
(-0.6302, 3.4935, -3.712)
(-0.2954, 3.7451, -3.8852)
(0.0197, 3.6645, -3.5517)
(0.3579, 3.9057, -3.7314)
(0.6752, 3.8154, -3.4017)
(1.0317, 3.9736, -3.6232)
(1.3516, 3.8539, -3.306)
(1.7075, 3.9033, -3.5737)
(1.9907, 3.7565, -3.2708)
(2.2602, 3.7535, -3.5653)
(2.4637, 3.6147, -3.2685)
(-1.7006, 3.1433, -4.6166)
(-1.4373, 3.4594, -4.7682)
(-1.216, 3.5593, -4.4082)
(-0.8995, 3.8182, -4.556)
(-0.6047, 3.8058, -4.2242)
(-0.2749, 4.0442, -4.3733)
(0.0406, 3.9869, -4.0604)
(0.3885, 4.166, -4.2398)
(0.711, 4.0793, -3.9412)
(1.0726, 4.167, -4.1617)
(1.3943, 4.0461, -3.8769)
(1.7468, 4.0511, -4.129)
(2.029, 3.9018, -3.8583)
(2.2967, 3.8806, -4.1302)
(2.4987, 3.7375, -3.8676)
(-1.6037, 3.2779, -5.1037)
(-1.3592, 3.5937, -5.1865)
(-1.1585, 3.7488, -4.8713)
(-0.8773, 4.0246, -4.937)
(-0.587, 4.0622, -4.6569)
(-0.2641, 4.2684, -4.7479)
(0.0633, 4.2278, -4.5034)
(0.4163, 4.3366, -4.6415)
(0.7463, 4.26, -4.412)
(1.1059, 4.2933, -4.5814)
(1.4314, 4.1845, -4.364)
(1.779, 4.1583, -4.5552)
(2.0628, 4.0198, -4.3512)
(2.3139, 3.982, -4.542)
(2.5194, 3.8503, -4.3503)
(-0.1987, 0.4015, 4.7547)
(0.1266, 0.689, 4.8133)
(0.1143, 0.4332, 4.8231)
(0.4994, 1.2034, 4.9303)
(0.4616, 0.7936, 4.9202)
(0.8662, 1.7716, 5.0815)
(0.8319, 1.3647, 5.073)
(1.2359, 2.3403, 5.2199)
(1.1954, 1.9374, 5.2346)
(1.607, 2.9132, 5.3255)
(1.5572, 2.5131, 5.3815)
(1.9429, 3.5055, 5.4392)
(1.9109, 3.1004, 5.4946)
(2.2753, 4.1008, 5.5517)
(2.2588, 3.6957, 5.5777)
(2.615, 4.2859, 5.6574)
(-1.58, -2.3501, -1.4429)
(-0.9018, -1.0293, -5.5229)
(-2.0368, -2.7105, 3.5123)
(-1.2792, -1.8315, -3.2064)
(-2.4264, -3.2043, 3.2132)
(-2.8306, -3.6948, 2.9304)
(-1.7606, -2.6017, -0.9261)
(-3.2342, -4.1851, 2.646)
(-3.6376, -4.6605, 2.3375)
(-4.0433, -5.1106, 1.997)
(-4.4427, -5.5531, 1.6396)
(-1.0248, -1.2764, -4.9783)
(-4.8331, -6.0152, 1.2942)
(-1.3414, -1.9748, -2.5911)
(-1.4341, -2.14, -1.9964)
(-2.8251, -3.8964, -0.3271)
(-1.9778, -2.8934, -0.4436)
(-2.3895, -3.3704, -0.1795)
(-3.1224, -4.4969, -0.1499)
(-3.3719, -5.1001, 0.085)
(-0.7814, -0.7932, -6.0779)
(-1.1381, -1.5077, -4.4206)
(-1.2185, -1.6821, -3.8223)
(-4.5614, -6.406, 1.1115)
(-4.6161, -6.1154, 1.2929)
(-4.8511, -6.187, 1.2351)
(-4.7875, -6.4777, 1.1165)
(-3.4772, -5.2423, 0.0631)
(-3.4627, -5.0603, -0.115)
(-3.6773, -5.292, -0.2205)
(-3.7155, -5.4068, -0.0436)
(-3.5118, -5.2651, -0.3941)
(-3.6869, -5.5822, -0.4979)
(-3.8664, -5.5304, -0.3987)
(-3.4954, -5.6723, -0.3113)
(-3.7289, -5.9907, -0.2268)
(-3.8864, -5.8729, -0.5065)
(-3.6216, -6.0258, 0.1429)
(-3.8878, -6.3137, 0.253)
(-3.9465, -6.2961, -0.1148)
(-3.857, -6.262, 0.6438)
(-4.1724, -6.4798, 0.7459)
(-4.1449, -6.5711, 0.3803)
(-4.2267, -6.2878, 1.0788)
(-4.4893, -6.6349, 0.8465)
(-1.0411, -2.9301, 3.2144)
(-1.1405, -2.7075, 3.4567)
(-1.5144, -2.799, 3.4691)
(-1.455, -3.0557, 3.2437)
(-1.4001, -3.3772, 2.9709)
(-1.8637, -3.1785, 3.2317)
(-1.8387, -3.528, 2.9787)
(-1.7982, -3.8887, 2.7044)
(-2.2627, -3.6624, 2.9441)
(-2.2403, -4.0233, 2.6979)
(-2.2021, -4.3795, 2.4221)
(-2.666, -4.1479, 2.6524)
(-2.6442, -4.5068, 2.4034)
(-2.611, -4.8402, 2.1036)
(-3.0698, -4.6254, 2.3489)
(-3.0493, -4.9681, 2.0797)
(-3.0225, -5.2705, 1.751)
(-3.4741, -5.084, 2.0206)
(-3.4546, -5.4087, 1.7318)
(-3.4337, -5.6885, 1.3859)
(-3.876, -5.5321, 1.6784)
(-3.8564, -5.8504, 1.3849)
(-3.8409, -6.1119, 1.0349)
(-4.2663, -5.9944, 1.3568)
(-0.5293, -3.0056, 2.9065)
(-0.5885, -2.743, 3.2134)
(-0.9689, -3.2071, 2.9388)
(-0.9417, -3.5351, 2.6197)
(-1.362, -3.728, 2.6767)
(-1.3502, -4.0467, 2.3509)
(-1.7664, -4.2286, 2.4044)
(-1.7826, -4.4858, 2.0462)
(-2.1834, -4.6822, 2.0906)
(-2.2314, -4.872, 1.7004)
(-2.6065, -5.0966, 1.7362)
(-2.6661, -5.2404, 1.3203)
(-3.03, -5.4879, 1.3586)
(-3.0899, -5.6149, 0.929)
(-3.4541, -5.8826, 0.9848)
(-3.527, -5.9885, 0.5576)
(0.7281, -2.1526, 2.8487)
(0.5465, -2.1781, 3.2338)
(0.4122, -2.405, 2.9727)
(0.3028, -2.6292, 2.6501)
(0.0276, -2.5816, 3.1404)
(-0.087, -2.8146, 2.8112)
(-0.1452, -3.1003, 2.4138)
(-0.5366, -3.3205, 2.5321)
(-0.5746, -3.6067, 2.1479)
(-0.9526, -3.8381, 2.264)
(-1.0441, -4.0165, 1.8714)
(-1.4081, -4.2563, 1.9684)
(-1.5707, -4.311, 1.5611)
(-1.8963, -4.5993, 1.6393)
(-2.109, -4.5804, 1.2397)
(-2.3765, -4.924, 1.2876)
(-2.5405, -4.9203, 0.8606)
(-2.7758, -5.2976, 0.8833)
(-2.9108, -5.3195, 0.4457)
(-3.1988, -5.6755, 0.4929)
(-3.3375, -5.6978, 0.0656)
(0.9727, -2.1159, 2.3202)
(0.6488, -2.3928, 2.4895)
(0.5719, -2.6275, 2.0942)
(0.2235, -2.8727, 2.2621)
(0.141, -3.1114, 1.8536)
(-0.2118, -3.3611, 2.0085)
(-0.3327, -3.5415, 1.6031)
(-0.687, -3.7791, 1.7513)
(-0.9006, -3.7843, 1.3628)
(-1.2465, -4.0234, 1.4798)
(-1.5148, -3.9286, 1.1159)
(-1.8192, -4.2468, 1.1827)
(-2.0844, -4.1526, 0.8156)
(-2.3328, -4.5248, 0.8454)
(-2.5061, -4.498, 0.4264)
(-2.6842, -4.9219, 0.4242)
(-2.8595, -4.9104, 0.0091)
(-3.0741, -5.3223, 0.0236)
(-3.2753, -5.3035, -0.3183)
(1.2116, -2.0569, 1.7549)
(0.9, -2.3529, 1.9255)
(0.8151, -2.5823, 1.5271)
(0.4832, -2.8533, 1.6911)
(0.3702, -3.055, 1.2864)
(0.0196, -3.299, 1.4464)
(-0.1598, -3.4108, 1.0396)
(-0.532, -3.598, 1.2055)
(-0.7832, -3.546, 0.83)
(-1.1683, -3.6851, 0.9996)
(-1.4442, -3.5801, 0.6439)
(-1.7914, -3.8182, 0.7603)
(-2.0545, -3.7305, 0.3884)
(-2.3115, -4.0865, 0.4259)
(-2.5166, -4.0568, 0.0405)
(-2.6815, -4.4813, 0.0167)
(-2.9093, -4.4804, -0.2757)
(-3.0904, -4.8855, -0.3043)
(-3.3309, -4.9113, -0.3268)
(1.4368, -1.9883, 1.1897)
(1.1311, -2.2924, 1.3593)
(1.0409, -2.5238, 0.9602)
(0.7159, -2.8029, 1.1253)
(0.5832, -2.993, 0.7169)
(0.2162, -3.2132, 0.8774)
(0.0154, -3.3039, 0.4696)
(-0.3835, -3.4442, 0.6433)
(-0.6367, -3.3942, 0.2702)
(-1.0492, -3.4663, 0.4651)
(-1.3146, -3.3639, 0.115)
(-1.7146, -3.4947, 0.2792)
(-1.9831, -3.3618, -0.0604)
(-2.3203, -3.6555, 0.0234)
(-2.5979, -3.6368, -0.256)
(-2.7481, -4.0808, -0.2289)
(-2.9666, -4.2004, -0.2445)
(-3.1253, -4.5754, -0.2794)
(-3.2423, -4.8019, -0.0411)
(1.6358, -1.8962, 0.6212)
(1.3448, -2.2173, 0.7917)
(1.2353, -2.4303, 0.3892)
(0.9256, -2.7327, 0.5548)
(0.764, -2.8889, 0.1435)
(0.4029, -3.1211, 0.3053)
(0.1716, -3.1409, -0.0893)
(-0.2276, -3.2887, 0.0839)
(-0.4901, -3.151, -0.2515)
(-0.9012, -3.2558, -0.0638)
(-1.1568, -3.0538, -0.3559)
(-1.5633, -3.1864, -0.1878)
(-1.7415, -2.9636, -0.4389)
(-2.1732, -3.1363, -0.3121)
(1.8054, -1.776, 0.0482)
(1.5223, -2.1034, 0.2201)
(1.3901, -2.288, -0.1842)
(1.0893, -2.6019, -0.0183)
(0.8991, -2.7107, -0.4246)
(0.5503, -2.9512, -0.2572)
(0.2985, -2.8889, -0.6207)
(-0.0901, -3.0272, -0.4356)
(-0.3481, -2.8472, -0.7441)
(-0.7475, -2.9482, -0.5462)
(-0.9878, -2.7524, -0.835)
(-1.3729, -2.8452, -0.6293)
(-1.5324, -2.6577, -0.9039)
(-1.86, -2.7534, -0.6848)
(1.984, -1.6623, -0.5252)
(1.6872, -1.9736, -0.3534)
(1.5494, -2.1481, -0.7574)
(1.2293, -2.4348, -0.5898)
(1.0273, -2.5181, -0.9894)
(0.6707, -2.7292, -0.8106)
(0.4195, -2.6567, -1.1665)
(0.0394, -2.7539, -0.9526)
(-0.2081, -2.6091, -1.274)
(-0.5926, -2.6746, -1.0488)
(-0.8283, -2.5149, -1.3573)
(-1.1949, -2.578, -1.1284)
(-1.3584, -2.4136, -1.4223)
(-1.6628, -2.4825, -1.1841)
(2.1675, -1.5539, -1.0991)
(1.8624, -1.8546, -0.927)
(1.7101, -2.0137, -1.3314)
(1.3747, -2.2759, -1.161)
(1.1579, -2.3367, -1.5569)
(0.7912, -2.5207, -1.3701)
(0.54, -2.4535, -1.7272)
(0.1671, -2.5421, -1.5036)
(-0.0813, -2.4128, -1.8325)
(-0.4509, -2.4636, -1.5925)
(-0.6943, -2.3172, -1.913)
(-1.0409, -2.3604, -1.6667)
(-1.2182, -2.2088, -1.9759)
(-1.5005, -2.2528, -1.7186)
(2.3452, -1.4414, -1.6739)
(2.0344, -1.735, -1.5016)
(1.865, -1.8748, -1.9057)
(1.5176, -2.1189, -1.7334)
(1.287, -2.1573, -2.1259)
(0.9129, -2.3256, -1.9354)
(0.6553, -2.2548, -2.2943)
(0.2848, -2.3465, -2.0691)
(0.0272, -2.2194, -2.4046)
(-0.3333, -2.2738, -2.1599)
(-0.5917, -2.1309, -2.4913)
(-0.9224, -2.1712, -2.236)
(-1.1203, -2.0332, -2.5626)
(-1.3817, -2.0658, -2.292)
(2.5152, -1.3226, -2.2495)
(2.1991, -1.6091, -2.0768)
(2.0144, -1.7298, -2.4797)
(1.6565, -1.9575, -2.3055)
(1.415, -1.9757, -2.6948)
(1.0328, -2.1313, -2.5028)
(0.7672, -2.0531, -2.8634)
(0.3916, -2.1467, -2.6411)
(0.1227, -2.018, -2.9828)
(-0.2383, -2.0811, -2.7405)
(-0.5109, -1.9414, -3.0817)
(-0.8371, -1.9925, -2.8275)
(-1.0499, -1.8691, -3.1676)
(-1.304, -1.9112, -2.8972)
(2.6787, -1.1985, -2.8256)
(2.3572, -1.4773, -2.6522)
(2.1596, -1.5799, -3.0534)
(1.793, -1.7917, -2.8768)
(1.5433, -1.7912, -3.2622)
(1.1535, -1.9351, -3.0694)
(0.8817, -1.8472, -3.4299)
(0.4948, -1.9403, -3.2137)
(0.2183, -1.8082, -3.5587)
(-0.1538, -1.8795, -3.3252)
(-0.4337, -1.7427, -3.6717)
(-0.7669, -1.8109, -3.4269)
(-0.9832, -1.6985, -3.7733)
(-1.2422, -1.7646, -3.5131)
(2.837, -1.0701, -3.4019)
(2.5102, -1.3407, -3.2277)
(2.3014, -1.4258, -3.6267)
(1.9275, -1.6219, -3.4472)
(1.6713, -1.603, -3.8283)
(1.2767, -1.7356, -3.6335)
(1.0023, -1.6368, -3.9911)
(0.6051, -1.7279, -3.7801)
(0.3267, -1.591, -4.1243)
(-0.0624, -1.6685, -3.903)
(-0.3412, -1.5316, -4.2487)
(-0.6903, -1.617, -4.0192)
(-0.8994, -1.5066, -4.3629)
(-1.1714, -1.6025, -4.1205)
(2.991, -0.9381, -3.9782)
(2.6592, -1.2002, -3.803)
(2.4405, -1.268, -4.1994)
(2.0603, -1.4483, -4.0166)
(1.7986, -1.4105, -4.3928)
(1.4013, -1.5317, -4.195)
(1.1257, -1.4202, -4.5483)
(0.725, -1.5091, -4.3385)
(0.4472, -1.3652, -4.6793)
(0.0475, -1.4475, -4.4661)
(-0.2263, -1.305, -4.8067)
(-0.5901, -1.4025, -4.5907)
(-0.7887, -1.281, -4.9244)
(-1.0747, -1.3996, -4.6994)
(3.1414, -0.8033, -4.5545)
(2.8047, -1.0562, -4.3781)
(2.5774, -1.1064, -4.7714)
(2.1917, -1.2705, -4.585)
(1.9255, -1.2128, -4.9556)
(1.5261, -1.3222, -4.7542)
(1.2499, -1.1963, -5.1021)
(0.8484, -1.282, -4.8913)
(0.5711, -1.129, -5.2282)
(0.1696, -1.2146, -5.0173)
(-0.1032, -1.0648, -5.3543)
(-0.4708, -1.1675, -5.143)
(-0.6667, -1.0384, -5.4725)
(-0.9567, -1.1603, -5.2516)
(3.2817, -0.6734, -5.1008)
(2.9466, -0.9103, -4.9489)
(2.7052, -0.9501, -5.3108)
(2.321, -1.0893, -5.1481)
(2.0451, -1.0204, -5.4851)
(1.6503, -1.1076, -5.3068)
(1.3678, -0.9778, -5.622)
(0.972, -1.0478, -5.4364)
(0.6891, -0.898, -5.7429)
(0.2931, -0.9728, -5.559)
(0.0148, -0.8307, -5.8678)
(-0.3478, -0.9245, -5.685)
(-0.5488, -0.808, -5.9915)
(-0.8343, -0.918, -5.8012)
(3.3907, -0.571, -5.5277)
(3.0648, -0.7851, -5.4298)
(2.8022, -0.8278, -5.7231)
(2.4289, -0.9327, -5.6193)
(2.1365, -0.8688, -5.8883)
(1.7549, -0.9219, -5.7683)
(1.4584, -0.8061, -6.0176)
(1.0764, -0.8454, -5.8911)
(0.7798, -0.7176, -6.1346)
(0.3975, -0.7645, -6.0112)
(0.1053, -0.6487, -6.259)
(-0.243, -0.718, -6.1372)
(-0.4472, -0.6369, -6.3667)
(-0.7191, -0.725, -6.2434)
(-1.547, -2.6243, 3.6115)
(-1.8687, -2.6547, 3.5674)
(-1.868, -2.8665, 3.4371)
(-2.2226, -2.9624, 3.3636)
(-2.2508, -3.3125, 3.1633)
(-2.6184, -3.453, 3.0722)
(-2.6527, -3.7975, 2.8716)
(-3.0213, -3.9411, 2.7869)
(-3.0564, -4.2817, 2.5784)
(-3.4252, -4.4224, 2.4885)
(-3.4605, -4.7534, 2.2664)
(-3.8301, -4.8851, 2.1636)
(-3.8644, -5.2071, 1.9304)
(-4.2326, -5.3328, 1.8155)
(-4.2627, -5.6607, 1.5893)
(-4.6286, -5.788, 1.4655)
(-4.9747, -5.829, 1.3015)
(-5.2646, -5.8397, 1.1196)
(-5.2829, -6.0851, 1.1188)
(-4.9923, -6.0802, 1.2341)
(-3.5183, -5.0492, -0.0655)
(-3.4679, -5.2491, 0.0964)
(-3.7047, -5.439, 0.0265)
(-3.7866, -5.2639, -0.1345)
(-3.926, -5.0132, -0.2978)
(-4.0564, -5.4718, -0.2497)
(-4.2403, -5.2389, -0.3625)
(-4.4365, -4.9872, -0.2484)
(-4.5444, -5.4507, -0.3628)
(-4.7521, -5.2317, -0.1717)
(-4.8958, -5.0285, 0.1268)
(-5.0519, -5.457, -0.0693)
(-5.1733, -5.2995, 0.2457)
(-5.1953, -5.179, 0.6116)
(-5.4211, -5.5578, 0.3876)
(-5.3835, -5.5013, 0.7394)
(-5.205, -5.4907, 1.0758)
(-5.4931, -5.8276, 0.8533)
(-2.3315, -1.8799, 3.5335)
(-2.5737, -1.8456, 3.274)
(-2.5611, -2.2586, 3.2734)
(-2.2894, -2.2499, 3.5083)
(-2.88, -2.2865, 2.974)
(-2.8943, -2.7271, 2.9598)
(-2.5486, -2.6679, 3.2296)
(-3.2607, -2.7733, 2.6783)
(-3.2919, -3.2113, 2.6823)
(-2.9244, -3.1535, 2.93)
(-3.6221, -3.2586, 2.3761)
(-3.6537, -3.6902, 2.3538)
(-3.317, -3.638, 2.6372)
(-3.9336, -3.7252, 1.9966)
(-3.9873, -4.1525, 1.9792)
(-3.6767, -4.1142, 2.2954)
(-4.2888, -4.173, 1.632)
(-4.3959, -4.5988, 1.6619)
(-4.063, -4.5703, 1.9607)
(-4.6891, -4.6266, 1.3118)
(-4.8184, -5.0499, 1.3597)
(-4.4947, -5.0148, 1.6603)
(-5.0738, -5.0953, 0.9997)
(-4.9163, -5.4661, 1.3633)
(-2.4992, -1.3857, 3.2657)
(-2.743, -1.4031, 2.9181)
(-2.8432, -1.851, 2.9627)
(-3.1508, -1.9112, 2.612)
(-3.2219, -2.3372, 2.6554)
(-3.4923, -2.4184, 2.3005)
(-3.5671, -2.8328, 2.3492)
(-3.7144, -2.9256, 1.9334)
(-3.8329, -3.3195, 1.9807)
(-3.9793, -3.3879, 1.5455)
(-4.1628, -3.7599, 1.5954)
(-4.3184, -3.845, 1.1857)
(-4.5269, -4.2183, 1.2464)
(-4.6445, -4.3306, 0.833)
(-4.882, -4.6986, 0.9122)
(-4.9479, -4.8393, 0.4999)
(-2.0702, -0.0824, 2.7432)
(-2.2334, -0.4389, 2.8844)
(-1.9921, -0.2761, 3.1111)
(-2.4878, -0.5787, 2.5932)
(-2.6194, -0.9647, 2.7887)
(-2.3595, -0.8175, 3.0935)
(-2.8973, -1.0914, 2.3913)
(-3.0351, -1.4946, 2.5214)
(-3.2595, -1.6254, 2.1103)
(-3.3907, -2.017, 2.223)
(-3.455, -2.1804, 1.7967)
(-3.5806, -2.5485, 1.8798)
(-3.5884, -2.698, 1.4334)
(-3.7805, -3.0344, 1.4836)
(-3.7744, -3.2056, 1.0724)
(-4.0512, -3.5181, 1.1249)
(-3.9959, -3.7429, 0.7425)
(-4.339, -4.0237, 0.7821)
(-4.2934, -4.2282, 0.3812)
(-4.6498, -4.5087, 0.421)
(-4.5783, -4.7339, 0.0437)
(-2.1738, 0.1841, 2.2413)
(-2.3308, -0.2051, 2.4124)
(-2.5784, -0.3303, 2.0394)
(-2.741, -0.7093, 2.2215)
(-2.9485, -0.8611, 1.8126)
(-3.1067, -1.2414, 1.9734)
(-3.1902, -1.437, 1.5536)
(-3.3307, -1.8115, 1.6864)
(-3.3245, -2.022, 1.2608)
(-3.446, -2.3689, 1.3605)
(-3.3524, -2.587, 0.9622)
(-3.5185, -2.9017, 1.0355)
(-3.345, -3.1803, 0.7034)
(-3.6506, -3.4674, 0.7284)
(-3.5277, -3.7078, 0.3776)
(-3.9126, -3.9653, 0.368)
(-3.8342, -4.1715, -0.0042)
(-4.2215, -4.4415, 0.0018)
(-4.0922, -4.7153, -0.2656)
(-2.2506, 0.4539, 1.7018)
(-2.4159, 0.0599, 1.8672)
(-2.6111, -0.0911, 1.4786)
(-2.7807, -0.4794, 1.6453)
(-2.9086, -0.662, 1.2391)
(-3.0647, -1.0478, 1.3983)
(-3.0929, -1.2673, 0.9867)
(-3.1958, -1.6564, 1.1391)
(-3.1119, -1.8917, 0.7531)
(-3.2282, -2.2497, 0.8693)
(-3.0267, -2.4971, 0.5092)
(-3.16, -2.8458, 0.6056)
(-2.936, -3.1158, 0.2941)
(-3.1763, -3.4425, 0.3735)
(-3.0605, -3.6557, 0.0259)
(-3.4423, -3.9081, 0.0045)
(-3.3527, -4.1656, -0.2422)
(-3.7158, -4.4423, -0.2558)
(-3.5931, -4.7607, -0.2525)
(-2.2274, 0.6678, 1.1368)
(-2.4319, 0.2953, 1.3097)
(-2.5637, 0.1084, 0.9086)
(-2.7399, -0.2759, 1.0769)
(-2.7987, -0.4908, 0.6708)
(-2.9514, -0.8797, 0.8304)
(-2.9257, -1.1196, 0.4286)
(-3.0343, -1.5086, 0.5922)
(-2.889, -1.7578, 0.2248)
(-2.926, -2.1395, 0.3981)
(-2.6734, -2.374, 0.0886)
(-2.7653, -2.7481, 0.2056)
(-2.4747, -2.9908, -0.0618)
(-2.7142, -3.3761, 0.0054)
(-2.6168, -3.63, -0.2507)
(-3.0075, -3.894, -0.222)
(-2.9809, -4.1929, -0.2325)
(-3.2844, -4.4792, -0.23)
(-3.252, -4.7951, -0.0238)
(-2.1106, 0.8207, 0.5626)
(-2.3573, 0.4767, 0.7365)
(-2.4571, 0.2676, 0.335)
(-2.6491, -0.101, 0.5047)
(-2.6859, -0.3295, 0.1016)
(-2.8008, -0.7255, 0.2673)
(-2.7733, -0.9637, -0.13)
(-2.8446, -1.3638, 0.0426)
(-2.6923, -1.5933, -0.3118)
(-2.6786, -1.9906, -0.107)
(-2.418, -2.1871, -0.3981)
(-2.3924, -2.5747, -0.1869)
(-2.1298, -2.6923, -0.4451)
(-2.194, -3.1275, -0.311)
(-1.9673, 0.9531, -0.0051)
(-2.211, 0.6088, 0.1653)
(-2.3278, 0.4096, -0.2295)
(-2.5317, 0.0476, -0.0657)
(-2.6061, -0.164, -0.4653)
(-2.7052, -0.5607, -0.2993)
(-2.6676, -0.7776, -0.685)
(-2.6853, -1.1879, -0.5039)
(-2.5025, -1.3838, -0.834)
(-2.4689, -1.79, -0.6226)
(-2.2071, -1.9512, -0.8988)
(-2.1507, -2.3295, -0.6646)
(-1.9052, -2.4131, -0.9225)
(-1.8784, -2.7417, -0.6848)
(-1.9704, 1.1842, -0.5535)
(-2.1379, 0.7877, -0.3922)
(-2.337, 0.6447, -0.7758)
(-2.4735, 0.237, -0.6218)
(-2.5472, 0.0568, -1.0145)
(-2.6223, -0.3643, -0.856)
(-2.5059, -0.5597, -1.2181)
(-2.5159, -0.9742, -1.033)
(-2.2905, -1.1459, -1.338)
(-2.26, -1.5509, -1.1242)
(-1.994, -1.6988, -1.3941)
(-1.9465, -2.0737, -1.1616)
(-1.7116, -2.1589, -1.4301)
(-1.6778, -2.4693, -1.1848)
(-2.07, 1.4778, -1.0708)
(-2.1989, 1.0579, -0.9256)
(-2.3564, 0.9063, -1.3129)
(-2.459, 0.4819, -1.1659)
(-2.4266, 0.2876, -1.5522)
(-2.4731, -0.1399, -1.3911)
(-2.2802, -0.3272, -1.7258)
(-2.2945, -0.7387, -1.5382)
(-2.0386, -0.9034, -1.8278)
(-2.0294, -1.303, -1.6169)
(-1.7654, -1.4595, -1.8964)
(-1.7389, -1.8267, -1.6668)
(-1.5347, -1.9365, -1.9649)
(-1.5136, -2.2373, -1.7208)
(-2.1252, 1.7505, -1.6067)
(-2.2482, 1.3318, -1.4567)
(-2.3008, 1.1499, -1.8535)
(-2.3703, 0.7183, -1.7062)
(-2.2292, 0.5176, -2.0701)
(-2.256, 0.0908, -1.9029)
(-2.0075, -0.0934, -2.2155)
(-2.0247, -0.5006, -2.025)
(-1.772, -0.6774, -2.3254)
(-1.7797, -1.0714, -2.117)
(-1.5641, -1.2579, -2.4333)
(-1.5469, -1.6151, -2.2021)
(-1.408, -1.7593, -2.5413)
(-1.3938, -2.049, -2.2956)
(-2.1215, 1.9946, -2.159)
(-2.2248, 1.5782, -2.002)
(-2.1679, 1.3798, -2.3857)
(-2.1954, 0.9496, -2.2281)
(-1.9843, 0.7472, -2.5724)
(-1.9934, 0.3223, -2.3981)
(-1.7636, 0.1242, -2.7261)
(-1.7609, -0.2804, -2.5281)
(-1.5852, -0.4878, -2.8709)
(-1.5737, -0.8761, -2.6557)
(-1.4654, -1.0995, -3.0172)
(-1.433, -1.4497, -2.7833)
(-1.3522, -1.6148, -3.1495)
(-1.3166, -1.895, -2.9004)
(-2.0658, 2.2125, -2.7196)
(-2.1382, 1.8006, -2.5513)
(-2.0192, 1.5908, -2.9274)
(-1.989, 1.1728, -2.7469)
(-1.8099, 0.959, -3.107)
(-1.7793, 0.5393, -2.9183)
(-1.6563, 0.3143, -3.2857)
(-1.6155, -0.0931, -3.0823)
(-1.5681, -0.3314, -3.4581)
(-1.5103, -0.7212, -3.241)
(-1.4769, -0.9635, -3.6237)
(-1.4077, -1.3126, -3.3933)
(-1.3187, -1.4726, -3.7636)
(-1.2555, -1.749, -3.5156)
(-2.0051, 2.4147, -3.2885)
(-2.0443, 2.0042, -3.1108)
(-1.9487, 1.7852, -3.493)
(-1.8686, 1.3747, -3.2985)
(-1.7803, 1.144, -3.6782)
(-1.7104, 0.7292, -3.4823)
(-1.6959, 0.4847, -3.8641)
(-1.6284, 0.0721, -3.6649)
(-1.6383, -0.1766, -4.0464)
(-1.5577, -0.5786, -3.8403)
(-1.4917, -0.8092, -4.2221)
(-1.3968, -1.1677, -4.0018)
(-1.26, -1.3026, -4.3614)
(-1.1851, -1.5872, -4.1224)
(-1.9554, 2.6043, -3.8631)
(-1.9974, 2.1971, -3.6816)
(-1.9514, 1.9678, -4.0677)
(-1.865, 1.5563, -3.8737)
(-1.8475, 1.314, -4.2555)
(-1.7683, 0.8994, -4.0606)
(-1.7941, 0.65, -4.4414)
(-1.7167, 0.2353, -4.2452)
(-1.6975, -0.0055, -4.627)
(-1.5982, -0.4139, -4.4281)
(-1.4662, -0.6183, -4.8014)
(-1.3509, -0.9845, -4.5888)
(-1.1698, -1.0873, -4.9292)
(-1.0882, -1.3845, -4.6995)
(-1.8962, 2.7827, -4.4394)
(-1.9802, 2.3812, -4.2562)
(-1.983, 2.1456, -4.6423)
(-1.9292, 1.7287, -4.4493)
(-1.9442, 1.4832, -4.8301)
(-1.8707, 1.066, -4.6363)
(-1.8728, 0.8227, -5.0182)
(-1.789, 0.4073, -4.8232)
(-1.7031, 0.1837, -5.2032)
(-1.5897, -0.2223, -5.0045)
(-1.3988, -0.4036, -5.3676)
(-1.2718, -0.7664, -5.1539)
(-1.0613, -0.8518, -5.4823)
(-0.97, -1.1453, -5.2496)
(-1.8165, 2.9393, -4.9863)
(-1.9509, 2.5571, -4.8283)
(-1.9935, 2.3136, -5.1861)
(-1.9926, 1.902, -5.0205)
(-2.0073, 1.6512, -5.3741)
(-1.9484, 1.2394, -5.2082)
(-1.8974, 0.9987, -5.5622)
(-1.8045, 0.5935, -5.3954)
(-1.6602, 0.3774, -5.7417)
(-1.534, -0.0142, -5.5688)
(-1.3134, -0.1926, -5.8967)
(-1.1731, -0.5383, -5.707)
(-0.9559, -0.63, -6.008)
(-0.8489, -0.9044, -5.7995)
(-1.7487, 3.0546, -5.4124)
(-1.9178, 2.7012, -5.3103)
(-2.0181, 2.4443, -5.5993)
(-2.0403, 2.0529, -5.4983)
(-2.0556, 1.7851, -5.7871)
(-1.9822, 1.3937, -5.6879)
(-1.8882, 1.1408, -5.9759)
(-1.7767, 0.7611, -5.8718)
(-1.6066, 0.5312, -6.15)
(-1.4655, 0.167, -6.0382)
(-1.2423, -0.0315, -6.3005)
(-1.0869, -0.348, -6.1701)
(-0.8914, -0.4624, -6.3925)
(-0.7671, -0.7071, -6.2473)
(-2.1037, -2.2372, 3.6568)
(-2.2429, -2.5954, 3.4469)
(-2.0337, -2.5433, 3.5849)
(-2.5785, -3.0635, 3.1546)
(-2.2407, -2.9523, 3.362)
(-2.9753, -3.5531, 2.8663)
(-2.6386, -3.4461, 3.0714)
(-3.3657, -4.0389, 2.5653)
(-3.0435, -3.9388, 2.7894)
(-3.7478, -4.5103, 2.2355)
(-3.4467, -4.4232, 2.495)
(-4.1637, -4.9592, 1.9162)
(-3.8509, -4.886, 2.1709)
(-4.5827, -5.4053, 1.5954)
(-4.2534, -5.3309, 1.8211)
(-4.6472, -5.7803, 1.4683)
(3.1324, 4.5749, 5.7226)
(3.1006, 4.0448, 3.8033)
(3.3159, 4.3259, 3.6538)
(3.6478, 4.4064, 3.8191)
(3.7889, 4.3492, 4.3798)
(3.748, 4.3346, 4.9798)
(3.4924, 4.4243, 5.4885)
(0.7591, -0.0265, 4.5375)
(1.0596, 0.4625, 4.6733)
(1.4268, 1.0283, 4.8382)
(1.7904, 1.6006, 4.9945)
(2.1471, 2.1823, 5.1253)
(2.4936, 2.7751, 5.221)
(2.8354, 3.3712, 5.2996)
(3.1834, 3.9529, 5.3954)
(1.143, -0.3056, 4.1803)
(1.5084, 0.2406, 4.3489)
(1.8916, 0.805, 4.5361)
(2.2427, 1.3841, 4.6847)
(2.5683, 1.9859, 4.7796)
(2.876, 2.6006, 4.8321)
(3.1799, 3.218, 4.8727)
(3.4813, 3.8296, 4.9274)
(1.0065, -1.6444, 3.2715)
(1.262, -1.0909, 3.5312)
(1.5347, -0.4855, 3.7459)
(1.9205, 0.1064, 3.934)
(2.2582, 0.6955, 4.1002)
(2.5071, 1.322, 4.2018)
(2.7102, 1.9681, 4.2682)
(2.9712, 2.5904, 4.2904)
(3.2836, 3.2001, 4.2978)
(3.5633, 3.8244, 4.3353)
(1.2266, -1.6089, 2.8176)
(1.5716, -1.0646, 3.032)
(1.9025, -0.4908, 3.2304)
(2.2248, 0.1014, 3.4165)
(2.4094, 0.7328, 3.5511)
(2.4734, 1.4019, 3.6361)
(2.5586, 2.0744, 3.7076)
(2.8194, 2.6864, 3.719)
(3.1809, 3.2686, 3.7094)
(3.4806, 3.8795, 3.7473)
(1.4798, -1.5542, 2.2599)
(1.8498, -1.0091, 2.4754)
(2.1747, -0.4329, 2.6747)
(2.4023, 0.1868, 2.8478)
(2.4115, 0.8408, 2.97)
(2.3083, 1.5074, 3.0709)
(2.3388, 2.1798, 3.153)
(2.596, 2.7992, 3.1677)
(2.9364, 3.3852, 3.1893)
(3.1823, 3.9233, 3.3771)
(1.7148, -1.4855, 1.6966)
(2.0955, -0.94, 1.9163)
(2.4076, -0.3514, 2.1154)
(2.5657, 0.2995, 2.2771)
(2.4863, 0.965, 2.3959)
(2.2869, 1.6217, 2.4997)
(2.1804, 2.2945, 2.5942)
(2.3305, 2.9241, 2.7064)
(2.6478, 3.4279, 2.9417)
(2.9055, 3.7889, 3.3825)
(1.932, -1.4038, 1.1319)
(2.3183, -0.8547, 1.3532)
(2.6231, -0.2543, 1.552)
(2.727, 0.4126, 1.705)
(2.5814, 1.0742, 1.8188)
(2.3073, 1.6999, 1.9225)
(2.0556, 2.2897, 2.0204)
(2.1116, -1.297, 0.56)
(2.4841, -0.741, 0.7773)
(2.7631, -0.1318, 0.9717)
(2.7899, 0.5216, 1.118)
(2.5674, 1.1456, 1.2278)
(2.262, 1.7298, 1.3353)
(1.9896, 2.2221, 1.4302)
(2.2789, -1.1825, -0.0158)
(2.6224, -0.6163, 0.1953)
(2.8487, 0.0027, 0.382)
(2.8124, 0.6356, 0.5256)
(2.5665, 1.2245, 0.6379)
(2.2771, 1.7863, 0.746)
(2.0128, 2.2591, 0.8351)
(2.4595, -1.076, -0.5906)
(2.7724, -0.4964, -0.3848)
(2.9402, 0.1365, -0.2059)
(2.8742, 0.7664, -0.0637)
(2.6351, 1.3412, 0.0517)
(2.3463, 1.8879, 0.1588)
(2.0763, 2.3484, 0.243)
(2.6396, -0.9677, -1.1655)
(2.9212, -0.3731, -0.9643)
(3.0398, 0.2729, -0.7922)
(2.9515, 0.9074, -0.6523)
(2.7189, 1.4849, -0.5347)
(2.4332, 2.0327, -0.4279)
(2.1651, 2.4941, -0.3459)
(2.8122, -0.8538, -1.7414)
(3.0627, -0.2459, -1.5446)
(3.1382, 0.4108, -1.3789)
(3.0275, 1.0546, -1.2427)
(2.7952, 1.6467, -1.1254)
(2.517, 2.2103, -1.0176)
(2.2657, 2.6878, -0.9332)
(2.9774, -0.7345, -2.3182)
(3.1978, -0.1159, -2.1256)
(3.2343, 0.5479, -1.966)
(3.1, 1.2014, -1.8346)
(2.862, 1.8138, -1.7195)
(2.5918, 2.4007, -1.6108)
(2.3649, 2.8997, -1.5213)
(3.1363, -0.611, -2.8955)
(3.3277, 0.0163, -2.7072)
(3.3271, 0.6835, -2.5536)
(3.1693, 1.3409, -2.4269)
(2.9225, 1.9698, -2.3147)
(2.657, 2.5803, -2.2061)
(2.4521, 3.0991, -2.1128)
(3.2903, -0.4842, -3.4732)
(3.453, 0.15, -3.2892)
(3.4159, 0.8182, -3.1419)
(3.2341, 1.4727, -3.0197)
(2.9778, 2.1065, -2.9097)
(2.712, 2.7301, -2.802)
(2.5148, 3.26, -2.7081)
(3.44, -0.3546, -4.0511)
(3.5741, 0.2849, -3.8717)
(3.4999, 0.9518, -3.731)
(3.2924, 1.6004, -3.6136)
(3.0246, 2.2309, -3.5055)
(2.7547, 2.8556, -3.3986)
(2.5538, 3.3873, -3.3061)
(3.5853, -0.2238, -4.6253)
(3.69, 0.4194, -4.4507)
(3.5776, 1.0827, -4.3171)
(3.3428, 1.7237, -4.2046)
(3.0615, 2.3491, -4.0988)
(2.7869, 2.9721, -3.9926)
(2.5866, 3.5058, -3.9017)
(3.7071, -0.1117, -5.1135)
(3.7839, 0.5323, -4.9375)
(3.6376, 1.1909, -4.81)
(3.3793, 1.8244, -4.7016)
(3.0869, 2.4452, -4.5975)
(2.8092, 3.0672, -4.4918)
(2.6144, 3.5985, -4.3974)
(0.4164, 0.2103, 4.755)
(0.6556, 0.6828, 4.8707)
(1.0161, 1.2515, 5.0173)
(1.377, 1.8259, 5.1671)
(1.7366, 2.4045, 5.3066)
(2.0898, 2.9921, 5.4186)
(2.44, 3.5841, 5.5101)
(2.8002, 4.1613, 5.6138)
(2.6845, 4.8685, 5.7131)
(3.0848, 4.0356, 3.8618)
(3.0288, 4.4929, 3.781)
(2.8328, 4.9345, 3.9141)
(2.5491, 5.1854, 4.365)
(2.3601, 5.2622, 4.921)
(2.4265, 5.1218, 5.4499)
(-0.3913, 0.7763, 4.5917)
(-0.033, 1.2331, 4.6655)
(0.3412, 1.7881, 4.799)
(0.706, 2.3496, 4.9405)
(1.1067, 2.9, 5.0038)
(1.4747, 3.4674, 5.0789)
(1.7987, 4.0588, 5.2073)
(2.1342, 4.6403, 5.3401)
(-0.7511, 1.04, 4.2196)
(-0.3789, 1.5818, 4.3385)
(0.0036, 2.14, 4.4707)
(0.431, 2.6461, 4.5527)
(0.8492, 3.1648, 4.575)
(1.2197, 3.7289, 4.6279)
(1.6008, 4.2892, 4.7174)
(2.0028, 4.8278, 4.8218)
(-1.6675, 0.3212, 3.1508)
(-1.3511, 0.8009, 3.469)
(-0.9714, 1.3179, 3.7233)
(-0.5776, 1.9002, 3.8905)
(-0.1283, 2.3858, 4.0015)
(0.372, 2.8114, 4.0138)
(0.8197, 3.2909, 4.0294)
(1.2586, 3.7881, 4.1032)
(1.6874, 4.3098, 4.1682)
(2.1292, 4.8142, 4.2503)
(-1.7562, 0.5703, 2.7251)
(-1.4233, 1.1033, 2.9707)
(-1.0312, 1.6279, 3.1761)
(-0.6038, 2.1528, 3.3419)
(-0.0884, 2.5594, 3.4475)
(0.4757, 2.8614, 3.4807)
(1.022, 3.188, 3.538)
(1.5237, 3.6148, 3.6106)
(1.9416, 4.1431, 3.6479)
(2.3917, 4.6267, 3.7447)
(-1.8457, 0.8562, 2.1965)
(-1.4537, 1.3754, 2.4169)
(-1.0089, 1.8641, 2.6065)
(-0.5277, 2.3214, 2.7698)
(0.0347, 2.6443, 2.8984)
(0.6667, 2.8275, 2.9676)
(1.2953, 3.0016, 3.0637)
(1.7939, 3.3767, 3.1324)
(2.2139, 3.8861, 3.1959)
(2.6589, 4.2677, 3.45)
(-1.8624, 1.0971, 1.6419)
(-1.4236, 1.5881, 1.8493)
(-0.9285, 2.03, 2.0318)
(-0.3906, 2.422, 2.1943)
(0.2178, 2.6461, 2.3417)
(0.8688, 2.7137, 2.4481)
(1.5227, 2.8036, 2.5579)
(2.0416, 3.1363, 2.7024)
(2.429, 3.5704, 2.9686)
(2.8065, 3.8414, 3.4371)
(-1.7828, 1.2757, 1.0686)
(-1.3373, 1.762, 1.275)
(-0.8173, 2.1679, 1.4559)
(-0.2428, 2.5063, 1.6179)
(0.3749, 2.6982, 1.7697)
(1.0228, 2.6481, 1.9057)
(1.6317, 2.581, 2.0197)
(-1.6332, 1.4016, 0.4956)
(-1.1975, 1.8948, 0.7047)
(-0.7107, 2.3315, 0.8933)
(-0.1434, 2.6484, 1.0508)
(0.4784, 2.7652, 1.1894)
(1.1059, 2.6661, 1.3214)
(1.635, 2.5068, 1.428)
(-1.5512, 1.5758, -0.0653)
(-1.1303, 2.0787, 0.1509)
(-0.6557, 2.5294, 0.3384)
(-0.0801, 2.7929, 0.4791)
(0.5437, 2.8132, 0.6016)
(1.1527, 2.685, 0.7295)
(1.6667, 2.5311, 0.8304)
(-1.6214, 1.8529, -0.5934)
(-1.1795, 2.3395, -0.3884)
(-0.6365, 2.7012, -0.2313)
(-0.0142, 2.8484, -0.1126)
(0.6043, 2.8147, 0.0071)
(1.2048, 2.6941, 0.1335)
(1.721, 2.5844, 0.2328)
(-1.7161, 2.1416, -1.1155)
(-1.2081, 2.5607, -0.9419)
(-0.5905, 2.7913, -0.8191)
(0.0583, 2.8264, -0.7108)
(0.6796, 2.7788, -0.5917)
(1.2865, 2.7171, -0.4658)
(1.8092, 2.6873, -0.3625)
(-1.7507, 2.3891, -1.6658)
(-1.1833, 2.7038, -1.5185)
(-0.5195, 2.8017, -1.4165)
(0.1451, 2.7902, -1.3115)
(0.7794, 2.7843, -1.1923)
(1.3944, 2.8243, -1.0563)
(1.9199, 2.8742, -0.9452)
(-1.7346, 2.5941, -2.2333)
(-1.122, 2.7965, -2.1063)
(-0.4398, 2.8217, -2.0145)
(0.2329, 2.8572, -1.9031)
(0.8759, 2.9442, -1.766)
(1.4976, 3.0617, -1.6155)
(2.0319, 3.1193, -1.5155)
(-1.6874, 2.7803, -2.8077)
(-1.0527, 2.9314, -2.688)
(-0.3717, 2.9695, -2.5907)
(0.2937, 3.0839, -2.4561)
(0.9379, 3.2448, -2.2951)
(1.5805, 3.357, -2.1562)
(2.1326, 3.3544, -2.0897)
(-1.6308, 2.9757, -3.3801)
(-0.9978, 3.1486, -3.2481)
(-0.3276, 3.2432, -3.1271)
(0.3238, 3.4095, -2.9678)
(0.9758, 3.5687, -2.8111)
(1.6418, 3.6137, -2.7099)
(2.2022, 3.5413, -2.675)
(-1.5657, 3.1805, -3.9472)
(-0.9581, 3.42, -3.7845)
(-0.3044, 3.5759, -3.6335)
(0.3452, 3.7486, -3.4722)
(1.0116, 3.8527, -3.3458)
(1.6868, 3.8172, -3.2822)
(2.2427, 3.6871, -3.2676)
(-1.4822, 3.3758, -4.51)
(-0.9187, 3.6966, -4.3135)
(-0.2848, 3.9038, -4.1386)
(0.3729, 4.0471, -3.9941)
(1.0527, 4.0793, -3.9024)
(1.7279, 3.9822, -3.8631)
(2.279, 3.8193, -3.86)
(-1.3968, 3.5302, -4.9887)
(-0.8864, 3.9255, -4.7586)
(-0.2684, 4.1627, -4.5716)
(0.4029, 4.2588, -4.4511)
(1.0901, 4.2355, -4.3831)
(1.7636, 4.1081, -4.3543)
(2.3093, 3.9332, -4.3511)
(-0.0406, 0.5253, 4.7798)
(0.3102, 0.9274, 4.8652)
(0.684, 1.487, 5.0046)
(1.0497, 2.0561, 5.1548)
(1.4241, 2.625, 5.2739)
(1.7782, 3.2076, 5.3811)
(2.1078, 3.8037, 5.4954)
(2.4432, 4.3917, 5.6097)
(-4.7179, -6.3053, 1.1952)
(-3.5961, -5.2463, -0.0664)
(-3.6956, -5.4087, -0.3995)
(-3.6942, -5.7864, -0.4215)
(-3.7936, -6.1683, 0.0057)
(-4.0119, -6.4231, 0.5051)
(-4.368, -6.4702, 0.9563)
(-1.2913, -2.8698, 3.3551)
(-1.6404, -3.2807, 3.1161)
(-2.0393, -3.7769, 2.8391)
(-2.442, -4.2671, 2.5535)
(-2.8466, -4.7406, 2.2454)
(-3.2521, -5.19, 1.9075)
(-3.6562, -5.6277, 1.5561)
(-4.052, -6.0762, 1.2232)
(-0.7789, -2.971, 3.072)
(-1.1635, -3.4636, 2.8079)
(-1.5628, -3.9843, 2.5439)
(-1.9736, -4.461, 2.2533)
(-2.3946, -4.8936, 1.9176)
(-2.8184, -5.2933, 1.5486)
(-3.2414, -5.6845, 1.17)
(-3.6658, -6.0788, 0.8061)
(0.6308, -2.1659, 3.0547)
(0.1661, -2.6116, 2.8989)
(-0.3209, -3.0585, 2.6756)
(-0.7432, -3.5862, 2.3976)
(-1.1746, -4.0603, 2.1213)
(-1.6494, -4.4342, 1.8064)
(-2.1443, -4.7584, 1.4691)
(-2.581, -5.1063, 1.0885)
(-2.9819, -5.4879, 0.6846)
(-3.4183, -5.8586, 0.3084)
(0.846, -2.1368, 2.598)
(0.4394, -2.6346, 2.3787)
(0.0074, -3.1174, 2.1372)
(-0.4399, -3.5892, 1.8804)
(-0.9596, -3.9155, 1.6184)
(-1.5345, -4.1317, 1.3343)
(-2.094, -4.3726, 1.0237)
(-2.518, -4.7144, 0.6397)
(-2.8699, -5.1251, 0.2182)
(-3.2861, -5.5118, -0.1586)
(1.0946, -2.0883, 2.0376)
(0.6964, -2.6082, 1.8099)
(0.2596, -3.0868, 1.5698)
(-0.2434, -3.4763, 1.3224)
(-0.8448, -3.654, 1.101)
(-1.4871, -3.7362, 0.8891)
(-2.0715, -3.9338, 0.6064)
(-2.5039, -4.2755, 0.2229)
(-2.8779, -4.6844, -0.1685)
(-3.3066, -5.0853, -0.372)
(1.3262, -2.0242, 1.4724)
(0.9305, -2.5551, 1.2441)
(0.4787, -3.0253, 1.0023)
(-0.0723, -3.3572, 0.7547)
(-0.7122, -3.4697, 0.5495)
(-1.3852, -3.4704, 0.3785)
(-2.0319, -3.5484, 0.1595)
(-2.549, -3.8474, -0.1138)
(-2.9383, -4.3256, -0.2862)
(-3.3031, -4.8273, -0.2051)
(1.5407, -1.9463, 0.906)
(1.1436, -2.4836, 0.6752)
(0.6795, -2.9499, 0.4301)
(0.0975, -3.2348, 0.1868)
(-0.5625, -3.2874, 0.003)
(-1.2379, -3.2191, -0.1261)
(-1.8718, -3.1604, -0.2501)
(1.7218, -1.8374, 0.335)
(1.3149, -2.3622, 0.1026)
(0.8351, -2.8061, -0.1414)
(0.2374, -3.0196, -0.3561)
(-0.4189, -2.9972, -0.4968)
(-1.0725, -2.8955, -0.5905)
(-1.6306, -2.7993, -0.6607)
(1.8931, -1.7177, -0.2385)
(1.4686, -2.2165, -0.4708)
(0.9627, -2.6134, -0.7069)
(0.3589, -2.7675, -0.8909)
(-0.2773, -2.7191, -1.0037)
(-0.9057, -2.6266, -1.0911)
(-1.442, -2.5304, -1.1587)
(2.076, -1.6082, -0.8121)
(1.6303, -2.081, -1.0443)
(1.0926, -2.4264, -1.2727)
(0.4802, -2.5532, -1.4456)
(-0.1425, -2.5089, -1.5509)
(-0.7574, -2.4131, -1.6317)
(-1.2836, -2.3072, -1.695)
(2.2573, -1.4984, -1.3864)
(1.7884, -1.945, -1.6185)
(1.2227, -2.2472, -1.8413)
(0.5984, -2.3543, -2.0102)
(-0.0249, -2.3168, -2.1174)
(-0.6394, -2.2239, -2.1999)
(-1.1648, -2.1187, -2.2661)
(2.4311, -1.3828, -1.9616)
(1.9403, -1.803, -2.1927)
(1.351, -2.0668, -2.4105)
(0.7114, -2.1544, -2.5789)
(0.0759, -2.1198, -2.6935)
(-0.5496, -2.0371, -2.7857)
(-1.0832, -1.951, -2.864)
(2.5977, -1.2612, -2.5375)
(2.0875, -1.6554, -2.7666)
(1.4791, -1.8839, -2.9787)
(0.8238, -1.9507, -3.1472)
(0.1695, -1.914, -3.2716)
(-0.4731, -1.8434, -3.3775)
(-1.0174, -1.7854, -3.4714)
(2.7585, -1.1348, -3.1137)
(2.2309, -1.5033, -3.3401)
(1.6073, -1.6976, -3.5454)
(0.9414, -1.7427, -3.7111)
(0.2706, -1.7006, -3.843)
(-0.3903, -1.6389, -3.9625)
(-0.9443, -1.6061, -4.071)
(2.9145, -1.0045, -3.69)
(2.3713, -1.3473, -3.9131)
(1.735, -1.5073, -4.1107)
(1.0639, -1.5294, -4.2701)
(0.386, -1.4793, -4.4029)
(-0.2858, -1.4202, -4.5297)
(-0.8465, -1.397, -4.6464)
(3.0666, -0.871, -4.2664)
(2.5092, -1.1877, -4.4855)
(1.8621, -1.3124, -4.6745)
(1.1877, -1.3093, -4.8256)
(0.509, -1.2484, -4.9544)
(-0.1651, -1.1863, -5.0813)
(-0.7282, -1.1605, -5.199)
(3.2146, -0.7358, -4.8388)
(2.6442, -1.0253, -5.0531)
(1.9879, -1.1131, -5.2323)
(1.3114, -1.0831, -5.3739)
(0.6326, -1.0092, -5.4973)
(-0.0417, -0.9432, -5.6227)
(-0.6057, -0.9183, -5.7432)
(3.3391, -0.6196, -5.3254)
(2.7565, -0.8857, -5.5289)
(2.0934, -0.9407, -5.6985)
(1.4157, -0.8874, -5.8314)
(0.737, -0.8029, -5.9502)
(0.0626, -0.7347, -6.0748)
(-0.4983, -0.7168, -6.1936)
(-1.7022, -2.7274, 3.5331)
(-2.0537, -3.0733, 3.3081)
(-2.4513, -3.5551, 3.0172)
(-2.8545, -4.0402, 2.7261)
(-3.2584, -4.5197, 2.4253)
(-3.6627, -4.9817, 2.1005)
(-4.0645, -5.432, 1.7583)
(-4.4544, -5.8942, 1.4297)
(-5.136, -5.9726, 1.2011)
(-3.6148, -5.2604, -0.0099)
(-3.9979, -5.254, -0.278)
(-4.4986, -5.2291, -0.3162)
(-4.981, -5.253, 0.0208)
(-5.3159, -5.3785, 0.4928)
(-5.358, -5.6692, 0.9589)
(-2.4378, -2.0607, 3.4101)
(-2.7144, -2.485, 3.1169)
(-3.0919, -2.9699, 2.82)
(-3.4802, -3.452, 2.528)
(-3.8162, -3.9239, 2.1645)
(-4.184, -4.3766, 1.8142)
(-4.6086, -4.8225, 1.5107)
(-5.0216, -5.2789, 1.2117)
(-2.6699, -1.6179, 3.1126)
(-3.0299, -2.0914, 2.8089)
(-3.4055, -2.5844, 2.5063)
(-3.701, -3.0809, 2.172)
(-3.9885, -3.5421, 1.7854)
(-4.3442, -3.9856, 1.4172)
(-4.707, -4.4553, 1.0778)
(-5.0482, -4.9465, 0.7537)
(-2.0285, -0.1862, 2.9398)
(-2.4286, -0.699, 2.8455)
(-2.8281, -1.232, 2.6665)
(-3.2305, -1.7544, 2.3747)
(-3.4982, -2.2854, 2.0598)
(-3.6711, -2.7962, 1.6825)
(-3.9107, -3.2729, 1.2986)
(-4.1922, -3.7722, 0.9556)
(-4.4959, -4.2637, 0.5997)
(-4.7852, -4.7719, 0.2609)
(-2.1206, 0.0443, 2.5046)
(-2.5384, -0.4552, 2.3216)
(-2.9362, -0.9702, 2.1041)
(-3.2366, -1.5242, 1.8348)
(-3.3982, -2.0949, 1.5266)
(-3.4818, -2.633, 1.1948)
(-3.5704, -3.1859, 0.8844)
(-3.7675, -3.7262, 0.555)
(-4.071, -4.1964, 0.1777)
(-4.3448, -4.7148, -0.1425)
(-2.2211, 0.3236, 1.9737)
(-2.6042, -0.2072, 1.7589)
(-2.9391, -0.7581, 1.5244)
(-3.1464, -1.3505, 1.2698)
(-3.2254, -1.9556, 1.006)
(-3.1993, -2.5439, 0.7311)
(-3.1403, -3.1558, 0.4993)
(-3.2903, -3.6816, 0.196)
(-3.5866, -4.1619, -0.1528)
(-3.8308, -4.7353, -0.2979)
(-2.2524, 0.5689, 1.4221)
(-2.5961, 0.0139, 1.195)
(-2.8586, -0.574, 0.9548)
(-3.0151, -1.1919, 0.7069)
(-2.9978, -1.827, 0.4921)
(-2.8439, -2.4422, 0.3015)
(-2.7066, -3.0676, 0.1122)
(-2.8386, -3.6393, -0.1179)
(-3.1546, -4.1777, -0.2568)
(-3.4063, -4.779, -0.1529)
(-2.1791, 0.7513, 0.8496)
(-2.5183, 0.1936, 0.6215)
(-2.7395, -0.409, 0.3864)
(-2.8422, -1.0446, 0.1496)
(-2.788, -1.6808, -0.0443)
(-2.5343, -2.2884, -0.1477)
(-2.2838, -2.8522, -0.2434)
(-2.0302, 0.8811, 0.2774)
(-2.383, 0.3326, 0.0508)
(-2.6411, -0.2513, -0.1833)
(-2.7208, -0.875, -0.4092)
(-2.5984, -1.4936, -0.5752)
(-2.311, -2.0732, -0.6494)
(-2.0095, -2.548, -0.6766)
(-1.9488, 1.0554, -0.2834)
(-2.3192, 0.5172, -0.5047)
(-2.5792, -0.0587, -0.7419)
(-2.596, -0.6717, -0.9548)
(-2.4009, -1.2669, -1.0882)
(-2.1025, -1.8252, -1.1467)
(-1.8071, -2.2835, -1.1741)
(-2.0182, 1.3294, -0.8131)
(-2.3534, 0.7767, -1.0442)
(-2.4969, 0.1727, -1.285)
(-2.4004, -0.4444, -1.4752)
(-2.1693, -1.0239, -1.5838)
(-1.8802, -1.5758, -1.6427)
(-1.6198, -2.0429, -1.6933)
(-2.1059, 1.6183, -1.3356)
(-2.3394, 1.0303, -1.5836)
(-2.3372, 0.4024, -1.8143)
(-2.1465, -0.2094, -1.9709)
(-1.9025, -0.7869, -2.0729)
(-1.6564, -1.3531, -2.1591)
(-1.463, -1.8427, -2.2482)
(-2.1307, 1.876, -1.8816)
(-2.2416, 1.2667, -2.1201)
(-2.1063, 0.6334, -2.3203)
(-1.8745, 0.0184, -2.4654)
(-1.6605, -0.5775, -2.5913)
(-1.4988, -1.174, -2.7204)
(-1.3734, -1.6847, -2.843)
(-2.0975, 2.1062, -2.4383)
(-2.0886, 1.4877, -2.6539)
(-1.8812, 0.8564, -2.8342)
(-1.6895, 0.2225, -3.001)
(-1.558, -0.4073, -3.1619)
(-1.4635, -1.0313, -3.3198)
(-1.3363, -1.5453, -3.4572)
(-2.0341, 2.3153, -3.0031)
(-1.9727, 1.6898, -3.2078)
(-1.7784, 1.0544, -3.3899)
(-1.6623, 0.401, -3.5744)
(-1.5995, -0.2554, -3.7534)
(-1.4883, -0.8905, -3.9251)
(-1.2934, -1.3925, -4.0656)
(-1.9798, 2.5109, -3.5754)
(-1.9431, 1.8776, -3.7801)
(-1.8059, 1.2299, -3.9672)
(-1.7434, 0.5671, -4.153)
(-1.6731, -0.0934, -4.3374)
(-1.4846, -0.7179, -4.5139)
(-1.218, -1.1992, -4.6483)
(-1.9286, 2.6951, -4.1511)
(-1.968, 2.0569, -4.3549)
(-1.8972, 1.3979, -4.5428)
(-1.8392, 0.7348, -4.7298)
(-1.7077, 0.0869, -4.9157)
(-1.4368, -0.5128, -5.0856)
(-1.1168, -0.9704, -5.2063)
(-1.8569, 2.8656, -4.7241)
(-1.9892, 2.2331, -4.9263)
(-1.9798, 1.5698, -5.1141)
(-1.8913, 0.9131, -5.3025)
(-1.6853, 0.2834, -5.485)
(-1.3558, -0.2938, -5.6441)
(-1.0059, -0.7357, -5.7561)
(-1.781, 3.0006, -5.2107)
(-2.0037, 2.3825, -5.405)
(-2.0319, 1.7215, -5.5929)
(-1.8949, 1.0732, -5.7813)
(-1.6335, 0.4583, -5.9579)
(-1.2762, -0.1072, -6.1102)
(-0.9184, -0.5425, -6.2144)
(-2.1566, -2.4067, 3.56)
(-2.3933, -2.8204, 3.3056)
(-2.7755, -3.3086, 3.0093)
(-3.1727, -3.7969, 2.7197)
(-3.5546, -4.2772, 2.4011)
(-3.9525, -4.7365, 2.0744)
(-4.3743, -5.1813, 1.7559)
(-4.7865, -5.6296, 1.4391)
