(0.8311, 1.3493, -6.0483)
(1.3196, 1.6537, -5.7594)
(1.7281, 2.0449, -5.3577)
(2.118, 2.4478, -4.9446)
(2.4736, 2.8572, -4.5041)
(0.8722, 0.9962, -5.787)
(1.383, 1.3057, -5.4998)
(2.7495, 3.2402, -4.0458)
(1.8032, 1.6951, -5.1061)
(2.8611, 3.4378, -3.6795)
(2.1759, 2.1035, -4.6835)
(2.4731, 2.5295, -4.2257)
(2.6812, 2.9295, -3.7553)
(2.8101, 3.2686, -3.3798)
(0.8788, 0.5647, -5.4198)
(1.3831, 0.8985, -5.1176)
(1.7863, 1.3067, -4.7234)
(2.1716, 1.7127, -4.3224)
(2.5031, 2.1272, -3.8905)
(2.6688, 2.498, -3.4349)
(2.7124, 2.7731, -3.031)
(0.8136, 0.1725, -4.9759)
(1.2537, 0.5737, -4.6507)
(1.5878, 1.0411, -4.2607)
(1.9305, 1.4549, -3.8972)
(2.3356, 1.8481, -3.5039)
(2.7367, 2.1384, -3.1864)
(3.0267, 2.3092, -2.7878)
(0.7544, -0.2086, -4.5166)
(1.2184, 0.1695, -4.2213)
(1.5038, 0.6423, -3.8268)
(1.8493, 1.039, -3.4537)
(2.1987, 1.4693, -3.1274)
(2.4348, 1.947, -2.9598)
(2.4311, 2.3789, -2.7236)
(0.7064, -0.5905, -4.0537)
(1.1777, -0.2287, -3.7852)
(1.4289, 0.2484, -3.4177)
(1.8243, 0.5953, -3.0644)
(2.1509, 1.0164, -2.7344)
(2.2797, 1.5296, -2.574)
(2.3252, 1.8812, -2.3122)
(0.6637, -0.9548, -3.5758)
(1.1969, -0.6325, -3.3558)
(1.5753, -0.1838, -3.0711)
(2.0605, 0.1585, -2.851)
(2.3385, 0.5804, -2.5172)
(2.2824, 1.0444, -2.1806)
(2.1998, 1.3912, -1.8876)
(0.6184, -1.2902, -3.076)
(1.1927, -0.9978, -2.8894)
(1.6699, -0.6003, -2.6517)
(2.1627, -0.2641, -2.4567)
(2.4079, 0.16, -2.1221)
(2.3988, 0.6161, -1.7512)
(2.4873, 0.985, -1.4734)
(0.582, -1.6031, -2.5613)
(1.2029, -1.3691, -2.4253)
(1.7436, -1.0275, -2.2305)
(2.2145, -0.6827, -2.0129)
(2.4394, -0.2492, -1.6686)
(2.5099, 0.2082, -1.3021)
(2.6344, 0.5649, -1.0252)
(0.5493, -1.8776, -2.0246)
(1.2098, -1.7148, -1.942)
(1.8085, -1.4498, -1.8068)
(2.2575, -1.0888, -1.5669)
(2.4666, -0.6373, -1.2108)
(2.6127, -0.1815, -0.8527)
(2.7861, 0.1646, -0.5846)
(0.5218, -2.1172, -1.4695)
(1.2048, -2.0129, -1.4239)
(1.8522, -1.8425, -1.35)
(2.3238, -1.4896, -1.1241)
(2.556, -1.0215, -0.7716)
(2.7705, -0.5637, -0.4265)
(2.9696, -0.2222, -0.1592)
(0.5118, -2.3521, -0.9137)
(1.2124, -2.3077, -0.9028)
(1.8951, -2.216, -0.8762)
(2.4329, -1.8982, -0.6981)
(2.7353, -1.4152, -0.3713)
(2.9904, -0.9396, -0.0276)
(3.1659, -0.5929, 0.2702)
(0.4949, -2.4704, -0.3218)
(1.1877, -2.4743, -0.3277)
(1.8643, -2.4736, -0.3314)
(2.4523, -2.2268, -0.21)
(2.8566, -1.7732, 0.0657)
(3.2411, -1.307, 0.3369)
(3.6785, -0.7874, 0.6544)
(0.4818, -2.5255, 0.2868)
(1.1608, -2.5952, 0.2635)
(1.7972, -2.6955, 0.2253)
(2.3587, -2.446, 0.3053)
(4.3374, -0.9771, 0.735)
(2.8531, -2.0646, 0.497)
(3.381, -1.7122, 0.596)
(4.9641, -0.7112, 0.8173)
(3.881, -1.3622, 0.4729)
(5.488, -1.1162, 0.7129)
(4.4365, -1.1546, 0.4645)
(0.4813, -2.5875, 0.9016)
(1.152, -2.6728, 0.8723)
(1.7855, -2.8516, 0.7965)
(5.6883, -1.2602, 0.6629)
(2.4143, -2.7659, 0.7256)
(4.9001, -1.1126, 0.7505)
(3.0025, -2.499, 0.6603)
(3.5814, -2.1892, 0.5856)
(5.3443, -1.1979, 0.7582)
(4.1434, -1.8626, 0.463)
(5.6604, -1.0606, 0.6537)
(4.6941, -1.6074, 0.3602)
(0.4876, -2.6651, 1.496)
(1.1593, -2.7087, 1.5026)
(1.8476, -2.8215, 1.4043)
(5.1377, -1.4002, 0.602)
(2.5311, -2.8414, 1.2654)
(3.1764, -2.7311, 1.0792)
(5.4578, -1.0499, 0.5632)
(3.7932, -2.5459, 0.8686)
(0.5023, -2.7339, 1.9708)
(5.7865, -0.7953, 0.4065)
(4.3898, -2.3022, 0.6638)
(4.9585, -2.0077, 0.5183)
(1.9553, -2.68, 2.002)
(1.1505, -2.6993, 2.2281)
(5.3899, -1.6492, 0.5321)
(2.6522, -2.6701, 1.8293)
(3.3153, -2.619, 1.6263)
(5.5407, -1.216, 0.308)
(3.9587, -2.5509, 1.3984)
(5.8014, -0.9401, 0.0693)
(4.5648, -2.4206, 1.1649)
(5.0223, -2.0571, 0.9728)
(1.6261, -2.6373, 2.677)
(2.1557, -2.5243, 2.5522)
(5.3493, -1.603, 0.7923)
(2.8075, -2.4781, 2.3884)
(3.4728, -2.4703, 2.1891)
(5.7513, -1.3148, 0.5119)
(4.1245, -2.4874, 1.965)
(6.0965, -1.2036, 0.2149)
(4.6862, -2.3997, 1.7128)
(4.9727, -2.0297, 1.4052)
(1.9144, -2.5153, 3.1318)
(2.3618, -2.3794, 3.0647)
(5.4299, -1.813, 1.0602)
(2.982, -2.2948, 2.9134)
(3.6361, -2.256, 2.6955)
(5.9565, -1.7017, 0.6802)
(4.2784, -2.267, 2.4494)
(2.1576, -2.3603, 3.3542)
(6.2968, -1.672, 0.3303)
(4.8587, -2.2445, 2.1547)
(2.4514, -2.2159, 3.4908)
(3.1295, -2.1605, 3.3402)
(5.2555, -2.0758, 1.7173)
(3.7773, -2.0698, 3.0849)
(5.7801, -1.9625, 1.3306)
(4.3833, -1.975, 2.7449)
(4.9641, -1.9271, 2.3581)
(6.3262, -1.9021, 0.9577)
(5.5005, -1.9063, 1.9076)
(6.6412, -1.9076, 0.6058)
(6.0382, -1.8932, 1.5489)
(6.8054, -1.9133, 0.9034)
(6.7156, -1.874, 1.2194)
(-0.0482, 4.2532, -2.3908)
(0.5874, 4.2723, -2.2765)
(1.2097, 4.3122, -2.1926)
(1.703, 3.9809, -2.3218)
(2.271, 3.8369, -2.6237)
(0.2178, 4.3671, -2.3186)
(0.7324, 4.063, -2.2276)
(2.8237, 3.681, -2.873)
(1.3067, 4.0185, -2.1906)
(2.9888, 3.5371, -3.2011)
(1.8659, 3.8983, -2.1839)
(2.2631, 3.5911, -2.4479)
(2.6437, 3.3993, -2.8761)
(2.8136, 3.2779, -3.3624)
(0.431, 4.4472, -1.9141)
(0.9869, 4.1323, -1.9561)
(1.4081, 3.7406, -1.9847)
(1.9342, 3.5295, -2.1202)
(2.3955, 3.2337, -2.2357)
(2.7313, 2.9872, -2.6181)
(2.718, 2.7835, -3.0146)
(0.4955, 4.2668, -1.3848)
(1.1119, 4.0473, -1.4798)
(1.6123, 3.6358, -1.6283)
(2.0104, 3.1945, -1.8827)
(2.3154, 2.7855, -2.1723)
(2.735, 2.5862, -2.4244)
(3.0226, 2.3198, -2.7695)
(0.4337, 3.9647, -0.9273)
(0.9796, 3.6851, -1.115)
(1.4489, 3.2498, -1.3719)
(1.7834, 2.7371, -1.6247)
(2.077, 2.368, -1.9128)
(2.3622, 2.4621, -2.3061)
(2.4532, 2.3834, -2.6976)
(0.2529, 3.635, -0.64)
(0.7394, 3.2697, -0.9462)
(1.185, 2.85, -1.2481)
(1.535, 2.3509, -1.3403)
(1.8788, 1.9718, -1.4685)
(2.1403, 2.0593, -1.9288)
(2.3214, 2.0074, -2.3741)
(0.3651, 3.4175, -0.1639)
(0.8285, 3.0332, -0.4873)
(1.262, 2.631, -0.797)
(1.5863, 2.124, -0.9234)
(1.9083, 1.7217, -1.0578)
(2.1042, 1.578, -1.4876)
(2.2325, 1.3758, -1.852)
(0.5308, 3.1666, 0.3613)
(1.0163, 2.8099, 0.0439)
(1.4633, 2.4266, -0.2856)
(1.9076, 2.0678, -0.5409)
(2.2631, 1.6914, -0.7988)
(2.372, 1.2808, -1.1255)
(2.5076, 0.9923, -1.4604)
(0.6371, 2.8326, 0.8588)
(1.1499, 2.5056, 0.5485)
(1.609, 2.1305, 0.212)
(2.0499, 1.7705, -0.093)
(2.4202, 1.3839, -0.4023)
(2.6191, 0.9456, -0.7273)
(2.6418, 0.581, -1.015)
(0.6711, 2.4323, 1.3194)
(1.1777, 2.1079, 1.0009)
(1.6385, 1.7336, 0.6595)
(2.0757, 1.3613, 0.3457)
(2.4637, 0.9731, 0.0329)
(2.7288, 0.5526, -0.2954)
(2.792, 0.1828, -0.577)
(0.6404, 1.9879, 1.7359)
(1.1135, 1.6467, 1.3882)
(1.5756, 1.2759, 1.046)
(2.0375, 0.9098, 0.7372)
(2.4709, 0.5355, 0.4368)
(2.8144, 0.1428, 0.1245)
(2.9765, -0.2043, -0.1519)
(0.5936, 1.5177, 2.1182)
(1.0746, 1.1942, 1.7732)
(1.5825, 0.8787, 1.4713)
(2.0498, 0.5101, 1.1618)
(2.4914, 0.1242, 0.852)
(2.8958, -0.2492, 0.5404)
(3.1673, -0.5762, 0.2823)
(0.6145, 1.0563, 2.508)
(1.184, 0.8444, 2.2263)
(1.7715, 0.6744, 1.9827)
(2.231, 0.3027, 1.6786)
(2.6564, -0.115, 1.3551)
(3.1342, -0.4408, 1.0179)
(3.6885, -0.7694, 0.6615)
(0.7043, 0.6251, 2.9239)
(1.3387, 0.543, 2.7193)
(1.968, 0.4718, 2.5197)
(2.4706, 0.1693, 2.2177)
(4.3327, -0.9736, 0.7742)
(2.9263, -0.1904, 1.8812)
(3.4478, -0.3929, 1.515)
(4.9695, -0.6841, 0.8477)
(3.9939, -0.4913, 1.1394)
(5.4576, -1.1528, 0.7643)
(4.5313, -0.6639, 0.8887)
(0.8091, 0.1788, 3.3276)
(1.4708, 0.1717, 3.1843)
(2.1292, 0.1823, 3.0288)
(5.4643, -0.8181, 0.6292)
(2.7093, 0.029, 2.7476)
(5.1127, -0.8395, 0.8712)
(3.241, -0.1652, 2.3909)
(3.7838, -0.2675, 2.0038)
(5.6201, -0.8652, 0.7069)
(4.3187, -0.2848, 1.6011)
(5.6471, -0.5402, 0.554)
(4.8373, -0.4659, 1.2577)
(0.8814, -0.2929, 3.6704)
(1.5625, -0.2824, 3.6037)
(2.2677, -0.2314, 3.4625)
(5.453, -0.6, 1.0373)
(2.9343, -0.2256, 3.2336)
(3.5345, -0.2619, 2.8911)
(5.9897, -0.591, 0.7986)
(4.1032, -0.2885, 2.4952)
(0.9149, -0.7149, 3.8811)
(6.0592, -0.2565, 0.7264)
(4.6608, -0.2918, 2.0871)
(5.2055, -0.3921, 1.6906)
(2.4032, -0.7394, 3.787)
(1.5724, -0.901, 3.9436)
(5.8077, -0.4702, 1.3913)
(3.1174, -0.6621, 3.6016)
(3.7639, -0.6266, 3.2904)
(6.3815, -0.4641, 1.1591)
(4.363, -0.6183, 2.9002)
(6.6143, -0.2286, 0.9273)
(4.9612, -0.6028, 2.4998)
(5.5649, -0.5765, 2.0929)
(1.9903, -1.3305, 3.988)
(2.5547, -1.2933, 3.9117)
(6.16, -0.6009, 1.768)
(3.2273, -1.2328, 3.7431)
(3.8878, -1.1708, 3.4651)
(6.7559, -0.5736, 1.5174)
(4.5137, -1.1282, 3.1117)
(7.0793, -0.488, 1.2131)
(5.143, -1.0881, 2.7553)
(5.7585, -1.0295, 2.3586)
(2.1159, -1.8281, 3.8977)
(2.5893, -1.8278, 3.783)
(6.3278, -1.0227, 2.0046)
(3.2266, -1.7862, 3.6172)
(3.8783, -1.7196, 3.3497)
(6.9278, -1.0131, 1.6899)
(4.4923, -1.6518, 2.9923)
(2.221, -2.1052, 3.7226)
(7.3257, -0.9572, 1.4172)
(5.0922, -1.6022, 2.5981)
(2.4746, -2.1981, 3.522)
(3.151, -2.1524, 3.3726)
(5.6967, -1.5738, 2.1805)
(3.79, -2.0656, 3.103)
(6.2843, -1.5232, 1.8435)
(4.3916, -1.9876, 2.7596)
(4.9744, -1.942, 2.3727)
(6.8664, -1.5329, 1.5367)
(5.5256, -1.9527, 1.8997)
(7.2907, -1.4805, 1.3409)
(6.2301, -1.8881, 1.4829)
(7.107, -1.774, 1.2757)
(6.8066, -1.8857, 1.2455)
(0.2694, 1.3452, -5.9152)
(-0.0502, 1.5046, -5.3932)
(-0.5058, 1.5597, -5.0297)
(-1.0568, 1.4093, -5.1187)
(-1.6528, 1.6055, -5.0584)
(-2.1587, 2.0206, -4.8526)
(0.2999, 0.9401, -5.7169)
(-0.0197, 1.1064, -5.2097)
(-0.4308, 1.2231, -4.7767)
(-2.5361, 2.4527, -4.5381)
(-1.0258, 1.1817, -4.7575)
(-2.7717, 2.6697, -4.2497)
(-1.6275, 1.4169, -4.6786)
(-2.1441, 1.8191, -4.4848)
(-2.5946, 2.1781, -4.2223)
(-2.8291, 2.5194, -3.9421)
(0.3031, 0.4402, -5.4561)
(-0.0718, 0.5948, -5.0182)
(-0.4126, 0.7748, -4.5061)
(-0.9588, 0.8881, -4.3054)
(-1.5074, 1.2486, -4.1906)
(-2.0548, 1.6075, -4.0316)
(-2.5974, 1.8093, -3.819)
(-2.8858, 2.0632, -3.5333)
(0.2356, -0.0244, -5.1244)
(-0.3067, 0.0935, -4.9187)
(-0.6862, 0.3089, -4.4508)
(-1.0981, 0.508, -4.031)
(-1.5648, 0.8882, -3.8725)
(-2.0343, 1.2283, -3.7455)
(-2.5234, 1.4697, -3.4884)
(-2.8102, 1.6194, -3.1254)
(0.1447, -0.4095, -4.6861)
(-0.4974, -0.3672, -4.6717)
(-1.0353, -0.1133, -4.4321)
(-1.4909, 0.2089, -4.0974)
(-1.8317, 0.6067, -3.8194)
(-1.9063, 0.9781, -3.4352)
(-2.1697, 1.4349, -3.2355)
(-2.3398, 2.0558, -3.2714)
(0.0694, -0.7483, -4.1901)
(-0.6037, -0.721, -4.2137)
(-1.2351, -0.51, -4.1098)
(-1.7398, -0.1713, -3.8868)
(-1.9243, 0.2685, -3.5095)
(-1.9229, 0.6844, -3.0519)
(-2.0586, 1.1242, -2.8211)
(-2.1373, 1.5481, -3.0593)
(0.0076, -1.0755, -3.6797)
(-0.6711, -1.0351, -3.6943)
(-1.3099, -0.8238, -3.6066)
(-1.8389, -0.458, -3.4101)
(-2.1778, -0.0043, -3.1118)
(-2.277, 0.4789, -2.725)
(-2.2262, 0.9089, -2.3684)
(-2.3112, 1.2864, -2.3344)
(-0.046, -1.3937, -3.1612)
(-0.727, -1.3505, -3.171)
(-1.3685, -1.1461, -3.0899)
(-1.9043, -0.7824, -2.9032)
(-2.3065, -0.3444, -2.645)
(-2.537, 0.14, -2.3354)
(-2.5648, 0.6209, -2.0038)
(-2.5471, 1.0157, -1.7976)
(-0.0928, -1.6904, -2.6287)
(-0.7768, -1.6571, -2.6405)
(-1.4237, -1.4715, -2.5714)
(-1.9469, -1.1037, -2.3852)
(-2.316, -0.6513, -2.1193)
(-2.5819, -0.1708, -1.8249)
(-2.7229, 0.3152, -1.521)
(-2.7577, 0.7088, -1.2849)
(-0.1335, -1.9536, -2.078)
(-0.8206, -1.9414, -2.0965)
(-1.4736, -1.7837, -2.0429)
(-1.982, -1.4073, -1.8578)
(-2.2998, -0.9209, -1.5782)
(-2.5691, -0.4306, -1.2814)
(-2.7944, 0.0439, -0.9899)
(-2.9155, 0.4336, -0.7591)
(-0.1672, -2.1835, -1.512)
(-0.8593, -2.1954, -1.5371)
(-1.5269, -2.0856, -1.5078)
(-2.0533, -1.7257, -1.3434)
(-2.3622, -1.2135, -1.0591)
(-2.6286, -0.6976, -0.7533)
(-2.8851, -0.2132, -0.4615)
(-3.0708, 0.1651, -0.2373)
(-0.188, -2.3847, -0.9362)
(-0.8898, -2.4061, -0.9615)
(-1.5833, -2.3682, -0.9664)
(-2.1653, -2.0703, -0.8529)
(-2.5026, -1.541, -0.5761)
(-2.7689, -0.9892, -0.2574)
(-3.0307, -0.4717, 0.0499)
(-3.2235, -0.0744, 0.2974)
(-0.2014, -2.4925, -0.3352)
(-0.8982, -2.5251, -0.3581)
(-1.5938, -2.5344, -0.3762)
(-2.2208, -2.341, -0.3144)
(-2.6127, -1.8476, -0.074)
(-2.9291, -1.3005, 0.221)
(-3.2468, -0.7585, 0.5028)
(-3.5765, -0.1637, 0.8688)
(-0.2076, -2.55, 0.2778)
(-0.8967, -2.5972, 0.2545)
(-1.5856, -2.6293, 0.2309)
(-2.2267, -2.5218, 0.2575)
(-2.6808, -2.1097, 0.4278)
(-4.1994, 0.1579, 0.8911)
(-3.1243, -1.6353, 0.6069)
(-3.5637, -1.1301, 0.7082)
(-4.5496, 0.0076, 1.4838)
(-3.9923, -0.6022, 0.6909)
(-5.2258, 0.0327, 1.3895)
(-0.2051, -2.6109, 0.894)
(-4.4478, -0.1693, 0.7588)
(-0.8923, -2.6489, 0.8715)
(-1.5786, -2.6547, 0.8454)
(-2.2573, -2.5664, 0.8221)
(-5.3542, 0.2754, 1.26)
(-2.8744, -2.3173, 0.8094)
(-4.8705, 0.045, 1.1363)
(-3.427, -1.9341, 0.7652)
(-3.9075, -1.4503, 0.6951)
(-5.3153, 0.3009, 1.3161)
(-4.3605, -0.9357, 0.6003)
(-5.6111, 0.362, 1.1685)
(-4.7947, -0.4293, 0.5775)
(-0.1952, -2.6773, 1.4708)
(-0.8775, -2.6762, 1.4675)
(-1.5488, -2.6041, 1.4678)
(-2.2331, -2.4227, 1.3942)
(-5.1697, 0.0408, 0.7714)
(-2.884, -2.162, 1.3058)
(-3.4913, -1.8496, 1.2303)
(-5.5741, 0.4549, 0.9581)
(-4.0367, -1.443, 1.1268)
(-0.1887, -2.7337, 1.8758)
(-0.8746, -2.712, 1.9454)
(-5.9138, 0.6938, 1.0769)
(-4.5521, -0.9927, 1.0057)
(-5.0635, -0.5435, 0.8914)
(-2.2918, -2.4124, 1.9953)
(-1.5053, -2.6422, 2.1864)
(-5.5375, -0.0839, 0.7979)
(-2.9177, -2.0877, 1.8768)
(-3.473, -1.6878, 1.7603)
(-5.9354, 0.3581, 0.7097)
(-4.0005, -1.2575, 1.6193)
(-6.2706, 0.6657, 0.7784)
(-4.536, -0.8272, 1.4735)
(-5.1128, -0.4368, 1.347)
(-1.9295, -2.5687, 2.6381)
(-2.4703, -2.4295, 2.5584)
(-5.6953, -0.0956, 1.2107)
(-3.0836, -2.1605, 2.4347)
(-3.6603, -1.7898, 2.2769)
(-6.2326, 0.15, 1.0055)
(-4.2071, -1.3891, 2.0953)
(-6.6474, 0.3396, 0.8775)
(-4.7757, -1.0151, 1.8855)
(-5.3879, -0.6676, 1.6835)
(-2.1163, -2.4547, 3.1308)
(-2.5807, -2.318, 3.0906)
(-5.9771, -0.364, 1.5448)
(-3.1949, -2.1083, 2.9841)
(-3.8105, -1.8095, 2.8134)
(-6.5356, -0.093, 1.4355)
(-4.4079, -1.4976, 2.6012)
(-2.2818, -2.3198, 3.4108)
(-6.9491, 0.1494, 1.3371)
(-5.0073, -1.1857, 2.3627)
(-2.5425, -2.1169, 3.495)
(-3.2214, -1.964, 3.4085)
(-5.5953, -0.8109, 2.1345)
(-3.8621, -1.7143, 3.2426)
(-6.1858, -0.5022, 1.9917)
(-4.4731, -1.4548, 3.0131)
(-5.0785, -1.1938, 2.785)
(-6.7401, -0.239, 1.923)
(-5.5195, -0.7586, 2.4801)
(-7.1241, 0.0188, 1.8426)
(-6.128, -0.4422, 2.3821)
(-7.0332, -0.0511, 2.1651)
(-6.7798, -0.1878, 2.3573)
(-0.4878, 4.4419, -2.5637)
(-0.8504, 4.2039, -2.3364)
(-1.462, 4.1103, -2.2967)
(-1.9846, 3.8316, -2.4375)
(-2.1426, 3.3302, -2.6009)
(-2.5109, 3.193, -3.0432)
(-0.316, 4.6101, -2.3538)
(-0.8356, 4.3524, -2.3607)
(-1.3129, 3.9327, -2.3339)
(-2.9161, 3.0062, -3.5059)
(-1.8342, 3.5806, -2.2737)
(-3.0222, 2.8093, -3.8575)
(-2.2288, 3.1555, -2.4213)
(-2.4639, 2.8739, -2.9076)
(-2.7366, 2.6956, -3.4395)
(-2.8378, 2.5263, -3.9237)
(-0.2204, 4.5175, -1.8754)
(-0.8236, 4.3051, -1.9096)
(-1.2255, 3.816, -1.9508)
(-1.6443, 3.3236, -2.0716)
(-2.073, 2.8749, -2.3349)
(-2.4527, 2.4943, -2.6989)
(-2.8027, 2.3131, -3.1356)
(-2.8915, 2.0712, -3.5145)
(-0.1754, 4.2125, -1.3763)
(-0.8352, 4.0464, -1.4326)
(-1.3997, 3.7502, -1.5592)
(-1.8268, 3.3035, -1.7979)
(-2.2213, 2.8345, -2.0264)
(-2.5298, 2.4031, -2.357)
(-2.7274, 2.0313, -2.8057)
(-2.823, 1.6251, -3.1075)
(-0.169, 3.8863, -0.9387)
(-0.7816, 3.6628, -1.0733)
(-1.2843, 3.3773, -1.3272)
(-1.6232, 2.969, -1.6786)
(-1.9769, 2.5809, -1.7979)
(-2.1532, 2.3556, -2.2391)
(-2.2992, 2.0067, -2.7014)
(-2.2702, 1.9181, -3.1742)
(-0.2741, 3.8052, -0.471)
(-0.746, 3.5292, -0.6114)
(-0.9504, 3.1148, -1.0216)
(-1.2336, 2.6574, -1.3976)
(-1.5972, 2.2705, -1.5653)
(-1.9074, 2.0602, -1.9449)
(-2.1002, 1.7265, -2.3952)
(-2.113, 1.4857, -2.8744)
(-0.1623, 3.5792, 0.0182)
(-0.5369, 3.2302, -0.1943)
(-0.7104, 2.7848, -0.6324)
(-1.055, 2.3612, -0.9919)
(-1.5034, 2.0084, -1.1939)
(-1.8685, 1.7629, -1.5457)
(-2.1087, 1.4393, -1.9214)
(-2.2841, 1.2548, -2.2947)
(-0.0097, 3.2721, 0.5016)
(-0.3596, 2.9112, 0.2278)
(-0.7387, 2.5209, -0.1464)
(-1.2342, 2.2419, -0.4881)
(-1.7556, 2.0078, -0.7694)
(-2.159, 1.7032, -1.1279)
(-2.4218, 1.3281, -1.4741)
(-2.5417, 1.0243, -1.7757)
(0.049, 2.9364, 0.9847)
(-0.4418, 2.6692, 0.7326)
(-0.9162, 2.3304, 0.3823)
(-1.4038, 2.0315, 0.0326)
(-1.8405, 1.7325, -0.3098)
(-2.1788, 1.3747, -0.6834)
(-2.5018, 1.01, -1.0128)
(-2.7558, 0.7232, -1.2688)
(0.0583, 2.5446, 1.4438)
(-0.517, 2.3472, 1.2322)
(-1.0025, 2.0214, 0.8811)
(-1.4183, 1.6693, 0.4892)
(-1.7498, 1.2998, 0.0841)
(-2.1098, 0.9384, -0.2725)
(-2.5297, 0.6283, -0.5565)
(-2.9174, 0.4482, -0.7431)
(0.0515, 2.1359, 1.8971)
(-0.5224, 1.9543, 1.6963)
(-0.9598, 1.6111, 1.3123)
(-1.3026, 1.2305, 0.87)
(-1.6751, 0.8675, 0.4757)
(-2.1373, 0.5531, 0.1703)
(-2.644, 0.3214, -0.0698)
(-3.08, 0.1794, -0.2228)
(0.0524, 1.7062, 2.3358)
(-0.4801, 1.5227, 2.1249)
(-0.8554, 1.1681, 1.7003)
(-1.2542, 0.8396, 1.2892)
(-1.7505, 0.5524, 0.957)
(-2.2701, 0.285, 0.6742)
(-2.8236, 0.168, 0.4609)
(-3.2324, -0.0577, 0.3191)
(0.0855, 1.2416, 2.7456)
(-0.43, 1.0661, 2.5288)
(-0.8328, 0.7623, 2.1178)
(-1.3736, 0.6055, 1.8014)
(-1.9262, 0.3624, 1.4989)
(-2.4518, 0.1315, 1.2159)
(-3.0094, 0.1792, 1.0227)
(-3.5852, -0.1474, 0.8978)
(0.1353, 0.7566, 3.1334)
(-0.4245, 0.6183, 2.9383)
(-0.9326, 0.4149, 2.5888)
(-1.5334, 0.373, 2.3378)
(-2.1058, 0.1786, 2.0488)
(-4.2109, 0.1975, 0.8727)
(-2.6483, 0.037, 1.7782)
(-3.154, 0.2447, 1.6184)
(-4.4753, -0.0099, 1.5102)
(-3.7165, 0.1456, 1.4966)
(-5.2555, 0.0874, 1.434)
(0.1786, 0.2362, 3.4694)
(-4.2944, 0.256, 1.3846)
(-0.4439, 0.15, 3.3256)
(-1.0428, 0.0607, 3.0691)
(-1.6725, 0.0955, 2.8638)
(-5.4872, 0.2, 1.2672)
(-2.2755, 0.0039, 2.5983)
(-4.8611, 0.2357, 1.5093)
(-2.8407, -0.0087, 2.3473)
(-3.314, 0.2882, 2.2015)
(-5.3531, 0.2559, 1.4244)
(-3.8718, 0.3271, 2.0716)
(-5.7171, 0.4464, 1.1869)
(-4.4524, 0.4176, 1.8742)
(0.2044, -0.2898, 3.7097)
(-0.4657, -0.3411, 3.6492)
(-1.1192, -0.3649, 3.5188)
(-1.7885, -0.2701, 3.3444)
(-5.0508, 0.5298, 1.7648)
(-2.4303, -0.2058, 3.1249)
(-3.0289, -0.0708, 2.8891)
(-5.5837, 0.6661, 1.5743)
(-3.5901, 0.1684, 2.6974)
(0.2112, -0.672, 3.8535)
(-0.4953, -0.7627, 3.8675)
(-5.9483, 0.9198, 1.3211)
(-4.1625, 0.4132, 2.5881)
(-4.7771, 0.5647, 2.3384)
(-1.9628, -0.737, 3.6932)
(-1.1762, -0.9695, 3.9033)
(-5.34, 0.7425, 2.1493)
(-2.6375, -0.5613, 3.5371)
(-3.2663, -0.3575, 3.3305)
(-5.8883, 0.9902, 1.9599)
(-3.8722, -0.119, 3.1368)
(-6.1864, 1.3028, 1.7231)
(-4.4752, 0.1656, 3.0222)
(-5.1208, 0.4201, 2.7716)
(-1.6899, -1.3683, 3.9205)
(-2.2313, -1.2401, 3.8228)
(-5.7226, 0.728, 2.5515)
(-2.8787, -1.0618, 3.7107)
(-3.5198, -0.8347, 3.5387)
(-6.2215, 1.0733, 2.4092)
(-4.1388, -0.5894, 3.3414)
(-6.5629, 1.301, 2.191)
(-4.758, -0.3418, 3.1702)
(-5.3761, -0.0185, 2.9555)
(-1.9967, -1.8156, 3.8311)
(-2.463, -1.7338, 3.7375)
(-5.9881, 0.3539, 2.7848)
(-3.0877, -1.5754, 3.6306)
(-3.7221, -1.3457, 3.4572)
(-6.5205, 0.7156, 2.6616)
(-4.3277, -1.0994, 3.2327)
(-2.2312, -2.0385, 3.6756)
(-6.8927, 0.9347, 2.5017)
(-4.9328, -0.8771, 3.041)
(-2.5326, -2.1077, 3.5145)
(-3.2091, -1.9549, 3.4286)
(-5.4617, -0.5461, 2.7654)
(-3.8501, -1.7179, 3.2686)
(-6.0406, -0.1754, 2.6452)
(-4.4576, -1.4517, 3.0375)
(-5.0581, -1.1876, 2.8079)
(-6.6292, 0.1621, 2.6088)
(-5.4821, -0.7757, 2.4122)
(-7.0334, 0.4075, 2.5545)
(-6.0729, -0.4512, 2.3393)
(-7.0045, 0.0557, 2.4957)
(-6.7845, -0.1632, 2.3856)
(2.789, 0.1737, -0.5808)
(2.7152, 2.7783, -3.0228)
(2.463, -2.207, 3.5064)
(2.2162, 1.3835, -1.8698)
(3.1403, -2.1564, 3.3564)
(3.7836, -2.0677, 3.0939)
(2.973, -0.2132, -0.1555)
(4.3875, -1.9813, 2.7522)
(4.9693, -1.9345, 2.3654)
(5.513, -1.9295, 1.9036)
(6.1342, -1.8906, 1.5159)
(3.0246, 2.3145, -2.7786)
(6.7611, -1.8799, 1.2325)
(2.4975, 0.9886, -1.4669)
(2.6381, 0.573, -1.0201)
(4.3351, -0.9753, 0.7546)
(3.1666, -0.5846, 0.2763)
(3.6835, -0.7784, 0.6579)
(4.9668, -0.6976, 0.8325)
(5.4728, -1.1345, 0.7386)
(2.8118, 3.2732, -3.3711)
(2.4421, 2.3811, -2.7106)
(2.3233, 1.9443, -2.3432)
(6.5063, -1.899, 0.7794)
(6.4954, -1.9067, 1.0946)
(6.7792, -1.894, 1.0588)
(6.7602, -1.9261, 0.7559)
(5.6158, -1.2172, 0.6793)
(5.3753, -1.18, 0.7563)
(5.5155, -1.1541, 0.7079)
(5.6738, -1.1988, 0.6699)
(5.3908, -1.1143, 0.6932)
(5.6188, -0.9089, 0.4867)
(5.7226, -0.895, 0.5675)
(5.4947, -1.1153, 0.3979)
(5.6534, -1.0606, 0.1827)
(5.782, -0.8315, 0.2)
(5.6384, -1.2531, 0.3787)
(5.9323, -1.2461, 0.3623)
(5.9345, -1.0511, 0.109)
(5.8432, -1.4922, 0.5997)
(6.1456, -1.6799, 0.5015)
(6.1972, -1.4356, 0.2731)
(6.1323, -1.8402, 0.8078)
(6.463, -1.8298, 0.4506)
(1.8791, -2.5749, 2.6177)
(1.7862, -2.5835, 2.9239)
(2.1217, -2.4431, 3.1051)
(2.2641, -2.4514, 2.8204)
(2.4713, -2.4939, 2.4756)
(2.6562, -2.3306, 3.0001)
(2.8963, -2.3831, 2.6622)
(3.1425, -2.4701, 2.2925)
(3.3106, -2.2691, 2.8101)
(3.5567, -2.3673, 2.4566)
(3.7999, -2.4789, 2.0797)
(3.9584, -2.2576, 2.5743)
(4.2066, -2.3949, 2.2283)
(4.4371, -2.4774, 1.8446)
(4.5901, -2.2718, 2.3179)
(4.773, -2.3433, 1.9602)
(4.8383, -2.2244, 1.565)
(5.0619, -2.1672, 1.9425)
(5.0887, -2.0628, 1.577)
(5.1733, -1.8971, 1.238)
(5.4978, -2.009, 1.5165)
(5.5925, -1.916, 1.1971)
(5.7065, -1.7476, 0.8703)
(6.0722, -1.9251, 1.1434)
(1.5968, -2.6856, 2.086)
(1.4147, -2.6738, 2.4351)
(2.0473, -2.6009, 2.2808)
(2.3062, -2.6779, 1.9189)
(2.725, -2.5722, 2.1093)
(2.9878, -2.649, 1.7315)
(3.3909, -2.5474, 1.9092)
(3.6385, -2.5861, 1.5149)
(4.0405, -2.529, 1.6846)
(4.273, -2.5064, 1.2792)
(4.623, -2.4223, 1.4439)
(4.8168, -2.2658, 1.0626)
(4.9755, -2.0326, 1.2032)
(5.1862, -1.823, 0.8901)
(5.3515, -1.682, 0.9309)
(5.5464, -1.4318, 0.6614)
(0.1477, -2.6686, 1.4816)
(-0.1914, -2.7065, 1.6895)
(0.1574, -2.7369, 1.9037)
(0.4942, -2.7007, 1.7449)
(0.823, -2.6757, 1.5088)
(0.8398, -2.7203, 2.0755)
(1.1723, -2.709, 1.8213)
(1.5016, -2.7658, 1.4637)
(1.8921, -2.7574, 1.7084)
(2.1926, -2.849, 1.3392)
(2.5895, -2.771, 1.5488)
(2.8585, -2.7992, 1.1778)
(3.2469, -2.6985, 1.3478)
(3.4876, -2.6461, 0.9745)
(3.8793, -2.5758, 1.118)
(4.0938, -2.431, 0.7655)
(4.4878, -2.3944, 0.8897)
(4.6804, -2.1607, 0.569)
(5.0218, -2.0668, 0.7265)
(5.2089, -1.8417, 0.5322)
(5.3881, -1.6283, 0.638)
(5.4771, -1.4259, 0.4434)
(0.1387, -2.5924, 0.9008)
(-0.2003, -2.6446, 1.1982)
(0.4836, -2.626, 1.2094)
(0.821, -2.6099, 0.8933)
(1.1525, -2.6963, 1.1871)
(1.4709, -2.7743, 0.8371)
(1.8102, -2.8584, 1.0977)
(2.1027, -2.8447, 0.7593)
(2.4717, -2.8448, 0.9819)
(2.712, -2.6436, 0.6931)
(3.0944, -2.6614, 0.8343)
(3.2933, -2.3476, 0.6256)
(3.692, -2.4056, 0.6801)
(3.8631, -2.0232, 0.535)
(4.274, -2.1111, 0.5268)
(4.4251, -1.7218, 0.3765)
(4.8404, -1.8412, 0.3984)
(4.9342, -1.5148, 0.4742)
(5.2925, -1.5566, 0.5325)
(5.3048, -1.2302, 0.6212)
(0.1373, -2.5309, 0.2851)
(-0.2076, -2.579, 0.5855)
(0.4803, -2.5539, 0.5931)
(0.8244, -2.5443, 0.2805)
(1.1545, -2.6397, 0.5646)
(1.4864, -2.6696, 0.2382)
(1.7812, -2.7912, 0.5067)
(2.0894, -2.6098, 0.2462)
(2.3679, -2.6103, 0.5142)
(2.6061, -2.2554, 0.3974)
(2.9107, -2.2781, 0.5819)
(3.1172, -1.8875, 0.5735)
(3.472, -1.9481, 0.5918)
(3.6278, -1.529, 0.5482)
(4.0048, -1.6078, 0.4474)
(4.161, -1.2376, 0.4269)
(4.5503, -1.3636, 0.3853)
(4.676, -1.1091, 0.6074)
(4.9902, -1.2518, 0.6853)
(5.1308, -1.1641, 0.7905)
(0.1469, -2.4798, -0.3268)
(-0.2055, -2.5233, -0.0293)
(0.4869, -2.5003, -0.0183)
(0.842, -2.4668, -0.3218)
(1.1724, -2.5384, -0.033)
(1.5304, -2.49, -0.3367)
(1.8291, -2.5869, -0.0529)
(2.1792, -2.3855, -0.2924)
(2.4019, -2.3315, 0.0568)
(2.6686, -2.0123, -0.0826)
(2.8517, -1.9097, 0.3087)
(3.0476, -1.5376, 0.2088)
(3.3159, -1.5002, 0.5005)
(3.4365, -1.0733, 0.4562)
(3.7862, -1.1206, 0.5364)
(4.008, -0.8822, 0.6947)
(4.3705, -1.015, 0.588)
(4.6508, -0.8441, 0.7761)
(4.8989, -0.9603, 0.782)
(5.226, -0.9137, 0.7651)
(0.162, -2.3701, -0.9242)
(-0.1955, -2.4496, -0.6385)
(0.5042, -2.4256, -0.622)
(0.8616, -2.3305, -0.9062)
(1.2034, -2.4042, -0.6207)
(1.5619, -2.2799, -0.9)
(1.8893, -2.356, -0.6101)
(2.1929, -2.0867, -0.8099)
(2.4623, -2.0808, -0.4641)
(2.603, -1.6666, -0.5457)
(2.815, -1.6062, -0.163)
(2.8644, -1.1672, -0.1945)
(3.1242, -1.1225, 0.1582)
(3.1029, -0.745, 0.1232)
(3.4222, -0.6901, 0.4623)
(0.1779, -2.1558, -1.4918)
(-0.1789, -2.2922, -1.2264)
(0.5161, -2.2423, -1.1939)
(0.8641, -2.0692, -1.4465)
(1.2098, -2.1691, -1.167)
(1.5402, -1.9445, -1.3986)
(1.8782, -2.0388, -1.1192)
(2.1199, -1.688, -1.2583)
(2.3795, -1.6964, -0.9135)
(2.4565, -1.2626, -0.9558)
(2.6411, -1.2181, -0.57)
(2.6615, -0.7819, -0.5909)
(2.8716, -0.7531, -0.223)
(2.8732, -0.3812, -0.2856)
(3.0677, -0.4075, 0.0555)
(0.2094, -1.9257, -2.0548)
(-0.1517, -2.0711, -1.7962)
(0.5336, -1.9977, -1.7475)
(0.8842, -1.8083, -1.9876)
(1.2064, -1.8647, -1.6844)
(1.5208, -1.5947, -1.8841)
(1.8306, -1.6475, -1.5807)
(2.0612, -1.2816, -1.7028)
(2.2841, -1.2879, -1.3429)
(2.3838, -0.8711, -1.3981)
(2.4988, -0.8285, -0.9863)
(2.5379, -0.4003, -1.0232)
(2.6837, -0.373, -0.6363)
(2.6981, 0.0029, -0.711)
(2.8778, -0.0288, -0.3719)
(0.2483, -1.6632, -2.6024)
(-0.1138, -1.8267, -2.3557)
(0.5656, -1.7463, -2.2961)
(0.9024, -1.5047, -2.5026)
(1.2085, -1.5488, -2.1884)
(1.4798, -1.2029, -2.3307)
(1.7789, -1.242, -2.022)
(1.9991, -0.8598, -2.1317)
(2.2362, -0.8876, -1.7906)
(2.3586, -0.4772, -1.8541)
(2.4506, -0.4453, -1.4395)
(2.4781, -0.0133, -1.4778)
(2.558, 0.0115, -1.0758)
(2.5645, 0.3977, -1.1553)
(2.7102, 0.3648, -0.8049)
(0.2927, -1.3632, -3.1297)
(-0.0702, -1.5456, -2.8971)
(0.5991, -1.4501, -2.8208)
(0.9213, -1.1666, -2.9952)
(1.1956, -1.183, -2.657)
(1.4322, -0.7976, -2.7668)
(1.7061, -0.8121, -2.4389)
(1.9273, -0.4318, -2.56)
(2.1892, -0.4742, -2.234)
(2.3272, -0.065, -2.3061)
(2.424, -0.0468, -1.8956)
(2.4128, 0.3944, -1.9298)
(2.4582, 0.4104, -1.5277)
(2.4209, 0.8086, -1.6013)
(2.5609, 0.7749, -1.2493)
(0.3436, -1.0376, -3.6404)
(-0.0201, -1.2364, -3.4218)
(0.6408, -1.1256, -3.3282)
(0.9547, -0.8195, -3.4807)
(1.197, -0.8178, -3.1255)
(1.385, -0.4048, -3.2091)
(1.6332, -0.3936, -2.8687)
(1.8159, -0.0074, -2.9638)
(2.1315, -0.054, -2.6755)
(2.2461, 0.3551, -2.6958)
(2.3899, 0.3691, -2.3421)
(2.3291, 0.8191, -2.3429)
(2.3335, 0.8245, -1.9709)
(2.2583, 1.2343, -2.0311)
(2.3436, 1.1881, -1.6805)
(0.3989, -0.6937, -4.1369)
(0.0373, -0.9126, -3.9357)
(0.6851, -0.776, -3.8174)
(0.9749, -0.4349, -3.9365)
(1.1839, -0.4327, -3.5726)
(1.3055, 0.0154, -3.6052)
(1.4875, 0.035, -3.2454)
(1.6131, 0.4306, -3.2407)
(1.9312, 0.3758, -2.9582)
(2.0111, 0.7863, -2.8828)
(2.2361, 0.7952, -2.6243)
(2.2351, 1.2798, -2.6484)
(2.2649, 1.2826, -2.377)
(2.3053, 1.7237, -2.4571)
(2.2625, 1.6362, -2.0999)
(0.4614, -0.3357, -4.6196)
(0.1047, -0.582, -4.4417)
(0.7295, -0.4005, -4.2862)
(1.0121, -0.0388, -4.3845)
(1.1958, -0.031, -4.0035)
(1.3682, 0.4074, -4.0282)
(1.4504, 0.4448, -3.6147)
(1.6668, 0.8471, -3.6373)
(1.8137, 0.8149, -3.2371)
(2.0316, 1.243, -3.2727)
(2.1486, 1.2448, -2.9152)
(2.3371, 1.7159, -3.0408)
(2.3273, 1.7657, -2.7795)
(2.48, 2.1385, -2.8344)
(2.3781, 2.13, -2.5179)
(0.534, 0.037, -5.0852)
(0.1896, -0.2255, -4.9169)
(0.7814, -0.0174, -4.7465)
(1.0527, 0.3565, -4.8272)
(1.2281, 0.3792, -4.4328)
(1.4266, 0.8093, -4.4554)
(1.5376, 0.8538, -4.0403)
(1.7534, 1.2526, -4.0803)
(1.8744, 1.2648, -3.6765)
(2.1238, 1.6593, -3.6967)
(2.259, 1.6757, -3.32)
(2.557, 2.0037, -3.3419)
(2.6075, 2.0477, -3.0857)
(2.8444, 2.2612, -3.007)
(2.7289, 2.344, -2.7557)
(0.5805, 0.4666, -5.4915)
(0.2765, 0.1978, -5.302)
(0.8509, 0.363, -5.203)
(1.1481, 0.7146, -5.2879)
(1.3194, 0.735, -4.8852)
(1.5913, 1.1001, -4.9247)
(1.6894, 1.1744, -4.4935)
(1.9799, 1.5095, -4.5239)
(2.0553, 1.5843, -4.1142)
(2.3536, 1.9207, -4.1123)
(2.4335, 1.9827, -3.6977)
(2.6021, 2.323, -3.6588)
(2.7293, 2.2924, -3.2992)
(2.7205, 2.6456, -3.2329)
(2.8696, 2.5412, -2.9094)
(0.5682, 0.9323, -5.8119)
(0.3086, 0.6958, -5.5948)
(0.8839, 0.7833, -5.6171)
(1.1446, 1.1295, -5.6706)
(1.4004, 1.098, -5.3255)
(1.6, 1.4971, -5.308)
(1.819, 1.4908, -4.9314)
(1.9967, 1.897, -4.8983)
(2.201, 1.8975, -4.5151)
(2.3352, 2.3154, -4.4597)
(2.5024, 2.3222, -4.0671)
(2.5889, 2.7394, -3.9846)
(2.6558, 2.7216, -3.5929)
(2.7509, 3.0916, -3.5548)
(2.7612, 3.0209, -3.2054)
(0.5328, 1.3117, -6.0443)
(0.2857, 1.1527, -5.8211)
(0.8532, 1.1816, -5.9263)
(1.093, 1.4746, -5.9376)
(1.3535, 1.4884, -5.6393)
(1.5281, 1.8471, -5.5613)
(1.7691, 1.8782, -5.2427)
(1.9254, 2.2453, -5.1528)
(2.1457, 2.285, -4.8225)
(2.302, 2.6522, -4.7294)
(2.4648, 2.7047, -4.369)
(2.627, 3.0584, -4.2699)
(2.7148, 3.0973, -3.905)
(2.8287, 3.3797, -3.8502)
(2.8476, 3.3843, -3.5256)
(2.033, -2.4386, 3.2673)
(2.2994, -2.2866, 3.425)
(2.4373, -2.3043, 3.2709)
(2.7904, -2.1882, 3.4155)
(3.0571, -2.2209, 3.1303)
(3.4534, -2.1152, 3.2125)
(3.7067, -2.1579, 2.8959)
(4.0803, -2.0224, 2.9149)
(4.3341, -2.1263, 2.6115)
(4.6737, -1.9511, 2.5515)
(4.9175, -2.1003, 2.2743)
(5.2323, -1.9167, 2.1328)
(5.3912, -2.015, 1.8269)
(5.7694, -1.8998, 1.7283)
(5.9316, -1.9455, 1.4472)
(6.3769, -1.8836, 1.3842)
(6.8182, -1.7221, 1.4113)
(7.0944, -1.5148, 1.4278)
(7.2142, -1.6592, 1.2994)
(6.9659, -1.8415, 1.2592)
(5.4914, -0.9671, 0.725)
(5.4487, -0.9784, 0.6974)
(5.5279, -0.6798, 0.5673)
(5.6795, -0.734, 0.6239)
(5.7946, -0.7287, 0.7213)
(5.8261, -0.3847, 0.6214)
(6.0685, -0.4533, 0.7445)
(6.1846, -0.501, 0.9584)
(6.3333, -0.2029, 0.8226)
(6.531, -0.3675, 1.0443)
(6.5812, -0.4804, 1.3517)
(6.868, -0.3266, 1.0633)
(6.9451, -0.5349, 1.372)
(6.8752, -0.7613, 1.6409)
(7.2371, -0.7024, 1.3459)
(7.1482, -0.9894, 1.55)
(6.9146, -1.2858, 1.6429)
(7.336, -1.2324, 1.3988)
(2.0759, -1.5922, 3.9592)
(2.2615, -1.3141, 3.9567)
(2.588, -1.5761, 3.8731)
(2.3367, -1.8314, 3.8434)
(2.8833, -1.2652, 3.8413)
(3.2405, -1.5272, 3.7077)
(2.894, -1.812, 3.7103)
(3.5635, -1.2001, 3.6171)
(3.8981, -1.4622, 3.4371)
(3.5572, -1.7544, 3.4971)
(4.2025, -1.1472, 3.2917)
(4.5209, -1.4047, 3.0839)
(4.1891, -1.6848, 3.1783)
(4.8272, -1.1108, 2.9366)
(5.1394, -1.3572, 2.7132)
(4.7918, -1.623, 2.8003)
(5.4575, -1.0563, 2.5576)
(5.7509, -1.3119, 2.3095)
(5.396, -1.59, 2.3844)
(6.04, -1.0209, 2.175)
(6.3214, -1.2809, 1.9657)
(5.9893, -1.5446, 2.0051)
(6.6393, -1.0228, 1.8422)
(6.587, -1.5272, 1.6814)
(1.8213, -1.0898, 3.9768)
(2.0321, -0.7897, 3.853)
(2.4853, -1.0121, 3.8808)
(2.7655, -0.6969, 3.7077)
(3.1845, -0.9376, 3.7065)
(3.4495, -0.6392, 3.4608)
(3.8419, -0.885, 3.4135)
(4.0662, -0.6211, 3.0996)
(4.4578, -0.8599, 3.0431)
(4.6605, -0.6136, 2.7015)
(5.0775, -0.8314, 2.6693)
(5.2648, -0.5855, 2.2923)
(5.6929, -0.7758, 2.269)
(5.8578, -0.5874, 1.9169)
(6.2747, -0.7846, 1.925)
(6.4777, -0.5969, 1.6425)
(0.2093, -0.4953, 3.7891)
(0.5431, -0.2872, 3.6976)
(0.9012, -0.5094, 3.7876)
(0.5633, -0.6775, 3.862)
(1.2192, -0.2938, 3.6421)
(1.5936, -0.546, 3.7699)
(1.2604, -0.7821, 3.9094)
(1.9151, -0.2568, 3.5438)
(2.3321, -0.477, 3.6431)
(2.6091, -0.2209, 3.3614)
(3.0328, -0.4218, 3.4391)
(3.2411, -0.2413, 3.0739)
(3.6596, -0.413, 3.1111)
(3.8206, -0.2806, 2.6961)
(4.2429, -0.4192, 2.7136)
(4.3844, -0.2836, 2.2923)
(4.8193, -0.4151, 2.3036)
(4.9307, -0.3351, 1.8816)
(5.3948, -0.4479, 1.8961)
(5.4973, -0.4372, 1.5282)
(5.9938, -0.4979, 1.5848)
(6.1233, -0.4897, 1.2718)
(0.1941, -0.0376, 3.6033)
(0.4917, 0.2151, 3.4188)
(0.8507, -0.0592, 3.5133)
(1.1363, 0.1639, 3.2495)
(1.5211, -0.0454, 3.4052)
(1.806, 0.1892, 3.1174)
(2.2008, -0.0097, 3.2567)
(2.4292, 0.123, 2.903)
(2.825, -0.0778, 2.9997)
(2.9766, -0.0728, 2.5747)
(3.3935, -0.1847, 2.646)
(3.5107, -0.2339, 2.2005)
(3.9484, -0.2448, 2.2535)
(4.0554, -0.2673, 1.8016)
(4.491, -0.2519, 1.8482)
(4.5721, -0.3636, 1.4135)
(5.0171, -0.4043, 1.4759)
(5.1342, -0.5454, 1.1438)
(5.63, -0.506, 1.199)
(5.7643, -0.6289, 0.9095)
(0.1587, 0.5022, 3.3108)
(0.4161, 0.7072, 3.0571)
(0.7584, 0.4067, 3.1294)
(1.0142, 0.5699, 2.8112)
(1.4094, 0.3686, 2.9559)
(1.6639, 0.5254, 2.6287)
(2.0521, 0.341, 2.7811)
(2.2338, 0.3456, 2.3786)
(2.5909, 0.1062, 2.4853)
(2.695, -0.0206, 2.052)
(3.0823, -0.1783, 2.1369)
(3.1792, -0.3137, 1.7021)
(3.6151, -0.3264, 1.7587)
(3.7217, -0.4416, 1.3232)
(4.1521, -0.372, 1.3624)
(4.2609, -0.5688, 0.9825)
(4.6719, -0.557, 1.0493)
(4.8147, -0.7583, 0.876)
(5.2698, -0.7348, 0.9313)
(5.4087, -0.8898, 0.8044)
(0.11, 1.002, 2.9433)
(0.35, 1.178, 2.6628)
(0.6538, 0.839, 2.7146)
(0.8916, 0.9385, 2.358)
(1.2617, 0.6961, 2.4728)
(1.4865, 0.7719, 2.1072)
(1.8749, 0.5814, 2.2517)
(2.0151, 0.5103, 1.8372)
(2.3493, 0.2328, 1.9483)
(2.4403, 0.0874, 1.5179)
(2.7822, -0.1715, 1.6195)
(2.8881, -0.2911, 1.1879)
(3.2865, -0.4395, 1.2672)
(3.3938, -0.5762, 0.8466)
(3.8432, -0.6222, 0.9281)
(4.0106, -0.8715, 0.7179)
(4.4224, -0.7834, 0.8057)
(4.6511, -0.8289, 0.8109)
(5.0136, -0.8431, 0.8417)
(5.2136, -0.9185, 0.806)
(0.0652, 1.4773, 2.5437)
(0.3312, 1.6488, 2.2675)
(0.5936, 1.2834, 2.3098)
(0.8353, 1.3581, 1.9443)
(1.1146, 1.0066, 1.9909)
(1.3281, 1.0387, 1.6189)
(1.6632, 0.7614, 1.719)
(1.8219, 0.7002, 1.3179)
(2.1237, 0.3868, 1.4119)
(2.2729, 0.3178, 1.0075)
(2.5556, -0.0189, 1.0948)
(2.7021, -0.0691, 0.6932)
(2.997, -0.3774, 0.7725)
(3.0614, -0.4076, 0.403)
(3.4279, -0.6728, 0.4719)
(0.049, 1.9251, 2.1197)
(0.356, 2.0994, 1.8564)
(0.6132, 1.7541, 1.929)
(0.8867, 1.8289, 1.5703)
(1.0799, 1.412, 1.5754)
(1.3427, 1.4608, 1.2122)
(1.558, 1.0567, 1.2483)
(1.8083, 1.0925, 0.8885)
(2.0265, 0.6914, 0.9392)
(2.2599, 0.7258, 0.5886)
(2.4701, 0.3165, 0.6365)
(2.6626, 0.3369, 0.2789)
(2.8446, -0.0661, 0.328)
(2.9118, -0.035, -0.0172)
(3.0719, -0.3903, 0.0652)
(0.0556, 2.3415, 1.6711)
(0.3709, 2.5261, 1.4203)
(0.662, 2.2146, 1.5333)
(0.9365, 2.285, 1.1715)
(1.1518, 1.8819, 1.2001)
(1.4107, 1.9215, 0.8276)
(1.6105, 1.5071, 0.8551)
(1.861, 1.5474, 0.4999)
(2.0598, 1.1377, 0.5438)
(2.279, 1.1722, 0.1918)
(2.4708, 0.7569, 0.238)
(2.6196, 0.7612, -0.1334)
(2.7744, 0.3499, -0.0826)
(2.7795, 0.3624, -0.442)
(2.8842, -0.0107, -0.3644)
(0.057, 2.7456, 1.2165)
(0.3406, 2.9288, 0.9635)
(0.6632, 2.6393, 1.0943)
(0.9055, 2.6836, 0.7135)
(1.1781, 2.3174, 0.7831)
(1.3823, 2.3178, 0.378)
(1.6394, 1.9433, 0.4448)
(1.8332, 1.9496, 0.0568)
(2.0724, 1.5724, 0.1328)
(2.2505, 1.5853, -0.2447)
(2.4477, 1.1817, -0.1818)
(2.5448, 1.1627, -0.5665)
(2.6838, 0.7527, -0.5123)
(2.6448, 0.7554, -0.8756)
(2.7169, 0.3819, -0.796)
(0.0302, 3.1102, 0.7448)
(0.2489, 3.2743, 0.4754)
(0.5925, 3.0093, 0.6141)
(0.7851, 3.0012, 0.2109)
(1.094, 2.6696, 0.3008)
(1.2403, 2.6157, -0.127)
(1.5483, 2.2919, -0.0339)
(1.6872, 2.2455, -0.4203)
(2.0048, 1.9491, -0.3239)
(2.1119, 1.8865, -0.6627)
(2.3714, 1.5712, -0.618)
(2.3353, 1.4797, -0.9571)
(2.5136, 1.1244, -0.9337)
(2.4237, 1.1221, -1.291)
(2.5747, 0.7867, -1.2377)
(-0.0775, 3.4287, 0.2601)
(0.0994, 3.5546, -0.036)
(0.4539, 3.3025, 0.1013)
(0.6036, 3.2317, -0.3191)
(0.9244, 2.929, -0.2191)
(1.0551, 2.8406, -0.6573)
(1.3625, 2.5366, -0.5382)
(1.4302, 2.3833, -0.88)
(1.7436, 2.1021, -0.7319)
(1.755, 1.8916, -0.9621)
(2.0778, 1.7121, -0.9276)
(2.0175, 1.6331, -1.2533)
(2.2154, 1.417, -1.3026)
(2.1907, 1.5019, -1.6908)
(2.3701, 1.1841, -1.6562)
(-0.2426, 3.7149, -0.2266)
(-0.0061, 3.7675, -0.5267)
(0.2786, 3.5183, -0.4244)
(0.5001, 3.4618, -0.7835)
(0.7483, 3.135, -0.7492)
(0.9725, 3.0683, -1.1145)
(1.1861, 2.7251, -1.0555)
(1.3661, 2.6074, -1.3148)
(1.5136, 2.2091, -1.1375)
(1.7106, 2.11, -1.3701)
(1.8475, 1.8126, -1.2432)
(2.022, 1.9942, -1.6773)
(2.0889, 1.8023, -1.7008)
(2.2389, 2.0454, -2.1508)
(2.2769, 1.6916, -2.1131)
(-0.2292, 3.8365, -0.7101)
(0.138, 3.9618, -0.9104)
(0.329, 3.7917, -0.7858)
(0.7141, 3.8611, -1.002)
(0.8397, 3.4635, -1.0396)
(1.2289, 3.4792, -1.242)
(1.2923, 3.0304, -1.3268)
(1.6292, 2.9978, -1.4988)
(1.6371, 2.5274, -1.4969)
(1.9292, 2.4986, -1.7566)
(1.9626, 2.1637, -1.7015)
(2.229, 2.3992, -2.105)
(2.2238, 2.2987, -2.1457)
(2.4501, 2.4283, -2.4913)
(2.3873, 2.1954, -2.5359)
(-0.1567, 4.0259, -1.1555)
(0.1626, 4.2643, -1.37)
(0.487, 4.1247, -1.1323)
(0.8157, 4.1916, -1.4243)
(1.0777, 3.8913, -1.2641)
(1.3752, 3.8533, -1.5441)
(1.5763, 3.4733, -1.473)
(1.8285, 3.4166, -1.7436)
(1.9279, 2.9742, -1.7503)
(2.1542, 2.9714, -2.0321)
(2.2031, 2.5728, -2.0757)
(2.5348, 2.6681, -2.2926)
(2.5655, 2.5225, -2.3807)
(2.8496, 2.493, -2.5957)
(2.7379, 2.3516, -2.7336)
(-0.1959, 4.3842, -1.6168)
(0.1099, 4.5155, -1.8875)
(0.4798, 4.3853, -1.6516)
(0.7296, 4.3152, -1.9403)
(1.0782, 4.1273, -1.7266)
(1.1968, 3.9222, -1.9607)
(1.5275, 3.6959, -1.811)
(1.6644, 3.6277, -2.0508)
(1.9921, 3.3643, -2.0185)
(2.1771, 3.3894, -2.1615)
(2.3876, 3.0122, -2.2033)
(2.5921, 3.1, -2.402)
(2.7775, 2.7561, -2.5)
(2.7782, 2.885, -2.8278)
(2.8703, 2.5516, -2.892)
(-0.2584, 4.598, -2.1374)
(-0.0463, 4.5347, -2.3438)
(0.3387, 4.4284, -2.1512)
(0.4726, 4.1894, -2.2721)
(0.8576, 4.0843, -2.1256)
(1.012, 4.0229, -2.2062)
(1.3419, 3.8587, -2.1157)
(1.6023, 3.9866, -2.1684)
(1.9002, 3.7293, -2.1601)
(2.0743, 3.7481, -2.2813)
(2.3327, 3.4286, -2.3293)
(2.4652, 3.48, -2.6559)
(2.6657, 3.2094, -2.7641)
(2.758, 3.325, -3.0918)
(2.7658, 3.0307, -3.1885)
(-0.3957, 4.5471, -2.4847)
(-0.2943, 4.3714, -2.5069)
(0.0867, 4.3073, -2.3846)
(0.2551, 4.2256, -2.3208)
(0.6469, 4.1373, -2.2686)
(0.9144, 4.3312, -2.2231)
(1.2628, 4.1703, -2.2078)
(1.4609, 4.1591, -2.2245)
(1.7962, 3.9702, -2.2409)
(1.9734, 3.8883, -2.4704)
(2.2484, 3.7226, -2.5445)
(2.5747, 3.7628, -2.7455)
(2.7075, 3.5511, -2.9015)
(2.9611, 3.6144, -3.0407)
(2.9245, 3.4197, -3.3007)
(2.1545, -1.9979, 3.816)
(2.5641, -2.0231, 3.6631)
(2.3345, -2.1638, 3.6234)
(3.1918, -1.9848, 3.4947)
(2.8128, -2.1752, 3.4473)
(3.8371, -1.9127, 3.2293)
(3.4705, -2.109, 3.2378)
(4.445, -1.8399, 2.8774)
(4.0908, -2.0266, 2.9313)
(5.0329, -1.7926, 2.4776)
(4.683, -1.9648, 2.5661)
(5.6245, -1.7768, 2.0424)
(5.25, -1.9473, 2.1362)
(6.2472, -1.723, 1.683)
(5.8778, -1.9204, 1.6913)
(6.5183, -1.8869, 1.3642)
(-2.9165, 0.4409, -0.7511)
(-2.8887, 2.0672, -3.5239)
(-2.5375, -2.1123, 3.5047)
(-2.2977, 1.2706, -2.3146)
(-3.2153, -1.9595, 3.4185)
(-3.8561, -1.7161, 3.2556)
(-3.0754, 0.1722, -0.23)
(-4.4653, -1.4533, 3.0253)
(-5.0683, -1.1907, 2.7965)
(-5.5008, -0.7672, 2.4461)
(-6.1005, -0.4467, 2.3607)
(-2.8166, 1.6222, -3.1165)
(-6.7822, -0.1755, 2.3715)
(-2.5444, 1.02, -1.7867)
(-2.7567, 0.716, -1.2769)
(-4.2051, 0.1777, 0.8819)
(-3.228, -0.0661, 0.3082)
(-3.5808, -0.1556, 0.8833)
(-4.5125, -0.0012, 1.497)
(-5.2407, 0.0601, 1.4118)
(-2.8334, 2.5229, -3.9329)
(-2.305, 1.987, -3.2228)
(-2.1251, 1.5169, -2.9669)
(-6.9482, -0.1102, 1.8854)
(-6.754, -0.2355, 2.1394)
(-6.9161, -0.1114, 2.2693)
(-7.1095, -0.0161, 2.0276)
(-5.2784, 0.1775, 1.3231)
(-5.2263, 0.187, 1.3786)
(-5.4791, 0.3535, 1.2679)
(-5.4708, 0.3039, 1.2053)
(-5.4296, 0.401, 1.1608)
(-5.7516, 0.5906, 1.0227)
(-5.7578, 0.5271, 1.1464)
(-5.7536, 0.4327, 0.7787)
(-6.1075, 0.5248, 0.7283)
(-6.0854, 0.7405, 0.9195)
(-6.0895, 0.2618, 0.8093)
(-6.4511, 0.2482, 0.9319)
(-6.463, 0.5071, 0.7654)
(-6.3851, 0.0262, 1.2143)
(-6.7563, 0.0305, 1.3856)
(-6.8096, 0.2268, 1.0815)
(-6.6632, -0.1876, 1.6803)
(-7.0628, 0.0773, 1.6032)
(-2.1918, -2.5096, 2.6019)
(-2.0412, -2.5154, 2.8979)
(-2.3336, -2.3914, 3.1159)
(-2.5391, -2.3895, 2.837)
(-2.7739, -2.312, 2.5022)
(-2.8762, -2.2253, 3.0466)
(-3.1527, -2.1547, 2.7197)
(-3.3788, -1.9835, 2.3589)
(-3.5071, -1.966, 2.9053)
(-3.7506, -1.8204, 2.5521)
(-3.9343, -1.5886, 2.1896)
(-4.1095, -1.6514, 2.7115)
(-4.3239, -1.4638, 2.3528)
(-4.4854, -1.1984, 1.9928)
(-4.7082, -1.3479, 2.484)
(-4.9124, -1.1244, 2.123)
(-5.0808, -0.8369, 1.7789)
(-5.3022, -0.9989, 2.2423)
(-5.5218, -0.7676, 1.9023)
(-5.6847, -0.5107, 1.6073)
(-5.8896, -0.6465, 2.0505)
(-6.1104, -0.4639, 1.7591)
(-6.2688, -0.2246, 1.4883)
(-6.4786, -0.3683, 1.954)
(-1.9475, -2.5283, 2.0601)
(-1.7504, -2.6079, 2.3917)
(-2.3774, -2.4311, 2.2799)
(-2.6137, -2.264, 1.9355)
(-2.9944, -2.1239, 2.1555)
(-3.2021, -1.8936, 1.8201)
(-3.551, -1.7225, 2.0151)
(-3.738, -1.4748, 1.6925)
(-4.08, -1.2949, 1.8529)
(-4.2643, -1.0394, 1.545)
(-4.629, -0.8874, 1.676)
(-4.8206, -0.6267, 1.4077)
(-5.2286, -0.525, 1.5146)
(-5.4055, -0.2567, 1.287)
(-5.8222, -0.2129, 1.38)
(-5.9765, 0.0382, 1.1076)
(-0.538, -2.6822, 1.4658)
(-0.5335, -2.7278, 1.8904)
(-0.8746, -2.6927, 1.7177)
(-1.2124, -2.6525, 1.4732)
(-1.2057, -2.6801, 2.0403)
(-1.5446, -2.605, 1.7845)
(-1.8917, -2.5263, 1.4384)
(-2.244, -2.3992, 1.6959)
(-2.5639, -2.299, 1.3481)
(-2.8831, -2.0973, 1.5901)
(-3.1946, -2.0152, 1.269)
(-3.4666, -1.7449, 1.4999)
(-3.7707, -1.6565, 1.1824)
(-4.0085, -1.3331, 1.381)
(-4.2955, -1.2193, 1.067)
(-4.5373, -0.8947, 1.2511)
(-4.8095, -0.7681, 0.9454)
(-5.0856, -0.4769, 1.1304)
(-5.3083, -0.3159, 0.8459)
(-5.6243, -0.079, 0.9916)
(-5.7464, 0.1487, 0.7422)
(-0.5489, -2.6315, 0.8836)
(-0.8848, -2.6636, 1.1799)
(-1.2351, -2.6589, 0.8587)
(-1.5629, -2.6295, 1.1566)
(-1.9224, -2.6278, 0.8321)
(-2.2465, -2.4976, 1.1042)
(-2.5743, -2.4614, 0.8171)
(-2.8977, -2.2647, 1.0396)
(-3.1596, -2.1407, 0.7914)
(-3.4911, -1.9334, 0.9634)
(-3.6741, -1.7006, 0.7337)
(-4.0073, -1.4919, 0.8669)
(-4.1349, -1.1939, 0.6482)
(-4.4918, -1.0098, 0.758)
(-4.5845, -0.679, 0.5658)
(-4.9586, -0.5231, 0.6818)
(-4.983, -0.1906, 0.6581)
(-5.3682, -0.0271, 0.7182)
(-5.3731, 0.2645, 0.8745)
(-0.5523, -2.5731, 0.2671)
(-0.8957, -2.6262, 0.562)
(-1.241, -2.6195, 0.2415)
(-1.5844, -2.6539, 0.5369)
(-1.9245, -2.6092, 0.2293)
(-2.2447, -2.5709, 0.541)
(-2.4684, -2.3415, 0.3307)
(-2.7813, -2.2465, 0.6206)
(-2.8996, -1.8736, 0.5231)
(-3.2838, -1.8152, 0.6794)
(-3.3468, -1.3878, 0.6725)
(-3.7474, -1.3163, 0.6803)
(-3.7754, -0.8649, 0.7079)
(-4.1851, -0.7891, 0.6046)
(-4.2216, -0.3587, 0.689)
(-4.6176, -0.3034, 0.6287)
(-4.6577, -0.054, 0.9345)
(-5.0069, 0.0576, 0.9409)
(-5.1012, 0.1797, 1.2723)
(-0.5497, -2.5074, -0.3458)
(-0.8978, -2.5642, -0.0522)
(-1.247, -2.5417, -0.3705)
(-1.5894, -2.5887, -0.0734)
(-1.9297, -2.4759, -0.3644)
(-2.2229, -2.443, -0.0294)
(-2.4398, -2.1183, -0.2111)
(-2.6353, -1.978, 0.189)
(-2.7726, -1.5727, 0.0728)
(-3.0112, -1.4619, 0.4453)
(-3.086, -1.0289, 0.3662)
(-3.393, -0.9368, 0.6503)
(-3.4137, -0.4853, 0.6373)
(-3.8005, -0.4026, 0.7662)
(-3.8879, -0.0029, 0.88)
(-4.2993, -0.0357, 0.8719)
(-4.3745, 0.0827, 1.1874)
(-4.733, 0.0351, 1.2831)
(-4.8877, 0.0201, 1.4367)
(-0.5383, -2.3965, -0.9488)
(-0.8964, -2.4755, -0.6625)
(-1.2412, -2.4075, -0.9718)
(-1.5939, -2.4649, -0.6763)
(-1.9008, -2.2564, -0.9306)
(-2.203, -2.2174, -0.5906)
(-2.3568, -1.8208, -0.7283)
(-2.5683, -1.701, -0.3303)
(-2.6364, -1.2626, -0.4174)
(-2.8494, -1.143, -0.0165)
(-2.9025, -0.7212, -0.0987)
(-3.1276, -0.6066, 0.2932)
(-3.1446, -0.2538, 0.1813)
(-3.4, -0.1191, 0.5831)
(-0.5132, -2.1983, -1.5279)
(-0.8766, -2.31, -1.2524)
(-1.2019, -2.1658, -1.5347)
(-1.5581, -2.2363, -1.2411)
(-1.817, -1.9351, -1.4443)
(-2.11, -1.9007, -1.0996)
(-2.2256, -1.4774, -1.2098)
(-2.4285, -1.3756, -0.8159)
(-2.4943, -0.9534, -0.9063)
(-2.6922, -0.8404, -0.502)
(-2.763, -0.4459, -0.6015)
(-2.9503, -0.3416, -0.2033)
(-2.9846, -0.0126, -0.3423)
(-3.1472, 0.0453, 0.0301)
(-0.4776, -1.9606, -2.093)
(-0.8405, -2.0721, -1.8185)
(-1.1575, -1.8876, -2.0833)
(-1.4988, -1.9346, -1.7752)
(-1.7527, -1.6188, -1.9666)
(-2.0106, -1.5618, -1.5967)
(-2.1566, -1.1691, -1.7242)
(-2.3183, -1.062, -1.3138)
(-2.4364, -0.6752, -1.4306)
(-2.5869, -0.5613, -1.0138)
(-2.6928, -0.1862, -1.1307)
(-2.8343, -0.0852, -0.7242)
(-2.8642, 0.2473, -0.8688)
(-2.9932, 0.2993, -0.4982)
(-0.4359, -1.6895, -2.6422)
(-0.7994, -1.8028, -2.3704)
(-1.1102, -1.5872, -2.6192)
(-1.449, -1.6295, -2.3085)
(-1.7049, -1.3056, -2.492)
(-1.9628, -1.2561, -2.1216)
(-2.1474, -0.8828, -2.2581)
(-2.304, -0.7868, -1.8482)
(-2.4621, -0.4145, -1.9753)
(-2.5723, -0.3031, -1.553)
(-2.6694, 0.0785, -1.6686)
(-2.7604, 0.176, -1.2563)
(-2.7454, 0.523, -1.3953)
(-2.8366, 0.5712, -1.022)
(-0.3879, -1.3902, -3.1757)
(-0.7527, -1.5059, -2.9071)
(-1.0571, -1.2701, -3.1436)
(-1.3969, -1.31, -2.8317)
(-1.652, -0.979, -3.0081)
(-1.9283, -0.9463, -2.6462)
(-2.1236, -0.5699, -2.7809)
(-2.32, -0.5057, -2.3868)
(-2.4481, -0.1066, -2.4975)
(-2.5785, -0.0252, -2.0908)
(-2.5679, 0.3883, -2.161)
(-2.6677, 0.4644, -1.7774)
(-2.5548, 0.8247, -1.889)
(-2.6524, 0.8623, -1.5412)
(-0.3331, -1.0754, -3.6984)
(-0.6999, -1.1928, -3.4329)
(-0.9995, -0.9511, -3.664)
(-1.3388, -0.9821, -3.3471)
(-1.5933, -0.6563, -3.5217)
(-1.8737, -0.6145, -3.156)
(-2.0363, -0.2389, -3.273)
(-2.2652, -0.1689, -2.8881)
(-2.2577, 0.2393, -2.9283)
(-2.4362, 0.3213, -2.5455)
(-2.2487, 0.7025, -2.5168)
(-2.3985, 0.7768, -2.1877)
(-2.2557, 1.1009, -2.3302)
(-2.4292, 1.1511, -2.066)
(-0.2685, -0.7583, -4.2169)
(-0.64, -0.8789, -3.9556)
(-0.9274, -0.6348, -4.1769)
(-1.2804, -0.6726, -3.8673)
(-1.5172, -0.3563, -4.0153)
(-1.7993, -0.3215, -3.6642)
(-1.8725, 0.0447, -3.7175)
(-2.0413, 0.1308, -3.3153)
(-1.9215, 0.4786, -3.274)
(-2.0804, 0.5836, -2.8854)
(-1.977, 0.8995, -2.889)
(-2.1101, 1.0067, -2.5849)
(-2.128, 1.3517, -2.8725)
(-2.2243, 1.4173, -2.6968)
(-0.1825, -0.4203, -4.7067)
(-0.5583, -0.5551, -4.4606)
(-0.7807, -0.2563, -4.576)
(-1.1566, -0.3195, -4.3086)
(-1.2697, 0.0387, -4.2609)
(-1.6422, 0.0191, -4.0406)
(-1.6946, 0.4062, -3.9643)
(-1.8803, 0.4381, -3.6951)
(-1.8721, 0.7893, -3.6261)
(-1.8727, 0.8285, -3.2426)
(-2.0212, 1.1981, -3.3048)
(-2.0718, 1.2986, -3.0477)
(-2.2851, 1.6817, -3.2168)
(-2.2385, 1.802, -3.1654)
(-0.0539, 0.0043, -5.0667)
(-0.4149, -0.1469, -4.8243)
(-0.5067, 0.2043, -4.7003)
(-0.8699, 0.0943, -4.4635)
(-0.8817, 0.3957, -4.214)
(-1.2873, 0.3592, -4.0579)
(-1.3302, 0.6841, -3.9279)
(-1.7037, 0.7433, -3.8479)
(-1.7933, 1.0743, -3.8215)
(-1.9766, 1.0956, -3.6035)
(-2.2969, 1.3509, -3.6278)
(-2.3529, 1.4535, -3.3691)
(-2.6669, 1.5981, -3.3435)
(-2.575, 1.8376, -3.1984)
(0.0918, 0.4947, -5.2816)
(-0.1783, 0.3399, -4.9686)
(-0.2242, 0.6979, -4.7366)
(-0.519, 0.5376, -4.4528)
(-0.6693, 0.8173, -4.3743)
(-0.9891, 0.6949, -4.121)
(-1.2386, 1.0441, -4.2503)
(-1.4989, 1.076, -3.9899)
(-1.7751, 1.4472, -4.1175)
(-2.0473, 1.419, -3.8737)
(-2.3471, 1.7155, -3.934)
(-2.5915, 1.6046, -3.637)
(-2.7599, 1.928, -3.6824)
(-2.848, 1.8413, -3.3294)
(0.1227, 1.0099, -5.494)
(-0.0244, 0.8585, -5.105)
(-0.1985, 1.1895, -4.9464)
(-0.3963, 1.0095, -4.6275)
(-0.7149, 1.1947, -4.7404)
(-0.9843, 1.0491, -4.5323)
(-1.3356, 1.2607, -4.7384)
(-1.566, 1.349, -4.4359)
(-1.893, 1.6137, -4.5922)
(-2.0968, 1.7308, -4.251)
(-2.3884, 2.0079, -4.36)
(-2.5992, 2.0066, -4.0237)
(-2.7343, 2.3369, -4.0778)
(-2.8575, 2.2913, -3.7377)
(0.0984, 1.4201, -5.6744)
(-0.0318, 1.3171, -5.3054)
(-0.2556, 1.5648, -5.1545)
(-0.4697, 1.4018, -4.91)
(-0.7732, 1.4749, -5.0527)
(-1.0484, 1.299, -4.9491)
(-1.3571, 1.46, -5.1177)
(-1.6526, 1.5033, -4.8816)
(-1.9217, 1.8, -4.9709)
(-2.1616, 1.9153, -4.6818)
(-2.3632, 2.2476, -4.6999)
(-2.5713, 2.3228, -4.3901)
(-2.6759, 2.6046, -4.3912)
(-2.8148, 2.6248, -4.0991)
(-2.19, -2.3929, 3.3019)
(-2.4036, -2.2248, 3.4664)
(-2.5948, -2.2267, 3.298)
(-2.882, -2.0405, 3.4517)
(-3.2124, -2.0363, 3.2046)
(-3.5418, -1.8392, 3.3255)
(-3.8422, -1.7688, 3.036)
(-4.1676, -1.5846, 3.1279)
(-4.4517, -1.4883, 2.8175)
(-4.7758, -1.3243, 2.8991)
(-5.048, -1.1936, 2.5774)
(-5.299, -0.9762, 2.6325)
(-5.5908, -0.8055, 2.3327)
(-5.8238, -0.6004, 2.4311)
(-6.1827, -0.4898, 2.2006)
(-6.4539, -0.315, 2.3697)
(-6.6736, -0.0307, 2.5114)
(-6.8496, 0.2931, 2.5844)
(-7.0427, 0.2059, 2.5331)
(-6.9099, -0.0615, 2.4443)
(-5.2639, 0.1459, 1.4134)
(-5.3718, 0.1367, 1.3461)
(-5.6016, 0.295, 1.2087)
(-5.546, 0.3367, 1.3136)
(-5.4599, 0.4472, 1.4719)
(-5.835, 0.6686, 1.2195)
(-5.781, 0.7819, 1.4511)
(-5.7291, 0.8508, 1.7436)
(-6.0557, 1.1465, 1.4978)
(-6.0625, 1.1415, 1.8455)
(-6.0528, 1.0774, 2.1937)
(-6.3642, 1.354, 1.964)
(-6.4057, 1.1995, 2.3093)
(-6.3884, 0.9448, 2.5722)
(-6.7468, 1.1552, 2.3773)
(-6.7206, 0.839, 2.5862)
(-6.5915, 0.4306, 2.6672)
(-6.9859, 0.6669, 2.5529)
(-1.8633, -1.6063, 3.8889)
(-1.9499, -1.3081, 3.8717)
(-2.3593, -1.4993, 3.8027)
(-2.2144, -1.7807, 3.7843)
(-2.5472, -1.1581, 3.7719)
(-2.993, -1.3308, 3.6965)
(-2.7621, -1.6654, 3.689)
(-3.2036, -0.9529, 3.632)
(-3.631, -1.1009, 3.5256)
(-3.41, -1.467, 3.5543)
(-3.8303, -0.7116, 3.4377)
(-4.2437, -0.856, 3.3138)
(-4.0247, -1.2188, 3.3425)
(-4.4483, -0.4707, 3.2576)
(-4.8594, -0.6294, 3.1319)
(-4.6366, -0.994, 3.143)
(-5.0669, -0.1895, 3.0646)
(-5.4336, -0.3007, 2.8934)
(-5.2007, -0.7241, 2.9003)
(-5.6857, 0.1634, 2.8611)
(-6.0287, 0.077, 2.7523)
(-5.7412, -0.3606, 2.684)
(-6.2724, 0.5467, 2.7233)
(-6.3492, 0.003, 2.6255)
(-1.4603, -1.1477, 3.9207)
(-1.612, -0.8262, 3.7746)
(-2.0918, -0.9851, 3.7873)
(-2.3042, -0.6514, 3.6187)
(-2.7573, -0.799, 3.6579)
(-2.9568, -0.463, 3.4393)
(-3.3953, -0.5801, 3.4716)
(-3.5714, -0.2449, 3.2224)
(-4.0112, -0.3361, 3.28)
(-4.1698, 0.0233, 3.0847)
(-4.6257, -0.0669, 3.1367)
(-4.7968, 0.2932, 2.9088)
(-5.2676, 0.2306, 2.9103)
(-5.431, 0.5637, 2.6482)
(-5.8827, 0.5824, 2.7079)
(-5.9908, 0.9077, 2.4812)
(-0.133, -0.3105, 3.6919)
(-0.4797, -0.5593, 3.7674)
(-0.1414, -0.7029, 3.8563)
(-0.7919, -0.3666, 3.5901)
(-1.1611, -0.6183, 3.7043)
(-0.8471, -0.8461, 3.8839)
(-1.4537, -0.3226, 3.4373)
(-1.8629, -0.4949, 3.5418)
(-2.1146, -0.2368, 3.239)
(-2.5266, -0.3624, 3.3538)
(-2.7352, -0.1527, 3.0067)
(-3.1417, -0.1833, 3.1302)
(-3.3121, 0.0399, 2.7798)
(-3.7329, 0.0474, 2.9323)
(-3.8701, 0.2997, 2.6495)
(-4.3203, 0.3324, 2.828)
(-4.472, 0.4951, 2.4713)
(-4.9545, 0.5351, 2.5689)
(-5.0596, 0.6454, 2.2347)
(-5.5313, 0.775, 2.3573)
(-5.6324, 0.857, 2.0603)
(-0.1354, 0.2088, 3.4303)
(-0.4543, -0.0993, 3.4997)
(-0.7423, 0.0899, 3.195)
(-1.0822, -0.1411, 3.3039)
(-1.3567, 0.0786, 2.9662)
(-1.7293, -0.0737, 3.1143)
(-1.9775, 0.064, 2.738)
(-2.3506, -0.0891, 2.8686)
(-2.5693, -0.0422, 2.4625)
(-2.9316, -0.0234, 2.6249)
(-3.0777, 0.1392, 2.2635)
(-3.4429, 0.2505, 2.457)
(-3.5831, 0.3304, 2.1449)
(-4.0053, 0.3995, 2.3361)
(-4.1606, 0.3594, 1.9697)
(-4.5994, 0.5103, 2.1092)
(-4.7519, 0.4754, 1.8163)
(-5.1767, 0.6562, 1.9465)
(-5.3354, 0.587, 1.683)
(-0.1502, 0.7188, 3.0823)
(-0.4331, 0.3892, 3.1368)
(-0.6749, 0.5002, 2.7586)
(-0.992, 0.2435, 2.8296)
(-1.2264, 0.392, 2.4574)
(-1.6071, 0.242, 2.6035)
(-1.8254, 0.2966, 2.1993)
(-2.1932, 0.0905, 2.324)
(-2.3822, 0.0639, 1.903)
(-2.7462, 0.0085, 2.0635)
(-2.8996, 0.1449, 1.6859)
(-3.2229, 0.2789, 1.9182)
(-3.4288, 0.2069, 1.5618)
(-3.7811, 0.2367, 1.7891)
(-4.0056, 0.1861, 1.4177)
(-4.3595, 0.3323, 1.6252)
(-4.5819, 0.2631, 1.4418)
(-4.9584, 0.3789, 1.6174)
(-5.1223, 0.2254, 1.5001)
(-0.1845, 1.1951, 2.6893)
(-0.4218, 0.8419, 2.7337)
(-0.6298, 0.904, 2.3222)
(-0.8733, 0.5843, 2.349)
(-1.0882, 0.6765, 1.9494)
(-1.4543, 0.4944, 2.0697)
(-1.6555, 0.5008, 1.6514)
(-2.0173, 0.2712, 1.774)
(-2.1875, 0.2148, 1.3499)
(-2.5494, 0.0782, 1.4951)
(-2.729, 0.1581, 1.1069)
(-3.0861, 0.2094, 1.3175)
(-3.285, 0.0773, 0.958)
(-3.6549, 0.0515, 1.2024)
(-3.898, 0.025, 0.8853)
(-4.2304, 0.1885, 1.165)
(-4.3431, 0.0938, 1.1915)
(-4.717, 0.1229, 1.4496)
(-4.8654, 0.0387, 1.4721)
(-0.2284, 1.6548, 2.2782)
(-0.452, 1.2949, 2.3275)
(-0.6798, 1.3508, 1.9216)
(-0.8276, 0.9574, 1.9021)
(-1.0422, 0.9962, 1.4858)
(-1.2991, 0.7107, 1.537)
(-1.4954, 0.6958, 1.1149)
(-1.833, 0.4496, 1.2243)
(-2.0053, 0.4042, 0.8092)
(-2.3576, 0.1975, 0.9417)
(-2.5523, 0.2208, 0.5569)
(-2.9199, 0.1594, 0.7376)
(-3.054, 0.0778, 0.3864)
(-3.4088, -0.1026, 0.6084)
(-0.2477, 2.0792, 1.8346)
(-0.5053, 1.7428, 1.915)
(-0.7586, 1.7927, 1.5174)
(-0.9064, 1.3891, 1.5072)
(-1.1353, 1.4212, 1.0915)
(-1.2587, 1.018, 1.0685)
(-1.4794, 1.0447, 0.6623)
(-1.694, 0.6912, 0.705)
(-1.8952, 0.7023, 0.3138)
(-2.1939, 0.4029, 0.4157)
(-2.3941, 0.4245, 0.0399)
(-2.729, 0.2222, 0.191)
(-2.8692, 0.245, -0.1527)
(-3.1562, 0.0609, 0.0481)
(-0.2405, 2.4759, 1.371)
(-0.5271, 2.1568, 1.4688)
(-0.7692, 2.1907, 1.0644)
(-0.9949, 1.8246, 1.1051)
(-1.2213, 1.8476, 0.6888)
(-1.366, 1.453, 0.6831)
(-1.5889, 1.4854, 0.2843)
(-1.6991, 1.0756, 0.2727)
(-1.9207, 1.1167, -0.102)
(-2.1086, 0.7342, -0.0586)
(-2.3183, 0.7698, -0.4264)
(-2.5758, 0.46, -0.3188)
(-2.7281, 0.5268, -0.6583)
(-2.9987, 0.3138, -0.483)
(-0.2071, 2.8342, 0.8926)
(-0.4896, 2.5209, 0.9866)
(-0.6763, 2.4959, 0.5585)
(-0.977, 2.1935, 0.6388)
(-1.1612, 2.177, 0.2058)
(-1.4323, 1.8657, 0.2722)
(-1.6342, 1.8869, -0.1361)
(-1.8053, 1.5231, -0.1053)
(-2.016, 1.5602, -0.496)
(-2.1382, 1.156, -0.4762)
(-2.3454, 1.1857, -0.858)
(-2.5079, 0.8154, -0.7852)
(-2.6332, 0.8604, -1.1458)
(-2.8366, 0.5857, -1.006)
(-0.2005, 3.1279, 0.4021)
(-0.3811, 2.7901, 0.474)
(-0.5344, 2.7023, 0.0399)
(-0.8255, 2.4293, 0.1175)
(-0.975, 2.3696, -0.3263)
(-1.3354, 2.1582, -0.224)
(-1.502, 2.127, -0.6267)
(-1.8305, 1.9092, -0.5372)
(-1.9748, 1.8682, -0.9416)
(-2.2051, 1.5741, -0.9046)
(-2.3102, 1.5153, -1.3071)
(-2.4916, 1.1947, -1.2448)
(-2.4909, 1.164, -1.629)
(-2.6488, 0.8737, -1.5223)
(-0.382, 3.4482, -0.0412)
(-0.4214, 3.0598, 0.0082)
(-0.6249, 3.0046, -0.4051)
(-0.6928, 2.6372, -0.3996)
(-0.8565, 2.5691, -0.8367)
(-1.1193, 2.2916, -0.7486)
(-1.2797, 2.1686, -1.0916)
(-1.6178, 2.0068, -0.9872)
(-1.7024, 1.8874, -1.3535)
(-2.0097, 1.7343, -1.3404)
(-2.0003, 1.5991, -1.735)
(-2.2607, 1.3862, -1.6949)
(-2.2048, 1.3304, -2.1109)
(-2.4129, 1.1396, -2.0352)
(-0.5376, 3.7086, -0.4987)
(-0.6589, 3.4021, -0.3952)
(-0.8637, 3.3283, -0.7982)
(-0.8026, 2.9562, -0.838)
(-1.0735, 2.8879, -1.237)
(-1.0986, 2.4955, -1.2074)
(-1.4145, 2.4404, -1.4809)
(-1.4976, 2.1104, -1.3928)
(-1.7642, 2.1653, -1.7284)
(-1.8458, 1.8827, -1.7491)
(-2.0211, 1.8973, -2.1713)
(-2.0659, 1.5588, -2.1636)
(-2.1393, 1.6029, -2.6172)
(-2.1986, 1.3703, -2.5846)
(-0.4804, 3.7817, -0.9945)
(-0.7738, 3.5866, -0.8493)
(-1.0559, 3.5327, -1.1779)
(-1.1245, 3.2368, -1.1879)
(-1.4595, 3.1846, -1.5223)
(-1.4235, 2.8062, -1.5625)
(-1.81, 2.7547, -1.7334)
(-1.7728, 2.4272, -1.6952)
(-2.0804, 2.4689, -1.985)
(-2.0018, 2.2333, -2.1195)
(-2.2325, 2.1841, -2.4807)
(-2.1664, 1.897, -2.5829)
(-2.3237, 1.8936, -2.9152)
(-2.1916, 1.7019, -3.0243)
(-0.5115, 4.1408, -1.398)
(-0.8092, 3.838, -1.2546)
(-1.1352, 3.9188, -1.4818)
(-1.3882, 3.5784, -1.4371)
(-1.6234, 3.5387, -1.6731)
(-1.7809, 3.1636, -1.7354)
(-2.0297, 3.066, -1.9097)
(-2.1525, 2.7339, -1.8982)
(-2.3874, 2.613, -2.1722)
(-2.3709, 2.4002, -2.2897)
(-2.6491, 2.2066, -2.5792)
(-2.5211, 2.02, -2.7487)
(-2.7575, 1.872, -2.9987)
(-2.5466, 1.7716, -3.1409)
(-0.5431, 4.4508, -1.8875)
(-0.8341, 4.2046, -1.652)
(-1.0384, 4.0788, -1.9274)
(-1.3113, 3.8075, -1.7335)
(-1.4276, 3.5623, -1.995)
(-1.7314, 3.3204, -1.9245)
(-1.864, 3.0961, -2.1876)
(-2.1456, 2.8496, -2.1943)
(-2.2633, 2.6629, -2.5046)
(-2.5232, 2.4165, -2.5161)
(-2.6498, 2.3933, -2.9171)
(-2.8133, 2.1374, -2.9468)
(-2.8665, 2.2036, -3.3324)
(-2.8573, 1.8481, -3.311)
(-0.5824, 4.533, -2.3592)
(-0.8257, 4.3558, -2.1754)
(-1.0719, 4.138, -2.355)
(-1.2386, 3.8584, -2.1777)
(-1.5756, 3.7587, -2.296)
(-1.705, 3.4264, -2.1854)
(-2.0568, 3.3664, -2.3052)
(-2.1367, 2.9992, -2.3908)
(-2.3506, 2.9929, -2.6363)
(-2.4381, 2.6675, -2.8251)
(-2.6036, 2.7812, -3.1844)
(-2.7542, 2.5085, -3.3129)
(-2.8218, 2.6039, -3.6641)
(-2.8646, 2.2988, -3.7191)
(-0.6519, 4.3468, -2.4723)
(-0.8439, 4.2936, -2.3946)
(-1.1342, 4.1434, -2.2775)
(-1.39, 4.0192, -2.356)
(-1.7686, 4.017, -2.3631)
(-1.9258, 3.7154, -2.3561)
(-2.0746, 3.5631, -2.4981)
(-2.2207, 3.2614, -2.4952)
(-2.2955, 3.2336, -2.7974)
(-2.4897, 3.0465, -2.9773)
(-2.7349, 3.1113, -3.2821)
(-2.8008, 2.8586, -3.4939)
(-3.0133, 2.9113, -3.7099)
(-2.9508, 2.6771, -3.9159)
(-2.1115, -1.9563, 3.7569)
(-2.5313, -1.9221, 3.6393)
(-2.3746, -2.0823, 3.5946)
(-3.1543, -1.7738, 3.5326)
(-2.8708, -2.0313, 3.4715)
(-3.7904, -1.5441, 3.3636)
(-3.5296, -1.8364, 3.3486)
(-4.3962, -1.2915, 3.1371)
(-4.1539, -1.5848, 3.153)
(-4.9884, -1.0467, 2.9206)
(-4.7578, -1.3197, 2.9227)
(-5.4833, -0.6963, 2.6139)
(-5.2701, -0.9817, 2.6101)
(-6.0604, -0.3426, 2.5065)
(-5.7775, -0.6135, 2.3758)
(-6.4287, -0.3072, 2.3625)
(6.6554, -1.9116, 0.9237)
(5.5423, -1.2163, 0.7123)
(5.5633, -1.0114, 0.6335)
(5.6238, -0.9535, 0.2962)
(5.7798, -1.137, 0.2399)
(6.0366, -1.454, 0.4346)
(6.3178, -1.829, 0.6255)
(2.0105, -2.5121, 2.8765)
(2.5664, -2.4093, 2.7487)
(3.2281, -2.3687, 2.5637)
(3.8826, -2.3792, 2.3442)
(4.5196, -2.3967, 2.1064)
(4.9359, -2.2099, 1.7763)
(5.3138, -1.9701, 1.3859)
(5.8802, -1.8717, 1.0015)
(1.7293, -2.6327, 2.357)
(2.3825, -2.5833, 2.1989)
(3.0612, -2.5596, 2.0126)
(3.717, -2.5385, 1.7997)
(4.3547, -2.5053, 1.5648)
(4.8174, -2.2475, 1.3246)
(5.1453, -1.8387, 1.0743)
(5.5999, -1.5667, 0.7691)
(0.1527, -2.7038, 1.7076)
(0.8313, -2.7003, 1.7939)
(1.5331, -2.7314, 1.7789)
(2.2451, -2.7736, 1.6323)
(2.9227, -2.744, 1.4534)
(3.5654, -2.6418, 1.2349)
(4.1882, -2.4982, 1.0007)
(4.7709, -2.2503, 0.7936)
(5.2269, -1.8519, 0.6909)
(5.516, -1.4212, 0.5242)
(0.1427, -2.6303, 1.2057)
(0.8203, -2.6442, 1.2056)
(1.481, -2.7826, 1.1485)
(2.1431, -2.8792, 1.0429)
(2.788, -2.7672, 0.9113)
(3.3955, -2.5401, 0.7557)
(3.9843, -2.2594, 0.6084)
(4.5615, -1.9706, 0.4345)
(5.0966, -1.7162, 0.4651)
(5.4051, -1.3365, 0.4971)
(0.1366, -2.5588, 0.5924)
(0.8217, -2.5771, 0.5847)
(1.4734, -2.7355, 0.5335)
(2.0809, -2.7401, 0.4997)
(2.6399, -2.4482, 0.5463)
(3.1922, -2.1137, 0.6038)
(3.7382, -1.7744, 0.533)
(4.2837, -1.4672, 0.3728)
(4.7809, -1.2998, 0.5295)
(5.1963, -1.1935, 0.7298)
(0.1409, -2.5074, -0.0215)
(0.8314, -2.5085, -0.0215)
(1.5068, -2.5835, -0.0502)
(2.1318, -2.4967, -0.0199)
(2.6331, -2.1259, 0.1756)
(3.0828, -1.7037, 0.4246)
(3.5409, -1.2924, 0.5279)
(4.0747, -1.0491, 0.5422)
(4.6417, -0.964, 0.6903)
(5.1504, -1.0653, 0.7935)
(0.1545, -2.4378, -0.6289)
(0.8537, -2.4131, -0.6189)
(1.5519, -2.3962, -0.624)
(2.2011, -2.2512, -0.5592)
(2.657, -1.8565, -0.3252)
(2.9699, -1.358, 0.0009)
(3.2743, -0.9028, 0.3083)
(0.1689, -2.2707, -1.2102)
(0.8628, -2.2079, -1.179)
(1.5543, -2.1221, -1.1546)
(2.16, -1.8937, -1.0389)
(2.5278, -1.465, -0.7511)
(2.7566, -0.9742, -0.3896)
(2.9753, -0.5683, -0.0777)
(0.1919, -2.042, -1.774)
(0.8724, -1.939, -1.7177)
(1.5307, -1.7711, -1.6438)
(2.0882, -1.4849, -1.4807)
(2.4096, -1.0653, -1.1725)
(2.5887, -0.5908, -0.8026)
(2.7807, -0.1902, -0.4963)
(0.2283, -1.7997, -2.3312)
(0.8943, -1.6633, -2.2493)
(1.5032, -1.4041, -2.1118)
(2.0319, -1.0729, -1.9192)
(2.3699, -0.676, -1.6263)
(2.5049, -0.2088, -1.2496)
(2.6285, 0.1985, -0.9316)
(0.2697, -1.5172, -2.8684)
(0.9101, -1.3373, -2.7501)
(1.4544, -0.9985, -2.5471)
(1.9635, -0.6451, -2.3441)
(2.3432, -0.2729, -2.08)
(2.4472, 0.1884, -1.7045)
(2.4984, 0.6021, -1.3796)
(0.3174, -1.203, -3.3869)
(0.9384, -0.9961, -3.2405)
(1.4144, -0.6033, -2.9917)
(1.8874, -0.221, -2.7763)
(2.3079, 0.1444, -2.526)
(2.3761, 0.6033, -2.1502)
(2.3266, 1.016, -1.8176)
(0.3707, -0.8678, -3.8905)
(0.9644, -0.6307, -3.7112)
(1.3357, -0.1939, -3.4086)
(1.7002, 0.213, -3.1032)
(2.1199, 0.5681, -2.7887)
(2.2704, 1.0457, -2.4945)
(2.2627, 1.4743, -2.2442)
(0.4286, -0.5158, -4.3795)
(0.9932, -0.2381, -4.1615)
(1.3283, 0.2105, -3.8144)
(1.6193, 0.6378, -3.4236)
(1.9967, 1.012, -3.0551)
(2.2578, 1.5123, -2.8432)
(2.3642, 1.9626, -2.6643)
(0.4979, -0.1535, -4.8568)
(1.0264, 0.1635, -4.6038)
(1.3896, 0.6181, -4.2379)
(1.6984, 1.0649, -3.8575)
(2.0622, 1.4703, -3.487)
(2.4542, 1.8709, -3.2002)
(2.6878, 2.2021, -2.9328)
(0.5637, 0.243, -5.2978)
(1.1028, 0.5326, -5.0599)
(1.5103, 0.9546, -4.6908)
(1.8695, 1.3817, -4.3053)
(2.2469, 1.7896, -3.9083)
(2.6004, 2.1483, -3.495)
(2.8104, 2.4233, -3.1056)
(0.5802, 0.704, -5.6639)
(1.1591, 0.9218, -5.4945)
(1.6168, 1.291, -5.1338)
(2.015, 1.6924, -4.7255)
(2.3686, 2.1084, -4.2973)
(2.5923, 2.532, -3.825)
(2.7118, 2.8795, -3.3902)
(0.5515, 1.1312, -5.935)
(1.1206, 1.3109, -5.8135)
(1.5671, 1.6805, -5.4451)
(1.9632, 2.0797, -5.0357)
(2.3124, 2.4942, -4.6005)
(2.6026, 2.9108, -4.1312)
(2.7924, 3.2519, -3.7061)
(2.2166, -2.3672, 3.2799)
(2.7302, -2.258, 3.2161)
(3.3843, -2.1864, 3.0208)
(4.0225, -2.1383, 2.7575)
(4.6383, -2.1188, 2.4558)
(5.1583, -2.0615, 2.0537)
(5.648, -1.9764, 1.6284)
(6.2335, -1.9202, 1.2697)
(7.0316, -1.6988, 1.3423)
(5.5468, -0.8593, 0.6454)
(5.8574, -0.586, 0.6565)
(6.2975, -0.3792, 0.8803)
(6.7543, -0.4153, 1.2145)
(7.0809, -0.7341, 1.4956)
(7.1434, -1.2658, 1.513)
(2.3182, -1.587, 3.9219)
(2.9028, -1.5555, 3.8029)
(3.5743, -1.4949, 3.5856)
(4.2122, -1.4319, 3.2656)
(4.8293, -1.3802, 2.9025)
(5.4504, -1.3345, 2.5092)
(6.0341, -1.2913, 2.1321)
(6.628, -1.2851, 1.7983)
(2.152, -1.0489, 3.9329)
(2.8338, -0.974, 3.8076)
(3.5208, -0.9075, 3.5739)
(4.1519, -0.8701, 3.2318)
(4.7659, -0.85, 2.8584)
(5.3901, -0.8, 2.4684)
(5.9801, -0.7764, 2.087)
(6.5903, -0.7797, 1.7803)
(0.5557, -0.4937, 3.7893)
(1.2447, -0.5331, 3.7863)
(1.9641, -0.5165, 3.7168)
(2.6902, -0.444, 3.5541)
(3.3546, -0.4127, 3.289)
(3.9538, -0.4172, 2.9162)
(4.5313, -0.4157, 2.5101)
(5.1066, -0.4263, 2.094)
(5.6874, -0.475, 1.7256)
(6.3111, -0.5048, 1.468)
(0.5217, -0.0439, 3.5726)
(1.1832, -0.0604, 3.4585)
(1.8638, -0.0208, 3.3415)
(2.5215, -0.0318, 3.1427)
(3.1135, -0.1321, 2.8313)
(3.6713, -0.2262, 2.4526)
(4.2235, -0.2391, 2.0508)
(4.7491, -0.319, 1.6519)
(5.313, -0.4651, 1.3298)
(5.9438, -0.5317, 1.0699)
(0.4552, 0.466, 3.2449)
(1.0785, 0.3743, 3.0332)
(1.7396, 0.3711, 2.8791)
(2.3338, 0.2457, 2.6459)
(2.8352, -0.0443, 2.3147)
(3.3439, -0.274, 1.9516)
(3.887, -0.3438, 1.5597)
(4.408, -0.4505, 1.181)
(4.9604, -0.6576, 0.9861)
(5.5761, -0.7704, 0.8293)
(0.3791, 0.9431, 2.8612)
(0.9492, 0.7532, 2.5833)
(1.5791, 0.6552, 2.3686)
(2.1274, 0.4325, 2.1081)
(2.5615, 0.0214, 1.7857)
(3.025, -0.3238, 1.4466)
(3.5602, -0.532, 1.0858)
(4.1312, -0.7108, 0.8369)
(4.7174, -0.8106, 0.8252)
(5.2917, -0.9292, 0.8002)
(0.3336, 1.4143, 2.4656)
(0.8501, 1.1396, 2.1444)
(1.393, 0.891, 1.8543)
(1.9035, 0.5881, 1.5697)
(2.339, 0.1813, 1.254)
(2.776, -0.2075, 0.9324)
(3.2143, -0.5269, 0.62)
(0.3412, 1.8774, 2.065)
(0.8527, 1.5909, 1.756)
(1.3165, 1.2343, 1.4071)
(1.795, 0.8753, 1.0925)
(2.2525, 0.5063, 0.7888)
(2.6728, 0.1211, 0.4796)
(2.973, -0.2333, 0.1916)
(0.3675, 2.3152, 1.6411)
(0.9185, 2.0622, 1.3773)
(1.3814, 1.6946, 1.0237)
(1.8377, 1.3219, 0.6962)
(2.2728, 0.9513, 0.393)
(2.6447, 0.5518, 0.076)
(2.8463, 0.1644, -0.2278)
(0.3628, 2.7324, 1.1952)
(0.9327, 2.4932, 0.9495)
(1.4123, 2.1312, 0.612)
(1.8603, 1.7577, 0.2864)
(2.2711, 1.3829, -0.0216)
(2.5907, 0.9655, -0.3494)
(2.7176, 0.5607, -0.6593)
(0.3027, 3.1097, 0.7232)
(0.8554, 2.8536, 0.4665)
(1.3218, 2.478, 0.1299)
(1.7788, 2.1184, -0.1826)
(2.2115, 1.7713, -0.4677)
(2.4648, 1.3444, -0.7754)
(2.5463, 0.943, -1.0871)
(0.1801, 3.4228, 0.222)
(0.6987, 3.1257, -0.0516)
(1.1485, 2.7356, -0.389)
(1.5569, 2.3211, -0.6484)
(1.9292, 1.8965, -0.8125)
(2.1602, 1.5532, -1.1028)
(2.287, 1.2975, -1.4865)
(0.0202, 3.6691, -0.2931)
(0.518, 3.3312, -0.58)
(0.9779, 2.9396, -0.921)
(1.356, 2.4746, -1.1194)
(1.6842, 1.9668, -1.1553)
(1.9797, 1.7869, -1.4488)
(2.1875, 1.7664, -1.92)
(0.0556, 3.8564, -0.7217)
(0.5898, 3.6511, -0.8972)
(1.0782, 3.2561, -1.192)
(1.4729, 2.7843, -1.4237)
(1.8027, 2.289, -1.5738)
(2.105, 2.2129, -1.9103)
(2.3159, 2.2799, -2.35)
(0.1692, 4.1045, -1.1277)
(0.7911, 4.0456, -1.1823)
(1.3425, 3.6967, -1.3612)
(1.771, 3.2283, -1.6025)
(2.058, 2.7346, -1.9129)
(2.391, 2.5305, -2.2272)
(2.6713, 2.4582, -2.5512)
(0.1449, 4.411, -1.6254)
(0.7978, 4.2903, -1.6894)
(1.3099, 3.9118, -1.7578)
(1.7629, 3.5231, -1.9087)
(2.1908, 3.1863, -2.1085)
(2.6038, 2.8705, -2.334)
(2.8519, 2.6544, -2.6912)
(0.0463, 4.5555, -2.1429)
(0.609, 4.2567, -2.1424)
(1.0926, 3.9486, -2.1151)
(1.6239, 3.8045, -2.1301)
(2.1316, 3.5881, -2.2145)
(2.5204, 3.3056, -2.529)
(2.7402, 3.1187, -2.982)
(-0.1637, 4.4657, -2.453)
(0.3562, 4.1858, -2.3197)
(0.9562, 4.1591, -2.2327)
(1.5447, 4.0971, -2.1973)
(2.0216, 3.8391, -2.3695)
(2.4932, 3.6283, -2.7212)
(2.8435, 3.4832, -3.0958)
(2.3396, -2.0164, 3.7398)
(2.8617, -2.0103, 3.5859)
(3.5189, -1.9506, 3.3745)
(4.1449, -1.875, 3.0607)
(4.7398, -1.8112, 2.6835)
(5.3262, -1.7869, 2.2569)
(5.9348, -1.7481, 1.8532)
(6.5481, -1.7217, 1.5321)
(-6.9508, -0.1232, 2.0893)
(-5.3701, 0.2561, 1.3098)
(-5.6044, 0.4862, 1.1728)
(-5.9246, 0.6009, 0.841)
(-6.2836, 0.3926, 0.7724)
(-6.6105, 0.1287, 1.1436)
(-6.8776, -0.0544, 1.6428)
(-2.2783, -2.4609, 2.8719)
(-2.8381, -2.2875, 2.7861)
(-3.4573, -1.9955, 2.6407)
(-4.0376, -1.6403, 2.4565)
(-4.6146, -1.295, 2.2404)
(-5.2176, -0.9441, 2.0066)
(-5.8179, -0.6091, 1.8198)
(-6.4004, -0.324, 1.716)
(-2.0667, -2.5297, 2.3347)
(-2.6899, -2.2942, 2.2202)
(-3.2798, -1.9303, 2.0875)
(-3.8159, -1.5087, 1.9368)
(-4.3486, -1.0865, 1.7648)
(-4.9258, -0.7005, 1.5909)
(-5.5265, -0.3608, 1.4487)
(-6.1159, -0.0855, 1.2977)
(-0.5349, -2.7053, 1.693)
(-1.2084, -2.6611, 1.7584)
(-1.8989, -2.5158, 1.751)
(-2.5715, -2.257, 1.6405)
(-3.181, -1.9275, 1.546)
(-3.7414, -1.5455, 1.4441)
(-4.2719, -1.1135, 1.3155)
(-4.8095, -0.683, 1.1898)
(-5.3602, -0.2743, 1.0688)
(-5.8693, 0.1027, 0.8933)
(-0.5435, -2.6578, 1.1892)
(-1.2234, -2.6565, 1.1707)
(-1.9059, -2.5768, 1.1334)
(-2.5779, -2.393, 1.0729)
(-3.2037, -2.113, 1.0037)
(-3.7567, -1.7229, 0.9176)
(-4.251, -1.2523, 0.8129)
(-4.7306, -0.7671, 0.7083)
(-5.1685, -0.276, 0.6915)
(-5.5656, 0.2171, 0.7428)
(-0.5517, -2.6029, 0.5748)
(-1.2397, -2.6458, 0.5488)
(-1.9261, -2.6379, 0.5304)
(-2.5242, -2.4328, 0.5764)
(-3.0352, -2.0395, 0.6559)
(-3.5209, -1.5724, 0.6901)
(-3.9667, -1.0533, 0.6459)
(-4.4061, -0.532, 0.5839)
(-4.8112, -0.1168, 0.7671)
(-5.2216, 0.2443, 1.0811)
(-0.5517, -2.5426, -0.0399)
(-1.2438, -2.5849, -0.0648)
(-1.9274, -2.5531, -0.0693)
(-2.4484, -2.2363, 0.0637)
(-2.8214, -1.7184, 0.3197)
(-3.2018, -1.2022, 0.5585)
(-3.5877, -0.6655, 0.7169)
(-4.0501, -0.184, 0.7917)
(-4.5141, 0.0112, 1.0731)
(-4.9912, 0.1039, 1.3779)
(-0.5455, -2.4617, -0.6497)
(-1.2477, -2.4865, -0.6747)
(-1.9229, -2.3795, -0.6538)
(-2.4097, -1.9792, -0.4764)
(-2.711, -1.4203, -0.1748)
(-2.9882, -0.8695, 0.1415)
(-3.2657, -0.3593, 0.4365)
(-0.5274, -2.3059, -1.2409)
(-1.2243, -2.2966, -1.257)
(-1.8613, -2.1022, -1.1905)
(-2.2896, -1.649, -0.9688)
(-2.5597, -1.1054, -0.6591)
(-2.8259, -0.5807, -0.3467)
(-3.0557, -0.1369, -0.0802)
(-0.4964, -2.0831, -1.8121)
(-1.1796, -2.029, -1.8102)
(-1.781, -1.7743, -1.7034)
(-2.1808, -1.3178, -1.4622)
(-2.4521, -0.81, -1.164)
(-2.7189, -0.315, -0.8636)
(-2.922, 0.1159, -0.6051)
(-0.4575, -1.8292, -2.3697)
(-1.1345, -1.7401, -2.3529)
(-1.7283, -1.4634, -2.23)
(-2.1491, -1.0263, -1.9908)
(-2.4451, -0.5462, -1.7024)
(-2.6804, -0.057, -1.4001)
(-2.8076, 0.3821, -1.1329)
(-0.4127, -1.5427, -2.9107)
(-1.0843, -1.4301, -2.8825)
(-1.6798, -1.1441, -2.7514)
(-2.1406, -0.7317, -2.5226)
(-2.4687, -0.2703, -2.2435)
(-2.6424, 0.2263, -1.9293)
(-2.6664, 0.6726, -1.6513)
(-0.3614, -1.2338, -3.4378)
(-1.0287, -1.1094, -3.4035)
(-1.6216, -0.813, -3.2631)
(-2.0916, -0.3991, -3.0307)
(-2.3835, 0.0747, -2.7275)
(-2.425, 0.5586, -2.3488)
(-2.4029, 0.9707, -2.1041)
(-0.3025, -0.917, -3.9581)
(-0.9682, -0.7961, -3.925)
(-1.5665, -0.5134, -3.7827)
(-1.9552, -0.1017, -3.5064)
(-2.0743, 0.3609, -3.102)
(-2.0861, 0.7977, -2.6938)
(-2.1616, 1.2137, -2.6017)
(-0.2294, -0.5968, -4.4712)
(-0.8683, -0.4565, -4.4042)
(-1.4201, -0.1623, -4.1837)
(-1.8028, 0.2274, -3.8847)
(-1.8746, 0.631, -3.4616)
(-1.9529, 1.0547, -3.1007)
(-2.1685, 1.546, -3.0785)
(-0.1247, -0.2185, -4.908)
(-0.6579, -0.0332, -4.6682)
(-1.0748, 0.2168, -4.2437)
(-1.51, 0.5443, -3.9402)
(-1.8403, 0.9246, -3.7331)
(-2.1649, 1.2709, -3.4786)
(-2.4826, 1.6432, -3.2792)
(0.0263, 0.242, -5.1826)
(-0.3452, 0.4477, -4.7065)
(-0.7395, 0.6016, -4.2556)
(-1.2424, 0.8663, -4.0405)
(-1.7645, 1.2693, -3.9421)
(-2.3425, 1.5172, -3.7689)
(-2.7457, 1.7186, -3.49)
(0.1207, 0.7589, -5.3879)
(-0.185, 0.9528, -4.8272)
(-0.6747, 1.0185, -4.5505)
(-1.2844, 1.1677, -4.4981)
(-1.8316, 1.5479, -4.3506)
(-2.3676, 1.8771, -4.1439)
(-2.7519, 2.1441, -3.8855)
(0.113, 1.2259, -5.5882)
(-0.2255, 1.3886, -5.0554)
(-0.7483, 1.3428, -4.9056)
(-1.3567, 1.3574, -4.9404)
(-1.9193, 1.6986, -4.795)
(-2.3842, 2.1292, -4.5417)
(-2.7091, 2.4848, -4.2424)
(-2.3735, -2.3114, 3.3076)
(-2.8884, -2.1388, 3.2617)
(-3.5311, -1.9088, 3.1277)
(-4.1478, -1.6274, 2.9307)
(-4.7547, -1.3497, 2.7001)
(-5.32, -1.0017, 2.4484)
(-5.8811, -0.6368, 2.2529)
(-6.4852, -0.3578, 2.1695)
(-6.881, 0.093, 2.5227)
(-5.451, 0.2107, 1.3181)
(-5.6574, 0.5439, 1.3516)
(-5.9145, 0.9896, 1.6232)
(-6.2286, 1.2195, 2.0861)
(-6.5797, 1.0652, 2.4821)
(-6.8045, 0.5597, 2.6136)
(-2.0978, -1.5575, 3.8464)
(-2.6651, -1.424, 3.7551)
(-3.3167, -1.2216, 3.6201)
(-3.9375, -0.9753, 3.4176)
(-4.5546, -0.7483, 3.2262)
(-5.1485, -0.4773, 3.0115)
(-5.7278, -0.1139, 2.8087)
(-6.3258, 0.2648, 2.7098)
(-1.775, -1.0662, 3.8507)
(-2.4229, -0.8966, 3.7268)
(-3.0809, -0.6931, 3.5711)
(-3.7049, -0.4612, 3.3695)
(-4.316, -0.2045, 3.2114)
(-4.9451, 0.0768, 3.0309)
(-5.5835, 0.3988, 2.7987)
(-6.1545, 0.775, 2.6401)
(-0.1364, -0.5195, 3.7818)
(-0.8196, -0.6022, 3.7451)
(-1.5153, -0.5669, 3.629)
(-2.2007, -0.4299, 3.4514)
(-2.8388, -0.2794, 3.2455)
(-3.44, -0.077, 3.0177)
(-4.0217, 0.1933, 2.8863)
(-4.6382, 0.4397, 2.7101)
(-5.2487, 0.6446, 2.4504)
(-5.8105, 0.9244, 2.2785)
(-0.1327, -0.0602, 3.5743)
(-0.7678, -0.1342, 3.4035)
(-1.4054, -0.1082, 3.2119)
(-2.044, -0.0741, 2.9973)
(-2.65, -0.0839, 2.741)
(-3.1889, 0.1083, 2.529)
(-3.7157, 0.3423, 2.4043)
(-4.3032, 0.452, 2.2259)
(-4.8872, 0.5788, 2.0227)
(-5.471, 0.7428, 1.8535)
(-0.1408, 0.4695, 3.2646)
(-0.7102, 0.3, 2.9787)
(-1.2965, 0.2427, 2.7133)
(-1.9044, 0.1851, 2.4706)
(-2.4791, 0.0047, 2.1822)
(-2.9839, 0.1463, 1.9794)
(-3.4932, 0.2775, 1.8613)
(-4.0679, 0.2687, 1.695)
(-4.6624, 0.366, 1.617)
(-5.2268, 0.3975, 1.5672)
(-0.1649, 0.9595, 2.8889)
(-0.6435, 0.6983, 2.5374)
(-1.1526, 0.5346, 2.2009)
(-1.7428, 0.4035, 1.9261)
(-2.2847, 0.1352, 1.6256)
(-2.8153, 0.1481, 1.3936)
(-3.3654, 0.1379, 1.2584)
(-3.9497, 0.1065, 1.1518)
(-4.4733, 0.1731, 1.3049)
(-4.9999, 0.1144, 1.4713)
(-0.2075, 1.428, 2.4868)
(-0.6445, 1.1239, 2.1187)
(-1.0474, 0.8254, 1.7089)
(-1.5659, 0.5885, 1.3772)
(-2.0922, 0.3008, 1.0766)
(-2.6408, 0.1774, 0.8281)
(-3.1728, 0.0585, 0.6678)
(-0.2418, 1.8714, 2.0602)
(-0.7226, 1.5752, 1.7234)
(-1.0778, 1.1998, 1.2833)
(-1.4657, 0.8503, 0.8758)
(-1.9358, 0.5369, 0.5526)
(-2.4671, 0.3027, 0.2932)
(-2.955, 0.1431, 0.113)
(-0.2473, 2.2806, 1.6044)
(-0.7755, 1.9997, 1.2981)
(-1.1902, 1.6413, 0.8974)
(-1.5295, 1.2622, 0.4709)
(-1.8919, 0.8992, 0.0975)
(-2.3426, 0.583, -0.2)
(-2.7926, 0.3758, -0.4091)
(-0.2271, 2.6633, 1.1347)
(-0.7374, 2.3593, 0.8169)
(-1.2118, 2.0297, 0.457)
(-1.6291, 1.6976, 0.0845)
(-1.9696, 1.3413, -0.2945)
(-2.3227, 0.975, -0.642)
(-2.6772, 0.6904, -0.9028)
(-0.1872, 2.9836, 0.6444)
(-0.5923, 2.599, 0.2947)
(-1.0758, 2.2846, -0.0577)
(-1.5935, 2.0391, -0.3781)
(-2.0312, 1.7531, -0.717)
(-2.3627, 1.3819, -1.0828)
(-2.5812, 1.0276, -1.3887)
(-0.2741, 3.2839, 0.1762)
(-0.5483, 2.8386, -0.1929)
(-0.8861, 2.4556, -0.5912)
(-1.3722, 2.1425, -0.8661)
(-1.832, 1.8785, -1.1524)
(-2.1513, 1.559, -1.5215)
(-2.344, 1.2503, -1.8659)
(-0.4844, 3.605, -0.2624)
(-0.7401, 3.1817, -0.603)
(-0.9248, 2.7249, -1.0503)
(-1.2962, 2.2814, -1.2998)
(-1.6852, 1.9961, -1.5496)
(-1.9706, 1.7212, -1.9561)
(-2.14, 1.4483, -2.3725)
(-0.5173, 3.7357, -0.7529)
(-0.9698, 3.421, -0.9969)
(-1.2678, 3.0279, -1.4007)
(-1.603, 2.5928, -1.6258)
(-1.9005, 2.3309, -1.8753)
(-2.0956, 2.0706, -2.3584)
(-2.1958, 1.7777, -2.8011)
(-0.4848, 3.9355, -1.1989)
(-1.1196, 3.725, -1.3269)
(-1.5964, 3.3855, -1.5937)
(-1.9762, 2.9377, -1.8132)
(-2.2772, 2.5661, -2.0658)
(-2.4573, 2.2061, -2.5244)
(-2.5453, 1.8807, -2.9518)
(-0.5302, 4.3194, -1.6281)
(-1.089, 4.0281, -1.6832)
(-1.5226, 3.5658, -1.8152)
(-1.941, 3.0831, -2.0538)
(-2.3391, 2.6186, -2.3425)
(-2.6935, 2.2648, -2.7276)
(-2.855, 2.0013, -3.1405)
(-0.5591, 4.5271, -2.1536)
(-1.0393, 4.1143, -2.1833)
(-1.4641, 3.6344, -2.1688)
(-1.9372, 3.2111, -2.2563)
(-2.2913, 2.8106, -2.5879)
(-2.6074, 2.5802, -3.0751)
(-2.8322, 2.4119, -3.5224)
(-0.6146, 4.4617, -2.4505)
(-1.1048, 4.1454, -2.3653)
(-1.679, 3.8888, -2.3511)
(-2.0953, 3.4806, -2.389)
(-2.3461, 3.1302, -2.7073)
(-2.6535, 2.9558, -3.2464)
(-2.8959, 2.7659, -3.7132)
(-2.3034, -1.9483, 3.6964)
(-2.8277, -1.8607, 3.5888)
(-3.477, -1.6654, 3.4579)
(-4.0939, -1.4159, 3.2501)
(-4.7008, -1.1756, 3.0367)
(-5.2385, -0.8805, 2.7619)
(-5.7582, -0.5164, 2.5361)
(-6.3822, -0.1785, 2.5037)
