(1.9101, 1.285, -5.6025)
(1.9531, 1.6533, -5.1095)
(2.4248, 1.8857, -4.8053)
(2.7258, 2.3193, -4.4732)
(2.6348, 2.9332, -4.255)
(2.0243, 0.9796, -5.3129)
(1.9555, 1.3305, -4.8321)
(2.4771, 3.5222, -4.0167)
(2.2987, 1.6502, -4.4853)
(2.362, 3.8637, -3.7858)
(2.5336, 2.1514, -4.1485)
(2.5546, 2.7773, -3.8916)
(2.418, 3.3467, -3.6302)
(2.3193, 3.8081, -3.4497)
(2.1633, 0.602, -4.918)
(1.9815, 0.9594, -4.4669)
(2.0655, 1.4281, -4.0951)
(2.197, 1.9844, -3.8055)
(2.3127, 2.5925, -3.5088)
(2.2961, 3.1062, -3.1564)
(2.4569, 3.4872, -2.9423)
(2.3096, 0.2439, -4.4745)
(2.2309, 0.7123, -4.0368)
(2.1951, 1.236, -3.6197)
(2.3034, 1.8006, -3.3584)
(2.3628, 2.3811, -3.1062)
(2.2684, 2.8382, -2.7848)
(2.5818, 3.1227, -2.468)
(2.4559, -0.1047, -4.0328)
(2.5798, 0.4368, -3.6794)
(2.5682, 0.9915, -3.2757)
(2.5482, 1.5322, -2.9563)
(2.3142, 2.0478, -2.9048)
(2.2046, 2.5588, -2.854)
(2.1078, 3.0267, -2.8548)
(2.4928, -0.4141, -3.5287)
(2.7497, 0.1135, -3.226)
(2.7362, 0.67, -2.8432)
(2.6124, 1.2019, -2.5095)
(2.324, 1.7049, -2.4606)
(2.1616, 2.2452, -2.4393)
(2.0744, 2.5648, -2.3853)
(2.4768, -0.6866, -2.9908)
(2.7942, -0.1956, -2.7194)
(2.7303, 0.3521, -2.3803)
(2.6061, 0.902, -2.0826)
(2.5109, 1.4502, -1.9799)
(2.2108, 1.9145, -1.8479)
(1.8642, 2.1911, -1.7214)
(2.4231, -0.9116, -2.4311)
(2.8275, -0.4463, -2.1879)
(2.9329, 0.1349, -1.9153)
(2.8621, 0.7106, -1.6566)
(2.663, 1.2392, -1.4495)
(2.3849, 1.7216, -1.2538)
(2.1598, 2.0989, -1.0973)
(2.3379, -1.1022, -1.86)
(2.7829, -0.6545, -1.6273)
(2.9727, -0.0743, -1.3703)
(2.9481, 0.511, -1.1167)
(2.7779, 1.0576, -0.8774)
(2.5782, 1.5753, -0.6625)
(2.4087, 1.9739, -0.4983)
(2.2492, -1.2874, -1.288)
(2.7286, -0.8637, -1.063)
(2.9416, -0.2898, -0.8094)
(2.9423, 0.3092, -0.5522)
(2.8669, 0.8894, -0.3028)
(2.7584, 1.44, -0.0765)
(2.6491, 1.8604, 0.0982)
(2.1922, -1.5044, -0.7267)
(2.724, -1.0916, -0.5047)
(3.0191, -0.5225, -0.2602)
(3.0498, 0.1124, -0.0008)
(3.0063, 0.7343, 0.2577)
(2.9432, 1.3184, 0.5007)
(2.8787, 1.7582, 0.6921)
(2.1359, -1.7206, -0.1786)
(2.7055, -1.3085, 0.0536)
(3.0995, -0.7542, 0.2917)
(3.2035, -0.0823, 0.5389)
(3.183, 0.5854, 0.8006)
(3.1388, 1.2117, 1.0683)
(3.0869, 1.6905, 1.3024)
(1.9465, -1.7811, 0.378)
(2.5177, -1.3887, 0.6133)
(2.9934, -0.9002, 0.8528)
(3.2202, -0.2614, 1.0951)
(3.3014, 0.4117, 1.3457)
(3.3467, 1.0798, 1.6131)
(3.3576, 1.8, 1.9762)
(1.7257, -1.8089, 0.942)
(2.271, -1.4147, 1.1645)
(2.731, -0.9324, 1.3911)
(3.0528, -0.3528, 1.6318)
(3.7071, 2.0724, 2.5931)
(3.3023, 0.2664, 1.8663)
(3.5084, 0.9101, 2.0836)
(4.1889, 2.3416, 3.0677)
(3.7082, 1.5481, 2.318)
(4.4921, 2.4969, 3.6833)
(3.9129, 2.0846, 2.6317)
(1.5093, -1.8468, 1.5147)
(2.0316, -1.4431, 1.7166)
(2.4674, -0.9444, 1.9027)
(4.567, 2.7824, 3.8132)
(2.7927, -0.3659, 2.0861)
(4.0223, 2.4271, 3.0791)
(3.089, 0.2288, 2.2858)
(3.3682, 0.8319, 2.4941)
(4.2348, 2.7174, 3.5591)
(3.6422, 1.4359, 2.7086)
(4.4503, 3.0478, 3.8105)
(3.9308, 1.9966, 2.9014)
(1.3135, -1.8859, 2.0754)
(1.8468, -1.5039, 2.2982)
(2.3949, -1.0537, 2.4518)
(4.2232, 2.437, 3.0079)
(2.8679, -0.5281, 2.5619)
(3.2755, 0.0299, 2.6799)
(4.3768, 2.9014, 3.28)
(3.636, 0.6128, 2.8097)
(1.1547, -1.909, 2.5238)
(4.4891, 3.3147, 3.4908)
(3.9637, 1.2144, 2.9454)
(4.2433, 1.8112, 3.1204)
(2.2383, -1.0101, 3.0171)
(1.5519, -1.5265, 2.9378)
(4.4639, 2.352, 3.3393)
(2.7984, -0.5398, 3.1229)
(3.3116, -0.0541, 3.2292)
(4.7649, 2.857, 3.4409)
(3.7727, 0.4692, 3.328)
(4.9465, 3.2922, 3.4631)
(4.1663, 1.0422, 3.4276)
(4.4735, 1.6578, 3.5787)
(1.6843, -1.2298, 3.4661)
(2.1278, -0.8898, 3.5717)
(4.7563, 2.2277, 3.7836)
(2.6525, -0.4571, 3.6878)
(3.1837, 0.0057, 3.801)
(5.081, 2.7463, 3.883)
(3.7, 0.4859, 3.9065)
(5.3654, 3.1294, 3.8289)
(4.1861, 1.0089, 4.0085)
(4.6213, 1.6038, 4.1222)
(1.5782, -1.0166, 3.9424)
(1.9238, -0.6852, 4.0322)
(5.0569, 2.1104, 4.2258)
(2.4177, -0.2687, 4.1563)
(2.9456, 0.1799, 4.2777)
(5.4427, 2.576, 4.2786)
(3.4771, 0.6309, 4.3987)
(1.5149, -0.781, 4.1859)
(5.731, 2.9562, 4.2744)
(4.0104, 1.0976, 4.5243)
(1.6535, -0.5058, 4.3218)
(2.1847, -0.072, 4.4581)
(4.5424, 1.6088, 4.63)
(2.7142, 0.3613, 4.5937)
(5.0766, 2.0467, 4.7224)
(3.2416, 0.8, 4.7115)
(3.7845, 1.1974, 4.8796)
(5.5308, 2.4456, 4.7766)
(4.2725, 1.6887, 4.9402)
(5.8473, 2.7698, 4.7608)
(4.8315, 2.1006, 5.0478)
(5.687, 2.5993, 5.0186)
(5.3868, 2.5101, 5.1868)
(-0.8236, 4.3077, -3.1002)
(-0.169, 4.3101, -2.8956)
(0.4569, 4.3058, -2.6864)
(1.0721, 4.4837, -2.815)
(1.6326, 4.659, -3.0775)
(-0.8355, 4.1458, -2.7707)
(-0.1949, 4.3379, -2.6387)
(2.0499, 4.4099, -3.4297)
(0.4609, 4.4755, -2.5199)
(2.2735, 4.1052, -3.625)
(1.1229, 4.5547, -2.5328)
(1.7203, 4.4731, -2.7348)
(2.11, 4.142, -3.0947)
(2.3192, 3.8245, -3.4369)
(-0.6862, 3.6735, -2.6288)
(-0.0579, 3.9089, -2.5769)
(0.5472, 4.1013, -2.3982)
(1.1837, 4.1782, -2.2489)
(1.81, 4.1216, -2.3201)
(2.2406, 3.8244, -2.6418)
(2.4681, 3.5033, -2.9343)
(-0.5161, 3.2375, -2.3998)
(0.0552, 3.5405, -2.2837)
(0.534, 3.7618, -2.04)
(1.1295, 3.7526, -1.8963)
(1.7409, 3.7065, -2.0103)
(2.2278, 3.4702, -2.2979)
(2.5774, 3.1406, -2.4546)
(-0.6132, 3.1968, -1.935)
(-0.0853, 3.4645, -1.8889)
(0.4538, 3.3574, -1.8298)
(0.9909, 3.2515, -1.726)
(1.4636, 3.3236, -2.0195)
(1.9049, 3.1663, -2.3287)
(2.1063, 3.0324, -2.8224)
(-0.8861, 3.3297, -1.5293)
(-0.2881, 3.2949, -1.5123)
(0.3285, 3.0508, -1.4925)
(0.8643, 2.857, -1.4147)
(1.3178, 2.9255, -1.7163)
(1.7692, 2.8041, -2.0244)
(2.0451, 2.6362, -2.3566)
(-0.9468, 3.3278, -0.9849)
(-0.2829, 3.3354, -0.9849)
(0.3532, 3.1549, -0.9872)
(0.8415, 2.8416, -0.9409)
(1.2608, 2.6297, -1.2119)
(1.728, 2.446, -1.4722)
(1.9216, 2.1673, -1.7325)
(-0.9192, 3.1318, -0.426)
(-0.2348, 3.215, -0.4189)
(0.4401, 3.1941, -0.4492)
(1.0172, 3.0208, -0.5113)
(1.447, 2.6693, -0.6921)
(1.903, 2.3805, -0.9014)
(2.1848, 2.1006, -1.1102)
(-0.876, 2.7827, 0.0631)
(-0.1943, 2.8918, 0.0854)
(0.4881, 2.9277, 0.0616)
(1.1185, 2.8657, -0.0033)
(1.6495, 2.6161, -0.144)
(2.1073, 2.2879, -0.3249)
(2.4255, 1.988, -0.494)
(-0.8358, 2.3958, 0.5292)
(-0.1554, 2.4881, 0.5365)
(0.528, 2.5218, 0.507)
(1.179, 2.5194, 0.4756)
(1.7818, 2.4055, 0.3916)
(2.2942, 2.1477, 0.2449)
(2.6559, 1.8792, 0.1053)
(-0.8015, 1.9902, 0.9761)
(-0.1183, 2.0281, 0.9289)
(0.5682, 2.0497, 0.8839)
(1.2355, 2.0908, 0.8875)
(1.878, 2.0927, 0.8785)
(2.4605, 1.9784, 0.8017)
(2.8808, 1.7769, 0.7041)
(-0.767, 1.552, 1.389)
(-0.0847, 1.5666, 1.3118)
(0.5999, 1.6192, 1.2863)
(1.2809, 1.6896, 1.3129)
(1.9478, 1.7638, 1.3487)
(2.5785, 1.8091, 1.3608)
(3.0788, 1.7199, 1.3327)
(-0.7334, 1.1356, 1.8192)
(-0.0654, 1.2399, 1.7976)
(0.5948, 1.4092, 1.8312)
(1.2747, 1.508, 1.8695)
(1.9512, 1.6229, 1.9146)
(2.6127, 1.7764, 1.9618)
(3.3515, 1.8517, 2.033)
(-0.692, 0.8031, 2.3141)
(-0.0721, 1.0533, 2.3618)
(0.5589, 1.3125, 2.4256)
(1.2266, 1.4635, 2.4694)
(3.7085, 2.0758, 2.6395)
(1.8953, 1.6105, 2.5157)
(2.5325, 1.855, 2.5672)
(4.2524, 2.3514, 3.153)
(3.1533, 2.0938, 2.6817)
(4.5728, 2.4808, 3.7436)
(3.6685, 2.3434, 2.9861)
(-0.6452, 0.5146, 2.8442)
(-0.0682, 0.8476, 2.9352)
(0.5314, 1.177, 3.015)
(4.7967, 2.6594, 3.8575)
(1.1674, 1.4255, 3.0687)
(4.1715, 2.4194, 3.4861)
(1.8085, 1.6452, 3.1152)
(2.4106, 1.9563, 3.1657)
(4.6328, 2.6525, 3.8062)
(3.0013, 2.2571, 3.2676)
(4.9613, 2.9516, 3.867)
(3.511, 2.6081, 3.4535)
(-0.593, 0.2106, 3.3383)
(-0.0333, 0.5491, 3.4815)
(0.544, 0.9521, 3.5831)
(4.0677, 2.7763, 3.8046)
(1.1372, 1.3215, 3.6541)
(1.7318, 1.6563, 3.705)
(4.5344, 3.0103, 3.9634)
(2.3141, 2.0019, 3.7654)
(-0.5083, -0.0992, 3.6822)
(4.849, 3.4315, 3.9258)
(2.8749, 2.351, 3.8778)
(3.4163, 2.7062, 4.0475)
(0.685, 0.6193, 4.0649)
(0.071, 0.045, 3.9761)
(3.9735, 3.0156, 4.2574)
(1.2431, 1.0645, 4.1685)
(1.8057, 1.4701, 4.2476)
(4.4515, 3.3076, 4.3689)
(2.3547, 1.8748, 4.3316)
(4.8104, 3.7332, 4.3998)
(2.8767, 2.2973, 4.4689)
(3.4559, 2.6483, 4.6623)
(0.588, -0.1246, 4.2477)
(1.007, 0.2412, 4.3493)
(3.9798, 2.9956, 4.8327)
(1.5209, 0.6684, 4.4782)
(2.0596, 1.0963, 4.6014)
(4.4681, 3.3767, 4.9743)
(2.5972, 1.5252, 4.7102)
(4.7989, 3.7727, 5.0295)
(3.1395, 1.9469, 4.8371)
(3.7007, 2.3104, 5.067)
(0.9985, -0.4501, 4.3429)
(1.3806, -0.1545, 4.4034)
(4.1792, 2.7117, 5.2391)
(1.8782, 0.2471, 4.5331)
(2.4047, 0.6719, 4.6819)
(4.6682, 3.1503, 5.4094)
(2.9329, 1.0983, 4.803)
(1.3147, -0.5895, 4.3221)
(4.9936, 3.5057, 5.4829)
(3.4668, 1.5065, 4.9015)
(1.6392, -0.4982, 4.3342)
(2.166, -0.065, 4.4668)
(3.9965, 1.8853, 5.0734)
(2.6946, 0.3652, 4.605)
(4.5198, 2.3158, 5.2103)
(3.2188, 0.808, 4.7133)
(3.7616, 1.2055, 4.8756)
(5.0167, 2.7557, 5.3948)
(4.257, 1.6842, 4.9141)
(5.3098, 3.0708, 5.5619)
(4.7652, 2.0836, 5.023)
(5.3978, 2.7284, 5.4988)
(5.3742, 2.521, 5.2094)
(1.8343, 0.9107, -5.9974)
(1.3337, 0.9235, -5.8653)
(0.8522, 1.116, -5.4903)
(0.2222, 1.1218, -5.4227)
(-0.4363, 1.0313, -5.5679)
(-1.1193, 1.0353, -5.6195)
(1.8949, 0.588, -5.6869)
(1.3532, 0.5606, -5.6169)
(0.8387, 0.7416, -5.2699)
(-1.756, 1.1222, -5.5301)
(0.2112, 0.7921, -5.1365)
(-2.1278, 1.1994, -5.3436)
(-0.445, 0.7397, -5.2463)
(-1.12, 0.7223, -5.3159)
(-1.7432, 0.8291, -5.2086)
(-2.1849, 1.0234, -5.0557)
(1.9649, 0.2035, -5.2645)
(1.3763, 0.1191, -5.2624)
(0.7856, 0.2693, -4.9811)
(0.1771, 0.3911, -4.7389)
(-0.4348, 0.4109, -4.7977)
(-1.0971, 0.3296, -4.9043)
(-1.7174, 0.4229, -4.8084)
(-2.1473, 0.5854, -4.6252)
(2.0166, -0.1817, -4.7988)
(1.4189, -0.3204, -4.8564)
(0.816, -0.1869, -4.6291)
(0.2273, -0.0501, -4.3692)
(-0.3434, 0.0196, -4.3964)
(-1.0185, -0.0263, -4.4615)
(-1.6446, 0.1159, -4.4352)
(-2.081, 0.1811, -4.1751)
(2.0303, -0.5234, -4.3054)
(1.424, -0.7368, -4.4587)
(0.7943, -0.6937, -4.4114)
(0.2638, -0.5317, -4.1296)
(-0.2819, -0.2786, -4.0184)
(-0.8729, -0.094, -3.9643)
(-1.403, 0.2629, -4.1244)
(-1.7762, 0.72, -4.3259)
(1.9818, -0.7852, -3.7634)
(1.3534, -0.9983, -3.9389)
(0.6865, -1.0568, -4.044)
(0.0438, -0.9515, -4.0368)
(-0.5204, -0.6539, -3.9319)
(-0.9054, -0.3248, -3.6734)
(-1.2739, 0.0637, -3.7218)
(-1.5961, 0.4345, -3.874)
(1.9199, -1.0108, -3.203)
(1.2811, -1.2037, -3.375)
(0.6164, -1.3098, -3.5227)
(-0.0494, -1.3112, -3.6363)
(-0.6617, -1.1255, -3.6476)
(-1.1187, -0.7675, -3.4885)
(-1.3762, -0.2885, -3.2739)
(-1.5368, 0.0848, -3.105)
(1.8451, -1.2148, -2.6346)
(1.208, -1.4121, -2.8104)
(0.5541, -1.5519, -2.9734)
(-0.103, -1.6029, -3.1077)
(-0.7234, -1.4846, -3.1496)
(-1.2303, -1.1738, -3.0407)
(-1.5403, -0.7267, -2.8059)
(-1.8096, -0.3941, -2.6581)
(1.7565, -1.4075, -2.0635)
(1.1318, -1.6361, -2.2517)
(0.4937, -1.8198, -2.4337)
(-0.156, -1.895, -2.5762)
(-0.7746, -1.7861, -2.611)
(-1.3106, -1.5107, -2.5186)
(-1.725, -1.1336, -2.3429)
(-2.0582, -0.8352, -2.2224)
(1.6688, -1.6119, -1.4977)
(1.0656, -1.8948, -1.7078)
(0.4448, -2.1274, -1.9135)
(-0.2089, -2.2048, -2.0563)
(-0.8385, -2.0774, -2.0782)
(-1.4132, -1.8243, -2.0044)
(-1.9179, -1.5152, -1.8865)
(-2.3019, -1.2619, -1.7942)
(1.6081, -1.8594, -0.95)
(1.0185, -2.1984, -1.1863)
(0.4063, -2.4882, -1.4225)
(-0.2675, -2.5705, -1.5727)
(-0.9285, -2.406, -1.5836)
(-1.5508, -2.1582, -1.5255)
(-2.1227, -1.8935, -1.445)
(-2.5512, -1.6735, -1.3674)
(1.5445, -2.0933, -0.4137)
(0.9515, -2.4581, -0.658)
(0.3397, -2.7972, -0.9076)
(-0.3414, -2.9464, -1.0963)
(-1.0459, -2.7993, -1.1471)
(-1.7144, -2.5413, -1.1043)
(-2.3425, -2.2832, -1.0311)
(-2.8288, -2.0733, -0.939)
(1.366, -2.1519, 0.1443)
(0.7841, -2.518, -0.0919)
(0.1944, -2.8746, -0.3323)
(-0.4416, -3.1259, -0.544)
(-1.1481, -3.0707, -0.6446)
(-1.8471, -2.8812, -0.6558)
(-2.5326, -2.6825, -0.635)
(-3.3077, -2.4724, -0.5491)
(1.1606, -2.1744, 0.7163)
(0.5954, -2.5333, 0.4866)
(0.0313, -2.8823, 0.2538)
(-0.5636, -3.1418, 0.0393)
(-1.2245, -3.1577, -0.1003)
(-3.8918, -2.8934, -0.2854)
(-1.9064, -3.1283, -0.184)
(-2.5839, -3.1034, -0.2981)
(-4.4189, -3.3507, 0.0075)
(-3.2385, -3.0998, -0.4824)
(-5.0907, -3.535, 0.0266)
(0.9542, -2.2081, 1.2964)
(-3.8902, -3.1519, -0.5132)
(0.3959, -2.5612, 1.069)
(-0.1564, -2.9153, 0.8354)
(-0.7183, -3.2448, 0.5895)
(-5.255, -3.2788, 0.0288)
(-1.3193, -3.447, 0.3325)
(-4.4928, -3.2071, -0.2831)
(-1.9486, -3.5648, 0.0856)
(-2.5924, -3.6238, -0.1585)
(-5.0266, -3.2531, -0.009)
(-3.237, -3.6602, -0.4117)
(-5.448, -3.1615, 0.0604)
(-3.8977, -3.6552, -0.573)
(0.7642, -2.243, 1.8436)
(0.1994, -2.5869, 1.6318)
(-0.3773, -2.9042, 1.4218)
(-0.9673, -3.2255, 1.1382)
(-4.55, -3.553, -0.5313)
(-1.5546, -3.5226, 0.8392)
(-2.1456, -3.766, 0.5434)
(-5.1305, -3.4003, -0.3668)
(-2.7509, -3.9407, 0.2412)
(0.6354, -2.276, 2.2293)
(0.0507, -2.6291, 2.0838)
(-5.5914, -3.2603, -0.2983)
(-3.3685, -4.0564, -0.0647)
(-4.0011, -4.1174, -0.3288)
(-1.2551, -3.1812, 1.675)
(-0.5772, -2.8927, 2.1094)
(-4.6521, -4.075, -0.4421)
(-1.8567, -3.4512, 1.3536)
(-2.4421, -3.7255, 1.0563)
(-5.2694, -3.9111, -0.4136)
(-3.0278, -3.9737, 0.7581)
(-5.7409, -3.7633, -0.3597)
(-3.6294, -4.15, 0.4453)
(-4.2431, -4.277, 0.1354)
(-1.1114, -3.0169, 2.4025)
(-1.5877, -3.2032, 2.1575)
(-4.8226, -4.46, -0.1087)
(-2.1651, -3.4248, 1.8646)
(-2.7545, -3.674, 1.5692)
(-5.4191, -4.444, -0.2123)
(-3.3343, -3.9459, 1.2783)
(-5.8938, -4.3487, -0.2589)
(-3.9222, -4.1927, 0.9742)
(-4.5378, -4.3585, 0.6444)
(-1.4894, -2.9687, 2.7784)
(-1.9101, -3.1281, 2.5926)
(-5.0956, -4.592, 0.3479)
(-2.4635, -3.364, 2.3361)
(-3.0488, -3.6139, 2.051)
(-5.6223, -4.8192, 0.1401)
(-3.6295, -3.8804, 1.7645)
(-1.7859, -2.8817, 2.9336)
(-6.0625, -4.8567, -0.0333)
(-4.21, -4.1492, 1.4676)
(-2.1186, -2.9149, 2.8994)
(-2.6978, -3.2169, 2.6614)
(-4.7937, -4.3633, 1.1192)
(-3.275, -3.5092, 2.4031)
(-5.338, -4.6323, 0.8203)
(-3.8528, -3.7879, 2.1239)
(-4.4261, -4.104, 1.8758)
(-5.8551, -4.9106, 0.6058)
(-4.9468, -4.1494, 1.4194)
(-6.2463, -5.0577, 0.4008)
(-5.4991, -4.4688, 1.1499)
(-6.2557, -4.9623, 0.7215)
(-6.1107, -4.7323, 0.9303)
(-1.4521, 4.1005, -3.2702)
(-1.9964, 3.7253, -3.4629)
(-2.4567, 3.2717, -3.7084)
(-2.8594, 2.7825, -3.9808)
(-3.126, 2.2574, -4.3159)
(-3.0852, 1.7472, -4.7126)
(-1.4414, 3.8641, -2.8995)
(-1.9888, 3.4966, -3.0848)
(-2.4433, 3.0435, -3.3335)
(-2.7045, 1.4273, -5.0892)
(-2.8103, 2.536, -3.6196)
(-2.3687, 1.23, -5.2603)
(-3.0479, 2.005, -3.9641)
(-2.9709, 1.5005, -4.3669)
(-2.5857, 1.1823, -4.7488)
(-2.2009, 1.0264, -5.0427)
(-1.3167, 3.4297, -2.6036)
(-1.9193, 3.1357, -2.6744)
(-2.4028, 2.7242, -2.8654)
(-2.7064, 2.2116, -3.1686)
(-2.8811, 1.7073, -3.5444)
(-2.8046, 1.193, -3.9245)
(-2.4792, 0.8287, -4.3149)
(-2.1615, 0.5901, -4.6103)
(-1.1288, 2.9465, -2.4182)
(-1.7463, 2.6629, -2.4041)
(-2.2801, 2.3333, -2.4455)
(-2.4603, 1.8828, -2.7799)
(-2.465, 1.5651, -3.2541)
(-2.5003, 1.0487, -3.5546)
(-2.3304, 0.6021, -3.9324)
(-2.0966, 0.186, -4.162)
(-1.1187, 2.7559, -1.9987)
(-1.6315, 2.3315, -2.0485)
(-2.0561, 1.972, -2.0998)
(-2.0893, 1.647, -2.5057)
(-2.0223, 1.5478, -2.9842)
(-2.1129, 1.1941, -3.3884)
(-2.0259, 0.7947, -3.8034)
(-1.746, 0.6833, -4.2177)
(-1.3833, 2.938, -1.5869)
(-1.7325, 2.4021, -1.6224)
(-1.7798, 1.9296, -1.7463)
(-1.7945, 1.7212, -2.1994)
(-1.8174, 1.373, -2.5597)
(-1.9008, 1.0098, -2.9641)
(-1.824, 0.6345, -3.3806)
(-1.6128, 0.4111, -3.7389)
(-1.4903, 3.0083, -1.0426)
(-1.6679, 2.4548, -1.1157)
(-1.5374, 2.004, -1.3868)
(-1.7084, 1.6347, -1.7559)
(-1.7656, 1.1644, -2.0993)
(-1.8238, 0.7341, -2.4615)
(-1.7584, 0.3185, -2.8322)
(-1.5605, 0.0379, -3.134)
(-1.4763, 2.8713, -0.4944)
(-1.5998, 2.3271, -0.6423)
(-1.5976, 1.7792, -0.9772)
(-1.7603, 1.2834, -1.3585)
(-1.9903, 0.8438, -1.7234)
(-2.1127, 0.396, -2.0967)
(-2.0142, -0.0664, -2.4288)
(-1.8261, -0.4065, -2.6776)
(-1.4863, 2.54, -0.0516)
(-1.8605, 2.105, -0.2897)
(-1.9571, 1.5381, -0.6121)
(-2.0109, 0.9656, -0.9546)
(-2.1594, 0.4693, -1.3171)
(-2.3138, 0.0124, -1.6831)
(-2.2471, -0.4641, -2.0045)
(-2.0767, -0.8335, -2.232)
(-1.462, 2.161, 0.4054)
(-1.9519, 1.775, 0.1551)
(-2.2119, 1.2575, -0.1818)
(-2.3278, 0.6971, -0.5459)
(-2.4204, 0.1592, -0.9028)
(-2.4922, -0.3582, -1.2484)
(-2.4458, -0.8604, -1.5674)
(-2.3203, -1.2527, -1.7951)
(-1.4399, 1.8029, 0.8918)
(-1.9309, 1.4195, 0.6427)
(-2.2239, 0.9098, 0.2959)
(-2.3942, 0.3594, -0.0806)
(-2.5214, -0.1878, -0.4473)
(-2.6093, -0.7288, -0.7993)
(-2.6319, -1.2483, -1.1272)
(-2.5698, -1.6654, -1.3609)
(-1.4186, 1.4407, 1.375)
(-1.8975, 1.0709, 1.1376)
(-2.1334, 0.5492, 0.7744)
(-2.2891, -0.0033, 0.3877)
(-2.4661, -0.5522, 0.0173)
(-2.6566, -1.0903, -0.3366)
(-2.8233, -1.6041, -0.6741)
(-2.8647, -2.0563, -0.9185)
(-1.3851, 1.0671, 1.8505)
(-1.8634, 0.7222, 1.633)
(-2.0635, 0.2011, 1.2621)
(-2.2564, -0.3315, 0.8776)
(-2.5103, -0.8598, 0.5165)
(-2.7902, -1.3744, 0.1616)
(-3.1033, -1.8519, -0.1963)
(-3.3762, -2.4608, -0.5204)
(-1.3379, 0.6974, 2.3316)
(-1.8453, 0.3776, 2.1298)
(-2.1098, -0.1023, 1.7648)
(-2.4359, -0.56, 1.3865)
(-2.7502, -1.0532, 1.0264)
(-3.9295, -2.8757, -0.2854)
(-3.0513, -1.5547, 0.6737)
(-3.4486, -1.9584, 0.302)
(-4.4833, -3.4255, 0.0952)
(-3.8739, -2.3691, 0.0048)
(-5.1537, -3.6329, 0.0494)
(-1.2758, 0.3214, 2.8047)
(-4.3185, -2.8508, -0.0216)
(-1.8345, 0.0263, 2.6097)
(-2.263, -0.3552, 2.2698)
(-2.6825, -0.7539, 1.8984)
(-5.0668, -3.6066, -0.3479)
(-3.0506, -1.2016, 1.531)
(-4.7859, -3.2868, 0.1144)
(-3.3792, -1.6772, 1.1743)
(-3.8112, -2.0309, 0.7986)
(-5.0972, -3.5203, 0.0025)
(-4.295, -2.3089, 0.473)
(-5.1222, -3.3777, -0.3702)
(-4.7195, -2.7494, 0.3548)
(-1.1782, -0.0763, 3.1958)
(-1.7344, -0.3955, 2.995)
(-2.2555, -0.7321, 2.7373)
(-2.7908, -1.0606, 2.3987)
(-5.201, -3.1852, 0.2692)
(-3.2742, -1.4198, 2.0313)
(-3.6973, -1.8153, 1.6599)
(-5.5747, -3.446, 0.0373)
(-4.1544, -2.1609, 1.2872)
(-1.0801, -0.3826, 3.4375)
(-1.6101, -0.7694, 3.2592)
(-5.6234, -3.2092, -0.2718)
(-4.673, -2.441, 0.9551)
(-5.1666, -2.8287, 0.7522)
(-2.7434, -1.5208, 2.7804)
(-2.0368, -1.2577, 3.1682)
(-5.6316, -3.1601, 0.5561)
(-3.3167, -1.8174, 2.449)
(-3.8412, -2.1397, 2.1072)
(-6.0989, -3.397, 0.2603)
(-4.3497, -2.4667, 1.752)
(-6.2316, -3.2924, -0.1028)
(-4.8951, -2.7767, 1.4177)
(-5.482, -3.1066, 1.1502)
(-2.1533, -1.8425, 3.2003)
(-2.6219, -2.058, 2.9649)
(-6.033, -3.3945, 0.898)
(-3.1788, -2.3329, 2.6825)
(-3.7429, -2.63, 2.3916)
(-6.513, -3.5539, 0.6196)
(-4.2993, -2.9357, 2.1031)
(-6.6653, -3.6128, 0.2592)
(-4.869, -3.2415, 1.8267)
(-5.4682, -3.5166, 1.5138)
(-2.0175, -2.3539, 3.1962)
(-2.4002, -2.5619, 2.9736)
(-6.061, -3.7679, 1.2505)
(-2.935, -2.8379, 2.7178)
(-3.5102, -3.1337, 2.465)
(-6.5767, -3.9127, 0.9959)
(-4.0881, -3.4348, 2.2285)
(-1.9693, -2.6762, 3.0851)
(-6.9056, -3.9581, 0.729)
(-4.645, -3.7247, 1.9754)
(-2.1382, -2.9067, 2.9066)
(-2.7176, -3.21, 2.67)
(-5.1444, -3.9264, 1.5696)
(-3.2937, -3.505, 2.4144)
(-5.7588, -4.17, 1.287)
(-3.8664, -3.7853, 2.1391)
(-4.4375, -4.0897, 1.9022)
(-6.3385, -4.3459, 1.1036)
(-4.915, -4.1264, 1.3982)
(-6.7758, -4.3595, 1.0218)
(-5.4393, -4.4602, 1.1074)
(-6.4677, -4.5523, 1.016)
(-6.1335, -4.7069, 0.9471)
(5.7943, 2.6771, 4.9156)
(4.519, 2.9109, 3.8513)
(4.4198, 3.2008, 3.6579)
(4.6918, 3.3375, 3.4178)
(5.167, 3.2163, 3.6183)
(5.5642, 3.0433, 4.044)
(5.8277, 2.8645, 4.5306)
(1.8633, 0.7553, -5.8523)
(1.9302, 0.4008, -5.4871)
(1.9942, 0.0078, -5.0342)
(2.0307, -0.3614, -4.5575)
(2.0111, -0.6623, -4.039)
(1.9515, -0.9009, -3.4843)
(1.8845, -1.1151, -2.9195)
(1.802, -1.3115, -2.349)
(1.7108, -1.5059, -1.7791)
(1.6343, -1.7301, -1.2212)
(1.5856, -1.9913, -0.6828)
(1.4662, -2.139, -0.1376)
(1.2631, -2.1616, 0.4292)
(1.0574, -2.1904, 1.0053)
(0.8533, -2.2258, 1.5846)
(0.6941, -2.2597, 2.0518)
(2.0183, 0.7616, -5.5398)
(2.1307, 0.3881, -5.1227)
(2.2167, 0.0117, -4.661)
(2.2771, -0.3348, -4.1812)
(2.2604, -0.6212, -3.6536)
(2.2157, -0.8697, -3.103)
(2.1468, -1.0811, -2.5374)
(2.0568, -1.2689, -1.9648)
(1.9641, -1.4574, -1.3936)
(1.901, -1.6846, -0.8371)
(1.8397, -1.9084, -0.2954)
(1.6562, -1.9673, 0.2612)
(1.4437, -1.993, 0.8297)
(1.2334, -2.0299, 1.4072)
(1.0419, -2.0658, 1.9578)
(0.9044, -2.0948, 2.36)
(1.9192, 1.0686, -5.8473)
(1.8894, 1.4906, -5.3381)
(2.1624, 1.766, -4.9477)
(2.627, 2.0702, -4.6357)
(2.7113, 2.6157, -4.3558)
(2.5525, 3.244, -4.1377)
(2.4113, 3.7402, -3.9069)
(5.5451, 2.5473, 5.1052)
(5.1092, 2.3054, 5.1173)
(4.552, 1.8947, 4.994)
(4.0285, 1.443, 4.9099)
(3.513, 0.9987, 4.7955)
(2.9779, 0.5806, 4.6526)
(2.4494, 0.1446, 4.5259)
(1.9191, -0.2889, 4.39)
(1.5669, -0.6463, 4.2588)
(2.3704, 3.5768, -3.5236)
(2.491, 3.0783, -3.7589)
(2.57, 2.4601, -4.0146)
(2.4472, 1.8761, -4.3123)
(2.0977, 1.4786, -4.6489)
(1.9625, 1.1703, -5.0625)
(2.3545, 3.3049, -3.0359)
(2.3021, 2.8681, -3.326)
(2.269, 2.2901, -3.6662)
(2.1322, 1.6969, -3.9443)
(1.9935, 1.1772, -4.2679)
(2.074, 0.7819, -4.6902)
(2.349, 3.0086, -2.6697)
(2.3037, 2.6292, -2.9395)
(2.3576, 2.0973, -3.243)
(2.2394, 1.5131, -3.4745)
(2.1923, 0.9671, -3.8138)
(2.2929, 0.4756, -4.2619)
(2.183, 2.7778, -2.8024)
(2.2383, 2.3108, -2.8913)
(2.4403, 1.7901, -2.9094)
(2.5766, 1.2652, -3.0879)
(2.5748, 0.7154, -3.4792)
(2.5501, 0.1582, -3.865)
(2.1056, 2.433, -2.4041)
(2.226, 1.9867, -2.4583)
(2.4711, 1.4482, -2.4604)
(2.694, 0.942, -2.6494)
(2.7642, 0.3929, -3.0417)
(2.6594, -0.1626, -3.3876)
(2.0632, 2.0842, -1.7841)
(2.3751, 1.6995, -1.9192)
(2.5736, 1.18, -2.0195)
(2.6593, 0.6264, -2.2109)
(2.7944, 0.0767, -2.5551)
(2.6813, -0.4565, -2.8641)
(2.2631, 1.9181, -1.1729)
(2.5248, 1.4914, -1.3486)
(2.7776, 0.9796, -1.5493)
(2.9143, 0.4282, -1.7804)
(2.9123, -0.1624, -2.0532)
(2.6584, -0.6989, -2.3144)
(2.4899, 1.7867, -0.576)
(2.676, 1.3267, -0.7645)
(2.8741, 0.7869, -0.9952)
(2.9834, 0.2232, -1.242)
(2.9095, -0.3735, -1.5002)
(2.5868, -0.8984, -1.7476)
(2.7026, 1.6632, 0.0154)
(2.8148, 1.1762, -0.1841)
(2.91, 0.6004, -0.4262)
(2.959, 0.0119, -0.6801)
(2.8696, -0.5892, -0.9386)
(2.5134, -1.0939, -1.1789)
(2.9096, 1.5538, 0.6021)
(2.9763, 1.0392, 0.384)
(3.031, 0.4252, 0.129)
(3.0562, -0.2063, -0.1312)
(2.9087, -0.8237, -0.3854)
(2.4757, -1.3132, -0.6173)
(3.1167, 1.4743, 1.1921)
(3.1613, 0.91, 0.936)
(3.1998, 0.2546, 0.6679)
(3.1802, -0.4246, 0.4138)
(2.9364, -1.0512, 0.1717)
(2.4308, -1.5262, -0.0628)
(4.5493, 2.6434, 3.7516)
(4.3405, 2.4192, 3.3755)
(3.948, 2.207, 2.8304)
(3.5324, 1.9362, 2.2846)
(3.3666, 1.4135, 1.7659)
(3.3251, 0.747, 1.4758)
(3.2704, 0.0753, 1.2191)
(3.1353, -0.5936, 0.9734)
(2.7797, -1.1628, 0.7326)
(2.2359, -1.5911, 0.4952)
(4.3457, 2.8783, 3.7078)
(4.1179, 2.5699, 3.3358)
(3.9672, 2.274, 2.8393)
(3.8199, 1.8382, 2.4603)
(3.6051, 1.2342, 2.1952)
(3.4092, 0.586, 1.9758)
(3.1839, -0.0464, 1.7513)
(2.906, -0.6512, 1.5105)
(2.517, -1.1869, 1.2762)
(2.0041, -1.619, 1.0534)
(4.4333, 3.1147, 3.3966)
(4.3142, 2.6687, 3.1333)
(4.0872, 2.2225, 2.9467)
(3.7823, 1.73, 2.8175)
(3.5049, 1.1347, 2.5998)
(3.2304, 0.5295, 2.3894)
(2.9425, -0.0693, 2.184)
(2.6391, -0.6608, 1.9932)
(2.2639, -1.2065, 1.8111)
(1.7776, -1.6541, 1.6179)
(4.8702, 3.0811, 3.4565)
(4.6157, 2.6114, 3.4061)
(4.3487, 2.0873, 3.2348)
(4.1138, 1.5175, 3.0243)
(3.8036, 0.9119, 2.8756)
(3.4606, 0.3184, 2.7442)
(3.0784, -0.2521, 2.6188)
(2.6421, -0.7977, 2.5085)
(2.1242, -1.2891, 2.3838)
(1.5786, -1.7007, 2.1923)
(5.2284, 2.9505, 3.8682)
(4.9181, 2.5, 3.8539)
(4.6112, 1.9485, 3.6832)
(4.3285, 1.3508, 3.4934)
(3.98, 0.7482, 3.375)
(3.5491, 0.202, 3.2799)
(3.0615, -0.3001, 3.1764)
(2.5223, -0.7769, 3.0703)
(1.9428, -1.243, 2.9641)
(1.3779, -1.7141, 2.7149)
(5.5952, 2.7743, 4.2809)
(5.2612, 2.3505, 4.2602)
(4.8401, 1.867, 4.1779)
(4.4066, 1.3081, 4.0644)
(3.9493, 0.7369, 3.9567)
(3.444, 0.2432, 3.8547)
(2.92, -0.2273, 3.7453)
(2.3835, -0.6825, 3.6291)
(1.8982, -1.0684, 3.5178)
(5.7007, 2.6147, 4.7747)
(5.3204, 2.253, 4.7576)
(4.8129, 1.836, 4.6784)
(4.2753, 1.3554, 4.5794)
(3.7441, 0.8581, 4.4626)
(3.2108, 0.4056, 4.3372)
(2.6817, -0.0454, 4.2181)
(2.1572, -0.4858, 4.0919)
(1.737, -0.8586, 3.9838)
(1.6457, -1.1195, 3.7266)
(2.0358, -0.7937, 3.8217)
(2.5419, -0.3711, 3.9418)
(3.0711, 0.0852, 4.0586)
(3.5984, 0.5496, 4.1721)
(4.1159, 1.044, 4.2853)
(4.6125, 1.5989, 4.3932)
(5.1088, 2.0658, 4.4818)
(5.5304, 2.4961, 4.5276)
(1.6555, -1.3641, 3.1945)
(2.1838, -0.9589, 3.2994)
(2.7335, -0.51, 3.411)
(3.2637, -0.0409, 3.5209)
(3.759, 0.4576, 3.6207)
(4.1997, 1.0072, 3.718)
(4.5646, 1.6206, 3.8484)
(4.9242, 2.1662, 3.9973)
(5.2721, 2.6653, 4.0768)
(1.2309, -1.899, 2.3105)
(1.7378, -1.5086, 2.5889)
(2.3216, -1.0503, 2.7339)
(2.8562, -0.5547, 2.8351)
(3.3256, -0.0342, 2.9394)
(3.7385, 0.5214, 3.0453)
(4.0952, 1.1132, 3.155)
(4.3747, 1.7235, 3.3219)
(4.5999, 2.2914, 3.5635)
(4.9239, 2.807, 3.6567)
(1.407, -1.8676, 1.8044)
(1.9373, -1.4764, 2.0064)
(2.4248, -1.0024, 2.1726)
(2.813, -0.4446, 2.3143)
(3.1557, 0.1375, 2.4713)
(3.4704, 0.7324, 2.644)
(3.7718, 1.3335, 2.8237)
(4.0664, 1.9089, 3.0017)
(4.3444, 2.4032, 3.1311)
(4.5666, 2.901, 3.297)
(1.6163, -1.8268, 1.2265)
(2.1455, -1.4243, 1.4376)
(2.5797, -0.9274, 1.6458)
(2.8976, -0.3492, 1.865)
(3.1764, 0.2544, 2.0886)
(3.427, 0.8752, 2.3036)
(3.6688, 1.4963, 2.5237)
(3.9087, 2.0561, 2.7601)
(4.0955, 2.4458, 3.0179)
(4.2565, 2.8277, 3.4078)
(1.8357, -1.7937, 0.6593)
(2.3963, -1.404, 0.8902)
(2.8755, -0.928, 1.1267)
(3.1633, -0.3238, 1.372)
(3.3359, 0.3239, 1.6147)
(3.4644, 0.9868, 1.8555)
(3.6031, 1.6333, 2.1493)
(3.8443, 2.0857, 2.5787)
(4.0601, 2.3837, 3.0991)
(4.3214, 2.6124, 3.6213)
(2.0541, -1.7658, 0.0983)
(2.6289, -1.3632, 0.3339)
(3.0718, -0.8417, 0.5727)
(3.2335, -0.1773, 0.8153)
(3.2496, 0.5017, 1.0729)
(3.2367, 1.1538, 1.3478)
(3.2223, 1.7453, 1.6393)
(2.1745, -1.6248, -0.4524)
(2.729, -1.211, -0.2259)
(3.0732, -0.6435, 0.0143)
(3.1335, 0.0149, 0.2685)
(3.0968, 0.6612, 0.5301)
(3.0407, 1.2646, 0.7855)
(2.9828, 1.7243, 0.9972)
(2.2156, -1.3904, -1.0053)
(2.7204, -0.9746, -0.7834)
(2.9682, -0.4037, -0.5339)
(2.9807, 0.2104, -0.2743)
(2.9281, 0.81, -0.0201)
(2.8493, 1.377, 0.2134)
(2.7639, 1.8093, 0.3951)
(2.2915, -1.193, -1.5734)
(2.7514, -0.7574, -1.3445)
(2.9503, -0.1809, -1.0886)
(2.9399, 0.4092, -0.8333)
(2.8212, 0.9721, -0.5891)
(2.6691, 1.5062, -0.3686)
(2.5289, 1.9171, -0.2001)
(2.3831, -1.0097, -2.1463)
(2.8132, -0.5529, -1.9099)
(2.9784, 0.032, -1.6506)
(2.9335, 0.6138, -1.3977)
(2.7246, 1.1457, -1.1659)
(2.4833, 1.6471, -0.9577)
(2.2842, 2.0364, -0.7978)
(2.4547, -0.8048, -2.7132)
(2.8159, -0.3284, -2.4573)
(2.8236, 0.2353, -2.154)
(2.7238, 0.7992, -1.8788)
(2.595, 1.3409, -1.7227)
(2.2879, 1.8034, -1.5505)
(2.012, 2.145, -1.4093)
(2.489, -0.5555, -3.2625)
(2.7772, -0.0466, -2.9758)
(2.7224, 0.5017, -2.61)
(2.5872, 1.04, -2.2908)
(2.4079, 1.5681, -2.2199)
(2.1703, 2.0706, -2.1452)
(1.9693, 2.378, -2.0533)
(2.4866, -0.2646, -3.7882)
(2.6899, 0.2775, -3.466)
(2.6904, 0.8374, -3.0724)
(2.6068, 1.3702, -2.737)
(2.2959, 1.8685, -2.7083)
(2.1753, 2.4086, -2.7076)
(2.0911, 2.7958, -2.62)
(2.3905, 0.0671, -4.2574)
(2.4135, 0.5835, -3.858)
(2.3818, 1.1241, -3.4421)
(2.4361, 1.6777, -3.1554)
(2.3526, 2.2261, -3.0079)
(2.2413, 2.7008, -2.8217)
(2.3448, 3.0747, -2.6614)
(2.2343, 0.4199, -4.6967)
(2.0781, 0.8264, -4.2477)
(2.0773, 1.3326, -3.8506)
(2.1984, 1.8992, -3.5852)
(2.3196, 2.4973, -3.2877)
(2.2766, 2.9735, -2.9165)
(2.5194, 3.305, -2.7052)
(2.092, 0.7945, -5.1275)
(1.9517, 1.1382, -4.6632)
(2.1668, 1.535, -4.3056)
(2.3439, 2.0677, -3.988)
(2.4198, 2.6867, -3.7089)
(2.3533, 3.2333, -3.4036)
(2.3881, 3.6477, -3.196)
(1.9647, 1.1401, -5.4669)
(1.9569, 1.5002, -4.9772)
(2.3803, 1.7676, -4.6489)
(2.6549, 2.2353, -4.3095)
(2.6196, 2.8583, -4.0728)
(2.4567, 3.4403, -3.8309)
(2.3346, 3.8686, -3.6286)
(1.5249, -0.9047, 4.0891)
(1.8105, -0.583, 4.1925)
(2.2986, -0.1687, 4.3214)
(2.8268, 0.2725, 4.4485)
(3.3584, 0.7134, 4.5734)
(3.8952, 1.1538, 4.7105)
(4.4245, 1.638, 4.8064)
(4.973, 2.0631, 4.9054)
(5.4619, 2.4418, 4.9781)
(5.3818, 2.8803, 5.551)
(4.9075, 2.7794, 3.8736)
(4.9196, 3.189, 3.8613)
(4.8196, 3.6152, 4.1175)
(4.793, 3.7894, 4.7172)
(4.8658, 3.6737, 5.2991)
(5.1623, 3.2915, 5.5549)
(-1.4558, 3.9995, -3.0821)
(-1.3946, 3.6694, -2.7318)
(-1.2179, 3.1731, -2.5232)
(-1.0846, 2.797, -2.2257)
(-1.243, 2.8291, -1.7965)
(-1.4644, 3.0009, -1.3295)
(-1.4856, 2.9664, -0.7571)
(-1.4808, 2.7219, -0.2659)
(-1.4777, 2.3494, 0.1714)
(-1.4496, 1.9802, 0.6472)
(-1.4302, 1.6235, 1.1347)
(-1.4037, 1.2544, 1.6128)
(-1.3627, 0.8813, 2.0902)
(-1.3106, 0.5136, 2.5724)
(-1.2297, 0.1174, 3.0176)
(-1.1284, -0.2392, 3.3295)
(-1.144, 4.0164, -2.8318)
(-1.0025, 3.554, -2.6141)
(-0.8213, 3.0901, -2.4162)
(-0.8671, 2.9828, -1.9653)
(-1.1475, 3.1745, -1.5573)
(-1.2486, 3.2097, -1.0124)
(-1.2386, 3.0361, -0.4535)
(-1.1998, 2.6832, 0.0203)
(-1.1597, 2.298, 0.4841)
(-1.1322, 1.921, 0.9553)
(-1.1042, 1.5222, 1.4052)
(-1.0688, 1.1185, 1.8518)
(-1.0183, 0.7529, 2.3321)
(-0.9589, 0.4135, 2.8297)
(-0.8847, 0.0667, 3.27)
(-0.7982, -0.2288, 3.5521)
(-1.1456, 4.2311, -3.1853)
(-0.4948, 4.3257, -3.0077)
(0.1467, 4.2928, -2.766)
(0.7668, 4.3726, -2.7157)
(1.3648, 4.6076, -2.9343)
(1.8633, 4.572, -3.2524)
(2.1873, 4.2514, -3.5691)
(5.3905, 2.6147, 5.3747)
(5.0697, 2.3023, 5.1162)
(4.5111, 1.8839, 4.9686)
(4.0093, 1.4449, 4.8948)
(3.4902, 1.0067, 4.7944)
(2.9567, 0.5866, 4.6591)
(2.4303, 0.1501, 4.5359)
(1.9026, -0.2816, 4.4005)
(1.4743, -0.5609, 4.3231)
(2.2349, 3.974, -3.2587)
(1.9421, 4.324, -2.9094)
(1.4401, 4.5454, -2.608)
(0.7932, 4.5265, -2.5049)
(0.1314, 4.4121, -2.5705)
(-0.5181, 4.2512, -2.7068)
(2.3675, 3.6583, -2.7974)
(2.0561, 3.9924, -2.467)
(1.5097, 4.1767, -2.2479)
(0.8603, 4.1537, -2.3071)
(0.2445, 4.0161, -2.4965)
(-0.3694, 3.7926, -2.6203)
(2.3826, 3.323, -2.4371)
(2.0111, 3.6079, -2.1441)
(1.4421, 3.7421, -1.9221)
(0.8181, 3.7728, -1.9412)
(0.2926, 3.6763, -2.1666)
(-0.2176, 3.3897, -2.3599)
(2.0509, 3.0745, -2.5106)
(1.698, 3.2686, -2.1783)
(1.2314, 3.2929, -1.84)
(0.7279, 3.2786, -1.7498)
(0.1826, 3.442, -1.8726)
(-0.3517, 3.3727, -1.9086)
(1.9219, 2.7142, -2.1771)
(1.556, 2.8897, -1.8785)
(1.0923, 2.8859, -1.5337)
(0.6102, 2.9232, -1.428)
(0.0249, 3.1837, -1.5162)
(-0.5963, 3.3591, -1.5139)
(1.8742, 2.3372, -1.5998)
(1.5052, 2.5404, -1.35)
(1.0458, 2.7227, -1.0511)
(0.6157, 2.9989, -0.9422)
(0.0481, 3.2673, -0.9979)
(-0.6193, 3.3625, -0.9767)
(2.0618, 2.24, -1.0062)
(1.6833, 2.5166, -0.7968)
(1.2362, 2.8515, -0.5906)
(0.7493, 3.1333, -0.4694)
(0.1081, 3.2186, -0.432)
(-0.5792, 3.1876, -0.4154)
(2.2786, 2.1344, -0.4122)
(1.8928, 2.4526, -0.2334)
(1.3937, 2.7608, -0.065)
(0.8144, 2.9165, 0.0369)
(0.1497, 2.9179, 0.0777)
(-0.5379, 2.8491, 0.0826)
(2.4878, 2.0117, 0.1731)
(2.0556, 2.2867, 0.3217)
(1.4877, 2.4819, 0.4429)
(0.8586, 2.5287, 0.494)
(0.1885, 2.5085, 0.5222)
(-0.4989, 2.455, 0.5429)
(2.684, 1.886, 0.7549)
(2.1859, 2.0498, 0.8462)
(1.5598, 2.1028, 0.8899)
(0.9049, 2.0701, 0.8821)
(0.2261, 2.0361, 0.9005)
(-0.4619, 2.0192, 0.9608)
(2.8448, 1.7872, 1.3539)
(2.2744, 1.7964, 1.3588)
(1.6159, 1.7267, 1.3321)
(0.9417, 1.6536, 1.2957)
(0.2574, 1.5878, 1.2903)
(-0.426, 1.5596, 1.3505)
(4.6828, 2.5649, 3.8094)
(4.4126, 2.4161, 3.4483)
(3.9805, 2.2136, 2.8962)
(3.53, 1.9637, 2.3362)
(2.9496, 1.8287, 1.9917)
(2.2827, 1.7018, 1.9375)
(1.615, 1.5582, 1.8914)
(0.933, 1.4649, 1.8502)
(0.2635, 1.3271, 1.8112)
(-0.3975, 1.1733, 1.7988)
(4.8091, 2.8009, 3.8567)
(4.4156, 2.5145, 3.683)
(3.9194, 2.3845, 3.2333)
(3.4198, 2.2339, 2.8022)
(2.8517, 1.9715, 2.6093)
(2.2153, 1.7273, 2.5389)
(1.5642, 1.527, 2.4922)
(0.8895, 1.3982, 2.4486)
(0.2389, 1.1942, 2.3964)
(-0.3787, 0.9103, 2.3273)
(4.704, 3.2053, 3.9581)
(4.321, 2.8699, 3.9172)
(3.788, 2.7065, 3.6288)
(3.2577, 2.4428, 3.3388)
(2.7138, 2.1015, 3.2103)
(2.1115, 1.7962, 3.1366)
(1.4915, 1.5281, 3.0927)
(0.846, 1.3111, 3.0436)
(0.2259, 1.0212, 2.9797)
(-0.3528, 0.6673, 2.8835)
(4.6407, 3.5068, 4.3896)
(4.2281, 3.1521, 4.3277)
(3.6972, 2.8687, 4.1564)
(3.1445, 2.5307, 3.9542)
(2.5981, 2.1754, 3.8145)
(2.0251, 1.8278, 3.7309)
(1.4353, 1.4898, 3.6808)
(0.8396, 1.1434, 3.6216)
(0.2521, 0.7486, 3.5379)
(-0.3118, 0.3696, 3.4116)
(4.6489, 3.574, 5.01)
(4.2368, 3.1827, 4.9114)
(3.7233, 2.8183, 4.7508)
(3.1658, 2.4797, 4.5639)
(2.6118, 2.0902, 4.3913)
(2.085, 1.6689, 4.2859)
(1.5245, 1.2708, 4.2102)
(0.9622, 0.8465, 4.1195)
(0.4076, 0.3785, 4.0093)
(-0.2154, 0.003, 3.825)
(4.8482, 3.337, 5.4564)
(4.433, 2.9353, 5.3297)
(3.9429, 2.5023, 5.158)
(3.4264, 2.1313, 4.9494)
(2.8644, 1.7418, 4.7625)
(2.3291, 1.3095, 4.6578)
(1.7901, 0.8836, 4.5416)
(1.255, 0.4502, 4.412)
(0.7886, 0.0522, 4.2957)
(5.183, 2.9256, 5.4818)
(4.7852, 2.5454, 5.2988)
(4.2566, 2.0927, 5.1422)
(3.7332, 1.6946, 4.9852)
(3.1995, 1.3071, 4.8466)
(2.6682, 0.8855, 4.7483)
(2.1415, 0.4595, 4.6086)
(1.6186, 0.0367, 4.4613)
(1.1787, -0.3123, 4.3668)
(0.8079, -0.2912, 4.3184)
(1.199, 0.0369, 4.3989)
(1.7012, 0.4496, 4.5311)
(2.232, 0.8764, 4.6718)
(2.7646, 1.3046, 4.7886)
(3.3059, 1.7171, 4.8973)
(3.8507, 2.084, 5.1092)
(4.3475, 2.5058, 5.2664)
(4.8403, 2.9527, 5.4446)
(0.3408, -0.0023, 4.1258)
(0.8285, 0.4354, 4.2371)
(1.3634, 0.8787, 4.3559)
(1.9132, 1.3004, 4.4569)
(2.4544, 1.7229, 4.5541)
(2.9841, 2.1529, 4.692)
(3.5597, 2.5103, 4.9096)
(4.0535, 2.8823, 5.0826)
(4.542, 3.2983, 5.2408)
(-0.5538, 0.0557, 3.5242)
(0.0158, 0.3539, 3.723)
(0.5923, 0.7953, 3.8418)
(1.1684, 1.2137, 3.9281)
(1.7451, 1.5914, 3.9899)
(2.3104, 1.9662, 4.0609)
(2.8472, 2.3555, 4.1871)
(3.4123, 2.7053, 4.3644)
(3.9573, 3.0399, 4.5432)
(4.4422, 3.3771, 4.6657)
(-0.6218, 0.3648, 3.1056)
(-0.0585, 0.7111, 3.2165)
(0.5281, 1.0783, 3.3043)
(1.1422, 1.3878, 3.365)
(1.7603, 1.6653, 3.4118)
(2.3529, 1.9932, 3.4654)
(2.9308, 2.3146, 3.5696)
(3.4504, 2.6776, 3.7385)
(4.0138, 2.9262, 4.0094)
(4.4833, 3.1804, 4.1298)
(-0.6686, 0.6581, 2.5775)
(-0.0724, 0.9599, 2.6494)
(0.5427, 1.2541, 2.7216)
(1.197, 1.4484, 2.7698)
(1.855, 1.6244, 2.8162)
(2.4727, 1.9073, 2.8668)
(3.0777, 2.1834, 2.9713)
(3.5928, 2.4869, 3.2029)
(4.1245, 2.5836, 3.6377)
(4.5966, 2.8186, 3.868)
(-0.7138, 0.9595, 2.0593)
(-0.0676, 1.1383, 2.0747)
(0.5782, 1.358, 2.1275)
(1.2539, 1.4781, 2.1686)
(1.9287, 1.6071, 2.2144)
(2.5834, 1.8074, 2.2656)
(3.2276, 1.9875, 2.3921)
(3.7112, 2.2088, 2.7988)
(4.2023, 2.347, 3.3277)
(4.6133, 2.5493, 3.7467)
(-0.7506, 1.3358, 1.5977)
(-0.0717, 1.3817, 1.5406)
(0.6026, 1.4885, 1.5444)
(1.2848, 1.5717, 1.5779)
(1.9585, 1.6693, 1.6212)
(2.6095, 1.7739, 1.6576)
(3.2152, 1.7858, 1.6828)
(-0.7842, 1.7731, 1.1847)
(-0.1007, 1.7888, 1.1135)
(0.5869, 1.8152, 1.0717)
(1.2623, 1.8722, 1.0885)
(1.9187, 1.9156, 1.1072)
(2.5274, 1.8846, 1.0777)
(2.9798, 1.7484, 1.0184)
(-0.8184, 2.197, 0.7568)
(-0.1366, 2.2638, 0.7391)
(0.5482, 2.2902, 0.7003)
(1.2074, 2.3114, 0.6872)
(1.8325, 2.2594, 0.6416)
(2.3814, 2.0672, 0.5248)
(2.7683, 1.8281, 0.4047)
(-0.855, 2.5907, 0.2975)
(-0.1747, 2.6972, 0.3179)
(0.5077, 2.7353, 0.2942)
(1.1497, 2.7061, 0.2454)
(1.7228, 2.5265, 0.1284)
(2.2025, 2.221, -0.0384)
(2.5407, 1.9336, -0.1943)
(-0.8982, 2.9689, -0.175)
(-0.2142, 3.07, -0.1587)
(0.4683, 3.0913, -0.1878)
(1.0805, 2.9855, -0.2641)
(1.5567, 2.6672, -0.4204)
(2.0084, 2.3457, -0.6137)
(2.3052, 2.0443, -0.8021)
(-0.9362, 3.2532, -0.698)
(-0.2573, 3.308, -0.6976)
(0.398, 3.2092, -0.7171)
(0.9207, 2.946, -0.7267)
(1.3329, 2.6297, -0.9534)
(1.7962, 2.3918, -1.186)
(2.0532, 2.1339, -1.4213)
(-0.9422, 3.3534, -1.273)
(-0.3055, 3.3039, -1.2652)
(0.3225, 3.0723, -1.2521)
(0.8281, 2.8005, -1.1813)
(1.2674, 2.7411, -1.4724)
(1.7302, 2.5997, -1.7603)
(1.9834, 2.4018, -2.0445)
(-0.7563, 3.2646, -1.7335)
(-0.2023, 3.3733, -1.7094)
(0.3836, 3.1616, -1.6883)
(0.9218, 3.0196, -1.6001)
(1.3747, 3.1258, -1.9145)
(1.8135, 2.997, -2.2296)
(2.0757, 2.8343, -2.5895)
(-0.5259, 3.1725, -2.1758)
(0.0128, 3.4955, -2.0841)
(0.503, 3.5693, -1.9247)
(1.0644, 3.5074, -1.8026)
(1.6055, 3.5134, -2.0127)
(2.0735, 3.3168, -2.308)
(2.3419, 3.0865, -2.6385)
(-0.5832, 3.4194, -2.5456)
(0.0215, 3.6843, -2.4616)
(0.5537, 3.923, -2.2251)
(1.1726, 3.967, -2.0615)
(1.8072, 3.9129, -2.1247)
(2.2752, 3.6444, -2.4235)
(2.5227, 3.322, -2.6944)
(-0.7789, 3.937, -2.6873)
(-0.1413, 4.1593, -2.6096)
(0.5051, 4.3243, -2.4786)
(1.1601, 4.4016, -2.401)
(1.7726, 4.3155, -2.5327)
(2.174, 3.9911, -2.8778)
(2.3936, 3.6639, -3.1856)
(-0.8437, 4.2565, -2.9161)
(-0.1974, 4.3691, -2.7421)
(0.4483, 4.4467, -2.591)
(1.094, 4.5635, -2.6707)
(1.6737, 4.5807, -2.9134)
(2.0716, 4.2795, -3.2737)
(2.3095, 3.9639, -3.5637)
(1.1617, -0.5531, 4.3359)
(1.5321, -0.3163, 4.3819)
(2.0303, 0.08, 4.5069)
(2.5564, 0.5071, 4.6516)
(3.0831, 0.9363, 4.7729)
(3.6151, 1.3457, 4.8844)
(4.1311, 1.7575, 5.0049)
(4.6599, 2.1837, 5.1264)
(5.1671, 2.6059, 5.317)
(2.0598, 2.6005, -2.3709)
(2.1071, 3.0296, -2.8386)
(2.3192, 3.8163, -3.4433)
(4.5325, 2.4888, 3.7134)
(4.2207, 2.3465, 3.1103)
(3.3546, 1.8258, 2.0046)
(3.0829, 1.7052, 1.3175)
(3.7078, 2.0741, 2.6163)
(2.4171, 1.981, -0.4962)
(2.1723, 2.0997, -1.1037)
(5.3805, 2.5156, 5.1981)
(2.5796, 3.1317, -2.4613)
(4.7984, 2.0921, 5.0354)
(4.2647, 1.6864, 4.9272)
(3.773, 1.2015, 4.8776)
(3.2302, 0.804, 4.7124)
(2.8798, 1.7676, 0.6981)
(2.7044, 0.3632, 4.5994)
(2.1754, -0.0685, 4.4625)
(1.8929, 2.1792, -1.7269)
(1.6464, -0.502, 4.328)
(2.4625, 3.4953, -2.9383)
(2.6525, 1.8698, 0.1018)
(-6.2764, -5.0375, 0.5822)
(-5.3536, -3.201, 0.0799)
(-5.5237, -3.1663, -0.1081)
(-5.6642, -3.4768, -0.3725)
(-5.8174, -4.0581, -0.3186)
(-5.9728, -4.6273, -0.1731)
(-6.1642, -5.0008, 0.1763)
(1.6457, 0.5263, -5.7091)
(1.6918, 0.1161, -5.3099)
(1.7345, -0.2945, -4.8668)
(1.7398, -0.6624, -4.4001)
(1.6764, -0.911, -3.8582)
(1.6058, -1.12, -3.2929)
(1.5302, -1.3224, -2.7248)
(1.4466, -1.5277, -2.1584)
(1.3687, -1.757, -1.6021)
(1.3141, -2.0305, -1.0661)
(1.2485, -2.2756, -0.5341)
(1.0752, -2.3353, 0.0268)
(0.8775, -2.3543, 0.602)
(0.6744, -2.3849, 1.1834)
(0.4832, -2.418, 1.7347)
(0.3514, -2.458, 2.138)
(1.6099, 0.8698, -5.9943)
(1.0946, 1.0258, -5.6672)
(0.5533, 1.1446, -5.4115)
(-0.1068, 1.0737, -5.4904)
(-0.7751, 1.0195, -5.6134)
(-1.4568, 1.0703, -5.589)
(-1.9847, 1.1808, -5.4497)
(-6.1936, -4.8547, 0.8326)
(-5.8049, -4.6005, 1.0401)
(-5.223, -4.3091, 1.2847)
(-4.6864, -4.1267, 1.6476)
(-4.1394, -3.9459, 1.9999)
(-3.5639, -3.6486, 2.2635)
(-2.9864, -3.3631, 2.5322)
(-2.4082, -3.0659, 2.7804)
(-1.9475, -2.8865, 2.929)
(-1.9791, 0.91, -5.1262)
(-1.4499, 0.7628, -5.2795)
(-0.7812, 0.7182, -5.3006)
(-0.1161, 0.7702, -5.1774)
(0.5382, 0.7878, -5.1635)
(1.0953, 0.6506, -5.445)
(-1.9485, 0.5042, -4.7192)
(-1.4261, 0.3549, -4.8788)
(-0.7612, 0.3642, -4.8673)
(-0.1255, 0.419, -4.7388)
(0.4835, 0.3406, -4.831)
(1.077, 0.1835, -5.1399)
(-1.8672, 0.2117, -4.3581)
(-1.3548, 0.0216, -4.4647)
(-0.6717, -0.0086, -4.4364)
(-0.0513, 0.0017, -4.3564)
(0.518, -0.1127, -4.4754)
(1.1134, -0.2701, -4.7686)
(-1.61, 0.4432, -4.195)
(-1.1536, 0.0714, -4.0313)
(-0.5768, -0.1936, -3.9735)
(-0.0016, -0.4018, -4.0568)
(0.5214, -0.6274, -4.2718)
(1.1008, -0.7387, -4.471)
(-1.4467, 0.2492, -3.78)
(-1.0894, -0.1335, -3.6661)
(-0.7264, -0.4937, -3.7901)
(-0.2579, -0.8163, -4.0084)
(0.3603, -1.0295, -4.0508)
(1.0204, -1.0463, -4.0042)
(-1.4794, -0.0957, -3.2014)
(-1.2635, -0.5256, -3.3753)
(-0.9163, -0.9688, -3.5859)
(-0.3681, -1.2417, -3.6613)
(0.2813, -1.3295, -3.5868)
(0.9506, -1.2667, -3.4515)
(-1.6732, -0.5443, -2.7214)
(-1.4022, -0.95, -2.9241)
(-0.9997, -1.3542, -3.117)
(-0.4212, -1.5673, -3.1442)
(0.2241, -1.5939, -3.0477)
(0.8824, -1.4893, -2.8935)
(-1.8967, -0.9739, -2.276)
(-1.5321, -1.3221, -2.4312)
(-1.0564, -1.6678, -2.5805)
(-0.4724, -1.8636, -2.6093)
(0.1683, -1.877, -2.5144)
(0.8146, -1.7359, -2.3444)
(-2.1207, -1.3812, -1.8372)
(-1.679, -1.6686, -1.9456)
(-1.1327, -1.9628, -2.0507)
(-0.5298, -2.1628, -2.0821)
(0.1193, -2.1914, -1.9976)
(0.7592, -2.0231, -1.8139)
(-2.3518, -1.7781, -1.4055)
(-1.8504, -2.0234, -1.486)
(-1.2434, -2.2867, -1.5594)
(-0.6029, -2.5097, -1.5924)
(0.0736, -2.5628, -1.5141)
(0.7191, -2.3586, -1.3089)
(-2.6097, -2.1737, -0.9886)
(-2.0389, -2.4077, -1.0698)
(-1.3842, -2.6748, -1.1327)
(-0.6957, -2.901, -1.1382)
(0.0068, -2.9075, -1.016)
(0.6518, -2.6389, -0.7849)
(-5.1687, -3.3964, 0.0128)
(-4.7548, -3.4428, 0.0171)
(-4.1554, -3.122, -0.1389)
(-3.5998, -2.6829, -0.4172)
(-2.8811, -2.5912, -0.616)
(-2.1908, -2.7795, -0.6471)
(-1.5004, -2.9819, -0.6575)
(-0.7905, -3.1308, -0.6089)
(-0.1144, -3.0299, -0.4475)
(0.492, -2.6996, -0.2122)
(-5.2471, -3.2209, 0.0459)
(-4.7724, -3.2407, -0.1299)
(-4.1987, -3.1783, -0.4228)
(-3.5671, -3.1221, -0.5299)
(-2.9123, -3.0954, -0.3927)
(-2.2476, -3.1153, -0.2304)
(-1.5649, -3.1417, -0.1447)
(-0.8879, -3.1709, -0.0406)
(-0.2589, -3.0372, 0.1403)
(0.3145, -2.7106, 0.3702)
(-5.3711, -3.3283, -0.3209)
(-4.8546, -3.4779, -0.448)
(-4.2282, -3.6152, -0.5778)
(-3.5658, -3.6674, -0.5129)
(-2.9136, -3.6444, -0.2882)
(-2.27, -3.5992, -0.0347)
(-1.6313, -3.5143, 0.2074)
(-1.014, -3.361, 0.461)
(-0.4338, -3.0906, 0.7144)
(0.1194, -2.7377, 0.9533)
(-5.5188, -3.833, -0.3864)
(-4.9745, -3.9997, -0.4381)
(-4.3252, -4.1134, -0.4072)
(-3.6824, -4.0958, -0.2092)
(-3.0582, -4.0049, 0.0875)
(-2.4465, -3.8617, 0.3933)
(-1.8488, -3.6524, 0.6915)
(-1.2613, -3.3792, 0.988)
(-0.6717, -3.0651, 1.287)
(-0.0871, -2.7469, 1.5325)
(-5.6694, -4.3985, -0.238)
(-5.1277, -4.4753, -0.1746)
(-4.5321, -4.3775, -0.0017)
(-3.9393, -4.2078, 0.2873)
(-3.3254, -4.0731, 0.6032)
(-2.7338, -3.8557, 0.9088)
(-2.1508, -3.5894, 1.203)
(-1.5574, -3.314, 1.5118)
(-0.9465, -3.0518, 1.848)
(-0.2654, -2.7756, 2.0673)
(-5.8507, -4.8562, 0.0521)
(-5.3664, -4.722, 0.2352)
(-4.8226, -4.4651, 0.4867)
(-4.2324, -4.2769, 0.81)
(-3.6241, -4.0793, 1.1296)
(-3.0451, -3.8085, 1.424)
(-2.4615, -3.5461, 1.7157)
(-1.8678, -3.3096, 2.0149)
(-1.3398, -3.1071, 2.2847)
(-6.0629, -4.9971, 0.5041)
(-5.6071, -4.7818, 0.7069)
(-5.0687, -4.489, 0.9583)
(-4.5049, -4.2571, 1.2951)
(-3.9185, -4.0202, 1.6215)
(-3.3398, -3.7441, 1.9072)
(-2.7565, -3.4885, 2.1947)
(-2.1744, -3.2395, 2.4718)
(-1.6873, -3.041, 2.6918)
(-1.3178, -3.0094, 2.6025)
(-1.7562, -3.1821, 2.3893)
(-2.3198, -3.405, 2.1146)
(-2.9081, -3.6488, 1.8224)
(-3.4883, -3.9177, 1.5329)
(-4.0726, -4.1817, 1.2324)
(-4.6766, -4.3797, 0.8952)
(-5.2264, -4.6307, 0.5945)
(-5.7411, -4.9047, 0.3763)
(-0.8628, -2.9762, 2.2274)
(-1.4175, -3.193, 1.921)
(-2.0106, -3.4338, 1.6091)
(-2.5983, -3.6969, 1.3123)
(-3.1798, -3.9625, 1.019)
(-3.7741, -4.1758, 0.7106)
(-4.3898, -4.3207, 0.3894)
(-4.9532, -4.5458, 0.1092)
(-5.5133, -4.66, -0.0567)
(0.1204, -2.6062, 1.8684)
(-0.4865, -2.9027, 1.7182)
(-1.1066, -3.1953, 1.4119)
(-1.7028, -3.4888, 1.0983)
(-2.288, -3.7596, 0.8007)
(-2.881, -3.979, 0.4966)
(-3.4891, -4.126, 0.1815)
(-4.1087, -4.2245, -0.1121)
(-4.7245, -4.299, -0.2963)
(-5.3404, -4.1895, -0.3331)
(0.2936, -2.5733, 1.3602)
(-0.2649, -2.9128, 1.1292)
(-0.8337, -3.2511, 0.863)
(-1.4211, -3.5195, 0.5769)
(-2.0273, -3.7074, 0.2908)
(-2.6508, -3.8218, 0.0077)
(-3.2833, -3.8954, -0.2719)
(-3.932, -3.917, -0.488)
(-4.5945, -3.8146, -0.5304)
(-5.1988, -3.6301, -0.4385)
(0.4973, -2.5468, 0.7769)
(-0.0579, -2.9003, 0.5442)
(-0.6318, -3.1927, 0.3174)
(-1.2603, -3.2967, 0.1197)
(-1.9172, -3.3434, -0.0467)
(-2.5793, -3.3665, -0.232)
(-3.2267, -3.3841, -0.4683)
(-3.8889, -3.3823, -0.5759)
(-4.5181, -3.3316, -0.4295)
(-5.0697, -3.2726, -0.1839)
(0.6901, -2.5241, 0.197)
(0.114, -2.8764, -0.0384)
(-0.5006, -3.1334, -0.2506)
(-1.1891, -3.1063, -0.3637)
(-1.8859, -2.9923, -0.4012)
(-2.5745, -2.8807, -0.4416)
(-3.2588, -2.824, -0.5017)
(-3.8888, -3.0009, -0.4079)
(-4.4661, -3.2206, -0.149)
(-5.0154, -3.3356, 0.045)
(0.8768, -2.5066, -0.3786)
(0.2737, -2.8592, -0.6251)
(-0.3882, -3.0671, -0.8293)
(-1.1004, -2.9657, -0.9082)
(-1.7883, -2.7279, -0.8904)
(-2.4496, -2.4835, -0.8329)
(-3.0683, -2.2728, -0.744)
(0.9945, -2.3473, -0.9258)
(0.3813, -2.6644, -1.172)
(-0.3017, -2.7702, -1.3398)
(-0.9863, -2.6027, -1.3652)
(-1.6323, -2.3464, -1.3113)
(-2.2315, -2.0863, -1.2345)
(-2.69, -1.8734, -1.1532)
(1.0403, -2.0433, -1.4454)
(0.4256, -2.3039, -1.6667)
(-0.237, -2.3797, -1.8098)
(-0.8794, -2.2324, -1.8225)
(-1.4773, -1.9855, -1.7577)
(-2.0183, -1.7037, -1.6629)
(-2.4266, -1.4677, -1.5808)
(1.0964, -1.7596, -1.9769)
(0.4674, -1.9668, -2.1697)
(-0.1821, -2.0454, -2.3131)
(-0.8041, -1.9308, -2.3426)
(-1.3581, -1.6678, -2.2593)
(-1.8205, -1.3258, -2.1137)
(-2.18, -1.0486, -2.0083)
(1.1696, -1.5212, -2.5299)
(0.523, -1.6819, -2.7019)
(-0.1299, -1.7472, -2.8411)
(-0.7485, -1.6383, -2.8805)
(-1.2689, -1.3482, -2.7795)
(-1.6307, -0.9362, -2.5733)
(-1.9339, -0.6146, -2.4402)
(1.2453, -1.3066, -3.0923)
(0.5859, -1.4288, -3.2475)
(-0.0753, -1.4616, -3.3753)
(-0.6962, -1.3197, -3.4129)
(-1.1881, -0.9817, -3.2924)
(-1.4559, -0.5034, -3.0408)
(-1.6732, -0.1547, -2.8815)
(1.316, -1.1022, -3.6579)
(0.6465, -1.1899, -3.7938)
(-0.0212, -1.14, -3.8735)
(-0.6109, -0.8921, -3.8277)
(-1.0091, -0.5359, -3.5965)
(-1.3055, -0.1026, -3.5009)
(-1.5664, 0.2596, -3.4895)
(1.3939, -0.8839, -4.2123)
(0.7428, -0.8964, -4.2542)
(0.1641, -0.7505, -4.0957)
(-0.3845, -0.4481, -3.9634)
(-0.8576, -0.1734, -3.7878)
(-1.309, 0.2098, -3.9345)
(-1.6861, 0.5773, -4.1)
(1.4308, -0.541, -4.6651)
(0.8188, -0.4446, -4.5174)
(0.2714, -0.2922, -4.2228)
(-0.2832, -0.1345, -4.1811)
(-0.9402, -0.0734, -4.2044)
(-1.5319, 0.1809, -4.2823)
(-1.9286, 0.4506, -4.2505)
(1.3976, -0.1012, -5.0583)
(0.7955, 0.0445, -4.7957)
(0.1901, 0.1765, -4.544)
(-0.3996, 0.2111, -4.596)
(-1.0697, 0.1221, -4.6909)
(-1.699, 0.2167, -4.6114)
(-2.1141, 0.3832, -4.4001)
(1.3626, 0.3451, -5.4524)
(0.8077, 0.5096, -5.1392)
(0.1904, 0.5989, -4.9452)
(-0.4466, 0.5854, -5.0261)
(-1.1126, 0.5357, -5.1185)
(-1.7311, 0.638, -5.0139)
(-2.1661, 0.8044, -4.8404)
(1.3438, 0.7501, -5.7501)
(0.8519, 0.9396, -5.3841)
(0.2208, 0.9634, -5.291)
(-0.4408, 0.8868, -5.4216)
(-1.1212, 0.8856, -5.4785)
(-1.751, 0.9858, -5.3774)
(-2.1804, 1.1354, -5.2078)
(-1.6389, -2.9167, 2.8879)
(-2.0376, -3.0448, 2.749)
(-2.5867, -3.2972, 2.5113)
(-3.1683, -3.5649, 2.2381)
(-3.7477, -3.8378, 1.9577)
(-4.3223, -4.1101, 1.6684)
(-4.8811, -4.2908, 1.2958)
(-5.4284, -4.5671, 1.0019)
(-5.9579, -4.8412, 0.786)
(-6.6309, -4.4769, 1.0435)
(-5.0513, -3.5058, -0.395)
(-5.3289, -3.2699, -0.3255)
(-5.9393, -3.2143, -0.2047)
(-6.4707, -3.4388, 0.0535)
(-6.8227, -3.7786, 0.4974)
(-6.8805, -4.1696, 0.913)
(-1.725, 3.6912, -2.9832)
(-1.6261, 3.2936, -2.6229)
(-1.4376, 2.8045, -2.4132)
(-1.3736, 2.5347, -2.0318)
(-1.591, 2.6749, -1.6076)
(-1.6371, 2.7385, -1.0655)
(-1.5827, 2.6195, -0.5494)
(-1.7113, 2.3452, -0.1562)
(-1.732, 1.9867, 0.2943)
(-1.7094, 1.6328, 0.7846)
(-1.6886, 1.2854, 1.2812)
(-1.6591, 0.9305, 1.7731)
(-1.6237, 0.5707, 2.2619)
(-1.5724, 0.1915, 2.7315)
(-1.4625, -0.231, 3.1032)
(-1.3511, -0.5634, 3.3398)
(-1.7361, 3.9278, -3.3606)
(-2.2345, 3.5044, -3.5809)
(-2.6675, 3.0311, -3.8398)
(-3.0198, 2.5245, -4.139)
(-3.1543, 1.9881, -4.5099)
(-2.9157, 1.5629, -4.9122)
(-2.5152, 1.3231, -5.2185)
(-6.3008, -4.6274, 0.9813)
(-5.7864, -4.5835, 1.0272)
(-5.1772, -4.2933, 1.2528)
(-4.6762, -4.108, 1.6502)
(-4.152, -3.9375, 2.0206)
(-3.5801, -3.6452, 2.2767)
(-3.0057, -3.3575, 2.5422)
(-2.4279, -3.0583, 2.7883)
(-2.0361, -2.7961, 3.0)
(-2.3919, 1.0809, -4.897)
(-2.7958, 1.3178, -4.5686)
(-3.0566, 1.7381, -4.1615)
(-2.9562, 2.2728, -3.7833)
(-2.6374, 2.7942, -3.4712)
(-2.2279, 3.2793, -3.2033)
(-2.3132, 0.7026, -4.4716)
(-2.6568, 0.9887, -4.1259)
(-2.8806, 1.4423, -3.7324)
(-2.8154, 1.9605, -3.353)
(-2.5728, 2.4722, -3.0042)
(-2.1825, 2.9466, -2.7553)
(-2.199, 0.4421, -4.0921)
(-2.4413, 0.8012, -3.7378)
(-2.4923, 1.3242, -3.4122)
(-2.4633, 1.7274, -3.0275)
(-2.4119, 2.1018, -2.5754)
(-2.0437, 2.5154, -2.4009)
(-1.9109, 0.6706, -3.9832)
(-2.0987, 0.9795, -3.6001)
(-2.066, 1.4026, -3.1891)
(-2.0405, 1.5983, -2.7533)
(-2.1138, 1.7851, -2.2672)
(-1.8789, 2.1508, -2.0476)
(-1.7315, 0.5016, -3.5586)
(-1.8856, 0.8141, -3.1792)
(-1.8645, 1.1918, -2.7522)
(-1.7986, 1.5636, -2.3906)
(-1.7854, 1.8171, -1.957)
(-1.7797, 2.136, -1.6484)
(-1.6857, 0.1607, -2.9979)
(-1.8082, 0.5176, -2.6501)
(-1.7984, 0.945, -2.2766)
(-1.7514, 1.405, -1.9295)
(-1.604, 1.825, -1.5701)
(-1.5935, 2.209, -1.2272)
(-1.9233, -0.2481, -2.561)
(-2.0857, 0.1563, -2.2724)
(-2.0761, 0.6251, -1.9107)
(-1.8779, 1.0596, -1.5412)
(-1.659, 1.5241, -1.1693)
(-1.5889, 2.0453, -0.7922)
(-2.1662, -0.6598, -2.1269)
(-2.3056, -0.2318, -1.8542)
(-2.2534, 0.2429, -1.5019)
(-2.0734, 0.7077, -1.1337)
(-1.9765, 1.2454, -0.7816)
(-1.9312, 1.8304, -0.4451)
(-2.3883, -1.0669, -1.69)
(-2.4838, -0.6184, -1.4165)
(-2.4657, -0.0996, -1.0766)
(-2.3735, 0.4241, -0.726)
(-2.279, 0.9773, -0.3633)
(-2.1084, 1.5279, -0.0063)
(-2.6102, -1.4654, -1.2525)
(-2.6308, -0.998, -0.972)
(-2.5716, -0.4583, -0.6242)
(-2.4617, 0.0845, -0.2661)
(-2.3182, 0.6359, 0.1082)
(-2.0991, 1.1746, 0.4767)
(-2.8674, -1.8365, -0.8076)
(-2.7486, -1.3533, -0.5127)
(-2.561, -0.8227, -0.1602)
(-2.3743, -0.2788, 0.1997)
(-2.212, 0.2734, 0.5805)
(-2.0379, 0.8197, 0.9639)
(-5.107, -3.6398, -0.1829)
(-4.8185, -3.5292, 0.0723)
(-4.2064, -3.1506, -0.0951)
(-3.6529, -2.6682, -0.4029)
(-3.2448, -2.1154, -0.3566)
(-2.9474, -1.6124, -0.0205)
(-2.6458, -1.122, 0.3401)
(-2.3786, -0.5957, 0.6946)
(-2.151, -0.0668, 1.0674)
(-1.9837, 0.4706, 1.4559)
(-5.1341, -3.4818, -0.165)
(-4.9756, -3.4462, 0.0997)
(-4.5574, -3.0823, 0.0532)
(-4.0912, -2.6064, -0.0448)
(-3.6605, -2.1551, 0.1301)
(-3.2402, -1.7652, 0.4881)
(-2.8938, -1.3118, 0.8517)
(-2.5994, -0.8002, 1.2042)
(-2.2638, -0.3328, 1.5735)
(-1.9887, 0.1427, 1.9566)
(-5.6283, -3.3732, -0.1133)
(-5.4221, -3.3652, 0.1703)
(-4.9564, -2.9754, 0.3235)
(-4.5074, -2.5147, 0.3934)
(-4.0574, -2.1605, 0.6163)
(-3.5808, -1.8734, 0.9882)
(-3.2102, -1.4453, 1.3534)
(-2.876, -0.9698, 1.7131)
(-2.474, -0.5515, 2.0845)
(-2.0572, -0.16, 2.4501)
(-6.199, -3.3771, 0.083)
(-5.8892, -3.3094, 0.4206)
(-5.3938, -3.0022, 0.6626)
(-4.9269, -2.6296, 0.842)
(-4.4107, -2.2952, 1.1083)
(-3.9171, -2.0004, 1.473)
(-3.488, -1.6172, 1.846)
(-3.0422, -1.2342, 2.216)
(-2.5243, -0.8956, 2.5758)
(-1.9951, -0.5643, 2.8752)
(-6.6205, -3.5903, 0.4469)
(-6.3019, -3.4909, 0.7669)
(-5.7601, -3.2626, 1.0246)
(-5.1892, -2.9409, 1.2778)
(-4.6153, -2.6212, 1.578)
(-4.094, -2.3051, 1.9302)
(-3.5841, -1.9762, 2.2796)
(-3.0354, -1.6652, 2.6168)
(-2.437, -1.3841, 2.9433)
(-1.8499, -0.999, 3.1979)
(-6.7579, -3.9426, 0.8635)
(-6.3385, -3.8559, 1.1247)
(-5.768, -3.6499, 1.3764)
(-5.1664, -3.3816, 1.6697)
(-4.5807, -3.0911, 1.9679)
(-4.021, -2.7817, 2.2452)
(-3.4628, -2.4804, 2.5371)
(-2.8931, -2.1894, 2.8277)
(-2.379, -1.9449, 3.0871)
(-6.5696, -4.3667, 1.054)
(-6.0647, -4.2767, 1.1833)
(-5.4413, -4.0452, 1.4096)
(-4.8898, -3.8284, 1.776)
(-4.3753, -3.5887, 2.1178)
(-3.7988, -3.2826, 2.3431)
(-3.2223, -2.9856, 2.5899)
(-2.6532, -2.6934, 2.8481)
(-2.1946, -2.4516, 3.0883)
(-2.0966, -2.1188, 3.2105)
(-2.5167, -2.3243, 2.986)
(-3.0606, -2.5978, 2.719)
(-3.632, -2.8933, 2.4513)
(-4.203, -3.196, 2.197)
(-4.7684, -3.4955, 1.9407)
(-5.3175, -3.7353, 1.5799)
(-5.9278, -3.9776, 1.3087)
(-6.4769, -4.1368, 1.0879)
(-2.1383, -1.5464, 3.1769)
(-2.6943, -1.7857, 2.898)
(-3.2676, -2.0673, 2.5925)
(-3.8186, -2.3718, 2.2757)
(-4.3534, -2.6864, 1.9498)
(-4.9143, -2.9974, 1.6413)
(-5.5246, -3.3011, 1.3553)
(-6.1024, -3.5705, 1.095)
(-6.5939, -3.7129, 0.8249)
(-1.6722, -0.5891, 3.1369)
(-2.1919, -0.9653, 2.9339)
(-2.7801, -1.2749, 2.6111)
(-3.32, -1.5971, 2.2575)
(-3.7989, -1.9511, 1.8955)
(-4.2794, -2.2896, 1.5267)
(-4.8112, -2.5878, 1.1882)
(-5.3547, -2.9464, 0.9481)
(-5.8568, -3.2488, 0.7186)
(-6.335, -3.4459, 0.4272)
(-1.7935, -0.1826, 2.8185)
(-2.2828, -0.5262, 2.5141)
(-2.7594, -0.8876, 2.1556)
(-3.18, -1.2929, 1.785)
(-3.5493, -1.7327, 1.4186)
(-3.9919, -2.0804, 1.0438)
(-4.495, -2.346, 0.7151)
(-4.9451, -2.7606, 0.5552)
(-5.4139, -3.1483, 0.4009)
(-5.8441, -3.407, 0.1248)
(-1.8462, 0.2091, 2.3762)
(-2.1905, -0.2239, 2.0183)
(-2.5657, -0.6517, 1.6418)
(-2.9021, -1.1265, 1.2785)
(-3.2103, -1.6206, 0.9261)
(-3.629, -1.9932, 0.5512)
(-4.0879, -2.3272, 0.2349)
(-4.5129, -2.7931, 0.1546)
(-4.9835, -3.2362, 0.1771)
(-5.3015, -3.4839, 0.0066)
(-1.8507, 0.5483, 1.8812)
(-2.0669, 0.04, 1.512)
(-2.324, -0.4573, 1.1311)
(-2.6118, -0.9685, 0.772)
(-2.908, -1.4752, 0.4179)
(-3.2713, -1.9173, 0.0516)
(-3.6474, -2.4046, -0.2227)
(-4.1245, -2.8817, -0.1565)
(-4.6295, -3.3348, 0.072)
(-5.0329, -3.5628, -0.0013)
(-1.8799, 0.8967, 1.3852)
(-2.0896, 0.3723, 1.0163)
(-2.25, -0.1769, 0.6292)
(-2.4641, -0.7184, 0.2631)
(-2.7067, -1.2454, -0.0914)
(-2.9517, -1.7463, -0.4385)
(-3.1205, -2.2585, -0.7195)
(-1.9144, 1.2447, 0.8898)
(-2.1826, 0.7289, 0.5352)
(-2.3481, 0.1775, 0.1532)
(-2.4979, -0.3722, -0.2173)
(-2.6326, -0.9146, -0.5712)
(-2.7212, -1.4343, -0.9031)
(-2.7173, -1.8608, -1.1397)
(-1.9458, 1.5967, 0.3974)
(-2.2417, 1.0889, 0.0551)
(-2.3953, 0.5365, -0.3176)
(-2.4997, -0.0079, -0.6785)
(-2.5629, -0.5427, -1.0254)
(-2.5408, -1.056, -1.3483)
(-2.445, -1.459, -1.578)
(-1.935, 1.9496, -0.0801)
(-2.1145, 1.4073, -0.4071)
(-2.1839, 0.8342, -0.7546)
(-2.289, 0.3111, -1.1127)
(-2.404, -0.1746, -1.4666)
(-2.3477, -0.6627, -1.7857)
(-2.1985, -1.0431, -2.0135)
(-1.7163, 2.2283, -0.4639)
(-1.7635, 1.6551, -0.7942)
(-1.8622, 1.1124, -1.1579)
(-2.0749, 0.6526, -1.5242)
(-2.2285, 0.2054, -1.8981)
(-2.1413, -0.2655, -2.2226)
(-1.9514, -0.62, -2.4548)
(-1.6004, 2.4082, -0.8636)
(-1.5198, 1.9169, -1.1813)
(-1.7141, 1.4737, -1.5517)
(-1.865, 1.0191, -1.9072)
(-1.9478, 0.5742, -2.2718)
(-1.8641, 0.1318, -2.6198)
(-1.6933, -0.1843, -2.9058)
(-1.7255, 2.4503, -1.375)
(-1.6379, 1.9876, -1.5718)
(-1.7296, 1.7181, -1.9835)
(-1.7605, 1.2749, -2.3218)
(-1.8248, 0.8748, -2.7007)
(-1.7576, 0.4844, -3.097)
(-1.5866, 0.2245, -3.4364)
(-1.6776, 2.3364, -1.8447)
(-1.9224, 1.9109, -1.9239)
(-1.9194, 1.6684, -2.369)
(-1.896, 1.4753, -2.7887)
(-1.9894, 1.1394, -3.2099)
(-1.9099, 0.7615, -3.6334)
(-1.6794, 0.5472, -3.9783)
(-1.6624, 2.453, -2.2401)
(-2.1781, 2.1282, -2.2691)
(-2.2798, 1.7314, -2.6348)
(-2.2237, 1.5624, -3.1316)
(-2.2973, 1.1267, -3.4753)
(-2.1824, 0.6935, -3.8691)
(-1.9213, 0.4346, -4.1898)
(-1.8405, 2.9027, -2.5333)
(-2.3544, 2.5359, -2.6437)
(-2.6039, 2.0457, -2.9586)
(-2.6977, 1.6098, -3.3831)
(-2.6724, 1.0772, -3.7109)
(-2.4227, 0.6633, -4.0923)
(-2.129, 0.388, -4.3862)
(-1.9668, 3.3357, -2.8691)
(-2.4298, 2.8954, -3.104)
(-2.771, 2.38, -3.3981)
(-2.9893, 1.8505, -3.75)
(-2.8999, 1.3461, -4.1527)
(-2.531, 1.0141, -4.5415)
(-2.1812, 0.8083, -4.8265)
(-1.9961, 3.6209, -3.2814)
(-2.4512, 3.1651, -3.5311)
(-2.8375, 2.6669, -3.8101)
(-3.0898, 2.1388, -4.1499)
(-3.0305, 1.6317, -4.5495)
(-2.644, 1.3155, -4.9275)
(-2.2714, 1.1307, -5.1842)
(-1.9669, -2.5349, 3.1528)
(-2.29, -2.7536, 2.9417)
(-2.8216, -3.0361, 2.6971)
(-3.3979, -3.3314, 2.4465)
(-3.9754, -3.6262, 2.2021)
(-4.5309, -3.9048, 1.9403)
(-5.0165, -4.0625, 1.5099)
(-5.6035, -4.322, 1.2173)
(-6.208, -4.5131, 1.0567)
(-1.6045, 0.4228, -3.8065)
(-1.7611, 0.7017, -4.2718)
(-2.1929, 1.0249, -5.0492)
(-5.1222, -3.5839, 0.038)
(-4.4511, -3.3881, 0.0514)
(-3.342, -2.4666, -0.5347)
(-2.8468, -2.0648, -0.9288)
(-3.9106, -2.8845, -0.2854)
(-2.0675, -0.8344, -2.2272)
(-1.8179, -0.4003, -2.6678)
(-6.1221, -4.7196, 0.9387)
(-2.0888, 0.1835, -4.1685)
(-5.4692, -4.4645, 1.1286)
(-4.9309, -4.1379, 1.4088)
(-4.4318, -4.0968, 1.889)
(-3.8596, -3.7866, 2.1315)
(-2.5605, -1.6694, -1.3642)
(-3.2844, -3.5071, 2.4087)
(-2.7077, -3.2134, 2.6657)
(-1.5486, 0.0613, -3.1195)
(-2.1284, -2.9108, 2.903)
(-2.1544, 0.5877, -4.6177)
(-2.3111, -1.2573, -1.7946)
(1.9667, 0.9216, -5.7034)
(1.9244, 1.3395, -5.2081)
(2.1406, 1.6264, -4.8035)
(2.5601, 1.9719, -4.475)
(2.6671, 2.5394, -4.183)
(2.5401, 3.1654, -3.9519)
(2.0755, 0.5803, -5.3427)
(2.0083, 0.9743, -4.8891)
(2.3901, 3.6698, -3.725)
(2.0289, 1.321, -4.4734)
(2.2715, 1.7848, -4.1419)
(2.4, 2.3758, -3.8496)
(2.389, 2.9771, -3.5521)
(2.3579, 3.4503, -3.2885)
(2.1766, 0.1976, -4.8937)
(2.17, 0.6216, -4.4746)
(2.0506, 1.0665, -4.0336)
(2.1283, 1.6093, -3.7089)
(2.2786, 2.2033, -3.4507)
(2.2909, 2.7561, -3.0936)
(2.362, 3.1514, -2.7976)
(2.2539, -0.1677, -4.4255)
(2.4306, 0.3205, -4.0658)
(2.3869, 0.8519, -3.643)
(2.4117, 1.3995, -3.2766)
(2.4134, 1.9563, -3.0769)
(2.2802, 2.4768, -2.9183)
(2.2711, 2.8954, -2.7372)
(2.2763, -0.4846, -3.9224)
(2.623, -0.004, -3.6367)
(2.702, 0.5593, -3.2753)
(2.6741, 1.1102, -2.8758)
(2.4542, 1.6151, -2.6955)
(2.2125, 2.1462, -2.7199)
(2.1375, 2.6175, -2.6661)
(2.2402, -0.7498, -3.3803)
(2.6766, -0.3147, -3.1293)
(2.7781, 0.2276, -2.7996)
(2.6572, 0.7729, -2.4257)
(2.5064, 1.303, -2.2369)
(2.2897, 1.8351, -2.1893)
(2.0665, 2.245, -2.0985)
(2.1844, -0.9795, -2.8217)
(2.6761, -0.5844, -2.5922)
(2.8526, -0.0508, -2.309)
(2.7741, 0.519, -2.0034)
(2.676, 1.0755, -1.794)
(2.4524, 1.5867, -1.6379)
(2.1444, 1.9856, -1.4759)
(2.1037, -1.1768, -2.2515)
(2.6265, -0.8017, -2.0322)
(2.9273, -0.2686, -1.7813)
(2.9799, 0.329, -1.5219)
(2.8423, 0.8833, -1.2794)
(2.6008, 1.4062, -1.0567)
(2.3792, 1.8524, -0.8735)
(2.0087, -1.3605, -1.6782)
(2.5472, -0.9946, -1.4627)
(2.8836, -0.4797, -1.2183)
(2.9646, 0.1176, -0.9598)
(2.8889, 0.6923, -0.7096)
(2.7455, 1.2501, -0.4733)
(2.5973, 1.7236, -0.2797)
(1.9277, -1.565, -1.1128)
(2.4895, -1.1994, -0.8969)
(2.8805, -0.7037, -0.6616)
(2.9927, -0.096, -0.4041)
(2.9578, 0.5114, -0.1461)
(2.8909, 1.1057, 0.102)
(2.8065, 1.6061, 0.309)
(1.8799, -1.8099, -0.5664)
(2.4657, -1.4317, -0.3399)
(2.9376, -0.9459, -0.1079)
(3.1289, -0.3177, 0.1401)
(3.1195, 0.3408, 0.3986)
(3.0697, 0.9761, 0.6615)
(3.0119, 1.509, 0.8959)
(1.7599, -1.9535, -0.0194)
(2.3478, -1.5731, 0.2158)
(2.8799, -1.1222, 0.453)
(3.1831, -0.5198, 0.6929)
(3.2502, 0.1643, 0.9418)
(3.2435, 0.8343, 1.2085)
(3.2307, 1.454, 1.4907)
(1.5496, -1.9785, 0.5444)
(2.1199, -1.6048, 0.7744)
(2.6551, -1.1817, 1.0073)
(3.0411, -0.6375, 1.2488)
(3.2584, -0.0022, 1.4943)
(3.403, 0.6537, 1.7334)
(3.5256, 1.3204, 1.9889)
(3.7216, 1.8832, 2.349)
(1.338, -2.0107, 1.117)
(1.8884, -1.6344, 1.3331)
(2.378, -1.1886, 1.541)
(2.7486, -0.6446, 1.754)
(3.9511, 2.2497, 2.8287)
(3.0402, -0.0494, 1.9773)
(3.3046, 0.5632, 2.1968)
(4.1884, 2.496, 3.3817)
(3.5473, 1.1873, 2.4112)
(4.4291, 2.7551, 3.7619)
(3.7925, 1.7943, 2.6426)
(1.1322, -2.0486, 1.6957)
(1.6754, -1.6794, 1.909)
(2.191, -1.2515, 2.0942)
(4.0083, 2.2636, 2.8745)
(2.629, -0.7302, 2.2439)
(2.988, -0.155, 2.3901)
(4.1768, 2.6347, 3.2128)
(3.3158, 0.4335, 2.5566)
(3.6221, 1.0329, 2.7323)
(4.3376, 3.016, 3.5503)
(0.9682, -2.0809, 2.1731)
(3.9201, 1.6301, 2.9178)
(1.4815, -1.71, 2.4568)
(4.2091, 2.1605, 3.0665)
(2.0299, -1.2847, 2.6732)
(2.5974, -0.8063, 2.7857)
(3.0985, -0.2979, 2.8864)
(4.4668, 2.6547, 3.2134)
(3.5388, 0.2389, 2.9927)
(4.6376, 3.126, 3.3633)
(3.9247, 0.8129, 3.0976)
(4.2469, 1.4203, 3.2257)
(4.4808, 2.0131, 3.447)
(1.9204, -1.1636, 3.2454)
(2.4571, -0.7394, 3.355)
(3.0029, -0.2778, 3.4667)
(4.7591, 2.5603, 3.6331)
(3.5163, 0.2038, 3.5723)
(5.0565, 3.0213, 3.6463)
(3.989, 0.7226, 3.6674)
(4.3876, 1.3148, 3.7783)
(4.7433, 1.9011, 3.9254)
(1.8297, -0.9655, 3.7716)
(2.2784, -0.5921, 3.8801)
(2.807, -0.1442, 4.0012)
(5.1034, 2.4266, 4.0511)
(3.335, 0.3163, 4.1154)
(5.4233, 2.8658, 4.0697)
(3.8598, 0.788, 4.2289)
(4.3648, 1.3238, 4.3405)
(1.6493, -0.7517, 4.1387)
(2.0384, -0.384, 4.255)
(4.8637, 1.8421, 4.4415)
(2.5627, 0.0512, 4.3861)
(3.0918, 0.494, 4.5095)
(5.3349, 2.2863, 4.5109)
(3.6273, 0.9293, 4.644)
(5.6895, 2.6863, 4.5324)
(4.1585, 1.3969, 4.7613)
(4.6995, 1.8569, 4.8552)
(5.2328, 2.2641, 4.9528)
(5.6412, 2.5703, 4.9578)
(5.2995, 2.7551, 5.4341)
(4.7695, 2.6642, 3.8335)
(4.7711, 2.9955, 3.8817)
(4.6619, 3.3807, 4.1323)
(4.6297, 3.5758, 4.6971)
(4.721, 3.491, 5.28)
(5.0187, 3.1332, 5.5077)
(0.993, -0.1353, 4.3538)
(1.4396, 0.2359, 4.4602)
(1.9665, 0.6634, 4.6028)
(2.4979, 1.0903, 4.7352)
(3.0331, 1.5166, 4.8335)
(3.5828, 1.9005, 5.0001)
(4.0999, 2.2856, 5.1914)
(4.6057, 2.7366, 5.357)
(0.5825, 0.2185, 4.1795)
(1.0906, 0.6573, 4.2975)
(1.6383, 1.0921, 4.4085)
(2.1869, 1.5089, 4.5042)
(2.7144, 1.9433, 4.6125)
(3.2753, 2.3374, 4.7991)
(3.8113, 2.6893, 5.0003)
(4.3082, 3.0905, 5.1689)
(-0.8423, -0.0865, 3.4254)
(-0.2686, 0.1953, 3.6281)
(0.3052, 0.5691, 3.7892)
(0.8798, 1.0107, 3.8883)
(1.4569, 1.4056, 3.9607)
(2.0316, 1.7764, 4.0209)
(2.5783, 2.1627, 4.1161)
(3.128, 2.5346, 4.2718)
(3.6892, 2.8741, 4.4575)
(4.2138, 3.2027, 4.614)
(-0.9238, 0.2373, 3.0663)
(-0.3375, 0.5266, 3.1587)
(0.2299, 0.8989, 3.2651)
(0.8329, 1.2412, 3.3371)
(1.4535, 1.5234, 3.3894)
(2.0582, 1.8268, 3.4345)
(2.6483, 2.15, 3.5114)
(3.1903, 2.5006, 3.6394)
(3.7322, 2.8151, 3.8762)
(4.2672, 3.0369, 4.0934)
(-0.9899, 0.5836, 2.5816)
(-0.3665, 0.7926, 2.6044)
(0.2295, 1.1185, 2.6897)
(0.8663, 1.3618, 2.747)
(1.5298, 1.5269, 2.7932)
(2.1659, 1.7599, 2.8383)
(2.783, 2.041, 2.9099)
(3.3405, 2.3508, 3.059)
(3.8572, 2.5442, 3.418)
(4.3772, 2.6753, 3.7905)
(-1.045, 0.9302, 2.0876)
(-0.388, 1.0312, 2.0559)
(0.2526, 1.2559, 2.1013)
(0.9134, 1.4269, 2.1488)
(1.5939, 1.5334, 2.1908)
(2.2562, 1.705, 2.2381)
(2.915, 1.8961, 2.306)
(3.48, 2.1032, 2.5662)
(3.9574, 2.2802, 3.0617)
(4.4219, 2.4384, 3.5673)
(-1.0881, 1.3179, 1.6261)
(-0.4103, 1.3513, 1.5639)
(0.2649, 1.4328, 1.5358)
(0.9434, 1.5326, 1.5591)
(1.6232, 1.6163, 1.5994)
(2.2895, 1.7279, 1.6409)
(2.9145, 1.7906, 1.6711)
(-1.1188, 1.7244, 1.1829)
(-0.4436, 1.7872, 1.154)
(0.2436, 1.797, 1.0843)
(0.927, 1.842, 1.0755)
(1.5924, 1.8993, 1.1019)
(2.238, 1.9131, 1.0981)
(2.7683, 1.8264, 1.0503)
(-1.145, 2.1104, 0.7208)
(-0.4803, 2.2427, 0.7578)
(0.2076, 2.2774, 0.717)
(0.8817, 2.3041, 0.6929)
(1.5249, 2.3013, 0.6731)
(2.1245, 2.1765, 0.5884)
(2.5891, 1.9494, 0.4636)
(-1.1786, 2.4892, 0.2504)
(-0.518, 2.6566, 0.3171)
(0.169, 2.7224, 0.3087)
(0.836, 2.7343, 0.2756)
(1.4455, 2.6373, 0.1961)
(1.9794, 2.3796, 0.0469)
(2.3836, 2.0731, -0.1184)
(-1.2208, 2.8735, -0.2095)
(-0.5585, 3.0311, -0.1595)
(0.1303, 3.0907, -0.1686)
(0.7909, 3.0639, -0.2173)
(1.3268, 2.8414, -0.3337)
(1.7934, 2.5013, -0.5159)
(2.1724, 2.194, -0.709)
(-1.2498, 3.1484, -0.7241)
(-0.5995, 3.302, -0.69)
(0.0805, 3.2789, -0.7124)
(0.6801, 3.0942, -0.7057)
(1.125, 2.7828, -0.8222)
(1.5734, 2.505, -1.0738)
(1.9492, 2.2689, -1.302)
(-1.2241, 3.2219, -1.3009)
(-0.6311, 3.3685, -1.2617)
(0.0186, 3.2033, -1.2726)
(0.5912, 2.9194, -1.1921)
(1.0447, 2.7591, -1.2971)
(1.511, 2.6854, -1.6252)
(1.8803, 2.5042, -1.8992)
(-1.0056, 3.0711, -1.7627)
(-0.4873, 3.3687, -1.7145)
(0.0913, 3.2873, -1.7133)
(0.6642, 3.0557, -1.6174)
(1.1517, 3.0736, -1.7244)
(1.6061, 3.0881, -2.0793)
(1.9642, 2.9095, -2.3972)
(-0.8043, 2.9833, -2.2043)
(-0.2498, 3.3547, -2.1372)
(0.2554, 3.5642, -2.0126)
(0.7783, 3.5346, -1.8347)
(1.3401, 3.5188, -1.8764)
(1.8594, 3.4359, -2.1577)
(2.2252, 3.1988, -2.4697)
(-0.9001, 3.2959, -2.538)
(-0.2712, 3.5484, -2.5251)
(0.2868, 3.8207, -2.3508)
(0.8514, 3.9632, -2.122)
(1.4993, 3.9597, -2.0586)
(2.0716, 3.7986, -2.26)
(2.4137, 3.4842, -2.5709)
(-1.0901, 3.8093, -2.7055)
(-0.4619, 4.0541, -2.6571)
(0.1809, 4.2505, -2.5461)
(0.8319, 4.3768, -2.4228)
(1.4829, 4.3886, -2.434)
(2.0026, 4.1697, -2.6952)
(2.2972, 3.822, -3.0388)
(-1.1567, 4.1467, -2.9974)
(-0.5219, 4.3257, -2.8326)
(0.1254, 4.4047, -2.6489)
(0.7732, 4.5031, -2.603)
(1.4005, 4.6056, -2.7733)
(1.8971, 4.4546, -3.091)
(2.2039, 4.1151, -3.4297)
(1.3359, -0.4493, 4.3519)
(1.7705, -0.1305, 4.4373)
(2.2935, 0.2932, 4.5804)
(2.8191, 0.7227, 4.7156)
(3.3499, 1.1429, 4.8276)
(3.8739, 1.5505, 4.9446)
(4.3917, 1.967, 5.062)
(4.935, 2.4058, 5.2132)
(1.6268, 0.7046, -5.862)
(1.0986, 0.8482, -5.5618)
(0.552, 0.9757, -5.2944)
(-0.1097, 0.9249, -5.3481)
(-0.7794, 0.8722, -5.47)
(-1.4549, 0.9255, -5.4433)
(1.6678, 0.3264, -5.5214)
(1.0825, 0.4216, -5.3063)
(-1.9861, 1.0587, -5.2961)
(0.5069, 0.5695, -5.0084)
(-0.1261, 0.6038, -4.9628)
(-0.7773, 0.5511, -5.0904)
(-1.4399, 0.5697, -5.0863)
(-1.9652, 0.7181, -4.9285)
(1.7151, -0.0915, -5.09)
(1.0929, -0.042, -4.9489)
(0.4914, 0.1194, -4.6422)
(-0.1003, 0.2135, -4.5409)
(-0.7267, 0.162, -4.6575)
(-1.4057, 0.1456, -4.6733)
(-1.9251, 0.3032, -4.5174)
(1.7453, -0.4901, -4.6404)
(1.1178, -0.5134, -4.6247)
(0.5389, -0.3718, -4.3581)
(0.0043, -0.2022, -4.1766)
(-0.6053, -0.1111, -4.187)
(-1.258, 0.0347, -4.2468)
(-1.7469, 0.3207, -4.2789)
(1.7133, -0.7983, -4.1365)
(1.0638, -0.9127, -4.2595)
(0.4467, -0.846, -4.1836)
(-0.1169, -0.6047, -4.0341)
(-0.6272, -0.3151, -3.8552)
(-1.0886, 0.0106, -3.8338)
(-1.5062, 0.3942, -4.02)
(1.6406, -1.0168, -3.5762)
(0.9834, -1.16, -3.7311)
(0.3094, -1.1879, -3.8429)
(-0.3353, -1.0359, -3.8766)
(-0.8311, -0.7266, -3.7154)
(-1.1637, -0.3186, -3.5282)
(-1.4402, 0.0863, -3.4915)
(1.5693, -1.2216, -3.0089)
(0.917, -1.3757, -3.1717)
(0.2536, -1.462, -3.318)
(-0.3946, -1.4148, -3.41)
(-0.9683, -1.1766, -3.3757)
(-1.3408, -0.7408, -3.167)
(-1.5659, -0.3138, -2.951)
(1.4888, -1.4237, -2.441)
(0.8477, -1.6088, -2.6174)
(0.1954, -1.7322, -2.7797)
(-0.4467, -1.716, -2.8766)
(-1.027, -1.5158, -2.8489)
(-1.465, -1.1424, -2.677)
(-1.7844, -0.7638, -2.4975)
(1.4056, -1.6374, -1.8782)
(0.7847, -1.8729, -2.0757)
(0.143, -2.0282, -2.2523)
(-0.4997, -2.0107, -2.3432)
(-1.091, -1.8152, -2.3134)
(-1.603, -1.4962, -2.1867)
(-2.0086, -1.1791, -2.0559)
(1.3384, -1.8893, -1.3319)
(0.7385, -2.1878, -1.5603)
(0.0969, -2.3713, -1.7533)
(-0.5637, -2.3269, -1.8303)
(-1.1831, -2.1167, -1.7965)
(-1.7613, -1.843, -1.7107)
(-2.2347, -1.5804, -1.6201)
(1.2906, -2.1699, -0.8022)
(0.6949, -2.5202, -1.0525)
(0.0458, -2.7531, -1.2719)
(-0.648, -2.7105, -1.3679)
(-1.313, -2.4781, -1.3437)
(-1.945, -2.2126, -1.274)
(-2.475, -1.9752, -1.1942)
(1.1719, -2.3228, -0.257)
(0.5798, -2.6897, -0.5027)
(-0.0484, -2.996, -0.7387)
(-0.7431, -3.0484, -0.8847)
(-1.4481, -2.8532, -0.9072)
(-2.1241, -2.6021, -0.8652)
(-2.761, -2.3761, -0.7929)
(0.9764, -2.3434, 0.3135)
(0.4039, -2.703, 0.0793)
(-0.1846, -3.0329, -0.1527)
(-0.839, -3.1473, -0.3203)
(-1.5387, -3.0508, -0.3874)
(-2.2313, -2.9349, -0.416)
(-2.9168, -2.8346, -0.4798)
(-3.5814, -2.8942, -0.4793)
(0.7767, -2.3687, 0.8918)
(0.2198, -2.7249, 0.6608)
(-0.3394, -3.0651, 0.4286)
(-0.9401, -3.2624, 0.2139)
(-4.18, -3.1138, -0.2877)
(-1.5867, -3.3228, 0.0346)
(-2.2498, -3.3569, -0.1318)
(-4.7563, -3.3016, -0.0336)
(-2.9026, -3.3758, -0.3522)
(-5.2011, -3.2873, 0.0748)
(-3.5578, -3.3887, -0.5503)
(0.5733, -2.401, 1.4725)
(0.0147, -2.7425, 1.2476)
(-0.5473, -3.0861, 1.0003)
(-4.2107, -3.3601, -0.531)
(-1.125, -3.3959, 0.7209)
(-1.7218, -3.6234, 0.4333)
(-4.8066, -3.3053, -0.2976)
(-2.3375, -3.7718, 0.1494)
(-2.9658, -3.8626, -0.1345)
(-5.3047, -3.2243, -0.1278)
(0.4117, -2.4373, 1.9504)
(-3.6049, -3.9177, -0.3957)
(-0.1798, -2.7592, 1.8009)
(-4.2643, -3.8818, -0.5328)
(-0.7996, -3.049, 1.574)
(-1.4071, -3.3428, 1.2526)
(-1.9955, -3.6289, 0.9488)
(-4.9118, -3.7243, -0.49)
(-2.5828, -3.8775, 0.6503)
(-5.4438, -3.5489, -0.4004)
(-3.1828, -4.0616, 0.3395)
(-3.7993, -4.1759, 0.0269)
(-4.4143, -4.277, -0.223)
(-1.1383, -3.0839, 2.0721)
(-1.7108, -3.3097, 1.7653)
(-2.3064, -3.5634, 1.4587)
(-5.0425, -4.2604, -0.3282)
(-2.8889, -3.8319, 1.1666)
(-5.5929, -4.1212, -0.3278)
(-3.473, -4.0808, 0.8673)
(-4.0852, -4.2447, 0.5496)
(-4.6743, -4.4316, 0.2378)
(-1.5251, -3.0911, 2.5016)
(-2.0266, -3.2886, 2.258)
(-2.615, -3.5246, 1.9685)
(-5.2397, -4.6247, 0.0144)
(-3.1991, -3.7802, 1.6774)
(-5.7534, -4.6548, -0.1171)
(-3.7773, -4.0566, 1.3868)
(-4.3772, -4.283, 1.0652)
(-1.8252, -2.9693, 2.8274)
(-2.2996, -3.162, 2.6389)
(-4.9571, -4.4943, 0.7351)
(-2.8776, -3.4317, 2.3765)
(-3.4584, -3.699, 2.0973)
(-5.4921, -4.7804, 0.4783)
(-4.0359, -3.9817, 1.8204)
(-5.9614, -4.9708, 0.2764)
(-4.6041, -4.2004, 1.4836)
(-5.1539, -4.4197, 1.1365)
(-5.708, -4.7115, 0.8887)
(-6.1358, -4.9471, 0.685)
(-6.4346, -4.5126, 1.0389)
(-5.0724, -3.5583, -0.1792)
(-5.3399, -3.4185, -0.1487)
(-5.924, -3.3531, -0.0376)
(-6.4369, -3.4606, 0.2471)
(-6.7327, -3.7502, 0.6665)
(-6.6912, -4.1635, 0.9964)
(-2.295, -2.2153, 3.1024)
(-2.7773, -2.4543, 2.8558)
(-3.3467, -2.7448, 2.584)
(-3.9172, -3.0431, 2.3208)
(-4.4889, -3.3512, 2.0792)
(-5.0388, -3.6187, 1.7622)
(-5.6194, -3.8591, 1.4319)
(-6.2194, -4.0736, 1.1934)
(-2.4173, -1.6621, 3.0377)
(-2.9801, -1.9218, 2.7486)
(-3.547, -2.2177, 2.4353)
(-4.0858, -2.5287, 2.1124)
(-4.6271, -2.8428, 1.7927)
(-5.2183, -3.1502, 1.495)
(-5.8186, -3.4469, 1.2231)
(-6.3734, -3.6569, 0.9654)
(-1.4055, -0.4073, 3.2326)
(-1.9296, -0.7798, 3.0432)
(-2.4866, -1.1241, 2.7809)
(-3.0587, -1.4315, 2.4359)
(-3.564, -1.7721, 2.0775)
(-4.0346, -2.1268, 1.7111)
(-4.5394, -2.4357, 1.3476)
(-5.0876, -2.7649, 1.0593)
(-5.6041, -3.1078, 0.8377)
(-6.1221, -3.3692, 0.5837)
(-1.522, -0.0233, 2.9347)
(-2.043, -0.3518, 2.6761)
(-2.5239, -0.7035, 2.3386)
(-2.9794, -1.083, 1.97)
(-3.3633, -1.5157, 1.6021)
(-3.758, -1.9242, 1.2317)
(-4.2448, -2.2053, 0.863)
(-4.7245, -2.5421, 0.6201)
(-5.1731, -2.9613, 0.4895)
(-5.6575, -3.3197, 0.2758)
(-1.6038, 0.3877, 2.5032)
(-2.028, -0.0026, 2.2073)
(-2.3742, -0.437, 1.8286)
(-2.7428, -0.8812, 1.458)
(-3.0496, -1.3812, 1.1036)
(-3.4063, -1.8225, 0.7402)
(-3.8618, -2.1502, 0.3722)
(-4.298, -2.5497, 0.1661)
(-4.7501, -3.0256, 0.1744)
(-5.1774, -3.4085, 0.1203)
(-1.6417, 0.751, 2.0178)
(-1.9744, 0.3011, 1.7054)
(-2.1847, -0.2109, 1.319)
(-2.4684, -0.7098, 0.9492)
(-2.7539, -1.2286, 0.5965)
(-3.0849, -1.6985, 0.2335)
(-3.4539, -2.1537, -0.1128)
(-3.8764, -2.6444, -0.2282)
(-4.3787, -3.1215, -0.0328)
(-4.8652, -3.4842, 0.0818)
(-1.675, 1.109, 1.5278)
(-2.0071, 0.6442, 1.2089)
(-2.1652, 0.0971, 0.8211)
(-2.3512, -0.4489, 0.4434)
(-2.5826, -0.985, 0.0861)
(-2.8346, -1.4976, -0.2703)
(-3.0447, -1.9982, -0.5853)
(-1.6994, 1.4595, 1.0331)
(-2.0702, 0.9964, 0.7201)
(-2.2708, 0.4542, 0.3444)
(-2.4237, -0.0983, -0.0345)
(-2.5683, -0.6438, -0.3951)
(-2.6867, -1.1831, -0.7456)
(-2.7287, -1.6563, -1.0307)
(-1.7205, 1.8076, 0.5375)
(-2.1174, 1.3536, 0.2339)
(-2.3296, 0.8139, -0.1309)
(-2.4512, 0.2623, -0.5004)
(-2.5393, -0.2753, -0.8528)
(-2.5633, -0.8091, -1.1954)
(-2.4985, -1.2679, -1.4719)
(-1.7378, 2.1699, 0.0592)
(-2.0528, 1.6903, -0.2384)
(-2.1511, 1.1179, -0.5794)
(-2.2287, 0.565, -0.933)
(-2.3585, 0.0686, -1.2911)
(-2.3965, -0.4259, -1.6355)
(-2.2778, -0.8639, -1.908)
(-1.6393, 2.4984, -0.348)
(-1.7464, 1.9427, -0.6178)
(-1.7976, 1.3748, -0.9758)
(-1.9613, 0.8746, -1.3398)
(-2.1753, 0.4337, -1.7126)
(-2.2101, -0.0369, -2.0712)
(-2.0507, -0.4549, -2.3467)
(-1.5963, 2.7004, -0.7921)
(-1.5445, 2.1484, -1.0019)
(-1.5961, 1.6954, -1.368)
(-1.8016, 1.2463, -1.7299)
(-1.9207, 0.7978, -2.0886)
(-1.9246, 0.3439, -2.4517)
(-1.7847, -0.0392, -2.7693)
(-1.6452, 2.7319, -1.347)
(-1.6886, 2.1906, -1.4422)
(-1.6696, 1.8548, -1.7704)
(-1.7504, 1.5098, -2.1596)
(-1.7957, 1.0685, -2.503)
(-1.8103, 0.6716, -2.9031)
(-1.6805, 0.34, -3.2725)
(-1.4733, 2.5802, -1.8277)
(-1.8326, 2.1057, -1.8519)
(-1.9415, 1.77, -2.1201)
(-1.8929, 1.5811, -2.5888)
(-1.9449, 1.325, -2.9946)
(-1.9766, 0.94, -3.429)
(-1.8058, 0.6336, -3.8103)
(-1.3693, 2.6178, -2.2401)
(-1.9541, 2.3017, -2.2299)
(-2.2765, 1.9123, -2.4117)
(-2.2423, 1.6475, -2.8934)
(-2.261, 1.3743, -3.3111)
(-2.2691, 0.8896, -3.6701)
(-2.0601, 0.5497, -4.0392)
(-1.5341, 3.0446, -2.5199)
(-2.1238, 2.738, -2.5683)
(-2.5089, 2.2919, -2.7757)
(-2.6631, 1.8307, -3.1753)
(-2.7093, 1.3467, -3.5503)
(-2.5673, 0.8465, -3.9006)
(-2.2734, 0.5203, -4.2527)
(-1.6901, 3.514, -2.786)
(-2.2145, 3.1285, -2.9772)
(-2.6128, 2.6426, -3.2443)
(-2.9062, 2.1163, -3.5666)
(-2.9894, 1.5851, -3.9473)
(-2.7305, 1.1577, -4.3569)
(-2.349, 0.902, -4.6931)
(-1.7366, 3.8225, -3.1755)
(-2.233, 3.4002, -3.4016)
(-2.6542, 2.9202, -3.6656)
(-2.9909, 2.4063, -3.971)
(-3.1083, 1.8705, -4.3457)
(-2.8568, 1.4494, -4.7495)
(-2.4489, 1.2139, -5.0691)
(-2.1097, -2.6392, 3.0505)
(-2.5389, -2.8892, 2.822)
(-3.1096, -3.1841, 2.5716)
(-3.6865, -3.4776, 2.3217)
(-4.2618, -3.7769, 2.087)
(-4.7713, -3.9846, 1.7287)
(-5.2974, -4.1847, 1.3435)
(-5.9194, -4.4398, 1.1206)
