(0.4576, -0.4874, -6.0201)
(0.8338, -0.1671, -5.6508)
(1.4247, -0.2155, -5.5181)
(1.9913, 1.5497207641601562e-06, -5.3716)
(2.3019, 0.5746, -5.2936)
(0.4812, -0.7786, -5.6962)
(0.7554, -0.4107, -5.3108)
(2.5527, 1.1679, -5.1764)
(1.3016, -0.3115, -5.1317)
(2.7078, 1.5331, -5.0157)
(1.8515, -0.0027, -4.9829)
(2.2699, 0.522, -4.8948)
(2.5345, 1.0892, -4.7556)
(2.7489, 1.5396, -4.6749)
(0.52, -1.1342, -5.2604)
(0.6981, -0.7, -4.8808)
(1.1214, -0.3303, -4.6593)
(1.6023, 0.0778, -4.5467)
(2.0996, 0.5381, -4.4366)
(2.4597, 0.9997, -4.2231)
(2.8506, 1.2408, -4.146)
(0.5898, -1.4737, -4.7849)
(0.9032, -1.0073, -4.4665)
(1.273, -0.5213, -4.19)
(1.731, -0.0955, -4.1013)
(2.1553, 0.3698, -4.0148)
(2.4144, 0.8261, -3.8006)
(2.9093, 0.9106, -3.6352)
(0.6638, -1.8057, -4.3134)
(1.1509, -1.4, -4.1352)
(1.5519, -0.9032, -3.884)
(1.9129, -0.4202, -3.7074)
(2.0071, 0.1399, -3.7335)
(2.1981, 0.6262, -3.7854)
(2.3614, 1.0655, -3.8784)
(0.6899, -2.0386, -3.769)
(1.2604, -1.7235, -3.6636)
(1.6544, -1.2258, -3.4322)
(1.9323, -0.6905, -3.2182)
(1.9757, -0.1104, -3.2321)
(2.1306, 0.4272, -3.3079)
(2.242, 0.7437, -3.3153)
(0.703, -2.2086, -3.1904)
(1.2935, -1.9602, -3.1185)
(1.6291, -1.4451, -2.9158)
(1.9048, -0.8978, -2.7401)
(2.1426, -0.3846, -2.7548)
(2.1824, 0.1772, -2.6783)
(2.0867, 0.6102, -2.552)
(0.7172, -2.3165, -2.5947)
(1.3553, -2.1404, -2.5617)
(1.823, -1.6986, -2.4658)
(2.1427, -1.1633, -2.3445)
(2.3195, -0.5991, -2.2336)
(2.4059, -0.0294, -2.1058)
(2.4685, 0.4207, -2.0009)
(0.7275, -2.3774, -1.9898)
(1.3857, -2.2396, -1.971)
(1.9156, -1.8472, -1.9075)
(2.2755, -1.3305, -1.803)
(2.4947, -0.765, -1.6721)
(2.668, -0.2087, -1.5511)
(2.7883, 0.2283, -1.4559)
(0.738, -2.4319, -1.3846)
(1.409, -2.3337, -1.3746)
(1.9531, -1.96, -1.3176)
(2.3415, -1.4459, -1.2184)
(2.6569, -0.9051, -1.1061)
(2.9235, -0.3721, -1.0014)
(3.1064, 0.0499, -0.9142)
(0.7542, -2.5312, -0.7885)
(1.4605, -2.4717, -0.7899)
(2.0651, -2.1488, -0.7576)
(2.4965, -1.6218, -0.6713)
(2.8617, -1.0639, -0.5671)
(3.1871, -0.5274, -0.4643)
(3.421, -0.1133, -0.3754)
(0.7672, -2.6313, -0.2053)
(1.5066, -2.5928, -0.2048)
(2.1807, -2.3382, -0.1959)
(2.686, -1.823, -0.1456)
(3.0942, -1.2402, -0.0542)
(3.464, -0.6775, 0.0578)
(3.7413, -0.2347, 0.1751)
(0.7566, -2.5278, 0.3765)
(1.4881, -2.5062, 0.3843)
(2.194, -2.3515, 0.3932)
(2.7791, -1.933, 0.421)
(3.268, -1.4037, 0.479)
(3.7307, -0.8571, 0.5618)
(4.2224, -0.2401, 0.7299)
(0.7401, -2.3791, 0.9642)
(1.4478, -2.3425, 0.9648)
(2.134, -2.1853, 0.9662)
(2.764, -1.869, 0.9868)
(4.8327, -0.1605, 1.175)
(3.3548, -1.4801, 1.007)
(3.918, -1.048, 1.0143)
(5.5033, -0.17, 1.458)
(4.4787, -0.6156, 1.0404)
(6.0159, -0.1609, 1.9398)
(5.0155, -0.2629, 1.1652)
(0.7245, -2.2405, 1.5614)
(1.4124, -2.185, 1.5452)
(2.0751, -2.004, 1.5094)
(6.263, 0.0429, 1.9783)
(2.6897, -1.6955, 1.4752)
(5.4176, -0.005, 1.4834)
(3.2945, -1.3559, 1.4585)
(3.8926, -0.999, 1.4516)
(5.8853, 0.1548, 1.8234)
(4.4889, -0.638, 1.4515)
(6.3054, 0.3266, 1.9364)
(5.0679, -0.3227, 1.4381)
(0.721, -2.1155, 2.1433)
(1.413, -2.0822, 2.1498)
(2.1306, -2.007, 2.0712)
(5.5613, -0.1158, 1.3711)
(2.8134, -1.8312, 1.9491)
(3.463, -1.5912, 1.8405)
(6.0073, 0.203, 1.4846)
(4.0915, -1.3033, 1.7469)
(0.7208, -2.0076, 2.6072)
(6.375, 0.4976, 1.5611)
(4.7052, -0.9811, 1.6613)
(5.2901, -0.6325, 1.6243)
(2.2025, -1.8355, 2.6293)
(1.3632, -1.8813, 2.8234)
(5.8125, -0.2931, 1.6548)
(2.9252, -1.7545, 2.4981)
(3.6184, -1.6344, 2.3735)
(6.3445, -0.0382, 1.5658)
(4.2871, -1.4547, 2.2436)
(6.7206, 0.2197, 1.4437)
(4.9275, -1.1961, 2.1168)
(5.5368, -0.8495, 2.0468)
(1.7851, -1.6671, 3.2245)
(2.3474, -1.6278, 3.149)
(6.1196, -0.5224, 2.0439)
(3.0257, -1.557, 3.044)
(3.7236, -1.4652, 2.9276)
(6.677, -0.2698, 1.9446)
(4.4163, -1.3514, 2.803)
(7.0849, -0.119, 1.7411)
(5.1058, -1.1857, 2.671)
(5.7952, -0.9314, 2.5435)
(1.9572, -1.392, 3.6466)
(2.4319, -1.3061, 3.579)
(6.4363, -0.7507, 2.4277)
(3.0796, -1.2305, 3.492)
(3.7702, -1.1479, 3.3875)
(7.0008, -0.58, 2.2841)
(4.4648, -1.0655, 3.2813)
(2.1031, -1.1421, 3.8339)
(7.4258, -0.4295, 2.1277)
(5.1704, -0.9706, 3.1754)
(2.3976, -0.9822, 3.8672)
(3.0878, -0.9124, 3.7797)
(5.8916, -0.8401, 3.04)
(3.7762, -0.8421, 3.692)
(6.5727, -0.7724, 2.9093)
(4.4602, -0.7676, 3.5866)
(5.1508, -0.7317, 3.5355)
(7.158, -0.6949, 2.7687)
(5.8128, -0.5967, 3.3716)
(7.5732, -0.6075, 2.6089)
(6.5051, -0.5629, 3.2563)
(7.4369, -0.6359, 2.928)
(7.2029, -0.5264, 3.1721)
(0.6006, 3.7466, -3.801)
(1.1886, 3.3978, -3.7459)
(1.7515, 3.0601, -3.6788)
(2.2954, 2.8498, -3.9733)
(2.7527, 2.657, -4.3825)
(0.6096, 3.6478, -3.4474)
(1.2615, 3.4568, -3.5038)
(2.8493, 2.1878, -4.7441)
(1.8936, 3.2114, -3.5628)
(2.8109, 1.795, -4.9029)
(2.4598, 2.9035, -3.7338)
(2.833, 2.4835, -4.0315)
(2.863, 1.9618, -4.3749)
(2.7612, 1.5542, -4.6667)
(0.5297, 3.1872, -3.2307)
(1.1694, 3.032, -3.3708)
(1.8076, 2.8653, -3.3756)
(2.4023, 2.5834, -3.3869)
(2.852, 2.1788, -3.5729)
(2.9439, 1.6651, -3.8969)
(2.8702, 1.2485, -4.1446)
(0.5121, 2.7521, -2.9446)
(1.1608, 2.69, -3.0281)
(1.7329, 2.6235, -2.9516)
(2.2488, 2.2933, -2.9389)
(2.6789, 1.9021, -3.1648)
(2.8577, 1.4099, -3.4831)
(2.9192, 0.929, -3.6258)
(0.5571, 2.8123, -2.474)
(1.1313, 2.7397, -2.6061)
(1.5256, 2.3535, -2.6382)
(1.9327, 1.9733, -2.6277)
(2.2571, 1.7421, -3.0228)
(2.4335, 1.3387, -3.3709)
(2.3731, 1.0738, -3.8488)
(0.5327, 3.1092, -2.0641)
(0.9983, 2.7458, -2.1657)
(1.3718, 2.2, -2.2182)
(1.7246, 1.746, -2.211)
(2.0293, 1.522, -2.6088)
(2.2326, 1.1425, -2.9668)
(2.2642, 0.8214, -3.2992)
(0.6513, 3.1875, -1.5351)
(1.1863, 2.8205, -1.677)
(1.6013, 2.3143, -1.7699)
(1.8449, 1.786, -1.7536)
(1.9873, 1.3531, -2.0477)
(2.186, 0.9175, -2.3486)
(2.1169, 0.5574, -2.5689)
(0.7453, 3.0577, -0.9642)
(1.3376, 2.7421, -1.1219)
(1.8573, 2.3429, -1.288)
(2.2104, 1.8708, -1.4269)
(2.3172, 1.3247, -1.6041)
(2.4686, 0.8133, -1.8291)
(2.4854, 0.4069, -2.0188)
(0.7513, 2.7873, -0.4259)
(1.3595, 2.4957, -0.5748)
(1.9164, 2.1397, -0.75)
(2.3685, 1.7289, -0.9296)
(2.6212, 1.2133, -1.1148)
(2.7625, 0.6706, -1.3037)
(2.8103, 0.2309, -1.4588)
(0.7284, 2.4856, 0.1004)
(1.3222, 2.1797, -0.0585)
(1.8769, 1.8208, -0.2387)
(2.3867, 1.4502, -0.4053)
(2.7841, 1.0107, -0.5846)
(3.0159, 0.4981, -0.7695)
(3.1238, 0.0622, -0.9134)
(0.6851, 2.1701, 0.6142)
(1.2364, 1.8133, 0.4163)
(1.7826, 1.4414, 0.2235)
(2.3385, 1.1005, 0.0763)
(2.8505, 0.7401, -0.0682)
(3.2338, 0.3122, -0.2364)
(3.436, -0.098, -0.369)
(0.6148, 1.8249, 1.1037)
(1.1441, 1.4469, 0.8831)
(1.7107, 1.1033, 0.7018)
(2.2998, 0.7806, 0.5663)
(2.8824, 0.4699, 0.4417)
(3.4138, 0.1536, 0.3092)
(3.7593, -0.2034, 0.1984)
(0.5602, 1.4995, 1.6045)
(1.1415, 1.2081, 1.4179)
(1.767, 0.9792, 1.2697)
(2.3734, 0.6815, 1.1387)
(2.9875, 0.3996, 1.011)
(3.6101, 0.158, 0.8792)
(4.2616, -0.1894, 0.7726)
(0.5751, 1.2443, 2.1447)
(1.2144, 1.1058, 1.9988)
(1.8722, 0.9698, 1.8637)
(2.4974, 0.7223, 1.7279)
(4.85, -0.1546, 1.2178)
(3.1221, 0.4713, 1.5952)
(3.7734, 0.3186, 1.4507)
(5.5854, -0.1904, 1.5231)
(4.4282, 0.1759, 1.3706)
(6.0908, -0.2144, 1.9838)
(5.0628, 0.1172, 1.4901)
(0.6279, 1.0253, 2.7065)
(1.2888, 0.9826, 2.5908)
(1.9626, 0.9232, 2.4604)
(6.397, -0.1836, 2.0014)
(2.6157, 0.7747, 2.3173)
(5.6587, -0.0609, 1.8393)
(3.2558, 0.599, 2.1731)
(3.9131, 0.5208, 2.019)
(6.2465, -0.1016, 1.9891)
(4.5718, 0.4449, 1.9183)
(6.6819, -0.035, 1.9053)
(5.2176, 0.4629, 1.9024)
(0.6659, 0.7873, 3.2368)
(1.3319, 0.7632, 3.1729)
(2.0324, 0.7789, 3.0502)
(5.8578, 0.3178, 2.077)
(2.7189, 0.7554, 2.9032)
(3.3825, 0.7009, 2.7453)
(6.4005, 0.2614, 2.0725)
(4.0448, 0.663, 2.5965)
(0.6804, 0.5137, 3.6194)
(6.8574, 0.428, 1.8691)
(4.7077, 0.6445, 2.5004)
(5.3759, 0.6467, 2.4614)
(2.1228, 0.4664, 3.557)
(1.3087, 0.3315, 3.7408)
(6.0456, 0.6058, 2.4682)
(2.8302, 0.5276, 3.4302)
(3.5135, 0.5517, 3.2887)
(6.6126, 0.5867, 2.4025)
(4.1868, 0.5833, 3.1548)
(7.1283, 0.7377, 2.2536)
(4.8641, 0.649, 3.073)
(5.5678, 0.6285, 3.0495)
(1.7188, -0.0758, 3.9299)
(2.2736, -0.0018, 3.8496)
(6.2181, 0.6341, 3.0166)
(2.9443, 0.0716, 3.7604)
(3.6334, 0.1312, 3.6603)
(6.8486, 0.6851, 2.9559)
(4.3177, 0.1911, 3.5466)
(7.334, 0.8296, 2.843)
(5.0077, 0.244, 3.4508)
(5.7147, 0.2469, 3.4626)
(1.909, -0.5664, 4.0119)
(2.3854, -0.5329, 3.9173)
(6.3571, 0.3227, 3.4279)
(3.0302, -0.4712, 3.8385)
(3.7159, -0.4051, 3.766)
(7.0265, 0.423, 3.3804)
(4.3951, -0.341, 3.6665)
(2.0836, -0.8606, 3.9591)
(7.4924, 0.5387, 3.2958)
(5.0627, -0.297, 3.5488)
(2.3939, -0.9669, 3.8801)
(3.0791, -0.8953, 3.7901)
(5.7344, -0.2685, 3.5087)
(3.7661, -0.8269, 3.7059)
(6.4167, -0.197, 3.4242)
(4.4466, -0.7481, 3.5912)
(5.1354, -0.7125, 3.5346)
(7.0976, -0.0988, 3.3882)
(5.7899, -0.5938, 3.3512)
(7.5458, 0.0097, 3.4087)
(6.4356, -0.5417, 3.2509)
(7.4205, -0.3267, 3.4128)
(7.2054, -0.5084, 3.1936)
(0.0822, -0.786, -6.2879)
(-0.2706, -0.483, -6.0602)
(-0.4407, -0.0225, -5.6498)
(-0.9207, 0.3422, -5.4542)
(-1.5388, 0.6255, -5.4311)
(-2.0988, 1.0085, -5.3368)
(0.0606, -1.0595, -5.9288)
(-0.3651, -0.7717, -5.7416)
(-0.5762, -0.3044, -5.348)
(-2.5357, 1.4454, -5.1387)
(-1.0108, 0.1011, -5.1014)
(-2.7356, 1.7335, -4.9022)
(-1.5964, 0.4176, -5.0543)
(-2.1667, 0.7769, -4.9737)
(-2.5769, 1.2241, -4.7662)
(-2.7829, 1.645, -4.575)
(0.0491, -1.3797, -5.4508)
(-0.4643, -1.1181, -5.3043)
(-0.7725, -0.6388, -4.9494)
(-1.1216, -0.1762, -4.6209)
(-1.6188, 0.1791, -4.5523)
(-2.2233, 0.4754, -4.4939)
(-2.6417, 0.909, -4.2946)
(-2.8453, 1.2997, -4.0695)
(0.0362, -1.6865, -4.9278)
(-0.531, -1.4695, -4.8228)
(-0.8742, -1.0017, -4.5124)
(-1.1943, -0.5364, -4.1749)
(-1.6232, -0.1605, -4.097)
(-2.2068, 0.1757, -4.0052)
(-2.6262, 0.6469, -3.8825)
(-2.8613, 0.9676, -3.5597)
(0.0237, -1.9339, -4.3808)
(-0.6184, -1.7816, -4.3468)
(-1.0851, -1.3882, -4.1794)
(-1.3389, -0.933, -3.8396)
(-1.6107, -0.4087, -3.6801)
(-1.9716, 0.08, -3.5486)
(-2.2613, 0.6581, -3.6745)
(-2.3867, 1.2271, -3.8967)
(0.0176, -2.0764, -3.7941)
(-0.6488, -1.9134, -3.7765)
(-1.2447, -1.5955, -3.7211)
(-1.7023, -1.1469, -3.6041)
(-1.9679, -0.5761, -3.4574)
(-2.0264, -0.0672, -3.2106)
(-2.1361, 0.4555, -3.2723)
(-2.25, 0.9289, -3.4379)
(0.0252, -2.1802, -3.1958)
(-0.638, -1.9943, -3.1775)
(-1.2699, -1.7204, -3.1516)
(-1.8382, -1.3568, -3.1184)
(-2.2358, -0.8608, -3.0447)
(-2.3678, -0.2961, -2.8838)
(-2.2608, 0.2609, -2.7416)
(-2.1449, 0.6725, -2.6376)
(0.0361, -2.2582, -2.5925)
(-0.6293, -2.0772, -2.577)
(-1.2746, -1.8384, -2.5598)
(-1.8679, -1.5222, -2.5361)
(-2.316, -1.0797, -2.4733)
(-2.5278, -0.53, -2.3381)
(-2.473, 0.0319, -2.158)
(-2.4715, 0.4694, -2.0413)
(0.0425, -2.3189, -1.9863)
(-0.6329, -2.1716, -1.9777)
(-1.294, -1.9795, -1.9712)
(-1.8963, -1.6881, -1.951)
(-2.3457, -1.2538, -1.8797)
(-2.6041, -0.7181, -1.7454)
(-2.6871, -0.1602, -1.5824)
(-2.7627, 0.2828, -1.4698)
(0.042, -2.3902, -1.3826)
(-0.651, -2.3016, -1.3861)
(-1.3306, -2.1613, -1.3939)
(-1.9374, -1.8696, -1.3726)
(-2.3822, -1.4127, -1.2913)
(-2.6886, -0.8753, -1.161)
(-2.8967, -0.3273, -1.0174)
(-3.0448, 0.1047, -0.9099)
(0.0353, -2.5137, -0.7912)
(-0.6837, -2.4811, -0.809)
(-1.3955, -2.3953, -0.8338)
(-2.0231, -2.0969, -0.814)
(-2.4704, -1.5909, -0.7246)
(-2.8225, -1.0323, -0.5979)
(-3.1188, -0.4863, -0.4647)
(-3.3242, -0.0579, -0.3538)
(0.0298, -2.6252, -0.2134)
(-0.7077, -2.6127, -0.2318)
(-1.4487, -2.5687, -0.2575)
(-2.1285, -2.3246, -0.2566)
(-2.6318, -1.8119, -0.1915)
(-3.0204, -1.2201, -0.0721)
(-3.3672, -0.6486, 0.0676)
(-3.6196, -0.1948, 0.2069)
(0.0293, -2.5262, 0.367)
(-0.6975, -2.5203, 0.3542)
(-1.4268, -2.5024, 0.3369)
(-2.1303, -2.3695, 0.331)
(-2.698, -1.9355, 0.3715)
(-3.1629, -1.3875, 0.4627)
(-3.6024, -0.837, 0.5792)
(-4.0875, -0.2212, 0.7735)
(0.0302, -2.3812, 0.9576)
(-0.6774, -2.3781, 0.9458)
(-1.3801, -2.3678, 0.9283)
(-2.0557, -2.2649, 0.9131)
(-2.6357, -1.9183, 0.9242)
(-4.6899, -0.2172, 1.248)
(-3.1917, -1.5179, 0.9817)
(-3.7559, -1.1261, 1.0105)
(-5.2562, -0.2724, 1.7468)
(-4.3345, -0.7707, 0.9732)
(-5.8824, -0.0449, 1.9511)
(0.0271, -2.2442, 1.5588)
(-4.892, -0.4499, 1.0941)
(-0.6714, -2.24, 1.5463)
(-1.3675, -2.2405, 1.5268)
(-2.0624, -2.2165, 1.4918)
(-5.8813, 0.2584, 1.9261)
(-2.7266, -2.0666, 1.4239)
(-5.3312, -0.1372, 1.4525)
(-3.3668, -1.8306, 1.3511)
(-3.9875, -1.5377, 1.27)
(-5.6971, 0.148, 1.8359)
(-4.6, -1.2268, 1.1749)
(-5.9655, 0.4661, 1.9685)
(-5.1756, -0.8648, 1.1603)
(0.0264, -2.1201, 2.1257)
(-0.6678, -2.1034, 2.1271)
(-1.3573, -2.0579, 2.1263)
(-2.0821, -2.0145, 2.0595)
(-5.6318, -0.4105, 1.3129)
(-2.7971, -1.954, 1.9718)
(-3.4865, -1.8469, 1.8749)
(-5.9666, 0.0552, 1.5544)
(-4.1538, -1.6759, 1.7584)
(0.0255, -2.0424, 2.5262)
(-0.6688, -2.0165, 2.5969)
(-6.2419, 0.4352, 1.6828)
(-4.8018, -1.4497, 1.6268)
(-5.4208, -1.1664, 1.5248)
(-2.1236, -1.7711, 2.6182)
(-1.2986, -1.8783, 2.8171)
(-5.9546, -0.7752, 1.5446)
(-2.843, -1.6821, 2.5056)
(-3.5442, -1.6038, 2.4135)
(-6.355, -0.291, 1.6624)
(-4.2325, -1.5039, 2.3145)
(-6.6393, 0.1002, 1.7773)
(-4.901, -1.3371, 2.1876)
(-5.553, -1.1227, 2.0541)
(-1.6992, -1.6556, 3.2373)
(-2.2518, -1.5617, 3.1507)
(-6.186, -0.968, 1.9893)
(-2.918, -1.4441, 3.0484)
(-3.609, -1.3427, 2.9529)
(-6.6868, -0.6283, 2.0131)
(-4.3025, -1.2651, 2.8652)
(-7.0318, -0.287, 2.0461)
(-4.9937, -1.1632, 2.7606)
(-5.6733, -0.9813, 2.6181)
(-1.8606, -1.3718, 3.6616)
(-2.3365, -1.2821, 3.6128)
(-6.3312, -0.8848, 2.5112)
(-2.9797, -1.1868, 3.5434)
(-3.6645, -1.0874, 3.457)
(-6.9335, -0.7932, 2.4802)
(-4.3546, -1.0043, 3.3723)
(-2.0049, -1.1205, 3.8502)
(-7.3584, -0.5913, 2.4179)
(-5.049, -0.9242, 3.2783)
(-2.2986, -0.9637, 3.896)
(-2.9908, -0.9067, 3.8655)
(-5.7337, -0.8015, 3.1231)
(-3.6828, -0.8445, 3.8131)
(-6.3997, -0.742, 3.0195)
(-4.3745, -0.7724, 3.7377)
(-5.0723, -0.7311, 3.6998)
(-7.0229, -0.6984, 2.9925)
(-5.6533, -0.5142, 3.3882)
(-7.4748, -0.6168, 2.9163)
(-6.3426, -0.4892, 3.3264)
(-7.3341, -0.506, 3.1991)
(-7.0352, -0.3807, 3.3109)
(-0.0612, 3.9151, -3.7796)
(-0.7492, 3.8961, -3.7568)
(-1.4266, 3.7609, -3.7831)
(-2.0847, 3.5619, -3.8382)
(-2.6717, 3.2516, -3.9729)
(-3.0243, 2.7755, -4.2344)
(-0.0598, 3.7458, -3.3737)
(-0.744, 3.7355, -3.3452)
(-1.4176, 3.5972, -3.3757)
(-3.001, 2.2666, -4.5944)
(-2.0606, 3.3619, -3.4471)
(-2.8868, 1.9011, -4.7798)
(-2.6304, 3.0296, -3.5954)
(-2.953, 2.5373, -3.8716)
(-2.9268, 2.0268, -4.238)
(-2.7902, 1.6576, -4.56)
(-0.0922, 3.3431, -3.015)
(-0.7473, 3.4339, -2.8841)
(-1.4048, 3.3511, -2.8638)
(-2.0052, 3.0745, -2.9636)
(-2.5206, 2.7262, -3.1611)
(-2.8416, 2.228, -3.4135)
(-2.8896, 1.7125, -3.7642)
(-2.8496, 1.3128, -4.0536)
(-0.1334, 2.8555, -2.7626)
(-0.7688, 2.9704, -2.5506)
(-1.3781, 2.9958, -2.3978)
(-1.8574, 2.6983, -2.568)
(-2.1713, 2.3997, -2.9397)
(-2.5582, 1.9693, -3.0925)
(-2.769, 1.4747, -3.3786)
(-2.8671, 0.9815, -3.5452)
(-0.0938, 2.7283, -2.3214)
(-0.7377, 2.6632, -2.1581)
(-1.2782, 2.6017, -2.0305)
(-1.5974, 2.3188, -2.3297)
(-1.7428, 2.1593, -2.7733)
(-2.1222, 1.8852, -3.0518)
(-2.3864, 1.4728, -3.3671)
(-2.348, 1.189, -3.7918)
(-0.0844, 3.0615, -1.9194)
(-0.6504, 2.8138, -1.7502)
(-0.9698, 2.4412, -1.7437)
(-1.2288, 2.2399, -2.1197)
(-1.5378, 1.936, -2.3723)
(-1.9163, 1.65, -2.6503)
(-2.1769, 1.2631, -2.9706)
(-2.2337, 0.9304, -3.3007)
(0.0344, 3.2252, -1.3981)
(-0.4151, 2.8635, -1.2965)
(-0.6265, 2.3965, -1.4722)
(-1.0674, 2.1576, -1.6969)
(-1.4614, 1.774, -1.8968)
(-1.8414, 1.4222, -2.124)
(-2.1175, 1.0122, -2.3888)
(-2.197, 0.6448, -2.6488)
(0.1446, 3.1507, -0.8487)
(-0.28, 2.7599, -0.8316)
(-0.6638, 2.2797, -1.0173)
(-1.1669, 1.9312, -1.2247)
(-1.6899, 1.6681, -1.416)
(-2.1337, 1.337, -1.6359)
(-2.3956, 0.8733, -1.8599)
(-2.4971, 0.4669, -2.0533)
(0.1028, 2.921, -0.3473)
(-0.4939, 2.7534, -0.389)
(-0.9625, 2.3141, -0.5375)
(-1.4062, 1.8446, -0.7127)
(-1.8923, 1.4892, -0.9052)
(-2.3641, 1.1692, -1.1092)
(-2.6554, 0.7127, -1.3129)
(-2.7796, 0.2938, -1.4754)
(0.0685, 2.634, 0.1718)
(-0.5994, 2.5706, 0.131)
(-1.1777, 2.2626, -0.0085)
(-1.6714, 1.8361, -0.1939)
(-2.1327, 1.4155, -0.3829)
(-2.5632, 1.0011, -0.5705)
(-2.8832, 0.535, -0.7615)
(-3.0551, 0.1226, -0.9092)
(0.0521, 2.3677, 0.7142)
(-0.6149, 2.3073, 0.6742)
(-1.2187, 2.0235, 0.5303)
(-1.7546, 1.6347, 0.3422)
(-2.2513, 1.2251, 0.1535)
(-2.7089, 0.7997, -0.031)
(-3.0956, 0.3575, -0.2118)
(-3.3329, -0.0402, -0.3458)
(0.032, 2.0984, 1.2547)
(-0.6146, 2.0433, 1.22)
(-1.1841, 1.7162, 1.0514)
(-1.7125, 1.3166, 0.8511)
(-2.2511, 0.9333, 0.6698)
(-2.7898, 0.5679, 0.5044)
(-3.2918, 0.2105, 0.3437)
(-3.6333, -0.1589, 0.2298)
(0.0135, 1.8121, 1.7882)
(-0.6138, 1.7789, 1.7661)
(-1.1566, 1.4314, 1.5825)
(-1.7039, 1.0693, 1.3874)
(-2.2905, 0.747, 1.2261)
(-2.8889, 0.4511, 1.0729)
(-3.4957, 0.2041, 0.915)
(-4.1275, -0.1707, 0.8123)
(0.0096, 1.5219, 2.323)
(-0.6231, 1.527, 2.316)
(-1.1945, 1.2501, 2.1416)
(-1.8078, 1.025, 1.9624)
(-2.4243, 0.7656, 1.8064)
(-4.7108, -0.1814, 1.2516)
(-3.0322, 0.4926, 1.6567)
(-3.6726, 0.3525, 1.4855)
(-5.3191, -0.2905, 1.8615)
(-4.316, 0.2286, 1.3928)
(-5.9762, -0.0881, 2.0096)
(0.0119, 1.2174, 2.8487)
(-4.9277, 0.0799, 1.5776)
(-0.6471, 1.2722, 2.853)
(-1.2912, 1.1706, 2.7133)
(-1.9466, 1.0471, 2.5461)
(-6.016, -0.1488, 1.6085)
(-2.585, 0.8548, 2.3835)
(-5.4838, -0.0046, 1.9101)
(-3.2028, 0.6181, 2.2296)
(-3.8464, 0.5384, 2.05)
(-5.8875, -0.0312, 1.9261)
(-4.4771, 0.5542, 1.9106)
(-5.9493, 0.0688, 1.544)
(-5.0799, 0.4204, 1.9944)
(0.0061, 0.8682, 3.2944)
(-0.665, 0.9013, 3.2985)
(-1.3347, 0.8956, 3.2454)
(-2.0365, 0.8977, 3.1168)
(-5.7156, 0.3253, 2.1199)
(-2.7215, 0.843, 2.9572)
(-3.3782, 0.7242, 2.79)
(-6.2204, 0.3013, 2.0418)
(-4.0368, 0.6654, 2.6166)
(0.0016, 0.5814, 3.5765)
(-0.6764, 0.546, 3.6127)
(-6.233, 0.4975, 1.7023)
(-4.6984, 0.6985, 2.479)
(-5.3554, 0.6399, 2.4843)
(-2.1175, 0.5245, 3.5792)
(-1.2971, 0.3764, 3.7341)
(-5.9584, 0.6121, 2.4765)
(-2.8311, 0.5749, 3.4577)
(-3.5221, 0.5758, 3.3222)
(-6.5455, 0.6549, 2.3519)
(-4.2068, 0.5626, 3.1718)
(-6.71, 0.7851, 2.0108)
(-4.9059, 0.5861, 3.0449)
(-5.6277, 0.622, 2.9948)
(-1.6814, -0.0366, 3.93)
(-2.2399, 0.0297, 3.8578)
(-6.2944, 0.6736, 2.9415)
(-2.9139, 0.0928, 3.774)
(-3.608, 0.141, 3.689)
(-6.8463, 0.7889, 2.8175)
(-4.2994, 0.178, 3.6068)
(-7.1098, 0.7957, 2.5224)
(-4.9978, 0.2233, 3.5389)
(-5.7153, 0.3075, 3.4351)
(-1.8373, -0.5341, 4.0207)
(-2.3192, -0.5088, 3.9407)
(-6.4001, 0.4117, 3.3713)
(-2.968, -0.4568, 3.8778)
(-3.6584, -0.3981, 3.8308)
(-6.9657, 0.5611, 3.2738)
(-4.3486, -0.3408, 3.8013)
(-1.9989, -0.8356, 3.9829)
(-7.3345, 0.6861, 3.1013)
(-5.0214, -0.2876, 3.7489)
(-2.3079, -0.9453, 3.905)
(-3.0005, -0.8891, 3.8762)
(-5.6501, -0.207, 3.5184)
(-3.692, -0.8296, 3.8267)
(-6.3541, -0.0859, 3.4391)
(-4.3794, -0.7614, 3.7543)
(-5.066, -0.7107, 3.7237)
(-6.9649, 0.0799, 3.43)
(-5.6224, -0.5149, 3.3559)
(-7.3469, 0.3075, 3.448)
(-6.3035, -0.5193, 3.2714)
(-7.2015, -0.0247, 3.424)
(-7.0352, -0.3455, 3.3255)
(7.5309, -0.6409, 2.789)
(6.3025, 0.1788, 1.9935)
(6.3126, 0.4569, 1.7615)
(6.5263, 0.3962, 1.4436)
(6.9059, 0.0463, 1.5625)
(7.266, -0.2835, 1.9237)
(7.5351, -0.5378, 2.3721)
(0.0703, -0.918, -6.1192)
(0.0542, -1.2166, -5.7019)
(0.043, -1.5378, -5.1916)
(0.0295, -1.822, -4.6588)
(0.0192, -2.015, -4.091)
(0.0201, -2.1311, -3.4955)
(0.0309, -2.2223, -2.8947)
(0.0401, -2.2895, -2.2895)
(0.0432, -2.3502, -1.6835)
(0.039, -2.4448, -1.0849)
(0.032, -2.5871, -0.5015)
(0.029, -2.5957, 0.0757)
(0.0301, -2.4524, 0.6609)
(0.0288, -2.3121, 1.257)
(0.0264, -2.1778, 1.8574)
(0.026, -2.0769, 2.3417)
(0.2941, -0.9736, -5.8573)
(0.3206, -1.3091, -5.3959)
(0.3383, -1.6282, -4.886)
(0.3565, -1.907, -4.3607)
(0.3588, -2.0889, -3.7884)
(0.3653, -2.2219, -3.1975)
(0.3761, -2.3095, -2.5962)
(0.3845, -2.3654, -1.9895)
(0.3899, -2.4203, -1.3835)
(0.3944, -2.525, -0.7882)
(0.3976, -2.6292, -0.2082)
(0.3926, -2.5277, 0.372)
(0.385, -2.3816, 0.9616)
(0.3764, -2.2451, 1.5619)
(0.3749, -2.1207, 2.1326)
(0.3743, -2.0335, 2.5496)
(0.2778, -0.6912, -6.2017)
(0.6286, -0.2844, -5.8148)
(1.1093, -0.1784, -5.5688)
(1.7338, -0.163, -5.4446)
(2.1685, 0.2619, -5.3286)
(2.4324, 0.8865, -5.24)
(2.6462, 1.3935, -5.1111)
(7.3234, -0.5916, 3.0525)
(6.854, -0.5447, 3.2142)
(6.1589, -0.5798, 3.314)
(5.4818, -0.6642, 3.4536)
(4.8055, -0.7497, 3.561)
(4.1182, -0.8049, 3.6393)
(3.432, -0.8773, 3.7359)
(2.7427, -0.9473, 3.8234)
(2.2366, -1.0544, 3.8596)
(2.6478, 1.3143, -4.7)
(2.4149, 0.8166, -4.8282)
(2.0809, 0.242, -4.9382)
(1.5901, -0.1945, -5.0535)
(1.002, -0.3534, -5.2029)
(0.6073, -0.5659, -5.4919)
(2.6459, 1.1405, -4.1691)
(2.2895, 0.7862, -4.3276)
(1.8604, 0.3006, -4.5036)
(1.3597, -0.1339, -4.5953)
(0.8812, -0.5108, -4.7474)
(0.6117, -0.9168, -5.0691)
(2.6021, 0.9306, -3.7496)
(2.2872, 0.6212, -3.9043)
(1.9627, 0.1278, -4.075)
(1.496, -0.3059, -4.1285)
(1.0724, -0.7573, -4.3085)
(0.7613, -1.2559, -4.6358)
(2.3096, 0.8229, -3.7847)
(2.0859, 0.4001, -3.7681)
(1.9738, -0.1434, -3.7023)
(1.7575, -0.6669, -3.7737)
(1.3521, -1.1512, -4.0116)
(0.9264, -1.6282, -4.2376)
(2.1933, 0.6162, -3.308)
(2.0431, 0.1767, -3.2772)
(1.9612, -0.4043, -3.2011)
(1.8206, -0.962, -3.3053)
(1.4728, -1.4862, -3.5594)
(0.9961, -1.9134, -3.7311)
(2.1714, 0.4052, -2.6276)
(2.181, -0.0981, -2.7287)
(2.0414, -0.6455, -2.7405)
(1.7658, -1.1652, -2.8065)
(1.4845, -1.7224, -3.0286)
(1.0242, -2.1236, -3.169)
(2.4347, 0.2075, -2.0508)
(2.3701, -0.3055, -2.1696)
(2.2466, -0.8855, -2.2898)
(2.0008, -1.4354, -2.4047)
(1.6109, -1.9432, -2.5204)
(1.051, -2.2639, -2.585)
(2.7329, 0.0221, -1.5015)
(2.5867, -0.4768, -1.6085)
(2.3959, -1.0518, -1.7388)
(2.1169, -1.5978, -1.8598)
(1.6709, -2.0688, -1.945)
(1.0662, -2.3401, -1.9849)
(3.0222, -0.1494, -0.9564)
(2.7995, -0.6299, -1.0517)
(2.5046, -1.1775, -1.1624)
(2.1623, -1.7106, -1.2715)
(1.7015, -2.1766, -1.3526)
(1.0826, -2.412, -1.3835)
(3.3127, -0.3064, -0.4179)
(3.0337, -0.7856, -0.5146)
(2.6826, -1.343, -0.6198)
(2.2973, -1.8986, -0.7194)
(1.783, -2.3451, -0.7803)
(1.1131, -2.524, -0.7907)
(3.6198, -0.4385, 0.1165)
(3.2858, -0.9495, 0.0004)
(2.8964, -1.533, -0.1038)
(2.4526, -2.1021, -0.1767)
(1.8603, -2.501, -0.2037)
(1.139, -2.6274, -0.2046)
(6.1582, -0.0667, 1.9571)
(5.7596, -0.1654, 1.6989)
(5.168, -0.1652, 1.3165)
(4.5276, -0.2003, 0.9525)
(3.9656, -0.5808, 0.622)
(3.4997, -1.1302, 0.5165)
(3.0309, -1.6738, 0.4467)
(2.5026, -2.1688, 0.4036)
(1.8509, -2.4576, 0.3877)
(1.1221, -2.5243, 0.3807)
(6.1028, 0.2374, 1.9021)
(5.6469, 0.0803, 1.672)
(5.2206, -0.1201, 1.3047)
(4.7614, -0.4278, 1.0818)
(4.1967, -0.8263, 1.0215)
(3.6387, -1.268, 1.0112)
(3.0635, -1.6806, 0.9984)
(2.4556, -2.0423, 0.9747)
(1.7963, -2.284, 0.9639)
(1.0948, -2.37, 0.9652)
(6.1983, 0.3564, 1.5318)
(5.7921, 0.0343, 1.4149)
(5.3232, -0.2209, 1.3936)
(4.786, -0.4657, 1.4542)
(4.1904, -0.8178, 1.4499)
(3.5943, -1.1792, 1.4544)
(2.9925, -1.5273, 1.4648)
(2.3864, -1.8595, 1.4906)
(1.7492, -2.1129, 1.5287)
(1.0702, -2.2241, 1.5561)
(6.5489, 0.0882, 1.5045)
(6.088, -0.1594, 1.6236)
(5.5518, -0.455, 1.6439)
(5.0056, -0.8094, 1.6314)
(4.3999, -1.1459, 1.7019)
(3.7795, -1.4524, 1.7927)
(3.1413, -1.7175, 1.8921)
(2.4776, -1.9305, 2.0111)
(1.7719, -2.0542, 2.1206)
(1.0646, -2.1023, 2.1536)
(6.8954, -0.1859, 1.8504)
(6.4109, -0.3834, 2.0109)
(5.8289, -0.679, 2.0468)
(5.2365, -1.0279, 2.0707)
(4.611, -1.3377, 2.1772)
(3.9558, -1.5529, 2.3096)
(3.2755, -1.7007, 2.4354)
(2.5661, -1.7988, 2.5636)
(1.8299, -1.8655, 2.6975)
(1.0586, -1.9566, 2.6942)
(7.2256, -0.5023, 2.2064)
(6.7339, -0.6651, 2.3593)
(6.1229, -0.8332, 2.4868)
(5.4534, -1.0589, 2.6054)
(4.7604, -1.2808, 2.7375)
(4.0706, -1.4116, 2.8664)
(3.3757, -1.5134, 2.9867)
(2.6763, -1.5961, 3.0995)
(2.0552, -1.6502, 3.1894)
(7.3804, -0.6514, 2.6904)
(6.8847, -0.7368, 2.8415)
(6.2398, -0.8012, 2.9741)
(5.532, -0.9028, 3.1095)
(4.815, -1.0233, 3.2308)
(4.1168, -1.1063, 3.3336)
(3.4247, -1.19, 3.4411)
(2.7396, -1.2681, 3.5382)
(2.1783, -1.3479, 3.6143)
(1.8915, -1.5328, 3.4528)
(2.4005, -1.476, 3.3821)
(3.0599, -1.4027, 3.2872)
(3.7541, -1.3149, 3.1764)
(4.4499, -1.2196, 3.0607)
(5.1532, -1.0942, 2.9396)
(5.8694, -0.9077, 2.8033)
(6.534, -0.795, 2.6701)
(7.1068, -0.6741, 2.5208)
(1.609, -1.7843, 3.0056)
(2.2725, -1.739, 2.8959)
(2.9776, -1.6693, 2.7774)
(3.677, -1.5721, 2.6567)
(4.3606, -1.4319, 2.5266)
(5.026, -1.2192, 2.3934)
(5.6739, -0.9087, 2.2921)
(6.2883, -0.6494, 2.2258)
(6.848, -0.4275, 2.1075)
(0.7209, -2.0601, 2.3867)
(1.4132, -2.0004, 2.4493)
(2.1608, -1.9393, 2.3531)
(2.8748, -1.8234, 2.2167)
(3.5503, -1.6503, 2.0911)
(4.1993, -1.4163, 1.9705)
(4.823, -1.1206, 1.8566)
(5.4123, -0.7616, 1.8086)
(5.9593, -0.4005, 1.8531)
(6.5127, -0.1506, 1.7488)
(0.7216, -2.1758, 1.8625)
(1.4094, -2.135, 1.8477)
(2.0946, -2.005, 1.7881)
(2.736, -1.7523, 1.706)
(3.3581, -1.4528, 1.6422)
(3.9694, -1.1258, 1.596)
(4.5754, -0.7855, 1.5578)
(5.1622, -0.4626, 1.5257)
(5.6789, -0.2013, 1.4705)
(6.1641, 0.0973, 1.4608)
(0.7313, -2.3085, 1.261)
(1.4269, -2.257, 1.2524)
(2.0942, -2.0747, 1.2383)
(2.7139, -1.7592, 1.2395)
(3.3166, -1.4005, 1.2471)
(3.903, -1.0125, 1.2483)
(4.4841, -0.6188, 1.2561)
(5.0371, -0.2732, 1.2946)
(5.4668, -0.0358, 1.4055)
(5.9127, 0.2206, 1.6488)
(0.7485, -2.4522, 0.6695)
(1.4688, -2.4273, 0.676)
(2.1701, -2.2851, 0.6843)
(2.787, -1.9291, 0.7103)
(3.3335, -1.4728, 0.7478)
(3.8519, -0.9793, 0.789)
(4.3864, -0.5007, 0.8823)
(4.9449, -0.2279, 1.1292)
(5.4316, -0.0603, 1.5048)
(5.9197, 0.0249, 1.8893)
(0.7641, -2.5992, 0.0852)
(1.5039, -2.5712, 0.09)
(2.2003, -2.371, 0.0972)
(2.7466, -1.8948, 0.1328)
(3.1885, -1.3236, 0.2098)
(3.5988, -0.7567, 0.3158)
(3.9819, -0.2374, 0.4525)
(0.7628, -2.5972, -0.4959)
(1.4893, -2.5494, -0.498)
(2.1309, -2.2557, -0.4798)
(2.5965, -1.7265, -0.4104)
(2.9808, -1.1521, -0.3106)
(3.3254, -0.6026, -0.2022)
(3.5812, -0.174, -0.1001)
(0.7455, -2.4739, -1.0848)
(1.4318, -2.3969, -1.0813)
(2.0009, -2.0454, -1.0348)
(2.4072, -1.5254, -0.9394)
(2.7524, -0.9811, -0.8321)
(3.0533, -0.4506, -0.7308)
(3.2637, -0.0317, -0.6448)
(0.7322, -2.402, -1.6866)
(1.395, -2.2828, -1.6717)
(1.9299, -1.8987, -1.6101)
(2.3041, -1.3859, -1.5083)
(2.5745, -0.8354, -1.3875)
(2.7959, -0.2919, -1.2752)
(2.9474, 0.1391, -1.185)
(0.7228, -2.3507, -2.2928)
(1.375, -2.1968, -2.2696)
(1.8882, -1.7866, -2.1998)
(2.23, -1.2614, -2.0909)
(2.4083, -0.6869, -1.9554)
(2.5377, -0.1211, -1.8281)
(2.6284, 0.3245, -1.7284)
(0.7103, -2.2701, -2.8943)
(1.3234, -2.0596, -2.8429)
(1.7135, -1.5746, -2.693)
(2.009, -1.0314, -2.5471)
(2.2331, -0.5002, -2.5026)
(2.2787, 0.0675, -2.3861)
(2.2776, 0.5155, -2.2765)
(0.6963, -2.1305, -3.482)
(1.2773, -1.8496, -3.3938)
(1.6288, -1.3369, -3.1678)
(1.8963, -0.7912, -2.9666)
(2.0468, -0.2498, -2.9888)
(2.1385, 0.3033, -2.9891)
(2.1643, 0.677, -2.9337)
(0.6817, -1.9339, -4.0495)
(1.2229, -1.5751, -3.9178)
(1.6331, -1.0816, -3.68)
(1.9441, -0.568, -3.473)
(1.9608, 0.0191, -3.5003)
(2.1426, 0.5314, -3.6043)
(2.3017, 0.9046, -3.5969)
(0.6306, -1.6464, -4.5537)
(1.0382, -1.2009, -4.3046)
(1.4196, -0.7033, -4.0342)
(1.8366, -0.2542, -3.9075)
(2.0977, 0.2563, -3.8822)
(2.3105, 0.7251, -3.7967)
(2.6354, 0.9881, -3.7568)
(0.5515, -1.3053, -5.0219)
(0.7746, -0.8453, -4.6615)
(1.1572, -0.3949, -4.4072)
(1.6278, 0.0255, -4.3178)
(2.1245, 0.4745, -4.2057)
(2.4499, 0.9217, -3.9597)
(2.8799, 1.0757, -3.8906)
(0.4973, -0.9533, -5.4902)
(0.7055, -0.5527, -5.1036)
(1.1924, -0.317, -4.9058)
(1.7063, 0.0485, -4.7707)
(2.1719, 0.5386, -4.6715)
(2.4944, 1.0514, -4.4999)
(2.7997, 1.3902, -4.4104)
(0.4686, -0.626, -5.8682)
(0.799, -0.2841, -5.4894)
(1.3767, -0.2745, -5.3322)
(1.9419, -0.0154, -5.1812)
(2.3075, 0.5369, -5.0997)
(2.5516, 1.1276, -4.9764)
(2.7369, 1.5657, -4.8621)
(2.0175, -1.2577, 3.7699)
(2.4434, -1.1448, 3.7301)
(3.0869, -1.0674, 3.6494)
(3.7757, -0.9906, 3.5521)
(4.4664, -0.9162, 3.452)
(5.1647, -0.844, 3.3625)
(5.8669, -0.735, 3.2249)
(6.5549, -0.6853, 3.1006)
(7.1633, -0.6424, 2.975)
(7.5019, -0.1884, 3.429)
(6.5523, -0.1458, 1.9644)
(6.769, 0.1833, 1.8515)
(6.9876, 0.6118, 2.0126)
(7.2414, 0.8205, 2.5444)
(7.4199, 0.7333, 3.1081)
(7.5393, 0.2737, 3.38)
(-0.058, 3.8499, -3.5762)
(-0.0707, 3.5734, -3.1778)
(-0.1204, 3.0833, -2.8978)
(-0.1154, 2.7238, -2.5535)
(-0.093, 2.8753, -2.1213)
(-0.0373, 3.1804, -1.6736)
(0.1049, 3.2122, -1.1185)
(0.1347, 3.0496, -0.5953)
(0.0806, 2.778, -0.0919)
(0.0601, 2.4985, 0.4418)
(0.0426, 2.2351, 0.9855)
(0.0215, 1.9568, 1.5218)
(0.0098, 1.6669, 2.0553)
(0.0112, 1.3755, 2.5897)
(0.0096, 1.0415, 3.0898)
(0.0035, 0.7174, 3.4498)
(0.2774, 3.7096, -3.409)
(0.2198, 3.2679, -3.1212)
(0.1871, 2.8009, -2.8602)
(0.2345, 2.7764, -2.3975)
(0.2351, 3.126, -1.9981)
(0.3408, 3.2576, -1.469)
(0.4321, 3.1562, -0.8999)
(0.4279, 2.8839, -0.3741)
(0.405, 2.5834, 0.1496)
(0.3786, 2.2973, 0.681)
(0.3347, 1.9912, 1.1974)
(0.2933, 1.6768, 1.7103)
(0.2939, 1.388, 2.2427)
(0.3205, 1.1172, 2.7833)
(0.3374, 0.8271, 3.2684)
(0.3417, 0.5591, 3.5886)
(0.2773, 3.8574, -3.7953)
(0.9014, 3.5844, -3.7872)
(1.4722, 3.217, -3.6857)
(2.0248, 2.9384, -3.788)
(2.5563, 2.7772, -4.1779)
(2.8383, 2.441, -4.5758)
(2.8345, 1.9684, -4.867)
(7.3177, -0.4266, 3.3242)
(6.8205, -0.5251, 3.2223)
(6.1128, -0.5678, 3.3011)
(5.4627, -0.6532, 3.4429)
(4.791, -0.7303, 3.5629)
(4.1063, -0.7875, 3.6485)
(3.4226, -0.8611, 3.748)
(2.7365, -0.9311, 3.8351)
(2.2263, -0.9267, 3.9195)
(2.8258, 1.7395, -4.5162)
(2.8797, 2.2215, -4.2078)
(2.6854, 2.7112, -3.8697)
(2.1902, 3.0679, -3.6309)
(1.5818, 3.3402, -3.526)
(0.9374, 3.5614, -3.4792)
(2.9119, 1.4441, -4.0311)
(2.9369, 1.9218, -3.7329)
(2.6626, 2.3989, -3.4545)
(2.1131, 2.7401, -3.3679)
(1.4913, 2.957, -3.3843)
(0.8471, 3.1078, -3.3182)
(2.8627, 1.19, -3.6121)
(2.8028, 1.6578, -3.3249)
(2.4854, 2.1067, -3.0267)
(1.9963, 2.4812, -2.9206)
(1.4567, 2.6782, -3.0)
(0.8415, 2.7129, -3.0064)
(2.4469, 1.1658, -3.5519)
(2.3672, 1.5518, -3.2094)
(2.1111, 1.8625, -2.7964)
(1.729, 2.1413, -2.6012)
(1.339, 2.5719, -2.6419)
(0.8649, 2.8122, -2.5465)
(2.2613, 0.9699, -3.1219)
(2.1513, 1.345, -2.8042)
(1.8851, 1.6315, -2.3788)
(1.5514, 1.9421, -2.1859)
(1.1901, 2.4781, -2.2087)
(0.7843, 2.9717, -2.1178)
(2.2075, 0.7351, -2.4741)
(2.0941, 1.1307, -2.2086)
(1.913, 1.564, -1.8724)
(1.7449, 2.0421, -1.7451)
(1.4119, 2.5774, -1.7428)
(0.9337, 3.0326, -1.6048)
(2.4909, 0.5995, -1.9279)
(2.3953, 1.0575, -1.7164)
(2.2739, 1.6016, -1.5074)
(2.067, 2.1175, -1.3578)
(1.6097, 2.5511, -1.2076)
(1.0492, 2.9134, -1.0393)
(2.7934, 0.4407, -1.3855)
(2.7041, 0.9344, -1.2114)
(2.5156, 1.4827, -1.0209)
(2.1639, 1.945, -0.8396)
(1.6456, 2.3232, -0.661)
(1.0619, 2.6536, -0.4948)
(3.0785, 0.2715, -0.8457)
(2.9203, 0.7531, -0.68)
(2.6041, 1.2431, -0.4924)
(2.1409, 1.6395, -0.3225)
(1.6034, 2.0019, -0.1495)
(1.0325, 2.346, 0.028)
(3.3506, 0.1066, -0.3056)
(3.0648, 0.5291, -0.1535)
(2.6048, 0.9283, 0.0073)
(2.0618, 1.2687, 0.1459)
(1.5072, 1.6239, 0.3147)
(0.9669, 2.0018, 0.5211)
(3.6133, -0.0147, 0.2518)
(3.1635, 0.3139, 0.3744)
(2.5928, 0.6245, 0.5049)
(2.0047, 0.9402, 0.6303)
(1.4219, 1.2702, 0.7854)
(0.8795, 1.6363, 0.9935)
(6.2424, -0.2015, 2.0027)
(5.8381, -0.2024, 1.7535)
(5.2177, -0.1725, 1.3704)
(4.5558, -0.172, 0.9952)
(3.9156, 0.0142, 0.8239)
(3.3003, 0.2801, 0.9437)
(2.6781, 0.5334, 1.0756)
(2.072, 0.8364, 1.2029)
(1.4536, 1.0961, 1.3404)
(0.842, 1.3401, 1.5052)
(6.4795, -0.0743, 1.964)
(5.9638, -0.1033, 1.9514)
(5.361, 0.0308, 1.6615)
(4.7507, 0.1514, 1.3948)
(4.1017, 0.2386, 1.3951)
(3.4454, 0.3895, 1.5215)
(2.8072, 0.5867, 1.6629)
(2.1878, 0.8563, 1.795)
(1.5463, 1.0498, 1.9321)
(0.885, 1.1575, 2.0653)
(6.635, 0.326, 1.9847)
(6.1433, 0.2619, 2.1076)
(5.5439, 0.4028, 1.9862)
(4.8944, 0.4595, 1.887)
(4.2441, 0.4737, 1.9623)
(3.5825, 0.5548, 2.0931)
(2.9351, 0.679, 2.2469)
(2.292, 0.8591, 2.3889)
(1.6272, 0.9638, 2.529)
(0.9524, 0.9898, 2.6453)
(6.8729, 0.646, 2.3342)
(6.3412, 0.5809, 2.4481)
(5.7178, 0.6316, 2.4661)
(5.0393, 0.6472, 2.4727)
(4.3763, 0.6502, 2.5412)
(3.7133, 0.6794, 2.6666)
(3.0522, 0.7286, 2.8251)
(2.3792, 0.7734, 2.9782)
(1.6803, 0.7717, 3.118)
(0.9952, 0.7662, 3.2086)
(7.1058, 0.7488, 2.9041)
(6.5443, 0.6502, 2.9919)
(5.8964, 0.6255, 3.0359)
(5.2185, 0.6446, 3.0581)
(4.5217, 0.621, 3.1053)
(3.8509, 0.5616, 3.218)
(3.1744, 0.5427, 3.3605)
(2.4783, 0.5021, 3.4955)
(1.7598, 0.4195, 3.6209)
(1.0114, 0.4452, 3.6683)
(7.2811, 0.4794, 3.342)
(6.7031, 0.3716, 3.4063)
(6.0352, 0.2764, 3.4514)
(5.3667, 0.2439, 3.4522)
(4.6591, 0.2235, 3.4875)
(3.9761, 0.1599, 3.6055)
(3.29, 0.1027, 3.7118)
(2.5988, 0.036, 3.8063)
(1.9851, -0.0391, 3.8904)
(7.345, -0.0452, 3.3945)
(6.7746, -0.1498, 3.3967)
(6.0704, -0.2383, 3.469)
(5.3983, -0.2849, 3.5266)
(4.7293, -0.3154, 3.6013)
(4.057, -0.3719, 3.7218)
(3.3733, -0.4381, 3.8033)
(2.692, -0.5044, 3.8759)
(2.1314, -0.5524, 3.9633)
(1.8308, -0.3306, 3.9906)
(2.3372, -0.2737, 3.9053)
(2.9922, -0.2053, 3.8251)
(3.6798, -0.1406, 3.7436)
(4.3623, -0.0779, 3.6387)
(5.0411, -0.0336, 3.5281)
(5.7311, -0.0201, 3.5254)
(6.3941, 0.0609, 3.4679)
(7.0733, 0.1666, 3.425)
(1.5464, 0.1534, 3.8371)
(2.1961, 0.2488, 3.7342)
(2.8888, 0.3229, 3.6271)
(3.5767, 0.3693, 3.5051)
(4.2571, 0.4209, 3.3812)
(4.9446, 0.4886, 3.2964)
(5.6562, 0.4774, 3.295)
(6.296, 0.5205, 3.2651)
(6.9496, 0.6015, 3.2117)
(0.6749, 0.6534, 3.442)
(1.3453, 0.5954, 3.4383)
(2.0703, 0.6445, 3.3228)
(2.773, 0.6722, 3.1822)
(3.4478, 0.6639, 3.0281)
(4.1147, 0.6606, 2.8858)
(4.7834, 0.6898, 2.7982)
(5.4701, 0.6749, 2.7627)
(6.1335, 0.6589, 2.7364)
(6.7327, 0.6741, 2.6689)
(0.6503, 0.9108, 2.9853)
(1.3133, 0.8884, 2.8881)
(1.9985, 0.8682, 2.7591)
(2.6677, 0.7828, 2.6123)
(3.3193, 0.6676, 2.4594)
(3.9785, 0.6088, 2.3062)
(4.6383, 0.5572, 2.2055)
(5.2929, 0.5781, 2.1684)
(5.9552, 0.4887, 2.2462)
(6.4987, 0.4441, 2.2)
(0.6006, 1.134, 2.4242)
(1.2549, 1.0533, 2.2938)
(1.9206, 0.9557, 2.1616)
(2.5588, 0.7518, 2.0223)
(3.1899, 0.5307, 1.8851)
(3.8452, 0.4204, 1.7345)
(4.5034, 0.3164, 1.6393)
(5.1431, 0.296, 1.6769)
(5.7525, 0.1133, 1.9533)
(6.3221, 0.0607, 2.0152)
(0.5594, 1.3639, 1.8702)
(1.1731, 1.149, 1.7054)
(1.8189, 0.9712, 1.5662)
(2.4338, 0.6937, 1.4336)
(3.054, 0.4244, 1.3036)
(3.6965, 0.2255, 1.1656)
(4.3435, 0.0222, 1.1062)
(4.9698, -0.0333, 1.3361)
(5.5971, -0.1512, 1.7002)
(6.1594, -0.1805, 1.9616)
(0.5811, 1.6553, 1.3501)
(1.13, 1.3067, 1.1417)
(1.7253, 1.0159, 0.9772)
(2.3241, 0.7037, 0.845)
(2.9265, 0.409, 0.7203)
(3.5122, 0.1322, 0.5923)
(4.0105, -0.1964, 0.4855)
(0.6517, 1.9993, 0.8605)
(1.1843, 1.6221, 0.6451)
(1.735, 1.2538, 0.454)
(2.3096, 0.9224, 0.3137)
(2.8626, 0.5907, 0.1825)
(3.3243, 0.2207, 0.0335)
(3.5977, -0.1507, -0.0853)
(0.7102, 2.3313, 0.3602)
(1.2844, 2.0016, 0.1835)
(1.8337, 1.6351, -0.0041)
(2.3677, 1.2809, -0.1607)
(2.8268, 0.883, -0.3232)
(3.1307, 0.4065, -0.5034)
(3.2799, -0.0179, -0.6412)
(0.7417, 2.6372, -0.162)
(1.3468, 2.3442, -0.3119)
(1.9049, 1.9899, -0.4875)
(2.3882, 1.6009, -0.6621)
(2.7179, 1.1212, -0.8506)
(2.8927, 0.5862, -1.0362)
(2.9671, 0.1466, -1.1861)
(0.7558, 2.933, -0.6916)
(1.3599, 2.633, -0.8449)
(1.9077, 2.2645, -1.0216)
(2.3192, 1.8269, -1.1975)
(2.4879, 1.2842, -1.3693)
(2.6239, 0.7496, -1.5704)
(2.6479, 0.3189, -1.7388)
(0.7102, 3.1443, -1.2475)
(1.2814, 2.8077, -1.4036)
(1.7486, 2.3565, -1.5366)
(2.0281, 1.8453, -1.5926)
(2.1249, 1.3343, -1.8181)
(2.3011, 0.8586, -2.0788)
(2.3011, 0.4822, -2.2939)
(0.5792, 3.1817, -1.8151)
(1.0654, 2.7838, -1.9302)
(1.4524, 2.2413, -1.9945)
(1.7387, 1.7394, -1.9686)
(1.9695, 1.4192, -2.3227)
(2.1778, 1.0184, -2.659)
(2.1905, 0.6894, -2.934)
(0.5399, 2.9655, -2.2692)
(1.0463, 2.7455, -2.3894)
(1.4125, 2.2438, -2.4421)
(1.797, 1.8318, -2.4379)
(2.1167, 1.6382, -2.8569)
(2.3039, 1.2591, -3.2169)
(2.3186, 0.9476, -3.574)
(0.54, 2.723, -2.7146)
(1.1654, 2.6937, -2.8192)
(1.6447, 2.4922, -2.7894)
(2.0995, 2.136, -2.7774)
(2.4704, 1.8191, -3.092)
(2.6522, 1.3695, -3.4231)
(2.6462, 1.0014, -3.7373)
(0.507, 2.9272, -3.1123)
(1.1529, 2.8124, -3.2242)
(1.7745, 2.7295, -3.1699)
(2.3426, 2.4316, -3.1562)
(2.8027, 2.0251, -3.3369)
(2.9465, 1.5159, -3.654)
(2.8947, 1.0887, -3.8852)
(0.5731, 3.4511, -3.3301)
(1.2215, 3.2822, -3.4445)
(1.8638, 3.0657, -3.4965)
(2.4514, 2.7677, -3.5799)
(2.8562, 2.3414, -3.8131)
(2.9036, 1.8199, -4.1465)
(2.8157, 1.4013, -4.4057)
(0.6151, 3.7312, -3.6101)
(1.2437, 3.4752, -3.6088)
(1.8467, 3.1888, -3.6206)
(2.3986, 2.9153, -3.8604)
(2.796, 2.5832, -4.2168)
(2.8478, 2.0815, -4.5695)
(2.786, 1.6637, -4.8184)
(1.9843, -0.7435, 3.9957)
(2.4166, -0.7529, 3.904)
(3.0577, -0.6964, 3.8219)
(3.7429, -0.6286, 3.745)
(4.4226, -0.5613, 3.6454)
(5.0932, -0.514, 3.5401)
(5.7551, -0.4551, 3.4461)
(6.4349, -0.3915, 3.3469)
(7.1168, -0.3131, 3.3188)
(2.2531, 0.7826, -3.3073)
(2.3673, 1.0697, -3.8636)
(2.755, 1.5469, -4.6708)
(6.0534, -0.1876, 1.9618)
(5.5444, -0.1802, 1.4906)
(4.242, -0.2147, 0.7513)
(3.7503, -0.219, 0.1868)
(4.8414, -0.1575, 1.1964)
(2.7993, 0.2296, -1.4573)
(2.4769, 0.4138, -2.0099)
(7.2041, -0.5174, 3.1829)
(2.9143, 0.9198, -3.6305)
(6.4704, -0.5523, 3.2536)
(5.8013, -0.5953, 3.3614)
(5.1431, -0.7221, 3.535)
(4.4534, -0.7579, 3.5889)
(3.4285, -0.1057, -0.3722)
(3.7711, -0.8345, 3.6989)
(3.0835, -0.9039, 3.7849)
(2.1018, 0.5838, -2.5604)
(2.3958, -0.9745, 3.8736)
(2.8604, 1.2447, -4.1453)
(3.1151, 0.0561, -0.9138)
(-7.4324, -0.568, 3.0896)
(-5.9043, 0.3822, 1.9766)
(-6.0806, 0.4905, 1.826)
(-6.4345, 0.2918, 1.68)
(-6.8395, -0.0959, 1.9034)
(-7.2119, -0.4647, 2.2112)
(-7.4492, -0.6349, 2.6726)
(-0.1774, -0.9721, -5.8824)
(-0.2283, -1.3018, -5.4152)
(-0.2685, -1.6265, -4.9054)
(-0.3094, -1.8929, -4.3758)
(-0.3207, -2.0162, -3.7892)
(-0.3099, -2.101, -3.1884)
(-0.2991, -2.1773, -2.5855)
(-0.2965, -2.2516, -1.9819)
(-0.305, -2.3497, -1.3832)
(-0.3238, -2.499, -0.798)
(-0.338, -2.6191, -0.2211)
(-0.3339, -2.5235, 0.3612)
(-0.3241, -2.3797, 0.9524)
(-0.3225, -2.2418, 1.5534)
(-0.3222, -2.1153, 2.124)
(-0.3235, -2.0402, 2.5435)
(-0.1173, -0.6933, -6.2278)
(-0.348, -0.2478, -5.8468)
(-0.6407, 0.1757, -5.519)
(-1.2295, 0.4818, -5.4374)
(-1.8298, 0.8025, -5.3998)
(-2.3413, 1.2295, -5.2452)
(-2.6636, 1.6289, -5.0284)
(-7.1947, -0.443, 3.2653)
(-6.6889, -0.435, 3.3186)
(-5.9979, -0.5017, 3.3573)
(-5.3628, -0.6227, 3.544)
(-4.7234, -0.7518, 3.7187)
(-4.0286, -0.8084, 3.7754)
(-3.3368, -0.8756, 3.8393)
(-2.6447, -0.9352, 3.8807)
(-2.1381, -1.0341, 3.8812)
(-2.6985, 1.4302, -4.6579)
(-2.3985, 0.9987, -4.8793)
(-1.8931, 0.5844, -5.0297)
(-1.2964, 0.2637, -5.0658)
(-0.7598, -0.0885, -5.1949)
(-0.4719, -0.5382, -5.546)
(-2.7571, 1.1133, -4.181)
(-2.4655, 0.6834, -4.4064)
(-1.9255, 0.3183, -4.538)
(-1.3492, 0.0168, -4.5637)
(-0.931, -0.3977, -4.7606)
(-0.6327, -0.8866, -5.1406)
(-2.731, 0.8573, -3.7856)
(-2.4521, 0.4038, -3.9489)
(-1.9126, -0.0026, -4.0589)
(-1.3865, -0.3361, -4.1165)
(-1.0268, -0.7602, -4.3218)
(-0.7224, -1.249, -4.6873)
(-2.3558, 0.9169, -3.7411)
(-2.1317, 0.3682, -3.5928)
(-1.7889, -0.1692, -3.5958)
(-1.4618, -0.6708, -3.746)
(-1.2261, -1.1685, -4.0056)
(-0.8817, -1.6025, -4.2898)
(-2.1968, 0.7004, -3.3357)
(-2.0729, 0.1943, -3.211)
(-2.0063, -0.3166, -3.3182)
(-1.8652, -0.8637, -3.5461)
(-1.4936, -1.3902, -3.6654)
(-0.96, -1.7711, -3.7564)
(-2.2217, 0.4836, -2.6976)
(-2.3241, -0.0061, -2.8042)
(-2.3397, -0.5836, -2.9703)
(-2.065, -1.1227, -3.0915)
(-1.5678, -1.5536, -3.1369)
(-0.9585, -1.8668, -3.165)
(-2.4593, 0.2638, -2.0938)
(-2.5141, -0.2394, -2.2454)
(-2.4598, -0.8144, -2.4156)
(-2.1153, -1.3172, -2.5121)
(-1.5831, -1.6936, -2.5504)
(-0.9551, -1.9647, -2.5684)
(-2.7215, 0.0734, -1.5212)
(-2.6571, -0.4311, -1.6613)
(-2.5008, -0.9955, -1.8198)
(-2.1434, -1.4873, -1.9232)
(-1.6086, -1.8505, -1.9652)
(-0.9666, -2.0833, -1.9745)
(-2.9747, -0.0989, -0.9601)
(-2.8029, -0.5928, -1.0868)
(-2.5499, -1.1507, -1.2307)
(-2.1804, -1.6568, -1.3395)
(-1.6499, -2.0381, -1.3895)
(-0.9948, -2.2439, -1.3911)
(-3.2304, -0.2593, -0.4068)
(-2.9805, -0.7497, -0.5298)
(-2.6533, -1.3137, -0.6639)
(-2.2661, -1.86, -0.7765)
(-1.7282, -2.2773, -0.8323)
(-1.0435, -2.4549, -0.8234)
(-3.5114, -0.4047, 0.1379)
(-3.2005, -0.925, -0.0031)
(-2.8338, -1.518, -0.1365)
(-2.4014, -2.0916, -0.2324)
(-1.8052, -2.4815, -0.2633)
(-1.0797, -2.6037, -0.2453)
(-5.8777, 0.1118, 1.9211)
(-5.5693, -0.1587, 1.8489)
(-4.9731, -0.2448, 1.4974)
(-4.3887, -0.2192, 1.0108)
(-3.8282, -0.5644, 0.6487)
(-3.3827, -1.11, 0.5189)
(-2.938, -1.6654, 0.4122)
(-2.4319, -2.1828, 0.3443)
(-1.7894, -2.4663, 0.3302)
(-1.0617, -2.5156, 0.3457)
(-5.8399, 0.303, 1.9267)
(-5.5248, 0.0052, 1.6648)
(-5.1244, -0.2906, 1.2512)
(-4.6235, -0.6084, 1.003)
(-4.0437, -0.9429, 0.9883)
(-3.4722, -1.3193, 1.0066)
(-2.9133, -1.7176, 0.9501)
(-2.3547, -2.1133, 0.9129)
(-1.727, -2.3417, 0.9194)
(-1.0294, -2.3759, 0.9375)
(-6.1077, 0.2535, 1.6313)
(-5.811, -0.1705, 1.4379)
(-5.4208, -0.6465, 1.2158)
(-4.8978, -1.0563, 1.1502)
(-4.295, -1.3851, 1.2199)
(-3.6787, -1.6883, 1.3134)
(-3.0494, -1.9572, 1.3874)
(-2.3985, -2.1567, 1.4605)
(-1.717, -2.239, 1.513)
(-1.0192, -2.2395, 1.5375)
(-6.5058, -0.0842, 1.722)
(-6.1724, -0.5317, 1.5983)
(-5.7021, -0.9876, 1.5179)
(-5.1178, -1.3178, 1.5657)
(-4.4801, -1.5689, 1.6931)
(-3.8227, -1.7692, 1.8193)
(-3.1448, -1.9078, 1.9252)
(-2.4428, -1.9883, 2.0164)
(-1.7171, -2.0362, 2.0995)
(-1.01, -2.0823, 2.132)
(-6.8715, -0.4523, 2.0306)
(-6.4582, -0.8147, 1.9948)
(-5.8781, -1.0545, 2.0094)
(-5.2275, -1.2238, 2.1172)
(-4.5696, -1.4314, 2.2545)
(-3.8901, -1.5594, 2.3667)
(-3.1958, -1.6432, 2.4583)
(-2.4841, -1.7242, 2.5592)
(-1.7567, -1.8236, 2.6857)
(-1.0021, -1.9607, 2.6832)
(-7.1624, -0.7027, 2.4539)
(-6.6495, -0.849, 2.4928)
(-6.0046, -0.9222, 2.5545)
(-5.3358, -1.0719, 2.6909)
(-4.6489, -1.2244, 2.8177)
(-3.9555, -1.3023, 2.9091)
(-3.2636, -1.3898, 2.9991)
(-2.5746, -1.5038, 3.1004)
(-1.9647, -1.6113, 3.1957)
(-7.265, -0.6613, 2.9609)
(-6.727, -0.7233, 3.0049)
(-6.068, -0.7639, 3.059)
(-5.3937, -0.8617, 3.2031)
(-4.7019, -0.9689, 3.3316)
(-4.0087, -1.043, 3.4135)
(-3.3218, -1.1364, 3.5012)
(-2.6425, -1.2354, 3.581)
(-2.0828, -1.3273, 3.6388)
(-1.7986, -1.5166, 3.4685)
(-2.304, -1.4302, 3.4007)
(-2.9544, -1.3199, 3.3132)
(-3.6406, -1.2144, 3.2192)
(-4.3325, -1.1338, 3.1322)
(-5.0285, -1.0479, 3.0344)
(-5.7177, -0.8997, 2.8901)
(-6.3795, -0.8224, 2.7817)
(-6.9996, -0.7769, 2.7496)
(-1.5336, -1.7765, 3.0093)
(-2.1835, -1.6689, 2.8882)
(-2.8781, -1.5599, 2.776)
(-3.5753, -1.4709, 2.6822)
(-4.2676, -1.3873, 2.591)
(-4.9481, -1.2547, 2.4757)
(-5.6143, -1.0549, 2.3362)
(-6.2673, -0.9469, 2.2439)
(-6.8252, -0.7401, 2.2324)
(-0.6678, -2.0549, 2.3726)
(-1.3522, -1.9705, 2.4297)
(-2.0934, -1.8883, 2.3409)
(-2.8182, -1.821, 2.2404)
(-3.5175, -1.74, 2.1471)
(-4.1986, -1.6128, 2.037)
(-4.858, -1.4184, 1.9022)
(-5.4949, -1.1758, 1.7786)
(-6.0826, -0.9065, 1.752)
(-6.5302, -0.4734, 1.8207)
(-0.6694, -2.1679, 1.8467)
(-1.3622, -2.1527, 1.8275)
(-2.0735, -2.1338, 1.7768)
(-2.7698, -2.0485, 1.6944)
(-3.4397, -1.8864, 1.5966)
(-4.0847, -1.6539, 1.4874)
(-4.7149, -1.3824, 1.3738)
(-5.3116, -1.0538, 1.3111)
(-5.8017, -0.6007, 1.3861)
(-6.1616, -0.1015, 1.5562)
(-0.6732, -2.3097, 1.2447)
(-1.371, -2.308, 1.2266)
(-2.0505, -2.2451, 1.2032)
(-2.6678, -1.9941, 1.1737)
(-3.2687, -1.6772, 1.1659)
(-3.8672, -1.3396, 1.1356)
(-4.4671, -1.0101, 1.0526)
(-5.0289, -0.6454, 1.09)
(-5.4608, -0.2377, 1.3491)
(-5.7957, 0.1415, 1.684)
(-0.6865, -2.4482, 0.6492)
(-1.4013, -2.434, 0.6326)
(-2.0907, -2.3179, 0.6232)
(-2.6622, -1.9181, 0.6548)
(-3.1725, -1.4357, 0.7389)
(-3.6781, -0.9603, 0.819)
(-4.2148, -0.534, 0.8928)
(-4.7806, -0.3176, 1.1571)
(-5.2753, -0.1521, 1.5772)
(-5.7139, 0.0783, 1.9046)
(-0.7061, -2.5871, 0.0603)
(-1.446, -2.5589, 0.039)
(-2.1455, -2.3751, 0.0353)
(-2.6872, -1.8981, 0.0864)
(-3.1095, -1.3142, 0.1911)
(-3.4947, -0.7366, 0.3262)
(-3.8536, -0.208, 0.4902)
(-0.699, -2.5682, -0.5213)
(-1.4287, -2.5051, -0.5488)
(-2.0812, -2.2224, -0.5381)
(-2.5503, -1.7019, -0.458)
(-2.9184, -1.1233, -0.3325)
(-3.24, -0.5661, -0.1959)
(-3.4719, -0.1263, -0.0735)
(-0.6665, -2.3875, -1.0964)
(-1.3606, -2.2751, -1.1136)
(-1.9737, -1.9769, -1.0911)
(-2.4156, -1.4957, -1.003)
(-2.7466, -0.9511, -0.875)
(-3.0049, -0.4072, -0.7389)
(-3.1845, 0.0234, -0.6319)
(-0.6398, -2.2303, -1.6802)
(-1.3091, -2.0635, -1.6802)
(-1.9134, -1.7751, -1.66)
(-2.3608, -1.3337, -1.5843)
(-2.6428, -0.7989, -1.4519)
(-2.7915, -0.2453, -1.2988)
(-2.9038, 0.1937, -1.1898)
(-0.6295, -2.1217, -2.2769)
(-1.2825, -1.905, -2.2647)
(-1.8812, -1.6034, -2.2431)
(-2.332, -1.1695, -2.1761)
(-2.5676, -0.6298, -2.0405)
(-2.5813, -0.0701, -1.8681)
(-2.6171, 0.3761, -1.7555)
(-0.6323, -2.035, -2.8773)
(-1.2705, -1.778, -2.8558)
(-1.8557, -1.4441, -2.8294)
(-2.2908, -0.9815, -2.7683)
(-2.4729, -0.4168, -2.6317)
(-2.3631, 0.1485, -2.4522)
(-2.3082, 0.5709, -2.3394)
(-0.6453, -1.9542, -3.4773)
(-1.2679, -1.6614, -3.4437)
(-1.8008, -1.2517, -3.3903)
(-2.1307, -0.7125, -3.2822)
(-2.1943, -0.1762, -3.065)
(-2.1788, 0.355, -3.0163)
(-2.1975, 0.8007, -3.0378)
(-0.642, -1.865, -4.0715)
(-1.1821, -1.5127, -3.9709)
(-1.5208, -1.0542, -3.7337)
(-1.763, -0.4859, -3.5656)
(-1.9457, 0.0208, -3.3655)
(-2.1548, 0.5776, -3.5016)
(-2.3183, 1.078, -3.6673)
(-0.576, -1.6417, -4.5909)
(-0.9701, -1.2059, -4.3451)
(-1.2384, -0.748, -3.9872)
(-1.5879, -0.303, -3.8686)
(-2.089, 0.1145, -3.7668)
(-2.4554, 0.6498, -3.777)
(-2.624, 1.0973, -3.7282)
(-0.4977, -1.2942, -5.0624)
(-0.823, -0.8138, -4.7217)
(-1.1614, -0.3437, -4.3873)
(-1.6312, 0.0118, -4.3205)
(-2.2423, 0.3072, -4.2476)
(-2.6723, 0.7456, -4.0622)
(-2.8533, 1.1337, -3.8146)
(-0.4177, -0.9404, -5.5359)
(-0.68, -0.4669, -5.1617)
(-1.0677, -0.0301, -4.8692)
(-1.6091, 0.3101, -4.8082)
(-2.1958, 0.6357, -4.7432)
(-2.6055, 1.0763, -4.5383)
(-2.8141, 1.4723, -4.3222)
(-0.3163, -0.6216, -5.9115)
(-0.499, -0.1584, -5.5066)
(-0.9626, 0.2237, -5.2911)
(-1.5715, 0.5215, -5.2567)
(-2.1339, 0.8982, -5.1667)
(-2.5546, 1.3432, -4.9622)
(-2.7687, 1.7219, -4.747)
(-1.9195, -1.2357, 3.7844)
(-2.3472, -1.1288, 3.7677)
(-2.9898, -1.0478, 3.7193)
(-3.677, -0.9641, 3.6477)
(-4.3676, -0.8865, 3.57)
(-5.0566, -0.8119, 3.4828)
(-5.7116, -0.6779, 3.2913)
(-6.3824, -0.6223, 3.1949)
(-7.0137, -0.5683, 3.1682)
(-7.2848, 0.1313, 3.4663)
(-5.9662, -0.0785, 1.5364)
(-6.0453, 0.2775, 1.6039)
(-6.4675, 0.6765, 1.8337)
(-6.9282, 0.8121, 2.2446)
(-7.2475, 0.7678, 2.8212)
(-7.3665, 0.5135, 3.3213)
(-0.4014, 3.7559, -3.3515)
(-0.4157, 3.4035, -2.9352)
(-0.4519, 2.9127, -2.6585)
(-0.4217, 2.6868, -2.2457)
(-0.3923, 2.96, -1.8318)
(-0.2288, 3.0838, -1.3238)
(-0.0872, 2.9987, -0.8177)
(-0.2097, 2.8784, -0.352)
(-0.2715, 2.6329, 0.1655)
(-0.2841, 2.3703, 0.7105)
(-0.2927, 2.1145, 1.2603)
(-0.2999, 1.8473, 1.8056)
(-0.3057, 1.5724, 2.3478)
(-0.3148, 1.2711, 2.8732)
(-0.3295, 0.8929, 3.304)
(-0.3384, 0.5767, 3.5847)
(-0.4052, 3.925, -3.7637)
(-1.0897, 3.8383, -3.7652)
(-1.7596, 3.6705, -3.805)
(-2.3947, 3.4265, -3.8921)
(-2.8929, 3.0296, -4.0858)
(-3.0453, 2.5118, -4.4148)
(-2.9431, 2.0636, -4.7317)
(-7.1175, -0.1833, 3.374)
(-6.6694, -0.4324, 3.2984)
(-5.963, -0.5171, 3.3136)
(-5.3442, -0.6128, 3.5398)
(-4.7227, -0.7361, 3.739)
(-4.0357, -0.7955, 3.7905)
(-3.3463, -0.8593, 3.8515)
(-2.6542, -0.9172, 3.8906)
(-2.1404, -0.9039, 3.9453)
(-2.8698, 1.8221, -4.3949)
(-2.9694, 2.2716, -4.0555)
(-2.8358, 2.7983, -3.7162)
(-2.3634, 3.2136, -3.5079)
(-1.7436, 3.4896, -3.4051)
(-1.0836, 3.6811, -3.3546)
(-2.8701, 1.5023, -3.9173)
(-2.8908, 1.9599, -3.5862)
(-2.7147, 2.492, -3.2755)
(-2.2786, 2.9137, -3.0547)
(-1.7134, 3.2276, -2.8988)
(-1.0801, 3.4195, -2.8597)
(-2.7956, 1.2557, -3.5191)
(-2.695, 1.7172, -3.2189)
(-2.3661, 2.2035, -3.0256)
(-2.0164, 2.5513, -2.7645)
(-1.6429, 2.8685, -2.4373)
(-1.0816, 3.0165, -2.4493)
(-2.4139, 1.2909, -3.5318)
(-2.2867, 1.6829, -3.2037)
(-1.9158, 2.0472, -2.9232)
(-1.66, 2.2305, -2.5628)
(-1.4723, 2.4663, -2.1319)
(-1.0282, 2.6536, -2.0615)
(-2.2262, 1.0867, -3.1267)
(-2.0714, 1.4623, -2.81)
(-1.7281, 1.7972, -2.501)
(-1.3723, 2.0965, -2.2619)
(-1.0973, 2.3341, -1.915)
(-0.8332, 2.6192, -1.7008)
(-2.1918, 0.8277, -2.523)
(-1.9986, 1.2194, -2.2537)
(-1.6553, 1.597, -2.0049)
(-1.2737, 1.9782, -1.7969)
(-0.8286, 2.2711, -1.5887)
(-0.5166, 2.6101, -1.3586)
(-2.4572, 0.6616, -1.9605)
(-2.2897, 1.1098, -1.7503)
(-1.929, 1.5207, -1.5226)
(-1.4326, 1.7978, -1.3191)
(-0.9036, 2.0882, -1.1249)
(-0.4626, 2.5094, -0.9081)
(-2.7293, 0.4958, -1.3989)
(-2.5362, 0.9493, -1.2141)
(-2.1412, 1.3402, -1.0059)
(-1.6442, 1.6524, -0.807)
(-1.1811, 2.07, -0.6235)
(-0.7398, 2.5541, -0.4552)
(-2.9814, 0.3225, -0.8399)
(-2.7424, 0.7682, -0.6688)
(-2.3558, 1.2135, -0.4756)
(-1.9042, 1.6221, -0.2891)
(-1.4318, 2.0546, -0.0988)
(-0.9016, 2.4417, 0.0707)
(-3.2288, 0.1561, -0.2827)
(-2.918, 0.5759, -0.1252)
(-2.4853, 1.0159, 0.0617)
(-2.0074, 1.4309, 0.2469)
(-1.4931, 1.8354, 0.4384)
(-0.9268, 2.1864, 0.6115)
(-3.488, 0.0328, 0.2824)
(-3.0531, 0.3883, 0.4203)
(-2.5211, 0.7491, 0.5868)
(-1.9805, 1.122, 0.7573)
(-1.4489, 1.5171, 0.9507)
(-0.91, 1.901, 1.1456)
(-6.0142, -0.1396, 1.7813)
(-5.6477, -0.1893, 1.9356)
(-5.015, -0.2359, 1.5566)
(-4.4192, -0.176, 1.032)
(-3.7939, 0.0534, 0.8565)
(-3.1934, 0.3283, 0.991)
(-2.5883, 0.5926, 1.1508)
(-1.9941, 0.9052, 1.3034)
(-1.4247, 1.2439, 1.4811)
(-0.8942, 1.6247, 1.6844)
(-5.949, 0.0072, 1.7659)
(-5.7221, -0.0304, 1.9746)
(-5.2148, 0.03, 1.7547)
(-4.6272, 0.1513, 1.4487)
(-3.9965, 0.2952, 1.4149)
(-3.349, 0.4099, 1.5714)
(-2.7262, 0.6189, 1.7335)
(-2.1184, 0.904, 1.8821)
(-1.4954, 1.1309, 2.0484)
(-0.9123, 1.3998, 2.2388)
(-6.2724, 0.3786, 1.893)
(-6.0157, 0.2931, 2.1163)
(-5.3953, 0.365, 2.0692)
(-4.7774, 0.4976, 1.9296)
(-4.1664, 0.5548, 1.9605)
(-3.5225, 0.5543, 2.1431)
(-2.8929, 0.729, 2.3077)
(-2.2698, 0.9626, 2.4633)
(-1.6181, 1.1121, 2.6296)
(-0.9703, 1.2307, 2.7936)
(-6.6701, 0.7127, 2.2003)
(-6.2832, 0.6227, 2.4385)
(-5.654, 0.6173, 2.4892)
(-5.0335, 0.6766, 2.4708)
(-4.3662, 0.6839, 2.5336)
(-3.707, 0.6797, 2.7038)
(-3.0513, 0.7851, 2.8743)
(-2.3833, 0.8808, 3.0386)
(-1.6837, 0.8986, 3.1885)
(-0.9974, 0.8988, 3.2807)
(-7.0044, 0.8048, 2.6854)
(-6.5996, 0.7344, 2.8973)
(-5.9692, 0.6394, 2.9721)
(-5.2687, 0.6045, 3.014)
(-4.5525, 0.5702, 3.1002)
(-3.864, 0.5669, 3.2478)
(-3.179, 0.5803, 3.3919)
(-2.4759, 0.556, 3.5206)
(-1.7517, 0.4784, 3.6359)
(-1.0053, 0.4867, 3.6605)
(-7.1669, 0.6272, 3.1938)
(-6.7062, 0.4848, 3.3319)
(-6.0661, 0.3547, 3.4004)
(-5.3563, 0.262, 3.4866)
(-4.6462, 0.1969, 3.5755)
(-3.9536, 0.1602, 3.6456)
(-3.2619, 0.1189, 3.7317)
(-2.5667, 0.0625, 3.8167)
(-1.9496, -0.0034, 3.8951)
(-7.1758, 0.1884, 3.4368)
(-6.6857, -0.0105, 3.4311)
(-5.9981, -0.1514, 3.4581)
(-5.3322, -0.2522, 3.6366)
(-4.6917, -0.3154, 3.7942)
(-4.0035, -0.3686, 3.8122)
(-3.3133, -0.4275, 3.8527)
(-2.628, -0.4853, 3.9069)
(-2.0626, -0.5239, 3.9794)
(-1.7751, -0.2949, 3.9943)
(-2.2863, -0.2467, 3.9198)
(-2.9445, -0.1885, 3.8475)
(-3.6363, -0.1329, 3.7857)
(-4.3273, -0.0825, 3.7382)
(-5.0129, -0.0326, 3.6868)
(-5.687, 0.0484, 3.5186)
(-6.3835, 0.1692, 3.4489)
(-6.9728, 0.3283, 3.394)
(-1.5242, 0.1967, 3.8334)
(-2.1782, 0.2889, 3.7441)
(-2.8761, 0.3537, 3.6435)
(-3.5714, 0.3863, 3.533)
(-4.2617, 0.4006, 3.4129)
(-4.9657, 0.434, 3.3139)
(-5.6984, 0.5032, 3.2449)
(-6.3796, 0.5843, 3.1852)
(-6.9294, 0.7208, 3.0674)
(-0.6711, 0.719, 3.4664)
(-1.3431, 0.6844, 3.4744)
(-2.0726, 0.7332, 3.3673)
(-2.7795, 0.7418, 3.2239)
(-3.4566, 0.6894, 3.0673)
(-4.129, 0.6499, 2.9009)
(-4.8124, 0.675, 2.7643)
(-5.5058, 0.6652, 2.7379)
(-6.1339, 0.6794, 2.6993)
(-6.7079, 0.7615, 2.5717)
(-0.6573, 1.0948, 3.0925)
(-1.3194, 1.0616, 2.9901)
(-1.9974, 1.002, 2.8381)
(-2.657, 0.8737, 2.6735)
(-3.2919, 0.6886, 2.5103)
(-3.9406, 0.6198, 2.3324)
(-4.5813, 0.6564, 2.1912)
(-5.204, 0.5548, 2.2345)
(-5.8262, 0.4864, 2.2807)
(-6.3887, 0.4921, 2.1722)
(-0.6345, 1.4096, 2.5902)
(-1.2433, 1.2168, 2.4281)
(-1.8799, 1.044, 2.2537)
(-2.5056, 0.8119, 2.095)
(-3.1153, 0.549, 1.9452)
(-3.7578, 0.4461, 1.7682)
(-4.3944, 0.4027, 1.6458)
(-4.999, 0.2515, 1.7717)
(-5.5964, 0.1533, 1.999)
(-6.0309, 0.1139, 1.9643)
(-0.6164, 1.6496, 2.0405)
(-1.1651, 1.3218, 1.8589)
(-1.7444, 1.0251, 1.672)
(-2.3487, 0.7361, 1.5158)
(-2.9558, 0.4559, 1.3649)
(-3.5871, 0.2656, 1.2011)
(-4.2234, 0.0529, 1.138)
(-4.8301, -0.0659, 1.4164)
(-5.3966, -0.1356, 1.8485)
(-5.8592, -0.1026, 1.9192)
(-0.6137, 1.9109, 1.4928)
(-1.1654, 1.5663, 1.314)
(-1.696, 1.172, 1.1134)
(-2.2591, 0.8161, 0.9423)
(-2.8339, 0.489, 0.7846)
(-3.3949, 0.1854, 0.6281)
(-3.8804, -0.1648, 0.521)
(-0.6153, 2.175, 0.9469)
(-1.2048, 1.8716, 0.7919)
(-1.7391, 1.4788, 0.5978)
(-2.2563, 1.0795, 0.4109)
(-2.7526, 0.6791, 0.2348)
(-3.1936, 0.2735, 0.0642)
(-3.4831, -0.0996, -0.058)
(-0.6114, 2.4409, 0.4023)
(-1.2152, 2.1606, 0.2628)
(-1.7376, 1.7611, 0.0752)
(-2.2128, 1.3415, -0.1134)
(-2.6458, 0.9078, -0.2999)
(-2.9921, 0.4459, -0.4867)
(-3.194, 0.0412, -0.6275)
(-0.5686, 2.685, -0.1374)
(-1.0924, 2.3122, -0.2786)
(-1.5503, 1.8505, -0.455)
(-2.0143, 1.449, -0.6461)
(-2.4656, 1.0843, -0.84)
(-2.7705, 0.6242, -1.0366)
(-2.9174, 0.2082, -1.1923)
(-0.3689, 2.7592, -0.6143)
(-0.8038, 2.2863, -0.7791)
(-1.2745, 1.8646, -0.972)
(-1.7944, 1.5751, -1.1634)
(-2.263, 1.262, -1.3774)
(-2.536, 0.7982, -1.5897)
(-2.6383, 0.3804, -1.7643)
(-0.3072, 2.8084, -1.0607)
(-0.5938, 2.3321, -1.2603)
(-1.0917, 2.0456, -1.4634)
(-1.5563, 1.7264, -1.6588)
(-1.9642, 1.3762, -1.8795)
(-2.2325, 0.9359, -2.1202)
(-2.347, 0.5558, -2.3511)
(-0.5436, 2.8704, -1.529)
(-0.7725, 2.4238, -1.6223)
(-1.1118, 2.219, -1.9281)
(-1.4692, 1.8433, -2.1353)
(-1.8437, 1.5184, -2.3842)
(-2.1133, 1.1261, -2.6797)
(-2.2153, 0.7876, -2.9747)
(-0.709, 2.7102, -1.9565)
(-1.1483, 2.491, -1.8774)
(-1.4083, 2.2524, -2.2412)
(-1.6187, 2.0451, -2.5972)
(-1.9965, 1.7858, -2.8956)
(-2.2582, 1.3946, -3.2225)
(-2.2909, 1.0597, -3.5462)
(-0.759, 2.7644, -2.3624)
(-1.3477, 2.7846, -2.2028)
(-1.7462, 2.4845, -2.4322)
(-1.9419, 2.2721, -2.8739)
(-2.3313, 1.9261, -3.079)
(-2.5841, 1.472, -3.372)
(-2.6076, 1.0852, -3.6685)
(-0.7606, 3.2098, -2.7109)
(-1.3945, 3.1876, -2.6187)
(-1.9437, 2.8981, -2.7463)
(-2.3743, 2.5565, -3.0236)
(-2.7295, 2.0764, -3.2112)
(-2.8607, 1.5634, -3.5254)
(-2.8584, 1.1472, -3.7994)
(-0.7425, 3.6088, -3.1067)
(-1.412, 3.4871, -3.1255)
(-2.0411, 3.23, -3.2079)
(-2.597, 2.8876, -3.3677)
(-2.9096, 2.3884, -3.6464)
(-2.9056, 1.8752, -4.0126)
(-2.8199, 1.4852, -4.3068)
(-0.7466, 3.8254, -3.5598)
(-1.4223, 3.6851, -3.5905)
(-2.0739, 3.4689, -3.6533)
(-2.6525, 3.1475, -3.7948)
(-2.9896, 2.6634, -4.0636)
(-2.9601, 2.1542, -4.427)
(-2.8366, 1.7712, -4.7043)
(-1.9035, -0.715, 4.0125)
(-2.3396, -0.7311, 3.9334)
(-2.9858, -0.6853, 3.8819)
(-3.6761, -0.6254, 3.8373)
(-4.3652, -0.5639, 3.7986)
(-5.0337, -0.5029, 3.735)
(-5.6362, -0.3959, 3.4677)
(-6.3297, -0.3041, 3.3768)
(-6.9611, -0.1351, 3.3984)
(-2.2418, 0.9297, -3.3693)
(-2.3673, 1.208, -3.8442)
(-2.7865, 1.6513, -4.5675)
(-5.9293, -0.0665, 1.9803)
(-5.2877, -0.2815, 1.8042)
(-4.1075, -0.196, 0.7929)
(-3.6265, -0.1768, 0.2183)
(-4.7004, -0.1993, 1.2498)
(-2.7711, 0.2883, -1.4726)
(-2.4843, 0.4682, -2.0473)
(-7.0352, -0.3631, 3.3182)
(-2.8642, 0.9745, -3.5525)
(-6.3231, -0.5043, 3.2989)
(-5.6378, -0.5146, 3.372)
(-5.0692, -0.7209, 3.7117)
(-4.377, -0.7669, 3.746)
(-3.3286, -0.0491, -0.3498)
(-3.6874, -0.837, 3.8199)
(-2.9957, -0.8979, 3.8709)
(-2.1709, 0.6586, -2.6432)
(-2.3033, -0.9545, 3.9005)
(-2.8474, 1.3063, -4.0616)
(-3.05, 0.1136, -0.9095)
(0.2846, -0.8267, -6.04)
(0.619, -0.4175, -5.6626)
(1.0645, -0.269, -5.394)
(1.6794, -0.1929, -5.2546)
(2.1473, 0.2386, -5.1373)
(2.4395, 0.8444, -5.0424)
(0.3074, -1.1384, -5.6391)
(0.5967, -0.7383, -5.29)
(2.6492, 1.3628, -4.9173)
(0.92, -0.4296, -4.9842)
(1.4552, -0.1565, -4.833)
(1.9526, 0.2821, -4.7256)
(2.3452, 0.8081, -4.5864)
(2.6454, 1.2371, -4.4441)
(0.33, -1.4724, -5.1428)
(0.6725, -1.0845, -4.8465)
(0.9424, -0.6143, -4.5108)
(1.3842, -0.184, -4.3503)
(1.8899, 0.2419, -4.2806)
(2.2947, 0.7199, -4.0781)
(2.6465, 1.0301, -3.908)
(0.3485, -1.777, -4.6275)
(0.8522, -1.4444, -4.4417)
(1.2215, -0.9471, -4.16)
(1.6365, -0.4796, -3.95)
(1.9861, -0.0056, -3.8954)
(2.1965, 0.5108, -3.8425)
(2.4607, 0.8756, -3.7699)
(0.3587, -2.008, -4.0793)
(0.9717, -1.7834, -3.9976)
(1.4366, -1.334, -3.8076)
(1.8212, -0.8315, -3.556)
(1.961, -0.2772, -3.4605)
(2.0335, 0.2936, -3.5606)
(2.2328, 0.728, -3.6074)
(0.361, -2.1604, -3.4942)
(1.0114, -2.0266, -3.4534)
(1.4737, -1.6096, -3.2931)
(1.7732, -1.0616, -3.0448)
(1.9838, -0.5248, -2.9618)
(2.0991, 0.0388, -2.9993)
(2.1597, 0.5092, -2.9649)
(0.3707, -2.2711, -2.8979)
(1.0382, -2.203, -2.8795)
(1.5416, -1.8393, -2.777)
(1.8665, -1.3008, -2.6083)
(2.1392, -0.7701, -2.5233)
(2.2717, -0.2107, -2.4514)
(2.2808, 0.3043, -2.3291)
(0.3808, -2.34, -2.2932)
(1.0597, -2.3068, -2.2861)
(1.6522, -2.0162, -2.2404)
(2.0821, -1.5322, -2.1497)
(2.3323, -0.9784, -2.0246)
(2.4772, -0.3937, -1.8886)
(2.5862, 0.1134, -1.7759)
(0.3875, -2.3896, -1.6858)
(1.073, -2.3731, -1.6835)
(1.6827, -2.118, -1.647)
(2.1347, -1.6503, -1.5631)
(2.4473, -1.1138, -1.4486)
(2.6928, -0.5545, -1.3288)
(2.8778, -0.0653, -1.2283)
(0.3921, -2.4647, -1.0838)
(1.0964, -2.4616, -1.0859)
(1.7369, -2.2537, -1.0649)
(2.2189, -1.7951, -0.9911)
(2.5835, -1.254, -0.8857)
(2.9126, -0.7067, -0.7798)
(3.1666, -0.23, -0.6864)
(0.3967, -2.5935, -0.4971)
(1.1299, -2.5924, -0.4972)
(1.829, -2.4385, -0.4941)
(2.382, -2.0083, -0.4509)
(2.7933, -1.4395, -0.3627)
(3.1617, -0.8667, -0.2562)
(3.4622, -0.376, -0.1503)
(0.3959, -2.5982, 0.081)
(1.1345, -2.5959, 0.0881)
(1.8654, -2.504, 0.0919)
(2.4921, -2.1586, 0.11)
(2.9749, -1.6126, 0.1668)
(3.3968, -1.035, 0.2594)
(3.7928, -0.4943, 0.3802)
(0.3891, -2.4532, 0.6655)
(1.1086, -2.4469, 0.673)
(1.8263, -2.38, 0.6788)
(2.4898, -2.1289, 0.695)
(3.0664, -1.7076, 0.7286)
(3.5936, -1.2291, 0.7666)
(4.1138, -0.7281, 0.8221)
(4.6715, -0.3449, 0.9863)
(0.3803, -2.3126, 1.2604)
(1.0809, -2.2941, 1.2583)
(1.7662, -2.185, 1.2445)
(2.4083, -1.9278, 1.237)
(5.192, -0.132, 1.3039)
(3.0169, -1.5832, 1.2436)
(3.6115, -1.2093, 1.2482)
(5.6794, -0.0162, 1.7184)
(4.1931, -0.8142, 1.2497)
(6.1227, 0.0936, 1.9654)
(4.7732, -0.4332, 1.2708)
(0.375, -2.1794, 1.8611)
(1.0654, -2.163, 1.8595)
(1.7552, -2.0852, 1.8231)
(5.259, -0.1489, 1.3319)
(2.42, -1.8899, 1.7469)
(3.0484, -1.6061, 1.6711)
(5.6893, 0.0903, 1.5275)
(3.6649, -1.2921, 1.6179)
(4.2727, -0.9563, 1.5753)
(6.1185, 0.342, 1.7214)
(0.3747, -2.0736, 2.3557)
(4.8758, -0.6168, 1.5442)
(1.0638, -2.0331, 2.4269)
(5.4258, -0.3304, 1.4963)
(1.7882, -1.9733, 2.4136)
(2.523, -1.8891, 2.2853)
(3.2166, -1.7441, 2.1524)
(5.9317, -0.0562, 1.462)
(3.8778, -1.5409, 2.0309)
(6.3572, 0.2481, 1.4544)
(4.5143, -1.2768, 1.9105)
(5.1242, -0.9473, 1.8175)
(5.6849, -0.5724, 1.835)
(1.9398, -1.764, 2.9496)
(2.6212, -1.7073, 2.838)
(3.3298, -1.6249, 2.7174)
(6.2465, -0.263, 1.8207)
(4.0209, -1.5084, 2.5931)
(6.7258, -0.0498, 1.6594)
(4.6953, -1.3393, 2.4584)
(5.3532, -1.0667, 2.3367)
(5.985, -0.7719, 2.2597)
(2.1318, -1.5057, 3.4195)
(2.7164, -1.4416, 3.3376)
(3.4071, -1.36, 3.2329)
(6.5823, -0.5313, 2.1762)
(4.1017, -1.2683, 3.1188)
(7.07, -0.3482, 2.0206)
(4.7992, -1.1656, 3.0019)
(5.5133, -0.9992, 2.8719)
(2.2111, -1.1975, 3.7538)
(2.7474, -1.1039, 3.6933)
(6.2104, -0.8447, 2.7374)
(3.4313, -1.0295, 3.602)
(4.1205, -0.9522, 3.5005)
(6.8373, -0.7382, 2.5968)
(4.8144, -0.8837, 3.4101)
(7.3334, -0.6066, 2.4459)
(5.5161, -0.7877, 3.2965)
(6.2146, -0.7054, 3.1605)
(6.8808, -0.662, 3.0422)
(7.3665, -0.6392, 2.887)
(7.3356, -0.255, 3.3658)
(6.3702, -0.1665, 1.9833)
(6.557, 0.1093, 1.9488)
(6.7454, 0.5087, 2.1164)
(6.9946, 0.7348, 2.6113)
(7.2041, 0.6628, 3.1646)
(7.3284, 0.2201, 3.4037)
(2.07, -0.3034, 3.9475)
(2.6511, -0.2401, 3.8647)
(3.3366, -0.1724, 3.7856)
(4.0222, -0.1088, 3.696)
(4.7, -0.0506, 3.5735)
(5.3888, -0.0297, 3.5229)
(6.0595, 0.0126, 3.5021)
(6.7474, 0.1133, 3.4437)
(1.8699, 0.2038, 3.7838)
(2.5385, 0.2891, 3.6826)
(3.2347, 0.3484, 3.5675)
(3.9176, 0.391, 3.4419)
(4.5965, 0.461, 3.3286)
(5.3056, 0.4858, 3.292)
(5.9775, 0.4909, 3.2847)
(6.6335, 0.5559, 3.2429)
(0.3404, 0.6903, 3.4435)
(1.0069, 0.6167, 3.4466)
(1.708, 0.6153, 3.3881)
(2.4255, 0.664, 3.2543)
(3.1127, 0.6707, 3.106)
(3.7817, 0.6578, 2.9524)
(4.4472, 0.6763, 2.8342)
(5.1263, 0.6865, 2.7761)
(5.8073, 0.666, 2.7518)
(6.4443, 0.6546, 2.7101)
(0.331, 0.9723, 3.0425)
(0.9774, 0.8886, 2.9367)
(1.6556, 0.8849, 2.828)
(2.3362, 0.8337, 2.6865)
(2.994, 0.7215, 2.5372)
(3.6477, 0.635, 2.3791)
(4.3098, 0.5757, 2.2496)
(4.9632, 0.5703, 2.172)
(5.6317, 0.5444, 2.2062)
(6.2408, 0.4443, 2.2457)
(0.3066, 1.2537, 2.5139)
(0.9197, 1.0772, 2.3536)
(1.5905, 1.0174, 2.2301)
(2.2427, 0.8645, 2.0914)
(2.8726, 0.6313, 1.9554)
(3.5151, 0.4692, 1.8077)
(4.1754, 0.3597, 1.6776)
(4.8268, 0.3138, 1.6266)
(5.4506, 0.2126, 1.8111)
(6.049, 0.0595, 2.0227)
(0.2883, 1.5283, 1.974)
(0.8559, 1.2395, 1.781)
(1.4978, 1.068, 1.6347)
(2.129, 0.8413, 1.4991)
(2.741, 0.55, 1.3696)
(3.3736, 0.3229, 1.2333)
(4.0198, 0.1155, 1.1126)
(4.6587, -0.0099, 1.19)
(5.2847, -0.0908, 1.516)
(5.8938, -0.1793, 1.8588)
(0.3108, 1.8327, 1.4525)
(0.8507, 1.4739, 1.2425)
(1.4241, 1.1592, 1.0538)
(2.0252, 0.8618, 0.9087)
(2.6244, 0.552, 0.7832)
(3.2274, 0.2728, 0.6551)
(3.7689, -0.0244, 0.5366)
(0.3585, 2.1472, 0.9411)
(0.9219, 1.8169, 0.7562)
(1.4549, 1.4328, 0.5428)
(2.0219, 1.085, 0.3794)
(2.5917, 0.7603, 0.2502)
(3.1138, 0.4085, 0.1071)
(3.4786, 0.035, -0.0292)
(0.3934, 2.4406, 0.4159)
(1.0045, 2.1789, 0.2788)
(1.5599, 1.8174, 0.0867)
(2.1052, 1.4584, -0.0848)
(2.6121, 1.0929, -0.2387)
(3.0011, 0.6461, -0.4153)
(3.2172, 0.1876, -0.5768)
(0.4162, 2.7316, -0.1139)
(1.0512, 2.5037, -0.2305)
(1.6319, 2.1709, -0.3992)
(2.1612, 1.803, -0.5742)
(2.5741, 1.374, -0.7547)
(2.8223, 0.8493, -0.9466)
(2.9367, 0.356, -1.1147)
(0.4381, 3.0329, -0.6332)
(1.0642, 2.7945, -0.7636)
(1.643, 2.4556, -0.9319)
(2.1425, 2.0581, -1.111)
(2.4206, 1.564, -1.2807)
(2.5623, 1.0066, -1.4698)
(2.6475, 0.5246, -1.6587)
(0.3974, 3.2321, -1.1809)
(1.007, 2.9958, -1.3228)
(1.532, 2.5927, -1.4819)
(1.9185, 2.1043, -1.5576)
(2.078, 1.5881, -1.6868)
(2.2158, 1.0864, -1.9528)
(2.3243, 0.6617, -2.1914)
(0.2774, 3.2296, -1.7504)
(0.8393, 3.0202, -1.8737)
(1.2705, 2.5182, -1.9813)
(1.6071, 1.9695, -1.9575)
(1.8548, 1.5739, -2.1141)
(2.0884, 1.2235, -2.5055)
(2.2058, 0.8438, -2.7993)
(0.2319, 2.9439, -2.1977)
(0.8144, 2.9015, -2.333)
(1.2356, 2.5094, -2.4344)
(1.6042, 2.0048, -2.4086)
(1.9702, 1.7366, -2.6172)
(2.2314, 1.4632, -3.0528)
(2.3275, 1.0883, -3.3864)
(0.2112, 2.7214, -2.6374)
(0.8666, 2.7209, -2.7803)
(1.4169, 2.6198, -2.8193)
(1.8748, 2.3166, -2.754)
(2.3031, 1.9842, -2.9082)
(2.5888, 1.6004, -3.2643)
(2.6628, 1.1735, -3.5799)
(0.1924, 3.0044, -3.0085)
(0.8293, 2.8597, -3.1899)
(1.4695, 2.7848, -3.208)
(2.0651, 2.6039, -3.1448)
(2.6011, 2.2421, -3.2206)
(2.9135, 1.771, -3.4934)
(2.9292, 1.2939, -3.7843)
(0.253, 3.5195, -3.2508)
(0.8963, 3.3718, -3.3965)
(1.5457, 3.1815, -3.4743)
(2.1694, 2.9299, -3.5253)
(2.6927, 2.5727, -3.6761)
(2.9149, 2.0786, -3.9805)
(2.8653, 1.598, -4.2843)
(0.2831, 3.81, -3.5946)
(0.9339, 3.6144, -3.6155)
(1.5489, 3.331, -3.5971)
(2.1318, 3.0516, -3.7141)
(2.6336, 2.7691, -4.0325)
(2.8548, 2.339, -4.4018)
(2.8208, 1.8587, -4.7056)
(2.1819, -0.7546, 3.9491)
(2.72, -0.7294, 3.8614)
(3.4006, -0.6627, 3.7845)
(4.0838, -0.5934, 3.6982)
(4.7591, -0.5367, 3.5911)
(5.4242, -0.4859, 3.4931)
(6.0889, -0.4244, 3.3948)
(6.796, -0.3561, 3.3177)
(-0.1479, -0.8276, -6.0663)
(-0.4037, -0.3873, -5.705)
(-0.6925, 0.0474, -5.3671)
(-1.2644, 0.373, -5.2661)
(-1.8648, 0.6958, -5.2275)
(-2.3693, 1.1215, -5.0726)
(-0.2045, -1.1331, -5.6611)
(-0.5572, -0.7078, -5.3568)
(-2.68, 1.5421, -4.8532)
(-0.8493, -0.2375, -4.9887)
(-1.3238, 0.1504, -4.8202)
(-1.9111, 0.4623, -4.791)
(-2.4301, 0.8504, -4.6518)
(-2.7251, 1.2811, -4.4273)
(-0.2485, -1.4674, -5.1617)
(-0.677, -1.065, -4.9087)
(-0.9802, -0.5683, -4.5301)
(-1.3737, -0.1498, -4.332)
(-1.9371, 0.1501, -4.2979)
(-2.4934, 0.5169, -4.1656)
(-2.7795, 0.9517, -3.9463)
(-0.2906, -1.7745, -4.6461)
(-0.7995, -1.4396, -4.4932)
(-1.1072, -0.9753, -4.1527)
(-1.3914, -0.5199, -3.9088)
(-1.8352, -0.1032, -3.8119)
(-2.3006, 0.3785, -3.766)
(-2.5543, 0.8859, -3.7622)
(-0.3191, -1.9677, -4.0877)
(-0.9354, -1.707, -4.0397)
(-1.3712, -1.2989, -3.8536)
(-1.6514, -0.7711, -3.6513)
(-1.8552, -0.2309, -3.4438)
(-2.0499, 0.2982, -3.4047)
(-2.244, 0.8329, -3.5855)
(-0.3165, -2.0595, -3.4889)
(-0.9638, -1.821, -3.4626)
(-1.5516, -1.4745, -3.4195)
(-1.9993, -0.9898, -3.352)
(-2.1869, -0.4431, -3.1692)
(-2.185, 0.0953, -3.02)
(-2.1864, 0.587, -3.0245)
(-0.3037, -2.1401, -2.8872)
(-0.9549, -1.914, -2.8667)
(-1.5752, -1.6244, -2.8445)
(-2.0976, -1.229, -2.8062)
(-2.4233, -0.7077, -2.7101)
(-2.4323, -0.1222, -2.5387)
(-2.3258, 0.3739, -2.3895)
(-0.2966, -2.2135, -2.2835)
(-0.9591, -2.0203, -2.2707)
(-1.5944, -1.7688, -2.2571)
(-2.1295, -1.4027, -2.2173)
(-2.482, -0.9094, -2.1169)
(-2.5869, -0.3416, -1.9516)
(-2.592, 0.1645, -1.8054)
(-0.2992, -2.2952, -1.6812)
(-0.978, -2.1566, -1.6806)
(-1.6257, -1.9386, -1.6751)
(-2.1587, -1.5705, -1.6299)
(-2.5218, -1.0748, -1.524)
(-2.7278, -0.5139, -1.3728)
(-2.8486, -0.0141, -1.2397)
(-0.3138, -2.4188, -1.0889)
(-1.0178, -2.3464, -1.1067)
(-1.6849, -2.153, -1.11)
(-2.2142, -1.7516, -1.0543)
(-2.5909, -1.2277, -0.9422)
(-2.8859, -0.6702, -0.8049)
(-3.1013, -0.1805, -0.6825)
(-0.3327, -2.5783, -0.5094)
(-1.0668, -2.5527, -0.5365)
(-1.7736, -2.3979, -0.5512)
(-2.3361, -1.981, -0.506)
(-2.7409, -1.4139, -0.3987)
(-3.088, -0.8344, -0.2634)
(-3.3651, -0.3344, -0.1331)
(-0.3379, -2.5915, 0.069)
(-1.0762, -2.5812, 0.0495)
(-1.8092, -2.5, 0.0323)
(-2.4368, -2.1649, 0.0532)
(-2.9071, -1.6099, 0.1336)
(-3.3054, -1.0198, 0.2556)
(-3.6761, -0.4698, 0.4039)
(-0.3285, -2.4506, 0.6557)
(-1.0438, -2.4443, 0.6412)
(-1.756, -2.4045, 0.6251)
(-2.3899, -2.1449, 0.6319)
(-2.9206, -1.6779, 0.6928)
(-3.4236, -1.1956, 0.7839)
(-3.94, -0.7331, 0.8439)
(-4.502, -0.4085, 0.999)
(-0.3226, -2.3106, 1.2517)
(-1.0226, -2.31, 1.2362)
(-1.7167, -2.2951, 1.2162)
(-2.365, -2.1379, 1.1871)
(-5.0345, -0.2367, 1.3597)
(-2.9686, -1.8391, 1.1682)
(-3.5678, -1.5086, 1.1587)
(-5.5135, -0.0459, 1.7673)
(-4.1677, -1.1756, 1.0921)
(-5.8284, 0.225, 1.9604)
(-4.7596, -0.8347, 1.0458)
(-0.3223, -2.174, 1.8524)
(-1.0143, -2.1599, 1.8396)
(-1.7171, -2.1474, 1.8067)
(-5.261, -0.4425, 1.195)
(-2.4249, -2.1011, 1.7385)
(-3.1082, -1.9771, 1.6468)
(-5.6372, -0.0429, 1.5287)
(-3.7647, -1.7769, 1.5435)
(-4.4016, -1.5224, 1.4291)
(-5.9414, 0.3181, 1.7751)
(-0.3226, -2.0728, 2.3481)
(-5.0218, -1.2305, 1.3297)
(-1.0075, -2.0177, 2.4088)
(-5.573, -0.8418, 1.3304)
(-1.7224, -1.9269, 2.3945)
(-2.4588, -1.8542, 2.2889)
(-3.1706, -1.7844, 2.1943)
(-5.9965, -0.3446, 1.4695)
(-3.8604, -1.6839, 2.0953)
(-6.304, 0.1062, 1.6244)
(-4.5311, -1.5243, 1.9719)
(-5.1795, -1.2981, 1.8334)
(-5.8006, -1.0566, 1.7507)
(-1.8574, -1.7233, 2.9462)
(-2.5262, -1.6131, 2.8308)
(-3.2279, -1.5129, 2.7271)
(-6.3269, -0.6987, 1.7796)
(-3.9222, -1.431, 2.638)
(-6.6953, -0.2748, 1.8626)
(-4.6099, -1.3326, 2.5376)
(-5.282, -1.1501, 2.4054)
(-5.9457, -0.9989, 2.2794)
(-2.0376, -1.4757, 3.4364)
(-2.6157, -1.3769, 3.359)
(-3.2972, -1.2646, 3.2658)
(-6.5663, -0.8588, 2.2335)
(-3.9858, -1.1711, 3.1749)
(-7.0333, -0.6058, 2.2246)
(-4.6803, -1.0979, 3.0882)
(-5.3759, -0.9741, 2.9647)
(-2.1143, -1.1795, 3.779)
(-2.651, -1.0872, 3.747)
(-6.0505, -0.8497, 2.8252)
(-3.3333, -1.0063, 3.6854)
(-4.0216, -0.9232, 3.6078)
(-6.7049, -0.8061, 2.7638)
(-4.7145, -0.8545, 3.5354)
(-7.2406, -0.7159, 2.7173)
(-5.3856, -0.7434, 3.389)
(-6.0454, -0.644, 3.229)
(-6.7153, -0.5935, 3.1815)
(-7.2416, -0.564, 3.1355)
(-7.1476, -0.0088, 3.4292)
(-5.9434, -0.0916, 1.7578)
(-6.0759, 0.1763, 1.8095)
(-6.4751, 0.5678, 2.0222)
(-6.8526, 0.7915, 2.4261)
(-7.1086, 0.7547, 2.9556)
(-7.1862, 0.4191, 3.3589)
(-2.0168, -0.2719, 3.957)
(-2.6018, -0.2182, 3.8827)
(-3.2907, -0.16, 3.8154)
(-3.9818, -0.1069, 3.7583)
(-4.6723, -0.0594, 3.7243)
(-5.3477, 0.0029, 3.6044)
(-6.0378, 0.1038, 3.472)
(-6.7017, 0.2445, 3.4243)
(-1.8499, 0.2466, 3.7882)
(-2.523, 0.3249, 3.6957)
(-3.2255, 0.3737, 3.5897)
(-3.9163, 0.3936, 3.4725)
(-4.6097, 0.4125, 3.3596)
(-5.3326, 0.4669, 3.2763)
(-6.0494, 0.5373, 3.2169)
(-6.6809, 0.6548, 3.1405)
(-0.3347, 0.7267, 3.457)
(-1.0041, 0.6989, 3.4779)
(-1.7078, 0.7066, 3.4299)
(-2.4301, 0.7462, 3.2978)
(-3.1203, 0.7199, 3.147)
(-3.7924, 0.6617, 2.9846)
(-4.4675, 0.6607, 2.8213)
(-5.1644, 0.6738, 2.7432)
(-5.8225, 0.6634, 2.7248)
(-6.4498, 0.7181, 2.6565)
(-0.3222, 1.0831, 3.1069)
(-0.9879, 1.0839, 3.051)
(-1.6578, 1.0364, 2.9175)
(-2.3313, 0.9492, 2.7558)
(-2.9747, 0.7781, 2.5926)
(-3.6151, 0.6327, 2.4234)
(-4.2631, 0.644, 2.2445)
(-4.8951, 0.6161, 2.1968)
(-5.51, 0.5123, 2.2687)
(-6.148, 0.4718, 2.2549)
(-0.3094, 1.431, 2.6163)
(-0.941, 1.3234, 2.5196)
(-1.5585, 1.1287, 2.3385)
(-2.1965, 0.9393, 2.1722)
(-2.8087, 0.6705, 2.0217)
(-3.4335, 0.4774, 1.859)
(-4.08, 0.4328, 1.6855)
(-4.6983, 0.332, 1.6786)
(-5.3022, 0.1952, 1.8965)
(-5.8577, 0.1157, 2.0276)
(-0.3028, 1.7103, 2.077)
(-0.8969, 1.5009, 1.9596)
(-1.4481, 1.1654, 1.7613)
(-2.046, 0.8833, 1.5911)
(-2.6504, 0.5872, 1.4422)
(-3.2692, 0.3562, 1.2813)
(-3.9056, 0.1598, 1.1408)
(-4.5317, -0.0161, 1.2389)
(-5.1186, -0.1099, 1.645)
(-5.6589, -0.1253, 1.9435)
(-0.2966, 1.9824, 1.5335)
(-0.8999, 1.7599, 1.4135)
(-1.4278, 1.366, 1.2113)
(-1.9743, 0.9895, 1.0243)
(-2.5458, 0.6485, 0.8638)
(-3.1212, 0.3384, 0.7028)
(-3.6444, 0.018, 0.5694)
(-0.2885, 2.243, 0.9856)
(-0.9202, 2.044, 0.8789)
(-1.4757, 1.6791, 0.696)
(-1.9996, 1.2785, 0.5024)
(-2.5074, 0.8807, 0.3227)
(-2.988, 0.4741, 0.1456)
(-3.3532, 0.0843, -0.0015)
(-0.2793, 2.4996, 0.4367)
(-0.9243, 2.3236, 0.3422)
(-1.4845, 1.9682, 0.1715)
(-1.9798, 1.5516, -0.02)
(-2.436, 1.1291, -0.2058)
(-2.8358, 0.6746, -0.3967)
(-3.1056, 0.2374, -0.5617)
(-0.2545, 2.7672, -0.1001)
(-0.8452, 2.5246, -0.2)
(-1.3239, 2.0802, -0.3643)
(-1.7798, 1.6392, -0.5498)
(-2.2498, 1.2736, -0.742)
(-2.6412, 0.8591, -0.9411)
(-2.8559, 0.4091, -1.1187)
(-0.1325, 2.9479, -0.5858)
(-0.5876, 2.5282, -0.6849)
(-1.0314, 2.0595, -0.8764)
(-1.5324, 1.7094, -1.0661)
(-2.0456, 1.4356, -1.268)
(-2.4266, 1.0377, -1.4869)
(-2.5993, 0.5811, -1.6807)
(-0.1314, 3.0525, -1.0642)
(-0.4389, 2.5516, -1.1409)
(-0.8265, 2.1771, -1.3677)
(-1.3339, 1.8926, -1.5589)
(-1.7708, 1.5604, -1.7656)
(-2.1198, 1.1585, -1.9993)
(-2.3032, 0.738, -2.2374)
(-0.3258, 3.0592, -1.5872)
(-0.6685, 2.6302, -1.5378)
(-0.9276, 2.3157, -1.7718)
(-1.29, 2.0446, -2.0403)
(-1.6596, 1.6781, -2.2498)
(-1.9992, 1.3261, -2.5301)
(-2.1802, 0.9492, -2.8274)
(-0.4149, 2.7974, -2.0423)
(-0.954, 2.6069, -1.875)
(-1.2968, 2.3694, -2.0253)
(-1.5, 2.1473, -2.434)
(-1.7988, 1.9316, -2.7457)
(-2.1565, 1.5962, -3.0578)
(-2.2955, 1.216, -3.3813)
(-0.4398, 2.7352, -2.464)
(-1.067, 2.8047, -2.2548)
(-1.5815, 2.6502, -2.2651)
(-1.8394, 2.3727, -2.6649)
(-2.1241, 2.1232, -2.9908)
(-2.4909, 1.6988, -3.2123)
(-2.6129, 1.2706, -3.5242)
(-0.4384, 3.1555, -2.7971)
(-1.0828, 3.2306, -2.6447)
(-1.6845, 3.0626, -2.6523)
(-2.1687, 2.7362, -2.8872)
(-2.5706, 2.3324, -3.1161)
(-2.8228, 1.8115, -3.3574)
(-2.8645, 1.3483, -3.6744)
(-0.4038, 3.607, -3.1293)
(-1.0807, 3.5685, -3.1069)
(-1.7319, 3.3701, -3.1589)
(-2.337, 3.0749, -3.2755)
(-2.7946, 2.6526, -3.4906)
(-2.9341, 2.121, -3.8303)
(-2.8646, 1.6679, -4.1676)
(-0.4026, 3.8542, -3.5628)
(-1.0868, 3.7667, -3.5705)
(-1.7523, 3.5863, -3.6161)
(-2.3804, 3.3272, -3.7106)
(-2.8659, 2.9208, -3.9116)
(-3.0064, 2.3989, -4.2458)
(-2.9001, 1.9491, -4.5779)
(-2.1029, -0.7291, 3.9709)
(-2.6455, -0.7129, 3.9052)
(-3.331, -0.6558, 3.8595)
(-4.0207, -0.594, 3.8152)
(-4.7074, -0.5366, 3.7864)
(-5.3325, -0.4513, 3.6045)
(-5.9753, -0.3526, 3.3987)
(-6.6728, -0.2316, 3.3803)
