(3.8254, -1.7744, -4.9127)
(3.7608, -1.1083, -5.0305)
(3.5342, -0.4714, -5.1732)
(3.2446, 0.1429, -5.3161)
(2.9518, 0.7562, -5.4583)
(3.7303, -1.7027, -4.4843)
(3.6966, -1.0336, -4.6013)
(2.7054, 1.3467, -5.5917)
(3.496, -0.3888, -4.7421)
(2.5777, 1.7522, -5.6096)
(3.2208, 0.2314, -4.885)
(2.9333, 0.8469, -5.0273)
(2.6862, 1.4383, -5.1623)
(2.5365, 1.8987, -5.3043)
(3.6047, -1.6095, -3.929)
(3.6077, -0.9376, -4.0406)
(3.4401, -0.2837, -4.1785)
(3.1842, 0.3442, -4.3211)
(2.9046, 0.9631, -4.4634)
(2.6576, 1.5543, -4.5982)
(2.4966, 2.014, -4.7018)
(3.4685, -1.5099, -3.3424)
(3.5082, -0.8371, -3.4474)
(3.3741, -0.1755, -3.5818)
(3.1375, 0.4594, -3.7236)
(2.8657, 1.0812, -3.8659)
(2.6223, 1.6726, -3.9998)
(2.468, 2.1358, -4.1033)
(3.3284, -1.4087, -2.7568)
(3.404, -0.7371, -2.8548)
(3.3021, -0.07, -2.9852)
(3.0823, 0.5693, -3.1254)
(2.816, 1.1887, -3.2654)
(2.5733, 1.7742, -3.396)
(2.4245, 2.2403, -3.4986)
(3.1837, -1.3055, -2.1725)
(3.2956, -0.6371, -2.2628)
(3.2252, 0.0328, -2.3884)
(3.0208, 0.6694, -2.5238)
(2.7584, 1.2735, -2.6555)
(2.5066, 1.8409, -2.7793)
(2.3314, 2.2891, -2.8784)
(3.0336, -1.1996, -1.5897)
(3.183, -0.537, -1.6715)
(3.1449, 0.1318, -1.7905)
(2.9553, 0.7568, -1.9169)
(2.6939, 1.3398, -2.0383)
(2.4267, 1.8846, -2.1556)
(2.2181, 2.3079, -2.2523)
(2.877, -1.0903, -1.0091)
(3.0661, -0.4367, -1.0809)
(3.0626, 0.2276, -1.1919)
(2.8841, 0.8396, -1.3098)
(2.6201, 1.4044, -1.4235)
(2.3381, 1.9294, -1.5354)
(2.0988, 2.3267, -1.6281)
(2.7125, -0.9768, -0.4312)
(2.944, -0.3352, -0.4915)
(2.9796, 0.3238, -0.5943)
(2.8057, 0.9282, -0.7086)
(2.5363, 1.4838, -0.8197)
(2.2474, 2.0004, -0.928)
(1.9927, 2.3833, -1.0158)
(2.5422, -0.859, 0.1442)
(2.8187, -0.231, 0.0967)
(2.9022, 0.4236, 0.002)
(2.7283, 1.0297, -0.1154)
(2.4537, 1.5906, -0.2302)
(2.1673, 2.1159, -0.3389)
(1.9174, 2.5087, -0.4256)
(2.3779, -0.7418, 0.7211)
(2.7005, -0.1252, 0.6866)
(2.8447, 0.5287, 0.599)
(2.6888, 1.1538, 0.4712)
(2.4097, 1.735, 0.3462)
(2.1196, 2.2774, 0.2336)
(1.8747, 2.6853, 0.1479)
(2.2214, -0.6295, 1.2998)
(2.5768, -0.0205, 1.276)
(2.7754, 0.6393, 1.1915)
(2.7046, 1.3024, 1.0509)
(2.434, 1.9138, 0.9106)
(2.1358, 2.4856, 0.7862)
(1.8662, 2.9143, 0.7056)
(2.0222, -0.4991, 1.8612)
(2.3833, 0.1031, 1.8419)
(2.6148, 0.7549, 1.7655)
(2.6324, 1.4308, 1.6309)
(2.4329, 2.0763, 1.4769)
(2.2084, 2.7121, 1.3223)
(2.0144, 3.4235, 1.1332)
(1.7899, -0.3528, 2.4089)
(2.1433, 0.245, 2.3873)
(2.406, 0.8785, 2.3235)
(2.4881, 1.5387, 2.2053)
(2.3483, 4.0369, 1.1942)
(2.3414, 2.1844, 2.0492)
(2.2331, 2.8417, 1.8888)
(2.6828, 4.5019, 1.5853)
(2.3257, 3.4765, 1.6943)
(3.018, 4.9125, 2.0319)
(2.6358, 4.0386, 1.5161)
(1.5433, -0.1967, 2.953)
(1.8846, 0.4001, 2.9269)
(2.2013, 1.0136, 2.8801)
(3.1565, 5.2147, 2.0872)
(2.3992, 1.6527, 2.7855)
(2.9119, 4.6052, 1.4845)
(2.3996, 2.3037, 2.6242)
(2.3987, 2.9616, 2.4486)
(3.0883, 5.1102, 1.7212)
(2.5503, 3.5833, 2.2408)
(3.2325, 5.4898, 1.9253)
(2.9016, 4.1131, 2.0025)
(1.2736, -0.0334, 3.46)
(1.5629, 0.5724, 3.4433)
(1.9132, 1.1918, 3.393)
(3.2283, 4.6744, 1.8049)
(2.2473, 1.8054, 3.3324)
(2.453, 2.4353, 3.189)
(3.4578, 5.2303, 1.7044)
(2.5879, 3.0759, 3.0021)
(1.0452, 0.1037, 3.8557)
(3.5153, 5.6855, 1.6766)
(2.7536, 3.6968, 2.8001)
(3.0869, 4.2359, 2.5654)
(1.5233, 1.4404, 3.7984)
(1.0714, 0.7535, 3.9398)
(3.4016, 4.8079, 2.3475)
(1.9164, 2.0416, 3.7561)
(2.2599, 2.6402, 3.6772)
(3.6591, 5.3744, 2.1595)
(2.5544, 3.2426, 3.5321)
(3.8057, 5.8243, 2.0315)
(2.8273, 3.8408, 3.3405)
(3.1177, 4.4217, 3.1199)
(0.8193, 1.2988, 4.1224)
(1.109, 1.7791, 4.0647)
(3.4073, 5.0108, 2.9107)
(1.4752, 2.3504, 4.016)
(1.8457, 2.94, 3.9587)
(3.6735, 5.5752, 2.7272)
(2.201, 3.5293, 3.8656)
(3.901, 5.9968, 2.5961)
(2.5415, 4.1159, 3.7247)
(2.8692, 4.6992, 3.5516)
(0.4788, 1.6795, 4.3126)
(0.6895, 2.1093, 4.2417)
(3.1978, 5.281, 3.3791)
(1.0244, 2.6646, 4.1654)
(1.3869, 3.2521, 4.0837)
(3.5148, 5.8297, 3.2342)
(1.7476, 3.8403, 3.9969)
(0.2941, 1.9782, 4.3345)
(3.7745, 6.2391, 3.1245)
(2.1032, 4.4265, 3.8855)
(0.2884, 2.3201, 4.2861)
(0.6646, 2.8997, 4.2002)
(2.4515, 5.0095, 3.7462)
(1.0258, 3.486, 4.1257)
(2.8037, 5.5884, 3.6085)
(1.3878, 4.075, 4.0489)
(1.7464, 4.6623, 3.9448)
(3.1554, 6.1241, 3.5145)
(2.0951, 5.2477, 3.8047)
(3.4497, 6.498, 3.4645)
(2.4458, 5.8271, 3.6458)
(3.1206, 6.558, 3.5249)
(2.8138, 6.406, 3.5079)
(-1.1361, 1.5914, -6.1425)
(-0.5844, 1.996, -6.0624)
(0.073, 2.188, -5.987)
(0.7616, 2.2234, -5.9157)
(1.4472, 2.159, -5.8418)
(-1.1845, 1.5895, -5.7082)
(-0.5931, 1.9264, -5.6325)
(2.0772, 2.007, -5.7653)
(0.0527, 2.1524, -5.5521)
(2.4659, 1.8843, -5.6436)
(0.7297, 2.2487, -5.4791)
(1.4141, 2.2157, -5.4064)
(2.047, 2.0762, -5.3326)
(2.5194, 1.9086, -5.3085)
(-1.2481, 1.5932, -5.1416)
(-0.6183, 1.8492, -5.0672)
(0.029, 2.0762, -4.985)
(0.6922, 2.2422, -4.9079)
(1.3731, 2.2721, -4.8358)
(2.0098, 2.1668, -4.7644)
(2.4779, 2.0207, -4.7049)
(-1.3017, 1.5827, -4.5411)
(-0.6432, 1.7506, -4.4714)
(0.0109, 1.9549, -4.3899)
(0.6605, 2.1735, -4.3063)
(1.3304, 2.29, -4.2301)
(1.9704, 2.25, -4.1609)
(2.4494, 2.1422, -4.1079)
(-1.3551, 1.5959, -3.9395)
(-0.6837, 1.6971, -3.8715)
(-0.0149, 1.8437, -3.7936)
(0.6346, 2.0611, -3.709)
(1.2858, 2.2485, -3.6246)
(1.9172, 2.2958, -3.5524)
(2.4068, 2.2481, -3.5055)
(-1.4148, 1.6508, -3.3407)
(-0.7448, 1.7362, -3.2745)
(-0.0646, 1.8177, -3.1944)
(0.5937, 1.9701, -3.1094)
(1.2268, 2.162, -3.0182)
(1.8335, 2.2889, -2.9367)
(2.3138, 2.2962, -2.8866)
(-1.4713, 1.7384, -2.7485)
(-0.8203, 1.898, -2.7006)
(-0.1412, 1.9468, -2.6136)
(0.5147, 2.0029, -2.5126)
(1.143, 2.1135, -2.4122)
(1.7312, 2.2518, -2.3191)
(2.2007, 2.3151, -2.2605)
(-1.4887, 1.7911, -2.1526)
(-0.8869, 2.0899, -2.1367)
(-0.2247, 2.1909, -2.0658)
(0.4164, 2.203, -1.9491)
(1.0344, 2.231, -1.826)
(1.6204, 2.2747, -1.7092)
(2.0812, 2.3324, -1.6381)
(-1.451, 1.7823, -1.5541)
(-0.9231, 2.2075, -1.5538)
(-0.2982, 2.4294, -1.5169)
(0.3332, 2.4781, -1.4141)
(0.9416, 2.4535, -1.2684)
(1.5193, 2.4083, -1.1217)
(1.9751, 2.3891, -1.0255)
(-1.3667, 1.7249, -0.9606)
(-0.9151, 2.2393, -0.9581)
(-0.3556, 2.5954, -0.9453)
(0.2656, 2.723, -0.8697)
(0.8772, 2.6937, -0.7212)
(1.4523, 2.6041, -0.5554)
(1.9, 2.5168, -0.4319)
(-1.3572, 1.7126, -0.3659)
(-0.9148, 2.24, -0.3643)
(-0.4066, 2.677, -0.3574)
(0.1992, 2.8966, -0.3043)
(0.8252, 2.9083, -0.1684)
(1.4102, 2.8093, 0.004)
(1.8584, 2.6959, 0.1431)
(-1.498, 1.8111, 0.2069)
(-1.031, 2.314, 0.2119)
(-0.4764, 2.7088, 0.2305)
(0.118, 3.0177, 0.2695)
(0.756, 3.105, 0.3861)
(1.3669, 3.026, 0.555)
(1.8484, 2.9292, 0.7019)
(-1.6174, 1.8935, 0.7949)
(-1.138, 2.3882, 0.8002)
(-0.5977, 2.8125, 0.807)
(-0.0163, 3.1598, 0.8336)
(0.6296, 3.2928, 0.9305)
(1.2794, 3.3073, 1.0521)
(2.0001, 3.44, 1.1322)
(-1.6649, 1.9272, 1.3985)
(-1.2162, 2.4499, 1.3969)
(-0.7259, 2.9307, 1.3833)
(-0.1818, 3.3265, 1.3844)
(2.3323, 4.0487, 1.1996)
(0.4484, 3.5265, 1.4277)
(1.0918, 3.6838, 1.4393)
(2.6667, 4.5075, 1.5966)
(1.6949, 3.9116, 1.479)
(3.003, 4.9143, 2.0479)
(2.1211, 4.3733, 1.372)
(-1.6338, 1.9031, 2.0063)
(-1.2407, 2.4619, 2.0072)
(-0.8066, 2.9968, 1.9779)
(3.1643, 5.1971, 2.1397)
(-0.3239, 3.4709, 1.939)
(2.5566, 4.8386, 1.4555)
(0.2601, 3.7751, 1.9002)
(0.8707, 3.9809, 1.8739)
(2.9241, 5.2337, 1.7608)
(1.4357, 4.2982, 1.8482)
(3.191, 5.5247, 2.0258)
(1.8666, 4.7728, 1.6766)
(-1.5538, 1.8337, 2.5882)
(-1.2121, 2.4052, 2.6322)
(-0.8105, 2.9869, 2.5918)
(2.2967, 5.2707, 1.5579)
(-0.3804, 3.5203, 2.529)
(0.1578, 3.8791, 2.4354)
(2.7581, 5.6853, 1.6123)
(0.6464, 4.2647, 2.2803)
(-1.4746, 1.7569, 3.0523)
(3.1343, 5.952, 1.7569)
(1.1439, 4.6852, 2.1747)
(1.6075, 5.1571, 2.0601)
(-0.6914, 2.9015, 3.1858)
(-1.1271, 2.2101, 3.3328)
(2.0209, 5.6679, 1.9011)
(-0.3115, 3.4879, 3.1017)
(0.135, 3.9743, 2.988)
(2.4835, 6.1099, 1.8465)
(0.6069, 4.4047, 2.8164)
(2.8722, 6.4137, 1.8662)
(0.9923, 4.9179, 2.6456)
(1.3976, 5.4444, 2.5036)
(-0.7416, 2.3405, 3.7768)
(-0.405, 2.7777, 3.6836)
(1.8181, 5.9665, 2.37)
(-0.0226, 3.3134, 3.5732)
(0.3425, 3.8842, 3.5)
(2.2511, 6.4405, 2.2865)
(0.7474, 4.4084, 3.3658)
(2.6021, 6.7879, 2.2454)
(1.1462, 4.9246, 3.1831)
(1.4974, 5.4927, 3.0483)
(-0.3638, 2.2367, 4.1425)
(-0.0392, 2.5856, 4.0592)
(1.85, 6.0692, 2.9328)
(0.3389, 3.1014, 3.9569)
(0.7033, 3.6803, 3.8778)
(2.2041, 6.6049, 2.8356)
(1.0797, 4.2472, 3.7723)
(-0.0429, 2.2002, 4.2771)
(2.4838, 7.0079, 2.761)
(1.4641, 4.7973, 3.6278)
(0.2733, 2.3332, 4.2809)
(0.65, 2.9129, 4.1945)
(1.7938, 5.3886, 3.5132)
(1.0138, 3.5052, 4.124)
(2.1164, 5.9888, 3.408)
(1.377, 4.0946, 4.0527)
(1.7374, 4.6812, 3.953)
(2.4299, 6.55, 3.3155)
(2.0844, 5.2659, 3.8103)
(2.6542, 6.9704, 3.2432)
(2.4332, 5.8443, 3.6489)
(2.8131, 6.749, 3.4372)
(2.7969, 6.4169, 3.504)
(3.6121, -2.4023, -4.875)
(3.1132, -2.839, -4.9136)
(2.4729, -3.0337, -5.0319)
(1.7977, -3.0681, -5.1745)
(1.1192, -3.0376, -5.3171)
(0.4402, -3.0068, -5.4591)
(3.5005, -2.3281, -4.4381)
(3.0106, -2.7795, -4.4852)
(2.3795, -3.004, -4.6026)
(-0.1996, -3.0129, -5.5923)
(1.7069, -3.0655, -4.7434)
(-0.6224, -3.0563, -5.6098)
(1.0285, -3.0502, -4.8861)
(0.3496, -3.0244, -5.0281)
(-0.2913, -3.0291, -5.1629)
(-0.7735, -3.0734, -5.3045)
(3.358, -2.2333, -3.8841)
(2.8764, -2.7002, -3.9297)
(2.2569, -2.96, -4.0417)
(1.5886, -3.0555, -4.1797)
(0.9106, -3.0606, -4.322)
(0.2316, -3.0426, -4.4642)
(-0.4091, -3.0464, -4.5986)
(-0.8951, -3.0795, -4.702)
(3.2054, -2.1318, -3.3015)
(2.7323, -2.6136, -3.343)
(2.1262, -2.908, -3.4484)
(1.4637, -3.0374, -3.5829)
(0.7866, -3.0628, -3.7246)
(0.108, -3.0525, -3.8666)
(-0.5316, -3.0586, -4.0001)
(-1.0183, -3.0984, -4.1034)
(3.049, -2.0279, -2.7199)
(2.5852, -2.524, -2.7572)
(1.9941, -2.8516, -2.8556)
(1.3389, -3.0129, -2.9862)
(0.6643, -3.0551, -3.1263)
(-0.01, -3.0482, -3.2661)
(-0.6437, -3.0519, -3.3963)
(-1.1311, -3.0971, -3.4986)
(2.888, -1.9209, -2.1398)
(2.4343, -2.4309, -2.1727)
(1.8605, -2.7911, -2.2634)
(1.2148, -2.9827, -2.3892)
(0.5485, -3.038, -2.5246)
(-0.11, -3.0281, -2.6561)
(-0.7307, -3.0154, -2.7797)
(-1.2118, -3.0283, -2.8785)
(2.7215, -1.8102, -1.5616)
(2.2788, -2.3339, -1.5898)
(1.725, -2.7267, -1.6719)
(1.0929, -2.948, -1.7912)
(0.4429, -3.0123, -1.9176)
(-0.1957, -2.9947, -2.0389)
(-0.8015, -2.9582, -2.156)
(-1.2725, -2.9295, -2.2524)
(2.5483, -1.6951, -0.986)
(2.1176, -2.2319, -1.0091)
(1.5875, -2.6582, -1.0812)
(0.9729, -2.9101, -1.1925)
(0.3393, -2.9796, -1.3104)
(-0.2835, -2.9522, -1.4241)
(-0.8766, -2.8937, -1.5359)
(-1.3354, -2.8258, -1.6285)
(2.3674, -1.5748, -0.4136)
(1.9493, -2.1242, -0.4312)
(1.4467, -2.5852, -0.4917)
(0.8523, -2.8716, -0.5946)
(0.2275, -2.9426, -0.7091)
(-0.3889, -2.9065, -0.8202)
(-0.9768, -2.8381, -0.9286)
(-1.428, -2.7498, -1.0162)
(2.1814, -1.4511, 0.1566)
(1.7746, -2.0125, 0.1442)
(1.302, -2.5099, 0.0966)
(0.7304, -2.8395, 0.0017)
(0.1041, -2.9116, -0.1157)
(-0.5192, -2.8732, -0.2307)
(-1.1141, -2.8106, -0.3395)
(-1.5729, -2.7306, -0.426)
(2.0017, -1.3316, 0.7285)
(1.6028, -1.9061, 0.721)
(1.1584, -2.4415, 0.6865)
(0.6113, -2.8274, 0.5987)
(-0.0256, -2.9245, 0.4708)
(-0.6694, -2.8906, 0.3457)
(-1.2817, -2.8318, 0.2328)
(-1.7526, -2.7633, 0.1472)
(1.8313, -1.2182, 1.3025)
(1.4386, -1.8051, 1.2997)
(1.0141, -2.3681, 1.2759)
(0.4824, -2.8062, 1.1913)
(-0.1566, -2.9973, 1.0504)
(-0.8251, -2.984, 0.9098)
(-1.4677, -2.93, 0.7849)
(-1.9674, -2.8471, 0.7041)
(1.6315, -1.0852, 1.8623)
(1.2413, -1.6717, 1.8611)
(0.825, -2.2371, 1.8417)
(0.313, -2.7023, 1.7652)
(-0.3036, -2.98, 1.6304)
(-0.9761, -3.0468, 1.4757)
(-1.649, -3.0859, 1.32)
(-2.3791, -3.1839, 1.1296)
(1.4045, -0.934, 2.4103)
(1.0167, -1.5138, 2.4088)
(0.6013, -2.0703, 2.3871)
(0.1175, -2.5565, 2.3229)
(-0.4611, -2.8855, 2.2046)
(-2.8166, -3.7281, 1.1923)
(-1.115, -2.9974, 2.0489)
(-1.761, -3.1539, 1.8862)
(-3.1165, -4.2157, 1.5839)
(-2.309, -3.4875, 1.6923)
(-3.368, -4.6825, 2.0301)
(1.1635, -0.7735, 2.9542)
(-2.7065, -3.9922, 1.5153)
(0.7777, -1.3463, 2.953)
(0.3585, -1.8913, 2.9268)
(-0.0866, -2.4193, 2.8795)
(-3.593, -4.9276, 2.0844)
(-0.6034, -2.8415, 2.7857)
(-3.1216, -4.4671, 1.4838)
(-1.2099, -3.0759, 2.6276)
(-1.8089, -3.3457, 2.4476)
(-3.5201, -4.8253, 1.719)
(-2.3209, -3.7331, 2.2399)
(-3.8153, -5.1054, 1.9214)
(-2.6736, -4.2634, 2.0032)
(0.9206, -0.6116, 3.4543)
(0.5236, -1.1603, 3.4603)
(0.0761, -1.6606, 3.4435)
(-0.3607, -2.2221, 3.3931)
(-3.0633, -4.7834, 1.8063)
(-0.799, -2.7644, 3.3327)
(-1.3041, -3.1897, 3.1894)
(-3.4856, -5.2119, 1.7052)
(-1.8412, -3.5658, 3.0017)
(0.7474, -0.4962, 3.8058)
(0.3095, -1.0028, 3.8564)
(-3.8823, -5.4428, 1.6746)
(-2.3483, -3.9624, 2.8003)
(-2.7165, -4.4795, 2.5669)
(-0.74, -1.9583, 3.7988)
(-0.2799, -1.2772, 3.9408)
(-3.1217, -4.992, 2.3498)
(-1.1433, -2.5524, 3.7565)
(-1.5635, -3.0994, 3.678)
(-3.5436, -5.4495, 2.162)
(-2.0062, -3.6029, 3.5325)
(-3.9013, -5.7593, 2.0332)
(-2.4528, -4.0859, 3.3412)
(-2.8765, -4.5787, 3.1216)
(-0.8802, -1.2544, 4.1233)
(-1.2122, -1.7065, 4.0654)
(-3.3081, -5.0737, 2.9129)
(-1.5982, -2.2645, 4.0165)
(-1.9993, -2.8336, 3.9596)
(-3.726, -5.5372, 2.7296)
(-2.4062, -3.3885, 3.8666)
(-4.0271, -5.9099, 2.5987)
(-2.8165, -3.9287, 3.7259)
(-3.2284, -4.4561, 3.5532)
(-1.3629, -1.0868, 4.3133)
(-1.6785, -1.4465, 4.2423)
(-3.6388, -4.9835, 3.3809)
(-2.0618, -1.9695, 4.1658)
(-2.4642, -2.5303, 4.0841)
(-4.0233, -5.4872, 3.2359)
(-2.8679, -3.0899, 3.9974)
(-1.7097, -1.0314, 4.3352)
(-4.3014, -5.8846, 3.1264)
(-3.2719, -3.6438, 3.8862)
(-2.0277, -1.1575, 4.2868)
(-2.4175, -1.728, 4.2004)
(-3.6757, -4.1898, 3.747)
(-2.8194, -2.2872, 4.1256)
(-4.0743, -4.7378, 3.6094)
(-3.2231, -2.8484, 4.0488)
(-3.6273, -3.4053, 3.9445)
(-4.4335, -5.2684, 3.5155)
(-4.0329, -3.9525, 3.8044)
(-4.6657, -5.6839, 3.4659)
(-4.4324, -4.4994, 3.6457)
(-4.8478, -5.4035, 3.5245)
(-4.8248, -5.062, 3.5079)
(-1.5599, 1.0369, -6.1795)
(-1.9084, 0.4321, -6.1454)
(-2.0682, -0.2334, -6.0677)
(-1.9911, -0.9137, -5.9918)
(-1.7574, -1.5623, -5.9191)
(-1.4344, -2.1704, -5.844)
(-1.6502, 1.0956, -5.74)
(-1.9314, 0.4777, -5.711)
(-2.0149, -0.1978, -5.6367)
(-1.0522, -2.6936, -5.7666)
(-1.9693, -0.8804, -5.5566)
(-0.7893, -3.005, -5.6442)
(-1.7934, -1.5416, -5.4825)
(-1.4986, -2.1602, -5.4085)
(-1.1262, -2.6905, -5.3336)
(-0.7893, -3.0616, -5.3087)
(-1.7499, 1.1602, -5.1758)
(-1.9694, 0.5352, -5.1445)
(-1.966, -0.1441, -5.0704)
(-1.916, -0.8285, -4.9886)
(-1.8046, -1.5034, -4.9111)
(-1.5664, -2.1424, -4.8378)
(-1.2234, -2.6891, -4.7652)
(-0.9086, -3.0649, -4.7051)
(-1.8294, 1.2125, -4.5756)
(-1.9875, 0.5893, -4.544)
(-1.8917, -0.0822, -4.4738)
(-1.8187, -0.7639, -4.3923)
(-1.7587, -1.4469, -4.309)
(-1.6008, -2.1087, -4.232)
(-1.3151, -2.6831, -4.1617)
(-1.0314, -3.0838, -4.1081)
(-1.8902, 1.2561, -3.9714)
(-2.0151, 0.6361, -3.9423)
(-1.8555, -0.0227, -3.8739)
(-1.7289, -0.696, -3.7955)
(-1.6702, -1.3785, -3.7109)
(-1.5829, -2.0507, -3.6263)
(-1.3784, -2.6504, -3.5532)
(-1.1451, -3.0838, -3.5055)
(-1.9415, 1.2905, -3.3659)
(-2.0862, 0.6706, -3.3436)
(-1.9118, 0.0194, -3.2767)
(-1.7242, -0.6394, -3.1961)
(-1.6055, -1.3046, -3.1108)
(-1.53, -1.9619, -3.0195)
(-1.4059, -2.5695, -2.9375)
(-1.2252, -3.0148, -2.8867)
(-1.9707, 1.3087, -2.7606)
(-2.1885, 0.6883, -2.7516)
(-2.0887, 0.027, -2.7025)
(-1.8719, -0.6182, -2.6148)
(-1.6665, -1.2437, -2.5136)
(-1.5193, -1.8645, -2.4128)
(-1.4128, -2.4597, -2.3198)
(-1.2858, -2.9162, -2.2609)
(-1.9531, 1.2948, -2.1548)
(-2.2448, 0.6816, -2.1562)
(-2.2935, 0.0129, -2.1397)
(-2.127, -0.6353, -2.0655)
(-1.8857, -1.2297, -1.9482)
(-1.6653, -1.8082, -1.8249)
(-1.4762, -2.3654, -1.7096)
(-1.3473, -2.8116, -1.6385)
(-1.8814, 1.2429, -1.5557)
(-2.2327, 0.6501, -1.5578)
(-2.4249, 0.0032, -1.5578)
(-2.3728, -0.6572, -1.5139)
(-2.1644, -1.2565, -1.4083)
(-1.9046, -1.8091, -1.2664)
(-1.6376, -2.3244, -1.1219)
(-1.4402, -2.7358, -1.0258)
(-1.773, 1.1648, -0.9672)
(-2.1612, 0.5925, -0.9639)
(-2.4733, -0.0117, -0.9636)
(-2.5562, -0.6666, -0.9423)
(-2.4119, -1.287, -0.86)
(-2.1487, -1.8437, -0.718)
(-1.8436, -2.3406, -0.5557)
(-1.587, -2.7176, -0.4324)
(-1.7755, 1.1643, -0.3719)
(-2.1505, 0.5855, -0.3691)
(-2.4857, -0.0137, -0.3695)
(-2.6709, -0.6551, -0.3561)
(-2.6064, -1.2982, -0.2953)
(-2.3657, -1.8809, -0.1649)
(-2.0479, -2.3836, 0.0035)
(-1.7686, -2.7524, 0.1421)
(-1.9184, 1.2616, 0.204)
(-2.2907, 0.6783, 0.2049)
(-2.5936, 0.0624, 0.2109)
(-2.743, -0.6016, 0.2335)
(-2.7616, -1.2718, 0.2779)
(-2.5723, -1.8922, 0.3904)
(-2.2622, -2.4281, 0.5547)
(-1.9881, -2.8364, 0.7002)
(-2.0364, 1.3425, 0.7926)
(-2.4045, 0.7558, 0.7944)
(-2.6972, 0.1322, 0.8017)
(-2.8739, -0.5306, 0.8155)
(-2.9363, -1.206, 0.8462)
(-2.7946, -1.8544, 0.9341)
(-2.5578, -2.4614, 1.0501)
(-2.4, -3.1774, 1.1288)
(-2.0596, 1.3611, 1.3962)
(-2.4363, 0.7815, 1.3984)
(-2.7702, 0.1788, 1.4004)
(-3.0188, -0.4586, 1.3964)
(-3.1244, -1.1259, 1.4063)
(-2.8336, -3.7179, 1.1977)
(-3.073, -1.7845, 1.4326)
(-2.9776, -2.4361, 1.4364)
(-3.1282, -4.203, 1.5949)
(-2.9513, -3.0771, 1.4791)
(-3.3758, -4.6695, 2.0459)
(-1.9801, 1.3134, 1.9964)
(-3.2136, -3.6465, 1.3724)
(-2.3778, 0.7557, 2.0042)
(-2.7707, 0.1951, 2.0107)
(-3.0929, -0.4065, 1.9951)
(-3.5734, -4.928, 2.1377)
(-3.261, -1.0585, 1.9706)
(-3.4762, -4.2278, 1.4544)
(-3.3607, -1.7014, 1.9073)
(-3.3335, -2.3397, 1.8715)
(-3.6984, -4.7215, 1.7576)
(-3.4074, -2.983, 1.8476)
(-3.8649, -5.0795, 2.0227)
(-3.6801, -3.5632, 1.6773)
(-1.8737, 1.2482, 2.5557)
(-2.2812, 0.7198, 2.5872)
(-2.6921, 0.1948, 2.6346)
(-3.0918, -0.3854, 2.6026)
(-3.975, -4.1517, 1.5584)
(-3.383, -1.0026, 2.5385)
(-3.5114, -1.6383, 2.4383)
(-4.1808, -4.7376, 1.6117)
(-3.6801, -2.2392, 2.2814)
(-1.8016, 1.2023, 2.9507)
(-2.1872, 0.6868, 3.0538)
(-4.2836, -5.1877, 1.7549)
(-3.8768, -2.8607, 2.1737)
(-4.1355, -3.4699, 2.0592)
(-2.948, -0.4723, 3.1867)
(-2.4731, 0.1924, 3.3341)
(-4.4482, -4.0483, 1.9011)
(-3.3386, -1.0515, 3.1028)
(-3.6135, -1.6525, 2.9899)
(-4.6788, -4.6454, 1.8464)
(-3.8276, -2.2548, 2.8186)
(-4.8105, -5.121, 1.8653)
(-4.1509, -2.8093, 2.6453)
(-4.4817, -3.3858, 2.5029)
(-2.4448, -0.2143, 3.7772)
(-2.7155, -0.6941, 3.6813)
(-4.8023, -3.9749, 2.3696)
(-3.0644, -1.253, 3.5733)
(-3.4514, -1.8095, 3.5021)
(-5.0732, -4.5571, 2.2863)
(-3.7788, -2.3853, 3.3679)
(-5.2588, -5.0149, 2.2455)
(-4.1004, -2.9526, 3.1836)
(-4.4891, -3.4956, 3.048)
(-2.2035, -0.5232, 4.1428)
(-2.3988, -0.9576, 4.0588)
(-4.8852, -4.0433, 2.9322)
(-2.7289, -1.5053, 3.9566)
(-3.1236, -2.0642, 3.879)
(-5.2429, -4.5766, 2.8353)
(-3.501, -2.6302, 3.7728)
(-2.0459, -0.8053, 4.2773)
(-5.5072, -4.9901, 2.761)
(-3.8595, -3.1972, 3.627)
(-2.0459, -1.1484, 4.2816)
(-2.4354, -1.7196, 4.195)
(-4.2787, -3.7288, 3.5127)
(-2.8417, -2.2835, 4.1244)
(-4.7083, -4.2578, 3.4075)
(-3.2453, -2.846, 4.0528)
(-3.648, -3.4042, 3.953)
(-5.1053, -4.7636, 3.3151)
(-4.0537, -3.9496, 3.8101)
(-5.4064, -5.133, 3.2429)
(-4.453, -4.4944, 3.6489)
(-5.1409, -5.1945, 3.4365)
(-4.8415, -5.0506, 3.504)
(1.9087, 2.5128, -0.4288)
(2.4872, 2.0174, -4.7034)
(0.2809, 2.3267, 4.2835)
(2.2094, 2.3115, -2.2564)
(0.6573, 2.9063, 4.1974)
(1.0198, 3.4956, 4.1249)
(1.8666, 2.6906, 0.1455)
(1.3824, 4.0848, 4.0508)
(1.7419, 4.6718, 3.9489)
(2.0898, 5.2568, 3.8075)
(2.4395, 5.8357, 3.6474)
(2.4587, 2.139, -4.1056)
(2.8054, 6.4114, 3.506)
(2.09, 2.3295, -1.6331)
(1.9839, 2.3862, -1.0207)
(2.3403, 4.0428, 1.1969)
(1.8573, 2.9217, 0.7038)
(2.0073, 3.4317, 1.1327)
(2.6748, 4.5047, 1.591)
(3.0105, 4.9134, 2.0399)
(2.5279, 1.9036, -5.3064)
(2.4157, 2.2442, -3.5021)
(2.3226, 2.2927, -2.8825)
(3.3083, 6.3262, 3.4862)
(2.975, 6.2467, 3.5427)
(2.966, 6.4975, 3.5179)
(3.2806, 6.5593, 3.5192)
(3.0984, 5.0646, 2.0746)
(3.0109, 5.0139, 1.8404)
(3.1615, 5.3108, 1.8327)
(3.1831, 5.3593, 2.0407)
(3.2633, 5.1763, 1.6599)
(3.5017, 5.4674, 1.6854)
(3.3526, 5.5983, 1.7601)
(3.5894, 5.2949, 1.89)
(3.7424, 5.6105, 2.0901)
(3.6764, 5.7563, 1.7888)
(3.6855, 5.4683, 2.4446)
(3.7905, 5.7996, 2.657)
(3.8811, 5.9027, 2.3105)
(3.6212, 5.6945, 2.9984)
(3.6501, 6.0475, 3.1765)
(3.867, 6.1089, 2.8736)
(3.3478, 5.9802, 3.4105)
(3.6249, 6.3801, 3.329)
(0.9567, 1.5303, 4.0926)
(0.6427, 1.5071, 4.2308)
(0.5724, 1.8827, 4.2776)
(0.894, 1.9526, 4.1681)
(1.2859, 2.0566, 4.0398)
(0.8456, 2.3751, 4.2044)
(1.2426, 2.5139, 4.105)
(1.6626, 2.6455, 3.9902)
(1.206, 2.9582, 4.1249)
(1.6093, 3.1024, 4.0359)
(2.0251, 3.2347, 3.9179)
(1.5676, 3.5463, 4.042)
(1.9699, 3.6907, 3.9496)
(2.3732, 3.823, 3.8007)
(1.9264, 4.1338, 3.9451)
(2.3217, 4.2765, 3.8278)
(2.7061, 4.4079, 3.6402)
(2.2779, 4.7185, 3.8182)
(2.6643, 4.8588, 3.6758)
(3.033, 4.9901, 3.4634)
(2.6261, 5.2994, 3.6742)
(3.0088, 5.4379, 3.525)
(3.3615, 5.5683, 3.302)
(2.9839, 5.8715, 3.5549)
(1.3273, 1.1303, 3.8375)
(0.9716, 1.0463, 4.0197)
(1.3183, 1.6029, 3.9449)
(1.7216, 1.7418, 3.7766)
(1.7037, 2.1899, 3.9031)
(2.0958, 2.3407, 3.7246)
(2.0708, 2.7816, 3.8434)
(2.412, 2.941, 3.612)
(2.4082, 3.3742, 3.7283)
(2.6905, 3.5436, 3.4413)
(2.7239, 3.9643, 3.56)
(2.9706, 4.1321, 3.2312)
(3.0273, 4.5503, 3.3611)
(3.2641, 4.7144, 3.0129)
(3.3323, 5.1374, 3.1673)
(3.545, 5.3058, 2.8134)
(1.1058, -0.3253, 3.457)
(0.827, -0.5492, 3.6438)
(0.9207, -0.2055, 3.8221)
(1.1547, 0.0379, 3.6681)
(1.4181, 0.2663, 3.4566)
(1.0972, 0.431, 3.8903)
(1.3686, 0.6683, 3.6762)
(1.7309, 0.8823, 3.4195)
(1.7259, 1.3045, 3.6132)
(2.0919, 1.4981, 3.3687)
(2.1024, 1.9124, 3.5646)
(2.3649, 2.1181, 3.2706)
(2.391, 2.5252, 3.4525)
(2.5247, 2.7548, 3.0977)
(2.6111, 3.1463, 3.2806)
(2.654, 3.3951, 2.9047)
(2.825, 3.7571, 3.0802)
(2.9087, 3.9703, 2.6841)
(3.1311, 4.3183, 2.8492)
(3.2513, 4.5158, 2.4532)
(3.4272, 4.9013, 2.6333)
(3.5418, 5.1013, 2.2472)
(1.3562, -0.4862, 2.9551)
(1.0369, -0.6891, 3.2187)
(1.4071, -0.1136, 3.2177)
(1.7175, 0.0992, 2.943)
(1.7327, 0.4832, 3.1921)
(2.0494, 0.7042, 2.907)
(2.0718, 1.0958, 3.1459)
(2.3245, 1.3306, 2.8414)
(2.3417, 1.7209, 3.0685)
(2.4148, 1.977, 2.7098)
(2.4455, 2.3651, 2.9099)
(2.3879, 2.633, 2.5381)
(2.5063, 3.0177, 2.7242)
(2.4473, 3.2833, 2.3501)
(2.6573, 3.6404, 2.5193)
(2.7139, 3.8527, 2.1218)
(3.0075, 4.1683, 2.2814)
(3.0746, 4.3879, 1.8938)
(3.3378, 4.7308, 2.0646)
(3.3621, 4.9613, 1.7424)
(1.5984, -0.644, 2.4105)
(1.2862, -0.8553, 2.6829)
(1.6699, -0.2763, 2.6818)
(1.9738, -0.0574, 2.4021)
(2.0186, 0.3209, 2.6577)
(2.2906, 0.5568, 2.3618)
(2.3074, 0.9429, 2.6036)
(2.4778, 1.2085, 2.271)
(2.4401, 1.5932, 2.4956)
(2.4295, 1.8621, 2.1289)
(2.3532, 2.2423, 2.3367)
(2.269, 2.5119, 1.9714)
(2.2985, 2.9013, 2.1708)
(2.2479, 3.1672, 1.7946)
(2.4384, 3.5264, 1.9648)
(2.468, 3.7617, 1.5974)
(2.7748, 4.0693, 1.7372)
(2.7874, 4.3225, 1.4674)
(3.0726, 4.6389, 1.5958)
(3.0088, 4.8724, 1.5866)
(1.8271, -0.7924, 1.8623)
(1.5202, -1.0111, 2.1371)
(1.9082, -0.4272, 2.1358)
(2.212, -0.2025, 1.8563)
(2.266, 0.1722, 2.1161)
(2.5212, 0.423, 1.812)
(2.5108, 0.8159, 2.0451)
(2.6544, 1.0941, 1.7033)
(2.559, 1.4858, 1.9179)
(2.549, 1.757, 1.5543)
(2.3826, 2.1333, 1.7624)
(2.3153, 2.3942, 1.4004)
(2.2156, 2.7852, 1.6032)
(2.1166, 3.0363, 1.2387)
(2.2074, 3.4396, 1.4287)
(2.1814, 3.7302, 1.1637)
(2.4928, 4.0236, 1.358)
(2.5156, 4.2694, 1.3898)
(2.7856, 4.5554, 1.5013)
(2.8504, 4.7072, 1.8086)
(2.027, -0.9245, 1.3021)
(1.7358, -1.1546, 1.5845)
(2.1278, -0.567, 1.5829)
(2.4096, -0.3303, 1.2931)
(2.489, 0.0386, 1.5623)
(2.7051, 0.3045, 1.2425)
(2.7062, 0.6962, 1.4812)
(2.7732, 0.9753, 1.1246)
(2.6835, 1.3702, 1.3414)
(2.5835, 1.6133, 0.979)
(2.4468, 2.0015, 1.193)
(2.2801, 2.2089, 0.8458)
(2.1752, 2.6057, 1.0527)
(2.0066, 2.7284, 0.735)
(1.9403, 3.1689, 0.9194)
(2.1931, -1.0387, 0.7269)
(1.9177, -1.2757, 1.0163)
(2.3019, -0.6865, 1.0114)
(2.5515, -0.4388, 0.7091)
(2.6438, -0.0739, 0.9828)
(2.807, 0.2007, 0.6497)
(2.8175, 0.5834, 0.8967)
(2.7963, 0.8475, 0.5372)
(2.6982, 1.2278, 0.7613)
(2.5554, 1.4477, 0.4074)
(2.4165, 1.8224, 0.6291)
(2.2606, 2.0178, 0.2873)
(2.117, 2.3751, 0.5132)
(1.9945, 2.4968, 0.1875)
(1.8705, 2.7998, 0.4268)
(2.3684, -1.1588, 0.1538)
(2.0898, -1.3902, 0.442)
(2.4581, -0.7996, 0.4321)
(2.6967, -0.5503, 0.1261)
(2.7582, -0.1778, 0.3912)
(2.8926, 0.0977, 0.0543)
(2.8713, 0.4754, 0.3005)
(2.8395, 0.7344, -0.0559)
(2.6998, 1.088, 0.1789)
(2.5963, 1.313, -0.1733)
(2.4235, 1.6576, 0.0597)
(2.3074, 1.8646, -0.2863)
(2.1377, 2.191, -0.0506)
(2.0404, 2.3276, -0.3852)
(1.8961, 2.597, -0.1388)
(2.5503, -1.2813, -0.4177)
(2.2745, -1.513, -0.1284)
(2.6275, -0.9183, -0.1433)
(2.8476, -0.661, -0.4554)
(2.8811, -0.2836, -0.1974)
(2.99, -0.003, -0.5393)
(2.9391, 0.3731, -0.2961)
(2.9126, 0.6342, -0.6515)
(2.7654, 0.9769, -0.4111)
(2.6774, 1.2094, -0.7644)
(2.4931, 1.5331, -0.5233)
(2.3894, 1.7535, -0.8753)
(2.2048, 2.0523, -0.6312)
(2.1181, 2.2081, -0.9751)
(1.955, 2.446, -0.7207)
(2.7269, -1.3999, -0.9916)
(2.4588, -1.6356, -0.6994)
(2.7957, -1.0342, -0.7198)
(2.9928, -0.7681, -1.0389)
(3.0057, -0.3862, -0.786)
(3.0893, -0.1014, -1.1335)
(3.021, 0.2754, -0.8929)
(2.9899, 0.5413, -1.2513)
(2.8457, 0.8827, -1.0082)
(2.7583, 1.1254, -1.3668)
(2.5791, 1.4414, -1.1199)
(2.4761, 1.6784, -1.4808)
(2.2924, 1.9602, -1.2296)
(2.2147, 2.1421, -1.5843)
(2.0458, 2.355, -1.322)
(2.8956, -1.5136, -1.5686)
(2.6359, -1.7533, -1.2734)
(2.9562, -1.1454, -1.2991)
(3.131, -0.8723, -1.6245)
(3.1251, -0.4869, -1.3761)
(3.1866, -0.1998, -1.7283)
(3.1039, 0.1799, -1.4912)
(3.0642, 0.4508, -1.8541)
(2.9206, 0.7981, -1.6129)
(2.8296, 1.0513, -1.9779)
(2.6583, 1.3712, -1.73)
(2.5556, 1.6236, -2.0987)
(2.3831, 1.9053, -1.8444)
(2.3163, 2.1077, -2.2061)
(2.1585, 2.3173, -1.9402)
(3.0575, -1.6231, -2.1481)
(2.8055, -1.866, -1.8504)
(3.1094, -1.2529, -1.8808)
(3.2634, -0.9746, -2.2116)
(3.2399, -0.5871, -1.9671)
(3.2811, -0.2996, -2.3229)
(3.1854, 0.0828, -2.0896)
(3.135, 0.356, -2.4561)
(2.9886, 0.7144, -2.2208)
(2.8928, 0.9738, -2.5901)
(2.7272, 1.308, -2.3473)
(2.6256, 1.5687, -2.7198)
(2.468, 1.8642, -2.4677)
(2.4108, 2.0746, -2.8309)
(2.2748, 2.2985, -2.5653)
(3.2139, -1.7294, -2.7294)
(2.9691, -1.9748, -2.4296)
(3.2566, -1.3574, -2.4645)
(3.3909, -1.0753, -2.7999)
(3.3504, -0.6871, -2.5587)
(3.372, -0.4008, -2.9176)
(3.2642, -0.0182, -2.6869)
(3.2024, 0.2531, -3.055)
(3.0522, 0.6209, -2.8252)
(2.9509, 0.8802, -3.1957)
(2.788, 1.2341, -2.9617)
(2.6859, 1.4934, -3.3337)
(2.542, 1.8117, -3.0891)
(2.4877, 2.0155, -3.449)
(2.3779, 2.2647, -3.1885)
(3.3656, -1.8329, -3.3121)
(3.1277, -2.0802, -3.0105)
(3.399, -1.4595, -3.0495)
(3.5141, -1.175, -3.3891)
(3.4567, -0.787, -3.151)
(3.4585, -0.5031, -3.5127)
(3.3388, -0.1224, -3.2835)
(3.2642, 0.1448, -3.6525)
(3.1109, 0.5152, -3.4247)
(3.0024, 0.7707, -3.7948)
(2.8421, 1.1371, -3.5665)
(2.735, 1.3889, -3.9358)
(2.6, 1.7269, -3.6991)
(2.5363, 1.9154, -4.054)
(2.4463, 2.188, -3.801)
(3.5134, -1.9343, -3.8959)
(3.2821, -2.1828, -3.5927)
(3.5371, -1.5598, -3.6356)
(3.633, -1.274, -3.9791)
(3.5586, -0.8872, -3.7439)
(3.5398, -0.607, -4.1081)
(3.4079, -0.2292, -3.8801)
(3.3187, 0.0327, -4.2497)
(3.162, 0.4024, -4.0224)
(3.0443, 0.6536, -4.3923)
(2.8865, 1.023, -4.1648)
(2.7718, 1.2704, -4.5336)
(2.641, 1.6145, -4.2992)
(2.57, 1.797, -4.6531)
(2.4823, 2.0749, -4.4026)
(3.651, -2.029, -4.4501)
(3.4323, -2.2827, -4.1721)
(3.6706, -1.6581, -4.2185)
(3.7413, -1.3676, -4.537)
(3.6547, -0.9876, -4.3333)
(3.6108, -0.7073, -4.6707)
(3.4701, -0.3382, -4.4727)
(3.3633, -0.0768, -4.8137)
(3.2041, 0.2858, -4.6155)
(3.0758, 0.5386, -4.9562)
(2.9203, 0.9029, -4.7578)
(2.7995, 1.1539, -5.0976)
(2.6729, 1.4941, -4.8929)
(2.6019, 1.6823, -5.2208)
(2.5165, 1.9564, -5.003)
(3.7575, -2.1027, -4.8835)
(3.5592, -2.3671, -4.6675)
(3.7807, -1.7406, -4.7104)
(3.8213, -1.4396, -4.9645)
(3.7309, -1.073, -4.8283)
(3.6606, -0.7858, -5.1012)
(3.5167, -0.4322, -4.9701)
(3.3928, -0.1628, -5.2448)
(3.2338, 0.1848, -5.113)
(3.0961, 0.4485, -5.3871)
(2.9434, 0.7991, -5.2552)
(2.8174, 1.0629, -5.5285)
(2.6966, 1.3902, -5.3897)
(2.6267, 1.5824, -5.6328)
(2.5514, 1.846, -5.4855)
(0.3603, 1.8295, 4.3418)
(0.2781, 2.1437, 4.3129)
(0.5052, 2.2377, 4.2741)
(0.4765, 2.6099, 4.2432)
(0.8348, 2.7902, 4.1929)
(0.8452, 3.1929, 4.163)
(1.1965, 3.3768, 4.1101)
(1.2068, 3.7805, 4.0873)
(1.5573, 3.9651, 4.0253)
(1.5671, 4.3687, 3.9968)
(1.9144, 4.5519, 3.9185)
(1.9208, 4.955, 3.8748)
(2.2645, 5.1358, 3.7827)
(2.2704, 5.5374, 3.7253)
(2.6184, 5.7152, 3.6418)
(2.6298, 6.1166, 3.5768)
(2.5892, 6.4749, 3.4414)
(2.5507, 6.7733, 3.2777)
(2.7525, 6.8777, 3.3715)
(2.82, 6.5905, 3.4759)
(2.9619, 5.0536, 1.8825)
(3.096, 5.0536, 2.1076)
(3.1898, 5.3507, 2.1169)
(3.0655, 5.3881, 1.9017)
(2.8582, 5.4522, 1.6532)
(3.1824, 5.7273, 1.8746)
(2.9553, 5.8313, 1.6795)
(2.6263, 5.9069, 1.6869)
(3.0207, 6.1868, 1.7607)
(2.6869, 6.2736, 1.8519)
(2.3528, 6.2907, 2.0492)
(2.7277, 6.6156, 2.0329)
(2.4351, 6.6256, 2.263)
(2.1945, 6.5492, 2.5548)
(2.5096, 6.9253, 2.493)
(2.3514, 6.8187, 2.7965)
(2.292, 6.6005, 3.1032)
(2.5466, 7.0192, 3.027)
(-0.5471, 2.299, 3.9843)
(-0.5787, 2.5504, 3.7332)
(-0.2223, 2.6861, 3.8915)
(-0.2073, 2.3961, 4.1035)
(-0.215, 3.0346, 3.6257)
(0.1603, 3.2058, 3.7807)
(0.1471, 2.826, 4.0073)
(0.1591, 3.6013, 3.5369)
(0.5189, 3.7852, 3.7086)
(0.5228, 3.3895, 3.9163)
(0.5407, 4.1519, 3.4434)
(0.9035, 4.3384, 3.5897)
(0.8882, 3.9673, 3.8315)
(0.952, 4.6622, 3.2733)
(1.3012, 4.867, 3.4228)
(1.2758, 4.5201, 3.7002)
(1.3255, 5.2038, 3.11)
(1.6365, 5.4498, 3.3017)
(1.6342, 5.0886, 3.5669)
(1.6711, 5.782, 2.9892)
(1.9651, 6.0448, 3.1961)
(1.9534, 5.6892, 3.4601)
(2.0327, 6.35, 2.8812)
(2.2806, 6.2829, 3.3592)
(-0.9371, 2.3176, 3.5466)
(-0.8893, 2.5983, 3.2322)
(-0.5664, 2.8469, 3.4482)
(-0.5046, 3.2009, 3.1448)
(-0.1891, 3.4142, 3.349)
(-0.0978, 3.7451, 3.0517)
(0.2086, 3.9541, 3.2552)
(0.3777, 4.1855, 2.9067)
(0.651, 4.4274, 3.1018)
(0.8052, 4.6531, 2.7275)
(1.0343, 4.9467, 2.9172)
(1.191, 5.182, 2.5728)
(1.4083, 5.4973, 2.772)
(1.6049, 5.7069, 2.4336)
(1.7994, 6.0448, 2.648)
(2.0397, 6.2167, 2.3211)
(-1.8341, 1.2232, 2.7686)
(-1.7073, 1.5381, 2.565)
(-1.5133, 1.7952, 2.8313)
(-1.6337, 1.4791, 2.9775)
(-1.3914, 2.1209, 2.6167)
(-1.1717, 2.3474, 2.9435)
(-1.3068, 2.0128, 3.1684)
(-1.0147, 2.6946, 2.6202)
(-0.7706, 2.9504, 2.8966)
(-0.6064, 3.2721, 2.5613)
(-0.3699, 3.519, 2.8244)
(-0.1153, 3.7108, 2.4905)
(0.1272, 3.9364, 2.7128)
(0.4072, 4.0644, 2.3583)
(0.602, 4.3537, 2.5337)
(0.894, 4.4706, 2.2217)
(1.0359, 4.8289, 2.3911)
(1.3844, 4.9136, 2.1248)
(1.4784, 5.3237, 2.269)
(1.812, 5.4131, 1.9768)
(1.9002, 5.8358, 2.1213)
(2.2528, 5.9052, 1.8591)
(-1.9248, 1.2797, 2.2913)
(-1.8059, 1.6079, 2.0002)
(-1.5963, 1.8716, 2.308)
(-1.4447, 2.187, 2.0099)
(-1.2342, 2.4419, 2.3205)
(-1.0275, 2.7323, 1.9954)
(-0.8203, 3.0024, 2.2837)
(-0.576, 3.2493, 1.9587)
(-0.3641, 3.5062, 2.2309)
(-0.0414, 3.6445, 1.9194)
(0.1999, 3.836, 2.1609)
(0.5661, 3.8768, 1.8829)
(0.7466, 4.1312, 2.0715)
(1.1672, 4.1178, 1.8731)
(1.2864, 4.4995, 2.0057)
(1.6619, 4.5229, 1.7729)
(1.7381, 4.9706, 1.8634)
(2.075, 5.0262, 1.5981)
(2.155, 5.4785, 1.7077)
(2.5318, 5.4954, 1.5665)
(-2.0291, 1.3431, 1.6968)
(-1.8667, 1.6476, 1.3971)
(-1.6583, 1.9224, 1.702)
(-1.4472, 2.1944, 1.3991)
(-1.2353, 2.4641, 1.6994)
(-0.9757, 2.6956, 1.391)
(-0.7742, 2.9722, 1.6777)
(-0.4641, 3.1492, 1.378)
(-0.2603, 3.4073, 1.6585)
(0.1266, 3.4439, 1.4072)
(0.3477, 3.6627, 1.6605)
(0.77, 3.6041, 1.4308)
(0.9855, 3.8388, 1.6555)
(1.4109, 3.774, 1.4704)
(1.5706, 4.104, 1.6675)
(1.9195, 4.1242, 1.4278)
(1.9969, 4.5697, 1.5048)
(2.338, 4.6138, 1.377)
(2.4395, 5.0494, 1.4708)
(2.7544, 5.0483, 1.5982)
(-2.0618, 1.3607, 1.0939)
(-1.8335, 1.6234, 0.7933)
(-1.6509, 1.917, 1.0956)
(-1.386, 2.1497, 0.7973)
(-1.182, 2.4224, 1.0976)
(-0.8735, 2.6073, 0.8032)
(-0.6649, 2.8751, 1.0939)
(-0.3143, 3.005, 0.814)
(-0.0981, 3.2419, 1.1103)
(0.3019, 3.2534, 0.8741)
(0.5445, 3.4014, 1.1858)
(0.9552, 3.2979, 0.9941)
(1.1944, 3.496, 1.2483)
(1.6098, 3.3561, 1.0946)
(1.8209, 3.7063, 1.3033)
(2.1662, 3.7444, 1.1659)
(2.2312, 4.1955, 1.2918)
(2.4995, 4.2781, 1.3981)
(2.6262, 4.6597, 1.5102)
(2.8348, 4.7109, 1.8222)
(-1.9872, 1.3087, 0.4956)
(-1.7133, 1.5403, 0.2053)
(-1.5664, 1.8585, 0.498)
(-1.2737, 2.0734, 0.2083)
(-1.089, 2.3529, 0.5043)
(-0.7621, 2.5222, 0.2198)
(-0.5322, 2.7523, 0.5199)
(-0.1842, 2.8819, 0.2438)
(0.0573, 3.0843, 0.5534)
(0.4341, 3.0913, 0.3171)
(0.7007, 3.197, 0.662)
(1.072, 3.0724, 0.4711)
(1.3341, 3.1524, 0.8177)
(1.6282, 2.991, 0.6247)
(1.9243, 3.1846, 0.9171)
(-1.8388, 1.2073, -0.0829)
(-1.5705, 1.4414, -0.3694)
(-1.418, 1.7548, -0.0786)
(-1.1403, 1.981, -0.3644)
(-0.9644, 2.2708, -0.0757)
(-0.6729, 2.4788, -0.3636)
(-0.4362, 2.6902, -0.0624)
(-0.1119, 2.8163, -0.34)
(0.1633, 2.9589, -0.0172)
(0.513, 2.9234, -0.2456)
(0.7956, 3.0089, 0.1089)
(1.1306, 2.8647, -0.081)
(1.3905, 2.9141, 0.2816)
(1.6486, 2.755, 0.0765)
(1.8534, 2.8125, 0.4225)
(-1.7537, 1.1502, -0.6686)
(-1.5723, 1.4468, -0.9645)
(-1.3432, 1.7055, -0.6615)
(-1.1514, 1.994, -0.9586)
(-0.9042, 2.235, -0.6593)
(-0.648, 2.4441, -0.9563)
(-0.3809, 2.6468, -0.6525)
(-0.0472, 2.6852, -0.9174)
(0.2328, 2.819, -0.5892)
(0.5734, 2.7218, -0.8022)
(0.8511, 2.8041, -0.4455)
(1.1763, 2.6507, -0.6351)
(1.4296, 2.7065, -0.2752)
(1.6899, 2.5621, -0.4903)
(1.8792, 2.6063, -0.1444)
(-1.8234, 1.2012, -1.2618)
(-1.676, 1.5215, -1.5544)
(-1.4089, 1.7552, -1.2576)
(-1.2011, 2.0159, -1.5555)
(-0.9239, 2.2327, -1.2568)
(-0.6175, 2.3447, -1.5427)
(-0.3286, 2.5228, -1.234)
(0.0204, 2.4689, -1.473)
(0.2983, 2.6082, -1.1445)
(0.639, 2.4713, -1.3446)
(0.9065, 2.5753, -0.9949)
(1.2411, 2.4289, -1.1906)
(1.4815, 2.5025, -0.8368)
(1.7604, 2.3995, -1.0697)
(1.9375, 2.4529, -0.7287)
(-1.9251, 1.2744, -1.8536)
(-1.7401, 1.5629, -2.1538)
(-1.4779, 1.7949, -1.8529)
(-1.2013, 1.9677, -2.1491)
(-0.9102, 2.1604, -1.8478)
(-0.5572, 2.1598, -2.1089)
(-0.2633, 2.3167, -1.7935)
(0.1, 2.1997, -2.0104)
(0.3722, 2.3387, -1.6804)
(0.7267, 2.2139, -1.8878)
(0.9844, 2.3353, -1.5444)
(1.3388, 2.2507, -1.7637)
(1.5668, 2.3293, -1.4123)
(1.8633, 2.3044, -1.6698)
(2.0281, 2.3607, -1.3318)
(-1.9683, 1.3061, -2.4575)
(-1.7486, 1.5568, -2.7577)
(-1.4862, 1.7718, -2.4513)
(-1.156, 1.8446, -2.7299)
(-0.8561, 1.9981, -2.4195)
(-0.4796, 1.9268, -2.6606)
(-0.1834, 2.0618, -2.3372)
(0.1906, 1.9698, -2.5635)
(0.4655, 2.0859, -2.226)
(0.8313, 2.0507, -2.4623)
(1.0895, 2.1523, -2.1155)
(1.4487, 2.187, -2.3625)
(1.6761, 2.2506, -2.0122)
(1.9766, 2.2913, -2.2867)
(2.1409, 2.3237, -1.9493)
(-1.9606, 1.3027, -3.0633)
(-1.7129, 1.512, -3.3592)
(-1.4457, 1.6945, -3.0444)
(-1.086, 1.7115, -3.3111)
(-0.782, 1.8055, -2.9847)
(-0.403, 1.7683, -3.2351)
(-0.1006, 1.8627, -2.9)
(0.2682, 1.8855, -3.1527)
(0.5586, 1.9657, -2.8087)
(0.9113, 2.0668, -3.0641)
(1.1887, 2.123, -2.7141)
(1.5414, 2.2404, -2.9744)
(1.784, 2.2691, -2.6277)
(2.0847, 2.3011, -2.9084)
(2.2572, 2.3057, -2.5735)
(-1.9173, 1.2747, -3.6686)
(-1.6598, 1.4669, -3.9622)
(-1.3842, 1.6176, -3.6393)
(-1.0233, 1.6576, -3.9079)
(-0.7118, 1.7016, -3.5711)
(-0.3466, 1.7577, -3.8334)
(-0.0361, 1.8144, -3.4934)
(0.3113, 1.9487, -3.7519)
(0.6179, 2.0066, -3.4097)
(0.9583, 2.1672, -3.6661)
(1.2588, 2.2077, -3.3217)
(1.6142, 2.2903, -3.5859)
(1.8787, 2.2989, -3.2452)
(2.173, 2.275, -3.5258)
(2.3603, 2.2722, -3.1961)
(-1.8613, 1.2352, -4.2738)
(-1.5998, 1.4333, -4.5654)
(-1.3277, 1.5846, -4.2403)
(-0.9763, 1.6753, -4.5087)
(-0.6608, 1.7149, -4.172)
(-0.314, 1.8444, -4.4315)
(0.0001, 1.8937, -4.0924)
(0.3343, 2.0698, -4.3476)
(0.6477, 2.1197, -4.0075)
(0.993, 2.2507, -4.2674)
(1.309, 2.2768, -3.9273)
(1.6653, 2.2857, -4.194)
(1.9469, 2.2789, -3.8575)
(2.2244, 2.1986, -4.1326)
(2.4281, 2.1951, -3.8067)
(-1.7928, 1.188, -4.8764)
(-1.5267, 1.4044, -5.166)
(-1.2761, 1.588, -4.8415)
(-0.9397, 1.7331, -5.1071)
(-0.6302, 1.7992, -4.7693)
(-0.2954, 1.9649, -5.0259)
(0.0197, 2.0186, -4.687)
(0.3579, 2.1723, -4.9456)
(0.6752, 2.2155, -4.6065)
(1.0317, 2.2765, -4.8718)
(1.3516, 2.2879, -4.533)
(1.7075, 2.2307, -4.7991)
(1.9907, 2.2115, -4.463)
(2.2602, 2.0956, -4.7338)
(2.4637, 2.0815, -4.4064)
(-1.7006, 1.1283, -5.4699)
(-1.4373, 1.3619, -5.7314)
(-1.216, 1.5924, -5.4373)
(-0.8995, 1.7747, -5.6733)
(-0.6047, 1.8907, -5.3622)
(-0.2749, 2.0536, -5.5914)
(0.0406, 2.1208, -5.2805)
(0.3885, 2.2173, -5.515)
(0.711, 2.2519, -5.206)
(1.0726, 2.2482, -5.4433)
(1.3943, 2.246, -5.1339)
(1.7468, 2.1538, -5.3686)
(2.029, 2.12, -5.0613)
(2.2967, 1.9959, -5.3042)
(2.4987, 1.9647, -5.0067)
(-1.6037, 1.0654, -5.9714)
(-1.3592, 1.3251, -6.1692)
(-1.1585, 1.5894, -5.9377)
(-0.8773, 1.8188, -6.1044)
(-0.587, 1.9612, -5.8603)
(-0.2641, 2.1166, -6.0234)
(0.0633, 2.1731, -5.7821)
(0.4163, 2.2204, -5.9514)
(0.7463, 2.2379, -5.7101)
(1.1059, 2.2036, -5.8793)
(1.4314, 2.1866, -5.6368)
(1.779, 2.0889, -5.8032)
(2.0628, 2.0394, -5.5617)
(2.3139, 1.9313, -5.7233)
(2.5194, 1.8834, -5.4957)
(-0.1987, 2.1975, 4.2355)
(0.1266, 2.4854, 4.1792)
(0.1143, 2.253, 4.2865)
(0.4994, 3.0053, 4.0895)
(0.4616, 2.6231, 4.2377)
(0.8662, 3.588, 4.0108)
(0.8319, 3.2091, 4.1593)
(1.2359, 4.1662, 3.9201)
(1.1954, 3.7999, 4.0884)
(1.607, 4.7357, 3.7975)
(1.5572, 4.3879, 4.0029)
(1.9429, 5.3262, 3.6749)
(1.9109, 4.9735, 3.8817)
(2.2753, 5.919, 3.55)
(2.2588, 5.5551, 3.7296)
(2.615, 6.1306, 3.5765)
(-1.58, -2.7241, -0.4292)
(-0.9018, -3.0722, -4.7035)
(-2.0368, -1.153, 4.2842)
(-1.2792, -2.9228, -2.2567)
(-2.4264, -1.7238, 4.1977)
(-2.8306, -2.2854, 4.125)
(-1.7606, -2.7578, 0.1446)
(-3.2342, -2.8472, 4.0508)
(-3.6376, -3.4047, 3.9487)
(-4.0433, -3.9511, 3.8072)
(-4.4427, -4.4969, 3.6473)
(-1.0248, -3.0911, -4.1058)
(-4.8331, -5.0563, 3.5059)
(-1.3414, -2.8187, -1.6335)
(-1.4341, -2.7428, -1.021)
(-2.8251, -3.723, 1.195)
(-1.9778, -2.8418, 0.7022)
(-2.3895, -3.1806, 1.1292)
(-3.1224, -4.2093, 1.5894)
(-3.3719, -4.676, 2.038)
(-0.7814, -3.0675, -5.3066)
(-1.1381, -3.0904, -3.502)
(-1.2185, -3.0215, -2.8826)
(-4.5614, -5.4872, 3.4874)
(-4.6161, -5.1492, 3.5432)
(-4.8511, -5.2376, 3.5174)
(-4.7875, -5.5515, 3.5196)
(-3.4772, -4.8157, 2.0724)
(-3.4627, -4.7161, 1.838)
(-3.6773, -4.9705, 1.8297)
(-3.7155, -5.0086, 2.0371)
(-3.5118, -5.0124, 1.659)
(-3.6869, -5.345, 1.685)
(-3.8664, -5.2591, 1.7568)
(-3.4954, -5.3565, 1.892)
(-3.7289, -5.618, 2.0923)
(-3.8864, -5.6167, 1.7888)
(-3.6216, -5.5084, 2.4471)
(-3.8878, -5.7319, 2.6594)
(-3.9465, -5.8569, 2.3131)
(-3.857, -5.534, 3.0003)
(-4.1724, -5.6959, 3.1783)
(-4.1449, -5.9206, 2.8758)
(-4.2267, -5.3907, 3.4119)
(-4.4893, -5.8004, 3.3307)
(-1.0411, -1.4702, 4.0934)
(-1.1405, -1.1716, 4.2317)
(-1.5144, -1.2513, 4.2783)
(-1.455, -1.5749, 4.1688)
(-1.4001, -1.9765, 4.0404)
(-1.8637, -1.6929, 4.2049)
(-1.8387, -2.1128, 4.1055)
(-1.7982, -2.5511, 3.9909)
(-2.2627, -2.2502, 4.1253)
(-2.2403, -2.6779, 4.0366)
(-2.2021, -3.1128, 3.9189)
(-2.666, -2.8104, 4.0425)
(-2.6442, -3.2374, 3.9505)
(-2.611, -3.6605, 3.8018)
(-3.0698, -3.3679, 3.9457)
(-3.0493, -3.7878, 3.8289)
(-3.0225, -4.1932, 3.6416)
(-3.4741, -3.9174, 3.8189)
(-3.4546, -4.3282, 3.677)
(-3.4337, -4.7194, 3.4651)
(-3.876, -4.4626, 3.675)
(-3.8565, -4.8693, 3.5264)
(-3.8409, -5.2452, 3.3037)
(-4.2663, -5.013, 3.5558)
(-0.5293, -1.6582, 3.8382)
(-0.5885, -1.2978, 4.0207)
(-0.9689, -1.8318, 3.9455)
(-0.9417, -2.2573, 3.7769)
(-1.362, -2.4135, 3.9036)
(-1.3502, -2.8329, 3.7253)
(-1.7664, -2.9803, 3.8445)
(-1.7826, -3.3553, 3.6126)
(-2.1834, -3.5196, 3.7291)
(-2.2314, -3.8447, 3.4417)
(-2.6065, -4.0384, 3.5611)
(-2.6661, -4.3309, 3.2324)
(-3.03, -4.5447, 3.3628)
(-3.0899, -4.827, 3.015)
(-3.4541, -5.0527, 3.1694)
(-3.527, -5.3146, 2.8157)
(0.7281, -0.8929, 3.4571)
(0.5465, -0.7684, 3.8225)
(0.4122, -1.0782, 3.6685)
(0.3028, -1.4092, 3.4569)
(0.0276, -1.1769, 3.8912)
(-0.087, -1.5184, 3.6768)
(-0.1452, -1.9349, 3.4197)
(-0.5366, -2.0928, 3.6135)
(-0.5746, -2.5046, 3.3688)
(-0.9526, -2.6736, 3.5648)
(-1.0441, -2.9891, 3.271)
(-1.4081, -3.1734, 3.4526)
(-1.5707, -3.3803, 3.0976)
(-1.8963, -3.6165, 3.2806)
(-2.109, -3.7525, 2.9044)
(-2.3765, -4.0514, 3.0807)
(-2.5405, -4.2119, 2.685)
(-2.7758, -4.5516, 2.8509)
(-2.9108, -4.74, 2.4553)
(-3.1988, -5.0505, 2.6356)
(-3.3375, -5.2353, 2.2497)
(0.9727, -1.062, 2.955)
(0.6488, -1.2526, 3.2177)
(0.5719, -1.6212, 2.943)
(0.2235, -1.7831, 3.1922)
(0.141, -2.1604, 2.9067)
(-0.2118, -2.3314, 3.1457)
(-0.3327, -2.6538, 2.8407)
(-0.687, -2.8161, 3.0688)
(-0.9006, -2.9703, 2.7122)
(-1.2465, -3.146, 2.912)
(-1.5148, -3.1983, 2.5397)
(-1.8192, -3.4664, 2.7236)
(-2.0844, -3.5205, 2.3485)
(-2.3328, -3.8527, 2.519)
(-2.5061, -3.9889, 2.1218)
(-2.6843, -4.3811, 2.2827)
(-2.8595, -4.53, 1.895)
(-3.0741, -4.9047, 2.0666)
(-3.2754, -5.0187, 1.7438)
(1.2116, -1.2248, 2.4105)
(0.9, -1.4325, 2.6817)
(0.8151, -1.7974, 2.402)
(0.4832, -1.9846, 2.6575)
(0.3702, -2.3263, 2.3614)
(0.0196, -2.4901, 2.6029)
(-0.1598, -2.7495, 2.2703)
(-0.532, -2.8586, 2.4954)
(-0.7832, -2.9549, 2.1287)
(-1.1683, -3.0182, 2.3387)
(-1.4442, -3.0579, 1.97)
(-1.7914, -3.233, 2.169)
(-2.0545, -3.295, 1.7919)
(-2.3115, -3.6092, 1.9633)
(-2.5166, -3.7298, 1.5961)
(-2.6815, -4.1309, 1.7372)
(-2.9093, -4.2425, 1.4668)
(-3.0904, -4.6274, 1.5961)
(-3.3309, -4.6599, 1.5853)
(1.4368, -1.3786, 1.8623)
(1.1311, -1.5942, 2.1357)
(1.0409, -1.9612, 1.8562)
(0.7159, -2.1554, 2.1159)
(0.5832, -2.4878, 1.8118)
(0.2162, -2.6295, 2.0446)
(0.0154, -2.8699, 1.703)
(-0.3835, -2.9327, 1.9172)
(-0.6367, -3.0299, 1.5536)
(-1.0492, -3.0216, 1.7612)
(-1.3146, -3.0615, 1.3986)
(-1.7146, -3.1192, 1.6005)
(-1.9832, -3.1269, 1.2359)
(-2.3203, -3.3659, 1.4261)
(-2.5979, -3.456, 1.161)
(-2.7481, -3.8555, 1.3565)
(-2.9666, -3.9719, 1.3881)
(-3.1253, -4.3315, 1.5)
(-3.2423, -4.4491, 1.807)
(1.6358, -1.512, 1.302)
(1.3448, -1.7429, 1.5828)
(1.2353, -2.0943, 1.2931)
(0.9256, -2.3098, 1.5622)
(0.764, -2.612, 1.2424)
(0.4029, -2.7643, 1.481)
(0.1716, -2.9341, 1.1243)
(-0.2276, -3.004, 1.341)
(-0.4901, -3.0058, 0.9785)
(-0.9012, -3.0304, 1.192)
(-1.1568, -2.9561, 0.8447)
(-1.5633, -3.014, 1.0509)
(-1.7415, -2.9048, 0.7335)
(-2.1732, -3.0155, 0.9169)
(1.8054, -1.6211, 0.7269)
(1.5223, -1.8574, 1.0113)
(1.3901, -2.1832, 0.709)
(1.0893, -2.4092, 0.9827)
(0.8991, -2.6658, 0.6495)
(0.5503, -2.8235, 0.8964)
(0.2985, -2.9057, 0.5369)
(-0.0901, -2.9622, 0.7609)
(-0.3481, -2.9145, 0.407)
(-0.7475, -2.9317, 0.6285)
(-0.9878, -2.8619, 0.2866)
(-1.3729, -2.8686, 0.5122)
(-1.5324, -2.801, 0.1866)
(-1.86, -2.8052, 0.4256)
(1.984, -1.7365, 0.1538)
(1.6872, -1.9579, 0.432)
(1.5494, -2.2742, 0.126)
(1.2293, -2.4745, 0.391)
(1.0273, -2.7049, 0.0541)
(0.6707, -2.8312, 0.3002)
(0.4195, -2.901, -0.0562)
(0.0394, -2.9085, 0.1786)
(-0.2081, -2.8983, -0.1737)
(-0.5926, -2.8723, 0.0593)
(-0.8283, -2.8434, -0.2869)
(-1.1949, -2.8137, -0.0513)
(-1.3584, -2.7748, -0.3858)
(-1.6628, -2.7469, -0.1394)
(2.1675, -1.8569, -0.4177)
(1.8624, -2.0684, -0.1433)
(1.7101, -2.3707, -0.4555)
(1.3747, -2.5473, -0.1975)
(1.1579, -2.7556, -0.5396)
(0.7912, -2.8537, -0.2965)
(0.54, -2.9288, -0.6519)
(0.1671, -2.9247, -0.4115)
(-0.0813, -2.9317, -0.7648)
(-0.4509, -2.8864, -0.5237)
(-0.6943, -2.8744, -0.8758)
(-1.0409, -2.8196, -0.6318)
(-1.2182, -2.7985, -0.9756)
(-1.5005, -2.7402, -0.7211)
(2.3452, -1.9739, -0.9916)
(2.0344, -2.1788, -0.7198)
(1.865, -2.4631, -1.0391)
(1.5176, -2.6223, -0.7862)
(1.287, -2.8085, -1.1339)
(0.9129, -2.8907, -0.8933)
(0.6553, -2.9632, -1.2519)
(0.2848, -2.9613, -1.0087)
(0.0272, -2.9729, -1.3674)
(-0.3333, -2.9291, -1.1205)
(-0.5917, -2.9246, -1.4813)
(-0.9224, -2.8636, -1.2302)
(-1.1203, -2.8618, -1.5847)
(-1.3817, -2.7878, -1.3224)
(2.5152, -2.0854, -1.5687)
(2.1991, -2.2836, -1.2991)
(2.0144, -2.5498, -1.6248)
(1.6565, -2.693, -1.3764)
(1.415, -2.8594, -1.7288)
(1.0328, -2.9293, -1.4918)
(0.7672, -2.9956, -1.8548)
(0.3916, -2.9967, -1.6136)
(0.1227, -3.0091, -1.9786)
(-0.2383, -2.9743, -1.7306)
(-0.5109, -2.9764, -2.0992)
(-0.8371, -2.9259, -1.8449)
(-1.0499, -2.9427, -2.2064)
(-1.304, -2.8777, -1.9405)
(2.6787, -2.1921, -2.1482)
(2.3572, -2.3829, -1.881)
(2.1596, -2.6318, -2.212)
(1.793, -2.7594, -1.9676)
(1.5433, -2.9071, -2.3236)
(1.1535, -2.9659, -2.0904)
(0.8817, -3.0233, -2.4569)
(0.4948, -3.0261, -2.2215)
(0.2183, -3.0367, -2.5908)
(-0.1538, -3.0128, -2.3478)
(-0.4337, -3.0196, -2.7203)
(-0.7669, -2.9886, -2.4681)
(-0.9832, -3.0179, -2.8311)
(-1.2422, -2.9789, -2.5655)
(2.837, -2.295, -2.7296)
(2.5102, -2.4779, -2.4648)
(2.3014, -2.7098, -2.8005)
(1.9275, -2.8219, -2.5594)
(1.6713, -2.9508, -2.9185)
(1.2767, -2.9984, -2.6878)
(1.0023, -3.0446, -3.0559)
(0.6051, -3.0477, -2.8261)
(0.3267, -3.0535, -3.1964)
(-0.0624, -3.04, -2.9623)
(-0.3412, -3.0464, -3.3341)
(-0.6903, -3.0371, -3.0894)
(-0.8994, -3.0672, -3.4492)
(-1.1714, -3.0627, -3.1885)
(2.991, -2.3946, -3.3124)
(2.6592, -2.5692, -3.05)
(2.4405, -2.7841, -3.3899)
(2.0603, -2.8803, -3.1519)
(1.7986, -2.99, -3.5137)
(1.4013, -3.0259, -3.2845)
(1.1257, -3.0587, -3.6535)
(0.725, -3.0602, -3.4256)
(0.4472, -3.0582, -3.7956)
(0.0475, -3.0523, -3.5671)
(-0.2263, -3.0516, -3.9363)
(-0.5901, -3.0586, -3.6995)
(-0.7887, -3.0747, -4.0543)
(-1.0747, -3.0978, -3.801)
(3.1414, -2.4915, -3.8963)
(2.8047, -2.6573, -3.6362)
(2.5774, -2.8547, -3.98)
(2.1917, -2.9346, -3.745)
(1.9255, -3.0237, -4.1093)
(1.5261, -3.0473, -3.8813)
(1.2499, -3.0648, -4.2508)
(0.8484, -3.0629, -4.0233)
(0.5711, -3.0511, -4.3932)
(0.1696, -3.0491, -4.1655)
(-0.1032, -3.0403, -4.5343)
(-0.4708, -3.0539, -4.2996)
(-0.6667, -3.0613, -4.6534)
(-0.9567, -3.089, -4.4027)
(3.2817, -2.5815, -4.4505)
(2.9466, -2.7418, -4.2193)
(2.7052, -2.9177, -4.5382)
(2.321, -2.9836, -4.3345)
(2.0451, -3.0495, -4.672)
(1.6503, -3.0616, -4.474)
(1.3678, -3.0628, -4.8148)
(0.972, -3.0561, -4.6165)
(0.6891, -3.0355, -4.9571)
(0.2931, -3.0339, -4.7586)
(0.0148, -3.0214, -5.0983)
(-0.3478, -3.0378, -4.8934)
(-0.5488, -3.048, -5.2212)
(-0.8343, -3.0765, -5.0032)
(3.3907, -2.651, -4.884)
(3.0648, -2.8111, -4.7114)
(2.8022, -2.9631, -4.9657)
(2.4289, -3.0201, -4.8296)
(2.1365, -3.0645, -5.1026)
(1.7549, -3.0674, -4.9714)
(1.4584, -3.0563, -5.246)
(1.0764, -3.044, -5.1141)
(0.7798, -3.0195, -5.3881)
(0.3975, -3.0154, -5.256)
(0.1053, -3.0037, -5.5293)
(-0.243, -3.0208, -5.3903)
(-0.4472, -3.0342, -5.6333)
(-0.7191, -3.0682, -5.4856)
(-1.547, -1.0353, 4.3425)
(-1.8687, -1.0803, 4.3135)
(-1.868, -1.3259, 4.2746)
(-2.2226, -1.4427, 4.2436)
(-2.2508, -1.8429, 4.1932)
(-2.6184, -2.0076, 4.163)
(-2.6527, -2.4027, 4.1102)
(-3.0213, -2.5678, 4.0872)
(-3.0564, -2.9624, 4.0256)
(-3.4252, -3.1269, 3.9966)
(-3.4605, -3.5178, 3.9188)
(-3.8301, -3.6789, 3.8744)
(-3.8644, -4.0658, 3.7829)
(-4.2326, -4.226, 3.7251)
(-4.2627, -4.6156, 3.6422)
(-4.6286, -4.7807, 3.5768)
(-4.9747, -4.8815, 3.4412)
(-5.2646, -4.9614, 3.2773)
(-5.2829, -5.1882, 3.3709)
(-4.9923, -5.1394, 3.4755)
(-3.5183, -4.6868, 1.8795)
(-3.4679, -4.8092, 2.1058)
(-3.7047, -5.0114, 2.1142)
(-3.7866, -4.9115, 1.8983)
(-3.926, -4.7429, 1.6512)
(-4.0564, -5.1478, 1.8718)
(-4.2403, -4.976, 1.6782)
(-4.4365, -4.6998, 1.6868)
(-4.5444, -5.1717, 1.7593)
(-4.7521, -4.8961, 1.8515)
(-4.8958, -4.5938, 2.049)
(-5.0519, -5.0648, 2.0327)
(-5.1733, -4.7983, 2.263)
(-5.1953, -4.5465, 2.5545)
(-5.4211, -4.9823, 2.4932)
(-5.3835, -4.7949, 2.7963)
(-5.205, -4.6559, 3.1028)
(-5.4931, -5.0524, 3.0268)
(-2.3315, -0.378, 3.9845)
(-2.5737, -0.4461, 3.7318)
(-2.5611, -0.8276, 3.89)
(-2.2894, -0.7293, 4.1034)
(-2.88, -0.9684, 3.6242)
(-2.8943, -1.3806, 3.7805)
(-2.5486, -1.2223, 4.0067)
(-3.2607, -1.5314, 3.5383)
(-3.2919, -1.9343, 3.7103)
(-2.9244, -1.7858, 3.9167)
(-3.6221, -2.0956, 3.4457)
(-3.6537, -2.5026, 3.591)
(-3.317, -2.3455, 3.8325)
(-3.9336, -2.6721, 3.2746)
(-3.9873, -3.0734, 3.4227)
(-3.6767, -2.9165, 3.6999)
(-4.2888, -3.2257, 3.11)
(-4.3959, -3.6073, 3.3013)
(-4.063, -3.4662, 3.5662)
(-4.6891, -3.7674, 2.9887)
(-4.8184, -4.1399, 3.1955)
(-4.4947, -3.9919, 3.4596)
(-5.0738, -4.3201, 2.8807)
(-4.9163, -4.5228, 3.3588)
(-2.4992, -0.0246, 3.5475)
(-2.743, -0.1742, 3.2332)
(-2.8432, -0.5706, 3.4465)
(-3.1508, -0.761, 3.1458)
(-3.2219, -1.1376, 3.3495)
(-3.4923, -1.3489, 3.0531)
(-3.5671, -1.7128, 3.2573)
(-3.7144, -1.9583, 2.909)
(-3.8329, -2.3037, 3.104)
(-3.9793, -2.5341, 2.7285)
(-4.1628, -2.8584, 2.9176)
(-4.3184, -3.0944, 2.572)
(-4.5269, -3.4156, 2.7715)
(-4.6445, -3.6782, 2.433)
(-4.882, -3.9874, 2.6475)
(-4.9479, -4.2758, 2.3208)
(-2.0702, 0.9779, 2.5643)
(-2.2334, 0.703, 2.8316)
(-1.9921, 0.9404, 2.9784)
(-2.4878, 0.4621, 2.6165)
(-2.6194, 0.1808, 2.9453)
(-2.3595, 0.4338, 3.1701)
(-2.8973, -0.0889, 2.6271)
(-3.0351, -0.4112, 2.9021)
(-3.2595, -0.6898, 2.5728)
(-3.3907, -1.0081, 2.8274)
(-3.455, -1.3227, 2.4965)
(-3.5806, -1.6307, 2.7147)
(-3.5884, -1.9402, 2.36)
(-3.7805, -2.2315, 2.5356)
(-3.7744, -2.5475, 2.2217)
(-4.0512, -2.8158, 2.3903)
(-3.9959, -3.1704, 2.1236)
(-4.339, -3.4143, 2.268)
(-4.2934, -3.7572, 1.9764)
(-4.6498, -4.0009, 2.121)
(-4.5783, -4.3537, 1.8591)
(-2.1738, 1.0311, 1.9985)
(-2.3308, 0.7375, 2.3061)
(-2.5784, 0.4786, 2.0097)
(-2.741, 0.1987, 2.3235)
(-2.9485, -0.0986, 2.0043)
(-3.1067, -0.3879, 2.2989)
(-3.1902, -0.7298, 1.9865)
(-3.3307, -1.0246, 2.253)
(-3.3245, -1.3824, 1.9409)
(-3.446, -1.6644, 2.1662)
(-3.3524, -2.0187, 1.8823)
(-3.5185, -2.2811, 2.0708)
(-3.345, -2.6659, 1.8713)
(-3.6506, -2.9214, 2.0047)
(-3.5277, -3.2782, 1.7732)
(-3.9126, -3.5196, 1.8633)
(-3.8342, -3.8529, 1.5988)
(-4.2215, -4.0999, 1.7081)
(-4.0922, -4.4554, 1.5665)
(-2.2506, 1.0729, 1.3968)
(-2.4159, 0.7727, 1.7009)
(-2.6111, 0.484, 1.4002)
(-2.7807, 0.1895, 1.7032)
(-2.9086, -0.1351, 1.3983)
(-3.0647, -0.4301, 1.6936)
(-3.0929, -0.7909, 1.3979)
(-3.1958, -1.0916, 1.6881)
(-3.1119, -1.4571, 1.4221)
(-3.2282, -1.743, 1.667)
(-3.0267, -2.1098, 1.4295)
(-3.16, -2.3947, 1.6525)
(-2.936, -2.7636, 1.4687)
(-3.1763, -3.0348, 1.6675)
(-3.0605, -3.3652, 1.4285)
(-3.4423, -3.6064, 1.5057)
(-3.3527, -3.9389, 1.3768)
(-3.7158, -4.1996, 1.4706)
(-3.5931, -4.4923, 1.596)
(-2.2274, 1.0534, 0.7929)
(-2.4319, 0.7758, 1.0957)
(-2.5637, 0.4492, 0.7973)
(-2.7399, 0.1591, 1.1002)
(-2.7987, -0.1954, 0.8079)
(-2.9514, -0.4931, 1.1047)
(-2.9257, -0.869, 0.8259)
(-3.0343, -1.1653, 1.1264)
(-2.889, -1.5365, 0.8829)
(-2.926, -1.8224, 1.1896)
(-2.6734, -2.1578, 0.9939)
(-2.7653, -2.4582, 1.2457)
(-2.4747, -2.785, 1.0921)
(-2.7142, -3.1149, 1.3022)
(-2.6168, -3.4477, 1.1633)
(-3.0075, -3.6804, 1.2911)
(-2.9809, -3.9604, 1.3963)
(-3.2844, -4.2238, 1.5087)
(-3.252, -4.4362, 1.8204)
(-2.1106, 0.9738, 0.2041)
(-2.3573, 0.7231, 0.4968)
(-2.4571, 0.3758, 0.2065)
(-2.6491, 0.1006, 0.5047)
(-2.6859, -0.2651, 0.2204)
(-2.8008, -0.5671, 0.5256)
(-2.7733, -0.9397, 0.2502)
(-2.8446, -1.2428, 0.5633)
(-2.6923, -1.5908, 0.3243)
(-2.6786, -1.8789, 0.666)
(-2.418, -2.1722, 0.4727)
(-2.3924, -2.4489, 0.8167)
(-2.1298, -2.6567, 0.6235)
(-2.1941, -3.0069, 0.9145)
(-1.9673, 0.878, -0.3709)
(-2.211, 0.6256, -0.0813)
(-2.3278, 0.29, -0.3693)
(-2.5317, 0.0187, -0.079)
(-2.6061, -0.3302, -0.3666)
(-2.7052, -0.6326, -0.0609)
(-2.6676, -0.9811, -0.3337)
(-2.6853, -1.2903, -0.0089)
(-2.5025, -1.598, -0.2383)
(-2.4689, -1.8919, 0.1129)
(-2.2071, -2.1467, -0.0801)
(-2.1507, -2.4061, 0.2814)
(-1.9052, -2.5823, 0.0755)
(-1.8784, -2.7944, 0.4212)
(-1.9704, 0.8807, -0.966)
(-2.1379, 0.5766, -0.6648)
(-2.337, 0.2972, -0.9639)
(-2.4735, -0.0201, -0.6651)
(-2.5472, -0.3373, -0.9584)
(-2.6223, -0.6652, -0.6504)
(-2.5059, -0.9848, -0.9096)
(-2.5159, -1.2963, -0.5794)
(-2.2905, -1.572, -0.795)
(-2.26, -1.8638, -0.4421)
(-1.994, -2.1041, -0.6344)
(-1.9465, -2.3608, -0.2757)
(-1.7116, -2.5427, -0.4909)
(-1.6778, -2.735, -0.1451)
(-2.07, 0.9529, -1.5564)
(-2.1989, 0.6211, -1.261)
(-2.3564, 0.3323, -1.5603)
(-2.459, -0.0031, -1.2616)
(-2.4266, -0.3308, -1.5435)
(-2.4731, -0.6637, -1.2305)
(-2.2802, -0.9651, -1.4676)
(-2.2945, -1.273, -1.1363)
(-2.0386, -1.5363, -1.3404)
(-2.0294, -1.8242, -0.9922)
(-1.7654, -2.0761, -1.1901)
(-1.7389, -2.3269, -0.837)
(-1.5347, -2.5428, -1.0701)
(-1.5136, -2.7267, -0.7291)
(-2.1252, 0.9988, -2.1559)
(-2.2482, 0.6699, -1.8566)
(-2.3008, 0.3495, -2.153)
(-2.3703, 0.0077, -1.8513)
(-2.2292, -0.3174, -2.1101)
(-2.256, -0.6473, -1.7918)
(-2.0075, -0.9375, -2.0095)
(-2.0247, -1.2402, -1.6772)
(-1.772, -1.5188, -1.8867)
(-1.7797, -1.8025, -1.5429)
(-1.5641, -2.0963, -1.7633)
(-1.5469, -2.3372, -1.4125)
(-1.408, -2.6006, -1.6703)
(-1.3938, -2.7737, -1.3322)
(-2.1215, 1.012, -2.7596)
(-2.2248, 0.6879, -2.4547)
(-2.1679, 0.3573, -2.7327)
(-2.1954, 0.0206, -2.4219)
(-1.9843, -0.2985, -2.6621)
(-1.9934, -0.6238, -2.3378)
(-1.7636, -0.9327, -2.5646)
(-1.7609, -1.2302, -2.2263)
(-1.5852, -1.5534, -2.4631)
(-1.5737, -1.8292, -2.1153)
(-1.4654, -2.1744, -2.3632)
(-1.433, -2.4078, -2.0127)
(-1.3522, -2.7009, -2.2873)
(-1.3166, -2.8639, -1.9497)
(-2.0658, 0.9978, -3.3609)
(-2.1382, 0.6822, -3.0473)
(-2.0191, 0.344, -3.3139)
(-1.989, 0.0274, -2.9867)
(-1.8099, -0.3083, -3.237)
(-1.7793, -0.6234, -2.9015)
(-1.6563, -0.9722, -3.1542)
(-1.6155, -1.2702, -2.8099)
(-1.5681, -1.6346, -3.0654)
(-1.5103, -1.9111, -2.7151)
(-1.4769, -2.2818, -2.9754)
(-1.4077, -2.5156, -2.6285)
(-1.3187, -2.8056, -2.9089)
(-1.2555, -2.9655, -2.5738)
(-2.0051, 0.9659, -3.9639)
(-2.0443, 0.6551, -3.6421)
(-1.9487, 0.3062, -3.9108)
(-1.8686, 0.0019, -3.5735)
(-1.7803, -0.3571, -3.8354)
(-1.7104, -0.6648, -3.4952)
(-1.6959, -1.0372, -3.7537)
(-1.6284, -1.3416, -3.4113)
(-1.6383, -1.7177, -3.668)
(-1.5577, -2.0096, -3.3232)
(-1.4917, -2.3693, -3.5872)
(-1.3968, -2.6156, -3.246)
(-1.26, -2.8783, -3.5262)
(-1.1851, -3.0493, -3.1961)
(-1.9554, 0.9201, -4.5672)
(-1.9974, 0.6139, -4.2431)
(-1.9514, 0.2539, -4.5115)
(-1.865, -0.0514, -4.1743)
(-1.8475, -0.4219, -4.4337)
(-1.7683, -0.7297, -4.0945)
(-1.7941, -1.1063, -4.3502)
(-1.7167, -1.4139, -4.0097)
(-1.6975, -1.7829, -4.2698)
(-1.5982, -2.0835, -3.9291)
(-1.4662, -2.4156, -4.1953)
(-1.3509, -2.6719, -3.8583)
(-1.1698, -2.8977, -4.1331)
(-1.0882, -3.0838, -3.8068)
(-1.8962, 0.8634, -5.1678)
(-1.9802, 0.5632, -4.8445)
(-1.983, 0.1973, -5.1104)
(-1.9292, -0.1134, -4.772)
(-1.9442, -0.4865, -5.0292)
(-1.8707, -0.7972, -4.69)
(-1.8728, -1.1685, -4.9491)
(-1.789, -1.477, -4.6095)
(-1.7031, -1.8295, -4.8744)
(-1.5897, -2.128, -4.535)
(-1.3988, -2.4349, -4.8005)
(-1.2718, -2.6878, -4.4639)
(-1.0613, -2.8928, -4.7343)
(-0.97, -3.0744, -4.4066)
(-1.8165, 0.798, -5.7329)
(-1.9509, 0.5057, -5.4402)
(-1.9935, 0.1435, -5.677)
(-1.9926, -0.1729, -5.3659)
(-2.0073, -0.5403, -5.596)
(-1.9484, -0.8567, -5.2846)
(-1.8974, -1.215, -5.519)
(-1.8045, -1.525, -5.2093)
(-1.6602, -1.8576, -5.446)
(-1.534, -2.1527, -5.1359)
(-1.3134, -2.4434, -5.3701)
(-1.1731, -2.6897, -5.0622)
(-0.9559, -2.8899, -5.3048)
(-0.8489, -3.0633, -5.0069)
(-1.7487, 0.7407, -6.1706)
(-1.9178, 0.4536, -5.9406)
(-2.0181, 0.1054, -6.1087)
(-2.0403, -0.2172, -5.8651)
(-2.0556, -0.5754, -6.0288)
(-1.9822, -0.8986, -5.7868)
(-1.8882, -1.2428, -5.9555)
(-1.7767, -1.5533, -5.7135)
(-1.6066, -1.8725, -5.8821)
(-1.4655, -2.1657, -5.6389)
(-1.2423, -2.4498, -5.8048)
(-1.0869, -2.6919, -5.5628)
(-0.8914, -2.883, -5.7242)
(-0.7671, -3.0531, -5.4961)
(-2.1037, -0.6605, 4.2357)
(-2.2429, -1.0718, 4.1795)
(-2.0337, -0.9708, 4.2869)
(-2.5785, -1.6163, 4.0895)
(-2.2407, -1.434, 4.2383)
(-2.9753, -2.1791, 4.0115)
(-2.6386, -2.0016, 4.1597)
(-3.3657, -2.7433, 3.9202)
(-3.0435, -2.5648, 4.0886)
(-3.7478, -3.3052, 3.7968)
(-3.4467, -3.1251, 4.0029)
(-4.1637, -3.8424, 3.6745)
(-3.8509, -3.6769, 3.8815)
(-4.5827, -4.3775, 3.5497)
(-4.2534, -4.222, 3.7295)
(-4.6472, -4.7725, 3.5765)
(3.1324, 6.4224, 3.5256)
(3.1006, 5.1956, 1.9573)
(3.3159, 5.3977, 1.7113)
(3.6478, 5.5355, 1.833)
(3.7889, 5.6982, 2.3726)
(3.748, 5.9152, 2.9321)
(3.4924, 6.1935, 3.3674)
(0.7591, 1.7189, 4.1994)
(1.0596, 2.2225, 4.1369)
(1.4268, 2.8083, 4.0717)
(1.7904, 3.3967, 3.9962)
(2.1471, 3.9841, 3.8935)
(2.4936, 4.5681, 3.754)
(2.8354, 5.1486, 3.5976)
(3.1834, 5.7225, 3.4626)
(1.143, 1.3239, 3.9769)
(1.5084, 1.8931, 3.9227)
(1.8916, 2.486, 3.8786)
(2.2427, 3.0778, 3.7933)
(2.5683, 3.6698, 3.6498)
(2.876, 4.2576, 3.4621)
(3.1799, 4.8432, 3.2623)
(3.4813, 5.4289, 3.0778)
(1.0065, -0.2612, 3.6522)
(1.262, 0.3496, 3.6793)
(1.5347, 0.991, 3.6449)
(1.9205, 1.6097, 3.5912)
(2.2582, 2.2175, 3.5183)
(2.5071, 2.835, 3.3714)
(2.7102, 3.4569, 3.1845)
(2.9712, 4.04, 2.9658)
(3.2836, 4.6058, 2.7384)
(3.5633, 5.1966, 2.5332)
(1.2266, -0.4028, 3.2195)
(1.5716, 0.1821, 3.2083)
(1.9025, 0.7881, 3.171)
(2.2248, 1.4063, 3.1153)
(2.4094, 2.041, 2.997)
(2.4734, 2.6913, 2.8184)
(2.5586, 3.3396, 2.626)
(2.8194, 3.909, 2.4014)
(3.1809, 4.4429, 2.1688)
(3.4806, 5.0215, 1.9691)
(1.4798, -0.5666, 2.6836)
(1.8498, 0.0194, 2.6731)
(2.1747, 0.628, 2.6357)
(2.4023, 1.2666, 2.5574)
(2.4115, 1.9173, 2.4191)
(2.3083, 2.5716, 2.256)
(2.3388, 3.2239, 2.0735)
(2.596, 3.8014, 1.8491)
(2.9364, 4.3508, 1.6439)
(3.1824, 4.9197, 1.6105)
(1.7148, -0.7196, 2.1372)
(2.0955, -0.1316, 2.1304)
(2.4076, 0.4883, 2.0881)
(2.5657, 1.1514, 1.9873)
(2.4863, 1.8115, 1.8412)
(2.2869, 2.4576, 1.6848)
(2.1804, 3.1151, 1.5135)
(2.3305, 3.7395, 1.3752)
(2.6478, 4.295, 1.3989)
(2.9055, 4.7977, 1.6671)
(1.932, -0.8612, 1.5844)
(2.3183, -0.2692, 1.5777)
(2.6231, 0.3615, 1.5306)
(2.727, 1.036, 1.4156)
(2.5814, 1.6906, 1.2664)
(2.3073, 2.3081, 1.1218)
(2.0556, 2.8902, 0.9856)
(2.1116, -0.9823, 1.0153)
(2.4841, -0.3855, 1.0024)
(2.7631, 0.2517, 0.9478)
(2.7899, 0.9111, 0.8317)
(2.5674, 1.5295, 0.6934)
(2.262, 2.1101, 0.5682)
(1.9896, 2.6011, 0.4666)
(2.2789, -1.0978, 0.4398)
(2.6224, -0.494, 0.4171)
(2.8487, 0.1492, 0.3517)
(2.8124, 0.7887, 0.2411)
(2.5665, 1.3756, 0.1185)
(2.2771, 1.9358, 0.0024)
(2.0128, 2.4065, -0.0969)
(2.4595, -1.2203, -0.1318)
(2.7724, -0.6061, -0.1645)
(2.9402, 0.0469, -0.2426)
(2.8742, 0.6831, -0.3533)
(2.6351, 1.2581, -0.4675)
(2.3463, 1.804, -0.5788)
(2.0763, 2.2615, -0.6779)
(2.6396, -1.3412, -0.7043)
(2.9212, -0.715, -0.7469)
(3.0398, -0.0524, -0.8363)
(2.9515, 0.5871, -0.9508)
(2.7189, 1.1655, -1.0642)
(2.4332, 1.7123, -1.1761)
(2.1651, 2.1698, -1.2777)
(2.8122, -1.4573, -1.2798)
(3.0627, -0.8205, -1.3315)
(3.1382, -0.1505, -1.4309)
(3.0275, 0.4962, -1.5525)
(2.7952, 1.0879, -1.6717)
(2.517, 1.6496, -1.7887)
(2.2657, 2.1229, -1.8942)
(2.9774, -1.5688, -1.8581)
(3.1978, -0.9236, -1.9179)
(3.2343, -0.2495, -2.0256)
(3.1, 0.4043, -2.1554)
(2.862, 1.014, -2.2845)
(2.5918, 1.5975, -2.4096)
(2.3649, 2.0927, -2.5187)
(3.1363, -1.6766, -2.4385)
(3.3277, -1.0251, -2.5056)
(3.3271, -0.3501, -2.6202)
(3.1693, 0.3055, -2.7558)
(2.9225, 0.9293, -2.8939)
(2.657, 1.5346, -3.0282)
(2.4521, 2.0495, -3.1413)
(3.2903, -1.7815, -3.0206)
(3.453, -1.1253, -3.0944)
(3.4159, -0.4517, -3.2151)
(3.2341, 0.1995, -3.3538)
(2.9778, 0.8269, -3.4957)
(2.712, 1.444, -3.6358)
(2.5148, 1.9693, -3.7528)
(3.44, -1.8838, -3.6039)
(3.5741, -1.2246, -3.684)
(3.4999, -0.5548, -3.8103)
(3.2924, 0.0892, -3.9511)
(3.0246, 0.7128, -4.0936)
(2.7547, 1.3306, -4.2349)
(2.5538, 1.8571, -4.3538)
(3.5853, -1.9837, -4.1843)
(3.69, -1.3228, -4.2702)
(3.5776, -0.6591, -4.4018)
(3.3428, -0.024, -4.5442)
(3.0615, 0.594, -4.6867)
(2.7869, 1.21, -4.8281)
(2.5866, 1.7376, -4.9492)
(3.7071, -2.0678, -4.6781)
(3.7839, -1.4056, -4.763)
(3.6376, -0.7486, -4.8984)
(3.3793, -0.122, -5.0417)
(3.0869, 0.4911, -5.1841)
(2.8092, 1.1059, -5.3255)
(2.6145, 1.6328, -5.4424)
(0.4164, 2.0211, 4.3092)
(0.6556, 2.5018, 4.2345)
(1.0161, 3.0832, 4.1514)
(1.377, 3.671, 4.069)
(1.7366, 4.2588, 3.9754)
(2.0898, 4.8443, 3.8531)
(2.44, 5.426, 3.7101)
(2.8002, 5.9988, 3.5841)
(2.6845, 6.6898, 3.404)
(3.0848, 5.2096, 2.0149)
(3.0288, 5.6007, 1.7645)
(2.8328, 6.0596, 1.7178)
(2.5491, 6.4645, 2.0377)
(2.3601, 6.749, 2.5215)
(2.4265, 6.8225, 3.0637)
(-0.3913, 2.4809, 3.941)
(-0.033, 2.931, 3.8336)
(0.3412, 3.4947, 3.7437)
(0.706, 4.0675, 3.6585)
(1.1067, 4.5999, 3.5055)
(1.4747, 5.1526, 3.3569)
(1.7987, 5.748, 3.2481)
(2.1342, 6.3358, 3.1474)
(-0.7511, 2.5814, 3.4962)
(-0.3789, 3.1273, 3.3977)
(0.0036, 3.6934, 3.3054)
(0.431, 4.1922, 3.1866)
(0.8492, 4.6797, 3.0079)
(1.2197, 5.2208, 2.84)
(1.6008, 5.7725, 2.7074)
(2.0028, 6.3098, 2.5968)
(-1.6675, 1.5071, 2.7855)
(-1.3511, 2.0723, 2.895)
(-0.9714, 2.6473, 2.9312)
(-0.5776, 3.2491, 2.8618)
(-0.1283, 3.7401, 2.7777)
(0.372, 4.1377, 2.6255)
(0.8197, 4.5865, 2.4558)
(1.2586, 5.0739, 2.3328)
(1.6874, 5.5804, 2.1924)
(2.1292, 6.0777, 2.0744)
(-1.7562, 1.5736, 2.2968)
(-1.4233, 2.16, 2.3188)
(-1.0312, 2.7233, 2.3068)
(-0.6038, 3.2715, 2.2583)
(-0.0884, 3.6875, 2.1996)
(0.4757, 3.9791, 2.1142)
(1.022, 4.3026, 2.0416)
(1.5237, 4.7246, 1.9446)
(1.9416, 5.2267, 1.7761)
(2.3917, 5.7104, 1.6796)
(-1.8457, 1.6344, 1.6989)
(-1.4537, 2.1984, 1.7029)
(-1.0089, 2.7224, 1.6903)
(-0.5277, 3.2074, 1.6653)
(0.0347, 3.5549, 1.6599)
(0.6667, 3.7507, 1.6535)
(1.2953, 3.9483, 1.6753)
(1.7939, 4.321, 1.5946)
(2.2139, 4.8157, 1.4575)
(2.6589, 5.2657, 1.5455)
(-1.8624, 1.6437, 1.0944)
(-1.4236, 2.1767, 1.0972)
(-0.9285, 2.6548, 1.096)
(-0.3906, 3.0792, 1.0953)
(0.2178, 3.3427, 1.1453)
(0.8688, 3.446, 1.2175)
(1.5227, 3.5712, 1.2844)
(2.0416, 3.9338, 1.29)
(2.429, 4.4369, 1.3689)
(2.8065, 4.8672, 1.6973)
(-1.7828, 1.5884, 0.4965)
(-1.3373, 2.1166, 0.5002)
(-0.8173, 2.5608, 0.5112)
(-0.2428, 2.9356, 0.5307)
(0.3749, 3.1711, 0.5972)
(1.0228, 3.177, 0.742)
(1.6317, 3.1589, 0.8731)
(-1.6332, 1.4845, -0.081)
(-1.1975, 2.0201, -0.0774)
(-0.7107, 2.4958, -0.0711)
(-0.1434, 2.8488, -0.0474)
(0.4784, 3.0099, 0.0357)
(1.1059, 2.9692, 0.1956)
(1.635, 2.863, 0.3553)
(-1.5512, 1.4298, -0.6657)
(-1.1303, 1.9771, -0.6593)
(-0.6557, 2.4652, -0.6594)
(-0.0801, 2.7626, -0.6308)
(0.5437, 2.8285, -0.5254)
(1.1527, 2.7592, -0.3581)
(1.6667, 2.6559, -0.2058)
(-1.6214, 1.4827, -1.2597)
(-1.1795, 2.0107, -1.2574)
(-0.6365, 2.405, -1.2514)
(-0.0142, 2.5866, -1.1984)
(0.6043, 2.6014, -1.0748)
(1.2048, 2.5386, -0.9118)
(1.721, 2.4755, -0.778)
(-1.716, 1.5487, -1.8527)
(-1.2081, 2.0023, -1.8534)
(-0.5905, 2.2624, -1.8287)
(0.0583, 2.3364, -1.7422)
(0.6796, 2.3381, -1.614)
(1.2865, 2.3296, -1.474)
(1.8092, 2.3417, -1.3672)
(-1.7507, 1.5657, -2.4559)
(-1.1833, 1.9128, -2.4408)
(-0.5195, 2.0424, -2.3842)
(0.1451, 2.0722, -2.2828)
(0.7794, 2.1125, -2.1705)
(1.3944, 2.2017, -2.0604)
(1.9199, 2.2904, -1.9769)
(-1.7346, 1.5369, -3.0585)
(-1.122, 1.7726, -3.0191)
(-0.4398, 1.8311, -2.944)
(0.2329, 1.9067, -2.8548)
(0.8759, 2.0397, -2.7616)
(1.4976, 2.206, -2.6678)
(2.0319, 2.2976, -2.5976)
(-1.6874, 1.4881, -3.6604)
(-1.0527, 1.6737, -3.608)
(-0.3717, 1.7461, -3.5328)
(0.2937, 1.9035, -3.4524)
(0.9379, 2.114, -3.3656)
(1.5806, 2.2709, -3.2805)
(2.1326, 2.2941, -3.2181)
(-1.6308, 1.4487, -4.264)
(-0.9978, 1.6589, -4.2085)
(-0.3276, 1.7928, -4.1332)
(0.3238, 2.0075, -4.05)
(0.9758, 2.2147, -3.9665)
(1.6418, 2.2952, -3.8903)
(2.2022, 2.2417, -3.8303)
(-1.5657, 1.4199, -4.8662)
(-0.9581, 1.7034, -4.808)
(-0.3044, 1.9053, -4.7285)
(0.3452, 2.1268, -4.646)
(1.0116, 2.2715, -4.5692)
(1.6868, 2.2631, -4.4969)
(2.2427, 2.1486, -4.4334)
(-1.4822, 1.3838, -5.4609)
(-0.9187, 1.7556, -5.4027)
(-0.2848, 2.014, -5.3208)
(0.3729, 2.2019, -5.2425)
(1.0527, 2.2668, -5.1702)
(1.7279, 2.1923, -5.0966)
(2.279, 2.0431, -5.0311)
(-1.3968, 1.3426, -5.9622)
(-0.8864, 1.7959, -5.9015)
(-0.2684, 2.0867, -5.8201)
(0.4029, 2.2217, -5.7458)
(1.0901, 2.2264, -5.674)
(1.7636, 2.1198, -5.5985)
(2.3093, 1.9596, -5.5283)
(-0.0406, 2.3214, 4.2111)
(0.3102, 2.7254, 4.1354)
(0.684, 3.2957, 4.0492)
(1.0497, 3.8788, 3.9692)
(1.4241, 4.4498, 3.8605)
(1.7782, 5.0289, 3.7357)
(2.1078, 5.6232, 3.6122)
(2.4432, 6.2099, 3.4918)
(-4.7179, -5.3621, 3.526)
(-3.5961, -4.8691, 1.9543)
(-3.6956, -5.147, 1.7092)
(-3.6942, -5.5042, 1.8341)
(-3.7936, -5.6927, 2.3752)
(-4.0119, -5.736, 2.9342)
(-4.368, -5.6062, 3.3689)
(-1.2913, -1.3605, 4.2002)
(-1.6404, -1.8316, 4.1374)
(-2.0393, -2.3962, 4.0723)
(-2.442, -2.9585, 3.997)
(-2.8466, -3.514, 3.8944)
(-3.2521, -4.0587, 3.7551)
(-3.6562, -4.5979, 3.5989)
(-4.052, -5.1398, 3.4639)
(-0.7789, -1.5627, 3.9777)
(-1.1635, -2.1189, 3.9231)
(-1.5628, -2.701, 3.8795)
(-1.9736, -3.2528, 3.7943)
(-2.3946, -3.7812, 3.6506)
(-2.8184, -4.292, 3.4634)
(-3.2414, -4.7986, 3.2643)
(-3.6658, -5.3025, 3.0798)
(0.6308, -0.826, 3.6524)
(0.1661, -1.2974, 3.6799)
(-0.3209, -1.7958, 3.6454)
(-0.7432, -2.3898, 3.5914)
(-1.1746, -2.9336, 3.5185)
(-1.6494, -3.3998, 3.3714)
(-2.1443, -3.8287, 3.1846)
(-2.581, -4.2962, 2.9669)
(-2.9819, -4.8036, 2.7405)
(-3.4183, -5.2904, 2.5357)
(0.846, -0.9746, 3.2196)
(0.4394, -1.5184, 3.2084)
(0.0074, -2.057, 3.1709)
(-0.4399, -2.5913, 3.1151)
(-0.9596, -2.9932, 2.9986)
(-1.5345, -3.3019, 2.8193)
(-2.094, -3.6437, 2.6251)
(-2.518, -4.1068, 2.4019)
(-2.8699, -4.6479, 2.1706)
(-3.2861, -5.1497, 1.9713)
(1.0946, -1.1452, 2.6835)
(0.6964, -1.7126, 2.673)
(0.2596, -2.2467, 2.6353)
(-0.2434, -2.7014, 2.5566)
(-0.8448, -2.9505, 2.4204)
(-1.4871, -3.1079, 2.2563)
(-2.0715, -3.3988, 2.0712)
(-2.5039, -3.8617, 1.8485)
(-2.8779, -4.3896, 1.6443)
(-3.3066, -4.8379, 1.6104)
(1.3262, -1.3031, 2.1371)
(0.9305, -1.881, 2.1303)
(0.4787, -2.408, 2.0877)
(-0.0723, -2.8095, 1.9867)
(-0.7122, -2.9922, 1.8404)
(-1.3852, -3.0586, 1.6828)
(-2.0319, -3.2148, 1.5106)
(-2.549, -3.5958, 1.3732)
(-2.9383, -4.1036, 1.3977)
(-3.3031, -4.5356, 1.6653)
(1.5407, -1.4488, 1.5843)
(1.1436, -2.0336, 1.5776)
(0.6795, -2.5582, 1.5305)
(0.0975, -2.9148, 1.4153)
(-0.5625, -3.034, 1.2658)
(-1.2379, -3.0205, 1.1204)
(-1.8718, -3.0139, 0.9834)
(1.7218, -1.5677, 1.0153)
(1.3149, -2.1415, 1.0023)
(0.8351, -2.645, 0.9476)
(0.2374, -2.9246, 0.8314)
(-0.4189, -2.958, 0.6929)
(-1.0725, -2.9001, 0.5673)
(-1.6306, -2.8383, 0.4655)
(1.8931, -1.6775, 0.4397)
(1.4686, -2.2273, 0.4169)
(0.9627, -2.6844, 0.3514)
(0.3589, -2.8974, 0.2408)
(-0.2773, -2.896, 0.1181)
(-0.9057, -2.8442, 0.0018)
(-1.442, -2.7814, -0.0976)
(2.076, -1.7967, -0.1318)
(1.6303, -2.3225, -0.1646)
(1.0926, -2.7292, -0.2428)
(0.4802, -2.9127, -0.3537)
(-0.1425, -2.9122, -0.468)
(-0.7574, -2.8548, -0.5794)
(-1.2836, -2.7813, -0.6785)
(2.2573, -1.9161, -0.7043)
(1.7884, -2.4176, -0.747)
(1.2227, -2.7822, -0.8366)
(0.5984, -2.946, -0.9514)
(-0.0249, -2.9525, -1.0647)
(-0.6394, -2.8984, -1.1766)
(-1.1648, -2.8267, -1.2782)
(2.4311, -2.0303, -1.2798)
(1.9403, -2.5071, -1.3317)
(1.351, -2.8343, -1.4314)
(0.7114, -2.9798, -1.5532)
(0.0759, -2.9919, -1.6723)
(-0.5496, -2.951, -1.7892)
(-1.0832, -2.9016, -1.8946)
(2.5977, -2.1393, -1.8582)
(2.0875, -2.5913, -1.9182)
(1.4791, -2.8837, -2.0263)
(0.8238, -3.0101, -2.1562)
(0.1695, -3.0241, -2.2851)
(-0.4731, -2.9996, -2.41)
(-1.0174, -2.9821, -2.5189)
(2.7585, -2.244, -2.4387)
(2.2309, -2.6713, -2.5061)
(1.6073, -2.9295, -2.621)
(0.9414, -3.0348, -2.7567)
(0.2706, -3.0466, -2.8946)
(-0.3903, -3.0356, -3.0286)
(-0.9443, -3.0469, -3.1415)
(2.9145, -2.3452, -3.0209)
(2.3713, -2.7474, -3.0951)
(1.735, -2.971, -3.2161)
(1.0639, -3.0526, -3.3548)
(0.386, -3.0574, -3.4965)
(-0.2858, -3.0516, -3.6363)
(-0.8465, -3.075, -3.753)
(3.0666, -2.4433, -3.6042)
(2.5092, -2.8199, -3.6849)
(1.8621, -3.0076, -3.8115)
(1.1877, -3.0628, -3.9522)
(0.509, -3.0561, -4.0945)
(-0.1651, -3.0475, -4.2355)
(-0.7282, -3.069, -4.3541)
(3.2146, -2.5385, -4.1847)
(2.6442, -2.8881, -4.2713)
(1.9879, -3.038, -4.403)
(1.3114, -3.0646, -4.5453)
(0.6326, -3.0439, -4.6876)
(-0.0417, -3.0311, -4.8288)
(-0.6057, -3.0544, -4.9496)
(3.3391, -2.6181, -4.6786)
(2.7565, -2.942, -4.7642)
(2.0934, -3.0579, -4.8997)
(1.4157, -3.0598, -5.0429)
(0.737, -3.0274, -5.185)
(0.0626, -3.0123, -5.3263)
(-0.4983, -3.0414, -5.4428)
(-1.7022, -1.1606, 4.3099)
(-2.0537, -1.5664, 4.235)
(-2.4513, -2.123, 4.1516)
(-2.8545, -2.6827, 4.0691)
(-3.2584, -3.2409, 3.9757)
(-3.6627, -3.7923, 3.8533)
(-4.0645, -4.3395, 3.7104)
(-4.4544, -4.8925, 3.5846)
(-5.136, -5.0527, 3.4036)
(-3.6148, -4.8605, 2.0119)
(-3.9979, -4.9576, 1.762)
(-4.4986, -4.9492, 1.7172)
(-4.981, -4.8418, 2.0375)
(-5.3159, -4.7763, 2.5214)
(-5.358, -4.8657, 3.0635)
(-2.4378, -0.5923, 3.9401)
(-2.7144, -1.0967, 3.8324)
(-3.0919, -1.6585, 3.7446)
(-3.4802, -2.2158, 3.6602)
(-3.8162, -2.791, 3.506)
(-4.184, -3.3436, 3.3565)
(-4.6086, -3.8719, 3.2476)
(-5.0216, -4.4082, 3.1469)
(-2.6699, -0.2978, 3.4953)
(-3.0299, -0.8517, 3.3968)
(-3.4055, -1.4231, 3.3069)
(-3.701, -2.0099, 3.189)
(-3.9885, -2.5843, 3.0092)
(-4.3442, -3.1351, 2.8397)
(-4.707, -3.6992, 2.7068)
(-5.0482, -4.2773, 2.5963)
(-2.0285, 0.9576, 2.7857)
(-2.4286, 0.448, 2.8957)
(-2.8281, -0.113, 2.9352)
(-3.2305, -0.7073, 2.8665)
(-3.4982, -1.3186, 2.7797)
(-3.6712, -1.9351, 2.6277)
(-3.9107, -2.5228, 2.4564)
(-4.1922, -3.1155, 2.3316)
(-4.4959, -3.706, 2.1918)
(-4.7852, -4.3055, 2.0743)
(-2.1206, 1.0032, 2.2953)
(-2.5384, 0.4718, 2.3183)
(-2.9362, -0.0873, 2.3154)
(-3.2366, -0.7023, 2.2796)
(-3.3982, -1.3476, 2.2143)
(-3.4818, -1.9719, 2.1147)
(-3.5704, -2.6016, 2.0406)
(-3.7675, -3.227, 1.944)
(-4.071, -3.806, 1.7763)
(-4.3448, -4.4076, 1.6799)
(-2.2211, 1.057, 1.6979)
(-2.6042, 0.4844, 1.7035)
(-2.9391, -0.1142, 1.6987)
(-3.1464, -0.759, 1.6912)
(-3.2254, -1.419, 1.6801)
(-3.1993, -2.0677, 1.6524)
(-3.1403, -2.7217, 1.6735)
(-3.2903, -3.3237, 1.5955)
(-3.5866, -3.9012, 1.458)
(-3.8308, -4.4863, 1.5443)
(-2.2524, 1.0716, 1.0943)
(-2.5961, 0.4719, 1.0979)
(-2.8586, -0.1631, 1.1021)
(-3.0151, -0.8288, 1.1106)
(-2.9978, -1.4977, 1.1563)
(-2.8439, -2.1389, 1.2167)
(-2.7066, -2.789, 1.2822)
(-2.8386, -3.4052, 1.2894)
(-3.1546, -3.9557, 1.368)
(-3.4063, -4.4709, 1.695)
(-2.1791, 1.0201, 0.4957)
(-2.5183, 0.4175, 0.4994)
(-2.7395, -0.2292, 0.5139)
(-2.8422, -0.9069, 0.5395)
(-2.788, -1.5688, 0.6049)
(-2.5343, -2.1695, 0.7429)
(-2.2838, -2.7268, 0.8711)
(-2.0302, 0.92, -0.0824)
(-2.383, 0.3266, -0.0809)
(-2.6411, -0.3024, -0.0727)
(-2.7208, -0.965, -0.0416)
(-2.5984, -1.6, 0.0428)
(-2.311, -2.1636, 0.197)
(-2.0095, -2.6124, 0.3543)
(-1.9488, 0.8655, -0.6672)
(-2.3192, 0.2835, -0.6647)
(-2.5792, -0.3392, -0.6624)
(-2.596, -0.987, -0.6234)
(-2.4009, -1.5877, -0.5179)
(-2.1025, -2.1256, -0.3574)
(-1.8071, -2.5593, -0.2066)
(-2.0182, 0.9149, -1.2615)
(-2.3534, 0.3159, -1.2625)
(-2.4969, -0.3343, -1.2527)
(-2.4004, -0.9771, -1.1912)
(-2.1693, -1.5538, -1.0689)
(-1.8802, -2.086, -0.9112)
(-1.6198, -2.5367, -0.7784)
(-2.1059, 0.9809, -1.8548)
(-2.3394, 0.3428, -1.8578)
(-2.3372, -0.3256, -1.8296)
(-2.1465, -0.9506, -1.7392)
(-1.9025, -1.5229, -1.6114)
(-1.6564, -2.0788, -1.4735)
(-1.463, -2.5651, -1.3676)
(-2.1307, 1.009, -2.4579)
(-2.2416, 0.355, -2.444)
(-2.1063, -0.3067, -2.3856)
(-1.8745, -0.9302, -2.2833)
(-1.6605, -1.5288, -2.1705)
(-1.4988, -2.1291, -2.0605)
(-1.3734, -2.6477, -1.9775)
(-2.0975, 1.0077, -3.0604)
(-2.0886, 0.3539, -3.0218)
(-1.8812, -0.2983, -2.9457)
(-1.6895, -0.9476, -2.8562)
(-1.558, -1.5908, -2.7627)
(-1.4635, -2.2276, -2.6688)
(-1.3363, -2.755, -2.5981)
(-2.0341, 0.9837, -3.6622)
(-1.9727, 0.3276, -3.6108)
(-1.7784, -0.329, -3.5348)
(-1.6623, -1.0031, -3.4541)
(-1.5995, -1.6779, -3.3672)
(-1.4883, -2.3302, -3.2817)
(-1.2934, -2.8477, -3.2185)
(-1.9798, 0.9445, -4.2657)
(-1.9431, 0.2811, -4.2113)
(-1.8059, -0.3887, -4.1352)
(-1.7434, -1.0721, -4.0522)
(-1.6731, -1.7527, -3.9686)
(-1.4846, -2.3971, -3.8917)
(-1.218, -2.8931, -3.8307)
(-1.9286, 0.8933, -4.868)
(-1.968, 0.2258, -4.811)
(-1.8972, -0.4548, -4.7312)
(-1.8392, -1.1388, -4.6491)
(-1.7077, -1.8085, -4.5718)
(-1.4368, -2.4274, -4.4982)
(-1.1168, -2.8962, -4.4339)
(-1.8569, 0.8306, -5.4625)
(-1.9892, 0.169, -5.4062)
(-1.9798, -0.5156, -5.3247)
(-1.8913, -1.1942, -5.2463)
(-1.6853, -1.8457, -5.1729)
(-1.3558, -2.4398, -5.098)
(-1.0059, -2.8908, -5.0317)
(-1.7809, 0.7683, -5.9636)
(-2.0037, 0.123, -5.9056)
(-2.0319, -0.5595, -5.8251)
(-1.8949, -1.2304, -5.7499)
(-1.6335, -1.866, -5.6767)
(-1.2762, -2.4466, -5.6001)
(-0.9184, -2.8886, -5.529)
(-2.1566, -0.8542, 4.2114)
(-2.3933, -1.3339, 4.1355)
(-2.7755, -1.8985, 4.0495)
(-3.1727, -2.4606, 3.9697)
(-3.5546, -3.0263, 3.8602)
(-3.9525, -3.576, 3.7351)
(-4.3743, -4.1089, 3.6119)
(-4.7865, -4.6446, 3.4916)
