(-1.6636, -2.1065, -5.647)
(-1.0458, -2.2819, -5.5987)
(-0.3582, -2.3149, -5.5124)
(0.3325, -2.3233, -5.4238)
(1.0222, -2.2912, -5.3174)
(-1.7452, -2.2102, -5.226)
(-1.1126, -2.4027, -5.1822)
(1.6591, -2.1985, -5.1809)
(-0.4237, -2.4487, -5.1011)
(2.0356, -2.0819, -5.0065)
(0.2659, -2.4373, -5.0084)
(0.9429, -2.3434, -4.898)
(1.5596, -2.1828, -4.762)
(2.0443, -2.0147, -4.6653)
(-1.8453, -2.2848, -4.6733)
(-1.1926, -2.456, -4.6321)
(-0.5004, -2.4795, -4.5618)
(0.1838, -2.4867, -4.4849)
(0.8592, -2.4351, -4.3884)
(1.4256, -2.2571, -4.2466)
(1.8347, -2.037, -4.0889)
(-1.9207, -2.2567, -4.0828)
(-1.2471, -2.3369, -4.0637)
(-0.5559, -2.278, -4.0324)
(0.0911, -2.2588, -3.9902)
(0.7738, -2.2908, -3.9116)
(1.3481, -2.3903, -3.832)
(1.8217, -2.4233, -3.6158)
(-1.9776, -2.2235, -3.4867)
(-1.3212, -2.3438, -3.4776)
(-0.6512, -2.2404, -3.446)
(-0.0092, -2.228, -3.3858)
(0.634, -2.2195, -3.3832)
(1.1666, -2.1485, -3.536)
(1.5699, -1.8753, -3.6064)
(-2.0271, -2.1988, -2.8873)
(-1.3909, -2.3413, -2.8897)
(-0.7504, -2.2165, -2.8823)
(-0.1238, -2.2743, -2.808)
(0.5024, -2.2497, -2.7969)
(0.9955, -2.076, -2.9768)
(1.3856, -1.8708, -2.9786)
(-2.0544, -2.1657, -2.2864)
(-1.4344, -2.3934, -2.304)
(-0.7838, -2.4147, -2.3457)
(-0.177, -2.5935, -2.3751)
(0.4248, -2.5268, -2.3615)
(0.8707, -2.1624, -2.3709)
(1.2021, -1.8425, -2.3448)
(-2.0531, -2.1104, -1.6853)
(-1.4469, -2.3966, -1.7116)
(-0.799, -2.5384, -1.7602)
(-0.2046, -2.7347, -1.8061)
(0.3808, -2.6394, -1.7931)
(0.8646, -2.3062, -1.7704)
(1.2981, -2.1239, -1.7696)
(-2.0243, -2.0474, -1.0858)
(-1.4564, -2.4152, -1.1175)
(-0.832, -2.649, -1.1669)
(-0.2327, -2.8157, -1.1998)
(0.3525, -2.6961, -1.1848)
(0.8792, -2.4301, -1.1663)
(1.324, -2.2834, -1.1591)
(-1.9569, -1.9633, -0.4918)
(-1.4412, -2.4134, -0.5235)
(-0.8654, -2.7492, -0.5745)
(-0.2563, -2.8831, -0.5993)
(0.338, -2.7385, -0.5857)
(0.9014, -2.5388, -0.573)
(1.3618, -2.4404, -0.5664)
(-1.8543, -1.8618, 0.096)
(-1.3835, -2.369, 0.0698)
(-0.8743, -2.8077, 0.0266)
(-0.2651, -2.9685, -0.0046)
(0.3513, -2.837, -0.0038)
(0.9475, -2.6977, -0.0027)
(1.4187, -2.623, 0.0061)
(-1.7384, -1.7727, 0.6814)
(-1.3151, -2.3325, 0.6635)
(-0.8623, -2.8512, 0.6297)
(-0.2636, -3.0987, 0.5814)
(0.3887, -3.0276, 0.5527)
(1.0184, -2.9146, 0.542)
(1.4953, -2.8079, 0.5721)
(-1.5308, -1.6141, 1.2258)
(-1.1523, -2.1944, 1.2235)
(-0.7786, -2.7585, 1.2201)
(-0.2277, -3.0981, 1.169)
(0.436, -3.1417, 1.1171)
(1.095, -3.1649, 1.0541)
(1.842, -3.1929, 0.996)
(-1.2706, -1.425, 1.7456)
(-0.9522, -2.0289, 1.7689)
(-0.6854, -2.6158, 1.7985)
(-0.168, -2.9459, 1.7126)
(2.1212, -3.7986, 1.1744)
(0.4557, -3.1244, 1.637)
(1.0323, -3.3746, 1.5046)
(2.6867, -4.1749, 1.0806)
(1.481, -3.6766, 1.196)
(2.6554, -4.8252, 1.2403)
(1.9228, -4.0497, 1.0646)
(-1.0049, -1.2476, 2.2745)
(-0.7045, -1.8533, 2.3023)
(-0.5103, -2.4851, 2.349)
(2.6456, -5.0724, 1.2867)
(-0.1402, -2.994, 2.2408)
(2.3506, -4.3218, 1.2682)
(0.3309, -3.387, 2.0284)
(0.8207, -3.7564, 1.7826)
(2.544, -4.7268, 1.3255)
(1.2883, -4.1202, 1.4885)
(2.7584, -4.9638, 1.1595)
(1.7121, -4.4996, 1.2532)
(-0.756, -1.0894, 2.7965)
(-0.4095, -1.6656, 2.8279)
(-0.1521, -2.3212, 2.8171)
(2.2167, -4.6965, 1.3221)
(0.1441, -2.9451, 2.7179)
(0.4822, -3.4953, 2.5028)
(2.608, -4.8206, 1.0807)
(0.8421, -3.9966, 2.2232)
(-0.5565, -0.9741, 3.2175)
(2.8814, -5.0334, 0.8026)
(1.2328, -4.4533, 1.9131)
(1.6713, -4.8445, 1.6199)
(0.3005, -2.1491, 3.2101)
(-0.0456, -1.4126, 3.4025)
(2.1559, -5.0401, 1.4157)
(0.607, -2.7823, 3.066)
(0.9071, -3.3791, 2.873)
(2.4158, -5.0481, 0.9764)
(1.1953, -3.9602, 2.6498)
(2.6247, -5.2222, 0.6198)
(1.5013, -4.4847, 2.3849)
(1.9008, -4.7682, 2.0129)
(0.4837, -1.6316, 3.7242)
(0.7901, -2.0638, 3.5566)
(2.2942, -4.8992, 1.5961)
(1.1003, -2.6404, 3.3979)
(1.3747, -3.257, 3.2338)
(2.5687, -5.1993, 1.1987)
(1.6126, -3.8815, 3.0648)
(2.6857, -5.5362, 0.8945)
(1.8563, -4.3941, 2.8105)
(2.1077, -4.5709, 2.3424)
(0.952, -1.6661, 4.0147)
(1.2569, -2.0005, 3.8794)
(2.3329, -4.9702, 1.9363)
(1.5814, -2.5296, 3.7076)
(1.8609, -3.1294, 3.5101)
(2.509, -5.4856, 1.5656)
(2.0867, -3.7507, 3.3199)
(1.3011, -1.7258, 4.0995)
(2.5426, -5.8721, 1.268)
(2.276, -4.3219, 3.0707)
(1.6283, -1.8609, 4.122)
(1.9658, -2.4508, 3.9684)
(2.3897, -4.7228, 2.6196)
(2.2576, -3.0347, 3.7097)
(2.5626, -5.2379, 2.2424)
(2.4868, -3.6103, 3.3809)
(2.6473, -4.2011, 3.0428)
(2.7193, -5.7898, 1.9078)
(2.7334, -4.7883, 2.67)
(2.7143, -6.1715, 1.6298)
(2.861, -5.3494, 2.3754)
(2.9503, -6.2116, 1.8711)
(3.0846, -6.0143, 2.1003)
(1.6095, 1.1299, -4.4655)
(2.0317, 0.6473, -4.3855)
(2.4451, 0.175, -4.3424)
(2.4335, -0.4254, -4.2468)
(2.5017, -1.0624, -4.4018)
(1.8689, 0.9829, -4.4761)
(1.9973, 0.4502, -4.2208)
(2.5797, -1.6745, -4.5076)
(2.3044, -0.0352, -4.1645)
(2.4114, -1.985, -4.6836)
(2.5377, -0.5517, -4.087)
(2.4215, -1.1063, -4.1136)
(2.2908, -1.6507, -4.341)
(2.0612, -2.0077, -4.6569)
(2.2425, 0.9757, -4.2007)
(2.3201, 0.3594, -4.0453)
(2.2785, -0.1743, -3.8329)
(2.3619, -0.7508, -3.8146)
(2.363, -1.3043, -3.7294)
(2.194, -1.8204, -3.8871)
(1.8529, -2.0316, -4.082)
(2.4227, 1.0182, -3.6691)
(2.5708, 0.3762, -3.6133)
(2.5, -0.2721, -3.485)
(2.2998, -0.8837, -3.4235)
(2.052, -1.4152, -3.4096)
(2.0259, -1.9368, -3.4916)
(1.8356, -2.4091, -3.6076)
(2.416, 1.088, -3.1219)
(2.4387, 0.4472, -3.1042)
(2.2806, -0.2219, -3.0482)
(1.9985, -0.8117, -2.9426)
(1.7717, -1.3156, -2.9514)
(1.7959, -1.6421, -3.3224)
(1.5982, -1.883, -3.5883)
(2.2398, 1.1879, -2.6943)
(2.1134, 0.5191, -2.7197)
(1.9302, -0.1383, -2.7093)
(1.7459, -0.6815, -2.4833)
(1.6201, -1.1784, -2.3582)
(1.5932, -1.5105, -2.7789)
(1.4366, -1.8323, -3.1039)
(2.3952, 1.1566, -2.1829)
(2.2347, 0.4928, -2.2108)
(2.0525, -0.1493, -2.217)
(1.8316, -0.686, -2.0137)
(1.6752, -1.1771, -1.8796)
(1.4733, -1.5469, -2.1371)
(1.2278, -1.8646, -2.307)
(2.5824, 1.0822, -1.6123)
(2.4555, 0.4144, -1.6519)
(2.2835, -0.2372, -1.6853)
(2.1634, -0.851, -1.6741)
(1.9811, -1.3997, -1.6544)
(1.6049, -1.781, -1.669)
(1.3207, -2.1333, -1.7637)
(2.6677, 1.0113, -1.0139)
(2.5793, 0.3362, -1.0657)
(2.4159, -0.3242, -1.1096)
(2.2683, -0.9522, -1.1374)
(2.0617, -1.5348, -1.1526)
(1.7177, -2.0028, -1.1494)
(1.3439, -2.279, -1.1606)
(2.6503, 0.9588, -0.4052)
(2.556, 0.2873, -0.4651)
(2.3917, -0.3758, -0.5134)
(2.2294, -1.0091, -0.5409)
(2.0298, -1.6082, -0.558)
(1.7328, -2.1245, -0.568)
(1.381, -2.4348, -0.5713)
(2.5455, 0.926, 0.1948)
(2.407, 0.2652, 0.1215)
(2.2453, -0.3977, 0.0705)
(2.1034, -1.0472, 0.0434)
(1.9444, -1.6738, 0.0278)
(1.7173, -2.2378, 0.0138)
(1.438, -2.6184, 0.0012)
(2.3977, 0.8837, 0.7827)
(2.2766, 0.2251, 0.7011)
(2.1973, -0.438, 0.6491)
(2.0563, -1.0933, 0.6228)
(1.8894, -1.735, 0.6068)
(1.7094, -2.3408, 0.5818)
(1.5132, -2.7976, 0.5717)
(2.297, 0.7915, 1.3715)
(2.3308, 0.1298, 1.2734)
(2.4216, -0.5156, 1.1807)
(2.2769, -1.164, 1.1606)
(2.0731, -1.811, 1.1527)
(1.9525, -2.4653, 1.0787)
(1.863, -3.1909, 0.991)
(2.2676, 0.664, 1.963)
(2.4623, 0.0315, 1.8486)
(2.664, -0.5902, 1.7318)
(2.5904, -1.2432, 1.6719)
(2.1405, -3.7801, 1.2037)
(2.4354, -1.8939, 1.6187)
(2.4066, -2.5396, 1.4474)
(2.7229, -4.1573, 1.0886)
(2.4562, -3.1627, 1.2061)
(2.6399, -4.7991, 1.3034)
(2.514, -3.77, 1.1093)
(2.2303, 0.5133, 2.5538)
(2.5208, -0.0882, 2.4435)
(2.8151, -0.6833, 2.3128)
(2.7988, -4.7012, 0.9944)
(2.8941, -1.3277, 2.1799)
(2.7106, -4.3376, 1.2008)
(2.8813, -1.9751, 2.0112)
(2.9207, -2.601, 1.7631)
(2.8927, -4.8259, 1.0848)
(3.0044, -3.1879, 1.4515)
(3.0475, -4.7552, 0.7674)
(2.9997, -3.8141, 1.2856)
(2.1277, 0.3581, 3.1112)
(2.4789, -0.2263, 3.0515)
(2.8332, -0.8376, 2.908)
(3.1417, -4.4593, 1.1898)
(3.0922, -1.466, 2.7213)
(3.2296, -2.0957, 2.4693)
(3.3259, -4.9814, 0.9935)
(3.3293, -2.7126, 2.1686)
(1.9708, 0.2132, 3.533)
(3.551, -4.9151, 0.7348)
(3.4323, -3.3139, 1.8443)
(3.4693, -3.9438, 1.5874)
(2.7324, -1.0676, 3.4724)
(2.2425, -0.3957, 3.6947)
(3.6016, -4.5792, 1.3949)
(3.0871, -1.6895, 3.2778)
(3.3135, -2.3154, 3.0076)
(3.8077, -5.1313, 1.2056)
(3.4562, -2.9402, 2.6905)
(3.9777, -5.2978, 0.8788)
(3.598, -3.5645, 2.361)
(3.7468, -4.1907, 2.0198)
(2.2105, -0.9191, 3.9881)
(2.5099, -1.3978, 3.9047)
(3.8981, -4.805, 1.7747)
(2.8389, -1.9869, 3.7336)
(3.1073, -2.6017, 3.474)
(4.1213, -5.3723, 1.5579)
(3.306, -3.2213, 3.1658)
(4.2056, -5.7047, 1.2631)
(3.5035, -3.8459, 2.8567)
(3.6854, -4.4643, 2.5043)
(1.9038, -1.2743, 4.2146)
(2.1091, -1.7063, 4.1227)
(3.8286, -5.0529, 2.2171)
(2.4072, -2.2735, 3.9651)
(2.6791, -2.8754, 3.7113)
(4.0103, -5.6527, 1.9597)
(2.886, -3.4754, 3.3847)
(1.6901, -1.5429, 4.2409)
(4.1318, -6.0499, 1.7081)
(3.0546, -4.0839, 3.0397)
(1.6686, -1.862, 4.1363)
(1.9993, -2.4544, 3.9893)
(3.1999, -4.7134, 2.6887)
(2.2765, -3.0374, 3.7217)
(3.3909, -5.2922, 2.3888)
(2.4904, -3.6179, 3.4002)
(2.6505, -4.2115, 3.0634)
(3.5537, -5.8831, 2.1492)
(2.7125, -4.8324, 2.6916)
(3.726, -6.2781, 1.9612)
(2.9378, -5.5288, 2.3195)
(3.3962, -6.277, 2.0852)
(3.1402, -6.0866, 2.1282)
(-1.9111, -1.5965, -5.5381)
(-1.7213, -1.0861, -5.2163)
(-1.7556, -0.5615, -4.9587)
(-2.2056, -0.1992, -4.9395)
(-2.3753, 0.4039, -5.0092)
(-2.2766, 1.0774, -5.0938)
(-2.0648, -1.7355, -5.1363)
(-1.8778, -1.2269, -4.8305)
(-1.8117, -0.6889, -4.5542)
(-2.041, 1.6878, -5.1018)
(-2.1594, -0.2057, -4.514)
(-1.883, 2.0761, -5.0014)
(-2.297, 0.4257, -4.5922)
(-2.2188, 1.0984, -4.6787)
(-2.0984, 1.7199, -4.6843)
(-1.8612, 2.1596, -4.6652)
(-2.2654, -1.8729, -4.6276)
(-2.1515, -1.3467, -4.3702)
(-1.9647, -0.8128, -4.0687)
(-2.0917, -0.2412, -3.9763)
(-2.0985, 0.4135, -4.1009)
(-2.0837, 1.0811, -4.1892)
(-2.1438, 1.6929, -4.1404)
(-1.992, 2.1406, -4.0643)
(-2.4464, -1.9123, -4.0834)
(-2.5656, -1.3402, -3.9897)
(-2.3989, -0.7732, -3.7448)
(-2.2849, -0.2024, -3.5287)
(-2.2113, 0.4074, -3.6302)
(-2.1818, 0.9912, -3.7328)
(-2.1637, 1.5908, -3.6721)
(-2.0417, 2.0167, -3.4717)
(-2.534, -1.8615, -3.5017)
(-2.8547, -1.3035, -3.5156)
(-2.864, -0.6636, -3.4764)
(-2.7348, -0.0301, -3.4022)
(-2.5201, 0.5223, -3.4187)
(-2.1223, 0.8769, -3.3344)
(-1.8645, 1.3651, -3.4489)
(-1.5633, 1.77, -3.8505)
(-2.5534, -1.784, -2.9015)
(-2.9202, -1.2194, -2.9369)
(-3.0778, -0.5659, -2.9805)
(-3.0207, 0.0785, -3.0054)
(-2.6416, 0.5526, -2.9678)
(-2.1354, 0.8882, -2.8515)
(-1.8026, 1.2729, -2.931)
(-1.683, 1.447, -3.376)
(-2.5504, -1.7077, -2.2969)
(-2.907, -1.1297, -2.3329)
(-3.0766, -0.4752, -2.3896)
(-3.0282, 0.1926, -2.4521)
(-2.7651, 0.7751, -2.4859)
(-2.3051, 1.2006, -2.4667)
(-1.8125, 1.4676, -2.4398)
(-1.5914, 1.717, -2.6392)
(-2.5328, -1.6316, -1.6913)
(-2.8865, -1.0489, -1.7251)
(-3.0654, -0.3974, -1.7829)
(-3.0271, 0.272, -1.852)
(-2.8295, 0.8867, -1.9084)
(-2.4801, 1.3964, -1.9517)
(-2.0098, 1.7431, -1.9752)
(-1.6341, 1.972, -2.0474)
(-2.4901, -1.5469, -1.0873)
(-2.853, -0.9668, -1.1167)
(-3.0536, -0.3231, -1.173)
(-3.0057, 0.3373, -1.2448)
(-2.7763, 0.9336, -1.3038)
(-2.4568, 1.4659, -1.3569)
(-2.0596, 1.8998, -1.4056)
(-1.6989, 2.1819, -1.4531)
(-2.4127, -1.4464, -0.4889)
(-2.7947, -0.8753, -0.511)
(-3.0249, -0.2441, -0.5628)
(-2.9636, 0.4075, -0.6408)
(-2.6764, 0.9807, -0.7092)
(-2.351, 1.5209, -0.7662)
(-2.0144, 2.0158, -0.818)
(-1.7069, 2.3662, -0.8674)
(-2.3016, -1.332, 0.1018)
(-2.7057, -0.7696, 0.0888)
(-2.988, -0.1555, 0.0464)
(-2.9581, 0.4969, -0.0382)
(-2.6464, 1.0757, -0.1184)
(-2.2979, 1.6279, -0.1836)
(-1.9718, 2.1532, -0.2411)
(-1.7109, 2.5501, -0.2888)
(-2.1593, -1.2123, 0.683)
(-2.5752, -0.6461, 0.6756)
(-2.9369, -0.0537, 0.649)
(-3.0044, 0.6006, 0.5609)
(-2.7008, 1.2081, 0.4645)
(-2.3219, 1.7804, 0.3881)
(-1.969, 2.33, 0.3231)
(-1.6878, 2.7489, 0.2825)
(-1.9382, -1.0488, 1.2284)
(-2.3576, -0.4909, 1.2296)
(-2.7583, 0.0778, 1.2208)
(-2.9463, 0.706, 1.1541)
(-2.715, 1.3309, 1.05)
(-2.3788, 1.935, 0.9575)
(-2.0533, 2.5334, 0.8575)
(-1.6573, 3.1933, 0.7931)
(-1.6736, -0.8651, 1.7532)
(-2.0986, -0.3203, 1.7629)
(-2.5136, 0.231, 1.7632)
(-2.7841, 0.8211, 1.72)
(-2.6765, 1.4384, 1.6088)
(-1.7774, 3.8617, 0.6178)
(-2.517, 2.0774, 1.4672)
(-2.3737, 2.7008, 1.2449)
(-1.7754, 4.2838, 1.1821)
(-2.2686, 3.2858, 0.9141)
(-2.1806, 4.8264, 1.0916)
(-1.4048, -0.6892, 2.2825)
(-2.199, 3.8794, 0.7084)
(-1.8222, -0.1415, 2.2873)
(-2.2196, 0.4184, 2.27)
(-2.5486, 1.0147, 2.1983)
(-2.155, 4.9978, 0.8423)
(-2.7312, 1.6345, 2.0385)
(-2.102, 4.4518, 0.8817)
(-2.8046, 2.2495, 1.7731)
(-2.784, 2.8407, 1.4267)
(-2.0884, 4.9954, 0.8718)
(-2.7399, 3.4143, 1.0419)
(-2.2855, 5.2195, 0.7172)
(-2.655, 3.9926, 0.7195)
(-1.1552, -0.5349, 2.7836)
(-1.5344, 0.0324, 2.7803)
(-1.8584, 0.6232, 2.7373)
(-2.1537, 1.2487, 2.5695)
(-2.453, 4.5776, 0.5923)
(-2.3852, 1.8765, 2.3423)
(-2.5516, 2.4954, 2.0944)
(-2.3083, 5.1599, 0.4931)
(-2.6351, 3.0951, 1.7675)
(-0.9868, -0.4305, 3.1413)
(-1.3178, 0.1732, 3.184)
(-2.2782, 5.588, 0.4447)
(-2.6815, 3.6833, 1.4003)
(-2.7231, 4.2701, 1.0392)
(-1.879, 1.5021, 3.044)
(-1.5005, 0.8092, 3.3349)
(-2.7266, 4.8373, 0.6885)
(-2.0691, 2.1276, 2.7543)
(-2.1689, 2.7283, 2.421)
(-2.6971, 5.335, 0.3525)
(-2.2454, 3.3111, 2.05)
(-2.6438, 5.7732, 0.2228)
(-2.3286, 3.899, 1.675)
(-2.4517, 4.51, 1.3395)
(-1.461, 1.3452, 3.6519)
(-1.708, 1.8305, 3.5046)
(-2.6156, 5.1008, 1.0256)
(-1.9307, 2.419, 3.2442)
(-2.0825, 3.0109, 2.8954)
(-2.8525, 5.5885, 0.714)
(-2.2096, 3.5832, 2.5096)
(-3.0202, 5.9753, 0.4978)
(-2.3807, 4.1524, 2.1173)
(-2.5897, 4.7487, 1.7472)
(-1.2425, 1.7152, 3.9775)
(-1.429, 2.1489, 3.8632)
(-2.7836, 5.3275, 1.454)
(-1.6832, 2.7176, 3.6522)
(-1.9107, 3.3057, 3.3363)
(-2.9674, 5.8761, 1.2038)
(-2.1403, 3.8705, 2.9794)
(-1.1046, 2.0059, 4.1204)
(-3.0844, 6.295, 0.9796)
(-2.3841, 4.4283, 2.6014)
(-1.0719, 2.3409, 4.0659)
(-1.3898, 2.9449, 3.905)
(-2.5747, 5.0079, 2.1938)
(-1.6616, 3.5337, 3.6224)
(-2.7679, 5.5887, 1.8943)
(-1.9422, 4.0808, 3.2831)
(-2.218, 4.6245, 2.9439)
(-2.9343, 6.1439, 1.6813)
(-2.3252, 5.083, 2.4388)
(-3.0157, 6.551, 1.4623)
(-2.5009, 5.6971, 2.1705)
(-2.8507, 6.5517, 1.7621)
(-2.7052, 6.3441, 1.9979)
(1.405, 1.5219, -4.717)
(1.1592, 1.7937, -4.3924)
(0.7777, 2.2746, -4.3044)
(0.2322, 2.5391, -4.2497)
(-0.2707, 2.394, -4.0794)
(-0.7873, 2.4925, -4.3507)
(1.7171, 1.5233, -4.6502)
(1.2541, 1.8392, -4.501)
(0.7237, 2.0594, -4.2276)
(-1.3674, 2.593, -4.6086)
(0.2303, 2.3572, -3.968)
(-1.7329, 2.477, -4.7716)
(-0.3451, 2.448, -3.8309)
(-0.9059, 2.3571, -4.0507)
(-1.4414, 2.328, -4.369)
(-1.8522, 2.176, -4.6546)
(1.9476, 1.5619, -4.212)
(1.4547, 1.9584, -4.1118)
(0.8858, 2.0624, -3.8512)
(0.2656, 2.1525, -3.6521)
(-0.4023, 2.2227, -3.5933)
(-1.048, 2.2489, -3.6559)
(-1.5808, 2.3146, -3.8963)
(-1.9804, 2.1551, -4.0541)
(2.0189, 1.5553, -3.6298)
(1.5144, 2.0121, -3.5751)
(0.9412, 2.3085, -3.4985)
(0.2878, 2.3866, -3.4211)
(-0.3572, 2.4309, -3.3223)
(-0.9806, 2.3864, -3.3277)
(-1.5618, 2.2367, -3.4633)
(-2.036, 2.0358, -3.4608)
(2.024, 1.551, -3.0839)
(1.4684, 1.917, -3.0575)
(0.8728, 2.1244, -3.089)
(0.2376, 2.1085, -3.1249)
(-0.2764, 2.1911, -2.9873)
(-0.7445, 2.0911, -3.2049)
(-1.2887, 1.9041, -3.3652)
(-1.5679, 1.6834, -3.69)
(2.1454, 1.7582, -2.6613)
(1.63, 1.9819, -2.6078)
(1.0359, 1.8318, -2.6871)
(0.3866, 1.7397, -2.7131)
(-0.1563, 1.8149, -2.615)
(-0.6579, 1.8536, -2.7922)
(-1.2119, 1.7162, -2.952)
(-1.6187, 1.4607, -3.1907)
(2.3014, 1.7278, -2.1343)
(1.7553, 1.8141, -2.0947)
(1.1438, 1.6153, -2.1777)
(0.4911, 1.5947, -2.2109)
(-0.0932, 1.7443, -2.1606)
(-0.6348, 1.8222, -2.2945)
(-1.171, 1.7536, -2.4007)
(-1.5776, 1.6936, -2.5885)
(2.4232, 1.6255, -1.5634)
(1.8522, 1.6656, -1.5657)
(1.1952, 1.6836, -1.6306)
(0.5642, 1.8586, -1.7364)
(-0.0212, 2.0952, -1.8207)
(-0.6268, 2.1766, -1.9246)
(-1.195, 2.1138, -1.9762)
(-1.6145, 1.9786, -2.035)
(2.4738, 1.5886, -0.9755)
(1.8979, 1.7947, -1.0167)
(1.2343, 1.9228, -1.0934)
(0.5904, 2.0798, -1.1936)
(-0.0218, 2.1967, -1.2879)
(-0.6342, 2.1954, -1.3719)
(-1.2206, 2.193, -1.4163)
(-1.6803, 2.192, -1.4489)
(2.4475, 1.56, -0.3731)
(1.8914, 1.8809, -0.4238)
(1.2301, 2.0237, -0.509)
(0.5693, 2.0832, -0.611)
(-0.0628, 2.0606, -0.7131)
(-0.681, 2.0813, -0.7813)
(-1.2621, 2.1988, -0.8223)
(-1.6902, 2.3795, -0.8634)
(2.3982, 1.5353, 0.2348)
(1.8589, 1.8656, 0.1832)
(1.1961, 1.9498, 0.0822)
(0.5317, 1.9192, -0.043)
(-0.1134, 1.9371, -0.1404)
(-0.7315, 2.0808, -0.1959)
(-1.2865, 2.3199, -0.2488)
(-1.6992, 2.5689, -0.2859)
(2.3319, 1.4901, 0.8436)
(1.8092, 1.7817, 0.7851)
(1.153, 1.7956, 0.6584)
(0.5078, 1.8451, 0.5269)
(-0.1245, 2.0203, 0.4337)
(-0.7317, 2.2402, 0.3681)
(-1.223, 2.578, 0.2677)
(-1.6707, 2.771, 0.2898)
(2.2458, 1.3929, 1.4502)
(1.7349, 1.6721, 1.3822)
(1.104, 1.7359, 1.236)
(0.5418, 2.0112, 1.077)
(-0.0775, 2.2627, 0.9811)
(-0.664, 2.5035, 0.8934)
(-1.0379, 2.9246, 0.7102)
(-1.6368, 3.2174, 0.8065)
(2.1444, 1.2655, 2.0516)
(1.6445, 1.6052, 1.9785)
(1.0529, 1.8217, 1.8212)
(0.5665, 2.2196, 1.6456)
(-0.0246, 2.5137, 1.5313)
(-1.7666, 3.8827, 0.5794)
(-0.5548, 2.8124, 1.3999)
(-0.7767, 3.2722, 1.1473)
(-1.7327, 4.223, 1.2137)
(-1.2154, 3.6559, 1.1095)
(-2.1385, 4.8902, 1.0943)
(1.9899, 1.1107, 2.6327)
(-1.5182, 4.1485, 0.9535)
(1.5156, 1.5427, 2.5694)
(0.996, 1.9163, 2.418)
(0.5675, 2.3874, 2.2329)
(-2.2753, 5.0775, 0.8933)
(0.0396, 2.7604, 2.0755)
(-1.7835, 4.6527, 1.0655)
(-0.4075, 3.1416, 1.8823)
(-0.5451, 3.6187, 1.5875)
(-2.0852, 5.0429, 0.9854)
(-0.8933, 4.0569, 1.4603)
(-2.2789, 5.3513, 0.6812)
(-1.2535, 4.5146, 1.2481)
(1.7741, 0.936, 3.1406)
(1.3384, 1.4509, 3.1231)
(0.8951, 1.9408, 3.0331)
(0.5001, 2.4818, 2.8367)
(-1.5652, 5.026, 1.0933)
(0.0774, 2.9715, 2.6225)
(-0.2824, 3.4511, 2.353)
(-1.8651, 5.4666, 0.859)
(-0.5301, 3.9604, 2.056)
(1.5954, 0.8088, 3.4852)
(1.1504, 1.3612, 3.5508)
(-2.0248, 5.7982, 0.5043)
(-0.739, 4.509, 1.8216)
(-1.1036, 5.0046, 1.531)
(0.2669, 2.536, 3.3959)
(0.6532, 1.8482, 3.7036)
(-1.3918, 5.4889, 1.273)
(-0.0681, 3.1235, 3.1657)
(-0.3842, 3.6685, 2.8781)
(-1.6256, 5.9921, 0.9729)
(-0.6582, 4.214, 2.58)
(-1.701, 6.2999, 0.5958)
(-0.8603, 4.804, 2.3175)
(-1.1739, 5.3707, 1.9643)
(0.1116, 2.1047, 3.9567)
(-0.152, 2.5796, 3.8017)
(-1.4125, 5.9348, 1.6033)
(-0.4482, 3.1602, 3.605)
(-0.7384, 3.7372, 3.3311)
(-1.5304, 6.4558, 1.2823)
(-1.0168, 4.2955, 3.026)
(-1.6771, 6.7682, 0.971)
(-1.2808, 4.8637, 2.7404)
(-1.5155, 5.45, 2.3747)
(-0.4009, 2.132, 4.1538)
(-0.6517, 2.5252, 4.0299)
(-1.6921, 6.0676, 2.0145)
(-0.9459, 3.0798, 3.8493)
(-1.2313, 3.6519, 3.5727)
(-1.8081, 6.6301, 1.6989)
(-1.5153, 4.1904, 3.2453)
(-0.7569, 2.1766, 4.1633)
(-1.9485, 6.9838, 1.4394)
(-1.7986, 4.7289, 2.9586)
(-1.0506, 2.3431, 4.076)
(-1.3667, 2.9454, 3.9156)
(-2.0092, 5.2241, 2.5394)
(-1.6443, 3.5307, 3.6454)
(-2.1433, 5.8302, 2.2207)
(-1.9193, 4.0774, 3.3007)
(-2.1911, 4.6179, 2.9586)
(-2.2632, 6.4576, 1.989)
(-2.3497, 5.0217, 2.3948)
(-2.351, 6.8847, 1.7982)
(-2.4976, 5.633, 2.1417)
(-2.5985, 6.6852, 1.9624)
(-2.6773, 6.3684, 2.0057)
(1.3714, -2.4376, -0.5688)
(1.8438, -2.0343, -4.0854)
(1.6484, -1.8614, 4.1291)
(1.215, -1.8535, -2.3259)
(1.9826, -2.4526, 3.9789)
(2.2671, -3.0361, 3.7157)
(1.4283, -2.6207, 0.0037)
(2.4886, -3.6141, 3.3905)
(2.6489, -4.2063, 3.0531)
(2.7229, -4.8103, 2.6808)
(2.8994, -5.4391, 2.3474)
(1.8287, -2.4162, -3.6117)
(3.1124, -6.0505, 2.1142)
(1.3094, -2.1286, -1.7667)
(1.334, -2.2812, -1.1598)
(2.1309, -3.7893, 1.189)
(1.5042, -2.8028, 0.5719)
(1.8525, -3.1919, 0.9935)
(2.7048, -4.1661, 1.0846)
(2.6476, -4.8121, 1.2718)
(2.0528, -2.0112, -4.6611)
(1.5841, -1.8792, -3.5973)
(1.4111, -1.8516, -3.0412)
(2.732, -5.9976, 1.7634)
(2.8784, -5.8871, 2.0201)
(3.0262, -6.1296, 1.9838)
(2.843, -6.2289, 1.7609)
(2.6422, -4.9875, 1.274)
(2.5721, -4.7453, 1.3133)
(2.6429, -4.8666, 1.259)
(2.6819, -5.0308, 1.2555)
(2.5929, -4.7501, 1.2234)
(2.7528, -4.9175, 0.9349)
(2.8599, -4.9708, 0.9912)
(2.5023, -4.9352, 0.9878)
(2.5191, -5.1147, 0.7828)
(2.7515, -5.1144, 0.6592)
(2.4806, -5.1223, 1.0552)
(2.64, -5.3693, 1.0379)
(2.6444, -5.369, 0.7182)
(2.5454, -5.3252, 1.3755)
(2.539, -5.6928, 1.4096)
(2.6161, -5.7035, 1.0803)
(2.578, -5.6509, 1.7508)
(2.5898, -6.0404, 1.4589)
(0.6358, -1.8342, 3.6393)
(0.7317, -1.6589, 3.8894)
(1.1016, -1.8155, 3.95)
(1.0327, -2.0325, 3.7272)
(0.947, -2.3385, 3.477)
(1.4202, -2.2455, 3.7985)
(1.3496, -2.581, 3.5598)
(1.2434, -2.9475, 3.3163)
(1.7291, -2.8261, 3.6096)
(1.6235, -3.1921, 3.3859)
(1.4956, -3.5694, 3.1515)
(1.978, -3.4386, 3.4141)
(1.8512, -3.8213, 3.2198)
(1.7323, -4.1773, 2.9625)
(2.1905, -4.056, 3.2176)
(2.0656, -4.359, 2.9744)
(1.9834, -4.4922, 2.587)
(2.3341, -4.5273, 2.8546)
(2.2357, -4.6249, 2.4996)
(2.2235, -4.7347, 2.129)
(2.4681, -4.9617, 2.4189)
(2.4229, -5.1056, 2.1077)
(2.4348, -5.2346, 1.7452)
(2.6558, -5.5268, 2.0702)
(0.1399, -1.8253, 3.2806)
(0.2213, -1.5523, 3.5527)
(0.5434, -2.0979, 3.3856)
(0.4548, -2.468, 3.1423)
(0.8525, -2.7063, 3.2312)
(0.7582, -3.0848, 2.9751)
(1.1382, -3.3161, 3.0562)
(1.0526, -3.6706, 2.7641)
(1.3982, -3.9234, 2.8655)
(1.3395, -4.2418, 2.5278)
(1.6718, -4.441, 2.609)
(1.6929, -4.6599, 2.2101)
(2.0063, -4.6417, 2.1825)
(2.1061, -4.8284, 1.8063)
(2.312, -4.8899, 1.7543)
(2.452, -5.0309, 1.3886)
(-0.954, -0.8129, 2.787)
(-1.0633, -0.4782, 2.9761)
(-0.7831, -0.7107, 3.1656)
(-0.6517, -1.0278, 3.0168)
(-0.5708, -1.369, 2.813)
(-0.308, -1.2141, 3.2931)
(-0.2432, -1.5705, 3.083)
(-0.2772, -1.9888, 2.8311)
(0.0672, -2.2286, 3.0217)
(-0.0117, -2.6422, 2.7814)
(0.3649, -2.8682, 2.9022)
(0.3099, -3.2281, 2.6225)
(0.6772, -3.4501, 2.698)
(0.659, -3.7514, 2.368)
(0.9946, -3.9985, 2.4405)
(1.0337, -4.2301, 2.0717)
(1.3386, -4.5006, 2.149)
(1.4406, -4.664, 1.7523)
(1.771, -4.8541, 1.8218)
(1.9275, -4.9747, 1.5314)
(2.2217, -4.994, 1.4878)
(2.3085, -5.0431, 1.2107)
(-1.1985, -0.9648, 2.2768)
(-1.2725, -0.6068, 2.546)
(-0.8756, -1.1641, 2.5438)
(-0.8357, -1.5429, 2.2813)
(-0.5626, -1.7594, 2.5681)
(-0.6129, -2.1755, 2.3351)
(-0.3506, -2.4084, 2.594)
(-0.3485, -2.7584, 2.3152)
(-0.0327, -2.9915, 2.4932)
(0.09, -3.1984, 2.1414)
(0.3608, -3.4776, 2.265)
(0.5756, -3.5735, 1.9098)
(0.7852, -3.9129, 1.9882)
(1.0621, -3.9341, 1.6426)
(1.2272, -4.3178, 1.6888)
(1.495, -4.321, 1.3348)
(1.6567, -4.7123, 1.424)
(1.9638, -4.6204, 1.2887)
(2.1637, -4.9178, 1.3604)
(2.4321, -4.7539, 1.2354)
(-1.466, -1.1413, 1.7476)
(-1.5391, -0.7757, 2.0166)
(-1.1372, -1.3345, 2.0076)
(-1.0964, -1.7206, 1.7519)
(-0.8349, -1.9431, 2.0363)
(-0.8339, -2.3413, 1.7932)
(-0.6172, -2.5512, 2.081)
(-0.4559, -2.814, 1.7638)
(-0.1679, -2.9568, 1.9784)
(0.142, -3.0367, 1.6719)
(0.3879, -3.2388, 1.8331)
(0.7582, -3.2403, 1.5919)
(0.9237, -3.5564, 1.6429)
(1.2672, -3.5148, 1.3564)
(1.3733, -3.8971, 1.3231)
(1.6961, -3.8698, 1.0845)
(1.8072, -4.2635, 1.1268)
(2.1572, -4.1814, 1.1516)
(2.2754, -4.4802, 1.2996)
(2.4643, -4.5234, 1.3311)
(-1.7324, -1.3303, 1.2275)
(-1.8081, -0.9573, 1.4915)
(-1.4034, -1.5197, 1.4865)
(-1.3359, -1.9014, 1.2237)
(-1.0562, -2.1121, 1.4976)
(-0.9773, -2.4897, 1.2257)
(-0.7344, -2.6867, 1.5108)
(-0.526, -2.9686, 1.1984)
(-0.1921, -3.0137, 1.4452)
(0.0986, -3.1407, 1.1421)
(0.4639, -3.1173, 1.3934)
(0.7702, -3.1487, 1.0901)
(1.0896, -3.2583, 1.3009)
(1.4185, -3.1842, 1.0093)
(1.6209, -3.4695, 1.1018)
(1.9816, -3.4957, 1.0852)
(2.0409, -3.8919, 1.0797)
(2.404, -3.9867, 1.1275)
(2.4672, -4.2428, 1.2019)
(2.671, -4.5, 1.1605)
(-1.9496, -1.4931, 0.6839)
(-2.0579, -1.1357, 0.9601)
(-1.6458, -1.7019, 0.9589)
(-1.5264, -2.0518, 0.6745)
(-1.2433, -2.2739, 0.9471)
(-1.1015, -2.6101, 0.6491)
(-0.8258, -2.8199, 0.9267)
(-0.5781, -3.0197, 0.6052)
(-0.252, -3.1262, 0.8782)
(0.0609, -3.087, 0.5642)
(0.4099, -3.1092, 0.834)
(0.7137, -2.9662, 0.5452)
(1.0637, -3.0453, 0.8005)
(1.2857, -2.8718, 0.5458)
(1.6686, -3.0004, 0.7841)
(-2.0817, -1.6002, 0.1012)
(-2.2377, -1.2753, 0.3954)
(-1.8031, -1.8209, 0.3915)
(-1.6211, -2.1179, 0.0856)
(-1.3563, -2.3569, 0.369)
(-1.1394, -2.6093, 0.0489)
(-0.8752, -2.8395, 0.329)
(-0.5773, -2.9314, 0.0072)
(-0.2666, -3.0364, 0.288)
(0.0437, -2.9223, -0.0063)
(0.3684, -2.9278, 0.2755)
(0.6596, -2.7584, -0.0031)
(0.9791, -2.7981, 0.2738)
(1.1962, -2.6554, 0.0004)
(1.457, -2.7155, 0.2891)
(-2.1925, -1.7118, -0.4871)
(-2.3602, -1.3896, -0.193)
(-1.9071, -1.9113, -0.1981)
(-1.7067, -2.199, -0.5039)
(-1.4141, -2.3913, -0.2275)
(-1.16, -2.5997, -0.5492)
(-0.8718, -2.78, -0.275)
(-0.5614, -2.8504, -0.5923)
(-0.2621, -2.9189, -0.3007)
(0.0429, -2.8356, -0.595)
(0.3409, -2.7753, -0.2913)
(0.6291, -2.6303, -0.5779)
(0.9214, -2.6108, -0.2849)
(1.1422, -2.481, -0.5704)
(1.3902, -2.5317, -0.2801)
(-2.2698, -1.81, -1.0826)
(-2.4561, -1.499, -0.7872)
(-1.9962, -2.009, -0.7877)
(-1.7519, -2.251, -1.098)
(-1.4545, -2.4207, -0.8202)
(-1.1451, -2.5405, -1.1417)
(-0.851, -2.7041, -0.8714)
(-0.5293, -2.7544, -1.1885)
(-0.246, -2.8506, -0.8991)
(0.0633, -2.7917, -1.1962)
(0.3427, -2.7161, -0.8839)
(0.6264, -2.5602, -1.1738)
(0.888, -2.482, -0.8672)
(1.1089, -2.3427, -1.1627)
(1.3429, -2.3619, -0.8627)
(-2.3091, -1.8895, -1.6844)
(-2.5153, -1.5909, -1.3889)
(-2.0426, -2.0802, -1.3852)
(-1.7626, -2.2807, -1.6949)
(-1.4524, -2.4038, -1.4146)
(-1.1195, -2.4664, -1.7337)
(-0.8135, -2.5917, -1.4628)
(-0.4983, -2.6475, -1.788)
(-0.2185, -2.7758, -1.5019)
(0.0944, -2.7332, -1.8052)
(0.3653, -2.6692, -1.4878)
(0.6357, -2.4756, -1.7801)
(0.8724, -2.3725, -1.4681)
(1.08, -2.1894, -1.7661)
(1.3111, -2.2037, -1.4643)
(-2.3193, -1.9575, -2.2883)
(-2.544, -1.6702, -1.9941)
(-2.0571, -2.1399, -1.9858)
(-1.7556, -2.3163, -2.2915)
(-1.4426, -2.399, -2.0085)
(-1.1053, -2.4002, -2.3233)
(-0.7902, -2.4885, -2.0578)
(-0.4794, -2.501, -2.3658)
(-0.1914, -2.6884, -2.1072)
(0.1343, -2.6092, -2.369)
(0.4001, -2.605, -2.0946)
(0.6655, -2.3551, -2.3654)
(0.8574, -2.2326, -2.0712)
(1.0584, -2.0084, -2.3654)
(1.2501, -1.9832, -2.0572)
(-2.3078, -2.0163, -2.8918)
(-2.5535, -1.7454, -2.5995)
(-2.0443, -2.1847, -2.5869)
(-1.7161, -2.3142, -2.8869)
(-1.417, -2.3661, -2.5973)
(-1.0676, -2.2796, -2.8924)
(-0.7739, -2.3027, -2.6164)
(-0.4386, -2.2302, -2.8502)
(-0.1576, -2.4253, -2.5913)
(0.1976, -2.2847, -2.7776)
(0.4574, -2.382, -2.5761)
(0.7673, -2.1744, -2.8864)
(0.9214, -2.1076, -2.6709)
(1.1973, -1.9724, -2.9998)
(1.2939, -1.8567, -2.6617)
(-2.2761, -2.0702, -3.4928)
(-2.5489, -1.8234, -3.2027)
(-2.004, -2.2112, -3.1873)
(-1.6557, -2.3187, -3.483)
(-1.3584, -2.3414, -3.1831)
(-0.9834, -2.2988, -3.466)
(-0.7062, -2.213, -3.1578)
(-0.3298, -2.2223, -3.4174)
(-0.0698, -2.2257, -3.078)
(0.3182, -2.2291, -3.3635)
(0.5628, -2.2067, -3.0787)
(0.9181, -2.1965, -3.462)
(1.0764, -2.0794, -3.2829)
(1.3817, -2.0594, -3.5506)
(1.4778, -1.8731, -3.2925)
(-2.2204, -2.1204, -4.0889)
(-2.5019, -1.8941, -3.7967)
(-1.9502, -2.2377, -3.7853)
(-1.5913, -2.3246, -4.0744)
(-1.2819, -2.3293, -3.7726)
(-0.897, -2.3114, -4.0489)
(-0.5983, -2.2459, -3.7436)
(-0.2333, -2.262, -4.0151)
(0.0437, -2.2229, -3.6995)
(0.4345, -2.2624, -3.9525)
(0.7086, -2.2422, -3.6611)
(1.0811, -2.3522, -3.8755)
(1.2665, -2.2894, -3.6971)
(1.5792, -2.3658, -3.7623)
(1.6958, -2.1493, -3.6111)
(-2.1118, -2.1039, -4.6718)
(-2.3645, -1.9069, -4.3588)
(-1.8867, -2.2789, -4.3788)
(-1.5304, -2.3986, -4.6578)
(-1.2206, -2.3981, -4.348)
(-0.8466, -2.4758, -4.5989)
(-0.5273, -2.3809, -4.2986)
(-0.1584, -2.4843, -4.5241)
(0.1379, -2.3776, -4.2414)
(0.5281, -2.4761, -4.4418)
(0.8208, -2.3771, -4.1475)
(1.1603, -2.3536, -4.3207)
(1.3901, -2.3534, -4.0148)
(1.6534, -2.1675, -4.1737)
(1.8282, -2.2301, -3.8524)
(-1.9687, -1.9939, -5.2076)
(-2.1616, -1.8104, -4.892)
(-1.7955, -2.2578, -4.9623)
(-1.4473, -2.3392, -5.213)
(-1.1541, -2.4511, -4.9181)
(-0.769, -2.4346, -5.1437)
(-0.4637, -2.4943, -4.8388)
(-0.0782, -2.4511, -5.0562)
(0.2268, -2.4934, -4.7501)
(0.6071, -2.4014, -4.9566)
(0.9004, -2.4069, -4.6467)
(1.2673, -2.2665, -4.8312)
(1.4883, -2.1997, -4.5073)
(1.8063, -2.1022, -4.6989)
(1.9395, -2.0258, -4.3771)
(-1.8519, -1.8736, -5.6212)
(-1.9832, -1.6641, -5.3472)
(-1.702, -2.1586, -5.4488)
(-1.3797, -2.2321, -5.6338)
(-1.077, -2.3435, -5.4035)
(-0.7026, -2.3039, -5.5564)
(-0.389, -2.3846, -5.3203)
(-0.0131, -2.3221, -5.4688)
(0.3004, -2.3779, -5.2285)
(0.678, -2.3142, -5.3745)
(0.9833, -2.3065, -5.1178)
(1.3582, -2.2517, -5.2509)
(1.6151, -2.1861, -4.9825)
(1.8936, -2.1375, -5.1081)
(2.0693, -2.0432, -4.8514)
(1.1364, -1.6857, 4.0769)
(1.4641, -1.7876, 4.1119)
(1.4518, -1.9615, 3.9992)
(1.797, -2.1558, 4.0452)
(1.7806, -2.4872, 3.8367)
(2.1117, -2.7428, 3.839)
(2.0655, -3.0779, 3.6115)
(2.3722, -3.3225, 3.5453)
(2.2921, -3.6807, 3.365)
(2.5671, -3.9057, 3.2119)
(2.4643, -4.267, 3.0798)
(2.6903, -4.4947, 2.8564)
(2.5601, -4.7724, 2.6708)
(2.7972, -5.0689, 2.5227)
(2.7162, -5.3177, 2.3254)
(2.9728, -5.6819, 2.2378)
(3.3384, -5.9686, 2.1626)
(3.6378, -6.101, 2.0513)
(3.5439, -6.3075, 2.0353)
(3.2648, -6.195, 2.1126)
(2.7625, -4.7579, 1.1605)
(2.7175, -4.7366, 1.1451)
(2.8952, -4.7134, 0.8618)
(2.9714, -4.8448, 0.9396)
(3.0874, -4.9058, 1.0143)
(3.284, -4.8128, 0.7279)
(3.4342, -5.004, 0.8675)
(3.5736, -5.0506, 1.0672)
(3.7867, -5.0874, 0.7797)
(3.8975, -5.2511, 1.0558)
(4.0038, -5.2407, 1.3694)
(4.121, -5.5071, 1.0464)
(4.1793, -5.5609, 1.4184)
(4.1242, -5.5137, 1.7693)
(4.2167, -5.887, 1.498)
(4.0784, -5.8722, 1.8336)
(3.798, -5.7783, 2.0858)
(3.9452, -6.1866, 1.8586)
(2.0693, -1.116, 4.1222)
(2.3561, -1.148, 3.9532)
(2.3209, -1.5637, 4.0436)
(1.9968, -1.4776, 4.1731)
(2.6756, -1.6822, 3.8316)
(2.6325, -2.1402, 3.882)
(2.2522, -1.9771, 4.055)
(2.984, -2.2941, 3.6132)
(2.9051, -2.7488, 3.6266)
(2.5516, -2.5745, 3.8499)
(3.2108, -2.9108, 3.3211)
(3.1121, -3.3591, 3.3096)
(2.7889, -3.1757, 3.5532)
(3.4038, -3.5329, 3.0153)
(3.3013, -3.9763, 2.9846)
(2.9752, -3.7758, 3.2139)
(3.6001, -4.1593, 2.6795)
(3.4687, -4.5995, 2.6345)
(3.1243, -4.4025, 2.8615)
(3.7554, -4.7559, 2.3523)
(3.6338, -5.175, 2.3411)
(3.2938, -5.0024, 2.5309)
(3.92, -5.3662, 2.0873)
(3.4749, -5.5998, 2.2615)
(2.2714, -0.6755, 3.8346)
(2.5261, -0.7591, 3.5554)
(2.6432, -1.2256, 3.7111)
(2.9218, -1.3768, 3.3835)
(2.9933, -1.8326, 3.527)
(3.216, -2.0026, 3.1514)
(3.2462, -2.4539, 3.2611)
(3.3894, -2.6281, 2.8517)
(3.4193, -3.0787, 2.9499)
(3.525, -3.2519, 2.5288)
(3.595, -3.7062, 2.6339)
(3.6741, -3.8786, 2.1847)
(3.7731, -4.327, 2.2804)
(3.8139, -4.4979, 1.8856)
(3.9179, -4.9296, 2.0105)
(4.0142, -5.1094, 1.6719)
(1.6798, 0.8673, 3.3275)
(1.9576, 0.6512, 3.1295)
(2.0531, 0.2847, 3.3348)
(1.7911, 0.5161, 3.4952)
(2.3003, 0.0671, 3.089)
(2.4037, -0.3138, 3.3427)
(2.1316, -0.0947, 3.596)
(2.6614, -0.5284, 2.9882)
(2.7957, -0.94, 3.1998)
(2.9789, -1.1508, 2.8208)
(3.1189, -1.5666, 3.0035)
(3.172, -1.7815, 2.6031)
(3.3083, -2.1936, 2.7359)
(3.2783, -2.407, 2.3246)
(3.4289, -2.8141, 2.4218)
(3.387, -3.012, 2.0035)
(3.5463, -3.4285, 2.0914)
(3.4503, -3.6262, 1.7059)
(3.6398, -4.0577, 1.7853)
(3.5199, -4.2607, 1.4846)
(3.783, -4.6819, 1.5663)
(3.7038, -4.8903, 1.3111)
(1.8831, 1.021, 2.9042)
(2.1242, 0.8239, 2.6049)
(2.1878, 0.435, 2.8451)
(2.3627, 0.2083, 2.5002)
(2.5146, -0.1529, 2.7504)
(2.6848, -0.3818, 2.3795)
(2.8409, -0.7522, 2.6102)
(2.8791, -1.0012, 2.2478)
(3.0132, -1.3874, 2.4456)
(2.8881, -1.6528, 2.1027)
(3.0804, -2.0257, 2.227)
(2.89, -2.2934, 1.9002)
(3.1518, -2.6448, 1.9492)
(2.9703, -2.8943, 1.6012)
(3.2453, -3.2344, 1.6292)
(2.9987, -3.4961, 1.3487)
(3.2495, -3.8638, 1.423)
(3.0545, -4.1343, 1.2422)
(3.3832, -4.5112, 1.2627)
(3.2311, -4.7737, 1.1049)
(2.0766, 1.1924, 2.3462)
(2.229, 0.9846, 2.0202)
(2.2549, 0.5905, 2.2584)
(2.3463, 0.3441, 1.906)
(2.5037, -0.0259, 2.1426)
(2.5856, -0.2771, 1.7868)
(2.7542, -0.6313, 2.0193)
(2.6568, -0.9144, 1.6947)
(2.7488, -1.2822, 1.9238)
(2.5055, -1.5693, 1.6534)
(2.6577, -1.9333, 1.8159)
(2.404, -2.2187, 1.5496)
(2.6655, -2.5683, 1.6024)
(2.4303, -2.853, 1.3233)
(2.7347, -3.1673, 1.3129)
(2.4742, -3.4716, 1.1272)
(2.7433, -3.7861, 1.1735)
(2.6018, -4.052, 1.1558)
(2.8974, -4.4018, 1.1859)
(2.8079, -4.6284, 1.1775)
(2.1987, 1.3322, 1.7522)
(2.3087, 1.1171, 1.4222)
(2.2773, 0.7312, 1.6672)
(2.2972, 0.4587, 1.3223)
(2.3984, 0.0814, 1.5596)
(2.3908, -0.1938, 1.2217)
(2.5514, -0.5534, 1.4517)
(2.3746, -0.8395, 1.1628)
(2.4308, -1.2038, 1.4183)
(2.1694, -1.4872, 1.1615)
(2.2374, -1.8527, 1.3981)
(2.0008, -2.1375, 1.1247)
(2.1624, -2.5085, 1.2772)
(1.9207, -2.7984, 1.0229)
(2.18, -3.1656, 1.1158)
(2.0018, -3.4855, 1.0973)
(2.3326, -3.7599, 1.1147)
(2.4317, -3.9687, 1.1462)
(2.6386, -4.2665, 1.1793)
(2.6814, -4.4782, 1.196)
(2.2906, 1.4471, 1.1473)
(2.4141, 1.2099, 0.8234)
(2.3375, 0.8436, 1.0766)
(2.3385, 0.5539, 0.7395)
(2.2827, 0.1811, 0.9878)
(2.2365, -0.1062, 0.6711)
(2.2877, -0.4747, 0.9176)
(2.1346, -0.7673, 0.6336)
(2.1402, -1.1262, 0.8969)
(1.9749, -1.4156, 0.6149)
(1.9511, -1.7711, 0.8868)
(1.7982, -2.0489, 0.5959)
(1.7961, -2.4046, 0.8443)
(1.6271, -2.5946, 0.567)
(1.6881, -2.9943, 0.7814)
(2.3677, 1.5181, 0.5393)
(2.5224, 1.2522, 0.2241)
(2.4714, 0.9092, 0.4895)
(2.4936, 0.5953, 0.1577)
(2.3257, 0.2514, 0.4121)
(2.3223, -0.0665, 0.0923)
(2.1908, -0.4129, 0.3639)
(2.1735, -0.7251, 0.0547)
(2.0528, -1.0676, 0.336)
(2.0299, -1.3633, 0.0349)
(1.8979, -1.7037, 0.319)
(1.8395, -1.974, 0.0208)
(1.6967, -2.2877, 0.302)
(1.5822, -2.4447, 0.0073)
(1.4756, -2.708, 0.2865)
(2.4244, 1.5478, -0.0695)
(2.5967, 1.2838, -0.3809)
(2.6072, 0.941, -0.1035)
(2.6254, 0.6234, -0.4351)
(2.4908, 0.275, -0.1701)
(2.4745, -0.0469, -0.4918)
(2.3232, -0.3878, -0.221)
(2.3113, -0.6966, -0.5292)
(2.1707, -1.0291, -0.2482)
(2.1394, -1.3133, -0.5503)
(1.9923, -1.6417, -0.2641)
(1.8921, -1.8873, -0.5637)
(1.7295, -2.1815, -0.2761)
(1.5611, -2.2998, -0.571)
(1.4095, -2.5266, -0.285)
(2.467, 1.5745, -0.6755)
(2.6197, 1.3355, -0.9878)
(2.6712, 0.9822, -0.7095)
(2.6447, 0.6734, -1.0406)
(2.5868, 0.3074, -0.765)
(2.4978, 0.0028, -1.0893)
(2.4245, -0.355, -0.811)
(2.3422, -0.6426, -1.1251)
(2.2617, -0.9836, -0.8378)
(2.1804, -1.2518, -1.1475)
(2.0525, -1.5739, -0.8549)
(1.9014, -1.7912, -1.1511)
(1.7327, -2.0706, -0.8616)
(1.5313, -2.1579, -1.1538)
(1.3624, -2.3569, -0.8659)
(2.459, 1.6015, -1.2716)
(2.5549, 1.4025, -1.5856)
(2.6383, 1.0453, -1.3156)
(2.5381, 0.7472, -1.6332)
(2.5336, 0.373, -1.3622)
(2.365, 0.0849, -1.672)
(2.3668, -0.284, -1.4031)
(2.2199, -0.5487, -1.6843)
(2.2468, -0.9124, -1.4293)
(2.0952, -1.142, -1.6626)
(2.0515, -1.4829, -1.4375)
(1.8012, -1.6063, -1.6538)
(1.6751, -1.9044, -1.4217)
(1.4453, -1.9495, -1.7061)
(1.3323, -2.2061, -1.4621)
(2.3692, 1.671, -1.8506)
(2.4031, 1.481, -2.1629)
(2.5004, 1.1199, -1.9018)
(2.3262, 0.824, -2.1955)
(2.3525, 0.4561, -1.9337)
(2.1471, 0.1623, -2.2311)
(2.1747, -0.1887, -1.9533)
(1.9394, -0.4268, -2.1346)
(1.9999, -0.763, -1.8474)
(1.7511, -0.9424, -1.9051)
(1.8278, -1.2791, -1.7698)
(1.5791, -1.3723, -1.9828)
(1.5203, -1.6492, -1.8924)
(1.3691, -1.7203, -2.2539)
(1.2743, -1.9989, -2.0354)
(2.2249, 1.7733, -2.4116)
(2.2411, 1.4999, -2.6832)
(2.2841, 1.1866, -2.4517)
(2.1898, 0.8576, -2.705)
(2.1271, 0.5176, -2.4813)
(2.0244, 0.1798, -2.7334)
(1.9439, -0.1304, -2.4802)
(1.8357, -0.4187, -2.6169)
(1.741, -0.659, -2.236)
(1.668, -0.9444, -2.3624)
(1.6093, -1.1479, -2.0825)
(1.61, -1.3571, -2.5387)
(1.5077, -1.5056, -2.4422)
(1.5277, -1.6725, -2.9481)
(1.3322, -1.8485, -2.7054)
(2.0717, 1.6552, -2.8713)
(2.2586, 1.3384, -3.1067)
(2.3135, 1.1455, -2.9049)
(2.4651, 0.7838, -3.1194)
(2.2512, 0.4905, -2.9108)
(2.3763, 0.1061, -3.0821)
(2.0704, -0.1738, -2.8805)
(2.1495, -0.5259, -2.9984)
(1.8418, -0.7404, -2.7145)
(1.8547, -1.0827, -2.9049)
(1.6779, -1.2406, -2.6598)
(1.7807, -1.4922, -3.1238)
(1.6905, -1.546, -3.096)
(1.7295, -1.7919, -3.4503)
(1.5174, -1.8577, -3.3461)
(2.0154, 1.5305, -3.3411)
(2.2439, 1.299, -3.6558)
(2.4496, 1.0463, -3.3819)
(2.5304, 0.7052, -3.6556)
(2.5558, 0.4073, -3.3472)
(2.5555, 0.0496, -3.5483)
(2.4496, -0.2625, -3.2633)
(2.4164, -0.5877, -3.4457)
(2.1736, -0.8686, -3.1853)
(2.1564, -1.152, -3.4091)
(1.8964, -1.3839, -3.2046)
(2.0353, -1.69, -3.4353)
(1.9115, -1.8094, -3.4184)
(1.9418, -2.1305, -3.5725)
(1.7169, -2.146, -3.5979)
(2.0017, 1.5684, -3.9252)
(2.1233, 1.2821, -4.2205)
(2.3595, 0.9949, -3.9537)
(2.3071, 0.6599, -4.1424)
(2.4821, 0.3576, -3.8588)
(2.2943, 0.09, -3.9229)
(2.4017, -0.2357, -3.6672)
(2.3124, -0.4597, -3.8181)
(2.3349, -0.8385, -3.6341)
(2.3827, -1.0289, -3.7635)
(2.2274, -1.3852, -3.5705)
(2.3, -1.5826, -3.7821)
(2.1248, -1.922, -3.654)
(2.0471, -1.9745, -3.9935)
(1.8443, -2.2203, -3.8448)
(1.8492, 1.542, -4.4699)
(1.8214, 1.2687, -4.597)
(2.0604, 0.9652, -4.379)
(1.9151, 0.7077, -4.3323)
(2.1317, 0.3893, -4.152)
(2.1362, 0.2068, -4.1796)
(2.2549, -0.1104, -4.0086)
(2.4581, -0.288, -4.1276)
(2.4561, -0.6473, -3.9665)
(2.5046, -0.8241, -4.0747)
(2.4112, -1.1968, -3.9212)
(2.3556, -1.393, -4.2132)
(2.2326, -1.7159, -4.1373)
(2.197, -1.8505, -4.4688)
(1.9571, -2.0196, -4.3694)
(1.5657, 1.5181, -4.7171)
(1.4938, 1.3484, -4.6293)
(1.7234, 1.0436, -4.4931)
(1.7943, 0.8885, -4.3929)
(1.9788, 0.5406, -4.2982)
(2.2788, 0.4191, -4.3782)
(2.3726, 0.0629, -4.2694)
(2.4666, -0.1125, -4.276)
(2.5185, -0.4808, -4.1757)
(2.4476, -0.741, -4.3101)
(2.4526, -1.068, -4.2698)
(2.5598, -1.3887, -4.4547)
(2.4145, -1.6449, -4.4524)
(2.5276, -1.8742, -4.6017)
(2.2479, -2.0167, -4.6927)
(1.7713, -1.4089, 4.2513)
(1.9052, -1.8118, 4.1441)
(1.6644, -1.6963, 4.1968)
(2.1945, -2.3734, 3.9864)
(1.834, -2.1582, 4.0628)
(2.4676, -2.9669, 3.7309)
(2.1379, -2.7459, 3.8555)
(2.6772, -3.5576, 3.4057)
(2.3834, -3.3276, 3.5609)
(2.8347, -4.159, 3.0576)
(2.5704, -3.9147, 3.2318)
(2.9557, -4.7893, 2.7001)
(2.6815, -4.5219, 2.8775)
(3.1571, -5.4033, 2.3804)
(2.8251, -5.1806, 2.5056)
(3.039, -5.8077, 2.2238)
(-1.6985, 2.3729, -0.8654)
(-1.9862, 2.1478, -4.0592)
(-1.0613, 2.342, 4.071)
(-1.5845, 1.7053, -2.6138)
(-1.3782, 2.9452, 3.9103)
(-1.6529, 3.5322, 3.6339)
(-1.705, 2.5595, -0.2874)
(-1.9307, 4.0791, 3.2919)
(-2.2046, 4.6212, 2.9513)
(-2.3375, 5.0524, 2.4168)
(-2.4992, 5.6651, 2.1561)
(-2.0388, 2.0263, -3.4662)
(-2.6912, 6.3563, 2.0018)
(-1.6243, 1.9753, -2.0412)
(-1.6896, 2.1869, -1.451)
(-1.772, 3.8722, 0.5986)
(-1.6792, 2.7599, 0.2862)
(-1.647, 3.2054, 0.7998)
(-1.754, 4.2534, 1.1979)
(-2.1596, 4.8583, 1.0929)
(-1.8567, 2.1678, -4.6599)
(-1.5656, 1.7267, -3.7703)
(-1.6509, 1.4538, -3.2834)
(-2.9827, 6.3617, 1.5739)
(-2.8316, 6.229, 1.8523)
(-2.7739, 6.4621, 1.8817)
(-2.9384, 6.585, 1.6312)
(-2.1466, 4.9123, 0.9515)
(-2.0837, 4.8916, 0.9902)
(-2.1683, 5.139, 0.8017)
(-2.228, 5.0892, 0.7814)
(-2.1628, 5.0832, 0.6875)
(-2.2841, 5.3893, 0.4632)
(-2.2679, 5.4074, 0.6003)
(-2.5122, 5.2397, 0.363)
(-2.6722, 5.5584, 0.2673)
(-2.4209, 5.6992, 0.2908)
(-2.7968, 5.4537, 0.49)
(-2.9451, 5.7895, 0.5963)
(-2.8626, 5.8587, 0.3076)
(-2.9151, 5.7301, 0.9554)
(-3.0325, 6.098, 1.0897)
(-3.0833, 6.1281, 0.7287)
(-2.9787, 6.0218, 1.4565)
(-3.0625, 6.4462, 1.2357)
(-1.5852, 1.5777, 3.5875)
(-1.3576, 1.5483, 3.8277)
(-1.3283, 1.9192, 3.9275)
(-1.5802, 1.9982, 3.7034)
(-1.8261, 2.1165, 3.3891)
(-1.5531, 2.4213, 3.7725)
(-1.8227, 2.574, 3.4686)
(-2.0144, 2.718, 3.0773)
(-1.8008, 3.0144, 3.5037)
(-2.0154, 3.164, 3.1339)
(-2.1441, 3.299, 2.7048)
(-2.0222, 3.5907, 3.1599)
(-2.1954, 3.7329, 2.7604)
(-2.2881, 3.8652, 2.3132)
(-2.2657, 4.1478, 2.7957)
(-2.4105, 4.2968, 2.3729)
(-2.4845, 4.4498, 1.9251)
(-2.4835, 4.7165, 2.3929)
(-2.6212, 4.8887, 1.9822)
(-2.6879, 5.0399, 1.592)
(-2.6703, 5.2978, 2.028)
(-2.8168, 5.4656, 1.6853)
(-2.8807, 5.6133, 1.325)
(-2.8599, 5.8792, 1.7838)
(-1.7329, 1.1858, 3.1654)
(-1.511, 1.0968, 3.4784)
(-1.7967, 1.6598, 3.2828)
(-1.9885, 1.8159, 2.907)
(-1.9964, 2.2681, 2.9989)
(-2.1258, 2.4314, 2.5925)
(-2.1079, 2.8625, 2.6456)
(-2.2079, 3.0206, 2.2389)
(-2.1976, 3.4385, 2.2593)
(-2.2835, 3.6026, 1.8596)
(-2.3191, 4.0172, 1.8731)
(-2.3858, 4.2028, 1.502)
(-2.4909, 4.6231, 1.5264)
(-2.5241, 4.8136, 1.1833)
(-2.6795, 5.2107, 1.2315)
(-2.7339, 5.3599, 0.8628)
(-1.351, -0.2534, 2.7826)
(-1.1667, -0.136, 3.1495)
(-1.4187, 0.106, 2.9903)
(-1.7014, 0.3235, 2.7706)
(-1.4327, 0.4945, 3.2407)
(-1.6984, 0.7247, 2.9911)
(-2.0114, 0.9333, 2.6671)
(-1.9933, 1.3686, 2.7966)
(-2.2778, 1.5634, 2.4584)
(-2.1996, 1.9991, 2.5308)
(-2.4781, 2.1878, 2.2247)
(-2.3335, 2.6109, 2.2471)
(-2.6019, 2.7975, 1.9401)
(-2.4192, 3.205, 1.9047)
(-2.6595, 3.3898, 1.5854)
(-2.4855, 3.7962, 1.5377)
(-2.7048, 3.9771, 1.2172)
(-2.5716, 4.3976, 1.1903)
(-2.73, 4.5596, 0.8662)
(-2.6748, 4.9761, 0.8404)
(-2.7155, 5.0957, 0.5043)
(-1.6143, -0.4156, 2.2865)
(-1.6738, -0.0516, 2.5428)
(-2.0253, 0.135, 2.2831)
(-2.0386, 0.5201, 2.5037)
(-2.3989, 0.7121, 2.2432)
(-2.3559, 1.1301, 2.3826)
(-2.657, 1.3234, 2.1313)
(-2.5941, 1.7538, 2.1911)
(-2.7808, 1.9442, 1.9182)
(-2.7406, 2.3692, 1.9312)
(-2.8019, 2.5483, 1.6078)
(-2.7811, 2.9625, 1.589)
(-2.7628, 3.128, 1.2352)
(-2.7832, 3.5432, 1.2125)
(-2.7105, 3.703, 0.8602)
(-2.7561, 4.1221, 0.8593)
(-2.5602, 4.2819, 0.6407)
(-2.6349, 4.695, 0.5906)
(-2.3653, 4.8804, 0.5405)
(-1.8853, -0.5921, 1.7585)
(-1.9637, -0.2317, 2.0262)
(-2.3108, -0.0479, 1.7658)
(-2.3764, 0.3209, 2.0227)
(-2.6889, 0.5215, 1.7499)
(-2.6851, 0.9087, 1.9762)
(-2.7616, 1.1266, 1.6702)
(-2.7269, 1.5256, 1.8451)
(-2.5929, 1.7569, 1.5432)
(-2.6889, 2.1546, 1.6331)
(-2.4429, 2.3941, 1.371)
(-2.6135, 2.7619, 1.3343)
(-2.3147, 2.9945, 1.0854)
(-2.5429, 3.3347, 0.9573)
(-2.2346, 3.584, 0.7663)
(-2.4474, 3.918, 0.6849)
(-2.1508, 4.1637, 0.7798)
(-2.2669, 4.5059, 0.7179)
(-2.0723, 4.7489, 0.9096)
(-2.1465, -0.7691, 1.2289)
(-2.2305, -0.4068, 1.4978)
(-2.5682, -0.2122, 1.2297)
(-2.6407, 0.1509, 1.4955)
(-2.8997, 0.3873, 1.195)
(-2.8729, 0.7574, 1.4432)
(-2.8678, 1.0214, 1.1029)
(-2.6829, 1.3795, 1.3387)
(-2.5474, 1.6347, 1.0024)
(-2.4197, 2.0064, 1.2338)
(-2.2125, 2.2342, 0.9106)
(-2.1794, 2.6252, 1.0825)
(-1.8968, 2.8382, 0.801)
(-1.9917, 3.2397, 0.8545)
(-1.7173, 3.5275, 0.7055)
(-1.9712, 3.8527, 0.7187)
(-1.7764, 4.0728, 0.8999)
(-1.959, 4.3819, 1.0051)
(-1.978, 4.5551, 1.1368)
(-2.3676, -0.9301, 0.6801)
(-2.4756, -0.5718, 0.9565)
(-2.7761, -0.3576, 0.6683)
(-2.8621, 0.0089, 0.9391)
(-3.0206, 0.2721, 0.6105)
(-2.9922, 0.6541, 0.859)
(-2.8823, 0.912, 0.5107)
(-2.7209, 1.2736, 0.7571)
(-2.5104, 1.4957, 0.4242)
(-2.3485, 1.8593, 0.6731)
(-2.1382, 2.0632, 0.354)
(-1.9909, 2.4318, 0.5986)
(-1.8214, 2.5651, 0.2973)
(-1.6725, 2.9711, 0.5378)
(-2.5112, -1.0559, 0.0979)
(-2.6493, -0.7112, 0.3853)
(-2.8747, -0.4705, 0.073)
(-2.9723, -0.1075, 0.3501)
(-3.0169, 0.1739, 0.0068)
(-2.9842, 0.5477, 0.2618)
(-2.8216, 0.7949, -0.0805)
(-2.6694, 1.1399, 0.1734)
(-2.4701, 1.3518, -0.1524)
(-2.3026, 1.7011, 0.1031)
(-2.1289, 1.9018, -0.2134)
(-1.9644, 2.2364, 0.0425)
(-1.8338, 2.3646, -0.2662)
(-1.6993, 2.6495, -0.0031)
(-2.6157, -1.1682, -0.4967)
(-2.7538, -0.8242, -0.2102)
(-2.9391, -0.5667, -0.5327)
(-3.0056, -0.2009, -0.2582)
(-3.0317, 0.0867, -0.6008)
(-2.9519, 0.4497, -0.3392)
(-2.8352, 0.7029, -0.677)
(-2.6485, 1.0215, -0.413)
(-2.5148, 1.2525, -0.7387)
(-2.3141, 1.5669, -0.4737)
(-2.1816, 1.7824, -0.7924)
(-1.9897, 2.0802, -0.528)
(-1.8572, 2.2044, -0.8432)
(-1.7089, 2.4581, -0.5781)
(-2.6864, -1.2655, -1.0987)
(-2.8276, -0.9226, -0.8133)
(-2.9807, -0.6513, -1.1417)
(-3.0414, -0.2846, -0.8678)
(-3.0593, 0.0109, -1.209)
(-2.9843, 0.3707, -0.9425)
(-2.9063, 0.6445, -1.2759)
(-2.7243, 0.9538, -1.0056)
(-2.6277, 1.2081, -1.3308)
(-2.4036, 1.4898, -1.06)
(-2.2612, 1.7013, -1.3815)
(-2.0408, 1.9574, -1.1104)
(-1.8709, 2.0525, -1.4299)
(-1.7029, 2.274, -1.1603)
(-2.7272, -1.3503, -1.7049)
(-2.8722, -1.0086, -1.4208)
(-3.0022, -0.7294, -1.7514)
(-3.0613, -0.3605, -1.4781)
(-3.0705, -0.0602, -1.8178)
(-3.0211, 0.3048, -1.5481)
(-2.9461, 0.5893, -1.8817)
(-2.8153, 0.9125, -1.6052)
(-2.676, 1.1591, -1.9333)
(-2.4908, 1.4392, -1.6569)
(-2.2448, 1.5902, -1.9613)
(-2.0578, 1.8347, -1.7002)
(-1.8112, 1.8633, -2.0058)
(-1.6665, 2.0769, -1.7503)
(-2.7485, -1.4303, -2.312)
(-2.8973, -1.0888, -2.0292)
(-3.018, -0.8091, -2.3592)
(-3.0684, -0.435, -2.0871)
(-3.0798, -0.1369, -2.4223)
(-3.0247, 0.2368, -2.155)
(-2.9233, 0.4997, -2.474)
(-2.8113, 0.8493, -2.2082)
(-2.5555, 1.0106, -2.4855)
(-2.4085, 1.3229, -2.2285)
(-2.0366, 1.3455, -2.4345)
(-1.9057, 1.6126, -2.2158)
(-1.682, 1.59, -2.5245)
(-1.6127, 1.8445, -2.3433)
(-2.7608, -1.5161, -2.917)
(-2.9164, -1.1733, -2.6356)
(-3.0239, -0.8996, -2.9592)
(-3.09, -0.5195, -2.6889)
(-3.0846, -0.2315, -2.9972)
(-3.0424, 0.1356, -2.7373)
(-2.8659, 0.3411, -2.9998)
(-2.7011, 0.6536, -2.7298)
(-2.3826, 0.7218, -2.9056)
(-2.2066, 1.0299, -2.6579)
(-1.9408, 1.0827, -2.8504)
(-1.7913, 1.3423, -2.6715)
(-1.7153, 1.4144, -3.1087)
(-1.6372, 1.582, -3.0076)
(-2.7329, -1.6008, -3.5117)
(-2.9079, -1.2659, -3.2339)
(-2.8899, -0.9867, -3.5056)
(-3.0068, -0.6129, -3.2538)
(-2.8072, -0.3441, -3.4307)
(-2.9167, 0.0305, -3.2428)
(-2.6499, 0.2711, -3.4142)
(-2.5971, 0.5294, -3.218)
(-2.3244, 0.7013, -3.3738)
(-2.107, 0.8468, -3.0905)
(-1.9743, 1.1135, -3.3622)
(-1.8071, 1.2857, -3.2169)
(-1.7547, 1.5768, -3.5822)
(-1.6232, 1.6085, -3.6133)
(-2.5589, -1.6394, -4.0545)
(-2.7385, -1.3253, -3.7699)
(-2.4936, -1.052, -3.8815)
(-2.6499, -0.7196, -3.6261)
(-2.3311, -0.4931, -3.6076)
(-2.5023, -0.1198, -3.4608)
(-2.2448, 0.1032, -3.5519)
(-2.3724, 0.4669, -3.5235)
(-2.1886, 0.697, -3.7011)
(-2.1671, 0.9316, -3.5395)
(-2.1868, 1.3032, -3.7123)
(-2.0204, 1.4814, -3.567)
(-2.0854, 1.8154, -3.6333)
(-1.8025, 1.8933, -3.6611)
(-2.2591, -1.6148, -4.5207)
(-2.3554, -1.3544, -4.1775)
(-2.0267, -1.0804, -4.207)
(-2.1549, -0.8116, -3.8837)
(-2.0128, -0.5364, -3.9889)
(-2.145, -0.2402, -3.7128)
(-2.1155, 0.0792, -4.0259)
(-2.1084, 0.3967, -3.8368)
(-2.0782, 0.7487, -4.1617)
(-2.1261, 1.0439, -3.9498)
(-2.125, 1.4047, -4.176)
(-2.1859, 1.6578, -3.872)
(-2.0867, 1.9262, -4.1024)
(-2.0169, 2.0786, -3.768)
(-2.0052, -1.4829, -4.9999)
(-1.9931, -1.2981, -4.598)
(-1.79, -0.9537, -4.6698)
(-1.8601, -0.7627, -4.3068)
(-1.9699, -0.453, -4.5083)
(-2.1122, -0.224, -4.2544)
(-2.269, 0.0935, -4.5462)
(-2.1868, 0.4251, -4.3573)
(-2.2699, 0.7626, -4.6413)
(-2.1344, 1.0977, -4.4387)
(-2.1661, 1.427, -4.6922)
(-2.1158, 1.7137, -4.4226)
(-1.9979, 1.9547, -4.6641)
(-1.9266, 2.1501, -4.3648)
(-1.8357, -1.3408, -5.3905)
(-1.7921, -1.1553, -5.0336)
(-1.6759, -0.8091, -5.0616)
(-1.7809, -0.6217, -4.7682)
(-1.9718, -0.3842, -4.9262)
(-2.1897, -0.1987, -4.7377)
(-2.3378, 0.0735, -4.9692)
(-2.3548, 0.4172, -4.8064)
(-2.3511, 0.7431, -5.056)
(-2.2629, 1.09, -4.894)
(-2.1625, 1.3991, -5.108)
(-2.073, 1.7088, -4.9054)
(-1.944, 1.9204, -5.0755)
(-1.8615, 2.1422, -4.854)
(-1.1567, 1.8609, 4.0772)
(-1.081, 2.168, 4.1079)
(-1.2724, 2.2702, 3.9743)
(-1.2308, 2.6429, 3.9855)
(-1.5347, 2.8376, 3.7853)
(-1.5257, 3.2393, 3.7637)
(-1.79, 3.4241, 3.4899)
(-1.8019, 3.8073, 3.4527)
(-2.0503, 3.9831, 3.1467)
(-2.0801, 4.3527, 3.1135)
(-2.3047, 4.5301, 2.7778)
(-2.2716, 4.8538, 2.6914)
(-2.4696, 5.0725, 2.3491)
(-2.413, 5.3901, 2.3046)
(-2.6535, 5.6611, 2.0538)
(-2.603, 6.0206, 2.0842)
(-2.4648, 6.3767, 2.0268)
(-2.3104, 6.691, 1.8908)
(-2.501, 6.796, 1.9021)
(-2.6498, 6.5374, 1.9916)
(-2.1145, 4.9162, 1.0427)
(-2.2141, 4.9795, 0.9944)
(-2.3047, 5.1953, 0.7895)
(-2.1937, 5.2024, 0.8484)
(-1.9933, 5.2324, 0.9086)
(-2.1801, 5.5587, 0.5738)
(-1.959, 5.6411, 0.691)
(-1.7381, 5.7258, 0.8835)
(-1.8453, 6.0469, 0.5095)
(-1.6786, 6.1661, 0.7906)
(-1.5419, 6.2455, 1.1075)
(-1.6451, 6.5508, 0.7577)
(-1.5984, 6.6317, 1.1266)
(-1.627, 6.5919, 1.4898)
(-1.783, 6.9186, 1.2076)
(-1.8745, 6.8262, 1.5645)
(-2.0344, 6.5647, 1.8744)
(-2.1528, 6.9597, 1.6412)
(-0.1588, 2.133, 4.0744)
(-0.0168, 2.3316, 3.8816)
(-0.4055, 2.5646, 3.9412)
(-0.5217, 2.3132, 4.0955)
(-0.298, 2.8619, 3.7117)
(-0.6977, 3.1314, 3.7551)
(-0.7962, 2.7884, 3.95)
(-0.5951, 3.4527, 3.4767)
(-0.9837, 3.7074, 3.4804)
(-1.0906, 3.3707, 3.7232)
(-0.879, 4.0166, 3.1764)
(-1.2662, 4.2555, 3.164)
(-1.3719, 3.9219, 3.4048)
(-1.1512, 4.5778, 2.8877)
(-1.5475, 4.8078, 2.8825)
(-1.6612, 4.4645, 3.1103)
(-1.4034, 5.1531, 2.5646)
(-1.7663, 5.3521, 2.4944)
(-1.9155, 4.9728, 2.7542)
(-1.6132, 5.7568, 2.1899)
(-1.9152, 5.9678, 2.1548)
(-2.0813, 5.5118, 2.363)
(-1.7521, 6.3692, 1.8496)
(-2.2055, 6.1596, 2.0978)
(0.3858, 2.0114, 3.8245)
(0.4427, 2.2316, 3.5146)
(0.0773, 2.5647, 3.6202)
(0.0974, 2.8333, 3.285)
(-0.2323, 3.1581, 3.405)
(-0.2286, 3.4003, 3.0284)
(-0.5334, 3.7241, 3.1246)
(-0.5325, 3.9364, 2.7241)
(-0.8082, 4.2811, 2.8249)
(-0.7544, 4.5075, 2.4528)
(-1.0412, 4.8643, 2.5486)
(-1.0102, 5.0904, 2.1502)
(-1.3121, 5.455, 2.189)
(-1.312, 5.6515, 1.7794)
(-1.5201, 6.0556, 1.8159)
(-1.4767, 6.2143, 1.4393)
(1.5644, 1.2017, 3.1389)
(1.2444, 1.4051, 3.3486)
(1.3808, 1.0895, 3.5059)
(1.111, 1.6914, 3.0912)
(0.7959, 1.9251, 3.3336)
(0.9081, 1.6226, 3.614)
(0.6971, 2.2109, 2.9426)
(0.4078, 2.5099, 3.1296)
(0.2888, 2.733, 2.7325)
(0.0342, 3.0584, 2.8997)
(-0.1154, 3.2095, 2.4962)
(-0.2993, 3.5754, 2.6133)
(-0.4203, 3.6995, 2.1991)
(-0.5723, 4.1038, 2.3165)
(-0.6218, 4.2357, 1.9389)
(-0.7604, 4.6843, 2.062)
(-0.9144, 4.764, 1.6791)
(-1.1065, 5.2158, 1.7331)
(-1.2583, 5.241, 1.3996)
(-1.3724, 5.7318, 1.4199)
(-1.5221, 5.7535, 1.1331)
(1.7781, 1.3468, 2.6179)
(1.4309, 1.4988, 2.8584)
(1.245, 1.721, 2.5011)
(0.9572, 1.9377, 2.7269)
(0.7825, 2.1512, 2.3249)
(0.5486, 2.4431, 2.5348)
(0.3146, 2.5854, 2.1512)
(0.0712, 2.8716, 2.3476)
(-0.2218, 2.9393, 1.9947)
(-0.329, 3.3032, 2.1132)
(-0.4823, 3.3766, 1.7266)
(-0.514, 3.7943, 1.8145)
(-0.6945, 3.8425, 1.517)
(-0.7869, 4.2882, 1.6283)
(-1.0828, 4.2777, 1.3594)
(-1.1559, 4.7563, 1.3803)
(-1.41, 4.7703, 1.1671)
(-1.4601, 5.2473, 1.1627)
(-1.7258, 5.261, 0.9935)
(1.9354, 1.4695, 2.0334)
(1.5865, 1.577, 2.2749)
(1.3373, 1.7016, 1.9058)
(1.0261, 1.8752, 2.1166)
(0.8091, 2.0124, 1.7298)
(0.5712, 2.3114, 1.9367)
(0.2846, 2.3827, 1.5807)
(0.0058, 2.639, 1.8041)
(-0.3271, 2.6444, 1.4836)
(-0.4855, 2.9762, 1.645)
(-0.6684, 3.0386, 1.2612)
(-0.6423, 3.4444, 1.3665)
(-0.9825, 3.4654, 1.1248)
(-1.0443, 3.8474, 1.2887)
(-1.3881, 3.8882, 1.022)
(-1.3832, 4.3166, 1.1002)
(-1.6443, 4.41, 0.9951)
(-1.6881, 4.8331, 1.066)
(-1.9398, 4.8625, 1.0643)
(2.037, 1.5783, 1.4332)
(1.6926, 1.6341, 1.6807)
(1.413, 1.6977, 1.3143)
(1.0786, 1.7676, 1.5277)
(0.8212, 1.8544, 1.1528)
(0.5571, 2.1184, 1.3583)
(0.2409, 2.1495, 1.02)
(-0.0512, 2.3896, 1.2558)
(-0.3951, 2.3652, 0.9506)
(-0.614, 2.6541, 1.1488)
(-0.8544, 2.7098, 0.7903)
(-0.9129, 3.0998, 0.9279)
(-1.2908, 3.0872, 0.7197)
(-1.3908, 3.465, 0.9307)
(-1.7017, 3.5501, 0.6929)
(-1.6373, 3.9922, 0.8185)
(-1.7496, 4.0529, 0.8965)
(-1.8085, 4.4629, 1.0855)
(-1.9356, 4.5566, 1.154)
(2.1132, 1.6819, 0.8284)
(1.7745, 1.7248, 1.0839)
(1.4826, 1.8041, 0.7257)
(1.129, 1.7462, 0.9463)
(0.8279, 1.8035, 0.5901)
(0.521, 1.9078, 0.8025)
(0.1913, 1.9241, 0.4739)
(-0.105, 2.1324, 0.7091)
(-0.4382, 2.1175, 0.4044)
(-0.7048, 2.3632, 0.6345)
(-0.9895, 2.4076, 0.3128)
(-1.1439, 2.7464, 0.4942)
(-1.448, 2.7049, 0.2623)
(-1.6538, 2.9942, 0.5482)
(2.1634, 1.7385, 0.2188)
(1.8368, 1.8305, 0.485)
(1.531, 1.9311, 0.1371)
(1.1753, 1.8717, 0.3714)
(0.8621, 1.9382, 0.0196)
(0.5138, 1.8545, 0.2433)
(0.2062, 1.9148, -0.0976)
(-0.1267, 1.951, 0.1488)
(-0.4263, 1.9931, -0.1707)
(-0.7402, 2.1429, 0.0906)
(-1.0246, 2.1941, -0.223)
(-1.2694, 2.4334, 0.0194)
(-1.5037, 2.4458, -0.2692)
(-1.685, 2.6699, 0.002)
(2.1998, 1.754, -0.3901)
(1.8773, 1.8836, -0.1203)
(1.5637, 1.9656, -0.4641)
(1.2152, 2.0046, -0.2117)
(0.897, 2.0647, -0.5584)
(0.5513, 2.0083, -0.3261)
(0.25, 2.0755, -0.6644)
(-0.0897, 1.9817, -0.4277)
(-0.3724, 2.0597, -0.752)
(-0.7095, 2.061, -0.4877)
(-0.9857, 2.1289, -0.8032)
(-1.2809, 2.2417, -0.5312)
(-1.4905, 2.2851, -0.8427)
(-1.6947, 2.4742, -0.5746)
(2.2177, 1.7258, -0.9878)
(1.8995, 1.8534, -0.7245)
(1.5655, 1.8552, -1.0519)
(1.2377, 1.9981, -0.8061)
(0.9082, 2.0, -1.1424)
(0.5839, 2.1097, -0.9024)
(0.282, 2.1513, -1.2417)
(-0.0395, 2.1427, -0.9986)
(-0.3268, 2.2045, -1.3334)
(-0.6537, 2.1337, -1.0749)
(-0.9396, 2.1922, -1.398)
(-1.2398, 2.1874, -1.1175)
(-1.4595, 2.1917, -1.4328)
(-1.6852, 2.2858, -1.1561)
(2.1717, 1.6873, -1.5563)
(1.8827, 1.7118, -1.2961)
(1.5224, 1.6559, -1.5905)
(1.2181, 1.8031, -1.3646)
(0.8737, 1.7533, -1.6837)
(0.5843, 1.9936, -1.4749)
(0.27, 1.9844, -1.7782)
(-0.0124, 2.1911, -1.5759)
(-0.3217, 2.1585, -1.8746)
(-0.6266, 2.2321, -1.6684)
(-0.9252, 2.1595, -1.9551)
(-1.208, 2.1891, -1.7128)
(-1.42, 2.047, -2.0016)
(-1.6474, 2.0853, -1.742)
(2.0629, 1.8328, -2.1032)
(1.8071, 1.7099, -1.8305)
(1.451, 1.7172, -2.1279)
(1.1716, 1.6127, -1.903)
(0.8171, 1.5733, -2.2115)
(0.5308, 1.6983, -1.9745)
(0.1886, 1.6632, -2.175)
(-0.0544, 1.9076, -1.9943)
(-0.3637, 1.8032, -2.2155)
(-0.6294, 1.9955, -2.1132)
(-0.9114, 1.7963, -2.3476)
(-1.1774, 1.932, -2.1877)
(-1.3915, 1.7223, -2.4868)
(-1.596, 1.8361, -2.3118)
(1.9213, 1.9255, -2.6254)
(1.7017, 1.925, -2.3587)
(1.3377, 1.9286, -2.6366)
(1.104, 1.6996, -2.445)
(0.709, 1.762, -2.7231)
(0.4487, 1.6188, -2.4638)
(0.1002, 1.7663, -2.6495)
(-0.1215, 1.7184, -2.3809)
(-0.4004, 1.853, -2.6822)
(-0.644, 1.7888, -2.5291)
(-0.9425, 1.8006, -2.8755)
(-1.1888, 1.6904, -2.6662)
(-1.4267, 1.6201, -3.0554)
(-1.5982, 1.5772, -2.8896)
(1.7539, 1.7452, -3.0658)
(1.534, 1.9513, -2.8326)
(1.1775, 2.0529, -3.063)
(0.9375, 1.9754, -2.8933)
(0.55, 2.1198, -3.1294)
(0.298, 1.9088, -2.9343)
(-0.0359, 2.1507, -3.0401)
(-0.2142, 1.9873, -2.8129)
(-0.5018, 2.1654, -3.0697)
(-0.6823, 1.9508, -3.0358)
(-1.0234, 2.0007, -3.2952)
(-1.2289, 1.7844, -3.2045)
(-1.4844, 1.8033, -3.4682)
(-1.5933, 1.572, -3.4404)
(1.774, 1.7961, -3.6041)
(1.4791, 1.9573, -3.3076)
(1.2387, 2.1888, -3.5378)
(0.8942, 2.2634, -3.2977)
(0.6195, 2.363, -3.4626)
(0.2514, 2.3071, -3.2872)
(-0.0386, 2.4129, -3.368)
(-0.3221, 2.3717, -3.1594)
(-0.6696, 2.4225, -3.306)
(-0.8608, 2.2752, -3.2722)
(-1.2886, 2.3247, -3.3875)
(-1.4265, 2.079, -3.4109)
(-1.781, 2.127, -3.522)
(-1.802, 1.8596, -3.5754)
(1.7183, 1.7969, -4.1817)
(1.5107, 2.0083, -3.8455)
(1.1761, 2.0309, -3.9902)
(0.9411, 2.2023, -3.6723)
(0.5828, 2.1034, -3.7342)
(0.2886, 2.2725, -3.5326)
(-0.0656, 2.1959, -3.6083)
(-0.3891, 2.3187, -3.4657)
(-0.7337, 2.2307, -3.6018)
(-1.0475, 2.3339, -3.463)
(-1.3335, 2.2956, -3.7697)
(-1.6093, 2.3083, -3.6398)
(-1.7874, 2.2536, -3.988)
(-2.0082, 2.0955, -3.7574)
(1.5154, 1.709, -4.6082)
(1.3545, 1.8942, -4.3549)
(0.9833, 1.9428, -4.3677)
(0.7934, 2.0165, -4.0581)
(0.4811, 2.2135, -4.0929)
(0.2435, 2.2107, -3.8048)
(-0.0514, 2.437, -3.8646)
(-0.3828, 2.3123, -3.7126)
(-0.6283, 2.4058, -3.9051)
(-0.9877, 2.2716, -3.8608)
(-1.1833, 2.3401, -4.2164)
(-1.5125, 2.3018, -4.1554)
(-1.662, 2.2835, -4.4936)
(-1.9163, 2.1656, -4.3543)
(1.2965, 1.6467, -4.5869)
(1.1935, 1.8088, -4.4928)
(0.9911, 2.0228, -4.309)
(0.7274, 2.1545, -4.2972)
(0.5125, 2.4663, -4.3016)
(0.2281, 2.4657, -4.1149)
(-0.0266, 2.4748, -4.137)
(-0.307, 2.4636, -3.9536)
(-0.518, 2.4131, -4.1785)
(-0.8401, 2.4319, -4.21)
(-1.0852, 2.5632, -4.4928)
(-1.3958, 2.4355, -4.5104)
(-1.5864, 2.5639, -4.7147)
(-1.8106, 2.3395, -4.7389)
(-0.5952, 2.1405, 4.179)
(-0.8639, 2.4659, 4.0644)
(-0.906, 2.2497, 4.1248)
(-1.1638, 3.0147, 3.89)
(-1.2086, 2.6443, 3.9958)
(-1.448, 3.5897, 3.617)
(-1.5055, 3.2381, 3.7805)
(-1.7289, 4.1305, 3.2842)
(-1.7818, 3.8041, 3.473)
(-2.0024, 4.6599, 2.9641)
(-2.0552, 4.3477, 3.1296)
(-2.1968, 5.125, 2.5084)
(-2.2704, 4.8198, 2.6767)
(-2.3349, 5.7264, 2.2101)
(-2.4237, 5.3274, 2.2683)
(-2.5875, 6.0007, 2.0737)
(2.8784, -6.0793, 1.8864)
(2.6186, -4.9151, 1.2999)
(2.7272, -4.8679, 1.1139)
(2.6307, -5.0049, 0.8094)
(2.5669, -5.2347, 0.8745)
(2.5955, -5.5242, 1.2205)
(2.5972, -5.861, 1.5983)
(0.8798, -1.8297, 3.8086)
(1.1925, -2.2893, 3.6447)
(1.4938, -2.8836, 3.4724)
(1.74, -3.5061, 3.3031)
(1.9626, -4.1232, 3.1235)
(2.1528, -4.4967, 2.7473)
(2.3268, -4.8348, 2.2911)
(2.5142, -5.3906, 1.9246)
(0.384, -1.822, 3.4656)
(0.7, -2.3963, 3.3094)
(0.9989, -3.0127, 3.1462)
(1.2701, -3.62, 2.9633)
(1.5283, -4.2143, 2.7556)
(1.8363, -4.565, 2.4086)
(2.1651, -4.74, 1.9631)
(2.4456, -5.0994, 1.5556)
(-0.8618, -0.7574, 2.9889)
(-0.4401, -1.2919, 3.0558)
(-0.0793, -1.8948, 3.0625)
(0.214, -2.5549, 2.9707)
(0.5199, -3.1653, 2.8098)
(0.8351, -3.7276, 2.5737)
(1.1588, -4.2603, 2.3001)
(1.5434, -4.7043, 1.9857)
(2.0099, -4.9414, 1.6644)
(2.3736, -5.0466, 1.2725)
(-1.0691, -0.8835, 2.5434)
(-0.7028, -1.4537, 2.5517)
(-0.4572, -2.0839, 2.5891)
(-0.2073, -2.7129, 2.5627)
(0.1589, -3.2439, 2.3902)
(0.5691, -3.7006, 2.1293)
(1.0087, -4.1152, 1.8431)
(1.434, -4.5255, 1.5306)
(1.9152, -4.8479, 1.4023)
(2.3549, -4.9257, 1.1999)
(-1.3314, -1.0509, 2.0101)
(-0.9677, -1.6317, 2.0149)
(-0.7374, -2.2614, 2.069)
(-0.4206, -2.7803, 2.0447)
(0.1068, -3.1006, 1.9067)
(0.6643, -3.3929, 1.7519)
(1.1574, -3.7205, 1.4915)
(1.5843, -4.0917, 1.179)
(2.0496, -4.3791, 1.2038)
(2.4507, -4.6111, 1.3002)
(-1.6016, -1.2359, 1.4882)
(-1.2196, -1.8112, 1.4889)
(-0.9094, -2.4161, 1.5109)
(-0.4901, -2.8877, 1.4831)
(0.1323, -3.0756, 1.4168)
(0.787, -3.1798, 1.3624)
(1.3663, -3.3444, 1.1981)
(1.8314, -3.676, 1.0635)
(2.2762, -4.061, 1.1308)
(2.5424, -4.4949, 1.2741)
(-1.8512, -1.4185, 0.9607)
(-1.4422, -1.9862, 0.9538)
(-1.0465, -2.5615, 0.9396)
(-0.5577, -3.016, 0.9043)
(0.0746, -3.1426, 0.8545)
(0.7428, -3.0736, 0.8161)
(1.3681, -3.0228, 0.7886)
(-2.0225, -1.5499, 0.3955)
(-1.5804, -2.0892, 0.3827)
(-1.1279, -2.6186, 0.3507)
(-0.5823, -2.983, 0.3062)
(0.0507, -3.0033, 0.2789)
(0.6849, -2.8558, 0.2734)
(1.2322, -2.7541, 0.2791)
(-2.1392, -1.6553, -0.1927)
(-1.6654, -2.1574, -0.2095)
(-1.1517, -2.6062, -0.2512)
(-0.5708, -2.889, -0.2927)
(0.0407, -2.868, -0.2981)
(0.6406, -2.6836, -0.2871)
(1.1668, -2.5639, -0.2827)
(-2.2363, -1.7636, -0.7837)
(-1.7353, -2.2302, -0.8002)
(-1.1566, -2.5764, -0.8459)
(-0.5468, -2.8055, -0.8906)
(0.0511, -2.8134, -0.8947)
(0.6251, -2.5932, -0.8739)
(1.1236, -2.4097, -0.8642)
(-2.2937, -1.8516, -1.383)
(-1.7598, -2.2655, -1.3964)
(-1.1312, -2.5008, -1.4374)
(-0.5124, -2.7003, -1.4873)
(0.0779, -2.7635, -1.4996)
(0.6302, -2.5206, -1.4762)
(1.0963, -2.2717, -1.4647)
(-2.3172, -1.9247, -1.9863)
(-1.7622, -2.301, -1.9934)
(-1.1125, -2.4403, -2.0303)
(-0.4882, -2.5929, -2.0875)
(0.1131, -2.6975, -2.1067)
(0.6442, -2.4258, -2.0817)
(1.0576, -2.091, -2.0635)
(-2.3162, -1.988, -2.5902)
(-1.7397, -2.3174, -2.5892)
(-1.092, -2.332, -2.6094)
(-0.4665, -2.3534, -2.6095)
(0.1597, -2.4407, -2.5712)
(0.708, -2.2563, -2.6227)
(1.1141, -1.9766, -2.6798)
(-2.2942, -2.0429, -3.1927)
(-1.6875, -2.3171, -3.1851)
(-1.0297, -2.2817, -3.1768)
(-0.3886, -2.2045, -3.1208)
(0.2537, -2.23, -3.0508)
(0.8373, -2.155, -3.1816)
(1.2855, -1.9844, -3.309)
(-2.2532, -2.0989, -3.7919)
(-1.6227, -2.314, -3.7799)
(-0.936, -2.293, -3.7602)
(-0.2774, -2.2253, -3.7242)
(0.3793, -2.2251, -3.6713)
(1.0066, -2.2783, -3.6825)
(1.4901, -2.2369, -3.6675)
(-2.1731, -2.1245, -4.3826)
(-1.5626, -2.3657, -4.3662)
(-0.8714, -2.395, -4.3244)
(-0.1954, -2.3763, -4.2725)
(0.4837, -2.3775, -4.2)
(1.1249, -2.3752, -4.0848)
(1.6189, -2.2984, -3.9385)
(-2.0401, -2.0558, -4.9522)
(-1.4896, -2.3847, -4.9474)
(-0.8099, -2.4819, -4.8806)
(-0.1179, -2.4995, -4.7951)
(0.569, -2.4669, -4.7024)
(1.2109, -2.3081, -4.5791)
(1.7257, -2.1089, -4.44)
(-1.9071, -1.9327, -5.4255)
(-1.4113, -2.2863, -5.4362)
(-0.7337, -2.3715, -5.3634)
(-0.0439, -2.388, -5.2758)
(0.6431, -2.35, -5.1766)
(1.3157, -2.2507, -5.0514)
(1.8604, -2.116, -4.9163)
(1.2921, -1.8026, 4.0442)
(1.6176, -2.203, 3.9276)
(1.9302, -2.7807, 3.7284)
(2.1844, -3.3781, 3.489)
(2.388, -3.9824, 3.236)
(2.5134, -4.5237, 2.8801)
(2.629, -5.0351, 2.4888)
(2.8117, -5.6168, 2.1683)
(3.4378, -6.1588, 2.0934)
(2.8253, -4.7827, 1.032)
(3.1848, -4.9164, 0.8769)
(3.6783, -5.1166, 0.9317)
(4.0745, -5.4016, 1.2206)
(4.1838, -5.7211, 1.6368)
(3.8732, -6.0031, 1.97)
(2.1885, -1.3277, 4.0892)
(2.4741, -1.8399, 3.9751)
(2.778, -2.4443, 3.765)
(3.0136, -3.0538, 3.4712)
(3.2087, -3.6653, 3.1499)
(3.3869, -4.2929, 2.8078)
(3.5507, -4.8851, 2.4803)
(3.7173, -5.4877, 2.2097)
(2.46, -0.9472, 3.775)
(2.8252, -1.5232, 3.6298)
(3.1335, -2.1432, 3.403)
(3.3373, -2.7658, 3.1069)
(3.5044, -3.3923, 2.7962)
(3.6888, -4.0194, 2.4543)
(3.841, -4.6269, 2.1351)
(4.0237, -5.2383, 1.8918)
(1.8729, 0.5797, 3.3268)
(2.2272, -0.0122, 3.3481)
(2.6023, -0.6267, 3.2825)
(2.9717, -1.2531, 3.1088)
(3.2284, -1.8804, 2.878)
(3.3712, -2.5052, 2.5826)
(3.4894, -3.1203, 2.2569)
(3.5933, -3.7424, 1.9305)
(3.6987, -4.3699, 1.6652)
(3.8959, -4.9879, 1.4771)
(2.0452, 0.7353, 2.8834)
(2.3439, 0.1394, 2.8021)
(2.6891, -0.4484, 2.6847)
(2.947, -1.0669, 2.5324)
(3.0527, -1.7077, 2.3435)
(3.11, -2.3398, 2.0972)
(3.2068, -2.9387, 1.7836)
(3.2456, -3.5444, 1.5126)
(3.3, -4.1856, 1.3427)
(3.4755, -4.8267, 1.1748)
(2.184, 0.9076, 2.3152)
(2.3627, 0.2778, 2.2009)
(2.65, -0.3252, 2.0797)
(2.7794, -0.953, 1.9685)
(2.6988, -1.6091, 1.8777)
(2.6464, -2.2551, 1.7252)
(2.7052, -2.8685, 1.4538)
(2.7337, -3.4755, 1.215)
(2.8047, -4.0919, 1.1834)
(2.9926, -4.7065, 1.1257)
(2.2677, 1.0548, 1.7219)
(2.3184, 0.4036, 1.6137)
(2.4951, -0.2356, 1.5008)
(2.5205, -0.8773, 1.4262)
(2.3264, -1.5282, 1.4152)
(2.1842, -2.1798, 1.3513)
(2.1619, -2.8377, 1.1877)
(2.2351, -3.475, 1.096)
(2.4877, -4.0111, 1.1466)
(2.7146, -4.5499, 1.1978)
(2.3584, 1.1699, 1.1226)
(2.3013, 0.5113, 1.0307)
(2.2918, -0.1473, 0.9479)
(2.2309, -0.8012, 0.9022)
(2.0439, -1.449, 0.894)
(1.8666, -2.0922, 0.8702)
(1.7409, -2.7025, 0.8122)
(2.4706, 1.2355, 0.5242)
(2.4091, 0.58, 0.4491)
(2.2544, -0.0803, 0.3842)
(2.1235, -0.7424, 0.3481)
(1.9798, -1.3878, 0.3269)
(1.8018, -2.0113, 0.3108)
(1.5884, -2.5141, 0.2933)
(2.5648, 1.2666, -0.0777)
(2.57, 0.6081, -0.1366)
(2.4052, -0.0579, -0.1987)
(2.2464, -0.7118, -0.2369)
(2.0894, -1.3391, -0.2569)
(1.8712, -1.9313, -0.2705)
(1.5734, -2.372, -0.2809)
(2.617, 1.3071, -0.6847)
(2.651, 0.645, -0.7375)
(2.5072, -0.027, -0.7902)
(2.3442, -0.6738, -0.8263)
(2.1686, -1.2844, -0.8476)
(1.9042, -1.8446, -0.8591)
(1.5502, -2.2328, -0.8639)
(2.599, 1.3672, -1.2886)
(2.6066, 0.7083, -1.3401)
(2.447, 0.0416, -1.3838)
(2.3048, -0.6022, -1.4179)
(2.1711, -1.2111, -1.4375)
(1.8736, -1.7136, -1.4272)
(1.4958, -2.0631, -1.4355)
(2.489, 1.4413, -1.8775)
(2.442, 0.7869, -1.9179)
(2.2631, 0.1273, -1.9535)
(2.084, -0.4827, -1.9121)
(1.9256, -1.0354, -1.7884)
(1.6802, -1.4764, -1.8145)
(1.3886, -1.823, -1.9677)
(2.3069, 1.5121, -2.4372)
(2.2146, 0.8525, -2.4638)
(2.0384, 0.1827, -2.5014)
(1.8393, -0.4042, -2.3809)
(1.6654, -0.9144, -2.1047)
(1.5628, -1.3378, -2.2314)
(1.4289, -1.6766, -2.596)
(2.2371, 1.423, -2.8925)
(2.3087, 0.829, -2.9096)
(2.1693, 0.1494, -2.9081)
(1.9582, -0.4655, -2.8102)
(1.7364, -1.0095, -2.6329)
(1.6851, -1.4068, -2.8563)
(1.627, -1.699, -3.2482)
(2.2623, 1.3034, -3.3662)
(2.5404, 0.7415, -3.3744)
(2.5245, 0.0683, -3.308)
(2.3297, -0.5762, -3.2198)
(2.005, -1.1373, -3.1716)
(1.8967, -1.6095, -3.3003)
(1.8422, -1.9827, -3.5161)
(2.2041, 1.2939, -3.9481)
(2.4536, 0.6756, -3.9268)
(2.4514, 0.0588, -3.7543)
(2.3684, -0.5407, -3.6416)
(2.2816, -1.1127, -3.5992)
(2.1877, -1.6714, -3.5899)
(2.0028, -2.0926, -3.7458)
(1.987, 1.2678, -4.4487)
(2.1003, 0.6671, -4.2689)
(2.177, 0.1371, -4.0621)
(2.368, -0.374, -3.9876)
(2.4632, -0.9205, -3.9252)
(2.3336, -1.474, -4.0071)
(2.1046, -1.8906, -4.2571)
(1.6559, 1.2995, -4.6428)
(1.8243, 0.787, -4.3682)
(2.1827, 0.3048, -4.2825)
(2.4853, -0.2007, -4.2171)
(2.4919, -0.7694, -4.1999)
(2.4372, -1.3723, -4.3546)
(2.3476, -1.8529, -4.567)
(1.8236, -1.5965, 4.2013)
(2.0401, -2.0795, 4.0746)
(2.3385, -2.6704, 3.8697)
(2.579, -3.2624, 3.5734)
(2.7628, -3.8548, 3.2334)
(2.8908, -4.4741, 2.8777)
(3.0522, -5.0978, 2.5316)
(3.2493, -5.7034, 2.2589)
(-2.8909, 6.4259, 1.7448)
(-2.1518, 5.019, 0.8937)
(-2.197, 5.2704, 0.646)
(-2.4639, 5.4773, 0.3118)
(-2.8358, 5.661, 0.382)
(-3.0072, 5.9396, 0.8373)
(-3.0276, 6.2469, 1.3464)
(-1.4657, 1.7611, 3.7742)
(-1.7035, 2.2754, 3.6014)
(-1.9251, 2.8717, 3.3099)
(-2.1024, 3.4509, 2.9493)
(-2.3004, 4.0123, 2.5692)
(-2.5178, 4.5919, 2.1715)
(-2.721, 5.1779, 1.821)
(-2.906, 5.7546, 1.5668)
(-1.6627, 1.3757, 3.3858)
(-1.9086, 1.9607, 3.1529)
(-2.0598, 2.5689, 2.8283)
(-2.1516, 3.1518, 2.4547)
(-2.2518, 3.725, 2.0637)
(-2.4017, 4.3187, 1.6928)
(-2.5797, 4.9219, 1.3751)
(-2.7986, 5.4843, 1.0892)
(-1.2512, -0.1906, 2.9782)
(-1.5625, 0.4113, 3.0039)
(-1.8521, 1.048, 2.9107)
(-2.1079, 1.6857, 2.667)
(-2.2738, 2.3076, 2.3936)
(-2.381, 2.9095, 2.0827)
(-2.4518, 3.4997, 1.7206)
(-2.5261, 4.0962, 1.3615)
(-2.6197, 4.6954, 1.0194)
(-2.7387, 5.2279, 0.6527)
(-1.4761, -0.3301, 2.5467)
(-1.8613, 0.2303, 2.5312)
(-2.2052, 0.8212, 2.4535)
(-2.4857, 1.4418, 2.2947)
(-2.6808, 2.0638, 2.0713)
(-2.7707, 2.6684, 1.7682)
(-2.7838, 3.2535, 1.4019)
(-2.7789, 3.833, 1.027)
(-2.7032, 4.4095, 0.7187)
(-2.5694, 4.9758, 0.4637)
(-1.7511, -0.5034, 2.0224)
(-2.1741, 0.0416, 2.0274)
(-2.5584, 0.6102, 2.008)
(-2.7305, 1.2143, 1.9215)
(-2.7122, 1.8404, 1.749)
(-2.6534, 2.4631, 1.4959)
(-2.5771, 3.0495, 1.149)
(-2.5047, 3.6257, 0.7863)
(-2.3614, 4.2078, 0.6836)
(-2.1916, 4.814, 0.7179)
(-2.0181, -0.6812, 1.4947)
(-2.4423, -0.1322, 1.5001)
(-2.8024, 0.4494, 1.4774)
(-2.8138, 1.0677, 1.3936)
(-2.548, 1.6929, 1.2874)
(-2.2959, 2.3178, 1.1684)
(-2.0735, 2.9297, 0.9729)
(-1.9719, 3.5528, 0.7436)
(-1.9585, 4.1192, 0.8514)
(-2.009, 4.6589, 1.0396)
(-2.2656, -0.8534, 0.9584)
(-2.6838, -0.2883, 0.9532)
(-2.9764, 0.328, 0.9058)
(-2.8912, 0.9697, 0.8073)
(-2.5355, 1.5686, 0.7129)
(-2.1644, 2.1488, 0.6352)
(-1.8313, 2.7041, 0.5648)
(-2.4473, -0.9962, 0.3921)
(-2.8354, -0.4174, 0.3736)
(-3.0259, 0.2211, 0.31)
(-2.8509, 0.8522, 0.2153)
(-2.484, 1.4211, 0.1366)
(-2.1262, 1.9792, 0.0714)
(-1.825, 2.4559, 0.018)
(-2.5672, -1.1134, -0.1985)
(-2.909, -0.5201, -0.2294)
(-3.0194, 0.129, -0.297)
(-2.8167, 0.7443, -0.3782)
(-2.48, 1.2944, -0.4445)
(-2.1483, 1.836, -0.5015)
(-1.8449, 2.282, -0.5535)
(-2.6553, -1.2188, -0.7969)
(-2.9629, -0.6102, -0.8369)
(-3.0464, 0.0476, -0.9048)
(-2.8692, 0.6712, -0.9759)
(-2.5696, 1.2263, -1.0335)
(-2.2234, 1.7397, -1.0854)
(-1.868, 2.1291, -1.1354)
(-2.71, -1.3091, -1.4015)
(-2.9933, -0.6907, -1.4466)
(-3.0675, -0.0247, -1.5135)
(-2.9342, 0.6178, -1.578)
(-2.6694, 1.1883, -1.6319)
(-2.2782, 1.6575, -1.6787)
(-1.8555, 1.9678, -1.7244)
(-2.7395, -1.3902, -2.0086)
(-3.0094, -0.7683, -2.0557)
(-3.0706, -0.0967, -2.1215)
(-2.9395, 0.5553, -2.184)
(-2.6344, 1.1092, -2.2261)
(-2.1461, 1.4843, -2.2137)
(-1.7373, 1.73, -2.2655)
(-2.7559, -1.472, -2.6148)
(-3.0279, -0.8533, -2.6609)
(-3.1003, -0.1827, -2.7168)
(-2.9037, 0.4153, -2.743)
(-2.4597, 0.854, -2.6974)
(-1.9715, 1.1934, -2.6332)
(-1.6904, 1.4713, -2.8093)
(-2.7587, -1.5616, -3.2174)
(-2.9859, -0.9454, -3.248)
(-2.9858, -0.2824, -3.2483)
(-2.7892, 0.3084, -3.2432)
(-2.3489, 0.6879, -3.1471)
(-1.93, 1.0611, -3.1129)
(-1.7113, 1.4656, -3.3901)
(-2.6671, -1.6265, -3.7938)
(-2.7195, -1.0207, -3.7133)
(-2.572, -0.4217, -3.5239)
(-2.4437, 0.1867, -3.4778)
(-2.2701, 0.6991, -3.5405)
(-2.0924, 1.2075, -3.5449)
(-1.9211, 1.7034, -3.609)
(-2.4141, -1.6394, -4.2899)
(-2.2452, -1.0805, -4.0327)
(-2.136, -0.5341, -3.7644)
(-2.1312, 0.0734, -3.7513)
(-2.1031, 0.7193, -3.9146)
(-2.172, 1.368, -3.925)
(-2.122, 1.8856, -3.8228)
(-2.1203, -1.5572, -4.7644)
(-1.8805, -1.0302, -4.4324)
(-1.97, -0.5014, -4.2506)
(-2.1825, 0.0896, -4.2982)
(-2.159, 0.7627, -4.4085)
(-2.1337, 1.4236, -4.4409)
(-2.0399, 1.9478, -4.3946)
(-1.9138, -1.4104, -5.2049)
(-1.7269, -0.8792, -4.8766)
(-1.9724, -0.4146, -4.7293)
(-2.3172, 0.0867, -4.7659)
(-2.3294, 0.7547, -4.8544)
(-2.1739, 1.4168, -4.9104)
(-1.9677, 1.9444, -4.8845)
(-1.2014, 2.0517, 4.0329)
(-1.3948, 2.5414, 3.8925)
(-1.665, 3.1337, 3.6473)
(-1.9179, 3.7062, 3.3207)
(-2.1847, 4.2576, 2.9696)
(-2.3922, 4.7987, 2.5594)
(-2.5581, 5.3624, 2.184)
(-2.7489, 5.9611, 1.9498)
(-2.4917, 6.6079, 1.9616)
(-2.2227, 5.069, 0.9276)
(-2.0985, 5.3996, 0.7543)
(-1.8087, 5.9016, 0.704)
(-1.5985, 6.419, 0.9361)
(-1.6979, 6.7746, 1.3455)
(-2.0933, 6.7814, 1.7541)
(-0.2775, 2.3357, 4.0112)
(-0.5487, 2.8366, 3.8579)
(-0.8426, 3.4238, 3.6284)
(-1.124, 3.9822, 3.3187)
(-1.4106, 4.5328, 3.0292)
(-1.6667, 5.0758, 2.6949)
(-1.8473, 5.6515, 2.3145)
(-1.9761, 6.2842, 2.0081)
(0.2306, 2.2862, 3.7196)
(-0.0775, 2.8594, 3.5187)
(-0.3846, 3.4455, 3.272)
(-0.6769, 4.0005, 2.9715)
(-0.9238, 4.5703, 2.691)
(-1.1755, 5.1586, 2.3777)
(-1.431, 5.7554, 1.9987)
(-1.5764, 6.3446, 1.646)
(1.4684, 1.1418, 3.3363)
(1.0163, 1.6616, 3.3565)
(0.5961, 2.2176, 3.2425)
(0.2186, 2.7897, 3.0182)
(-0.1378, 3.319, 2.7632)
(-0.4502, 3.8332, 2.4595)
(-0.6583, 4.3936, 2.1922)
(-0.9241, 4.9572, 1.9033)
(-1.2559, 5.4698, 1.5726)
(-1.467, 6.0042, 1.2672)
(1.6725, 1.2734, 2.8945)
(1.1858, 1.7122, 2.8024)
(0.7539, 2.1907, 2.6336)
(0.3154, 2.6659, 2.4414)
(-0.1551, 3.0806, 2.2424)
(-0.4319, 3.5438, 1.9574)
(-0.6304, 4.0445, 1.7172)
(-0.9722, 4.5228, 1.5087)
(-1.3131, 4.9974, 1.2701)
(-1.6121, 5.4997, 1.0363)
(1.8658, 1.4118, 2.3288)
(1.2944, 1.7154, 2.202)
(0.7987, 2.0897, 2.0242)
(0.3021, 2.4893, 1.8647)
(-0.2806, 2.7917, 1.7424)
(-0.5675, 3.2071, 1.4951)
(-0.8215, 3.6499, 1.3219)
(-1.2291, 4.0689, 1.1942)
(-1.5328, 4.5809, 1.0734)
(-1.8496, 5.0481, 1.0146)
(1.9908, 1.524, 1.7343)
(1.3761, 1.6896, 1.6099)
(0.8167, 1.9288, 1.4391)
(0.265, 2.2705, 1.2981)
(-0.3641, 2.5025, 1.2188)
(-0.7656, 2.8726, 1.0256)
(-1.1449, 3.2809, 0.9236)
(-1.543, 3.7178, 0.8572)
(-1.7124, 4.2342, 0.9397)
(-1.9602, 4.7018, 1.108)
(2.0781, 1.6334, 1.1313)
(1.4495, 1.7397, 1.0195)
(0.8227, 1.8063, 0.8711)
(0.2119, 2.0225, 0.748)
(-0.4215, 2.233, 0.6803)
(-0.9319, 2.5522, 0.5557)
(-1.386, 2.8889, 0.4989)
(2.141, 1.7165, 0.524)
(1.5092, 1.8732, 0.4325)
(0.8424, 1.856, 0.306)
(0.1911, 1.8884, 0.1899)
(-0.4396, 2.0331, 0.1196)
(-1.0195, 2.2852, 0.0527)
(-1.4863, 2.5605, 0.0044)
(2.1826, 1.7508, -0.0862)
(1.5498, 1.9639, -0.1625)
(0.8811, 2.0168, -0.2677)
(0.2277, 1.9892, -0.3812)
(-0.4015, 2.0057, -0.4619)
(-1.0104, 2.1417, -0.5099)
(-1.5023, 2.3548, -0.5528)
(2.2139, 1.7473, -0.6916)
(1.5698, 1.9315, -0.7632)
(0.9076, 2.0604, -0.8531)
(0.2691, 2.1365, -0.9517)
(-0.3462, 2.1359, -1.0408)
(-0.9594, 2.1518, -1.0988)
(-1.4756, 2.2339, -1.1365)
(2.2042, 1.6928, -1.276)
(1.5489, 1.7432, -1.3247)
(0.8954, 1.889, -1.4178)
(0.285, 2.1044, -1.5266)
(-0.3173, 2.2291, -1.6259)
(-0.931, 2.2187, -1.6956)
(-1.4407, 2.1417, -1.7275)
(2.1219, 1.7425, -1.8307)
(1.4891, 1.6505, -1.8585)
(0.8479, 1.6293, -1.9471)
(0.2326, 1.8036, -1.979)
(-0.3411, 1.974, -2.0494)
(-0.9151, 1.9753, -2.1528)
(-1.3995, 1.8842, -2.2428)
(1.9999, 1.9139, -2.3742)
(1.4061, 1.8257, -2.3925)
(0.7763, 1.6281, -2.4759)
(0.1505, 1.6576, -2.4092)
(-0.3799, 1.7717, -2.4377)
(-0.9242, 1.7522, -2.5977)
(-1.4077, 1.6336, -2.7668)
(1.8236, 1.836, -2.8449)
(1.2414, 1.9919, -2.8511)
(0.6127, 1.9313, -2.938)
(0.0248, 1.9424, -2.8569)
(-0.4392, 1.991, -2.8991)
(-0.9619, 1.8772, -3.1292)
(-1.4337, 1.6833, -3.3074)
(1.7517, 1.7491, -3.3216)
(1.1957, 2.1415, -3.2975)
(0.5721, 2.299, -3.3071)
(-0.0462, 2.3436, -3.2138)
(-0.5866, 2.3454, -3.1927)
(-1.1552, 2.1831, -3.3433)
(-1.6341, 1.9698, -3.4898)
(1.7676, 1.8142, -3.8954)
(1.2364, 2.1319, -3.7645)
(0.6224, 2.2439, -3.5925)
(-0.0501, 2.2988, -3.4935)
(-0.7242, 2.328, -3.4455)
(-1.3487, 2.338, -3.541)
(-1.8198, 2.2182, -3.7131)
(1.6272, 1.7554, -4.4402)
(1.0714, 1.9622, -4.2162)
(0.5238, 2.108, -3.9164)
(-0.064, 2.2849, -3.7323)
(-0.6925, 2.2918, -3.757)
(-1.2646, 2.2905, -4.0083)
(-1.7246, 2.2542, -4.265)
(1.4045, 1.6738, -4.6384)
(0.9648, 1.97, -4.3804)
(0.4829, 2.3389, -4.215)
(-0.0385, 2.4918, -4.0002)
(-0.5699, 2.4392, -4.0444)
(-1.1257, 2.4384, -4.3708)
(-1.6197, 2.4007, -4.6301)
(-0.7265, 2.2837, 4.1258)
(-1.0126, 2.723, 3.9872)
(-1.308, 3.3065, 3.7652)
(-1.5877, 3.8614, 3.4493)
(-1.8707, 4.402, 3.1343)
(-2.1097, 4.8889, 2.7374)
(-2.2682, 5.4077, 2.3382)
(-2.4055, 6.0661, 2.1093)
