(-0.8677, 0.729, -6.1489)
(-0.2268, 0.7385, -6.0868)
(0.4326, 0.8637, -5.911)
(1.0867, 1.0084, -5.7209)
(1.7264, 1.1763, -5.4959)
(-0.9101, 0.4052, -5.8523)
(-0.2495, 0.4075, -5.7998)
(2.2962, 1.3627, -5.2248)
(0.4154, 0.5251, -5.6346)
(2.6124, 1.4747, -4.9542)
(1.0619, 0.6834, -5.4314)
(1.6691, 0.8957, -5.1753)
(2.1971, 1.1315, -4.875)
(2.5983, 1.3559, -4.6275)
(-0.9797, 0.0318, -5.4318)
(-0.3072, 0.0584, -5.3678)
(0.3533, 0.2008, -5.2003)
(1.0009, 0.3506, -5.0207)
(1.6207, 0.5353, -4.7972)
(2.0955, 0.7679, -4.4922)
(2.4081, 0.9813, -4.1801)
(-1.0602, -0.2709, -4.9248)
(-0.3983, -0.1534, -4.8319)
(0.2339, 0.0753, -4.6581)
(0.8376, 0.2537, -4.5018)
(1.4921, 0.3822, -4.333)
(2.0667, 0.4247, -4.2147)
(2.5244, 0.4218, -3.9642)
(-1.1249, -0.5672, -4.4074)
(-0.4658, -0.4818, -4.3455)
(0.1315, -0.2234, -4.1535)
(0.7328, -0.0611, -3.9859)
(1.3365, 0.128, -3.8692)
(1.8151, 0.416, -3.8746)
(2.1046, 0.7881, -3.7332)
(-1.1798, -0.8699, -3.89)
(-0.5324, -0.8023, -3.8522)
(0.03, -0.5225, -3.6756)
(0.6401, -0.4287, -3.5326)
(1.2225, -0.2358, -3.4039)
(1.6297, 0.1379, -3.3893)
(1.9293, 0.416, -3.2244)
(-1.2165, -1.1602, -3.3633)
(-0.5561, -1.1583, -3.3828)
(0.0645, -0.9684, -3.3174)
(0.6962, -0.9247, -3.3255)
(1.2415, -0.7061, -3.1784)
(1.5408, -0.2794, -2.9331)
(1.7468, 0.0604, -2.6987)
(-1.2337, -1.4245, -2.821)
(-0.5668, -1.4694, -2.8786)
(0.0914, -1.3742, -2.8781)
(0.7172, -1.3397, -2.9109)
(1.2375, -1.1022, -2.7532)
(1.5829, -0.7066, -2.4891)
(1.931, -0.4359, -2.3257)
(-1.2275, -1.674, -2.2715)
(-0.5696, -1.793, -2.3799)
(0.097, -1.7784, -2.4288)
(0.7176, -1.7252, -2.4352)
(1.2297, -1.4693, -2.2641)
(1.6378, -1.1135, -2.0288)
(2.0085, -0.8717, -1.8753)
(-1.192, -1.8925, -1.7099)
(-0.5559, -2.0929, -1.8671)
(0.0989, -2.1738, -1.9753)
(0.7178, -2.0955, -1.9572)
(1.2301, -1.8161, -1.7735)
(1.6949, -1.5005, -1.5692)
(2.0964, -1.2929, -1.4369)
(-1.129, -2.0837, -1.1391)
(-0.5162, -2.3459, -1.3271)
(0.11, -2.5331, -1.4898)
(0.7379, -2.4732, -1.4903)
(1.2755, -2.1915, -1.3201)
(1.7913, -1.9093, -1.1494)
(2.2108, -1.719, -1.025)
(-1.0494, -2.28, -0.5741)
(-0.4639, -2.6026, -0.7886)
(0.1357, -2.8753, -0.9918)
(0.7826, -2.8797, -1.0508)
(1.3741, -2.6213, -0.9291)
(1.9304, -2.3448, -0.7756)
(2.3445, -2.1379, -0.6163)
(-0.9063, -2.3727, 0.0052)
(-0.3563, -2.7327, -0.2136)
(0.1838, -3.0804, -0.4263)
(0.8163, -3.1714, -0.5406)
(1.4567, -2.9906, -0.4925)
(2.0859, -2.7889, -0.4449)
(2.7996, -2.5685, -0.3803)
(-0.7239, -2.4132, 0.5873)
(-0.2227, -2.8225, 0.3686)
(0.2242, -3.2361, 0.1549)
(0.8219, -3.3112, 0.0096)
(3.2645, -3.0703, -0.4736)
(1.4695, -3.2387, -0.035)
(2.0965, -3.2083, -0.1712)
(3.923, -3.1649, -0.6398)
(2.6201, -3.1655, -0.5055)
(4.1098, -3.7818, -0.8239)
(3.161, -3.2735, -0.7236)
(-0.5324, -2.4662, 1.1723)
(-0.0476, -2.8845, 0.9535)
(0.3458, -3.3639, 0.7202)
(4.1829, -4.0084, -0.9058)
(0.8643, -3.614, 0.4439)
(3.6549, -3.4762, -0.6078)
(1.4393, -3.688, 0.1517)
(2.0241, -3.7203, -0.1544)
(3.9721, -3.7779, -0.7221)
(2.5861, -3.7297, -0.503)
(4.2531, -3.8229, -0.9428)
(3.112, -3.7944, -0.8164)
(-0.3504, -2.5359, 1.7393)
(0.1682, -2.9191, 1.5459)
(0.629, -3.3701, 1.2625)
(3.6534, -3.8451, -0.7665)
(1.116, -3.7389, 0.9253)
(1.6179, -3.9766, 0.5318)
(4.0636, -3.7095, -0.9666)
(2.1242, -4.1352, 0.1104)
(-0.2006, -2.6024, 2.1904)
(4.3922, -3.6604, -1.2615)
(2.6445, -4.2334, -0.3103)
(3.1883, -4.2737, -0.6764)
(0.9986, -3.3041, 1.7604)
(0.4271, -2.9065, 2.2236)
(3.7103, -4.1884, -0.8634)
(1.4984, -3.6544, 1.3821)
(1.98, -3.9519, 0.9784)
(3.9581, -3.8946, -1.1994)
(2.4451, -4.2246, 0.5543)
(4.213, -3.7922, -1.5538)
(2.9082, -4.425, 0.125)
(3.3794, -4.3488, -0.2631)
(0.9991, -3.0981, 2.4838)
(1.4319, -3.2738, 2.1828)
(3.7939, -4.1279, -0.6167)
(1.9163, -3.5698, 1.82)
(2.3803, -3.9055, 1.4271)
(4.1526, -4.0876, -1.056)
(2.8125, -4.2556, 1.0198)
(4.375, -4.17, -1.4603)
(3.2128, -4.4695, 0.5947)
(3.5087, -4.2998, 0.1506)
(1.4522, -3.1419, 2.7963)
(1.851, -3.2557, 2.5703)
(3.854, -4.3493, -0.3528)
(2.3331, -3.5024, 2.2218)
(2.7963, -3.8059, 1.8092)
(4.1917, -4.525, -0.8906)
(3.216, -4.1458, 1.3832)
(1.8013, -3.1342, 2.8999)
(4.3519, -4.6747, -1.3276)
(3.5846, -4.4253, 0.9247)
(2.1548, -3.1616, 2.9097)
(2.6694, -3.4632, 2.5494)
(3.8252, -4.4848, 0.3628)
(3.1389, -3.7189, 2.0942)
(4.1598, -4.6578, -0.181)
(3.5466, -3.9495, 1.5722)
(3.8946, -4.2074, 1.023)
(4.4911, -4.8871, -0.7088)
(4.1711, -4.4657, 0.4332)
(4.6135, -5.054, -1.1334)
(4.4782, -4.7313, -0.07)
(4.8493, -5.1433, -0.9055)
(4.9104, -5.0634, -0.5902)
(1.1418, 3.6713, -3.0044)
(1.7004, 3.3605, -3.0977)
(2.2475, 3.0744, -3.2191)
(2.4363, 2.5364, -3.4306)
(2.7126, 2.1206, -3.861)
(1.4352, 3.632, -3.0403)
(1.7336, 3.1064, -3.0581)
(2.9899, 1.7024, -4.2354)
(2.1848, 2.7727, -3.1928)
(2.9346, 1.4941, -4.5659)
(2.5766, 2.3817, -3.337)
(2.6517, 1.9139, -3.649)
(2.7096, 1.5536, -4.1305)
(2.6119, 1.362, -4.614)
(1.79, 3.5909, -2.7437)
(2.0682, 3.0348, -2.8964)
(2.2066, 2.4822, -2.9804)
(2.4771, 2.0304, -3.2303)
(2.6624, 1.5394, -3.4257)
(2.6748, 1.1552, -3.8404)
(2.4234, 0.9874, -4.1684)
(1.9457, 3.4031, -2.2365)
(2.299, 2.8976, -2.4749)
(2.4481, 2.2872, -2.6917)
(2.4628, 1.704, -2.9701)
(2.406, 1.1963, -3.2586)
(2.555, 0.8095, -3.5865)
(2.5327, 0.433, -3.9478)
(1.9162, 3.1759, -1.7346)
(2.1509, 2.6552, -2.0265)
(2.2245, 2.0404, -2.3304)
(2.1547, 1.4287, -2.5745)
(2.1085, 0.9611, -2.8655)
(2.24, 0.895, -3.3379)
(2.1338, 0.7807, -3.7166)
(1.7168, 2.9863, -1.3496)
(1.8201, 2.4226, -1.7178)
(1.8662, 1.8335, -2.0593)
(1.8732, 1.2254, -2.1608)
(1.9199, 0.7234, -2.3162)
(2.0051, 0.6638, -2.8427)
(1.9645, 0.5262, -3.3044)
(1.8737, 2.7421, -0.8998)
(1.9433, 2.174, -1.2734)
(1.9852, 1.6061, -1.6216)
(1.9555, 1.0045, -1.7457)
(1.9714, 0.4938, -1.8959)
(1.9042, 0.2698, -2.3307)
(1.7784, 0.0304, -2.6727)
(2.0751, 2.4416, -0.4146)
(2.1777, 1.8859, -0.7945)
(2.2323, 1.3273, -1.1689)
(2.3233, 0.791, -1.4778)
(2.334, 0.2852, -1.7584)
(2.1062, -0.1229, -2.0205)
(1.9554, -0.44, -2.3213)
(2.1791, 2.1006, 0.0786)
(2.3203, 1.5563, -0.3087)
(2.3861, 0.9984, -0.6948)
(2.4559, 0.4628, -1.0488)
(2.455, -0.0593, -1.38)
(2.2863, -0.5374, -1.6633)
(2.0257, -0.8617, -1.871)
(2.1801, 1.7399, 0.572)
(2.3147, 1.201, 0.1785)
(2.3804, 0.6429, -0.2129)
(2.4382, 0.0987, -0.5716)
(2.4493, -0.4338, -0.9113)
(2.341, -0.9308, -1.2214)
(2.1126, -1.2804, -1.435)
(2.0923, 1.3747, 1.0525)
(2.1815, 0.8387, 0.6453)
(2.2496, 0.2828, 0.252)
(2.332, -0.2688, -0.1108)
(2.3906, -0.8128, -0.4555)
(2.3642, -1.3263, -0.7801)
(2.2275, -1.7073, -1.0236)
(1.9669, 0.9956, 1.5107)
(2.0719, 0.4707, 1.1003)
(2.2178, -0.0612, 0.7203)
(2.3029, -0.6178, 0.3555)
(2.3592, -1.1759, 0.0017)
(2.391, -1.7042, -0.3446)
(2.358, -2.1243, -0.6086)
(1.9027, 0.5893, 1.9535)
(2.1548, 0.1145, 1.554)
(2.4552, -0.3336, 1.1768)
(2.5345, -0.8889, 0.8201)
(2.5576, -1.466, 0.4644)
(2.6617, -1.9912, 0.0626)
(2.8188, -2.5583, -0.3801)
(1.9174, 0.1734, 2.3937)
(2.3115, -0.2235, 2.022)
(2.7086, -0.6085, 1.6546)
(2.8564, -1.1266, 1.2737)
(3.2765, -3.0649, -0.4362)
(2.9269, -1.6695, 0.8857)
(3.1146, -2.1116, 0.4205)
(3.9512, -3.1445, -0.6182)
(3.3688, -2.477, -0.0803)
(4.0865, -3.7976, -0.7598)
(3.6254, -2.9016, -0.4482)
(1.9323, -0.2632, 2.8207)
(2.4065, -0.6098, 2.4839)
(2.882, -0.9397, 2.1334)
(4.2038, -3.5141, -0.95)
(3.171, -1.3697, 1.7203)
(3.9997, -3.3515, -0.6116)
(3.3744, -1.8099, 1.2592)
(3.6198, -2.177, 0.7494)
(4.3338, -3.6346, -0.9169)
(3.8941, -2.4672, 0.2117)
(4.4563, -3.3699, -1.1282)
(4.0981, -2.8894, -0.2353)
(1.8873, -0.7048, 3.2057)
(2.4129, -1.0464, 2.931)
(2.9505, -1.3656, 2.5719)
(4.4467, -3.3213, -0.6063)
(3.4038, -1.7038, 2.1512)
(3.7429, -2.0439, 1.6531)
(4.7941, -3.5898, -0.9965)
(4.0423, -2.3594, 1.1129)
(1.7875, -1.0838, 3.4701)
(4.9843, -3.3388, -1.1474)
(4.3395, -2.6492, 0.5606)
(4.584, -3.0157, 0.041)
(2.9319, -1.8709, 2.9269)
(2.2464, -1.5818, 3.3597)
(4.9202, -3.3925, -0.4098)
(3.4734, -2.1723, 2.519)
(3.8952, -2.4746, 2.0223)
(5.2983, -3.6827, -0.8049)
(4.2377, -2.7759, 1.4716)
(5.5141, -3.6006, -1.1367)
(4.5791, -3.0705, 0.9104)
(4.9279, -3.3587, 0.3394)
(2.3903, -2.1652, 3.3517)
(2.832, -2.4238, 3.0992)
(5.2751, -3.686, -0.143)
(3.3383, -2.7182, 2.7229)
(3.796, -3.005, 2.2479)
(5.6743, -3.9693, -0.566)
(4.1896, -3.2906, 1.7169)
(5.8644, -4.0623, -0.9657)
(4.5837, -3.5802, 1.1826)
(4.961, -3.8468, 0.6114)
(2.2193, -2.6564, 3.3209)
(2.5567, -2.8998, 3.0677)
(5.2919, -4.134, 0.104)
(3.0266, -3.1923, 2.7083)
(3.4833, -3.4706, 2.2451)
(5.6629, -4.4346, -0.3767)
(3.8781, -3.7286, 1.7093)
(2.1073, -2.9482, 3.1765)
(5.9097, -4.5915, -0.7644)
(4.2396, -3.9948, 1.147)
(2.1931, -3.1583, 2.9283)
(2.7022, -3.4673, 2.5714)
(4.5861, -4.2816, 0.5654)
(3.1576, -3.7218, 2.1064)
(4.9588, -4.5407, 0.0601)
(3.5524, -3.9646, 1.5856)
(3.901, -4.2255, 1.0362)
(5.309, -4.8486, -0.4042)
(4.1661, -4.5184, 0.4267)
(5.6029, -5.0221, -0.7277)
(4.6103, -4.8256, -0.1918)
(5.2916, -5.1792, -0.6773)
(4.9868, -5.1203, -0.5919)
(-1.2708, 1.0146, -5.8504)
(-1.2618, 1.3158, -5.2943)
(-1.4687, 1.5976, -4.8247)
(-2.0136, 1.7522, -4.7094)
(-2.3743, 2.2273, -4.5055)
(-2.5054, 2.8435, -4.2342)
(-1.3695, 0.6516, -5.5997)
(-1.3625, 0.9588, -5.0587)
(-1.4791, 1.2703, -4.5493)
(-2.4863, 3.4083, -3.9044)
(-1.9678, 1.5411, -4.3399)
(-2.4666, 3.7156, -3.6028)
(-2.3077, 2.0526, -4.124)
(-2.4578, 2.6633, -3.8582)
(-2.5512, 3.2029, -3.5407)
(-2.4738, 3.6163, -3.2703)
(-1.513, 0.2214, -5.2647)
(-1.5807, 0.5469, -4.769)
(-1.5822, 0.8766, -4.2194)
(-1.8922, 1.2549, -3.8845)
(-2.1165, 1.8464, -3.6747)
(-2.3247, 2.4359, -3.4238)
(-2.585, 2.8882, -3.0953)
(-2.5908, 3.2543, -2.7868)
(-1.6705, -0.1422, -4.8482)
(-1.9733, 0.238, -4.5106)
(-2.0048, 0.618, -3.9969)
(-2.0873, 1.0008, -3.5149)
(-2.2208, 1.567, -3.2934)
(-2.3873, 2.1002, -3.0929)
(-2.5698, 2.5589, -2.7467)
(-2.5965, 2.8349, -2.3473)
(-1.7701, -0.4255, -4.3398)
(-2.2581, -0.0588, -4.1358)
(-2.4799, 0.4357, -3.7932)
(-2.5689, 0.9466, -3.4)
(-2.5503, 1.4629, -3.1091)
(-2.2931, 1.8198, -2.7967)
(-2.2125, 2.347, -2.6137)
(-2.0633, 2.9669, -2.7098)
(-1.8142, -0.6773, -3.791)
(-2.3479, -0.3074, -3.6101)
(-2.714, 0.1985, -3.3572)
(-2.8746, 0.7486, -3.056)
(-2.675, 1.2207, -2.7287)
(-2.3093, 1.5766, -2.3794)
(-2.1235, 2.0235, -2.2038)
(-2.0687, 2.4274, -2.4804)
(-1.8367, -0.926, -3.2351)
(-2.3653, -0.542, -3.0465)
(-2.7431, -0.032, -2.8065)
(-2.9197, 0.5538, -2.5276)
(-2.8654, 1.1173, -2.2288)
(-2.5733, 1.5827, -1.927)
(-2.1976, 1.9252, -1.6899)
(-2.0721, 2.2926, -1.7019)
(-1.8454, -1.1712, -2.6759)
(-2.3728, -0.7837, -2.4826)
(-2.7584, -0.2782, -2.2466)
(-2.945, 0.3095, -1.9743)
(-2.9633, 0.8919, -1.6905)
(-2.8035, 1.4259, -1.4203)
(-2.4753, 1.8525, -1.1916)
(-2.1972, 2.182, -1.078)
(-1.8333, -1.4015, -2.1097)
(-2.3687, -1.0208, -1.9154)
(-2.772, -0.5287, -1.6856)
(-2.9466, 0.0559, -1.4184)
(-2.9288, 0.6337, -1.1402)
(-2.8046, 1.1826, -0.8726)
(-2.5745, 1.6718, -0.6358)
(-2.3282, 2.0272, -0.4778)
(-1.7938, -1.6062, -1.5346)
(-2.3441, -1.2421, -1.3417)
(-2.7713, -0.7707, -1.1192)
(-2.9303, -0.1863, -0.8593)
(-2.8502, 0.3943, -0.5905)
(-2.7231, 0.9532, -0.3214)
(-2.5705, 1.476, -0.0679)
(-2.397, 1.8725, 0.1125)
(-1.7271, -1.786, -0.9535)
(-2.2953, -1.4399, -0.7609)
(-2.766, -1.0021, -0.5476)
(-2.9548, -0.4226, -0.2983)
(-2.8535, 0.1755, -0.0327)
(-2.7086, 0.755, 0.2391)
(-2.5759, 1.3023, 0.5007)
(-2.462, 1.7222, 0.6971)
(-1.6328, -1.9478, -0.3727)
(-2.2134, -1.6049, -0.1755)
(-2.7516, -1.2154, 0.0273)
(-3.0331, -0.6604, 0.2578)
(-2.9489, -0.033, 0.522)
(-2.782, 0.5771, 0.7992)
(-2.6322, 1.1556, 1.0707)
(-2.5064, 1.5955, 1.2874)
(-1.4786, -2.0333, 0.212)
(-2.0598, -1.7025, 0.412)
(-2.627, -1.3525, 0.6119)
(-3.0133, -0.864, 0.8274)
(-3.0032, -0.2392, 1.0812)
(-2.8872, 0.3928, 1.3527)
(-2.7794, 1.0209, 1.6131)
(-2.6256, 1.7006, 1.9461)
(-1.2903, -2.0794, 0.7964)
(-1.8724, -1.7652, 0.9964)
(-2.4472, -1.438, 1.1932)
(-2.8987, -1.0159, 1.3962)
(-3.0026, -0.4289, 1.619)
(-2.9613, 2.297, 2.0997)
(-3.0649, 0.2061, 1.8351)
(-3.1372, 0.8655, 1.9716)
(-3.0999, 2.3483, 2.7887)
(-3.2328, 1.5387, 1.9899)
(-3.6626, 2.718, 2.905)
(-1.0954, -2.1329, 1.3817)
(-3.3647, 2.1443, 2.1137)
(-1.6713, -1.8117, 1.5801)
(-2.2323, -1.4635, 1.769)
(-2.7411, -1.0384, 1.9406)
(-3.6954, 2.9921, 2.7789)
(-3.1195, -0.5071, 2.0732)
(-3.4638, 2.5456, 2.5567)
(-3.3934, 0.1058, 2.1317)
(-3.5707, 0.7679, 2.1251)
(-3.6319, 2.994, 2.8144)
(-3.72, 1.4423, 2.0812)
(-3.8923, 3.1986, 2.7569)
(-3.8324, 2.1, 2.1001)
(-0.9114, -2.1949, 1.929)
(-1.4577, -1.8428, 2.1366)
(-1.9599, -1.4354, 2.3309)
(-2.4465, -0.9276, 2.4402)
(-3.8366, 2.6961, 2.3096)
(-2.8738, -0.3691, 2.5104)
(-3.2366, 0.2114, 2.5698)
(-3.894, 3.2592, 2.5319)
(-3.5149, 0.8407, 2.5663)
(-0.7873, -2.2466, 2.3152)
(-1.3003, -1.8749, 2.5881)
(-4.008, 3.6388, 2.7034)
(-3.7545, 1.492, 2.529)
(-3.989, 2.1404, 2.4972)
(-2.2718, -0.8886, 3.017)
(-1.6842, -1.4905, 2.9949)
(-4.181, 2.7785, 2.4712)
(-2.6592, -0.288, 3.0397)
(-2.9533, 0.3407, 3.0284)
(-4.3189, 3.3622, 2.4298)
(-3.2194, 0.9811, 2.9801)
(-4.4144, 3.7984, 2.5404)
(-3.4935, 1.6257, 2.9297)
(-3.8129, 2.2573, 2.9175)
(-1.8254, -1.2091, 3.5336)
(-2.2198, -0.8114, 3.6006)
(-4.1641, 2.8497, 2.9071)
(-2.6257, -0.2651, 3.6248)
(-2.9658, 0.3496, 3.5871)
(-4.5498, 3.3368, 2.8361)
(-3.2762, 0.9747, 3.5124)
(-4.8367, 3.7129, 2.8098)
(-3.6269, 1.588, 3.423)
(-4.0225, 2.201, 3.3593)
(-1.7425, -1.0152, 4.0298)
(-2.0627, -0.659, 4.1104)
(-4.3979, 2.7645, 3.3557)
(-2.4917, -0.163, 4.162)
(-2.902, 0.4101, 4.1376)
(-4.7538, 3.2844, 3.376)
(-3.3064, 0.9849, 4.0664)
(-1.7092, -0.8144, 4.3171)
(-5.0035, 3.7051, 3.367)
(-3.722, 1.5609, 3.9713)
(-1.7899, -0.5062, 4.4385)
(-2.2906, -0.0257, 4.5393)
(-4.0945, 2.1849, 3.8706)
(-2.7429, 0.5182, 4.5362)
(-4.4701, 2.7535, 3.8626)
(-3.1896, 1.0552, 4.4629)
(-3.6306, 1.5906, 4.3888)
(-4.8118, 3.2645, 3.921)
(-3.8843, 2.1907, 4.1598)
(-5.024, 3.6832, 3.9169)
(-4.2543, 2.7752, 4.1978)
(-4.8686, 3.5764, 4.2026)
(-4.6623, 3.3288, 4.3289)
(0.8185, 4.0593, -3.0647)
(0.4962, 4.0419, -2.6966)
(-0.0236, 4.2765, -2.4531)
(-0.6261, 4.3066, -2.3712)
(-1.052, 3.9581, -2.3818)
(-1.5719, 4.03, -2.6551)
(1.1123, 4.1151, -2.9533)
(0.5706, 4.1616, -2.7513)
(-0.003, 4.0475, -2.5009)
(-2.1524, 4.0784, -2.9268)
(-0.5673, 4.014, -2.2183)
(-2.4585, 3.9642, -3.1854)
(-1.1401, 3.8526, -2.1552)
(-1.6387, 3.7322, -2.4839)
(-2.134, 3.7197, -2.8627)
(-2.4708, 3.6267, -3.2517)
(1.3167, 3.9865, -2.5194)
(0.72, 4.1149, -2.3255)
(0.149, 3.9025, -2.149)
(-0.4659, 3.6959, -2.0408)
(-1.1191, 3.5318, -2.0707)
(-1.7367, 3.401, -2.2223)
(-2.261, 3.4258, -2.4878)
(-2.5848, 3.2641, -2.7689)
(1.3862, 3.7019, -2.0112)
(0.7585, 3.8991, -1.829)
(0.1192, 3.9357, -1.7177)
(-0.5229, 3.7726, -1.7254)
(-1.1459, 3.5735, -1.7296)
(-1.7189, 3.3625, -1.8627)
(-2.2171, 3.1454, -2.1511)
(-2.5975, 2.8464, -2.3277)
(1.3924, 3.4189, -1.5444)
(0.7467, 3.5427, -1.4392)
(0.1161, 3.5566, -1.4677)
(-0.4776, 3.3809, -1.615)
(-0.9899, 3.2303, -1.545)
(-1.398, 3.1279, -1.8603)
(-1.849, 2.9039, -2.1816)
(-2.0388, 2.813, -2.6151)
(1.438, 3.4035, -1.0606)
(0.8775, 3.4098, -0.9946)
(0.3672, 3.1597, -1.2372)
(-0.2144, 2.9134, -1.4154)
(-0.7514, 2.7688, -1.3878)
(-1.2373, 2.7481, -1.6069)
(-1.714, 2.5612, -1.9055)
(-2.0126, 2.3614, -2.3039)
(1.5952, 3.1521, -0.597)
(1.0515, 3.0457, -0.6146)
(0.541, 2.7532, -0.887)
(-0.0676, 2.5674, -1.0373)
(-0.6684, 2.4957, -1.0217)
(-1.205, 2.4732, -1.1914)
(-1.6879, 2.3194, -1.4077)
(-2.0513, 2.2515, -1.6674)
(1.7441, 2.8103, -0.1363)
(1.1923, 2.681, -0.2166)
(0.5668, 2.5415, -0.376)
(-0.0865, 2.5574, -0.4899)
(-0.7173, 2.625, -0.5477)
(-1.3154, 2.5715, -0.7009)
(-1.8304, 2.3852, -0.873)
(-2.1809, 2.1865, -1.0609)
(1.804, 2.4923, 0.3586)
(1.1924, 2.5158, 0.3246)
(0.524, 2.4695, 0.2073)
(-0.1355, 2.4643, 0.0873)
(-0.7517, 2.4327, -0.0417)
(-1.3287, 2.3001, -0.2192)
(-1.8808, 2.1537, -0.3589)
(-2.314, 2.0385, -0.4661)
(1.7888, 2.1516, 0.8566)
(1.1576, 2.2785, 0.8736)
(0.4865, 2.2491, 0.7566)
(-0.1564, 2.1612, 0.5849)
(-0.745, 2.0151, 0.378)
(-1.3349, 1.8905, 0.2237)
(-1.922, 1.8408, 0.1461)
(-2.3857, 1.886, 0.1252)
(1.7506, 1.8047, 1.3574)
(1.132, 1.9444, 1.3811)
(0.4791, 1.8753, 1.2218)
(-0.1373, 1.7254, 0.9858)
(-0.7516, 1.606, 0.8005)
(-1.3823, 1.5744, 0.7168)
(-1.9853, 1.6365, 0.6924)
(-2.4573, 1.7392, 0.7108)
(1.7031, 1.4358, 1.846)
(1.1131, 1.5526, 1.8479)
(0.4897, 1.4418, 1.6336)
(-0.1352, 1.3654, 1.4343)
(-0.7897, 1.3746, 1.3311)
(-1.4356, 1.4129, 1.2776)
(-2.0112, 1.5975, 1.2713)
(-2.4977, 1.6144, 1.3073)
(1.6542, 1.0205, 2.3042)
(1.0795, 1.1354, 2.2939)
(0.4634, 1.0822, 2.0914)
(-0.1584, 1.2262, 1.9924)
(-0.8261, 1.3023, 1.9262)
(-1.4593, 1.3747, 1.8674)
(-1.952, 1.7027, 1.8507)
(-2.6143, 1.719, 1.9728)
(1.601, 0.579, 2.7405)
(1.0165, 0.7486, 2.7572)
(0.3866, 0.8358, 2.626)
(-0.2045, 1.1091, 2.5853)
(-0.8598, 1.2371, 2.5288)
(-2.9581, 2.3368, 2.0788)
(-1.4591, 1.3949, 2.4702)
(-1.8214, 1.8333, 2.4389)
(-3.0393, 2.2951, 2.7936)
(-2.3628, 2.0378, 2.5175)
(-3.644, 2.7801, 2.9455)
(1.5068, 0.1106, 3.1371)
(-2.8123, 2.43, 2.5711)
(0.9157, 0.3571, 3.2114)
(0.3015, 0.5888, 3.1738)
(-0.2594, 0.9427, 3.1705)
(-3.8354, 2.996, 2.8407)
(-0.8813, 1.1747, 3.1261)
(-3.2303, 2.7043, 2.8664)
(-1.4298, 1.4548, 3.0689)
(-1.7183, 1.9529, 3.0242)
(-3.6446, 2.9749, 2.9354)
(-2.1925, 2.2734, 3.0682)
(-3.9299, 3.3255, 2.7911)
(-2.6845, 2.6498, 3.0467)
(1.3615, -0.3537, 3.4509)
(0.7792, -0.0527, 3.6111)
(0.1982, 0.2633, 3.6958)
(-0.3544, 0.689, 3.7224)
(-3.1487, 3.0541, 3.1088)
(-0.9159, 1.0746, 3.704)
(-1.4148, 1.4984, 3.6441)
(-3.5781, 3.4452, 3.0705)
(-1.8179, 1.9923, 3.5943)
(1.2353, -0.6849, 3.6539)
(0.6318, -0.399, 3.9021)
(-3.8391, 3.8504, 2.8999)
(-2.1975, 2.4969, 3.6238)
(-2.7063, 2.9431, 3.5527)
(-0.5923, 0.3785, 4.1882)
(0.0009, -0.2258, 4.1842)
(-3.1392, 3.3853, 3.5173)
(-1.1037, 0.8764, 4.2186)
(-1.5832, 1.3748, 4.1824)
(-3.5271, 3.8799, 3.4641)
(-2.0231, 1.8911, 4.1447)
(-3.7007, 4.3013, 3.2774)
(-2.41, 2.4455, 4.1713)
(-2.8944, 2.996, 4.0899)
(-0.5952, -0.3032, 4.4331)
(-1.0018, 0.0853, 4.4854)
(-3.3071, 3.5698, 4.0134)
(-1.4743, 0.5714, 4.5479)
(-1.94, 1.0961, 4.5434)
(-3.5917, 4.1226, 3.9708)
(-2.3884, 1.6251, 4.5052)
(-3.834, 4.4936, 3.8305)
(-2.8264, 2.1561, 4.4909)
(-3.2429, 2.7514, 4.4217)
(-1.0876, -0.5288, 4.5274)
(-1.4549, -0.2187, 4.5691)
(-3.615, 3.3857, 4.3825)
(-1.9169, 0.2387, 4.6331)
(-2.3765, 0.7622, 4.6247)
(-3.9115, 3.9699, 4.365)
(-2.8235, 1.285, 4.5568)
(-1.4382, -0.5992, 4.4963)
(-4.1616, 4.3493, 4.2902)
(-3.2698, 1.7871, 4.5238)
(-1.7705, -0.5035, 4.452)
(-2.2691, -0.0242, 4.5526)
(-3.6332, 2.3431, 4.3687)
(-2.7256, 0.5089, 4.5575)
(-3.9614, 2.959, 4.3667)
(-3.1669, 1.0499, 4.4802)
(-3.6031, 1.5854, 4.4027)
(-4.2833, 3.5513, 4.452)
(-3.887, 2.1568, 4.0882)
(-4.5082, 3.9697, 4.4807)
(-4.2299, 2.7391, 4.1426)
(-4.6752, 3.6533, 4.4823)
(-4.6441, 3.3524, 4.3522)
(2.1045, -1.2867, -1.4359)
(2.4157, 0.9844, -4.1742)
(2.174, -3.16, 2.919)
(1.7626, 0.0454, -2.6857)
(2.6858, -3.4652, 2.5604)
(3.1482, -3.7203, 2.1003)
(2.2191, -1.7131, -1.0243)
(3.5495, -3.9571, 1.5789)
(3.8978, -4.2164, 1.0296)
(4.1686, -4.492, 0.4299)
(4.5442, -4.7784, -0.1309)
(2.5285, 0.4274, -3.956)
(4.9486, -5.0919, -0.5911)
(1.9432, -0.4379, -2.3235)
(2.0171, -0.8667, -1.8731)
(3.2705, -3.0676, -0.4549)
(2.3513, -2.1311, -0.6124)
(2.8092, -2.5634, -0.3802)
(3.9371, -3.1547, -0.629)
(4.0982, -3.7897, -0.7918)
(2.6051, 1.359, -4.6208)
(2.1192, 0.7844, -3.7249)
(1.9469, 0.4711, -3.2644)
(4.5723, -4.9771, -0.9314)
(4.6735, -4.9781, -0.6326)
(4.8937, -5.1133, -0.756)
(4.7539, -5.1311, -1.0267)
(4.1514, -3.9342, -0.876)
(4.0047, -3.7786, -0.7368)
(4.1119, -3.8285, -0.83)
(4.2033, -3.9483, -0.9062)
(4.0259, -3.7302, -0.8126)
(4.2324, -3.6714, -1.1138)
(4.3512, -3.713, -1.0731)
(4.0021, -3.7845, -1.12)
(4.0777, -3.8193, -1.38)
(4.2968, -3.6891, -1.446)
(4.0439, -3.9766, -1.1567)
(4.2764, -4.1219, -1.2641)
(4.2805, -3.9558, -1.5373)
(4.1726, -4.287, -0.9695)
(4.2889, -4.6036, -1.1198)
(4.3651, -4.4207, -1.3941)
(4.3117, -4.7342, -0.8002)
(4.4524, -4.8955, -1.2375)
(1.21, -3.1748, 2.3388)
(1.242, -3.1344, 2.6547)
(1.643, -3.1867, 2.694)
(1.6503, -3.2671, 2.3859)
(1.6713, -3.4102, 2.0082)
(2.0866, -3.3654, 2.4099)
(2.1316, -3.534, 2.0303)
(2.1534, -3.7353, 1.6255)
(2.571, -3.6495, 2.0191)
(2.5933, -3.8604, 1.6315)
(2.5983, -4.0812, 1.2255)
(3.0096, -3.973, 1.5968)
(3.0174, -4.2186, 1.2228)
(3.0238, -4.4079, 0.809)
(3.4155, -4.3104, 1.1651)
(3.3985, -4.4658, 0.7881)
(3.3654, -4.3976, 0.3773)
(3.7078, -4.4636, 0.6497)
(3.6475, -4.3879, 0.2811)
(3.6725, -4.2893, -0.092)
(3.9787, -4.5524, 0.0883)
(3.9839, -4.5213, -0.2562)
(4.0381, -4.4356, -0.6275)
(4.3438, -4.7761, -0.4529)
(0.7394, -3.1245, 1.9506)
(0.7253, -3.0206, 2.3303)
(1.2106, -3.2837, 1.9774)
(1.2502, -3.483, 1.574)
(1.7045, -3.608, 1.6026)
(1.7416, -3.8091, 1.1833)
(2.1769, -3.9294, 1.2056)
(2.2141, -4.09, 0.7684)
(2.6242, -4.248, 0.7919)
(2.6748, -4.3483, 0.3377)
(3.0545, -4.4564, 0.3676)
(3.1472, -4.422, -0.0771)
(3.4367, -4.3037, -0.0382)
(3.593, -4.2325, -0.4343)
(3.8076, -4.1967, -0.4734)
(3.9865, -4.0825, -0.8315)
(-0.6291, -2.364, 1.8315)
(-0.8436, -2.2219, 2.1373)
(-0.502, -2.4275, 2.2348)
(-0.2725, -2.5698, 1.9759)
(-0.0826, -2.7176, 1.6495)
(0.1136, -2.7645, 2.1812)
(0.2933, -2.926, 1.8392)
(0.4005, -3.1442, 1.4144)
(0.805, -3.338, 1.5204)
(0.8683, -3.5712, 1.1001)
(1.2987, -3.7086, 1.1585)
(1.3665, -3.8713, 0.7346)
(1.7868, -3.9849, 0.7545)
(1.8699, -4.0638, 0.3221)
(2.2686, -4.2052, 0.3219)
(2.3826, -4.1914, -0.1)
(2.7601, -4.3629, -0.1128)
(2.9107, -4.2616, -0.5148)
(3.2856, -4.3569, -0.4908)
(3.4732, -4.2602, -0.7716)
(3.7571, -4.1695, -0.7679)
(3.8553, -4.0418, -1.0145)
(-0.8091, -2.2939, 1.2784)
(-0.998, -2.1642, 1.6703)
(-0.4382, -2.5003, 1.4659)
(-0.2745, -2.6601, 1.0638)
(0.055, -2.9049, 1.2514)
(0.146, -3.1356, 0.841)
(0.4709, -3.3824, 0.9948)
(0.5894, -3.5212, 0.5863)
(0.9647, -3.7113, 0.6799)
(1.1494, -3.6624, 0.2989)
(1.4976, -3.8745, 0.3157)
(1.732, -3.7078, 0.0014)
(2.0427, -3.9628, -0.0602)
(2.3108, -3.7231, -0.3194)
(2.5943, -4.0099, -0.4378)
(2.8479, -3.7539, -0.6969)
(3.1305, -4.0701, -0.7826)
(3.3896, -3.8385, -0.8014)
(3.677, -4.0588, -0.8501)
(3.8756, -3.7853, -0.8317)
(-1.0027, -2.2405, 0.6931)
(-1.1933, -2.1043, 1.0888)
(-0.6283, -2.4368, 0.8787)
(-0.4613, -2.6057, 0.4789)
(-0.1407, -2.8574, 0.6596)
(-0.0072, -3.0539, 0.2581)
(0.267, -3.3099, 0.4401)
(0.5066, -3.313, 0.0682)
(0.8257, -3.4568, 0.2322)
(1.1445, -3.2751, -0.0163)
(1.4436, -3.4513, 0.0659)
(1.7934, -3.2228, -0.0782)
(2.0546, -3.4574, -0.1595)
(2.3647, -3.1782, -0.3261)
(2.592, -3.4399, -0.522)
(2.8873, -3.2029, -0.6581)
(3.1231, -3.5113, -0.7938)
(3.4258, -3.3578, -0.6727)
(3.6367, -3.6419, -0.6707)
(3.8292, -3.6391, -0.6323)
(-1.1909, -2.2017, 0.1099)
(-1.3865, -2.0576, 0.5043)
(-0.8177, -2.3942, 0.2964)
(-0.627, -2.5483, -0.1027)
(-0.2931, -2.7798, 0.0778)
(-0.093, -2.9226, -0.3251)
(0.2017, -3.1594, -0.1346)
(0.492, -3.167, -0.5036)
(0.8219, -3.2352, -0.2567)
(1.1382, -3.0989, -0.5284)
(1.4749, -3.1051, -0.239)
(1.7741, -2.887, -0.4618)
(2.1119, -2.993, -0.2796)
(2.3973, -2.6891, -0.4373)
(2.6832, -2.9097, -0.4618)
(3.032, -2.8194, -0.427)
(3.2198, -3.1199, -0.6138)
(3.5937, -3.1176, -0.5567)
(3.7385, -3.345, -0.6063)
(4.0164, -3.4734, -0.7318)
(-1.3415, -2.1154, -0.4723)
(-1.5626, -1.9995, -0.0807)
(-0.9855, -2.3391, -0.2859)
(-0.7565, -2.4415, -0.6792)
(-0.4157, -2.6807, -0.5047)
(-0.17, -2.7586, -0.8992)
(0.1598, -2.9924, -0.7158)
(0.4598, -2.9178, -1.046)
(0.8028, -3.0514, -0.8077)
(1.0847, -2.7688, -1.0043)
(1.4213, -2.8261, -0.7239)
(1.6601, -2.4751, -0.8501)
(2.0166, -2.5706, -0.6096)
(2.1682, -2.2359, -0.7058)
(2.572, -2.3532, -0.4983)
(-1.4305, -1.9398, -1.0465)
(-1.6857, -1.8731, -0.6633)
(-1.0943, -2.1881, -0.8571)
(-0.8239, -2.2189, -1.2323)
(-0.4946, -2.4824, -1.06)
(-0.206, -2.4599, -1.4198)
(0.1197, -2.7147, -1.2461)
(0.4312, -2.5384, -1.5156)
(0.7591, -2.6792, -1.2727)
(1.0138, -2.3469, -1.4164)
(1.3218, -2.4038, -1.1218)
(1.54, -2.0403, -1.2286)
(1.8545, -2.1238, -0.9557)
(2.0118, -1.8057, -1.0836)
(2.2776, -1.9285, -0.8206)
(-1.4978, -1.7588, -1.6241)
(-1.7632, -1.6976, -1.2443)
(-1.1623, -1.9874, -1.4242)
(-0.8776, -2.0054, -1.7917)
(-0.5377, -2.2197, -1.598)
(-0.2286, -2.15, -1.9315)
(0.1031, -2.3548, -1.7345)
(0.4192, -2.1598, -1.9876)
(0.7243, -2.2799, -1.7195)
(0.9842, -1.9739, -1.8792)
(1.245, -1.9965, -1.5385)
(1.4686, -1.6496, -1.6644)
(1.7377, -1.7012, -1.3537)
(1.9028, -1.3863, -1.4976)
(2.1536, -1.506, -1.2309)
(-1.5381, -1.5538, -2.1955)
(-1.8172, -1.5075, -1.8232)
(-1.2138, -1.7883, -1.9925)
(-0.9029, -1.7546, -2.3341)
(-0.566, -1.9499, -2.1274)
(-0.2343, -1.793, -2.4082)
(0.0975, -1.9805, -2.2054)
(0.4175, -1.7661, -2.4466)
(0.7167, -1.912, -2.1966)
(0.9888, -1.6232, -2.3698)
(1.2271, -1.6432, -2.0175)
(1.4427, -1.287, -2.1418)
(1.6634, -1.3069, -1.7962)
(1.8254, -0.9791, -1.944)
(2.0524, -1.0823, -1.6561)
(-1.5486, -1.3194, -2.7568)
(-1.8425, -1.289, -2.3938)
(-1.2339, -1.5516, -2.5472)
(-0.903, -1.4744, -2.8621)
(-0.5696, -1.6296, -2.6284)
(-0.2349, -1.421, -2.8754)
(0.0954, -1.5745, -2.6515)
(0.4112, -1.3623, -2.9034)
(0.7177, -1.5334, -2.6724)
(0.9987, -1.2536, -2.8582)
(1.2327, -1.2879, -2.5086)
(1.4233, -0.9038, -2.6189)
(1.6123, -0.9135, -2.2608)
(1.747, -0.5528, -2.3918)
(1.9697, -0.6538, -2.1005)
(-1.5357, -1.0665, -3.3093)
(-1.8431, -1.0497, -2.9561)
(-1.2277, -1.2948, -3.0936)
(-0.8847, -1.194, -3.3896)
(-0.562, -1.3173, -3.1335)
(-0.2435, -1.06, -3.3463)
(0.083, -1.1781, -3.1075)
(0.3803, -0.941, -3.3244)
(0.7143, -1.1435, -3.1443)
(0.995, -0.8517, -3.2746)
(1.2442, -0.9137, -2.9917)
(1.4113, -0.4966, -3.0571)
(1.5516, -0.4942, -2.7126)
(1.6665, -0.1042, -2.8215)
(1.8389, -0.1877, -2.5122)
(-1.5052, -0.8001, -3.8533)
(-1.8271, -0.8016, -3.5133)
(-1.2007, -1.018, -3.6285)
(-0.8481, -0.8747, -3.8924)
(-0.5487, -0.9803, -3.618)
(-0.2481, -0.6588, -3.7692)
(0.0365, -0.7357, -3.4934)
(0.3286, -0.4612, -3.6013)
(0.6585, -0.6719, -3.4259)
(0.9467, -0.361, -3.4564)
(1.2241, -0.4693, -3.2865)
(1.4472, -0.0532, -3.3986)
(1.5703, -0.0662, -3.1551)
(1.7855, 0.2911, -3.3242)
(1.838, 0.2382, -2.9616)
(-1.4574, -0.5253, -4.3893)
(-1.7968, -0.5529, -4.0675)
(-1.1539, -0.7189, -4.1492)
(-0.7896, -0.5542, -4.3953)
(-0.5017, -0.6421, -4.0982)
(-0.1623, -0.355, -4.2559)
(0.0705, -0.3652, -3.9025)
(0.4286, -0.1318, -4.0651)
(0.6749, -0.2349, -3.7312)
(1.0419, 0.02, -3.9112)
(1.2651, -0.0388, -3.6142)
(1.5968, 0.2682, -3.8771)
(1.707, 0.3158, -3.6395)
(1.9884, 0.5569, -3.807)
(2.0169, 0.6021, -3.4788)
(-1.3882, -0.2431, -4.9152)
(-1.7289, -0.2909, -4.6031)
(-1.0943, -0.4172, -4.6656)
(-0.727, -0.2362, -4.8942)
(-0.4337, -0.3071, -4.5846)
(-0.0766, -0.0405, -4.7469)
(0.1832, -0.0595, -4.4022)
(0.5328, 0.1714, -4.5803)
(0.781, 0.1196, -4.2433)
(1.1626, 0.3294, -4.4124)
(1.4144, 0.2739, -4.1058)
(1.8023, 0.4017, -4.2792)
(1.9562, 0.4134, -4.064)
(2.2765, 0.4745, -4.1034)
(2.3145, 0.605, -3.8487)
(-1.2912, 0.1013, -5.3883)
(-1.595, 0.0273, -5.0677)
(-1.0208, -0.1268, -5.1835)
(-0.6449, 0.0217, -5.4198)
(-0.3529, -0.049, -5.1009)
(0.0257, 0.1241, -5.2896)
(0.2951, 0.1373, -4.9314)
(0.6775, 0.275, -5.1117)
(0.9213, 0.3004, -4.7668)
(1.3221, 0.4352, -4.9196)
(1.5651, 0.4473, -4.569)
(1.8774, 0.6522, -4.648)
(2.0941, 0.5605, -4.3462)
(2.2805, 0.8678, -4.3472)
(2.4662, 0.7016, -4.0721)
(-1.1929, 0.5068, -5.7698)
(-1.4358, 0.4376, -5.4432)
(-0.9418, 0.2166, -5.6579)
(-0.5864, 0.3792, -5.8527)
(-0.2725, 0.2206, -5.604)
(0.0851, 0.4599, -5.7234)
(0.3929, 0.3419, -5.4387)
(0.742, 0.5986, -5.5381)
(1.0437, 0.4939, -5.2439)
(1.3717, 0.7831, -5.3112)
(1.6501, 0.7029, -4.9979)
(1.9494, 1.016, -5.0251)
(2.1355, 0.9663, -4.6771)
(2.403, 1.2345, -4.7395)
(2.5032, 1.1686, -4.4038)
(-1.1228, 0.8503, -6.046)
(-1.3164, 0.8412, -5.7319)
(-0.8866, 0.5739, -6.0108)
(-0.5582, 0.7017, -6.1499)
(-0.2357, 0.5794, -5.9547)
(0.1042, 0.797, -6.0024)
(0.4268, 0.6997, -5.7855)
(0.7604, 0.9339, -5.818)
(1.0747, 0.8546, -5.5854)
(1.4095, 1.0889, -5.615)
(1.6949, 1.0502, -5.3389)
(2.0302, 1.2699, -5.3622)
(2.2506, 1.2581, -5.0562)
(2.497, 1.4415, -5.0926)
(2.6314, 1.4358, -4.7966)
(1.6327, -3.1371, 2.8718)
(1.9756, -3.144, 2.9084)
(2.0219, -3.2301, 2.7254)
(2.4121, -3.3124, 2.7295)
(2.5068, -3.4777, 2.3871)
(2.9041, -3.591, 2.3218)
(2.9721, -3.758, 1.9561)
(3.3427, -3.8342, 1.8332)
(3.3864, -4.0539, 1.4911)
(3.7206, -4.0785, 1.2976)
(3.7439, -4.3319, 0.9914)
(4.0328, -4.3365, 0.7281)
(4.0025, -4.5026, 0.4118)
(4.3246, -4.5985, 0.1816)
(4.3311, -4.7212, -0.1223)
(4.6943, -4.8973, -0.3301)
(5.1345, -4.9861, -0.4712)
(5.4608, -4.9504, -0.5796)
(5.441, -5.1359, -0.7096)
(5.1405, -5.1644, -0.6365)
(4.1885, -3.6558, -0.8413)
(4.139, -3.6435, -0.8518)
(4.2988, -3.4282, -1.053)
(4.4144, -3.5528, -1.037)
(4.5441, -3.6074, -0.9828)
(4.6985, -3.3287, -1.1495)
(4.9038, -3.5123, -1.0969)
(5.0508, -3.613, -0.9244)
(5.2639, -3.434, -1.1523)
(5.4229, -3.6768, -0.9761)
(5.5196, -3.7995, -0.6839)
(5.7189, -3.8152, -1.0701)
(5.7918, -4.0335, -0.7673)
(5.7241, -4.1917, -0.4529)
(5.9355, -4.3274, -0.8508)
(5.8002, -4.5277, -0.5797)
(5.5045, -4.6616, -0.3659)
(5.7792, -4.8327, -0.7337)
(2.3228, -2.4337, 3.3469)
(2.6039, -2.2907, 3.2357)
(2.709, -2.6834, 3.1054)
(2.3748, -2.773, 3.2027)
(3.0829, -2.5689, 2.9268)
(3.1947, -2.9773, 2.7403)
(2.7818, -3.0431, 2.9027)
(3.5774, -2.8632, 2.4954)
(3.6543, -3.2601, 2.2727)
(3.2629, -3.3351, 2.4882)
(3.9965, -3.1467, 1.9845)
(4.0526, -3.5314, 1.7401)
(3.6868, -3.6007, 1.9826)
(4.3856, -3.4371, 1.4535)
(4.4364, -3.8091, 1.1943)
(4.0622, -3.8581, 1.4323)
(4.7792, -3.7148, 0.8951)
(4.8017, -4.0849, 0.6204)
(4.4113, -4.1408, 0.8516)
(5.1241, -3.9843, 0.3516)
(5.1489, -4.3521, 0.1177)
(4.7708, -4.4072, 0.3059)
(5.4824, -4.2944, -0.1437)
(5.1405, -4.6999, -0.184)
(2.3668, -1.8718, 3.3488)
(2.6348, -1.723, 3.1125)
(2.9004, -2.1469, 3.0396)
(3.2135, -2.021, 2.7331)
(3.4326, -2.443, 2.6471)
(3.6992, -2.3236, 2.2807)
(3.8779, -2.7363, 2.1609)
(4.0708, -2.6255, 1.7499)
(4.249, -3.0319, 1.6205)
(4.4063, -2.925, 1.1935)
(4.6235, -3.3264, 1.075)
(4.7555, -3.212, 0.6198)
(4.9981, -3.5955, 0.5011)
(5.0935, -3.5189, 0.0867)
(5.3351, -3.9025, 0.002)
(5.4858, -3.8461, -0.3591)
(1.2954, -0.5323, 3.5615)
(1.6293, -0.5258, 3.3345)
(1.8414, -0.9006, 3.349)
(1.5173, -0.8709, 3.554)
(2.1468, -0.8795, 3.075)
(2.3711, -1.2884, 3.1253)
(2.0416, -1.3194, 3.4022)
(2.6856, -1.2059, 2.7614)
(2.9491, -1.6094, 2.766)
(3.1921, -1.5324, 2.3701)
(3.4625, -1.9227, 2.3489)
(3.5841, -1.8751, 1.9104)
(3.8498, -2.2378, 1.8476)
(3.8925, -2.2072, 1.3862)
(4.17, -2.5433, 1.2978)
(4.1964, -2.5, 0.8359)
(4.4851, -2.8366, 0.7364)
(4.4605, -2.8253, 0.2935)
(4.7827, -3.1609, 0.1846)
(4.7372, -3.2045, -0.1923)
(5.1255, -3.5121, -0.2817)
(5.1201, -3.5717, -0.6152)
(1.436, -0.1322, 3.3081)
(1.7289, -0.0687, 2.9971)
(1.9183, -0.4886, 3.0252)
(2.1587, -0.4444, 2.6495)
(2.4221, -0.8219, 2.7146)
(2.6589, -0.7674, 2.3146)
(2.9293, -1.1411, 2.3594)
(3.0482, -1.145, 1.9343)
(3.3031, -1.5208, 1.9395)
(3.2735, -1.5946, 1.4952)
(3.5789, -1.9051, 1.4537)
(3.4885, -2.0077, 1.011)
(3.8523, -2.2423, 0.9273)
(3.7642, -2.3167, 0.4768)
(4.1367, -2.5276, 0.3828)
(3.9913, -2.6651, -0.027)
(4.3501, -2.9291, -0.0988)
(4.2563, -3.1103, -0.4186)
(4.6917, -3.3318, -0.5276)
(4.6356, -3.5063, -0.8163)
(1.5614, 0.3489, 2.946)
(1.7743, 0.3921, 2.5918)
(1.9298, -0.0417, 2.6092)
(2.098, -0.0335, 2.2031)
(2.3696, -0.4095, 2.2532)
(2.5304, -0.406, 1.8403)
(2.8073, -0.7639, 1.8966)
(2.8097, -0.8535, 1.4642)
(3.0188, -1.2426, 1.4979)
(2.885, -1.4049, 1.085)
(3.1496, -1.7394, 1.0737)
(3.0053, -1.9054, 0.6634)
(3.3683, -2.1407, 0.5838)
(3.2412, -2.2943, 0.1661)
(3.6329, -2.4562, 0.0567)
(3.4885, -2.6809, -0.2948)
(3.847, -2.8823, -0.3617)
(3.802, -3.1285, -0.5302)
(4.1972, -3.3425, -0.6235)
(4.1882, -3.5469, -0.7561)
(1.63, 0.8025, 2.5255)
(1.8053, 0.8298, 2.1571)
(1.9042, 0.3828, 2.1744)
(2.0136, 0.3457, 1.7498)
(2.2346, -0.0527, 1.7875)
(2.319, -0.1034, 1.363)
(2.5902, -0.4666, 1.4131)
(2.5187, -0.5998, 0.9962)
(2.6929, -1.0097, 1.0481)
(2.5407, -1.1812, 0.6455)
(2.7264, -1.5792, 0.6826)
(2.5981, -1.7362, 0.2695)
(2.874, -2.0685, 0.2479)
(2.7425, -2.2409, -0.1523)
(3.1093, -2.5117, -0.2065)
(3.0477, -2.8116, -0.4081)
(3.4509, -2.948, -0.4698)
(3.6139, -3.1047, -0.5272)
(3.9081, -3.3035, -0.6079)
(4.0189, -3.4711, -0.689)
(1.6784, 1.233, 2.0784)
(1.8738, 1.2432, 1.7068)
(1.9235, 0.7948, 1.7329)
(2.0209, 0.7344, 1.3035)
(2.0923, 0.2893, 1.3259)
(2.1444, 0.2069, 0.9069)
(2.3152, -0.2033, 0.9481)
(2.2683, -0.3374, 0.5364)
(2.3931, -0.7615, 0.5889)
(2.3334, -0.8975, 0.1783)
(2.4293, -1.3316, 0.2349)
(2.3776, -1.4501, -0.1756)
(2.494, -1.8662, -0.1356)
(2.3978, -1.9253, -0.4946)
(2.5884, -2.3413, -0.4943)
(1.7275, 1.6253, 1.6048)
(1.9619, 1.6167, 1.2321)
(2.0279, 1.1883, 1.2843)
(2.1533, 1.1116, 0.8514)
(2.1094, 0.6548, 0.8737)
(2.2121, 0.5613, 0.4447)
(2.2033, 0.104, 0.4869)
(2.2909, 0.0058, 0.0673)
(2.2911, -0.4504, 0.1215)
(2.3679, -0.541, -0.2841)
(2.3567, -1.0001, -0.2283)
(2.3916, -1.0817, -0.6252)
(2.3614, -1.5209, -0.5609)
(2.3056, -1.5288, -0.9094)
(2.2927, -1.9158, -0.8161)
(1.7711, 1.9789, 1.1071)
(2.0215, 1.9749, 0.7414)
(2.1454, 1.5579, 0.8147)
(2.2683, 1.477, 0.3794)
(2.2573, 1.0205, 0.4143)
(2.349, 0.9213, -0.0206)
(2.3198, 0.4631, 0.0203)
(2.4114, 0.3687, -0.3959)
(2.3895, -0.0848, -0.3404)
(2.4545, -0.1681, -0.7428)
(2.4251, -0.6229, -0.682)
(2.4123, -0.6958, -1.0753)
(2.3569, -1.1281, -0.9994)
(2.2375, -1.12, -1.3385)
(2.17, -1.4938, -1.2293)
(1.8023, 2.3246, 0.6077)
(2.0259, 2.3356, 0.2501)
(2.192, 1.9214, 0.3261)
(2.2698, 1.8347, -0.1122)
(2.3371, 1.3804, -0.0636)
(2.3545, 1.2756, -0.5047)
(2.4044, 0.8222, -0.4523)
(2.4226, 0.7279, -0.8753)
(2.4601, 0.2814, -0.8083)
(2.4727, 0.2007, -1.2179)
(2.4593, -0.2468, -1.1453)
(2.3892, -0.3131, -1.5306)
(2.3231, -0.7361, -1.4469)
(2.1622, -0.7137, -1.7743)
(2.0692, -1.071, -1.653)
(1.7859, 2.651, 0.1084)
(1.9425, 2.6791, -0.241)
(2.14, 2.275, -0.1686)
(2.1448, 2.1689, -0.6028)
(2.2651, 1.7256, -0.5528)
(2.202, 1.6041, -0.9871)
(2.3264, 1.1679, -0.9354)
(2.2759, 1.0567, -1.3301)
(2.4224, 0.6391, -1.2834)
(2.3558, 0.5303, -1.6209)
(2.4281, 0.1264, -1.6008)
(2.2331, 0.0665, -1.889)
(2.2134, -0.3299, -1.8564)
(2.0117, -0.2856, -2.1614)
(1.9906, -0.6508, -2.0962)
(1.678, 2.9795, -0.3696)
(1.7732, 2.9963, -0.7238)
(1.9852, 2.5978, -0.6586)
(1.9194, 2.46, -1.0838)
(2.0666, 2.0354, -1.0335)
(1.9707, 1.8923, -1.4663)
(2.1135, 1.4734, -1.3937)
(1.9708, 1.3071, -1.705)
(2.1399, 0.9047, -1.6116)
(1.9649, 0.7184, -1.7907)
(2.1493, 0.3984, -1.8251)
(1.9458, 0.3617, -2.0955)
(1.9825, 0.0745, -2.1626)
(1.8636, 0.16, -2.5329)
(1.8669, -0.2048, -2.497)
(1.508, 3.3098, -0.8257)
(1.6142, 3.2332, -1.1884)
(1.7591, 2.873, -1.1348)
(1.7796, 2.7105, -1.5277)
(1.8336, 2.3026, -1.5117)
(1.8492, 2.13, -1.9094)
(1.8765, 1.7259, -1.8567)
(1.8704, 1.5323, -2.1323)
(1.8611, 1.1149, -1.9387)
(1.8872, 0.9285, -2.1981)
(1.8996, 0.603, -2.0669)
(1.9699, 0.6689, -2.5594)
(1.9228, 0.47, -2.5664)
(1.9972, 0.6012, -3.0776)
(1.8714, 0.2783, -2.9885)
(1.4028, 3.4072, -1.3034)
(1.6844, 3.3256, -1.627)
(1.8004, 3.0815, -1.5381)
(2.0637, 2.9427, -1.8717)
(1.9597, 2.5372, -1.8719)
(2.2056, 2.3503, -2.1838)
(2.0102, 1.9329, -2.1993)
(2.202, 1.7316, -2.4577)
(1.9832, 1.3242, -2.3711)
(2.1093, 1.1491, -2.6983)
(1.9951, 0.8448, -2.5951)
(2.1758, 0.9096, -3.0975)
(2.1087, 0.8261, -3.1152)
(2.2273, 0.8207, -3.5316)
(2.0491, 0.6534, -3.5105)
(1.3911, 3.5323, -1.7764)
(1.6837, 3.5723, -2.1194)
(1.9618, 3.2857, -1.972)
(2.1515, 3.1738, -2.3583)
(2.2745, 2.7814, -2.2342)
(2.3933, 2.5957, -2.5802)
(2.3973, 2.1665, -2.5055)
(2.4742, 1.988, -2.8254)
(2.3388, 1.5575, -2.7802)
(2.4169, 1.4387, -3.1125)
(2.2489, 1.0718, -3.0944)
(2.4817, 0.9827, -3.4169)
(2.4047, 0.8421, -3.4815)
(2.5402, 0.6705, -3.7644)
(2.3333, 0.6068, -3.8322)
(1.3656, 3.8596, -2.261)
(1.5755, 3.8148, -2.6324)
(1.8939, 3.5127, -2.5025)
(1.956, 3.324, -2.836)
(2.2215, 2.9836, -2.7095)
(2.1335, 2.7467, -2.9265)
(2.3433, 2.3824, -2.847)
(2.3336, 2.2534, -3.1004)
(2.4809, 1.859, -3.1227)
(2.5893, 1.7852, -3.3179)
(2.5615, 1.3535, -3.3519)
(2.6955, 1.3235, -3.6167)
(2.6433, 0.9332, -3.7017)
(2.5876, 1.0434, -4.0316)
(2.4781, 0.7102, -4.0581)
(1.2306, 4.0751, -2.767)
(1.2954, 3.9117, -3.0133)
(1.6217, 3.6223, -2.9329)
(1.5704, 3.3485, -3.0427)
(1.8806, 3.0602, -3.0056)
(1.9456, 2.9281, -3.117)
(2.1631, 2.6175, -3.1041)
(2.4139, 2.5931, -3.2575)
(2.5316, 2.2192, -3.2941)
(2.6361, 2.1457, -3.4645)
(2.672, 1.7388, -3.5297)
(2.685, 1.7146, -3.8849)
(2.6764, 1.3794, -3.9976)
(2.6876, 1.4311, -4.3532)
(2.5176, 1.1747, -4.3912)
(0.9712, 4.1021, -3.0391)
(0.9599, 3.8993, -3.0585)
(1.2778, 3.6482, -3.0503)
(1.3963, 3.4915, -3.0276)
(1.6861, 3.2141, -3.0837)
(2.0095, 3.2427, -3.1599)
(2.2164, 2.9254, -3.2234)
(2.3634, 2.8139, -3.2981)
(2.5349, 2.4793, -3.382)
(2.5546, 2.3179, -3.6356)
(2.6682, 2.0342, -3.759)
(2.876, 1.9007, -4.0548)
(2.8243, 1.6509, -4.2021)
(3.0073, 1.5746, -4.422)
(2.7909, 1.4265, -4.6171)
(2.1392, -2.8219, 3.2644)
(2.3996, -3.0543, 2.9998)
(2.1341, -3.0568, 3.0599)
(2.8593, -3.3446, 2.6416)
(2.4477, -3.3128, 2.7498)
(3.3143, -3.615, 2.1813)
(2.9299, -3.5945, 2.3389)
(3.7085, -3.8654, 1.6516)
(3.355, -3.8432, 1.846)
(4.0573, -4.1275, 1.0883)
(3.7267, -4.095, 1.3109)
(4.3811, -4.4185, 0.4966)
(4.0335, -4.3719, 0.7315)
(4.7753, -4.6929, -0.0411)
(4.3882, -4.672, 0.1175)
(4.7986, -4.973, -0.3918)
(-2.3914, 1.8792, 0.1189)
(-2.5878, 3.2592, -2.7778)
(-1.7802, -0.5048, 4.4452)
(-2.0617, 2.2721, -1.6846)
(-2.2798, -0.0249, 4.5459)
(-2.7342, 0.5136, 4.5468)
(-2.4596, 1.7307, 0.7039)
(-3.1782, 1.0525, 4.4715)
(-3.6169, 1.588, 4.3957)
(-3.8857, 2.1737, 4.124)
(-4.2421, 2.7572, 4.1702)
(-2.597, 2.8406, -2.3375)
(-4.6532, 3.3406, 4.3406)
(-2.1891, 2.1842, -1.0695)
(-2.3211, 2.0329, -0.4719)
(-2.9597, 2.3169, 2.0892)
(-2.502, 1.6049, 1.2974)
(-2.6199, 1.7098, 1.9594)
(-3.0696, 2.3217, 2.7911)
(-3.6533, 2.7491, 2.9253)
(-2.4723, 3.6215, -3.261)
(-2.051, 2.89, -2.6625)
(-2.0406, 2.3944, -2.3921)
(-4.9299, 3.4821, 3.9264)
(-4.7432, 3.2746, 4.1265)
(-4.7664, 3.4644, 4.2747)
(-4.9624, 3.6458, 4.0915)
(-3.659, 2.8692, 2.8324)
(-3.5928, 2.8505, 2.8663)
(-3.7549, 3.1234, 2.8103)
(-3.7947, 3.0766, 2.7586)
(-3.7312, 3.1386, 2.6863)
(-3.9474, 3.467, 2.6218)
(-3.9382, 3.4156, 2.7509)
(-4.1127, 3.3326, 2.4242)
(-4.3697, 3.5937, 2.4694)
(-4.1796, 3.7672, 2.6009)
(-4.4524, 3.359, 2.5882)
(-4.7039, 3.5334, 2.8169)
(-4.6492, 3.7615, 2.6172)
(-4.6559, 3.3091, 3.1011)
(-4.889, 3.5039, 3.3747)
(-4.947, 3.6996, 3.0711)
(-4.813, 3.2689, 3.6614)
(-5.0332, 3.7018, 3.6638)
(-2.0199, -1.0234, 3.57)
(-1.7955, -1.1059, 3.8006)
(-1.8913, -0.8491, 4.0713)
(-2.1552, -0.7416, 3.8743)
(-2.4264, -0.5544, 3.6201)
(-2.2704, -0.4274, 4.1436)
(-2.5755, -0.2245, 3.911)
(-2.8041, 0.0387, 3.6126)
(-2.7014, 0.1197, 4.1586)
(-2.9535, 0.3698, 3.8774)
(-3.1198, 0.6632, 3.553)
(-3.1019, 0.6995, 4.1057)
(-3.3126, 0.9707, 3.8025)
(-3.4441, 1.2814, 3.4674)
(-3.517, 1.2678, 4.0221)
(-3.7031, 1.5646, 3.707)
(-3.8238, 1.8978, 3.3848)
(-3.9116, 1.8728, 3.9155)
(-4.0987, 2.1842, 3.6233)
(-4.2119, 2.4882, 3.3508)
(-4.2812, 2.4773, 3.8528)
(-4.4752, 2.7476, 3.6153)
(-4.5846, 3.0342, 3.3672)
(-4.6535, 3.019, 3.8931)
(-2.0288, -1.1652, 2.9925)
(-1.7899, -1.3348, 3.2558)
(-2.2466, -0.8605, 3.3124)
(-2.4795, -0.5956, 3.0331)
(-2.6374, -0.2796, 3.3301)
(-2.8138, 0.0247, 3.0387)
(-2.9404, 0.351, 3.2966)
(-3.0873, 0.6597, 3.0075)
(-3.2167, 0.99, 3.2295)
(-3.3523, 1.3039, 2.9518)
(-3.5238, 1.6219, 3.1586)
(-3.6486, 1.944, 2.9191)
(-3.8875, 2.2412, 3.126)
(-3.9822, 2.5624, 2.9186)
(-4.2609, 2.8144, 3.1261)
(-4.3619, 3.1091, 2.8731)
(-1.1897, -2.0226, 2.0312)
(-1.055, -2.0641, 2.4343)
(-1.3731, -1.8584, 2.3722)
(-1.7121, -1.65, 2.241)
(-1.5156, -1.6771, 2.773)
(-1.8427, -1.4383, 2.6252)
(-2.2073, -1.1922, 2.3951)
(-2.3352, -0.9018, 2.7205)
(-2.6682, -0.6514, 2.4764)
(-2.7395, -0.314, 2.7633)
(-3.0649, -0.0834, 2.5448)
(-3.0694, 0.2884, 2.7942)
(-3.3846, 0.5207, 2.5755)
(-3.3479, 0.9204, 2.7743)
(-3.636, 1.1657, 2.549)
(-3.6072, 1.5684, 2.7352)
(-3.8742, 1.8171, 2.5107)
(-3.8885, 2.2089, 2.7146)
(-4.0918, 2.4615, 2.4881)
(-4.1784, 2.8273, 2.6777)
(-4.2565, 3.0854, 2.4406)
(-1.3839, -1.9736, 1.4821)
(-1.5612, -1.8282, 1.8683)
(-1.9548, -1.6439, 1.676)
(-2.0955, -1.4499, 2.0498)
(-2.4991, -1.2634, 1.8579)
(-2.5977, -0.985, 2.1876)
(-2.946, -0.7852, 2.0144)
(-3.0299, -0.4501, 2.2855)
(-3.2693, -0.2089, 2.1119)
(-3.3729, 0.1394, 2.3362)
(-3.4902, 0.4332, 2.1354)
(-3.6085, 0.7837, 2.3239)
(-3.6463, 1.1048, 2.104)
(-3.8038, 1.4464, 2.2826)
(-3.7883, 1.7777, 2.0706)
(-3.9708, 2.1039, 2.2654)
(-3.8393, 2.4015, 2.1892)
(-4.0472, 2.7399, 2.3339)
(-3.8547, 2.9926, 2.4272)
(-1.5808, -1.9217, 0.8973)
(-1.7746, -1.7906, 1.2883)
(-2.1631, -1.607, 1.0948)
(-2.3478, -1.4598, 1.4828)
(-2.7092, -1.2464, 1.2928)
(-2.8344, -1.0487, 1.6754)
(-2.9791, -0.7369, 1.5057)
(-3.0792, -0.4944, 1.8552)
(-3.0298, -0.1138, 1.7317)
(-3.2527, 0.1341, 1.9853)
(-3.1004, 0.5329, 1.919)
(-3.3837, 0.8004, 2.0369)
(-3.1793, 1.2019, 1.9875)
(-3.5078, 1.4777, 2.0038)
(-3.3, 1.8655, 2.0139)
(-3.6118, 2.1167, 2.0698)
(-3.4139, 2.3512, 2.3211)
(-3.6372, 2.6266, 2.4143)
(-3.5346, 2.7799, 2.7299)
(-1.7682, -1.8668, 0.3125)
(-1.9679, -1.7363, 0.7045)
(-2.3511, -1.5373, 0.5114)
(-2.5404, -1.4013, 0.9031)
(-2.8633, -1.1294, 0.7158)
(-2.9612, -0.9503, 1.1128)
(-3.0443, -0.5602, 0.9501)
(-2.9891, -0.3393, 1.3577)
(-2.9462, 0.0788, 1.2165)
(-2.9495, 0.2966, 1.6172)
(-2.8299, 0.7063, 1.4862)
(-2.9288, 0.9434, 1.829)
(-2.7333, 1.3411, 1.7394)
(-2.9564, 1.6111, 1.9639)
(-2.7934, 1.9988, 2.0229)
(-3.141, 2.1824, 2.1486)
(-3.0306, 2.3226, 2.4442)
(-3.3057, 2.4663, 2.6531)
(-3.3812, 2.5331, 2.8468)
(-1.9231, -1.7776, -0.274)
(-2.1442, -1.661, 0.1184)
(-2.4989, -1.4252, -0.0761)
(-2.7019, -1.2928, 0.3191)
(-2.939, -0.9561, 0.138)
(-3.0393, -0.7671, 0.5413)
(-3.0215, -0.3479, 0.3868)
(-2.9897, -0.1364, 0.8012)
(-2.8651, 0.2746, 0.6597)
(-2.8334, 0.4867, 1.0773)
(-2.703, 0.8757, 0.9387)
(-2.6867, 1.0899, 1.3526)
(-2.5713, 1.401, 1.188)
(-2.566, 1.648, 1.6168)
(-2.0166, -1.6205, -0.8587)
(-2.2616, -1.5292, -0.4687)
(-2.5543, -1.2382, -0.6582)
(-2.7671, -1.1152, -0.2612)
(-2.9028, -0.7238, -0.4266)
(-2.9964, -0.5434, -0.0209)
(-2.9253, -0.121, -0.1665)
(-2.8966, 0.0707, 0.2447)
(-2.7792, 0.4665, 0.1024)
(-2.7375, 0.6652, 0.5197)
(-2.6405, 1.04, 0.3755)
(-2.5967, 1.2257, 0.7855)
(-2.5162, 1.5255, 0.6054)
(-2.4842, 1.6588, 0.9923)
(-2.0778, -1.4351, -1.4409)
(-2.3226, -1.3439, -1.052)
(-2.5829, -1.0225, -1.2353)
(-2.7674, -0.8871, -0.8337)
(-2.8878, -0.4857, -0.9924)
(-2.9333, -0.304, -0.5782)
(-2.9075, 0.1078, -0.7249)
(-2.8375, 0.2828, -0.3119)
(-2.7883, 0.6753, -0.4562)
(-2.7037, 0.8504, -0.042)
(-2.6504, 1.2265, -0.1879)
(-2.5686, 1.3859, 0.2161)
(-2.485, 1.6863, 0.0289)
(-2.4295, 1.7973, 0.4048)
(-2.1121, -1.2241, -2.0164)
(-2.3593, -1.1341, -1.6295)
(-2.594, -0.7893, -1.8055)
(-2.7733, -0.6512, -1.4032)
(-2.8885, -0.2418, -1.5553)
(-2.9375, -0.0666, -1.1393)
(-2.9551, 0.3485, -1.2789)
(-2.8865, 0.5114, -0.8659)
(-2.88, 0.912, -1.0047)
(-2.7624, 1.0642, -0.5974)
(-2.6985, 1.4414, -0.746)
(-2.5759, 1.5718, -0.3515)
(-2.4473, 1.8615, -0.5501)
(-2.3626, 1.9499, -0.1827)
(-2.1224, -0.9922, -2.5844)
(-2.3728, -0.9036, -2.1997)
(-2.5883, -0.5448, -2.3699)
(-2.7668, -0.4041, -1.9666)
(-2.8755, 0.011, -2.1137)
(-2.9503, 0.1813, -1.6968)
(-2.9743, 0.6044, -1.8319)
(-2.9585, 0.7607, -1.4156)
(-2.9092, 1.1687, -1.5533)
(-2.8278, 1.3057, -1.1487)
(-2.6461, 1.6547, -1.2942)
(-2.5511, 1.7713, -0.9196)
(-2.3281, 2.0221, -1.1255)
(-2.2627, 2.1046, -0.7779)
(-2.1159, -0.7505, -3.1473)
(-2.3698, -0.6624, -2.7646)
(-2.5767, -0.3009, -2.9324)
(-2.7487, -0.1529, -2.5261)
(-2.8587, 0.2574, -2.6708)
(-2.9311, 0.4377, -2.2508)
(-2.923, 0.8434, -2.3793)
(-2.9337, 1.0212, -1.9625)
(-2.7462, 1.3673, -2.0781)
(-2.7115, 1.5294, -1.6811)
(-2.3683, 1.7598, -1.783)
(-2.3337, 1.9006, -1.4435)
(-2.1153, 2.105, -1.6807)
(-2.1347, 2.2373, -1.3899)
(-2.0988, -0.512, -3.7097)
(-2.3597, -0.4241, -3.3288)
(-2.5521, -0.0669, -3.4917)
(-2.7409, 0.0825, -3.0868)
(-2.8317, 0.4754, -3.2104)
(-2.9141, 0.6505, -2.8022)
(-2.8161, 1.0022, -2.8972)
(-2.7647, 1.1628, -2.4858)
(-2.487, 1.3994, -2.5488)
(-2.4236, 1.5712, -2.1568)
(-2.1905, 1.7888, -2.2507)
(-2.1359, 1.9492, -1.9458)
(-2.0882, 2.2542, -2.2725)
(-2.0704, 2.36, -2.0911)
(-2.0443, -0.2664, -4.2559)
(-2.3209, -0.1886, -3.8852)
(-2.3968, 0.1821, -3.9796)
(-2.6314, 0.3214, -3.6023)
(-2.5326, 0.6867, -3.5893)
(-2.7606, 0.8617, -3.2651)
(-2.5891, 1.2205, -3.2495)
(-2.6253, 1.3435, -2.9469)
(-2.4253, 1.6404, -2.9503)
(-2.2687, 1.6743, -2.5996)
(-2.2323, 2.0676, -2.6803)
(-2.1319, 2.1798, -2.4435)
(-2.1795, 2.618, -2.6064)
(-2.066, 2.6972, -2.5951)
(-1.8674, 0.0315, -4.7102)
(-2.1413, 0.0876, -4.3445)
(-2.0014, 0.436, -4.2656)
(-2.2593, 0.5286, -3.9121)
(-2.0341, 0.7931, -3.7317)
(-2.3198, 0.9706, -3.4539)
(-2.1512, 1.2712, -3.3797)
(-2.3926, 1.5142, -3.2007)
(-2.2958, 1.8441, -3.2097)
(-2.3536, 1.9567, -2.9536)
(-2.4959, 2.3405, -2.9247)
(-2.3982, 2.4573, -2.6852)
(-2.5707, 2.7429, -2.591)
(-2.3299, 2.9009, -2.5286)
(-1.5929, 0.3769, -5.0467)
(-1.7704, 0.3832, -4.6425)
(-1.5516, 0.7138, -4.4784)
(-1.762, 0.7281, -4.0928)
(-1.7196, 1.0452, -4.025)
(-1.9428, 1.1048, -3.6672)
(-2.0213, 1.5327, -3.7756)
(-2.1202, 1.6941, -3.4581)
(-2.2089, 2.1545, -3.5606)
(-2.3523, 2.2704, -3.2439)
(-2.4713, 2.6789, -3.2625)
(-2.613, 2.7096, -2.8894)
(-2.6088, 3.0736, -2.9397)
(-2.5937, 3.0446, -2.567)
(-1.3974, 0.8026, -5.35)
(-1.4475, 0.7485, -4.9136)
(-1.3706, 1.122, -4.7732)
(-1.5003, 1.0695, -4.3813)
(-1.7068, 1.3923, -4.4225)
(-1.9172, 1.4061, -4.1181)
(-2.1708, 1.7683, -4.241)
(-2.2036, 1.9626, -3.904)
(-2.3943, 2.3579, -3.9979)
(-2.3781, 2.5632, -3.6383)
(-2.5176, 2.9509, -3.7013)
(-2.5655, 3.0583, -3.3223)
(-2.5345, 3.411, -3.3922)
(-2.5323, 3.4353, -3.0285)
(-1.2849, 1.1669, -5.5868)
(-1.3054, 1.1456, -5.1833)
(-1.3111, 1.4731, -5.0193)
(-1.4725, 1.4436, -4.6948)
(-1.7315, 1.6625, -4.7478)
(-1.9987, 1.6533, -4.5334)
(-2.229, 1.9503, -4.6251)
(-2.3594, 2.1395, -4.3216)
(-2.4644, 2.5325, -4.3768)
(-2.4967, 2.7547, -4.0544)
(-2.5049, 3.1434, -4.0707)
(-2.5235, 3.315, -3.7313)
(-2.4723, 3.6105, -3.7523)
(-2.4683, 3.6993, -3.4406)
(-1.71, -0.9242, 4.2007)
(-1.7409, -0.6701, 4.389)
(-1.9554, -0.5734, 4.2914)
(-2.0403, -0.2659, 4.4889)
(-2.3916, -0.0922, 4.3597)
(-2.5167, 0.2463, 4.5378)
(-2.8275, 0.4612, 4.3475)
(-2.9662, 0.7867, 4.4996)
(-3.259, 1.0155, 4.2799)
(-3.4101, 1.3229, 4.4258)
(-3.681, 1.5751, 4.1856)
(-3.7575, 1.8907, 4.2743)
(-4.0169, 2.1872, 4.0531)
(-4.0693, 2.483, 4.1788)
(-4.3863, 2.7626, 4.0542)
(-4.4583, 3.052, 4.2634)
(-4.4464, 3.4088, 4.4107)
(-4.4054, 3.777, 4.4731)
(-4.6202, 3.8017, 4.5011)
(-4.6744, 3.5041, 4.4268)
(-3.6301, 2.8346, 2.918)
(-3.7451, 2.8822, 2.8903)
(-3.9023, 3.1362, 2.8039)
(-3.8001, 3.1434, 2.8768)
(-3.621, 3.1938, 2.9773)
(-3.9057, 3.5767, 2.8167)
(-3.7247, 3.6461, 2.995)
(-3.5446, 3.6784, 3.239)
(-3.7525, 4.1, 3.0558)
(-3.635, 4.0992, 3.3832)
(-3.5325, 4.0393, 3.7169)
(-3.7314, 4.4368, 3.5475)
(-3.7143, 4.3256, 3.9111)
(-3.7281, 4.0984, 4.1983)
(-3.9839, 4.4632, 4.0882)
(-4.0395, 4.1787, 4.3336)
(-4.1031, 3.7621, 4.445)
(-4.3463, 4.1677, 4.4165)
(-0.8596, -0.4181, 4.5013)
(-0.7918, -0.1178, 4.4568)
(-1.2359, -0.071, 4.5544)
(-1.2618, -0.3868, 4.5447)
(-1.2335, 0.3182, 4.5204)
(-1.7001, 0.3997, 4.6199)
(-1.6788, -0.006, 4.6036)
(-1.7102, 0.832, 4.5547)
(-2.1615, 0.9251, 4.6149)
(-2.1502, 0.4975, 4.6414)
(-2.1656, 1.3615, 4.5223)
(-2.6103, 1.4505, 4.5614)
(-2.5989, 1.0268, 4.5878)
(-2.6091, 1.8862, 4.5006)
(-3.0594, 1.9617, 4.5399)
(-3.0523, 1.5344, 4.5491)
(-3.0384, 2.4456, 4.4596)
(-3.4468, 2.5391, 4.4339)
(-3.4613, 2.0561, 4.4469)
(-3.4371, 3.0667, 4.3955)
(-3.7921, 3.1692, 4.4161)
(-3.7969, 2.646, 4.3447)
(-3.7719, 3.6974, 4.3772)
(-4.1297, 3.2708, 4.4106)
(-0.3056, -0.2323, 4.3214)
(-0.3252, 0.1214, 4.1723)
(-0.7806, 0.2321, 4.3619)
(-0.8511, 0.6276, 4.2084)
(-1.2701, 0.7343, 4.4124)
(-1.3472, 1.125, 4.2078)
(-1.7424, 1.2503, 4.3952)
(-1.8122, 1.6284, 4.155)
(-2.1869, 1.7765, 4.3615)
(-2.2115, 2.1663, 4.1616)
(-2.6007, 2.3237, 4.3678)
(-2.6467, 2.7205, 4.1413)
(-3.0528, 2.9091, 4.2998)
(-3.118, 3.2789, 4.044)
(-3.4487, 3.5274, 4.2358)
(-3.4607, 3.8619, 3.9974)
(1.0753, -0.1978, 3.5424)
(0.7059, -0.2326, 3.7661)
(0.9395, -0.5299, 3.7712)
(0.4848, 0.0933, 3.6616)
(0.1098, 0.0676, 3.9288)
(0.3163, -0.2893, 4.0416)
(-0.0784, 0.4717, 3.7154)
(-0.4508, 0.5346, 3.9712)
(-0.6372, 0.8855, 3.7187)
(-0.9856, 0.9899, 3.9764)
(-1.1769, 1.277, 3.6782)
(-1.4722, 1.46, 3.9247)
(-1.6276, 1.739, 3.6091)
(-1.9055, 1.9621, 3.88)
(-1.996, 2.249, 3.6118)
(-2.276, 2.5088, 3.9113)
(-2.4478, 2.7264, 3.5953)
(-2.7793, 3.009, 3.8281)
(-2.9308, 3.1577, 3.5284)
(-3.2017, 3.5116, 3.7644)
(-3.3501, 3.634, 3.5034)
(1.2285, 0.2487, 3.2028)
(0.8505, 0.1487, 3.4233)
(0.6012, 0.4592, 3.1929)
(0.2577, 0.436, 3.4424)
(0.022, 0.7657, 3.1715)
(-0.2957, 0.827, 3.453)
(-0.5638, 1.0727, 3.1532)
(-0.8885, 1.1336, 3.4187)
(-1.1873, 1.2863, 3.0988)
(-1.4095, 1.4889, 3.3588)
(-1.5785, 1.7036, 3.0366)
(-1.7474, 1.987, 3.3094)
(-1.9337, 2.1276, 3.0467)
(-2.1692, 2.4042, 3.3427)
(-2.4447, 2.4497, 3.0564)
(-2.6729, 2.805, 3.2941)
(-2.9172, 2.8536, 3.0746)
(-3.1232, 3.2272, 3.2937)
(-3.3783, 3.2496, 3.1098)
(1.3361, 0.6936, 2.7882)
(0.9712, 0.5566, 2.9876)
(0.6948, 0.7763, 2.6889)
(0.3436, 0.7194, 2.9007)
(0.0932, 0.9674, 2.5984)
(-0.2306, 1.0347, 2.8802)
(-0.5246, 1.1939, 2.5605)
(-0.8728, 1.2066, 2.8287)
(-1.1885, 1.281, 2.4995)
(-1.4483, 1.4209, 2.7718)
(-1.6416, 1.6167, 2.4417)
(-1.752, 1.8981, 2.7334)
(-2.0798, 1.9424, 2.4781)
(-2.2652, 2.1492, 2.7935)
(-2.6029, 2.2214, 2.5257)
(-2.741, 2.5289, 2.8016)
(-3.0182, 2.5841, 2.7121)
(-3.2004, 2.8771, 2.9707)
(-3.4474, 2.8299, 2.9404)
(1.3956, 1.1195, 2.3438)
(1.0523, 0.9389, 2.5241)
(0.7675, 1.0992, 2.193)
(0.4288, 0.9505, 2.3526)
(0.1573, 1.1402, 2.0291)
(-0.1796, 1.1724, 2.2882)
(-0.4882, 1.2815, 1.9591)
(-0.8436, 1.2709, 2.2278)
(-1.1597, 1.3102, 1.8953)
(-1.4623, 1.3793, 2.168)
(-1.7075, 1.5402, 1.8466)
(-1.8925, 1.768, 2.1438)
(-2.2446, 1.7572, 1.8944)
(-2.4647, 1.9255, 2.2415)
(-2.7862, 2.0279, 2.0258)
(-2.8726, 2.3391, 2.3591)
(-2.9987, 2.3159, 2.4362)
(-3.1907, 2.5334, 2.7871)
(-3.3417, 2.5376, 2.8696)
(1.433, 1.5363, 1.8886)
(1.0993, 1.3429, 2.0705)
(0.7976, 1.508, 1.7519)
(0.4835, 1.2468, 1.8523)
(0.1805, 1.3905, 1.5232)
(-0.1437, 1.278, 1.7033)
(-0.46, 1.3663, 1.373)
(-0.8087, 1.329, 1.625)
(-1.1179, 1.3788, 1.2995)
(-1.4511, 1.3829, 1.5703)
(-1.7343, 1.5031, 1.2673)
(-1.9927, 1.6396, 1.5608)
(-2.2657, 1.6387, 1.2898)
(-2.556, 1.6667, 1.64)
(1.4615, 1.9102, 1.402)
(1.123, 1.7543, 1.619)
(0.801, 1.9275, 1.3172)
(0.4854, 1.6575, 1.4283)
(0.168, 1.8028, 1.1053)
(-0.1327, 1.5207, 1.1968)
(-0.4428, 1.6572, 0.8811)
(-0.7687, 1.4646, 1.0529)
(-1.0653, 1.5776, 0.7481)
(-1.4111, 1.4747, 0.991)
(-1.6964, 1.5963, 0.6983)
(-2.0069, 1.5952, 0.9803)
(-2.2319, 1.6869, 0.6988)
(-2.4775, 1.6768, 1.009)
(1.4906, 2.2465, 0.8938)
(1.1434, 2.1204, 1.1328)
(0.8204, 2.2742, 0.8241)
(0.4788, 2.0764, 0.9997)
(0.1588, 2.2127, 0.6771)
(-0.1485, 1.9488, 0.7897)
(-0.455, 2.0914, 0.4806)
(-0.7441, 1.7967, 0.5798)
(-1.0366, 1.946, 0.2912)
(-1.3549, 1.7148, 0.4607)
(-1.638, 1.8533, 0.1759)
(-1.9539, 1.7203, 0.4133)
(-2.1661, 1.8559, 0.1313)
(-2.4215, 1.8126, 0.418)
(1.517, 2.5365, 0.3707)
(1.1744, 2.4133, 0.6039)
(0.8588, 2.488, 0.2668)
(0.5021, 2.3835, 0.4908)
(0.1908, 2.4641, 0.1469)
(-0.1515, 2.3368, 0.3504)
(-0.45, 2.4589, 0.028)
(-0.7504, 2.2351, 0.1771)
(-1.0418, 2.3754, -0.1291)
(-1.3265, 2.0918, 0.0021)
(-1.6156, 2.2238, -0.2955)
(-1.8971, 1.99, -0.1087)
(-2.1057, 2.093, -0.4146)
(-2.3499, 1.9623, -0.1704)
(1.4864, 2.7849, -0.1433)
(1.2057, 2.5883, 0.0422)
(0.8845, 2.5918, -0.299)
(0.5486, 2.5077, -0.0861)
(0.2404, 2.5335, -0.4428)
(-0.1125, 2.5377, -0.1967)
(-0.4058, 2.5967, -0.515)
(-0.7409, 2.5791, -0.2897)
(-1.0217, 2.6182, -0.6146)
(-1.3337, 2.4846, -0.4543)
(-1.5911, 2.4883, -0.7864)
(-1.8677, 2.3068, -0.6128)
(-2.0203, 2.2801, -0.9657)
(-2.2475, 2.1125, -0.7635)
(1.3353, 3.1529, -0.5601)
(1.135, 2.8402, -0.4298)
(0.7968, 2.8976, -0.7423)
(0.5681, 2.6177, -0.648)
(0.247, 2.6435, -0.9924)
(-0.0647, 2.5408, -0.7776)
(-0.3757, 2.518, -1.0251)
(-0.6861, 2.5533, -0.7932)
(-0.9431, 2.4945, -1.0865)
(-1.2576, 2.5214, -0.951)
(-1.4573, 2.4006, -1.2969)
(-1.7533, 2.3521, -1.1395)
(-1.8853, 2.2755, -1.5344)
(-2.1161, 2.219, -1.3642)
(1.171, 3.4563, -0.9871)
(0.9641, 3.256, -0.7963)
(0.6196, 3.298, -1.0952)
(0.4755, 2.9476, -1.0821)
(0.0822, 3.0285, -1.358)
(-0.1156, 2.705, -1.2497)
(-0.4933, 2.8204, -1.397)
(-0.6864, 2.5802, -1.228)
(-0.9943, 2.7645, -1.4688)
(-1.2026, 2.5643, -1.4104)
(-1.488, 2.667, -1.7527)
(-1.6836, 2.3998, -1.669)
(-1.8846, 2.4754, -2.0775)
(-2.0319, 2.3065, -1.9856)
(1.0731, 3.4895, -1.4808)
(0.7971, 3.4733, -1.2185)
(0.4271, 3.5723, -1.4279)
(0.2266, 3.3539, -1.3611)
(-0.1868, 3.4816, -1.5598)
(-0.3543, 3.1387, -1.5382)
(-0.7497, 3.2934, -1.5686)
(-0.8634, 2.9935, -1.4837)
(-1.1939, 3.1876, -1.6667)
(-1.2926, 2.9451, -1.7728)
(-1.6309, 3.0217, -2.0293)
(-1.7527, 2.7415, -2.0917)
(-1.9999, 2.8196, -2.3525)
(-2.0257, 2.5872, -2.4595)
(1.0752, 3.8134, -1.9142)
(0.7434, 3.707, -1.6323)
(0.4396, 3.9441, -1.7585)
(0.09, 3.7825, -1.5754)
(-0.2023, 3.8695, -1.7155)
(-0.5308, 3.629, -1.6553)
(-0.8394, 3.6734, -1.723)
(-1.093, 3.4519, -1.6126)
(-1.4376, 3.4692, -1.7732)
(-1.569, 3.2782, -1.8484)
(-1.9888, 3.2554, -1.9966)
(-2.0371, 3.0295, -2.1595)
(-2.3873, 3.0243, -2.2922)
(-2.3181, 2.8297, -2.4714)
(1.0223, 4.0955, -2.4186)
(0.7563, 4.0341, -2.0634)
(0.4332, 4.0314, -2.2337)
(0.1546, 3.9393, -1.9182)
(-0.1504, 3.7889, -2.0807)
(-0.4841, 3.738, -1.8761)
(-0.7927, 3.6139, -2.0389)
(-1.1386, 3.5475, -1.9124)
(-1.4343, 3.4481, -2.1309)
(-1.7645, 3.3706, -2.0156)
(-2.0215, 3.4158, -2.3461)
(-2.2858, 3.2806, -2.2758)
(-2.4355, 3.3648, -2.6314)
(-2.5911, 3.0552, -2.5483)
(0.8603, 4.1861, -2.8617)
(0.6469, 4.1595, -2.5822)
(0.2807, 4.0995, -2.6332)
(0.0771, 3.9455, -2.3645)
(-0.283, 4.0336, -2.3522)
(-0.5061, 3.8152, -2.1473)
(-0.8595, 3.9448, -2.1393)
(-1.1305, 3.6712, -2.1262)
(-1.3931, 3.7759, -2.2879)
(-1.6874, 3.542, -2.3766)
(-1.8946, 3.7246, -2.6818)
(-2.1923, 3.5683, -2.7044)
(-2.3272, 3.6849, -3.0289)
(-2.5278, 3.4454, -3.0103)
(0.6745, 4.0623, -2.9112)
(0.5235, 4.1155, -2.7694)
(0.2614, 4.1361, -2.5426)
(-0.031, 4.1613, -2.5138)
(-0.3375, 4.3544, -2.403)
(-0.6055, 4.1767, -2.2919)
(-0.8487, 4.1227, -2.3501)
(-1.1094, 3.9392, -2.2464)
(-1.2915, 3.954, -2.4999)
(-1.6015, 3.8935, -2.573)
(-1.8764, 4.0752, -2.7936)
(-2.1267, 3.8925, -2.9239)
(-2.3492, 4.047, -3.0694)
(-2.486, 3.8141, -3.2375)
(-1.2737, -0.5904, 4.5199)
(-1.6353, -0.3449, 4.5335)
(-1.6031, -0.5629, 4.4731)
(-2.1008, 0.1029, 4.5991)
(-2.0198, -0.2638, 4.5023)
(-2.5602, 0.6272, 4.5954)
(-2.4973, 0.2424, 4.555)
(-3.005, 1.1556, 4.5244)
(-2.9463, 0.7794, 4.5188)
(-3.4391, 1.6704, 4.4601)
(-3.385, 1.3176, 4.4414)
(-3.7772, 2.2255, 4.2619)
(-3.7451, 1.8711, 4.2454)
(-4.1076, 2.8258, 4.2744)
(-4.0585, 2.4479, 4.1154)
(-4.437, 3.0458, 4.2474)
(4.7376, -5.0647, -0.8405)
(4.105, -3.8957, -0.8227)
(4.1918, -3.7308, -0.9407)
(4.1464, -3.7123, -1.2848)
(4.1627, -3.9498, -1.3515)
(4.286, -4.3539, -1.1904)
(4.3997, -4.8201, -1.0297)
(1.4385, -3.1886, 2.5279)
(1.8864, -3.3866, 2.2178)
(2.3683, -3.6924, 1.8333)
(2.8077, -4.0383, 1.4282)
(3.2229, -4.3813, 1.0127)
(3.5266, -4.4353, 0.5415)
(3.8032, -4.4243, 0.0161)
(4.1649, -4.6314, -0.5358)
(0.9685, -3.1473, 2.1526)
(1.4576, -3.4411, 1.7941)
(1.9446, -3.7702, 1.4062)
(2.4025, -4.0896, 1.001)
(2.8437, -4.3895, 0.5787)
(3.2508, -4.4066, 0.1638)
(3.6192, -4.2248, -0.2468)
(4.0033, -4.2257, -0.7225)
(-0.5606, -2.3967, 2.0473)
(0.015, -2.743, 1.9174)
(0.5558, -3.1309, 1.6923)
(1.0521, -3.5336, 1.3434)
(1.5437, -3.857, 0.9616)
(2.0281, -4.1002, 0.5402)
(2.5106, -4.2976, 0.1026)
(3.021, -4.3851, -0.3166)
(3.5398, -4.2782, -0.6272)
(3.9178, -4.0578, -0.952)
(-0.7141, -2.3285, 1.5686)
(-0.1789, -2.6892, 1.3617)
(0.2623, -3.1479, 1.1299)
(0.7074, -3.5716, 0.8447)
(1.2294, -3.8076, 0.5019)
(1.7682, -3.9255, 0.1268)
(2.3208, -3.9879, -0.2446)
(2.8584, -4.0375, -0.6388)
(3.4195, -4.0948, -0.8228)
(3.86, -3.9281, -0.9588)
(-0.9058, -2.2641, 0.9852)
(-0.3695, -2.6324, 0.7697)
(0.0572, -3.1037, 0.5498)
(0.5286, -3.4203, 0.3314)
(1.1326, -3.4578, 0.148)
(1.7556, -3.4553, -0.0311)
(2.3296, -3.4454, -0.3289)
(2.8557, -3.4629, -0.7039)
(3.3901, -3.5752, -0.7424)
(3.8456, -3.6979, -0.7037)
(-1.099, -2.2222, 0.4016)
(-0.5473, -2.5787, 0.1884)
(-0.0535, -2.9906, -0.0331)
(0.4989, -3.2379, -0.2141)
(1.1483, -3.178, -0.2555)
(1.8004, -3.0475, -0.2406)
(2.4014, -2.9307, -0.3621)
(2.9503, -2.9969, -0.5588)
(3.498, -3.2158, -0.6117)
(3.8934, -3.5644, -0.6539)
(-1.2736, -2.1696, -0.182)
(-0.699, -2.5083, -0.3934)
(-0.1344, -2.8532, -0.617)
(0.4778, -3.063, -0.7842)
(1.1162, -2.9593, -0.78)
(1.7234, -2.693, -0.665)
(2.2962, -2.4594, -0.5568)
(-1.3914, -2.0337, -0.7597)
(-0.7951, -2.337, -0.9567)
(-0.1921, -2.6194, -1.1636)
(0.4437, -2.7354, -1.2852)
(1.0473, -2.5572, -1.2099)
(1.5963, -2.2542, -1.0345)
(2.0785, -2.0187, -0.8865)
(-1.4664, -1.8495, -1.3352)
(-0.8525, -2.1115, -1.5121)
(-0.2187, -2.3064, -1.6777)
(0.4232, -2.3479, -1.751)
(0.9928, -2.1537, -1.6407)
(1.4972, -1.839, -1.439)
(1.9535, -1.5944, -1.287)
(-1.5219, -1.6605, -1.9111)
(-0.8942, -1.8863, -2.0658)
(-0.2332, -1.9776, -2.1739)
(0.418, -1.9657, -2.219)
(0.9845, -1.7995, -2.1239)
(1.4525, -1.4684, -1.9009)
(1.8615, -1.1828, -1.7181)
(-1.5467, -1.4396, -2.4774)
(-0.9056, -1.615, -2.5983)
(-0.2345, -1.6047, -2.6401)
(0.4155, -1.5638, -2.6736)
(0.9931, -1.4401, -2.6137)
(1.4331, -1.0982, -2.3811)
(1.7898, -0.7698, -2.1706)
(-1.5446, -1.1948, -3.0341)
(-0.8959, -1.3371, -3.1278)
(-0.2369, -1.2453, -3.1158)
(0.4025, -1.161, -3.1319)
(1.0044, -1.0642, -3.0962)
(1.4148, -0.7059, -2.8519)
(1.6932, -0.3266, -2.603)
(-1.5225, -0.9348, -3.5825)
(-0.8693, -1.0372, -3.6427)
(-0.2536, -0.8538, -3.5562)
(0.3434, -0.6926, -3.4595)
(0.9629, -0.6041, -3.3618)
(1.4186, -0.2722, -3.2225)
(1.7084, 0.0993, -3.0661)
(-1.4835, -0.6628, -4.1219)
(-0.8201, -0.7154, -4.1445)
(-0.2117, -0.5033, -4.0076)
(0.3672, -0.2868, -3.8122)
(0.9814, -0.1602, -3.6546)
(1.5068, 0.1344, -3.6304)
(1.8726, 0.4657, -3.58)
(-1.4262, -0.388, -4.6557)
(-0.7601, -0.3881, -4.6418)
(-0.1195, -0.1854, -4.4971)
(0.479, 0.0388, -4.3206)
(1.0982, 0.199, -4.1627)
(1.7074, 0.3408, -4.0906)
(2.1496, 0.5045, -3.9749)
(-1.3422, -0.0818, -5.1609)
(-0.6862, -0.111, -5.1594)
(-0.0247, 0.041, -5.0193)
(0.6065, 0.2223, -4.8499)
(1.2474, 0.3778, -4.672)
(1.8512, 0.5033, -4.4623)
(2.2915, 0.631, -4.215)
(-1.2396, 0.305, -5.5931)
(-0.611, 0.1937, -5.6543)
(0.0623, 0.2746, -5.5279)
(0.7207, 0.4138, -5.3446)
(1.3575, 0.5885, -5.1316)
(1.91, 0.8364, -4.8388)
(2.3292, 1.0728, -4.5346)
(-1.1552, 0.686, -5.9164)
(-0.57, 0.5471, -6.0122)
(0.0974, 0.6341, -5.8751)
(0.7533, 0.7725, -5.6898)
(1.3885, 0.9481, -5.4687)
(1.9898, 1.1559, -5.1979)
(2.4585, 1.3507, -4.9233)
(1.8183, -3.1704, 2.8137)
(2.2585, -3.3413, 2.5751)
(2.7456, -3.6165, 2.1775)
(3.1842, -3.9037, 1.7258)
(3.5772, -4.204, 1.2504)
(3.8756, -4.4226, 0.704)
(4.1548, -4.6017, 0.1401)
(4.5207, -4.8549, -0.3857)
(5.2915, -5.0759, -0.6058)
(4.2559, -3.5918, -0.9527)
(4.6395, -3.5174, -1.089)
(5.1714, -3.5667, -1.0547)
(5.6399, -3.8328, -0.8775)
(5.8493, -4.2742, -0.657)
(5.6503, -4.7623, -0.5615)
(2.5056, -2.5539, 3.2363)
(2.9454, -2.8277, 2.9388)
(3.4331, -3.1215, 2.5173)
(3.8581, -3.3958, 2.01)
(4.2456, -3.6691, 1.4711)
(4.6225, -3.9496, 0.9037)
(4.9741, -4.213, 0.3635)
(5.3317, -4.5134, -0.1325)
(2.635, -2.007, 3.1981)
(3.1711, -2.2937, 2.8566)
(3.6682, -2.5903, 2.414)
(4.0675, -2.8831, 1.8929)
(4.4336, -3.182, 1.3511)
(4.8162, -3.4604, 0.7851)
(5.1619, -3.7438, 0.2427)
(5.5377, -4.0607, -0.2314)
(1.5732, -0.7093, 3.4544)
(2.1043, -1.0978, 3.2461)
(2.6625, -1.4538, 2.9558)
(3.2193, -1.7654, 2.5661)
(3.6702, -2.0806, 2.1078)
(4.0128, -2.3928, 1.5757)
(4.3289, -2.6888, 1.0181)
(4.634, -2.994, 0.4541)
(4.9422, -3.3348, -0.0599)
(5.3338, -3.6813, -0.4874)
(1.6839, -0.3062, 3.1794)
(2.1639, -0.6609, 2.8715)
(2.685, -0.9772, 2.5447)
(3.1341, -1.3252, 2.1581)
(3.447, -1.7159, 1.7033)
(3.7114, -2.0837, 1.1951)
(4.002, -2.379, 0.6521)
(4.2402, -2.7181, 0.1324)
(4.5049, -3.1336, -0.3152)
(4.8837, -3.5154, -0.7403)
(1.7574, 0.1652, 2.7996)
(2.1356, -0.2342, 2.4265)
(2.6071, -0.5773, 2.0791)
(2.9381, -0.9907, 1.7012)
(3.0805, -1.4974, 1.2911)
(3.2461, -1.9561, 0.8378)
(3.5056, -2.2956, 0.3174)
(3.7346, -2.6552, -0.177)
(4.0066, -3.1171, -0.4911)
(4.3884, -3.5307, -0.8067)
(1.7874, 0.6135, 2.3767)
(2.0519, 0.1572, 1.9765)
(2.4313, -0.2511, 1.5998)
(2.6688, -0.7243, 1.2287)
(2.7024, -1.3002, 0.87)
(2.7851, -1.8347, 0.4746)
(2.983, -2.2887, 0.0112)
(3.2642, -2.7359, -0.3642)
(3.6808, -3.1232, -0.5378)
(4.0741, -3.5205, -0.7165)
(1.8346, 1.0408, 1.9344)
(2.0, 0.5394, 1.5261)
(2.2102, 0.0469, 1.1338)
(2.3704, -0.4756, 0.7668)
(2.4096, -1.0485, 0.4132)
(2.4565, -1.6068, 0.0503)
(2.541, -2.1063, -0.3173)
(1.9186, 1.434, 1.4724)
(2.0787, 0.9251, 1.0792)
(2.1527, 0.3805, 0.6766)
(2.2496, -0.1735, 0.3019)
(2.3288, -0.7254, -0.0542)
(2.3685, -1.272, -0.4011)
(2.3346, -1.7303, -0.6967)
(1.997, 1.7958, 0.9876)
(2.2211, 1.2952, 0.6183)
(2.2874, 0.7417, 0.2135)
(2.3553, 0.1874, -0.1638)
(2.416, -0.3542, -0.5124)
(2.4073, -0.8882, -0.8488)
(2.2731, -1.3241, -1.1227)
(2.0329, 2.1559, 0.4957)
(2.2852, 1.6575, 0.1349)
(2.3733, 1.1002, -0.2611)
(2.4348, 0.5494, -0.6339)
(2.4725, 0.0166, -0.9786)
(2.4095, -0.5058, -1.3057)
(2.2049, -0.9181, -1.5589)
(1.9959, 2.5102, 0.0041)
(2.2223, 2.0062, -0.3586)
(2.2937, 1.4441, -0.7471)
(2.3738, 0.9006, -1.1132)
(2.4504, 0.3803, -1.4484)
(2.3371, -0.1161, -1.7344)
(2.0972, -0.5022, -1.9759)
(1.8675, 2.8419, -0.4837)
(2.0409, 2.3202, -0.844)
(2.0917, 1.7542, -1.2254)
(2.1258, 1.1886, -1.5166)
(2.1605, 0.6329, -1.706)
(2.0758, 0.2197, -1.9844)
(1.9161, -0.0648, -2.3341)
(1.6722, 3.1353, -0.9604)
(1.8046, 2.5893, -1.3192)
(1.8614, 2.0169, -1.7067)
(1.869, 1.4236, -1.9224)
(1.8748, 0.8193, -1.963)
(1.9189, 0.5129, -2.2947)
(1.9054, 0.3884, -2.7947)
(1.636, 3.2777, -1.4059)
(1.9012, 2.8267, -1.6966)
(1.9959, 2.2366, -2.0492)
(2.0015, 1.6289, -2.2998)
(1.9734, 1.0346, -2.4498)
(2.0573, 0.8137, -2.843)
(2.0997, 0.7626, -3.3308)
(1.6995, 3.4319, -1.8658)
(2.1489, 3.0613, -2.0979)
(2.3579, 2.4783, -2.3704)
(2.3887, 1.8562, -2.6411)
(2.2693, 1.2851, -2.9277)
(2.3242, 0.9388, -3.2859)
(2.397, 0.7325, -3.6613)
(1.6478, 3.7072, -2.3793)
(2.0889, 3.2676, -2.6184)
(2.2921, 2.6795, -2.7702)
(2.4133, 2.1131, -2.9789)
(2.5219, 1.6041, -3.235)
(2.6192, 1.1208, -3.5144)
(2.5851, 0.8077, -3.8842)
(1.4518, 3.8819, -2.8583)
(1.7586, 3.336, -2.9764)
(2.0072, 2.8229, -3.0432)
(2.3575, 2.4259, -3.1946)
(2.6292, 1.979, -3.3901)
(2.6911, 1.5367, -3.7512)
(2.6139, 1.2633, -4.207)
(1.1291, 3.9129, -3.0661)
(1.4584, 3.4053, -3.0505)
(1.9569, 3.0736, -3.1498)
(2.4104, 2.7175, -3.2872)
(2.6059, 2.2508, -3.5473)
(2.755, 1.8274, -3.982)
(2.8305, 1.5227, -4.4127)
(2.251, -2.933, 3.1394)
(2.6159, -3.1965, 2.8335)
(3.0939, -3.4837, 2.4221)
(3.5177, -3.7411, 1.9219)
(3.8882, -3.9926, 1.3744)
(4.215, -4.2736, 0.7907)
(4.5748, -4.5536, 0.2189)
(4.9622, -4.8467, -0.2751)
(-4.8647, 3.4722, 4.1198)
(-3.6994, 2.9837, 2.8338)
(-3.8257, 3.3016, 2.7357)
(-4.1463, 3.5648, 2.5039)
(-4.5581, 3.571, 2.5895)
(-4.8125, 3.513, 3.0857)
(-4.934, 3.4936, 3.6679)
(-1.9683, -0.9371, 3.8396)
(-2.3637, -0.5003, 3.9003)
(-2.7711, 0.0687, 3.9019)
(-3.131, 0.672, 3.8435)
(-3.5045, 1.265, 3.7562)
(-3.9025, 1.8763, 3.6593)
(-4.2891, 2.4725, 3.6085)
(-4.6555, 3.0168, 3.6387)
(-2.0258, -1.105, 3.2858)
(-2.4524, -0.5824, 3.3279)
(-2.7973, 0.0333, 3.3189)
(-3.0779, 0.6707, 3.2658)
(-3.3631, 1.3069, 3.1917)
(-3.7021, 1.935, 3.1362)
(-4.0706, 2.5354, 3.1261)
(-4.4642, 3.0748, 3.1164)
(-1.1164, -2.044, 2.2465)
(-1.6103, -1.6595, 2.5074)
(-2.0953, -1.1795, 2.6869)
(-2.5488, -0.6114, 2.7437)
(-2.9121, -0.0152, 2.7827)
(-3.2136, 0.6008, 2.79)
(-3.4767, 1.2442, 2.7539)
(-3.7453, 1.8901, 2.7229)
(-4.033, 2.5239, 2.7043)
(-4.3224, 3.1092, 2.628)
(-1.2821, -1.9989, 1.7703)
(-1.8319, -1.6478, 1.963)
(-2.3528, -1.2281, 2.1243)
(-2.8239, -0.7247, 2.2414)
(-3.2148, -0.1625, 2.3183)
(-3.5008, 0.4566, 2.3366)
(-3.7079, 1.1145, 2.3043)
(-3.8961, 1.7773, 2.265)
(-4.0166, 2.4238, 2.2935)
(-4.0789, 3.051, 2.3726)
(-1.4837, -1.9476, 1.1896)
(-2.064, -1.6303, 1.3859)
(-2.6156, -1.2702, 1.5795)
(-2.979, -0.7864, 1.7691)
(-3.1701, -0.1862, 1.9283)
(-3.3219, 0.4643, 2.0235)
(-3.4451, 1.1387, 2.0238)
(-3.5685, 1.8119, 2.005)
(-3.6271, 2.3763, 2.224)
(-3.6688, 2.8972, 2.5768)
(-1.6764, -1.8959, 0.6051)
(-2.2591, -1.5759, 0.8036)
(-2.7922, -1.1968, 1.0047)
(-3.0087, -0.657, 1.231)
(-2.9662, -0.021, 1.489)
(-2.9364, 0.6173, 1.7335)
(-2.9303, 1.2762, 1.9009)
(-3.0419, 1.927, 2.0242)
(-3.2178, 2.3332, 2.3939)
(-3.445, 2.6583, 2.8085)
(-1.8524, -1.8297, 0.0193)
(-2.4349, -1.4895, 0.2176)
(-2.9159, -1.0503, 0.4259)
(-3.0491, -0.4565, 0.6676)
(-2.913, 0.1778, 0.9383)
(-2.7562, 0.7927, 1.2168)
(-2.6268, 1.3729, 1.4831)
(-1.9762, -1.7055, -0.5667)
(-2.5349, -1.3388, -0.368)
(-2.927, -0.8442, -0.1452)
(-2.972, -0.2353, 0.1098)
(-2.8154, 0.3699, 0.3814)
(-2.6636, 0.9568, 0.6577)
(-2.5383, 1.4555, 0.8949)
(-2.0503, -1.5305, -1.1504)
(-2.5701, -1.1324, -0.9475)
(-2.8902, -0.6044, -0.7093)
(-2.9038, -0.0072, -0.4455)
(-2.7695, 0.5677, -0.1777)
(-2.6369, 1.1295, 0.0932)
(-2.4992, 1.6034, 0.3171)
(-2.0983, -1.3328, -1.7297)
(-2.5909, -0.9079, -1.5213)
(-2.8886, -0.365, -1.2745)
(-2.929, 0.2263, -1.0024)
(-2.8313, 0.7903, -0.731)
(-2.6756, 1.3308, -0.467)
(-2.4701, 1.7728, -0.26)
(-2.1199, -1.1102, -2.3012)
(-2.5928, -0.6679, -2.0883)
(-2.8844, -0.1162, -1.835)
(-2.9725, 0.4745, -1.5557)
(-2.9127, 1.0391, -1.2796)
(-2.6999, 1.5541, -1.025)
(-2.4046, 1.9491, -0.8411)
(-2.1206, -0.8717, -2.8661)
(-2.5822, -0.4216, -2.6509)
(-2.8634, 0.1377, -2.3918)
(-2.9568, 0.7344, -2.1065)
(-2.8534, 1.2909, -1.8214)
(-2.5178, 1.7271, -1.5451)
(-2.214, 2.0691, -1.4002)
(-2.1089, -0.6304, -3.4284)
(-2.5713, -0.1842, -3.2142)
(-2.8627, 0.3662, -2.949)
(-2.8764, 0.9192, -2.6475)
(-2.6037, 1.3771, -2.3194)
(-2.2563, 1.7577, -2.016)
(-2.0837, 2.1532, -1.9839)
(-2.0817, -0.3935, -3.989)
(-2.5011, 0.0556, -3.7551)
(-2.7216, 0.5918, -3.4334)
(-2.7328, 1.1229, -3.1086)
(-2.444, 1.5059, -2.7666)
(-2.1731, 1.9095, -2.4844)
(-2.1015, 2.4417, -2.4883)
(-1.9738, -0.1232, -4.499)
(-2.2248, 0.3102, -4.1449)
(-2.2851, 0.7391, -3.6665)
(-2.3665, 1.2439, -3.3097)
(-2.3734, 1.7399, -3.0849)
(-2.375, 2.2039, -2.8116)
(-2.3785, 2.6867, -2.5964)
(-1.7309, 0.1939, -4.8872)
(-1.7576, 0.5616, -4.3665)
(-1.8365, 0.8964, -3.8526)
(-2.0341, 1.3822, -3.5456)
(-2.2226, 1.9965, -3.3673)
(-2.5034, 2.5066, -3.0731)
(-2.6286, 2.8868, -2.7257)
(-1.4812, 0.5885, -5.2038)
(-1.4305, 0.9121, -4.6223)
(-1.6908, 1.2205, -4.2251)
(-2.0879, 1.6622, -4.0154)
(-2.2897, 2.2699, -3.7793)
(-2.4858, 2.828, -3.4819)
(-2.5718, 3.2548, -3.1717)
(-1.3354, 0.9929, -5.4749)
(-1.3359, 1.3066, -4.9036)
(-1.722, 1.5364, -4.5937)
(-2.214, 1.8621, -4.4409)
(-2.4478, 2.4442, -4.1946)
(-2.5215, 3.0527, -3.8947)
(-2.5026, 3.5248, -3.581)
(-1.8157, -0.7599, 4.2476)
(-2.161, -0.3469, 4.3319)
(-2.613, 0.1811, 4.3628)
(-3.042, 0.7398, 4.3174)
(-3.4772, 1.2903, 4.2384)
(-3.8529, 1.8796, 4.1138)
(-4.1969, 2.4813, 4.0371)
(-4.5761, 3.0314, 4.0942)
(-4.5488, 3.6217, 4.4624)
(-3.783, 2.9865, 2.875)
(-3.7759, 3.3784, 2.9081)
(-3.6697, 3.8929, 3.1583)
(-3.6436, 4.2517, 3.6445)
(-3.8557, 4.3001, 4.151)
(-4.2308, 3.9824, 4.437)
(-1.039, -0.2555, 4.5252)
(-1.4614, 0.151, 4.5905)
(-1.934, 0.6599, 4.6284)
(-2.3852, 1.1906, 4.5857)
(-2.8388, 1.7029, 4.5557)
(-3.261, 2.2409, 4.4887)
(-3.6228, 2.8507, 4.4112)
(-3.9549, 3.4832, 4.4335)
(-0.5434, -0.0005, 4.3382)
(-1.0247, 0.4785, 4.3914)
(-1.5094, 0.9917, 4.4118)
(-1.9697, 1.5116, 4.3735)
(-2.3921, 2.0463, 4.3672)
(-2.8253, 2.6112, 4.3411)
(-3.2649, 3.216, 4.2621)
(-3.5981, 3.8323, 4.2208)
(1.0047, -0.3752, 3.6661)
(0.4054, -0.0944, 3.8584)
(-0.1759, 0.2939, 3.9585)
(-0.7223, 0.7642, 3.9792)
(-1.2345, 1.2217, 3.9564)
(-1.7002, 1.7046, 3.8922)
(-2.083, 2.2359, 3.8993)
(-2.5212, 2.7644, 3.8797)
(-3.0046, 3.2544, 3.7882)
(-3.3816, 3.7834, 3.7495)
(1.1534, 0.0168, 3.3862)
(0.5484, 0.2801, 3.4369)
(-0.0181, 0.6307, 3.4504)
(-0.5898, 0.9886, 3.4412)
(-1.1715, 1.2921, 3.3913)
(-1.5866, 1.7343, 3.3244)
(-1.9405, 2.2061, 3.3274)
(-2.422, 2.6026, 3.3223)
(-2.9014, 3.0118, 3.2896)
(-3.3505, 3.453, 3.2818)
(1.2896, 0.475, 3.0015)
(0.6498, 0.6227, 2.9423)
(0.0577, 0.8754, 2.8866)
(-0.5436, 1.139, 2.8587)
(-1.1937, 1.2801, 2.8008)
(-1.6025, 1.6614, 2.7414)
(-1.9894, 2.036, 2.7642)
(-2.5131, 2.3242, 2.7883)
(-2.97, 2.7137, 2.8812)
(-3.4241, 3.0312, 3.0034)
(1.3702, 0.9074, 2.5676)
(0.7353, 0.93, 2.4361)
(0.1283, 1.0516, 2.31)
(-0.5057, 1.2431, 2.2604)
(-1.1762, 1.2919, 2.1973)
(-1.678, 1.5761, 2.1425)
(-2.1715, 1.8505, 2.1882)
(-2.6923, 2.1243, 2.2752)
(-3.0239, 2.451, 2.5675)
(-3.4132, 2.6717, 2.8963)
(1.4161, 1.3312, 2.1188)
(0.7879, 1.2953, 1.9669)
(0.1747, 1.2468, 1.7646)
(-0.4732, 1.3106, 1.6593)
(-1.1406, 1.3348, 1.5949)
(-1.7281, 1.5114, 1.5556)
(-2.2685, 1.6833, 1.5926)
(1.4477, 1.7289, 1.6492)
(0.7997, 1.7225, 1.5386)
(0.1767, 1.5834, 1.3075)
(-0.4482, 1.4835, 1.1121)
(-1.0911, 1.4567, 1.0141)
(-1.7219, 1.5295, 0.9798)
(-2.2537, 1.6438, 0.992)
(1.4756, 2.0826, 1.1498)
(0.8078, 2.1136, 1.0794)
(0.1597, 2.0198, 0.9004)
(-0.4473, 1.8694, 0.6777)
(-1.0461, 1.7448, 0.5088)
(-1.6656, 1.7056, 0.4293)
(-2.2003, 1.7597, 0.4117)
(1.5062, 2.4003, 0.6344)
(0.8375, 2.4023, 0.5521)
(0.1702, 2.3639, 0.4242)
(-0.4572, 2.294, 0.2672)
(-1.0373, 2.1638, 0.0851)
(-1.6208, 2.0315, -0.0619)
(-2.1349, 1.97, -0.1429)
(1.5151, 2.6543, 0.1053)
(0.8804, 2.5332, -0.0243)
(0.2157, 2.5125, -0.1452)
(-0.4316, 2.5685, -0.2385)
(-1.041, 2.5486, -0.3663)
(-1.6163, 2.4009, -0.5363)
(-2.0714, 2.2096, -0.6883)
(1.421, 2.9565, -0.3602)
(0.8549, 2.7159, -0.5372)
(0.2573, 2.5614, -0.7332)
(-0.3809, 2.5432, -0.7813)
(-0.9786, 2.5535, -0.8573)
(-1.5203, 2.444, -1.0436)
(-1.9468, 2.2785, -1.2481)
(1.249, 3.3401, -0.7639)
(0.7184, 3.1087, -0.9241)
(0.1902, 2.8122, -1.1995)
(-0.4097, 2.6232, -1.2351)
(-0.9479, 2.5788, -1.295)
(-1.4546, 2.49, -1.5349)
(-1.8712, 2.3433, -1.8203)
(1.1086, 3.469, -1.2355)
(0.5077, 3.4322, -1.2649)
(-0.0649, 3.2485, -1.4765)
(-0.623, 3.048, -1.5022)
(-1.0767, 2.9766, -1.5944)
(-1.5318, 2.8539, -1.9364)
(-1.9122, 2.6543, -2.2641)
(1.0697, 3.6237, -1.6987)
(0.4148, 3.7699, -1.5828)
(-0.2256, 3.7243, -1.6214)
(-0.8235, 3.5359, -1.6257)
(-1.3337, 3.3723, -1.6993)
(-1.8159, 3.1562, -2.0046)
(-2.1965, 2.9226, -2.3157)
(1.063, 3.9762, -2.1562)
(0.4564, 4.0141, -1.9809)
(-0.1599, 3.8409, -1.8842)
(-0.8123, 3.6424, -1.8879)
(-1.4577, 3.4491, -1.948)
(-2.0499, 3.3282, -2.1321)
(-2.4543, 3.1854, -2.4184)
(0.9502, 4.169, -2.676)
(0.3573, 4.0624, -2.4787)
(-0.2076, 3.8696, -2.2448)
(-0.8208, 3.7502, -2.1017)
(-1.4158, 3.5891, -2.2273)
(-1.9548, 3.5542, -2.5413)
(-2.3765, 3.5257, -2.8578)
(0.7674, 4.1416, -2.9237)
(0.2542, 4.1227, -2.6341)
(-0.323, 4.1983, -2.3957)
(-0.8656, 4.0626, -2.2267)
(-1.3492, 3.8913, -2.3811)
(-1.873, 3.9, -2.7565)
(-2.3263, 3.862, -3.0818)
(-1.4451, -0.4847, 4.5212)
(-1.8611, -0.1398, 4.5667)
(-2.3338, 0.3619, 4.609)
(-2.7823, 0.8934, 4.5595)
(-3.2291, 1.4117, 4.5034)
(-3.6164, 1.9416, 4.3585)
(-3.9386, 2.5212, 4.241)
(-4.2872, 3.1322, 4.3408)
