(2.585, 1.5021, -5.4913)
(2.5087, 2.0722, -5.2018)
(2.2741, 2.6366, -4.8734)
(2.0156, 3.1939, -4.5456)
(1.7201, 3.7292, -4.2075)
(2.7121, 1.3077, -5.1163)
(2.6458, 1.8983, -4.823)
(1.3891, 4.1864, -3.8694)
(2.4228, 2.4704, -4.4972)
(1.1363, 4.3985, -3.5923)
(2.1464, 3.0182, -4.1688)
(1.7988, 3.5191, -3.8407)
(1.4129, 3.935, -3.5203)
(1.071, 4.251, -3.2841)
(2.8196, 1.0366, -4.6304)
(2.7259, 1.6378, -4.3356)
(2.4808, 2.2088, -4.0219)
(2.2237, 2.7647, -3.7073)
(1.9157, 3.2847, -3.3863)
(1.5331, 3.6493, -3.081)
(1.1724, 3.8589, -2.8229)
(2.8226, 0.7355, -4.1161)
(2.637, 1.3306, -3.8478)
(2.3163, 1.8864, -3.5826)
(2.0492, 2.4145, -3.3171)
(1.8155, 2.9774, -2.9978)
(1.6859, 3.4714, -2.706)
(1.5338, 3.8036, -2.3336)
(2.814, 0.4462, -3.5909)
(2.672, 1.0448, -3.332)
(2.3183, 1.5666, -3.0806)
(2.0594, 2.086, -2.7992)
(1.8035, 2.6298, -2.57)
(1.5328, 3.1169, -2.5328)
(1.1252, 3.3904, -2.4952)
(2.8103, 0.1649, -3.0587)
(2.6965, 0.7586, -2.8143)
(2.3345, 1.257, -2.5988)
(2.1463, 1.7828, -2.2996)
(1.8822, 2.3033, -2.071)
(1.5319, 2.7306, -2.0879)
(1.1922, 2.9906, -1.9816)
(2.7902, -0.101, -2.5184)
(2.7614, 0.515, -2.2812)
(2.5302, 1.0929, -2.0859)
(2.4613, 1.6847, -1.8714)
(2.1678, 2.1684, -1.6554)
(1.6596, 2.4223, -1.56)
(1.2367, 2.5807, -1.4658)
(2.7387, -0.3504, -1.9713)
(2.7691, 0.2779, -1.7383)
(2.6502, 0.899, -1.5324)
(2.6022, 1.4929, -1.335)
(2.2886, 1.9527, -1.1296)
(1.7947, 2.2375, -0.9864)
(1.4594, 2.5416, -0.859)
(2.6695, -0.5787, -1.4169)
(2.79, 0.0482, -1.1904)
(2.765, 0.6823, -0.98)
(2.6878, 1.2648, -0.7732)
(2.3519, 1.715, -0.5696)
(1.9034, 2.0619, -0.4051)
(1.5966, 2.3859, -0.2625)
(2.5659, -0.7794, -0.8571)
(2.7824, -0.1677, -0.6368)
(2.8703, 0.4619, -0.4301)
(2.7591, 1.038, -0.2172)
(2.3965, 1.4875, -0.0153)
(1.9952, 1.8915, 0.1666)
(1.7269, 2.2462, 0.3213)
(2.4327, -0.954, -0.293)
(2.7192, -0.3623, -0.0752)
(2.9277, 0.2442, 0.1305)
(2.8413, 0.8324, 0.3414)
(2.4824, 1.3104, 0.5412)
(2.124, 1.7682, 0.733)
(1.8735, 2.1397, 0.8971)
(2.3058, -1.1119, 0.2754)
(2.6592, -0.5452, 0.4918)
(2.9633, 0.0381, 0.6979)
(2.9608, 0.6548, 0.9022)
(2.6438, 1.1962, 1.0965)
(2.2968, 1.6966, 1.2931)
(2.0145, 2.0533, 1.4741)
(2.0795, -1.2006, 0.8281)
(2.469, -0.6708, 1.0461)
(2.8455, -0.1504, 1.259)
(2.9464, 0.4594, 1.4574)
(2.7309, 1.0603, 1.6512)
(2.4982, 1.6541, 1.8301)
(2.2361, 2.3228, 2.0454)
(1.8047, -1.246, 1.3723)
(2.2392, -0.7688, 1.596)
(2.6778, -0.344, 1.8049)
(2.783, 0.2472, 1.9579)
(2.6874, 2.7077, 2.3988)
(2.7073, 0.8712, 2.1356)
(2.7159, 1.5023, 2.2549)
(2.8166, 3.3594, 2.5685)
(2.8216, 2.1106, 2.1738)
(3.4288, 3.5028, 2.8011)
(2.9956, 2.6702, 2.2644)
(1.5385, -1.286, 1.9285)
(1.9817, -0.8252, 2.1503)
(2.4898, -0.4529, 2.3558)
(3.6606, 3.5646, 2.8771)
(2.8167, 0.0852, 2.4626)
(3.0817, 3.0533, 2.6443)
(2.9977, 0.7079, 2.4917)
(3.1497, 1.3511, 2.4931)
(3.3809, 3.3401, 2.8257)
(3.3052, 1.9919, 2.4412)
(3.5169, 3.6709, 2.7836)
(3.4919, 2.5784, 2.4304)
(1.2966, -1.3308, 2.4751)
(1.6947, -0.8426, 2.7124)
(2.2004, -0.3859, 2.8907)
(3.4791, 3.0519, 2.702)
(2.662, 0.1266, 2.9965)
(3.0393, 0.6931, 2.9993)
(3.4428, 3.5221, 2.6363)
(3.3631, 1.2855, 2.943)
(1.1133, -1.3636, 2.9175)
(3.5337, 3.9376, 2.5079)
(3.634, 1.9, 2.8628)
(3.8259, 2.5254, 2.8055)
(1.8672, -0.2126, 3.3885)
(1.321, -0.8434, 3.3344)
(3.8196, 3.0863, 2.8177)
(2.3333, 0.3293, 3.4579)
(2.7683, 0.8715, 3.4745)
(3.7268, 3.4794, 2.5055)
(3.1934, 1.4095, 3.4567)
(3.8069, 3.8563, 2.2761)
(3.5594, 1.9586, 3.3982)
(3.667, 2.5428, 3.2385)
(1.3191, -0.4382, 3.8515)
(1.5998, 0.0411, 3.8693)
(3.6363, 3.0847, 3.0125)
(2.0122, 0.5715, 3.9182)
(2.4754, 1.0877, 3.9553)
(3.8074, 3.578, 2.7874)
(2.96, 1.5776, 3.9762)
(4.0732, 3.9145, 2.5979)
(3.339, 2.0653, 3.9036)
(3.4052, 2.5223, 3.5867)
(1.1704, -0.1386, 4.2908)
(1.3615, 0.2921, 4.3235)
(3.6868, 3.0122, 3.3508)
(1.7245, 0.8229, 4.3583)
(2.1702, 1.3503, 4.3639)
(4.0946, 3.4882, 3.1474)
(2.6565, 1.8369, 4.3603)
(1.0909, 0.1475, 4.5017)
(4.4382, 3.7686, 2.9417)
(3.1105, 2.2972, 4.282)
(1.0894, 0.4657, 4.6585)
(1.5037, 1.0221, 4.7237)
(3.4367, 2.71, 3.9652)
(1.93, 1.5779, 4.6748)
(3.8453, 3.1856, 3.7545)
(2.3727, 2.1044, 4.5377)
(2.856, 2.5813, 4.37)
(4.2942, 3.644, 3.5829)
(3.3646, 3.0067, 4.1433)
(4.6483, 3.8825, 3.381)
(3.8332, 3.4284, 3.9996)
(4.5944, 4.005, 3.6934)
(4.3605, 3.9612, 3.9234)
(-1.663, 2.6848, -3.7195)
(-1.3805, 3.1854, -3.4245)
(-1.104, 3.6891, -3.1682)
(-0.5455, 3.8561, -2.9951)
(0.016, 4.2005, -3.0197)
(-1.6274, 2.9621, -3.6156)
(-1.1852, 3.1629, -3.2554)
(0.5507, 4.5254, -2.999)
(-0.8558, 3.5757, -3.0227)
(0.902, 4.5602, -3.1753)
(-0.4691, 3.9284, -2.7919)
(0.0874, 4.0371, -2.7756)
(0.6401, 4.2069, -2.9512)
(1.058, 4.2597, -3.2714)
(-1.7647, 3.1772, -3.2278)
(-1.2259, 3.4028, -2.9655)
(-0.7175, 3.4757, -2.7051)
(-0.2176, 3.7449, -2.5733)
(0.2927, 3.9101, -2.4122)
(0.834, 4.0104, -2.5414)
(1.1603, 3.8698, -2.8109)
(-1.8734, 3.1112, -2.6794)
(-1.3381, 3.4444, -2.4803)
(-0.7126, 3.5656, -2.2909)
(-0.0711, 3.5891, -2.2145)
(0.5149, 3.5618, -2.2108)
(1.0062, 3.7567, -2.2185)
(1.5153, 3.8072, -2.3231)
(-1.9352, 2.8705, -2.1869)
(-1.3527, 3.111, -2.0676)
(-0.6744, 3.193, -1.9729)
(-0.0214, 3.122, -1.888)
(0.531, 3.1114, -1.902)
(0.823, 3.3908, -2.1875)
(1.1214, 3.4103, -2.4674)
(-1.9595, 2.5205, -1.8693)
(-1.2936, 2.6606, -1.8386)
(-0.6164, 2.7344, -1.7966)
(-0.0442, 2.684, -1.5728)
(0.4628, 2.7055, -1.4283)
(0.7796, 2.9625, -1.777)
(1.137, 3.0684, -2.085)
(-1.9904, 2.4675, -1.3375)
(-1.3161, 2.5777, -1.3219)
(-0.6534, 2.6535, -1.2971)
(-0.073, 2.5782, -1.1082)
(0.4404, 2.5682, -0.9671)
(0.8594, 2.6267, -1.2216)
(1.2472, 2.596, -1.4185)
(-1.994, 2.4343, -0.7333)
(-1.3289, 2.5791, -0.716)
(-0.6613, 2.6773, -0.7113)
(-0.0487, 2.7891, -0.6526)
(0.5278, 2.8215, -0.6177)
(1.0247, 2.6423, -0.7082)
(1.4593, 2.562, -0.8442)
(-1.9614, 2.3022, -0.1401)
(-1.3044, 2.4871, -0.1193)
(-0.6321, 2.5998, -0.1199)
(0.0043, 2.7082, -0.1049)
(0.6215, 2.7454, -0.1059)
(1.1859, 2.6177, -0.1556)
(1.5848, 2.4018, -0.2575)
(-1.9063, 2.0722, 0.4235)
(-1.2503, 2.2539, 0.4342)
(-0.5752, 2.3685, 0.4295)
(0.0717, 2.4662, 0.4405)
(0.7015, 2.5159, 0.4426)
(1.2924, 2.4505, 0.4046)
(1.7143, 2.2624, 0.3228)
(-1.8356, 1.7642, 0.9451)
(-1.1725, 1.9094, 0.9262)
(-0.4985, 2.0272, 0.92)
(0.1555, 2.1479, 0.9408)
(0.7949, 2.2414, 0.9629)
(1.4028, 2.2541, 0.953)
(1.8618, 2.1564, 0.8987)
(-1.7396, 1.4274, 1.4418)
(-1.0853, 1.59, 1.421)
(-0.4429, 1.7783, 1.4431)
(0.2162, 1.9015, 1.4659)
(0.8726, 1.9939, 1.487)
(1.501, 2.0658, 1.4898)
(1.9981, 2.065, 1.4786)
(-1.6157, 1.1482, 1.9633)
(-1.0182, 1.4502, 1.9828)
(-0.4577, 1.7928, 2.0249)
(0.1964, 1.908, 2.0512)
(0.8719, 1.9677, 2.0674)
(1.5221, 2.1263, 2.0532)
(2.2262, 2.3419, 2.048)
(-1.4868, 0.9413, 2.5179)
(-0.9782, 1.3762, 2.575)
(-0.4823, 1.8141, 2.6307)
(0.1486, 2.0068, 2.646)
(2.6628, 2.7063, 2.43)
(0.8087, 2.1268, 2.6384)
(1.4157, 2.3979, 2.5657)
(2.7864, 3.3809, 2.5861)
(1.9715, 2.7546, 2.4527)
(3.4106, 3.456, 2.85)
(2.5096, 3.0571, 2.4738)
(-1.3333, 0.7361, 3.0724)
(-0.8902, 1.24, 3.1627)
(-0.4546, 1.7528, 3.2344)
(3.2591, 3.6753, 2.6066)
(0.1095, 2.1004, 3.2352)
(2.9575, 3.3915, 2.712)
(0.7118, 2.3848, 3.1708)
(1.2741, 2.7364, 3.0484)
(3.3379, 3.7649, 2.7417)
(1.7834, 3.1363, 2.8773)
(3.213, 3.9936, 2.4931)
(2.363, 3.4189, 2.8152)
(-1.1506, 0.4898, 3.5736)
(-0.7467, 1.0199, 3.7296)
(-0.3192, 1.5944, 3.8133)
(2.9037, 3.8063, 2.8727)
(0.1608, 2.1104, 3.8258)
(0.6889, 2.5483, 3.7351)
(3.3145, 4.2244, 2.8341)
(1.2197, 2.9683, 3.5842)
(-0.9564, 0.2456, 3.9289)
(3.1665, 4.4919, 2.6653)
(1.7348, 3.3947, 3.4103)
(2.3017, 3.7491, 3.2796)
(-0.0681, 1.3735, 4.3327)
(-0.4993, 0.6317, 4.2647)
(2.837, 4.1619, 3.2428)
(0.369, 1.9718, 4.3709)
(0.8592, 2.4912, 4.2943)
(3.2671, 4.6067, 3.2229)
(1.3808, 2.957, 4.1448)
(3.3551, 4.9363, 3.0061)
(1.9021, 3.4265, 3.9833)
(2.4226, 3.9072, 3.8138)
(-0.004, 0.6779, 4.6018)
(0.3223, 1.1354, 4.7018)
(2.9311, 4.349, 3.7321)
(0.739, 1.691, 4.7477)
(1.2029, 2.2382, 4.6942)
(3.3685, 4.8243, 3.695)
(1.698, 2.7464, 4.5719)
(3.6428, 5.1276, 3.502)
(2.1982, 3.2557, 4.4491)
(2.6987, 3.7661, 4.2798)
(0.442, 0.456, 4.7547)
(0.7614, 0.82, 4.8067)
(3.1866, 4.2079, 4.1526)
(1.17, 1.3363, 4.8509)
(1.6205, 1.8797, 4.802)
(3.6701, 4.6751, 4.0682)
(2.0944, 2.395, 4.6628)
(0.7722, 0.3595, 4.7431)
(3.9897, 5.0166, 3.9378)
(2.5908, 2.8877, 4.4941)
(1.0749, 0.4949, 4.6861)
(1.494, 1.0439, 4.7554)
(3.1157, 3.3704, 4.3148)
(1.9251, 1.5904, 4.6929)
(3.5761, 3.8542, 4.1914)
(2.3783, 2.1027, 4.5579)
(2.8643, 2.5797, 4.3916)
(4.0586, 4.2953, 4.1154)
(3.4134, 2.9964, 4.1623)
(4.3567, 4.6549, 4.0614)
(3.9691, 3.5791, 4.0018)
(4.4828, 4.3259, 4.0589)
(4.4058, 4.0236, 3.9795)
(2.2098, 1.0679, -5.5541)
(1.6657, 0.9243, -5.2654)
(1.1948, 0.6094, -5.1174)
(1.034, 0.0898, -5.3128)
(0.5429, -0.2426, -5.5266)
(-0.1166, -0.3657, -5.6695)
(2.3973, 0.8321, -5.217)
(1.8559, 0.6929, -4.9438)
(1.334, 0.4516, -4.7449)
(-0.7706, -0.3792, -5.6837)
(1.0222, -0.032, -4.9026)
(-1.1898, -0.4214, -5.5925)
(0.4926, -0.3439, -5.1171)
(-0.1582, -0.4834, -5.2689)
(-0.7781, -0.5999, -5.3234)
(-1.2752, -0.5617, -5.2868)
(2.6014, 0.5146, -4.7982)
(2.0719, 0.3255, -4.5981)
(1.5073, 0.1788, -4.3326)
(1.0288, -0.1684, -4.3769)
(0.4273, -0.3593, -4.5913)
(-0.1944, -0.5503, -4.7665)
(-0.7357, -0.838, -4.8333)
(-1.2073, -0.8972, -4.7756)
(2.7076, 0.1654, -4.3541)
(2.2256, -0.1758, -4.3945)
(1.6381, -0.3296, -4.1933)
(1.0675, -0.5187, -4.0379)
(0.4765, -0.634, -4.1958)
(-0.0735, -0.7772, -4.3665)
(-0.6338, -0.9986, -4.3929)
(-1.0738, -1.1232, -4.2277)
(2.6944, -0.1508, -3.8556)
(2.3032, -0.6172, -4.0647)
(1.7163, -0.868, -4.1266)
(1.082, -1.0119, -4.1062)
(0.4895, -1.0193, -4.127)
(0.0089, -0.8389, -3.9608)
(-0.541, -0.749, -4.0474)
(-1.0306, -0.4823, -4.3713)
(2.6304, -0.4256, -3.3199)
(2.2508, -0.9253, -3.5661)
(1.7085, -1.2754, -3.759)
(1.0919, -1.4465, -3.8573)
(0.5083, -1.3068, -3.7583)
(0.0036, -1.0396, -3.5212)
(-0.4797, -0.8625, -3.5336)
(-0.6864, -0.6516, -3.9279)
(2.5588, -0.6824, -2.7719)
(2.163, -1.1781, -3.0171)
(1.6244, -1.5337, -3.2266)
(0.9896, -1.7062, -3.366)
(0.3507, -1.6762, -3.3902)
(-0.2193, -1.4433, -3.2724)
(-0.6555, -1.129, -3.1124)
(-0.9709, -0.9528, -3.2551)
(2.4819, -0.9272, -2.2178)
(2.0805, -1.4229, -2.4606)
(1.5483, -1.785, -2.674)
(0.9159, -1.964, -2.8233)
(0.2725, -1.9928, -2.8964)
(-0.3325, -1.8599, -2.8879)
(-0.8337, -1.5735, -2.7943)
(-1.1897, -1.3073, -2.7616)
(2.3873, -1.153, -1.6576)
(1.9918, -1.6574, -1.8993)
(1.4752, -2.0357, -2.1176)
(0.8473, -2.2023, -2.2648)
(0.2087, -2.1965, -2.3262)
(-0.4056, -2.0933, -2.3408)
(-0.9591, -1.8906, -2.3093)
(-1.3584, -1.6654, -2.267)
(2.2647, -1.3528, -1.0926)
(1.885, -1.873, -1.3329)
(1.3912, -2.2738, -1.5559)
(0.7664, -2.4236, -1.7026)
(0.1267, -2.3566, -1.7489)
(-0.4972, -2.2497, -1.7661)
(-1.0835, -2.1192, -1.7679)
(-1.5254, -1.9629, -1.7564)
(2.1162, -1.5258, -0.5247)
(1.7531, -2.0652, -0.7632)
(1.2953, -2.508, -0.9935)
(0.6817, -2.6821, -1.1576)
(0.0275, -2.5917, -1.2068)
(-0.6163, -2.4663, -1.2253)
(-1.2267, -2.3534, -1.2405)
(-1.6935, -2.254, -1.2509)
(1.9509, -1.6705, 0.0446)
(1.5888, -2.2235, -0.1935)
(1.1816, -2.7321, -0.434)
(0.6039, -2.9887, -0.6362)
(-0.0737, -2.9092, -0.7076)
(-0.7478, -2.7607, -0.7285)
(-1.391, -2.6307, -0.7448)
(-1.8859, -2.5247, -0.7446)
(1.7149, -1.7498, 0.6023)
(1.3618, -2.3061, 0.3721)
(0.9914, -2.8465, 0.1377)
(0.4843, -3.2046, -0.0835)
(-0.1815, -3.19, -0.1902)
(-0.8685, -3.083, -0.2459)
(-1.5461, -2.9803, -0.3115)
(-2.3077, -2.853, -0.3282)
(1.4434, -1.7914, 1.1534)
(1.1045, -2.3511, 0.931)
(0.7558, -2.901, 0.7025)
(0.3156, -3.3248, 0.4793)
(-0.2956, -3.4101, 0.3234)
(-2.8782, -3.1258, -0.6317)
(-0.9466, -3.4473, 0.1546)
(-1.5771, -3.4616, -0.0922)
(-3.2684, -3.4912, -0.1725)
(-2.1574, -3.4532, -0.447)
(-3.6129, -3.9947, -0.4801)
(1.1775, -1.8284, 1.7113)
(-2.732, -3.5261, -0.7001)
(0.833, -2.3808, 1.4867)
(0.4695, -2.9119, 1.2469)
(0.0462, -3.3769, 0.9757)
(-3.7809, -3.9381, -0.7265)
(-0.4554, -3.6916, 0.6717)
(-3.2975, -3.7138, -0.5905)
(-0.9946, -3.8711, 0.3096)
(-1.548, -3.9308, -0.0905)
(-3.8043, -3.8919, -0.6753)
(-2.0943, -3.9495, -0.5151)
(-3.9352, -4.0801, -0.9211)
(-2.6606, -3.9591, -0.8682)
(0.9388, -1.8633, 2.2396)
(0.5616, -2.3869, 2.0181)
(0.1413, -2.8566, 1.776)
(-0.322, -3.2664, 1.4239)
(-3.2783, -3.9464, -1.0007)
(-0.8121, -3.5997, 1.039)
(-1.319, -3.8664, 0.6594)
(-3.8713, -3.9922, -1.1273)
(-1.8402, -4.0254, 0.2392)
(0.7776, -1.8944, 2.6141)
(0.3481, -2.4076, 2.4468)
(-4.278, -4.1003, -1.2247)
(-2.365, -4.1332, -0.2034)
(-2.8905, -4.2388, -0.6384)
(-0.6618, -3.3048, 1.9218)
(-0.1683, -2.8475, 2.4271)
(-3.4124, -4.3088, -1.0474)
(-1.1656, -3.578, 1.4943)
(-1.6814, -3.7488, 1.0622)
(-3.8831, -4.3317, -1.4208)
(-2.1897, -3.8788, 0.6062)
(-4.308, -4.3924, -1.5865)
(-2.7001, -4.0149, 0.1435)
(-3.2165, -4.2083, -0.3005)
(-0.6781, -3.1264, 2.6544)
(-1.0307, -3.453, 2.359)
(-3.6984, -4.4376, -0.7358)
(-1.4878, -3.7521, 1.9524)
(-1.9755, -3.958, 1.489)
(-4.0571, -4.6932, -1.1798)
(-2.4545, -4.1218, 1.003)
(-4.3493, -4.8907, -1.4961)
(-2.9138, -4.3193, 0.4958)
(-3.3835, -4.5674, -0.0083)
(-1.1037, -3.1971, 2.9777)
(-1.432, -3.4664, 2.7418)
(-3.8428, -4.8259, -0.4335)
(-1.8588, -3.8043, 2.3727)
(-2.3137, -4.086, 1.9133)
(-4.2782, -5.0816, -0.8108)
(-2.7464, -4.3455, 1.4187)
(-1.4251, -3.238, 3.1155)
(-4.6196, -5.2442, -1.1214)
(-3.1671, -4.6065, 0.9006)
(-1.7468, -3.3084, 3.0271)
(-2.1816, -3.7323, 2.6764)
(-3.6284, -4.8184, 0.371)
(-2.6201, -4.0648, 2.2319)
(-4.0899, -5.0747, -0.0601)
(-3.0168, -4.3682, 1.7382)
(-3.4122, -4.6664, 1.2468)
(-4.538, -5.3322, -0.3979)
(-3.7939, -4.7268, 0.6745)
(-4.8823, -5.4622, -0.6893)
(-4.2928, -4.9919, 0.2735)
(-4.9465, -5.4372, -0.3541)
(-4.8111, -5.3299, -0.054)
(-1.9459, 2.4677, -4.0823)
(-2.102, 2.0368, -3.91)
(-2.3986, 1.5069, -4.0352)
(-2.4324, 0.927, -4.2173)
(-2.1046, 0.4847, -4.2168)
(-1.9964, 0.1139, -4.665)
(-2.0675, 2.7073, -3.9101)
(-2.1805, 2.1432, -3.9833)
(-2.1792, 1.5079, -3.9515)
(-1.8655, -0.317, -5.1236)
(-2.2638, 0.8819, -3.9309)
(-1.6175, -0.5245, -5.3865)
(-2.1258, 0.3067, -4.0217)
(-1.8257, -0.0542, -4.41)
(-1.5925, -0.3778, -4.8894)
(-1.2939, -0.5639, -5.2763)
(-2.1919, 2.7216, -3.4295)
(-2.3678, 2.1221, -3.5705)
(-2.2444, 1.5003, -3.547)
(-2.0885, 0.8634, -3.5964)
(-1.8959, 0.2469, -3.7893)
(-1.6711, -0.2885, -4.0799)
(-1.5264, -0.6734, -4.5005)
(-1.2252, -0.8965, -4.7642)
(-2.2133, 2.561, -2.8658)
(-2.4404, 1.9476, -3.0618)
(-2.4929, 1.3244, -3.2382)
(-2.3131, 0.7103, -3.41)
(-2.1053, 0.107, -3.554)
(-1.824, -0.4061, -3.7734)
(-1.4619, -0.7958, -4.0824)
(-1.0937, -1.1293, -4.2185)
(-2.2113, 2.3571, -2.3594)
(-2.3349, 1.7434, -2.5861)
(-2.2967, 1.1744, -2.8571)
(-2.0371, 0.6527, -3.1131)
(-1.9152, 0.1325, -3.1805)
(-1.6425, -0.1471, -3.5326)
(-1.2602, -0.4826, -3.8457)
(-0.949, -0.5171, -4.212)
(-2.4494, 2.2245, -1.9568)
(-2.4571, 1.6853, -2.1233)
(-2.0896, 1.263, -2.3849)
(-1.7543, 0.7527, -2.6255)
(-1.6144, 0.2257, -2.7385)
(-1.4567, -0.1473, -3.0857)
(-1.1164, -0.509, -3.4092)
(-0.7238, -0.6729, -3.736)
(-2.4814, 2.1657, -1.4105)
(-2.3505, 1.6546, -1.5803)
(-1.9314, 1.2362, -1.8443)
(-1.6607, 0.7003, -2.1032)
(-1.5735, 0.13, -2.2861)
(-1.4367, -0.3077, -2.6133)
(-1.1667, -0.6993, -2.8913)
(-0.9546, -0.9522, -3.1999)
(-2.4339, 2.0865, -0.8251)
(-2.2509, 1.5867, -1.0355)
(-2.0142, 1.0456, -1.331)
(-1.9324, 0.4863, -1.6784)
(-1.9251, -0.0642, -1.9988)
(-1.7668, -0.5691, -2.3214)
(-1.4898, -1.011, -2.5612)
(-1.2033, -1.2976, -2.7442)
(-2.4194, 1.9168, -0.2589)
(-2.3876, 1.3687, -0.5316)
(-2.25, 0.7873, -0.8567)
(-2.1466, 0.2213, -1.2007)
(-2.0185, -0.3055, -1.5221)
(-1.7813, -0.7945, -1.8166)
(-1.553, -1.2761, -2.0651)
(-1.3749, -1.6548, -2.258)
(-2.3829, 1.6732, 0.2922)
(-2.4646, 1.1048, 0.0007)
(-2.3414, 0.5233, -0.3336)
(-2.1417, -0.0216, -0.6708)
(-1.8771, -0.5128, -0.9858)
(-1.6579, -1.0207, -1.271)
(-1.5424, -1.5418, -1.5322)
(-1.5441, -1.9549, -1.7487)
(-2.3411, 1.4064, 0.8396)
(-2.438, 0.8492, 0.5519)
(-2.2602, 0.2935, 0.2111)
(-1.9758, -0.2135, -0.1354)
(-1.7437, -0.732, -0.4567)
(-1.638, -1.2884, -0.7483)
(-1.6447, -1.826, -1.0294)
(-1.7154, -2.2519, -1.2468)
(-2.2738, 1.1321, 1.3849)
(-2.3415, 0.6055, 1.1024)
(-2.1013, 0.0902, 0.7507)
(-1.8982, -0.4265, 0.3932)
(-1.8162, -0.9916, 0.0571)
(-1.785, -1.562, -0.2514)
(-1.9073, -2.0622, -0.5682)
(-1.9128, -2.5208, -0.7351)
(-2.151, 0.8603, 1.9288)
(-2.2117, 0.3518, 1.6436)
(-2.0273, -0.1522, 1.2754)
(-2.0646, -0.668, 0.8886)
(-2.058, -1.2482, 0.5432)
(-2.0541, -1.7999, 0.2187)
(-2.2985, -2.1978, -0.1453)
(-2.3379, -2.8493, -0.3122)
(-1.9943, 0.5882, 2.4669)
(-2.1151, 0.0695, 2.172)
(-2.0868, -0.4511, 1.7849)
(-2.2664, -0.9396, 1.3914)
(-2.31, -1.5039, 1.0327)
(-2.9017, -3.1094, -0.6664)
(-2.3812, -2.0114, 0.6792)
(-2.7199, -2.267, 0.2993)
(-3.2288, -3.4453, -0.1192)
(-2.9049, -2.7627, 0.052)
(-3.6879, -3.9825, -0.472)
(-1.7919, 0.2884, 2.9716)
(-3.2427, -3.1361, -0.2723)
(-2.0077, -0.2451, 2.681)
(-2.1521, -0.7625, 2.3017)
(-2.4217, -1.2241, 1.9092)
(-3.808, -4.0885, -0.7339)
(-2.5623, -1.746, 1.5214)
(-3.6057, -3.5845, -0.3376)
(-2.7418, -2.1884, 1.1281)
(-3.1289, -2.3621, 0.7365)
(-3.8494, -3.9496, -0.5763)
(-3.3991, -2.7658, 0.4307)
(-4.0593, -4.1075, -0.9715)
(-3.6825, -3.1541, 0.0393)
(-1.5475, -0.0284, 3.3899)
(-1.8546, -0.5761, 3.143)
(-2.1359, -1.0935, 2.8302)
(-2.4828, -1.5471, 2.4287)
(-4.0343, -3.5421, -0.2899)
(-2.7717, -1.9992, 2.0086)
(-3.0756, -2.3728, 1.5612)
(-4.3252, -3.8644, -0.6777)
(-3.45, -2.651, 1.1238)
(-1.3613, -0.2678, 3.6635)
(-1.6995, -0.8686, 3.4845)
(-4.5696, -3.9822, -1.111)
(-3.8756, -2.9341, 0.752)
(-4.1924, -3.3094, 0.281)
(-2.443, -1.9799, 2.8543)
(-1.9572, -1.5242, 3.3771)
(-4.5283, -3.6282, -0.131)
(-2.8559, -2.3859, 2.4359)
(-3.2369, -2.7387, 1.9777)
(-4.9024, -3.8911, -0.5655)
(-3.6347, -3.0517, 1.5246)
(-5.1574, -3.92, -0.986)
(-4.1011, -3.3329, 1.1231)
(-4.5031, -3.6661, 0.602)
(-1.9851, -2.1742, 3.3809)
(-2.3216, -2.5082, 3.074)
(-4.9317, -3.9314, 0.1006)
(-2.7432, -2.8915, 2.7014)
(-3.1637, -3.2388, 2.2602)
(-5.367, -4.0939, -0.3148)
(-3.5716, -3.5575, 1.7971)
(-5.5987, -4.2105, -0.7004)
(-3.9941, -3.8749, 1.3557)
(-4.4446, -4.143, 0.848)
(-1.8128, -2.6962, 3.3771)
(-2.0789, -3.0022, 3.1156)
(-4.9464, -4.3749, 0.3614)
(-2.4772, -3.3808, 2.7624)
(-2.8951, -3.7213, 2.3211)
(-5.4207, -4.5525, -0.0544)
(-3.2825, -4.029, 1.8384)
(-1.7166, -3.0191, 3.2531)
(-5.693, -4.6983, -0.3961)
(-3.6701, -4.3518, 1.3935)
(-1.7571, -3.2949, 3.0437)
(-2.191, -3.7169, 2.6943)
(-4.0459, -4.5464, 0.8585)
(-2.6241, -4.0579, 2.2597)
(-4.5535, -4.754, 0.427)
(-3.0225, -4.3543, 1.763)
(-3.4164, -4.6468, 1.2708)
(-5.0862, -4.9903, 0.0776)
(-3.7279, -4.709, 0.6343)
(-5.4464, -5.1438, -0.193)
(-4.235, -4.9553, 0.2576)
(-5.1669, -5.3468, -0.0995)
(-4.8443, -5.3178, -0.0405)
(1.7206, 2.2543, 0.322)
(1.1663, 3.8644, -2.8169)
(1.0821, 0.4803, 4.6723)
(1.242, 2.5883, -1.4422)
(1.4988, 1.033, 4.7395)
(1.9276, 1.5842, 4.6839)
(1.8676, 2.1481, 0.8979)
(2.3755, 2.1035, 4.5478)
(2.8602, 2.5805, 4.3808)
(3.389, 3.0016, 4.1528)
(3.9012, 3.5037, 4.0007)
(1.5246, 3.8054, -2.3284)
(4.3832, 3.9924, 3.9515)
(1.4594, 2.5518, -0.8516)
(1.5907, 2.3938, -0.26)
(2.6751, 2.707, 2.4144)
(2.0063, 2.0592, 1.4764)
(2.2311, 2.3324, 2.0467)
(2.8015, 3.3701, 2.5773)
(3.4197, 3.4794, 2.8255)
(1.0645, 4.2553, -3.2777)
(1.1233, 3.4004, -2.4813)
(1.1646, 3.0295, -2.0333)
(4.481, 3.7843, 3.4849)
(4.3226, 3.771, 3.7573)
(4.4894, 3.9972, 3.8122)
(4.6516, 3.9621, 3.5562)
(3.5836, 3.5363, 2.8516)
(3.3871, 3.3754, 2.8271)
(3.4717, 3.4997, 2.8201)
(3.6083, 3.5927, 2.8549)
(3.3835, 3.4293, 2.7522)
(3.4763, 3.7359, 2.5674)
(3.4843, 3.8246, 2.6652)
(3.5893, 3.5085, 2.53)
(3.7484, 3.6655, 2.3733)
(3.6585, 3.9109, 2.3415)
(3.7703, 3.5307, 2.6123)
(3.9367, 3.7611, 2.6894)
(3.9347, 3.8875, 2.3957)
(3.9325, 3.5351, 2.961)
(4.2741, 3.6474, 3.0447)
(4.2543, 3.8434, 2.7695)
(4.2204, 3.5345, 3.3673)
(4.5753, 3.7953, 3.1596)
(1.4474, -0.2039, 3.8571)
(1.2486, -0.2807, 4.0959)
(1.2506, 0.0669, 4.3062)
(1.4774, 0.1711, 4.1083)
(1.7927, 0.3031, 3.8922)
(1.5245, 0.5496, 4.343)
(1.8614, 0.7005, 4.1472)
(2.2405, 0.834, 3.9391)
(1.9412, 1.0919, 4.3641)
(2.3196, 1.2181, 4.1743)
(2.7171, 1.3336, 3.9684)
(2.4105, 1.597, 4.3625)
(2.8124, 1.6999, 4.1949)
(3.1867, 1.8241, 3.968)
(2.8982, 2.0733, 4.3479)
(3.2259, 2.1681, 4.124)
(3.3805, 2.2944, 3.7569)
(3.2777, 2.5029, 4.1335)
(3.4057, 2.5902, 3.7853)
(3.5117, 2.7612, 3.4551)
(3.6269, 2.939, 3.8431)
(3.7771, 3.0713, 3.561)
(3.8915, 3.2666, 3.2497)
(4.0759, 3.434, 3.6714)
(1.6303, -0.4916, 3.3487)
(1.3471, -0.624, 3.5884)
(1.7263, -0.0913, 3.629)
(2.1019, 0.0585, 3.4279)
(2.1686, 0.4479, 3.6862)
(2.5541, 0.6007, 3.4724)
(2.6212, 0.9755, 3.7163)
(2.9812, 1.141, 3.4687)
(3.0812, 1.4864, 3.7224)
(3.3976, 1.6795, 3.4369)
(3.4533, 2.0023, 3.6592)
(3.6472, 2.2514, 3.3307)
(3.5096, 2.5225, 3.4137)
(3.6434, 2.8185, 3.1294)
(3.6208, 3.0358, 3.1636)
(3.697, 3.3457, 2.8963)
(1.1178, -1.5943, 2.3553)
(0.8511, -1.8791, 2.4415)
(0.9577, -1.6305, 2.7502)
(1.1996, -1.3485, 2.7065)
(1.4832, -1.0798, 2.5975)
(1.239, -1.0955, 3.1109)
(1.5429, -0.8328, 2.9927)
(1.9419, -0.6161, 2.8101)
(2.0305, -0.3106, 3.1436)
(2.4425, -0.1383, 2.9551)
(2.5059, 0.2166, 3.2336)
(2.8592, 0.4052, 3.0092)
(2.9225, 0.7681, 3.242)
(3.2075, 0.9867, 2.9754)
(3.3062, 1.3326, 3.198)
(3.5047, 1.5901, 2.9056)
(3.6368, 1.9163, 3.1252)
(3.7482, 2.2139, 2.8193)
(3.7963, 2.5363, 3.0288)
(3.8473, 2.824, 2.8339)
(3.7517, 3.0983, 2.9009)
(3.7635, 3.2962, 2.6831)
(1.3522, -1.5524, 1.8201)
(1.0505, -1.8463, 1.9893)
(1.4116, -1.3089, 2.2105)
(1.7458, -1.0393, 2.0385)
(1.8403, -0.8398, 2.4321)
(2.2436, -0.6451, 2.2607)
(2.3575, -0.4382, 2.6273)
(2.6796, -0.2047, 2.4224)
(2.7729, 0.0788, 2.7333)
(2.9166, 0.3922, 2.4827)
(3.0698, 0.6747, 2.7341)
(3.0754, 1.0283, 2.4965)
(3.3078, 1.2976, 2.6934)
(3.2207, 1.6737, 2.4756)
(3.5111, 1.9333, 2.6337)
(3.4108, 2.2985, 2.4023)
(3.7095, 2.5412, 2.6)
(3.5064, 2.8222, 2.5703)
(3.7037, 3.0707, 2.7514)
(3.449, 3.2891, 2.7068)
(1.6182, -1.5142, 1.2627)
(1.309, -1.8099, 1.431)
(1.6697, -1.2652, 1.648)
(2.0103, -0.9947, 1.4835)
(2.1148, -0.8021, 1.8718)
(2.4818, -0.5662, 1.7067)
(2.5919, -0.4174, 2.0803)
(2.7722, -0.0646, 1.8836)
(2.7931, 0.1491, 2.2049)
(2.7472, 0.5593, 2.0436)
(2.839, 0.7788, 2.3095)
(2.6976, 1.1875, 2.2184)
(2.9255, 1.4213, 2.3709)
(2.7547, 1.8092, 2.2221)
(3.0665, 2.0485, 2.2856)
(2.917, 2.4054, 2.1757)
(3.2374, 2.6239, 2.3125)
(3.0267, 2.8833, 2.4473)
(3.2569, 3.0335, 2.6701)
(3.2239, 3.1977, 2.7725)
(1.8953, -1.474, 0.7161)
(1.5803, -1.7727, 0.8778)
(1.9432, -1.2259, 1.0999)
(2.2694, -0.9316, 0.9377)
(2.356, -0.7235, 1.321)
(2.674, -0.4175, 1.1539)
(2.7622, -0.2499, 1.5324)
(2.9419, 0.148, 1.3596)
(2.8549, 0.3536, 1.7125)
(2.86, 0.7629, 1.5545)
(2.6976, 0.9692, 1.9126)
(2.6085, 1.3578, 1.7458)
(2.5865, 1.588, 2.0699)
(2.3913, 1.9538, 1.9063)
(2.5766, 2.1923, 2.1057)
(2.4618, 2.5152, 2.2221)
(2.8044, 2.7089, 2.2967)
(2.752, 3.0336, 2.4837)
(2.964, 3.1499, 2.6127)
(3.1227, 3.4311, 2.6848)
(2.1292, -1.3923, 0.1614)
(1.8412, -1.7178, 0.325)
(2.2048, -1.1648, 0.5539)
(2.4816, -0.8293, 0.3854)
(2.5775, -0.6138, 0.7704)
(2.833, -0.2588, 0.5953)
(2.9203, -0.056, 0.9804)
(3.0092, 0.3497, 0.801)
(2.9818, 0.5605, 1.1844)
(2.8249, 0.9337, 0.9996)
(2.7109, 1.1352, 1.3758)
(2.4619, 1.4541, 1.1956)
(2.3999, 1.6824, 1.5672)
(2.1543, 1.9076, 1.385)
(2.1253, 2.188, 1.7598)
(2.279, -1.2428, -0.4076)
(2.0393, -1.6044, -0.2393)
(2.3752, -1.0384, -0.0081)
(2.5791, -0.6602, -0.182)
(2.6975, -0.4584, 0.2089)
(2.8469, -0.0608, 0.0277)
(2.9574, 0.1385, 0.414)
(2.9274, 0.5487, 0.2362)
(2.9046, 0.7428, 0.621)
(2.6797, 1.0797, 0.4424)
(2.5596, 1.2499, 0.8186)
(2.291, 1.5448, 0.6395)
(2.2044, 1.7247, 1.0143)
(1.9891, 1.9639, 0.8177)
(1.944, 2.0965, 1.1856)
(2.4246, -1.0714, -0.9735)
(2.192, -1.442, -0.8091)
(2.4987, -0.8684, -0.5759)
(2.6869, -0.4778, -0.7446)
(2.7516, -0.2663, -0.3572)
(2.8459, 0.148, -0.5333)
(2.9012, 0.3523, -0.1512)
(2.8465, 0.7637, -0.3237)
(2.7944, 0.931, 0.0618)
(2.5999, 1.2743, -0.1142)
(2.4294, 1.39, 0.2629)
(2.1846, 1.694, 0.079)
(2.0539, 1.8235, 0.4503)
(1.849, 2.0752, 0.2458)
(1.8002, 2.193, 0.6092)
(2.5451, -0.8736, -1.5361)
(2.3299, -1.2565, -1.3755)
(2.6232, -0.6829, -1.1374)
(2.7524, -0.2695, -1.3014)
(2.7943, -0.0625, -0.9144)
(2.7856, 0.3673, -1.0838)
(2.8232, 0.5722, -0.7057)
(2.7456, 0.986, -0.877)
(2.7251, 1.1503, -0.4951)
(2.5515, 1.5071, -0.6685)
(2.3741, 1.5981, -0.2923)
(2.1209, 1.8957, -0.4825)
(1.9479, 1.9729, -0.1183)
(1.7342, 2.2251, -0.3333)
(1.6618, 2.3161, 0.0294)
(2.6335, -0.6475, -2.0939)
(2.4375, -1.043, -1.9384)
(2.7069, -0.4676, -1.6949)
(2.7839, -0.0386, -1.8519)
(2.7779, 0.1617, -1.4649)
(2.7073, 0.5901, -1.6323)
(2.705, 0.7913, -1.2551)
(2.635, 1.2047, -1.4354)
(2.6455, 1.3787, -1.053)
(2.4856, 1.7467, -1.2284)
(2.3221, 1.8327, -0.8488)
(2.0393, 2.1065, -1.0515)
(1.8529, 2.1516, -0.6947)
(1.6039, 2.3777, -0.9234)
(1.528, 2.4638, -0.5608)
(2.7002, -0.4, -2.645)
(2.5217, -0.8067, -2.4956)
(2.7675, -0.2279, -2.2457)
(2.814, 0.2091, -2.395)
(2.7697, 0.3965, -2.0105)
(2.6408, 0.8052, -2.1813)
(2.6008, 1.0031, -1.8114)
(2.4925, 1.3907, -1.9837)
(2.5545, 1.6033, -1.6151)
(2.3558, 1.9532, -1.7532)
(2.2494, 2.0727, -1.4062)
(1.9166, 2.3139, -1.5991)
(1.7296, 2.3208, -1.2776)
(1.4452, 2.5252, -1.5112)
(1.3481, 2.5612, -1.1624)
(2.7501, -0.1374, -3.1894)
(2.5948, -0.5554, -3.0467)
(2.8038, 0.0299, -2.7895)
(2.7969, 0.4708, -2.931)
(2.7295, 0.6328, -2.5498)
(2.515, 1.013, -2.7112)
(2.423, 1.1654, -2.3489)
(2.227, 1.5151, -2.4566)
(2.2986, 1.7245, -2.0891)
(2.0319, 2.0486, -2.1559)
(2.0216, 2.2272, -1.8634)
(1.7105, 2.5365, -2.0708)
(1.5895, 2.5612, -1.8272)
(1.3584, 2.8745, -2.053)
(1.2144, 2.7856, -1.7237)
(2.7876, 0.1397, -3.725)
(2.665, -0.292, -3.5904)
(2.8128, 0.3043, -3.3256)
(2.7778, 0.7529, -3.4593)
(2.6841, 0.899, -3.0736)
(2.5002, 1.3121, -3.2082)
(2.3142, 1.3992, -2.838)
(2.1777, 1.8229, -2.9429)
(2.0806, 1.9152, -2.5369)
(1.9342, 2.3566, -2.6624)
(1.8192, 2.4476, -2.316)
(1.6729, 2.894, -2.5455)
(1.5038, 2.9183, -2.3414)
(1.3676, 3.2742, -2.4832)
(1.1587, 3.1905, -2.2384)
(2.8124, 0.434, -4.2482)
(2.7122, 0.0015, -4.1118)
(2.8166, 0.5893, -3.8548)
(2.7584, 1.0371, -3.9816)
(2.6434, 1.1863, -3.5925)
(2.4785, 1.6141, -3.7138)
(2.303, 1.7279, -3.3358)
(2.1771, 2.1489, -3.4546)
(2.0343, 2.2497, -3.0709)
(1.9201, 2.6939, -3.1601)
(1.7958, 2.8082, -2.7968)
(1.7537, 3.2471, -2.8464)
(1.6243, 3.3141, -2.6252)
(1.5742, 3.6328, -2.5633)
(1.3295, 3.597, -2.4144)
(2.7553, 0.7447, -4.7503)
(2.671, 0.3391, -4.5801)
(2.83, 0.8861, -4.3741)
(2.8031, 1.3395, -4.4876)
(2.6833, 1.4842, -4.0918)
(2.6108, 1.9268, -4.1793)
(2.4002, 2.0497, -3.803)
(2.3534, 2.4874, -3.8651)
(2.1407, 2.5932, -3.5149)
(2.0812, 3.0377, -3.5469)
(1.877, 3.1387, -3.1861)
(1.7245, 3.4861, -3.2291)
(1.6357, 3.5643, -2.8653)
(1.3626, 3.7835, -2.9462)
(1.3531, 3.8312, -2.5782)
(2.5987, 1.0332, -5.2105)
(2.5037, 0.6824, -5.0147)
(2.7755, 1.1805, -4.8836)
(2.7163, 1.6024, -4.9796)
(2.7066, 1.7787, -4.5867)
(2.5429, 2.1876, -4.6609)
(2.4802, 2.3518, -4.2624)
(2.2918, 2.7483, -4.3328)
(2.2133, 2.9056, -3.9358)
(1.9819, 3.2762, -4.0053)
(1.8738, 3.4089, -3.6144)
(1.6029, 3.7424, -3.6754)
(1.456, 3.7824, -3.3079)
(1.2435, 4.0923, -3.3865)
(1.1217, 4.055, -3.0535)
(2.4426, 1.2489, -5.5688)
(2.3, 0.9572, -5.3934)
(2.6478, 1.4118, -5.3142)
(2.5914, 1.7836, -5.3599)
(2.5775, 1.9925, -5.0235)
(2.3966, 2.3562, -5.0378)
(2.3503, 2.5614, -4.6967)
(2.1477, 2.9164, -4.7098)
(2.0783, 3.111, -4.3685)
(1.874, 3.4661, -4.3789)
(1.7492, 3.6249, -4.0348)
(1.5541, 3.9759, -4.0329)
(1.3946, 4.0682, -3.7037)
(1.2424, 4.3364, -3.7282)
(1.0876, 4.3539, -3.4428)
(1.1174, 0.0016, 4.4166)
(1.0851, 0.3036, 4.5801)
(1.2503, 0.3983, 4.4975)
(1.2965, 0.7439, 4.6911)
(1.6087, 0.9279, 4.5418)
(1.7168, 1.3, 4.6992)
(2.0438, 1.4674, 4.5224)
(2.1513, 1.8412, 4.6062)
(2.5127, 1.9697, 4.4645)
(2.6143, 2.3428, 4.4538)
(2.9874, 2.4346, 4.349)
(3.1103, 2.794, 4.2566)
(3.4167, 2.8533, 4.0802)
(3.5989, 3.2176, 4.0714)
(3.8598, 3.313, 3.8974)
(4.0969, 3.6948, 3.9615)
(4.2205, 4.1372, 4.0641)
(4.2273, 4.4821, 4.087)
(4.454, 4.4818, 4.0696)
(4.4578, 4.1743, 4.0254)
(3.3254, 3.6008, 2.7554)
(3.3231, 3.5608, 2.7222)
(3.2332, 3.8127, 2.5201)
(3.3251, 3.8945, 2.6385)
(3.3366, 3.9864, 2.7575)
(3.175, 4.2307, 2.549)
(3.2936, 4.3731, 2.7595)
(3.2828, 4.4317, 3.0002)
(3.2346, 4.7368, 2.8158)
(3.343, 4.7834, 3.1341)
(3.2924, 4.7497, 3.4598)
(3.4931, 5.0685, 3.2427)
(3.5202, 4.9944, 3.6148)
(3.4978, 4.7958, 3.9122)
(3.8066, 5.1117, 3.7498)
(3.8463, 4.8597, 4.0084)
(3.8678, 4.4905, 4.128)
(4.1877, 4.8485, 4.0308)
(0.2321, 0.5762, 4.7047)
(0.1511, 0.8968, 4.6551)
(0.5482, 0.98, 4.7876)
(0.5937, 0.6236, 4.7796)
(0.5209, 1.4059, 4.7352)
(0.96, 1.5128, 4.8342)
(0.9562, 1.0643, 4.835)
(0.9666, 1.9702, 4.7335)
(1.4165, 2.0597, 4.7852)
(1.392, 1.6107, 4.8403)
(1.4482, 2.4951, 4.6356)
(1.8999, 2.5751, 4.6563)
(1.8553, 2.1409, 4.7395)
(1.9478, 2.9985, 4.5138)
(2.3965, 3.0807, 4.5148)
(2.3372, 2.6435, 4.5812)
(2.4502, 3.5177, 4.3662)
(2.9069, 3.5796, 4.3432)
(2.8579, 3.1289, 4.4015)
(2.9408, 3.988, 4.2075)
(3.3744, 4.0378, 4.216)
(3.3461, 3.6138, 4.2452)
(3.4405, 4.4472, 4.1115)
(3.8276, 4.0843, 4.1492)
(-0.2523, 0.7021, 4.4456)
(-0.2733, 1.0562, 4.2905)
(0.112, 1.2621, 4.5449)
(0.1441, 1.6791, 4.3636)
(0.5371, 1.8471, 4.5889)
(0.6081, 2.2416, 4.3462)
(1.013, 2.3858, 4.5251)
(1.1185, 2.7271, 4.2236)
(1.5227, 2.8752, 4.3917)
(1.6419, 3.1886, 4.066)
(2.0341, 3.3696, 4.2551)
(2.1626, 3.6709, 3.894)
(2.5382, 3.8781, 4.0838)
(2.6802, 4.1253, 3.7592)
(3.0384, 4.3195, 3.9752)
(3.1672, 4.5957, 3.7234)
(-1.4477, -0.1561, 3.5392)
(-1.3555, 0.2335, 3.4868)
(-1.0541, 0.3665, 3.7645)
(-1.1666, -0.0007, 3.7855)
(-0.9486, 0.7489, 3.6575)
(-0.637, 0.8751, 3.9847)
(-0.7343, 0.468, 4.0897)
(-0.5383, 1.3072, 3.7806)
(-0.2103, 1.4867, 4.0846)
(-0.0864, 1.8635, 3.8308)
(0.2433, 2.0606, 4.1107)
(0.4211, 2.3361, 3.7917)
(0.7489, 2.5479, 4.0237)
(0.9573, 2.7562, 3.6648)
(1.2749, 2.9921, 3.8683)
(1.4737, 3.1876, 3.4965)
(1.7966, 3.4377, 3.6959)
(2.0159, 3.5744, 3.3352)
(2.3411, 3.8588, 3.5396)
(2.5746, 3.9445, 3.2495)
(2.8619, 4.2871, 3.4806)
(3.0847, 4.3919, 3.2477)
(-1.6679, 0.1251, 3.1977)
(-1.579, 0.5155, 3.036)
(-1.2447, 0.6158, 3.3379)
(-1.103, 0.978, 3.1151)
(-0.8282, 1.1398, 3.4534)
(-0.6826, 1.5089, 3.2052)
(-0.401, 1.6849, 3.5284)
(-0.1859, 1.9454, 3.2442)
(0.1187, 2.121, 3.5316)
(0.4118, 2.2407, 3.21)
(0.6818, 2.4894, 3.4481)
(1.0022, 2.548, 3.1186)
(1.2255, 2.8773, 3.3086)
(1.5257, 2.9452, 2.96)
(1.7335, 3.2898, 3.1337)
(2.07, 3.2806, 2.826)
(2.3126, 3.5965, 3.038)
(2.6374, 3.5962, 2.842)
(2.8585, 4.0024, 3.0333)
(3.1593, 4.0269, 2.8726)
(-1.9007, 0.4433, 2.7257)
(-1.7677, 0.7723, 2.5096)
(-1.4141, 0.843, 2.797)
(-1.2219, 1.144, 2.5406)
(-0.9412, 1.3189, 2.8696)
(-0.7409, 1.6148, 2.6073)
(-0.4792, 1.7951, 2.9342)
(-0.1804, 1.9377, 2.6419)
(0.1236, 2.0588, 2.9405)
(0.4822, 2.0577, 2.6472)
(0.7594, 2.2544, 2.905)
(1.1205, 2.2422, 2.6115)
(1.3423, 2.5691, 2.8048)
(1.6957, 2.5773, 2.5059)
(1.8684, 2.9525, 2.6508)
(2.2495, 2.9102, 2.432)
(2.4361, 3.2336, 2.6168)
(2.7359, 3.2145, 2.5896)
(2.9448, 3.5792, 2.774)
(3.1884, 3.5868, 2.7681)
(-2.0768, 0.7258, 2.1999)
(-1.9207, 1.0227, 1.9661)
(-1.5526, 1.0393, 2.2383)
(-1.3088, 1.2857, 1.9672)
(-0.9996, 1.415, 2.2781)
(-0.7428, 1.6362, 2.0042)
(-0.4729, 1.8128, 2.3267)
(-0.1407, 1.875, 2.0398)
(0.1737, 1.9543, 2.3495)
(0.5361, 1.9311, 2.0617)
(0.8471, 2.0282, 2.3584)
(1.2011, 2.033, 2.0643)
(1.481, 2.2442, 2.3173)
(1.8417, 2.2391, 2.0398)
(2.0807, 2.555, 2.2718)
(2.4445, 2.5241, 2.239)
(2.5702, 2.8969, 2.4129)
(2.7246, 3.0436, 2.508)
(2.9197, 3.3131, 2.656)
(3.0985, 3.4185, 2.718)
(-2.2183, 0.9955, 1.6569)
(-2.047, 1.3096, 1.4368)
(-1.6794, 1.2775, 1.6977)
(-1.4125, 1.5109, 1.4298)
(-1.0471, 1.5007, 1.6944)
(-0.7641, 1.6852, 1.4282)
(-0.4438, 1.7653, 1.7285)
(-0.1148, 1.8481, 1.4553)
(0.2142, 1.8795, 1.7536)
(0.545, 1.9499, 1.4775)
(0.8821, 1.9517, 1.7727)
(1.1974, 2.0321, 1.4911)
(1.5264, 2.0615, 1.7724)
(1.7669, 2.0916, 1.4846)
(2.1122, 2.2035, 1.7633)
(-2.3134, 1.2696, 1.1125)
(-2.1277, 1.6171, 0.9157)
(-1.7916, 1.5937, 1.1934)
(-1.5105, 1.8518, 0.9415)
(-1.1285, 1.7334, 1.1677)
(-0.8338, 1.9666, 0.9184)
(-0.4635, 1.8734, 1.1738)
(-0.1688, 2.0886, 0.9284)
(0.1938, 1.9996, 1.1961)
(0.4755, 2.201, 0.9538)
(0.8405, 2.1006, 1.2197)
(1.1123, 2.2616, 0.9637)
(1.4569, 2.1436, 1.2192)
(1.6459, 2.2151, 0.9297)
(1.93, 2.1107, 1.1887)
(-2.3627, 1.5412, 0.5661)
(-2.1855, 1.9016, 0.3788)
(-1.8733, 1.9259, 0.6894)
(-1.5872, 2.1819, 0.4368)
(-1.2138, 2.0894, 0.6852)
(-0.9106, 2.3136, 0.4301)
(-0.5377, 2.202, 0.677)
(-0.2482, 2.4202, 0.434)
(0.1128, 2.3108, 0.6928)
(0.3872, 2.5013, 0.4448)
(0.7469, 2.383, 0.7056)
(1.0121, 2.5001, 0.4298)
(1.3463, 2.3558, 0.6813)
(1.5203, 2.3677, 0.3668)
(1.788, 2.2094, 0.6108)
(-2.4038, 1.8008, 0.0177)
(-2.2421, 2.136, -0.181)
(-1.9359, 2.1986, 0.1465)
(-1.6408, 2.4131, -0.1229)
(-1.2807, 2.3882, 0.1652)
(-0.9654, 2.5454, -0.1206)
(-0.607, 2.5033, 0.1634)
(-0.3099, 2.6563, -0.1132)
(0.0358, 2.5987, 0.174)
(0.3146, 2.7439, -0.101)
(0.6611, 2.6371, 0.1715)
(0.9198, 2.6995, -0.1233)
(1.2427, 2.544, 0.1255)
(1.4008, 2.5158, -0.2028)
(1.6496, 2.3321, 0.0326)
(-2.4256, 2.0135, -0.5394)
(-2.279, 2.2866, -0.7659)
(-1.9815, 2.381, -0.4341)
(-1.6678, 2.5238, -0.7187)
(-1.3208, 2.5491, -0.4147)
(-0.99, 2.6269, -0.7178)
(-0.6503, 2.6564, -0.4143)
(-0.3494, 2.7335, -0.6867)
(-0.0241, 2.7879, -0.3879)
(0.2461, 2.8301, -0.6231)
(0.5775, 2.8277, -0.3803)
(0.7879, 2.7415, -0.6504)
(1.1115, 2.651, -0.4367)
(1.2417, 2.5805, -0.774)
(1.5221, 2.4819, -0.5508)
(-2.4551, 2.1346, -1.1161)
(-2.2929, 2.3511, -1.3643)
(-1.9971, 2.4622, -1.0352)
(-1.657, 2.532, -1.3243)
(-1.3277, 2.5848, -1.0189)
(-0.9774, 2.6286, -1.3227)
(-0.6642, 2.6702, -1.0045)
(-0.3538, 2.6242, -1.22)
(-0.0669, 2.6851, -0.8836)
(0.1945, 2.5591, -0.9985)
(0.4757, 2.6923, -0.7965)
(0.6576, 2.5954, -1.0675)
(0.9358, 2.6091, -0.9639)
(1.0596, 2.6445, -1.3407)
(1.3533, 2.579, -1.1313)
(-2.4939, 2.1909, -1.7003)
(-2.2479, 2.4063, -1.9048)
(-1.9753, 2.4656, -1.6295)
(-1.6354, 2.5996, -1.848)
(-1.2975, 2.5813, -1.6134)
(-0.9463, 2.7108, -1.8325)
(-0.629, 2.6554, -1.5814)
(-0.3213, 2.7183, -1.7032)
(-0.063, 2.5768, -1.3496)
(0.2284, 2.6647, -1.4499)
(0.4389, 2.5796, -1.1821)
(0.6316, 2.8299, -1.572)
(0.8081, 2.7585, -1.4973)
(0.9543, 3.0294, -1.9325)
(1.1921, 2.8322, -1.7517)
(-2.3258, 2.279, -2.1616)
(-2.1056, 2.6414, -2.2658)
(-1.9488, 2.6793, -2.0314)
(-1.6734, 3.0196, -2.1222)
(-1.3203, 2.8616, -1.9619)
(-1.0139, 3.1708, -2.0188)
(-0.6377, 2.9323, -1.8997)
(-0.3433, 3.1703, -1.9284)
(-0.0268, 2.8754, -1.7435)
(0.2841, 3.0814, -1.864)
(0.498, 2.8928, -1.6771)
(0.6905, 3.2482, -2.0318)
(0.7749, 3.1799, -2.0301)
(0.9868, 3.4367, -2.3069)
(1.1292, 3.2394, -2.2762)
(-2.1891, 2.4559, -2.5969)
(-2.0636, 2.8539, -2.7721)
(-1.9097, 3.0138, -2.4089)
(-1.6261, 3.3092, -2.5823)
(-1.361, 3.3183, -2.2445)
(-1.0309, 3.5227, -2.3773)
(-0.7021, 3.434, -2.1055)
(-0.3892, 3.5915, -2.2375)
(-0.0364, 3.3847, -2.0416)
(0.2318, 3.5568, -2.2123)
(0.546, 3.3393, -2.0814)
(0.7748, 3.6552, -2.1998)
(0.9328, 3.5857, -2.2104)
(1.2173, 3.785, -2.2944)
(1.3184, 3.6087, -2.3953)
(-2.2188, 2.6551, -3.1466)
(-2.0015, 2.9741, -3.3337)
(-1.8276, 3.1751, -2.961)
(-1.4982, 3.3221, -3.1043)
(-1.2868, 3.4698, -2.7356)
(-0.9674, 3.4297, -2.8217)
(-0.7083, 3.5389, -2.4994)
(-0.4672, 3.6005, -2.6371)
(-0.1264, 3.6838, -2.4032)
(0.0309, 3.842, -2.4775)
(0.4196, 3.7623, -2.3016)
(0.5737, 3.9757, -2.442)
(0.9544, 3.898, -2.3356)
(1.0328, 3.981, -2.6688)
(1.3378, 3.8385, -2.567)
(-2.1356, 2.7439, -3.6997)
(-1.8728, 2.8664, -3.7863)
(-1.6848, 3.0942, -3.4554)
(-1.3912, 3.0441, -3.4256)
(-1.1809, 3.2727, -3.1352)
(-1.0143, 3.3521, -3.1321)
(-0.7673, 3.5004, -2.8852)
(-0.6817, 3.7825, -2.8967)
(-0.3495, 3.8467, -2.6954)
(-0.205, 3.9925, -2.752)
(0.1749, 3.9866, -2.5882)
(0.3774, 4.1213, -2.8484)
(0.7227, 4.1022, -2.7741)
(0.8606, 4.2471, -3.0729)
(1.1092, 4.0648, -3.0411)
(-2.0043, 2.6059, -4.0248)
(-1.82, 2.5713, -3.9441)
(-1.6273, 2.823, -3.6918)
(-1.5115, 2.9001, -3.5512)
(-1.2616, 3.1448, -3.3468)
(-1.2651, 3.4743, -3.2964)
(-0.9726, 3.6392, -3.1099)
(-0.847, 3.7842, -3.0567)
(-0.5271, 3.9209, -2.8911)
(-0.2598, 4.0047, -3.0018)
(0.04, 4.1099, -2.9144)
(0.2946, 4.3864, -2.9996)
(0.5871, 4.353, -3.0111)
(0.7551, 4.5883, -3.0748)
(0.9943, 4.4357, -3.2369)
(0.6172, 0.377, 4.7616)
(0.9374, 0.6756, 4.7698)
(0.9236, 0.4092, 4.716)
(1.3441, 1.1825, 4.8099)
(1.2844, 0.7694, 4.7208)
(1.7864, 1.7245, 4.7587)
(1.7096, 1.3172, 4.7242)
(2.2507, 2.2382, 4.6203)
(2.1517, 1.8465, 4.6254)
(2.7449, 2.7202, 4.4438)
(2.6213, 2.3412, 4.4748)
(3.2798, 3.1849, 4.25)
(3.1388, 2.788, 4.277)
(3.7687, 3.6979, 4.1172)
(3.6912, 3.2877, 4.082)
(4.1875, 3.8013, 3.9906)
(-1.5348, -1.9589, -1.7526)
(-1.2162, -0.8968, -4.7699)
(-1.7519, -3.3017, 3.0354)
(-0.9628, -0.9525, -3.2275)
(-2.1863, -3.7246, 2.6853)
(-2.6221, -4.0614, 2.2458)
(-1.7044, -2.253, -1.2488)
(-3.0197, -4.3613, 1.7506)
(-3.4143, -4.6566, 1.2588)
(-3.7609, -4.7179, 0.6544)
(-4.2639, -4.9736, 0.2656)
(-1.0838, -1.1262, -4.2231)
(-4.8277, -5.3239, -0.0473)
(-1.1965, -1.3024, -2.7529)
(-1.3666, -1.6601, -2.2625)
(-2.8899, -3.1176, -0.649)
(-1.8994, -2.5227, -0.7399)
(-2.3228, -2.8511, -0.3202)
(-3.2486, -3.4682, -0.1458)
(-3.6504, -3.9886, -0.4761)
(-1.2846, -0.5628, -5.2815)
(-0.9898, -0.4997, -4.2916)
(-0.7051, -0.6622, -3.832)
(-4.7203, -5.4097, -0.5465)
(-4.6561, -5.3407, -0.2163)
(-4.8935, -5.3858, -0.2032)
(-4.9434, -5.4734, -0.511)
(-3.7052, -3.9424, -0.6101)
(-3.7104, -3.8963, -0.549)
(-3.906, -3.984, -0.7896)
(-3.8371, -4.0094, -0.8221)
(-3.8567, -3.9156, -0.8848)
(-4.0924, -4.0417, -1.1802)
(-4.1153, -4.0871, -1.0506)
(-3.8665, -4.1443, -1.3315)
(-4.0988, -4.3573, -1.5238)
(-4.3256, -4.2023, -1.4338)
(-3.9542, -4.5118, -1.3468)
(-4.2068, -4.7984, -1.351)
(-4.3025, -4.6418, -1.5985)
(-4.1636, -4.8897, -1.0001)
(-4.4578, -5.1722, -0.9721)
(-4.4661, -5.0875, -1.3279)
(-4.4083, -5.2402, -0.6032)
(-4.7676, -5.3778, -0.8995)
(-0.8447, -3.2903, 2.5165)
(-0.9053, -3.1782, 2.8233)
(-1.2588, -3.3236, 2.871)
(-1.2347, -3.4802, 2.563)
(-1.2491, -3.611, 2.1681)
(-1.6355, -3.6342, 2.5737)
(-1.6725, -3.8015, 2.175)
(-1.7315, -3.8656, 1.7244)
(-2.0873, -3.9531, 2.1499)
(-2.1426, -4.047, 1.7103)
(-2.2176, -4.0398, 1.2485)
(-2.5337, -4.2146, 1.6687)
(-2.5982, -4.2593, 1.2173)
(-2.6845, -4.2136, 0.752)
(-2.9539, -4.4804, 1.1636)
(-3.0355, -4.4944, 0.6998)
(-3.1483, -4.4398, 0.2375)
(-3.3947, -4.7136, 0.6302)
(-3.5005, -4.7343, 0.1767)
(-3.6143, -4.6951, -0.2295)
(-3.859, -4.9394, 0.141)
(-3.9574, -4.9922, -0.2522)
(-4.0691, -4.9608, -0.6293)
(-4.3224, -5.214, -0.2378)
(-0.4261, -3.1145, 2.1325)
(-0.4296, -3.014, 2.5133)
(-0.839, -3.3826, 2.1481)
(-0.909, -3.4572, 1.71)
(-1.3233, -3.6601, 1.7251)
(-1.4241, -3.6723, 1.2798)
(-1.8288, -3.831, 1.2713)
(-1.9361, -3.8161, 0.837)
(-2.3256, -3.9639, 0.7975)
(-2.444, -3.9419, 0.3738)
(-2.8128, -4.1249, 0.3122)
(-2.9584, -4.1053, -0.0815)
(-3.3057, -4.3537, -0.1585)
(-3.4687, -4.318, -0.5152)
(-3.7752, -4.6102, -0.5847)
(-3.8918, -4.568, -0.9664)
(0.7546, -2.1299, 2.1276)
(0.5753, -2.1556, 2.5143)
(0.4491, -2.3952, 2.2422)
(0.3573, -2.629, 1.9069)
(0.096, -2.6416, 2.4108)
(-0.014, -2.8539, 2.052)
(-0.0859, -3.0704, 1.6111)
(-0.4944, -3.2597, 1.6726)
(-0.5646, -3.4414, 1.2307)
(-0.9968, -3.5576, 1.2607)
(-1.0636, -3.7444, 0.8514)
(-1.5097, -3.7804, 0.8607)
(-1.5784, -3.9575, 0.4545)
(-2.0248, -3.9333, 0.4262)
(-2.1027, -4.0811, 0.0188)
(-2.5447, -4.0591, -0.0237)
(-2.6272, -4.1872, -0.4241)
(-3.0665, -4.2131, -0.464)
(-3.1549, -4.2812, -0.8434)
(-3.5605, -4.3724, -0.9093)
(-3.6552, -4.3205, -1.2518)
(1.0057, -2.1058, 1.6003)
(0.6928, -2.3845, 1.7619)
(0.6561, -2.6506, 1.3699)
(0.3059, -2.8837, 1.5118)
(0.2676, -3.1589, 1.1151)
(-0.1346, -3.3246, 1.1971)
(-0.197, -3.5533, 0.8297)
(-0.6184, -3.6759, 0.8435)
(-0.7221, -3.7979, 0.4971)
(-1.1297, -3.9199, 0.4605)
(-1.2714, -3.9115, 0.1136)
(-1.6615, -4.034, 0.0423)
(-1.8213, -3.9414, -0.3024)
(-2.1966, -4.0978, -0.3921)
(-2.3721, -3.9574, -0.7152)
(-2.7412, -4.145, -0.7942)
(-2.9641, -3.951, -0.9502)
(-3.3165, -4.1424, -1.0842)
(-3.5915, -3.9595, -1.0623)
(1.273, -2.071, 1.0428)
(0.9707, -2.3689, 1.2089)
(0.935, -2.6299, 0.8182)
(0.6199, -2.9158, 0.9775)
(0.5553, -3.1486, 0.5851)
(0.1966, -3.3701, 0.738)
(0.025, -3.3952, 0.3962)
(-0.3565, -3.5749, 0.5108)
(-0.6216, -3.4271, 0.2453)
(-0.9516, -3.6849, 0.2354)
(-1.2675, -3.4598, 0.0451)
(-1.5411, -3.722, -0.1037)
(-1.8708, -3.4545, -0.262)
(-2.0968, -3.7209, -0.5116)
(-2.4457, -3.4735, -0.6155)
(-2.6718, -3.7424, -0.8155)
(-3.0128, -3.6136, -0.6592)
(-3.2839, -3.8105, -0.8082)
(-3.5831, -3.8048, -0.5982)
(1.5371, -2.027, 0.4875)
(1.2352, -2.3308, 0.6523)
(1.1857, -2.5848, 0.2563)
(0.8787, -2.8779, 0.4222)
(0.7604, -3.0672, 0.018)
(0.4086, -3.2715, 0.2017)
(0.163, -3.2304, -0.1497)
(-0.2387, -3.2909, 0.0805)
(-0.5265, -3.137, -0.2197)
(-0.9186, -3.2494, -0.0159)
(-1.2087, -3.0298, -0.2745)
(-1.5823, -3.2068, -0.162)
(-1.8877, -2.9337, -0.3533)
(-2.2216, -3.178, -0.397)
(-2.5929, -2.9894, -0.48)
(-2.7951, -3.3265, -0.6059)
(-3.0733, -3.3085, -0.4021)
(-3.2881, -3.6145, -0.4155)
(-3.4406, -3.7429, -0.3263)
(1.7709, -1.9472, -0.0738)
(1.4819, -2.273, 0.0901)
(1.4, -2.4945, -0.3142)
(1.0951, -2.8021, -0.149)
(0.9133, -2.9046, -0.5475)
(0.5499, -3.1119, -0.3646)
(0.2695, -2.9762, -0.6854)
(-0.1264, -3.0621, -0.4542)
(-0.4125, -2.8339, -0.7198)
(-0.8104, -2.921, -0.4866)
(-1.0795, -2.6918, -0.7368)
(-1.4765, -2.7915, -0.5133)
(-1.6647, -2.5788, -0.7511)
(-2.0968, -2.6888, -0.5364)
(1.9422, -1.8011, -0.6435)
(1.6774, -2.1519, -0.4781)
(1.5422, -2.3096, -0.8821)
(1.2449, -2.6284, -0.7146)
(1.0025, -2.6346, -1.089)
(0.6449, -2.8377, -0.8974)
(0.3542, -2.6557, -1.1924)
(-0.0228, -2.7464, -0.9551)
(-0.2952, -2.5268, -1.2166)
(-0.6821, -2.6066, -0.9731)
(-0.9342, -2.4085, -1.2334)
(-1.3064, -2.4857, -0.9883)
(-1.475, -2.3015, -1.2461)
(-1.7897, -2.3893, -0.9977)
(2.0861, -1.6217, -1.2129)
(1.8221, -1.9719, -1.0483)
(1.6558, -2.0974, -1.4499)
(1.3439, -2.3898, -1.2741)
(1.0886, -2.3827, -1.6423)
(0.7229, -2.5445, -1.4263)
(0.4443, -2.4053, -1.7342)
(0.0783, -2.4611, -1.4715)
(-0.1863, -2.3043, -1.759)
(-0.5538, -2.347, -1.4898)
(-0.8037, -2.1884, -1.769)
(-1.1525, -2.2324, -1.501)
(-1.3181, -2.0427, -1.7634)
(-1.6095, -2.1085, -1.5036)
(2.2032, -1.4161, -1.7793)
(1.9413, -1.768, -1.6167)
(1.7499, -1.8688, -2.0143)
(1.435, -2.1562, -1.8373)
(1.1692, -2.1455, -2.2024)
(0.8082, -2.3121, -1.983)
(0.5256, -2.215, -2.3037)
(0.1701, -2.2739, -2.0355)
(-0.1019, -2.1572, -2.3391)
(-0.4481, -2.1706, -2.0514)
(-0.6982, -2.001, -2.3291)
(-1.0195, -2.0085, -2.0386)
(-1.1727, -1.7749, -2.2874)
(-1.4419, -1.8142, -2.0117)
(2.2972, -1.1877, -2.341)
(2.0378, -1.542, -2.1806)
(1.8303, -1.6251, -2.5733)
(1.5126, -1.9117, -2.3965)
(1.2391, -1.8959, -2.758)
(0.8832, -2.0873, -2.5454)
(0.5918, -1.9965, -2.869)
(0.2433, -2.1064, -2.6152)
(-0.038, -1.9493, -2.9053)
(-0.3678, -1.9975, -2.6259)
(-0.602, -1.7247, -2.8421)
(-0.8997, -1.7528, -2.571)
(-1.0211, -1.4354, -2.7699)
(-1.2741, -1.4864, -2.5143)
(2.3792, -0.9442, -2.8971)
(2.1214, -1.3011, -2.7394)
(1.9099, -1.3767, -3.1282)
(1.5841, -1.6573, -2.9503)
(1.3135, -1.6443, -3.3079)
(0.9474, -1.833, -3.097)
(0.6657, -1.7176, -3.3945)
(0.3, -1.8488, -3.1612)
(0.0526, -1.5817, -3.3503)
(-0.2923, -1.6664, -3.1073)
(-0.4565, -1.2784, -3.1689)
(-0.7534, -1.346, -2.9602)
(-0.8187, -1.0288, -3.1625)
(-1.0803, -1.13, -3.0083)
(2.4631, -0.6916, -3.4473)
(2.2068, -1.0543, -3.2935)
(1.9957, -1.1189, -3.6708)
(1.6704, -1.4143, -3.501)
(1.4026, -1.3938, -3.8264)
(1.0476, -1.5883, -3.6259)
(0.7899, -1.4103, -3.8361)
(0.4381, -1.4849, -3.5746)
(0.2523, -1.1702, -3.6341)
(-0.0998, -1.2251, -3.3887)
(-0.251, -0.9435, -3.48)
(-0.548, -0.9772, -3.3003)
(-0.6439, -0.7702, -3.6877)
(-0.8287, -0.8022, -3.5915)
(2.5306, -0.4092, -3.9739)
(2.289, -0.7843, -3.8291)
(2.0245, -0.7639, -4.1149)
(1.7246, -1.0932, -3.9793)
(1.3996, -0.9508, -4.1116)
(1.0961, -1.2496, -4.0325)
(0.7713, -1.0422, -4.1318)
(0.5126, -1.1645, -3.9702)
(0.2489, -0.9335, -4.0427)
(0.0308, -0.9089, -3.7257)
(-0.2664, -0.7864, -3.969)
(-0.4898, -0.761, -3.8011)
(-0.7786, -0.6797, -4.1628)
(-0.8585, -0.567, -4.1496)
(2.4991, -0.0387, -4.4077)
(2.2785, -0.4128, -4.2551)
(1.9319, -0.2586, -4.3118)
(1.6855, -0.6081, -4.1807)
(1.3536, -0.4243, -4.0841)
(1.0751, -0.7593, -4.0646)
(0.7701, -0.5844, -4.0904)
(0.4837, -0.8335, -4.1633)
(0.2005, -0.6905, -4.2962)
(-0.0242, -0.8178, -4.1741)
(-0.3596, -0.9005, -4.3956)
(-0.5881, -0.8779, -4.2289)
(-0.8713, -1.0266, -4.3626)
(-1.0522, -0.8027, -4.2995)
(2.3608, 0.3871, -4.7355)
(2.1577, 0.0805, -4.4913)
(1.7781, 0.2743, -4.4426)
(1.5795, -0.0548, -4.2294)
(1.2708, 0.0087, -4.3169)
(1.0485, -0.3154, -4.1527)
(0.7424, -0.2836, -4.4786)
(0.4467, -0.4632, -4.3486)
(0.1103, -0.4379, -4.6899)
(-0.1437, -0.6651, -4.5549)
(-0.4771, -0.7057, -4.8169)
(-0.6871, -0.9645, -4.5953)
(-0.973, -0.887, -4.8126)
(-1.1406, -1.0102, -4.5016)
(2.1412, 0.7406, -5.1074)
(1.9661, 0.5306, -4.7594)
(1.57, 0.6087, -4.8048)
(1.4208, 0.3415, -4.5227)
(1.1773, 0.2152, -4.7935)
(1.0209, -0.085, -4.6435)
(0.7883, -0.2195, -5.0156)
(0.4507, -0.3401, -4.8611)
(0.1713, -0.4219, -5.2027)
(-0.1901, -0.5036, -5.0173)
(-0.4818, -0.5504, -5.3114)
(-0.7657, -0.7131, -5.087)
(-1.0335, -0.6057, -5.3039)
(-1.2413, -0.7294, -5.0312)
(1.9448, 0.9844, -5.429)
(1.7568, 0.8184, -5.1114)
(1.3925, 0.805, -5.1474)
(1.2601, 0.5361, -4.9415)
(1.1146, 0.3497, -5.1902)
(1.0273, 0.0256, -5.1209)
(0.8333, -0.1085, -5.4275)
(0.5227, -0.3078, -5.3341)
(0.2206, -0.3248, -5.6115)
(-0.1335, -0.4354, -5.482)
(-0.4574, -0.3776, -5.6898)
(-0.7776, -0.4893, -5.5169)
(-1.0226, -0.3894, -5.6595)
(-1.2591, -0.4832, -5.4586)
(-1.2712, -3.2141, 3.0786)
(-1.5838, -3.2707, 3.0882)
(-1.6043, -3.4189, 2.8819)
(-1.9642, -3.5204, 2.8518)
(-2.0267, -3.7716, 2.5304)
(-2.4009, -3.8986, 2.4542)
(-2.4695, -4.0844, 2.0803)
(-2.8185, -4.2165, 1.9851)
(-2.8849, -4.3732, 1.5884)
(-3.2145, -4.5173, 1.4925)
(-3.2917, -4.6428, 1.0766)
(-3.6031, -4.6966, 0.9606)
(-3.7286, -4.8116, 0.542)
(-4.0434, -4.8594, 0.474)
(-4.2008, -5.0643, 0.1171)
(-4.552, -5.1609, 0.1098)
(-4.9338, -5.1478, 0.0531)
(-5.2833, -5.0758, -0.0643)
(-5.3068, -5.28, -0.137)
(-5.0108, -5.3491, -0.0689)
(-3.7212, -3.9515, -0.5151)
(-3.7413, -4.0403, -0.6043)
(-3.9054, -4.1156, -0.8575)
(-3.9548, -4.0462, -0.765)
(-4.0597, -3.9093, -0.6427)
(-4.2888, -4.0559, -1.0663)
(-4.4501, -3.9419, -0.892)
(-4.6133, -3.8578, -0.6485)
(-4.8683, -3.9197, -1.0794)
(-5.0425, -3.9281, -0.7784)
(-5.1685, -3.9617, -0.4491)
(-5.4104, -4.0239, -0.8539)
(-5.5031, -4.1546, -0.5087)
(-5.4554, -4.3044, -0.1776)
(-5.6967, -4.4451, -0.5419)
(-5.5761, -4.6273, -0.2311)
(-5.2732, -4.7895, 0.0371)
(-5.592, -4.9414, -0.2787)
(-1.907, -2.4598, 3.3895)
(-2.1449, -2.3355, 3.2324)
(-2.2101, -2.7724, 3.1151)
(-1.9333, -2.8412, 3.2536)
(-2.5259, -2.6985, 2.8973)
(-2.6205, -3.1516, 2.7558)
(-2.266, -3.1882, 2.9516)
(-2.9564, -3.0715, 2.4875)
(-3.0417, -3.4946, 2.3155)
(-2.6899, -3.5591, 2.5516)
(-3.3674, -3.3986, 2.0261)
(-3.4385, -3.8088, 1.842)
(-3.09, -3.8726, 2.0763)
(-3.7803, -3.7194, 1.5799)
(-3.8397, -4.1368, 1.4006)
(-3.4791, -4.199, 1.6214)
(-4.2139, -4.0148, 1.107)
(-4.2576, -4.3678, 0.8841)
(-3.8501, -4.4597, 1.1272)
(-4.6901, -4.2644, 0.5973)
(-4.7684, -4.5833, 0.4266)
(-4.2836, -4.6424, 0.6274)
(-5.2016, -4.4699, 0.1432)
(-4.8334, -4.877, 0.2427)
(-2.0047, -1.8566, 3.3698)
(-2.2298, -1.7674, 3.0713)
(-2.3963, -2.2378, 2.9899)
(-2.6519, -2.1875, 2.6478)
(-2.8245, -2.63, 2.5935)
(-3.0494, -2.5684, 2.2114)
(-3.2307, -2.9803, 2.1441)
(-3.4269, -2.9011, 1.7432)
(-3.6388, -3.2974, 1.6875)
(-3.8683, -3.1892, 1.3296)
(-4.087, -3.5973, 1.2635)
(-4.3076, -3.4983, 0.8731)
(-4.5277, -3.9002, 0.7479)
(-4.709, -3.8126, 0.3407)
(-5.0016, -4.1477, 0.2408)
(-5.1648, -4.0226, -0.1151)
(-1.7119, -0.301, 3.2746)
(-1.7762, -0.7265, 3.3247)
(-1.5375, -0.5585, 3.565)
(-1.989, -0.8432, 2.9973)
(-2.0831, -1.2879, 3.0747)
(-1.8472, -1.1924, 3.4182)
(-2.3087, -1.3235, 2.6364)
(-2.4731, -1.7482, 2.6622)
(-2.6331, -1.7765, 2.2203)
(-2.8353, -2.1734, 2.2363)
(-2.917, -2.1995, 1.7883)
(-3.1837, -2.5315, 1.7771)
(-3.2515, -2.5196, 1.3334)
(-3.566, -2.8381, 1.328)
(-3.6687, -2.7821, 0.9423)
(-4.0292, -3.1071, 0.9404)
(-4.0433, -3.1195, 0.5205)
(-4.3862, -3.4647, 0.4353)
(-4.3509, -3.4749, 0.0699)
(-4.7598, -3.7545, -0.0245)
(-4.7221, -3.7796, -0.3456)
(-1.9281, 0.0296, 2.8479)
(-1.9346, -0.4127, 2.9243)
(-2.0679, -0.5128, 2.4956)
(-2.1569, -0.9219, 2.57)
(-2.2865, -0.9922, 2.1053)
(-2.4658, -1.376, 2.1729)
(-2.5069, -1.4786, 1.7147)
(-2.6771, -1.8632, 1.7673)
(-2.6266, -2.0013, 1.3276)
(-2.9211, -2.2677, 1.3452)
(-2.9297, -2.2759, 0.923)
(-3.303, -2.4853, 0.9311)
(-3.2779, -2.5419, 0.5853)
(-3.6534, -2.8221, 0.5893)
(-3.5298, -2.9671, 0.2377)
(-3.9432, -3.2077, 0.1602)
(-3.8581, -3.3473, -0.1288)
(-4.2789, -3.558, -0.2213)
(-4.1892, -3.7242, -0.4738)
(-2.102, 0.3446, 2.3458)
(-2.0666, -0.0837, 2.4292)
(-2.0856, -0.1985, 1.9816)
(-2.1259, -0.6064, 2.0402)
(-2.1687, -0.6915, 1.5858)
(-2.3529, -1.0801, 1.6483)
(-2.3083, -1.2129, 1.2074)
(-2.4373, -1.6274, 1.2769)
(-2.314, -1.7897, 0.8621)
(-2.5591, -2.1048, 0.9059)
(-2.5462, -2.1354, 0.4774)
(-2.9306, -2.298, 0.5238)
(-2.8188, -2.5024, 0.1769)
(-3.1475, -2.754, 0.2497)
(-3.0527, -2.9589, -0.1244)
(-3.4499, -3.1373, -0.1139)
(-3.4354, -3.3525, -0.3173)
(-3.8089, -3.5677, -0.3301)
(-3.739, -3.7919, -0.4252)
(-2.2415, 0.623, 1.8116)
(-2.1602, 0.2147, 1.9098)
(-2.1112, 0.0946, 1.463)
(-2.0468, -0.2972, 1.5311)
(-2.0276, -0.4033, 1.0808)
(-2.1694, -0.8012, 1.1379)
(-2.0762, -0.9516, 0.7087)
(-2.1852, -1.3766, 0.7874)
(-2.0301, -1.5435, 0.3873)
(-2.2123, -1.909, 0.4498)
(-2.1711, -1.9958, 0.0254)
(-2.5084, -2.2374, 0.074)
(-2.351, -2.4748, -0.2504)
(-2.6611, -2.7755, -0.147)
(-2.6198, -2.9793, -0.4893)
(-3.0526, -3.1301, -0.416)
(-3.0652, -3.2773, -0.3928)
(-3.4209, -3.5459, -0.3)
(-3.4584, -3.7139, -0.2956)
(-2.3665, 0.8834, 1.2649)
(-2.2755, 0.4814, 1.3743)
(-2.2362, 0.3421, 0.9284)
(-2.0465, -0.0232, 1.0153)
(-1.9832, -0.1633, 0.5712)
(-1.9612, -0.5435, 0.643)
(-1.8491, -0.7039, 0.2203)
(-1.9271, -1.1208, 0.3017)
(-1.785, -1.2822, -0.0956)
(-1.9089, -1.6852, -0.0141)
(-1.8401, -1.82, -0.4186)
(-2.0932, -2.1417, -0.356)
(-1.9378, -2.2969, -0.6718)
(-2.1253, -2.685, -0.5237)
(-2.438, 1.1402, 0.7115)
(-2.3971, 0.727, 0.8279)
(-2.372, 0.5643, 0.3834)
(-2.1801, 0.1925, 0.4823)
(-2.1207, 0.0372, 0.0367)
(-1.9092, -0.3157, 0.1321)
(-1.8463, -0.4683, -0.3006)
(-1.7514, -0.8594, -0.1965)
(-1.6747, -1.0069, -0.6039)
(-1.692, -1.428, -0.4962)
(-1.6296, -1.568, -0.894)
(-1.7561, -1.9548, -0.7925)
(-1.6772, -2.048, -1.1438)
(-1.8141, -2.3863, -0.991)
(-2.4664, 1.3996, 0.1599)
(-2.4617, 0.9751, 0.2755)
(-2.4164, 0.8109, -0.1652)
(-2.3182, 0.4031, -0.0615)
(-2.251, 0.2439, -0.5033)
(-2.0656, -0.1198, -0.4031)
(-2.0115, -0.2704, -0.8322)
(-1.794, -0.6173, -0.7202)
(-1.757, -0.7613, -1.1314)
(-1.6282, -1.1505, -1.007)
(-1.5844, -1.2888, -1.4063)
(-1.5747, -1.6849, -1.2765)
(-1.534, -1.7592, -1.6449)
(-1.6298, -2.1034, -1.4978)
(-2.4473, 1.6546, -0.3813)
(-2.4423, 1.237, -0.2699)
(-2.3152, 1.0776, -0.6909)
(-2.3208, 0.653, -0.6013)
(-2.1955, 0.5009, -1.029)
(-2.1718, 0.0933, -0.9386)
(-2.0938, -0.0483, -1.365)
(-1.9619, -0.4126, -1.2534)
(-1.9081, -0.5506, -1.6734)
(-1.7168, -0.9033, -1.5401)
(-1.6606, -1.0435, -1.9485)
(-1.5405, -1.4053, -1.7952)
(-1.4597, -1.4728, -2.1649)
(-1.4595, -1.8049, -2.0034)
(-2.394, 1.8475, -0.9169)
(-2.3052, 1.4926, -0.7826)
(-2.1148, 1.3187, -1.1739)
(-2.1333, 0.9203, -1.0951)
(-1.9546, 0.7672, -1.5044)
(-2.0648, 0.3549, -1.4498)
(-1.9352, 0.207, -1.8399)
(-2.017, -0.1848, -1.7838)
(-1.8677, -0.3219, -2.1645)
(-1.818, -0.6871, -2.0931)
(-1.636, -0.8055, -2.4528)
(-1.5543, -1.15, -2.3338)
(-1.3414, -1.1692, -2.6545)
(-1.2891, -1.4762, -2.5011)
(-2.4863, 1.9132, -1.4819)
(-2.2743, 1.6342, -1.3026)
(-2.1438, 1.4426, -1.7045)
(-1.9397, 1.1553, -1.5804)
(-1.7667, 0.9859, -1.9851)
(-1.7716, 0.6064, -1.8863)
(-1.6073, 0.4044, -2.1875)
(-1.7392, 0.0411, -2.143)
(-1.5236, -0.1003, -2.4415)
(-1.5986, -0.4344, -2.4696)
(-1.3062, -0.5138, -2.7566)
(-1.3288, -0.8501, -2.7233)
(-1.0528, -0.8428, -3.0443)
(-1.079, -1.1249, -2.9721)
(-2.5173, 1.9602, -2.0279)
(-2.4322, 1.6709, -1.8594)
(-2.2952, 1.4662, -2.2456)
(-1.9938, 1.2751, -2.1177)
(-1.8991, 1.0232, -2.5237)
(-1.6666, 0.7528, -2.3554)
(-1.6684, 0.4748, -2.6722)
(-1.5388, 0.1998, -2.4957)
(-1.5554, 0.03, -2.8928)
(-1.4023, -0.2135, -2.8282)
(-1.2982, -0.3389, -3.2556)
(-1.1015, -0.5899, -3.1333)
(-0.9449, -0.6181, -3.5666)
(-0.8392, -0.8125, -3.468)
(-2.2865, 2.051, -2.4671)
(-2.3918, 1.7006, -2.3603)
(-2.3481, 1.4493, -2.7145)
(-2.1841, 1.2073, -2.6314)
(-2.168, 0.9165, -3.0082)
(-1.8761, 0.702, -2.8862)
(-1.9707, 0.372, -3.138)
(-1.7512, 0.1911, -2.9673)
(-1.8046, -0.0187, -3.3327)
(-1.537, -0.1091, -3.3336)
(-1.4516, -0.3178, -3.7014)
(-1.1728, -0.4508, -3.6585)
(-1.0917, -0.5738, -3.9953)
(-0.8364, -0.595, -3.974)
(-2.3411, 2.2568, -2.9645)
(-2.3762, 1.8343, -2.8192)
(-2.4972, 1.6355, -3.1513)
(-2.4332, 1.2233, -3.0628)
(-2.4192, 1.0171, -3.3272)
(-2.2257, 0.656, -3.2874)
(-2.2115, 0.4024, -3.4806)
(-2.0643, 0.0955, -3.3823)
(-1.9772, -0.1624, -3.6484)
(-1.7676, -0.2858, -3.6631)
(-1.6483, -0.6235, -3.9286)
(-1.3685, -0.6446, -3.9627)
(-1.2761, -0.921, -4.198)
(-1.0213, -0.8232, -4.2152)
(-2.3204, 2.431, -3.5176)
(-2.4354, 2.0498, -3.3122)
(-2.3273, 1.8123, -3.5677)
(-2.3949, 1.4289, -3.3829)
(-2.1655, 1.1827, -3.5524)
(-2.2082, 0.7944, -3.4957)
(-2.0009, 0.549, -3.6798)
(-1.9895, 0.1749, -3.681)
(-1.7755, -0.0351, -3.9158)
(-1.7498, -0.3925, -3.9142)
(-1.6041, -0.5046, -4.2931)
(-1.5096, -0.794, -4.2728)
(-1.3905, -0.7925, -4.6493)
(-1.1594, -1.0129, -4.4913)
(-2.1611, 2.4533, -3.9704)
(-2.2699, 2.153, -3.8209)
(-2.1717, 1.8244, -3.9716)
(-2.1665, 1.5174, -3.764)
(-2.2279, 1.1947, -3.936)
(-2.1337, 0.8825, -3.7539)
(-2.2288, 0.5738, -3.9471)
(-1.986, 0.2775, -3.9058)
(-1.9777, 0.109, -4.1844)
(-1.7153, -0.1665, -4.251)
(-1.7031, -0.2209, -4.6589)
(-1.5409, -0.5111, -4.7135)
(-1.4664, -0.502, -5.076)
(-1.2595, -0.7302, -5.0202)
(-2.0192, 2.2808, -4.0191)
(-2.1291, 2.0992, -3.9927)
(-2.2485, 1.78, -3.9264)
(-2.2684, 1.504, -4.0286)
(-2.4733, 1.2116, -4.155)
(-2.3631, 0.8978, -4.0834)
(-2.2733, 0.686, -4.1954)
(-2.1549, 0.3807, -4.1238)
(-2.0269, 0.3054, -4.3988)
(-1.9201, 0.0365, -4.5449)
(-1.9468, -0.1105, -4.9122)
(-1.7093, -0.3229, -5.0197)
(-1.7542, -0.4524, -5.2949)
(-1.4607, -0.5543, -5.3635)
(-1.7456, -2.8745, 3.3302)
(-1.9424, -3.1751, 3.0809)
(-1.7266, -3.1572, 3.1538)
(-2.3331, -3.5589, 2.7324)
(-1.974, -3.5059, 2.869)
(-2.7541, -3.9008, 2.2944)
(-2.4075, -3.8874, 2.477)
(-3.1448, -4.2046, 1.8074)
(-2.8233, -4.2061, 2.0114)
(-3.528, -4.503, 1.3365)
(-3.2194, -4.5005, 1.5169)
(-3.8822, -4.6591, 0.7781)
(-3.5721, -4.6779, 0.9525)
(-4.3838, -4.8762, 0.3646)
(-3.9814, -4.8321, 0.4459)
(-4.5396, -5.1365, 0.1085)
(4.5, 3.8909, 3.6624)
(3.5259, 3.4805, 2.8564)
(3.4405, 3.6277, 2.7162)
(3.604, 3.7113, 2.4211)
(3.8407, 3.7137, 2.4926)
(4.0968, 3.7081, 2.8651)
(4.4069, 3.6843, 3.2644)
(1.3491, -0.0627, 4.0991)
(1.6527, 0.4302, 4.1267)
(2.0849, 0.9647, 4.1625)
(2.5644, 1.461, 4.1857)
(3.048, 1.9392, 4.1901)
(3.3193, 2.3787, 3.9656)
(3.5643, 2.8225, 3.6562)
(4.0048, 3.3208, 3.4666)
(1.5331, -0.356, 3.6056)
(1.9413, 0.1776, 3.6585)
(2.3949, 0.7143, 3.7051)
(2.8507, 1.2318, 3.7223)
(3.2995, 1.743, 3.71)
(3.5044, 2.2635, 3.5508)
(3.5391, 2.7771, 3.282)
(3.7626, 3.3005, 3.0585)
(1.031, -1.613, 2.5662)
(1.3617, -1.0892, 2.8566)
(1.779, -0.5699, 3.0799)
(2.275, -0.0498, 3.1969)
(2.7203, 0.4898, 3.2472)
(3.1177, 1.0492, 3.2243)
(3.4843, 1.6196, 3.1654)
(3.7458, 2.226, 3.0771)
(3.7847, 2.8313, 2.981)
(3.7416, 3.3291, 2.7637)
(1.2273, -1.5735, 2.1)
(1.6122, -1.0618, 2.322)
(2.0991, -0.6427, 2.5369)
(2.5832, -0.1957, 2.6943)
(2.9319, 0.3715, 2.7435)
(3.1953, 0.9837, 2.7157)
(3.4084, 1.6157, 2.6687)
(3.623, 2.2441, 2.5918)
(3.735, 2.8181, 2.6917)
(3.6373, 3.2981, 2.6722)
(1.4829, -1.5325, 1.5394)
(1.8786, -1.0178, 1.7588)
(2.3709, -0.6184, 1.9837)
(2.7276, -0.1545, 2.1504)
(2.8199, 0.4618, 2.2574)
(2.8747, 1.1003, 2.3555)
(2.9868, 1.737, 2.3384)
(3.1648, 2.3528, 2.2561)
(3.2506, 2.8419, 2.4866)
(3.3101, 3.2292, 2.7521)
(1.7578, -1.4963, 0.9892)
(2.1413, -0.9664, 1.2104)
(2.5799, -0.4954, 1.4304)
(2.8535, 0.0404, 1.6232)
(2.7869, 0.6629, 1.8104)
(2.6307, 1.2787, 2.0078)
(2.5592, 1.8938, 2.0859)
(2.686, 2.4597, 2.1755)
(2.8697, 2.9499, 2.4524)
(3.1675, 3.276, 2.7434)
(2.0225, -1.4414, 0.4408)
(2.3886, -0.8882, 0.6635)
(2.767, -0.3409, 0.8759)
(2.9979, 0.2507, 1.0839)
(2.871, 0.8537, 1.2808)
(2.5497, 1.4131, 1.472)
(2.2619, 1.9383, 1.6608)
(2.2097, -1.3234, -0.1224)
(2.537, -0.7499, 0.1024)
(2.851, -0.1637, 0.3118)
(2.9769, 0.4479, 0.518)
(2.7516, 1.0049, 0.7203)
(2.3711, 1.4948, 0.9182)
(2.0663, 1.9226, 1.1024)
(2.352, -1.1593, -0.6912)
(2.6326, -0.5705, -0.4643)
(2.8488, 0.0428, -0.2543)
(2.8858, 0.6544, -0.0447)
(2.6307, 1.1698, 0.164)
(2.2293, 1.6111, 0.3595)
(1.916, 2.015, 0.5323)
(2.4893, -0.9763, -1.2552)
(2.7268, -0.3772, -1.0236)
(2.8231, 0.2566, -0.8094)
(2.7994, 0.8748, -0.6006)
(2.5763, 1.3885, -0.3912)
(2.1519, 1.7912, -0.2012)
(1.7904, 2.1468, -0.0426)
(2.5927, -0.7637, -1.8158)
(2.7688, -0.1565, -1.5776)
(2.7436, 0.4786, -1.3578)
(2.6891, 1.0959, -1.1549)
(2.5199, 1.626, -0.9476)
(2.0829, 2.0011, -0.7662)
(1.6735, 2.3051, -0.6272)
(2.6691, -0.526, -2.3703)
(2.8025, 0.0836, -2.1243)
(2.6805, 0.7008, -1.9075)
(2.5807, 1.3089, -1.7164)
(2.4454, 1.8658, -1.5054)
(1.99, 2.2119, -1.3343)
(1.5217, 2.438, -1.2205)
(2.7272, -0.2704, -2.9181)
(2.8089, 0.3374, -2.664)
(2.5727, 0.9023, -2.4509)
(2.3514, 1.4428, -2.2261)
(2.1905, 1.9925, -1.9558)
(1.8091, 2.4138, -1.8362)
(1.3944, 2.6821, -1.7865)
(2.7694, -0.0007, -3.4584)
(2.7885, 0.6108, -3.1957)
(2.5023, 1.1554, -2.9601)
(2.1839, 1.6525, -2.6925)
(1.9599, 2.1819, -2.3964)
(1.6657, 2.7027, -2.3214)
(1.3355, 3.0726, -2.3054)
(2.8052, 0.2844, -3.9888)
(2.7607, 0.8934, -3.7223)
(2.4766, 1.4633, -3.4638)
(2.1602, 1.9865, -3.2071)
(1.907, 2.5255, -2.9255)
(1.7142, 3.0832, -2.7056)
(1.4897, 3.4746, -2.5265)
(2.798, 0.5887, -4.502)
(2.7852, 1.1883, -4.2347)
(2.5458, 1.7714, -3.9468)
(2.268, 2.3207, -3.6619)
(2.0073, 2.8719, -3.354)
(1.758, 3.373, -3.0207)
(1.4968, 3.7103, -2.7219)
(2.6833, 0.8964, -4.9909)
(2.7746, 1.4805, -4.7426)
(2.6023, 2.0685, -4.4256)
(2.3518, 2.6314, -4.0987)
(2.0569, 3.1694, -3.7744)
(1.663, 3.6123, -3.4565)
(1.2807, 3.9265, -3.175)
(2.5185, 1.1477, -5.3989)
(2.6537, 1.7, -5.1807)
(2.4711, 2.2796, -4.8606)
(2.2203, 2.8394, -4.5327)
(1.9206, 3.3731, -4.2032)
(1.5696, 3.8627, -3.8639)
(1.2353, 4.2268, -3.566)
(1.1653, 0.1884, 4.4588)
(1.4092, 0.653, 4.5259)
(1.8217, 1.2015, 4.5384)
(2.275, 1.7226, 4.4959)
(2.7542, 2.2083, 4.424)
(3.2053, 2.6445, 4.22)
(3.6326, 3.0753, 3.9755)
(4.0989, 3.5611, 3.8305)
(4.3577, 4.3161, 4.0636)
(3.3241, 3.7124, 2.6628)
(3.3088, 4.1259, 2.6668)
(3.3033, 4.5964, 2.922)
(3.4136, 4.9244, 3.3714)
(3.6663, 4.9713, 3.8417)
(4.0462, 4.6791, 4.081)
(0.3815, 0.7658, 4.7478)
(0.744, 1.2352, 4.8196)
(1.1846, 1.7899, 4.8228)
(1.6561, 2.3204, 4.7255)
(2.1452, 2.8276, 4.5885)
(2.6556, 3.3342, 4.4288)
(3.1389, 3.8104, 4.2722)
(3.6307, 4.2707, 4.1706)
(-0.0742, 0.9824, 4.4977)
(0.3164, 1.5542, 4.5783)
(0.7697, 2.1247, 4.5701)
(1.2656, 2.6336, 4.4612)
(1.7793, 3.1183, 4.3264)
(2.2868, 3.6299, 4.1689)
(2.7888, 4.0984, 4.0182)
(3.2825, 4.5652, 3.9489)
(-1.2569, 0.111, 3.6496)
(-0.8473, 0.6153, 3.8825)
(-0.4248, 1.1788, 4.0459)
(0.0107, 1.7831, 4.1093)
(0.4907, 2.3137, 4.0802)
(1.0121, 2.7712, 3.9505)
(1.5341, 3.2159, 3.7829)
(2.068, 3.6513, 3.6105)
(2.6065, 4.0663, 3.4959)
(3.1007, 4.5265, 3.4836)
(-1.4668, 0.3727, 3.2783)
(-1.0321, 0.8706, 3.3973)
(-0.6228, 1.4189, 3.4983)
(-0.1515, 1.9172, 3.5408)
(0.399, 2.3079, 3.4988)
(0.9601, 2.6764, 3.3853)
(1.4755, 3.0924, 3.2188)
(2.0194, 3.4452, 3.072)
(2.5901, 3.785, 3.0295)
(3.114, 4.2271, 3.0316)
(-1.6793, 0.648, 2.7773)
(-1.167, 1.0683, 2.8285)
(-0.7214, 1.5742, 2.9077)
(-0.192, 1.9506, 2.9439)
(0.4444, 2.1503, 2.9286)
(1.0607, 2.3942, 2.865)
(1.6041, 2.7668, 2.7261)
(2.1531, 3.0989, 2.6056)
(2.6945, 3.3908, 2.6929)
(3.1893, 3.7918, 2.7973)
(-1.8474, 0.8949, 2.2375)
(-1.2661, 1.2114, 2.252)
(-0.7444, 1.6328, 2.3051)
(-0.162, 1.9115, 2.3402)
(0.5134, 1.982, 2.3577)
(1.1695, 2.1173, 2.3447)
(1.785, 2.3953, 2.2833)
(2.3449, 2.7197, 2.3189)
(2.7422, 3.1062, 2.5346)
(3.1519, 3.4716, 2.7421)
(-1.9885, 1.1614, 1.6993)
(-1.3588, 1.3825, 1.6917)
(-0.7475, 1.6406, 1.7095)
(-0.1206, 1.839, 1.7426)
(0.5492, 1.9134, 1.7646)
(1.211, 2.0004, 1.7751)
(1.8227, 2.1328, 1.7672)
(-2.0924, 1.4636, 1.1769)
(-1.4637, 1.6733, 1.1828)
(-0.7949, 1.8015, 1.1659)
(-0.1335, 1.9395, 1.1842)
(0.5175, 2.0549, 1.2092)
(1.1613, 2.1313, 1.2236)
(1.7075, 2.1352, 1.2063)
(-2.1574, 1.764, 0.65)
(-1.5517, 2.0255, 0.6949)
(-0.8737, 2.146, 0.6778)
(-0.2091, 2.2581, 0.6831)
(0.4302, 2.3553, 0.7019)
(1.0607, 2.3853, 0.6997)
(1.5822, 2.2924, 0.6497)
(-2.2148, 2.0274, 0.102)
(-1.617, 2.3122, 0.1634)
(-0.9415, 2.4491, 0.1634)
(-0.2819, 2.5543, 0.168)
(0.3492, 2.6302, 0.1765)
(0.968, 2.6087, 0.1551)
(1.4627, 2.4471, 0.0827)
(-2.2634, 2.2226, -0.4708)
(-1.6583, 2.4834, -0.4181)
(-0.9816, 2.6015, -0.4163)
(-0.3327, 2.7225, -0.4028)
(0.2806, 2.8329, -0.3781)
(0.8589, 2.7543, -0.3996)
(1.3271, 2.5601, -0.4895)
(-2.2894, 2.3288, -1.0645)
(-1.6674, 2.5372, -1.0215)
(-0.9898, 2.6332, -1.0201)
(-0.3579, 2.6817, -0.955)
(0.2131, 2.6961, -0.8151)
(0.7147, 2.6539, -0.8609)
(1.1469, 2.5877, -1.0544)
(-2.2845, 2.3636, -1.6563)
(-1.6403, 2.5298, -1.6159)
(-0.9543, 2.6326, -1.6138)
(-0.336, 2.6256, -1.4862)
(0.2018, 2.5528, -1.2173)
(0.632, 2.6647, -1.308)
(0.9963, 2.8113, -1.6418)
(-2.1754, 2.5106, -2.0881)
(-1.6549, 2.7897, -1.9906)
(-0.974, 2.9122, -1.938)
(-0.3253, 2.9136, -1.8313)
(0.2621, 2.8501, -1.6657)
(0.6485, 3.0336, -1.8313)
(0.9405, 3.2386, -2.1704)
(-2.0747, 2.7567, -2.4988)
(-1.6634, 3.1968, -2.3246)
(-1.0362, 3.3973, -2.1692)
(-0.3663, 3.4268, -2.0614)
(0.2766, 3.3314, -2.0489)
(0.754, 3.4566, -2.1362)
(1.1194, 3.6259, -2.2995)
(-2.0435, 2.9341, -3.0553)
(-1.5692, 3.3585, -2.8556)
(-0.9992, 3.5099, -2.6058)
(-0.414, 3.6092, -2.4424)
(0.1472, 3.7226, -2.3493)
(0.699, 3.8378, -2.2913)
(1.1589, 3.8901, -2.4384)
(-1.9358, 2.9508, -3.5906)
(-1.4251, 3.192, -3.2955)
(-0.9656, 3.3665, -2.9989)
(-0.5677, 3.6825, -2.7866)
(-0.1001, 3.9341, -2.6143)
(0.4606, 4.0521, -2.6539)
(0.9332, 4.1014, -2.9042)
(-1.8374, 2.732, -3.8919)
(-1.4294, 2.9524, -3.5027)
(-1.1226, 3.3964, -3.2252)
(-0.7728, 3.8089, -2.9826)
(-0.2506, 4.0103, -2.8801)
(0.3268, 4.2377, -2.953)
(0.8047, 4.414, -3.1098)
(0.7702, 0.5075, 4.7618)
(1.1324, 0.9125, 4.7931)
(1.5627, 1.4557, 4.7972)
(2.0161, 1.9851, 4.6966)
(2.4919, 2.4831, 4.5356)
(3.014, 2.9493, 4.3443)
(3.5273, 3.4417, 4.1743)
(4.0101, 3.9299, 4.0821)
(-4.8149, -5.42, -0.3657)
(-3.8017, -3.9626, -0.6811)
(-4.0163, -3.9954, -0.963)
(-4.1043, -4.1681, -1.3969)
(-4.1304, -4.5772, -1.4911)
(-4.3214, -4.9973, -1.1728)
(-4.5971, -5.3197, -0.7554)
(-1.06, -3.3255, 2.7041)
(-1.4429, -3.6447, 2.3841)
(-1.9078, -3.9337, 1.948)
(-2.3738, -4.1523, 1.4665)
(-2.8155, -4.3747, 0.9622)
(-3.2665, -4.6135, 0.4322)
(-3.7289, -4.8604, -0.0502)
(-4.1897, -5.1256, -0.436)
(-0.6285, -3.2069, 2.3327)
(-1.0734, -3.5351, 1.9439)
(-1.5764, -3.7556, 1.5006)
(-2.0788, -3.8977, 1.0367)
(-2.5692, -4.0368, 0.5553)
(-3.0592, -4.2334, 0.0718)
(-3.5472, -4.4776, -0.3739)
(-3.9817, -4.7543, -0.7988)
(0.6581, -2.1423, 2.3342)
(0.2227, -2.6316, 2.1585)
(-0.253, -3.0691, 1.8755)
(-0.7429, -3.4204, 1.4653)
(-1.2528, -3.6779, 1.062)
(-1.7668, -3.864, 0.6479)
(-2.2842, -3.9952, 0.201)
(-2.8059, -4.1328, -0.2452)
(-3.3228, -4.2944, -0.683)
(-3.7682, -4.4443, -1.1425)
(0.8736, -2.1185, 1.8768)
(0.505, -2.6401, 1.6429)
(0.0923, -3.1135, 1.3617)
(-0.3723, -3.5123, 1.0238)
(-0.8709, -3.814, 0.6563)
(-1.3942, -3.9893, 0.255)
(-1.929, -4.068, -0.1744)
(-2.4656, -4.126, -0.6046)
(-3.0268, -4.1482, -0.9479)
(-3.6008, -4.1378, -1.2197)
(1.1394, -2.0896, 1.3209)
(0.7997, -2.6458, 1.0948)
(0.4231, -3.1681, 0.8565)
(-0.0679, -3.4965, 0.6262)
(-0.6527, -3.6375, 0.3807)
(-1.2499, -3.7118, 0.0756)
(-1.8205, -3.7222, -0.3045)
(-2.38, -3.7262, -0.6989)
(-2.9724, -3.7718, -0.8292)
(-3.5972, -3.8561, -0.8271)
(1.4065, -2.0511, 0.7653)
(1.0635, -2.6099, 0.5387)
(0.6656, -3.115, 0.3039)
(0.0994, -3.3125, 0.1309)
(-0.5799, -3.2678, 0.0345)
(-1.2537, -3.2297, -0.0785)
(-1.904, -3.1828, -0.2708)
(-2.5181, -3.2299, -0.5388)
(-3.046, -3.4616, -0.5183)
(-3.5244, -3.7689, -0.4424)
(1.6608, -1.9945, 0.208)
(1.3005, -2.55, -0.0287)
(0.8446, -3.0004, -0.2676)
(0.2197, -3.1183, -0.4233)
(-0.4701, -2.9921, -0.473)
(-1.1484, -2.8526, -0.4991)
(-1.7892, -2.7394, -0.5282)
(1.8626, -1.8809, -0.3581)
(1.4781, -2.4105, -0.5984)
(0.9624, -2.7755, -0.8192)
(0.3126, -2.8147, -0.9382)
(-0.3538, -2.6743, -0.965)
(-1.0067, -2.543, -0.981)
(-1.5626, -2.4356, -0.9941)
(2.0169, -1.7145, -0.9285)
(1.6012, -2.2049, -1.1661)
(1.0449, -2.504, -1.3637)
(0.3989, -2.5191, -1.458)
(-0.2384, -2.4026, -1.4814)
(-0.866, -2.2908, -1.4965)
(-1.3945, -2.1711, -1.503)
(2.1481, -1.5221, -1.4966)
(1.7051, -1.9854, -1.7327)
(1.1303, -2.2645, -1.9224)
(0.4867, -2.3082, -2.0176)
(-0.141, -2.2284, -2.0468)
(-0.7482, -2.0962, -2.048)
(-1.2445, -1.9129, -2.0258)
(2.2525, -1.3043, -2.0608)
(1.7912, -1.7484, -2.2944)
(1.2053, -2.0229, -2.4811)
(0.561, -2.1132, -2.5886)
(-0.0675, -2.07, -2.629)
(-0.6513, -1.8857, -2.603)
(-1.1005, -1.6185, -2.5413)
(2.3387, -1.0673, -2.6197)
(1.8689, -1.5004, -2.8511)
(1.2728, -1.7663, -3.0329)
(0.6207, -1.8627, -3.1408)
(-0.008, -1.7837, -3.1534)
(-0.5423, -1.506, -3.0245)
(-0.9266, -1.2253, -2.9637)
(2.4206, -0.8192, -3.1732)
(1.9545, -1.2534, -3.4037)
(1.3636, -1.5323, -3.5803)
(0.736, -1.5676, -3.6234)
(0.1601, -1.363, -3.4888)
(-0.3412, -1.0925, -3.3068)
(-0.706, -0.8843, -3.4108)
(2.5043, -0.5582, -3.7172)
(2.0234, -0.9593, -3.9173)
(1.4114, -1.195, -4.0157)
(0.7906, -1.2398, -4.0287)
(0.2706, -1.0367, -3.8402)
(-0.2351, -0.8257, -3.7153)
(-0.6927, -0.6769, -3.9537)
(2.5289, -0.2357, -4.2073)
(1.9901, -0.5268, -4.2412)
(1.3805, -0.6871, -4.1028)
(0.7697, -0.812, -4.1049)
(0.23, -0.8224, -4.1771)
(-0.3076, -0.8502, -4.1935)
(-0.8313, -0.8562, -4.2653)
(2.4433, 0.1751, -4.5737)
(1.8625, 0.0213, -4.3591)
(1.3162, -0.1832, -4.1536)
(0.7538, -0.4003, -4.2298)
(0.1469, -0.5436, -4.4662)
(-0.425, -0.8291, -4.5963)
(-0.922, -1.01, -4.5609)
(2.2541, 0.5784, -4.9198)
(1.6754, 0.4676, -4.6063)
(1.222, 0.1334, -4.5485)
(0.7586, -0.2397, -4.7553)
(0.1284, -0.4169, -4.9485)
(-0.4911, -0.6181, -5.0673)
(-1.011, -0.7425, -5.0689)
(2.0391, 0.8713, -5.2751)
(1.4769, 0.7154, -4.9843)
(1.1428, 0.2843, -5.0041)
(0.8132, -0.1738, -5.2344)
(0.2016, -0.3878, -5.4194)
(-0.4693, -0.4695, -5.5141)
(-1.0356, -0.4916, -5.4952)
(-1.43, -3.303, 2.9936)
(-1.8074, -3.5882, 2.7229)
(-2.2497, -3.9349, 2.313)
(-2.6804, -4.2287, 1.837)
(-3.0865, -4.5173, 1.3366)
(-3.5057, -4.729, 0.8042)
(-3.9619, -4.9267, 0.3153)
(-4.4408, -5.2124, -0.0572)
(-5.1368, -5.228, -0.051)
(-3.8205, -4.0539, -0.6823)
(-4.1734, -3.9992, -0.8473)
(-4.7483, -3.9116, -0.8653)
(-5.3068, -4.0058, -0.6531)
(-5.5966, -4.3743, -0.3631)
(-5.4505, -4.8706, -0.127)
(-2.0482, -2.6087, 3.259)
(-2.4059, -2.9592, 2.9472)
(-2.8344, -3.3304, 2.5441)
(-3.2412, -3.6498, 2.0757)
(-3.6388, -3.9787, 1.6253)
(-4.0411, -4.2617, 1.1454)
(-4.5027, -4.4743, 0.645)
(-5.0369, -4.6914, 0.2227)
(-2.1984, -2.0462, 3.1773)
(-2.6086, -2.4355, 2.7977)
(-3.031, -2.811, 2.3742)
(-3.4304, -3.1421, 1.911)
(-3.861, -3.4474, 1.48)
(-4.3068, -3.7508, 1.0145)
(-4.7591, -4.0353, 0.4856)
(-5.2466, -4.2333, 0.0212)
(-1.6196, -0.4372, 3.4317)
(-1.9249, -1.0151, 3.2131)
(-2.276, -1.5272, 2.8765)
(-2.6584, -1.9662, 2.4509)
(-3.0094, -2.3602, 2.0107)
(-3.3635, -2.6926, 1.5434)
(-3.8003, -2.9666, 1.1398)
(-4.2179, -3.2827, 0.6954)
(-4.563, -3.6207, 0.1966)
(-4.9747, -3.8734, -0.2394)
(-1.8196, -0.1405, 3.0767)
(-2.037, -0.6759, 2.7541)
(-2.312, -1.1492, 2.3743)
(-2.5814, -1.618, 1.9711)
(-2.7828, -2.09, 1.5591)
(-3.1035, -2.3811, 1.1293)
(-3.489, -2.6362, 0.7629)
(-3.7985, -3.0174, 0.3784)
(-4.105, -3.385, -0.0331)
(-4.4533, -3.7287, -0.4293)
(-2.0219, 0.1923, 2.6024)
(-2.0818, -0.3538, 2.2378)
(-2.2361, -0.841, 1.8425)
(-2.4134, -1.345, 1.46)
(-2.4678, -1.902, 1.0957)
(-2.7405, -2.1993, 0.7042)
(-3.0512, -2.5067, 0.3886)
(-3.2807, -2.9539, 0.0642)
(-3.636, -3.3485, -0.2308)
(-3.945, -3.762, -0.4666)
(-2.1736, 0.4873, 2.0812)
(-2.0895, -0.0476, 1.724)
(-2.0945, -0.5436, 1.3326)
(-2.1971, -1.081, 0.9561)
(-2.1688, -1.6691, 0.6256)
(-2.3555, -2.0686, 0.25)
(-2.586, -2.4978, -0.0391)
(-2.8358, -2.9669, -0.3062)
(-3.2469, -3.3266, -0.3666)
(-3.5828, -3.7688, -0.3683)
(-2.3082, 0.7544, 1.5393)
(-2.164, 0.224, 1.1975)
(-1.9839, -0.2767, 0.8284)
(-1.9479, -0.8266, 0.4662)
(-1.8979, -1.4151, 0.148)
(-1.9957, -1.9157, -0.1953)
(-2.1314, -2.4006, -0.4586)
(-2.4091, 1.0118, 0.9886)
(-2.3102, 0.4528, 0.6569)
(-2.0373, -0.0604, 0.3063)
(-1.8161, -0.5822, -0.0366)
(-1.7066, -1.144, -0.3465)
(-1.7156, -1.702, -0.6512)
(-1.7897, -2.1791, -0.9021)
(-2.4568, 1.2694, 0.4349)
(-2.4095, 0.6838, 0.1085)
(-2.2006, 0.1358, -0.2335)
(-1.9233, -0.3675, -0.5659)
(-1.696, -0.8784, -0.8659)
(-1.5867, -1.427, -1.1462)
(-1.5937, -1.9054, -1.3917)
(-2.4656, 1.5299, -0.1125)
(-2.3873, 0.9432, -0.4341)
(-2.2511, 0.3677, -0.771)
(-2.0752, -0.1654, -1.0996)
(-1.8374, -0.6552, -1.4)
(-1.6156, -1.1609, -1.6732)
(-1.4924, -1.6154, -1.9033)
(-2.4116, 1.7655, -0.6473)
(-2.2055, 1.2081, -0.9321)
(-2.0881, 0.6353, -1.2713)
(-2.0516, 0.0804, -1.62)
(-1.9345, -0.4389, -1.9437)
(-1.6884, -0.9312, -2.2241)
(-1.4208, -1.3258, -2.4229)
(-2.4257, 1.8909, -1.196)
(-2.0969, 1.3953, -1.4324)
(-1.8302, 0.8906, -1.7383)
(-1.7539, 0.3167, -2.0117)
(-1.69, -0.2057, -2.3054)
(-1.4699, -0.6554, -2.6045)
(-1.1991, -1.001, -2.8459)
(-2.5369, 1.9348, -1.7664)
(-2.2266, 1.4674, -1.9807)
(-1.8015, 1.0332, -2.2518)
(-1.5876, 0.4639, -2.4164)
(-1.4884, -0.0176, -2.6476)
(-1.2606, -0.4128, -2.9854)
(-0.9647, -0.7176, -3.2955)
(-2.397, 1.9932, -2.252)
(-2.3165, 1.4441, -2.4872)
(-2.0182, 0.9635, -2.7813)
(-1.8019, 0.4275, -2.9165)
(-1.6678, 0.0312, -3.1272)
(-1.3614, -0.2852, -3.508)
(-1.0006, -0.5497, -3.8111)
(-2.2891, 2.146, -2.7047)
(-2.4369, 1.5234, -2.9377)
(-2.3419, 0.9399, -3.191)
(-2.1447, 0.3614, -3.3306)
(-1.938, -0.1077, -3.503)
(-1.5691, -0.4765, -3.8195)
(-1.1876, -0.7523, -4.093)
(-2.3554, 2.3568, -3.2384)
(-2.4437, 1.7409, -3.353)
(-2.3104, 1.1119, -3.4284)
(-2.1018, 0.4815, -3.5835)
(-1.869, -0.1216, -3.7825)
(-1.6375, -0.6205, -4.0936)
(-1.3453, -0.9131, -4.4018)
(-2.247, 2.4675, -3.7825)
(-2.2236, 1.8344, -3.8034)
(-2.1469, 1.2007, -3.7423)
(-2.0837, 0.5663, -3.8069)
(-1.8477, 0.0379, -4.0536)
(-1.626, -0.3524, -4.4882)
(-1.4152, -0.6328, -4.8829)
(-2.0859, 2.383, -4.0324)
(-2.1896, 1.8039, -3.9939)
(-2.3443, 1.1985, -4.0666)
(-2.2844, 0.6174, -4.0759)
(-2.0311, 0.2003, -4.2973)
(-1.8161, -0.1474, -4.7955)
(-1.5908, -0.4553, -5.2045)
(-1.8271, -3.0168, 3.2133)
(-2.1223, -3.3636, 2.9189)
(-2.5468, -3.7376, 2.5228)
(-2.951, -4.052, 2.0498)
(-3.3407, -4.3645, 1.5786)
(-3.6979, -4.5888, 1.0553)
(-4.1154, -4.7552, 0.5537)
(-4.6701, -5.0184, 0.1963)
