(-1.1782, 2.7072, -5.2888)
(-0.6194, 2.6033, -5.0492)
(-0.146, 2.2685, -5.2306)
(0.4591, 2.1332, -5.297)
(1.047, 2.4023, -5.1753)
(-1.2547, 2.3053, -5.1377)
(-0.7473, 2.2675, -4.8211)
(1.6057, 2.6872, -4.9876)
(-0.2169, 2.0354, -4.8924)
(1.9689, 2.8144, -4.8002)
(0.4278, 1.9752, -4.9167)
(1.0759, 2.16, -4.854)
(1.6357, 2.4081, -4.6638)
(2.0773, 2.6196, -4.5391)
(-1.3316, 1.7887, -4.925)
(-0.865, 1.8409, -4.5456)
(-0.272, 1.8357, -4.4308)
(0.3658, 1.8959, -4.4179)
(1.0455, 1.9902, -4.3963)
(1.6379, 2.0825, -4.2266)
(2.1023, 2.0714, -4.2596)
(-1.3663, 1.251, -4.6886)
(-0.7863, 1.3082, -4.4103)
(-0.159, 1.3811, -4.1852)
(0.4653, 1.4762, -4.175)
(1.0844, 1.6152, -4.1372)
(1.5932, 1.7418, -3.9222)
(2.0715, 1.5258, -3.9861)
(-1.3942, 0.7195, -4.4548)
(-0.7391, 0.7401, -4.392)
(-0.0861, 0.8227, -4.1982)
(0.5113, 0.9506, -4.0516)
(0.896, 1.3481, -3.92)
(1.3111, 1.667, -3.8801)
(1.669, 1.9836, -3.8773)
(-1.3894, 0.2413, -4.1047)
(-0.7338, 0.2013, -4.1716)
(-0.0901, 0.2979, -3.9903)
(0.4782, 0.4767, -3.7565)
(0.836, 0.9021, -3.5846)
(1.246, 1.2863, -3.5294)
(1.5115, 1.4846, -3.476)
(-1.3524, -0.2033, -3.6987)
(-0.7254, -0.2829, -3.8255)
(-0.1247, -0.1353, -3.6346)
(0.4405, 0.074, -3.4268)
(0.9161, 0.375, -3.3686)
(1.2798, 0.7393, -3.1278)
(1.4733, 1.0324, -2.8289)
(-1.276, -0.6111, -3.2575)
(-0.6597, -0.7421, -3.4633)
(-0.0171, -0.6425, -3.4461)
(0.565, -0.4298, -3.3071)
(1.0469, -0.1349, -3.1006)
(1.4632, 0.1898, -2.8367)
(1.7883, 0.4464, -2.6223)
(-1.1744, -0.987, -2.7905)
(-0.5666, -1.1468, -3.0307)
(0.0911, -1.0907, -3.0858)
(0.6915, -0.8982, -2.9857)
(1.2122, -0.6294, -2.7819)
(1.689, -0.3445, -2.5683)
(2.051, -0.1147, -2.393)
(-1.0689, -1.3584, -2.3212)
(-0.475, -1.548, -2.5882)
(0.1822, -1.5079, -2.6619)
(0.8027, -1.3255, -2.58)
(1.3826, -1.1021, -2.4445)
(1.9175, -0.8617, -2.2954)
(2.3194, -0.6629, -2.1608)
(-0.986, -1.7606, -1.8776)
(-0.388, -1.9867, -2.1838)
(0.2838, -1.9945, -2.3232)
(0.9432, -1.812, -2.2673)
(1.5709, -1.5906, -2.1553)
(2.1544, -1.3692, -2.0337)
(2.593, -1.1967, -1.924)
(-0.9088, -2.1553, -1.4434)
(-0.2957, -2.4109, -1.7706)
(0.3883, -2.4838, -1.9851)
(1.0927, -2.3192, -1.9967)
(1.766, -2.0887, -1.9062)
(2.4016, -1.8696, -1.7884)
(2.897, -1.7078, -1.6655)
(-0.7363, -2.3877, -0.928)
(-0.1375, -2.6567, -1.2515)
(0.5158, -2.8168, -1.5157)
(1.2248, -2.7431, -1.6164)
(1.9255, -2.5657, -1.6091)
(2.6203, -2.3786, -1.5635)
(3.3957, -2.196, -1.4372)
(-0.542, -2.5869, -0.3893)
(0.0447, -2.8318, -0.7024)
(0.6821, -2.9784, -0.9627)
(1.3681, -2.9946, -1.1258)
(4.0225, -2.611, -1.3281)
(2.0634, -2.9411, -1.2456)
(2.7583, -2.8377, -1.3481)
(4.6131, -3.0284, -1.4101)
(3.4551, -2.7433, -1.4339)
(5.1299, -3.4785, -1.2507)
(4.109, -2.7527, -1.4563)
(-0.3505, -2.7993, 0.1534)
(0.2274, -3.0133, -0.1578)
(0.8515, -3.113, -0.4293)
(5.4501, -3.4416, -1.2619)
(1.5093, -3.0995, -0.6326)
(4.6427, -2.8856, -1.2921)
(2.1802, -3.0685, -0.8063)
(2.8577, -3.0272, -0.9628)
(5.1782, -3.129, -1.1747)
(3.5374, -2.9858, -1.1115)
(5.6347, -3.2227, -1.2162)
(4.1749, -2.9649, -1.2789)
(-0.1602, -3.0183, 0.673)
(0.4132, -3.2628, 0.3708)
(1.0128, -3.4397, 0.002)
(4.6717, -2.9632, -1.4887)
(1.6319, -3.5044, -0.351)
(2.2633, -3.5156, -0.6551)
(5.2314, -2.957, -1.4903)
(2.9081, -3.4909, -0.9205)
(-0.0019, -3.1877, 1.0891)
(5.7072, -2.9188, -1.4943)
(3.5619, -3.4391, -1.1604)
(4.2177, -3.3827, -1.3383)
(1.2844, -3.64, 0.4838)
(0.6285, -3.4566, 1.0132)
(4.8327, -3.3457, -1.4355)
(1.8802, -3.7862, 0.0718)
(2.4758, -3.8953, -0.3075)
(5.3827, -3.3112, -1.6642)
(3.0842, -3.9475, -0.6588)
(5.8026, -3.1965, -1.8468)
(3.7149, -3.9314, -0.967)
(4.3822, -3.8681, -1.1837)
(1.1709, -3.6746, 1.2204)
(1.6267, -3.8205, 0.9133)
(5.0316, -3.8454, -1.3404)
(2.1868, -3.9714, 0.5397)
(2.772, -4.108, 0.1549)
(5.5983, -3.8167, -1.5899)
(3.3636, -4.2216, -0.2264)
(5.9663, -3.7507, -1.8912)
(3.9802, -4.2912, -0.5939)
(4.6476, -4.2967, -0.9268)
(1.5522, -3.7624, 1.5816)
(1.9658, -3.844, 1.3375)
(5.2375, -4.3452, -1.2536)
(2.5079, -3.9892, 0.9942)
(3.0846, -4.1363, 0.6195)
(5.7545, -4.3567, -1.5713)
(3.664, -4.2841, 0.2413)
(1.8489, -3.7323, 1.7545)
(6.146, -4.3229, -1.8421)
(4.2592, -4.427, -0.1373)
(2.1813, -3.7436, 1.7018)
(2.754, -3.9093, 1.3365)
(4.8807, -4.5333, -0.5346)
(3.3255, -4.0738, 0.9721)
(5.436, -4.6737, -0.9317)
(3.8921, -4.2239, 0.5967)
(4.4538, -4.4348, 0.249)
(5.9179, -4.7647, -1.2891)
(5.0245, -4.4995, -0.1426)
(6.2654, -4.7724, -1.5803)
(5.5729, -4.678, -0.5442)
(6.2077, -4.9136, -1.2673)
(6.1337, -4.8734, -0.922)
(1.7842, 4.627, -2.0623)
(2.07, 4.11, -2.4109)
(2.3445, 3.6045, -2.7343)
(2.5992, 3.3969, -3.2989)
(2.7702, 3.2975, -3.911)
(1.8105, 4.3587, -1.8129)
(2.2126, 3.9956, -2.2265)
(2.5074, 3.104, -4.4147)
(2.5677, 3.6007, -2.6522)
(2.2224, 2.9102, -4.6641)
(2.8113, 3.2447, -3.1607)
(2.8109, 2.9474, -3.7228)
(2.4692, 2.7302, -4.1993)
(2.0971, 2.6215, -4.533)
(1.5334, 3.9274, -1.7608)
(1.9282, 3.641, -2.2245)
(2.3439, 3.2734, -2.5813)
(2.6586, 2.8398, -2.9637)
(2.7516, 2.4643, -3.4645)
(2.468, 2.219, -3.951)
(2.1226, 2.0688, -4.2649)
(1.3352, 3.4538, -1.672)
(1.8014, 3.2031, -2.0611)
(2.2377, 2.8922, -2.2859)
(2.4673, 2.4397, -2.6293)
(2.5437, 2.1034, -3.1489)
(2.3429, 1.8376, -3.6633)
(2.0917, 1.5307, -3.9766)
(1.5043, 3.2277, -1.288)
(1.8948, 3.024, -1.6861)
(1.9863, 2.6005, -2.0294)
(2.1003, 2.1535, -2.3419)
(2.1465, 2.0689, -2.8947)
(1.9873, 1.8867, -3.4012)
(1.6893, 1.9693, -3.8556)
(1.7381, 3.2383, -0.8386)
(1.8848, 2.8421, -1.2636)
(1.8656, 2.318, -1.67)
(1.894, 1.8384, -1.9859)
(1.9279, 1.7682, -2.5293)
(1.8017, 1.5989, -3.0478)
(1.5763, 1.5255, -3.4459)
(1.9886, 2.966, -0.4348)
(2.1802, 2.5621, -0.9258)
(2.208, 2.0735, -1.3704)
(2.1092, 1.5753, -1.6546)
(1.9178, 1.355, -2.1117)
(1.7683, 1.1147, -2.6013)
(1.4642, 0.9903, -2.8751)
(2.1112, 2.5247, -0.0583)
(2.3743, 2.1457, -0.5707)
(2.5304, 1.7366, -1.0857)
(2.5181, 1.3222, -1.5273)
(2.2593, 0.9676, -1.9123)
(2.0454, 0.6477, -2.3447)
(1.7903, 0.4392, -2.6496)
(2.0777, 2.0293, 0.283)
(2.3687, 1.6576, -0.2212)
(2.577, 1.2714, -0.7457)
(2.6698, 0.8868, -1.2446)
(2.5429, 0.5034, -1.6928)
(2.311, 0.1445, -2.1021)
(2.0694, -0.1197, -2.4047)
(2.0008, 1.5281, 0.6168)
(2.2702, 1.1565, 0.1062)
(2.4741, 0.7717, -0.4225)
(2.6383, 0.3882, -0.9232)
(2.6713, 0.0029, -1.4068)
(2.5295, -0.3703, -1.844)
(2.3404, -0.6607, -2.1639)
(1.8973, 1.0312, 0.9451)
(2.0958, 0.6588, 0.4043)
(2.283, 0.2744, -0.1351)
(2.5048, -0.1152, -0.6311)
(2.6812, -0.5039, -1.1114)
(2.7117, -0.881, -1.5752)
(2.6149, -1.1945, -1.9203)
(1.7503, 0.5354, 1.2555)
(1.9146, 0.1679, 0.699)
(2.1363, -0.2094, 0.1694)
(2.3974, -0.6044, -0.3259)
(2.6624, -0.9937, -0.8051)
(2.8816, -1.3634, -1.2691)
(2.9339, -1.7038, -1.6439)
(1.6294, 0.0425, 1.5748)
(1.8911, -0.2985, 1.0525)
(2.2313, -0.6304, 0.5629)
(2.5213, -1.0157, 0.0719)
(2.827, -1.394, -0.4142)
(3.1613, -1.743, -0.8935)
(3.4647, -2.1961, -1.4027)
(1.6119, -0.446, 1.9188)
(2.0145, -0.7166, 1.4564)
(2.4355, -0.9983, 0.9951)
(2.7678, -1.3507, 0.5093)
(4.0486, -2.6363, -1.2991)
(3.0983, -1.7071, 0.025)
(3.5028, -1.9938, -0.4468)
(4.6811, -3.1104, -1.4021)
(3.9294, -2.3091, -0.8641)
(5.169, -3.5712, -1.2682)
(4.429, -2.6613, -1.0801)
(1.6495, -0.9335, 2.2756)
(2.1296, -1.1569, 1.8614)
(2.6076, -1.3899, 1.4236)
(5.4348, -3.6752, -1.3843)
(3.0162, -1.6749, 0.9535)
(4.8792, -3.2122, -1.1328)
(3.3989, -1.9747, 0.4791)
(3.8481, -2.2026, 0.0228)
(5.358, -3.5493, -1.2961)
(4.3109, -2.4583, -0.3897)
(5.7259, -3.6215, -1.542)
(4.8341, -2.6843, -0.6943)
(1.658, -1.4125, 2.6069)
(2.1636, -1.6519, 2.2391)
(2.7067, -1.8431, 1.8214)
(5.3014, -3.1332, -0.8982)
(3.2115, -2.0452, 1.3767)
(3.6783, -2.2557, 0.9227)
(5.7028, -3.3816, -1.172)
(4.1551, -2.4583, 0.4826)
(1.5965, -1.8294, 2.8162)
(6.1189, -3.3225, -1.4902)
(4.6546, -2.675, 0.092)
(5.182, -2.9091, -0.2473)
(2.7103, -2.3854, 2.0833)
(2.0222, -2.2729, 2.5614)
(5.696, -3.2007, -0.5651)
(3.2837, -2.5429, 1.6751)
(3.8138, -2.711, 1.253)
(6.1249, -3.3974, -0.8869)
(4.3417, -2.8739, 0.8443)
(6.5908, -3.402, -1.1933)
(4.9031, -3.0407, 0.4881)
(5.4493, -3.3137, 0.1371)
(2.1611, -2.8376, 2.3837)
(2.6294, -2.952, 2.0882)
(5.9657, -3.5416, -0.1877)
(3.1882, -3.1065, 1.7318)
(3.7517, -3.2726, 1.3532)
(6.4856, -3.7129, -0.5102)
(4.3087, -3.4294, 0.9657)
(6.9313, -3.7302, -0.7756)
(4.8699, -3.6031, 0.5879)
(5.4395, -3.8789, 0.2723)
(2.0548, -3.3224, 2.1909)
(2.4346, -3.4293, 1.9057)
(5.9885, -4.0503, -0.0257)
(2.9683, -3.5883, 1.5656)
(3.5385, -3.7631, 1.2133)
(6.5702, -4.2067, -0.3382)
(4.0968, -3.9224, 0.8414)
(2.0179, -3.5814, 1.9641)
(6.9899, -4.2533, -0.5815)
(4.6305, -4.0824, 0.4528)
(2.1897, -3.7376, 1.7193)
(2.7589, -3.8988, 1.355)
(5.1752, -4.2975, 0.1202)
(3.3289, -4.066, 0.9934)
(5.7433, -4.4605, -0.2383)
(3.8932, -4.2065, 0.6135)
(4.4522, -4.414, 0.2621)
(6.3353, -4.6291, -0.5474)
(5.0036, -4.4776, -0.1477)
(6.7591, -4.7311, -0.6995)
(5.5281, -4.6325, -0.5091)
(6.4707, -4.9372, -0.7562)
(6.1502, -4.8724, -0.8993)
(-1.7028, 2.7722, -5.4386)
(-1.7666, 3.012, -4.984)
(-1.5572, 3.2009, -4.4096)
(-1.6948, 3.5529, -3.9009)
(-2.0249, 3.9902, -3.4977)
(-2.2376, 4.4414, -3.0283)
(-1.7981, 2.3819, -5.2317)
(-1.9372, 2.6601, -4.7819)
(-1.7603, 2.8789, -4.1999)
(-2.2997, 4.8297, -2.5121)
(-1.8278, 3.2166, -3.6563)
(-2.2477, 4.9948, -2.1261)
(-2.1084, 3.6533, -3.2368)
(-2.3455, 4.098, -2.7821)
(-2.3784, 4.4788, -2.2671)
(-2.2662, 4.77, -1.8686)
(-1.8863, 1.8885, -4.9491)
(-2.119, 2.2027, -4.501)
(-2.0211, 2.4887, -3.9016)
(-1.971, 2.7921, -3.3107)
(-2.1545, 3.2124, -2.9009)
(-2.459, 3.6351, -2.4706)
(-2.5078, 4.0131, -1.9632)
(-2.4035, 4.2626, -1.5489)
(-1.9588, 1.3814, -4.6242)
(-2.2682, 1.7052, -4.2009)
(-2.2142, 2.0201, -3.6256)
(-2.1375, 2.3096, -3.0399)
(-2.2528, 2.714, -2.6468)
(-2.5111, 3.1406, -2.1849)
(-2.5558, 3.5884, -1.7263)
(-2.4954, 3.7449, -1.2424)
(-1.9924, 0.9058, -4.2593)
(-2.4131, 1.2483, -3.882)
(-2.5299, 1.632, -3.3924)
(-2.4053, 1.8871, -2.8388)
(-2.2943, 2.2983, -2.3998)
(-2.2805, 2.7321, -1.9548)
(-2.2137, 3.3444, -1.7211)
(-2.0411, 3.9388, -1.6451)
(-1.9536, 0.4848, -3.8283)
(-2.3911, 0.8534, -3.4493)
(-2.6774, 1.2907, -3.0179)
(-2.7665, 1.7394, -2.5542)
(-2.6271, 2.1899, -2.1121)
(-2.3358, 2.4606, -1.7056)
(-2.1427, 2.9275, -1.5221)
(-2.0026, 3.4153, -1.4386)
(-1.8796, 0.0813, -3.3804)
(-2.3017, 0.4655, -2.9944)
(-2.6475, 0.8995, -2.5858)
(-2.8906, 1.3723, -2.1692)
(-2.9143, 1.8569, -1.7518)
(-2.6684, 2.2439, -1.3619)
(-2.2398, 2.5434, -1.1002)
(-1.8939, 2.751, -0.9247)
(-1.7874, -0.3068, -2.921)
(-2.2146, 0.0761, -2.538)
(-2.5927, 0.4936, -2.1426)
(-2.8845, 0.9456, -1.7388)
(-2.9809, 1.4154, -1.3258)
(-2.8127, 1.8357, -0.9253)
(-2.415, 2.1384, -0.6069)
(-2.1433, 2.4026, -0.3591)
(-1.6885, -0.6819, -2.4512)
(-2.1441, -0.3167, -2.0809)
(-2.5634, 0.0778, -1.7033)
(-2.877, 0.5166, -1.3069)
(-2.9772, 0.9761, -0.8892)
(-2.8545, 1.4043, -0.4729)
(-2.5728, 1.7662, -0.1062)
(-2.3605, 2.0663, 0.1756)
(-1.6016, -1.0609, -1.9839)
(-2.1067, -0.7263, -1.636)
(-2.5731, -0.3559, -1.2797)
(-2.8899, 0.0843, -0.8801)
(-2.9716, 0.5536, -0.4485)
(-2.8871, 1.0037, -0.0127)
(-2.7152, 1.4167, 0.3924)
(-2.5681, 1.7393, 0.6998)
(-1.5516, -1.4698, -1.542)
(-2.1121, -1.1596, -1.2134)
(-2.6383, -0.8085, -0.8752)
(-2.9683, -0.3545, -0.465)
(-3.0227, 0.1483, -0.0083)
(-2.9636, 0.6337, 0.4531)
(-2.8655, 1.0847, 0.8897)
(-2.7656, 1.4247, 1.225)
(-1.4968, -1.8631, -1.1077)
(-2.0834, -1.5604, -0.778)
(-2.6567, -1.2289, -0.4417)
(-3.0629, -0.7853, -0.0417)
(-3.1635, -0.2429, 0.4232)
(-3.1165, 0.2853, 0.9071)
(-3.0431, 0.7713, 1.3813)
(-2.9605, 1.1332, 1.7703)
(-1.3191, -2.1018, -0.5996)
(-1.8997, -1.8113, -0.2727)
(-2.4766, -1.5083, 0.0559)
(-2.9656, -1.1353, 0.4223)
(-3.1671, -0.6138, 0.8693)
(-3.2117, -0.0739, 1.3501)
(-3.2291, 0.4445, 1.8407)
(-3.23, 0.9874, 2.4387)
(-1.1122, -2.3122, -0.0678)
(-1.6789, -2.0316, 0.2501)
(-2.2387, -1.7445, 0.5637)
(-2.7244, -1.3997, 0.899)
(-2.991, -0.9232, 1.2971)
(-3.6093, 0.9659, 3.1048)
(-3.1985, -0.4405, 1.7408)
(-3.4234, 0.0542, 2.1618)
(-3.988, 0.8729, 3.7533)
(-3.6942, 0.5629, 2.5229)
(-4.3178, 1.1738, 4.2884)
(-0.9109, -2.5327, 0.4717)
(-3.9342, 0.9522, 2.9911)
(-1.4697, -2.2545, 0.7852)
(-2.0308, -1.9769, 1.0903)
(-2.5805, -1.673, 1.3908)
(-4.1518, 1.414, 4.3738)
(-3.0417, -1.2689, 1.6943)
(-4.0341, 1.1618, 3.5954)
(-3.4363, -0.8069, 2.0131)
(-3.7852, -0.3053, 2.3359)
(-4.0855, 1.3092, 4.1766)
(-4.1203, 0.2144, 2.6499)
(-4.0934, 1.5791, 4.52)
(-4.3803, 0.7146, 3.0304)
(-0.7221, -2.7454, 0.9775)
(-1.2675, -2.4669, 1.3048)
(-1.7936, -2.1675, 1.6381)
(-2.3628, -1.8204, 1.9333)
(-4.4575, 1.1479, 3.5244)
(-2.9191, -1.4531, 2.2129)
(-3.4307, -1.0557, 2.4895)
(-4.4125, 1.4951, 4.0389)
(-3.8928, -0.6083, 2.7624)
(-0.5946, -2.9029, 1.3316)
(-1.1203, -2.6549, 1.7186)
(-4.3921, 1.8163, 4.4038)
(-4.3116, -0.1189, 3.0333)
(-4.669, 0.3862, 3.335)
(-2.1414, -1.9236, 2.4931)
(-1.4999, -2.4282, 2.2371)
(-4.8718, 0.8736, 3.7345)
(-2.6904, -1.5198, 2.7645)
(-3.2266, -1.1421, 3.0403)
(-4.8949, 1.3267, 4.1849)
(-3.7417, -0.7494, 3.3122)
(-4.8782, 1.667, 4.5468)
(-4.2094, -0.2991, 3.5756)
(-4.6384, 0.1841, 3.8427)
(-1.6064, -2.3342, 2.8425)
(-2.0138, -2.0048, 3.0597)
(-5.0714, 0.5782, 4.1361)
(-2.5021, -1.6055, 3.3249)
(-3.0178, -1.2126, 3.6014)
(-5.2759, 1.0123, 4.5056)
(-3.5473, -0.8406, 3.8771)
(-5.353, 1.3827, 4.8113)
(-4.0649, -0.4423, 4.1464)
(-4.5362, 0.032, 4.4074)
(-1.4864, -2.2885, 3.3622)
(-1.8269, -2.0121, 3.5734)
(-5.0307, 0.4147, 4.6577)
(-2.3023, -1.6561, 3.847)
(-2.8124, -1.2719, 4.1273)
(-5.4674, 0.7315, 4.9424)
(-3.3354, -0.8988, 4.4058)
(-1.4208, -2.1465, 3.6706)
(-5.7068, 1.0797, 5.1584)
(-3.8655, -0.5213, 4.6776)
(-1.5579, -1.941, 3.8983)
(-2.0858, -1.6158, 4.2128)
(-4.3769, -0.0826, 4.9099)
(-2.6153, -1.275, 4.5111)
(-4.8979, 0.2738, 5.1536)
(-3.1439, -0.9146, 4.794)
(-3.6868, -0.5951, 5.0995)
(-5.3774, 0.5604, 5.4344)
(-4.0951, -0.0413, 5.1896)
(-5.709, 0.8363, 5.6093)
(-4.6454, 0.2756, 5.466)
(-5.4746, 0.7127, 5.8137)
(-5.1415, 0.6314, 5.8109)
(1.3542, 4.9959, -1.6805)
(0.7982, 5.2337, -1.3512)
(0.1749, 5.4069, -1.1074)
(-0.4749, 5.5404, -0.9185)
(-1.1472, 5.6061, -0.8663)
(-1.7519, 5.526, -1.0835)
(1.3458, 4.6495, -1.4097)
(0.7989, 4.8893, -1.0744)
(0.1761, 5.061, -0.8369)
(-2.0953, 5.33, -1.5661)
(-0.4855, 5.1702, -0.6809)
(-2.2485, 5.1124, -1.898)
(-1.1593, 5.2202, -0.6553)
(-1.7523, 5.1244, -0.9042)
(-2.0955, 4.9296, -1.3938)
(-2.2617, 4.7742, -1.8487)
(1.1692, 4.1668, -1.2435)
(0.724, 4.4159, -0.8027)
(0.1559, 4.5955, -0.5119)
(-0.5007, 4.6727, -0.4131)
(-1.1504, 4.7164, -0.4584)
(-1.7404, 4.6027, -0.6906)
(-2.1425, 4.4242, -1.1349)
(-2.3962, 4.2655, -1.5293)
(0.9155, 3.6811, -1.1896)
(0.5167, 3.8969, -0.6834)
(0.0759, 4.0676, -0.2688)
(-0.5106, 4.1207, -0.2907)
(-1.0079, 4.2182, -0.5535)
(-1.5914, 4.1268, -0.6503)
(-2.0984, 3.9916, -0.9596)
(-2.4892, 3.7497, -1.223)
(0.9687, 3.3325, -0.8928)
(0.4517, 3.443, -0.4855)
(0.0118, 3.5358, -0.1536)
(-0.4657, 3.6079, -0.3494)
(-0.7651, 3.7837, -0.6998)
(-1.2814, 3.8744, -0.8478)
(-1.7911, 3.837, -1.1274)
(-2.0095, 3.8388, -1.5907)
(1.2484, 3.3616, -0.4527)
(0.6922, 3.3023, -0.1404)
(0.2287, 3.1423, -0.1184)
(-0.1709, 3.2939, -0.3759)
(-0.6421, 3.3212, -0.5457)
(-1.1643, 3.4024, -0.6979)
(-1.6577, 3.3854, -0.9744)
(-1.9598, 3.3361, -1.3338)
(1.5454, 3.1574, -0.0253)
(1.004, 3.0043, 0.1381)
(0.5354, 2.8304, -0.0712)
(0.0011, 2.9421, -0.1345)
(-0.5718, 2.9139, -0.2501)
(-1.1213, 2.919, -0.3833)
(-1.6285, 2.8608, -0.6154)
(-1.9534, 2.7563, -0.9195)
(1.7075, 2.7628, 0.3456)
(1.1519, 2.6239, 0.4185)
(0.5359, 2.5119, 0.276)
(-0.1061, 2.5559, 0.2168)
(-0.7126, 2.663, 0.21)
(-1.3, 2.7041, 0.1195)
(-1.8173, 2.5782, -0.1047)
(-2.1678, 2.4171, -0.358)
(1.6508, 2.3362, 0.6931)
(1.0706, 2.4624, 0.8756)
(0.4175, 2.3935, 0.8168)
(-0.2381, 2.3067, 0.7142)
(-0.8673, 2.3311, 0.6571)
(-1.4675, 2.3828, 0.5963)
(-2.0, 2.2626, 0.4046)
(-2.369, 2.0841, 0.1828)
(1.5715, 1.8543, 1.0315)
(0.9932, 2.0854, 1.2841)
(0.3282, 2.1522, 1.3293)
(-0.3455, 2.1223, 1.2564)
(-0.9907, 2.0865, 1.1678)
(-1.6075, 2.0426, 1.0684)
(-2.1657, 1.9195, 0.897)
(-2.5661, 1.7562, 0.7114)
(1.5232, 1.3685, 1.3878)
(0.9475, 1.6011, 1.6417)
(0.2746, 1.698, 1.7036)
(-0.4121, 1.7141, 1.6613)
(-1.0794, 1.6999, 1.5931)
(-1.7233, 1.6567, 1.5047)
(-2.3193, 1.5715, 1.3808)
(-2.7609, 1.4369, 1.2417)
(1.4698, 0.8828, 1.7433)
(0.9144, 1.1087, 1.994)
(0.2395, 1.1733, 2.0047)
(-0.4499, 1.1851, 1.9451)
(-1.1343, 1.2027, 1.9115)
(-1.8054, 1.2251, 1.8972)
(-2.4417, 1.237, 1.8725)
(-2.9464, 1.1529, 1.8078)
(1.4067, 0.3876, 2.0863)
(0.8817, 0.6156, 2.3461)
(0.2135, 0.6629, 2.3251)
(-0.4688, 0.7072, 2.2916)
(-1.1531, 0.7781, 2.3179)
(-1.8303, 0.869, 2.3654)
(-2.4877, 1.0023, 2.4301)
(-3.2254, 1.0197, 2.5065)
(1.3533, -0.1169, 2.4223)
(0.8487, 0.1338, 2.7103)
(0.1993, 0.2399, 2.7348)
(-0.4555, 0.4036, 2.7927)
(-1.1273, 0.5303, 2.8591)
(-3.6052, 0.9988, 3.13)
(-1.7985, 0.6402, 2.9219)
(-2.4254, 0.8736, 3.0287)
(-4.0243, 0.8217, 3.8695)
(-3.0292, 1.078, 3.2066)
(-4.4048, 1.1458, 4.3642)
(1.2949, -0.6296, 2.743)
(-3.5629, 1.1019, 3.5873)
(0.7996, -0.3376, 3.0697)
(0.1979, -0.0909, 3.2174)
(-0.4309, 0.1586, 3.3403)
(-4.5553, 1.3321, 4.0344)
(-1.0839, 0.3475, 3.4349)
(-3.9851, 1.0729, 4.0852)
(-1.7434, 0.4907, 3.5115)
(-2.3409, 0.7751, 3.6342)
(-4.3194, 1.1994, 4.2752)
(-2.8657, 1.1045, 3.817)
(-4.3933, 1.5043, 4.0273)
(-3.4053, 1.1906, 4.1165)
(1.188, -1.1294, 2.9866)
(0.6707, -0.849, 3.3112)
(0.1208, -0.5673, 3.5749)
(-0.4664, -0.2267, 3.7946)
(-3.9407, 1.2959, 4.4788)
(-1.0786, 0.0816, 3.9613)
(-1.7058, 0.3352, 4.0864)
(-4.3744, 1.514, 4.6396)
(-2.3022, 0.6377, 4.2283)
(1.0827, -1.4948, 3.1181)
(0.5282, -1.2803, 3.448)
(-4.3458, 1.849, 4.4375)
(-2.8417, 0.9909, 4.4329)
(-3.399, 1.1966, 4.7198)
(-0.6433, -0.7247, 4.0781)
(-0.0379, -1.2344, 3.7739)
(-3.8985, 1.4116, 4.9819)
(-1.2114, -0.3472, 4.3259)
(-1.792, -0.008, 4.5346)
(-4.3701, 1.7365, 5.1662)
(-2.3787, 0.3264, 4.7233)
(-4.5005, 2.0813, 5.0097)
(-2.9514, 0.6811, 4.9505)
(-3.519, 1.0123, 5.2553)
(-0.536, -1.5018, 3.9662)
(-0.9606, -1.1987, 4.1882)
(-4.0345, 1.3359, 5.5376)
(-1.4818, -0.8471, 4.453)
(-2.0277, -0.4986, 4.7208)
(-4.4372, 1.7013, 5.7314)
(-2.5772, -0.1609, 4.9857)
(-4.7063, 1.9668, 5.6149)
(-3.1246, 0.1781, 5.2685)
(-3.6729, 0.5728, 5.5444)
(-0.9211, -1.8636, 3.9377)
(-1.3092, -1.6163, 4.1037)
(-4.1755, 0.9484, 5.8449)
(-1.8121, -1.2941, 4.3699)
(-2.3412, -0.9596, 4.6707)
(-4.5644, 1.3302, 6.0787)
(-2.8672, -0.6355, 4.9852)
(-1.2279, -2.007, 3.8758)
(-4.8255, 1.6587, 6.1521)
(-3.3864, -0.3089, 5.2715)
(-1.5531, -1.9285, 3.9164)
(-2.0814, -1.6047, 4.2322)
(-3.8925, 0.1173, 5.4019)
(-2.6115, -1.2677, 4.5317)
(-4.4041, 0.5214, 5.7045)
(-3.1381, -0.9134, 4.8137)
(-3.6651, -0.5952, 5.1233)
(-4.8013, 0.8852, 6.037)
(-4.0777, -0.0362, 5.1488)
(-4.9751, 1.1928, 6.3077)
(-4.6427, 0.2677, 5.3926)
(-5.0506, 0.9009, 6.1046)
(-5.1187, 0.6498, 5.8351)
(6.2508, -4.8784, -1.4257)
(5.5613, -3.3631, -1.2201)
(5.6767, -3.0335, -1.3164)
(5.7465, -2.9895, -1.6954)
(5.8784, -3.4617, -1.8962)
(6.0572, -4.042, -1.8835)
(6.2241, -4.5779, -1.7313)
(-1.7508, 2.5869, -5.3418)
(-1.8435, 2.1443, -5.0989)
(-1.9254, 1.6326, -4.7903)
(-1.9835, 1.1374, -4.4494)
(-1.9804, 0.6904, -4.0495)
(-1.9193, 0.2817, -3.6052)
(-1.8352, -0.1149, -3.1524)
(-1.7379, -0.4953, -2.6869)
(-1.6417, -0.869, -2.2157)
(-1.5719, -1.2613, -1.759)
(-1.5344, -1.6799, -1.3301)
(-1.4198, -1.9966, -0.8613)
(-1.2149, -2.2055, -0.3346)
(-1.0114, -2.4215, 0.2011)
(-0.8111, -2.6439, 0.7386)
(-0.6525, -2.8294, 1.1689)
(-1.5479, 2.318, -5.251)
(-1.618, 1.8075, -5.0047)
(-1.6756, 1.2864, -4.7092)
(-1.7069, 0.7872, -4.387)
(-1.6866, 0.3413, -3.9854)
(-1.6314, -0.0797, -3.5533)
(-1.5451, -0.474, -3.099)
(-1.4418, -0.8464, -2.6279)
(-1.3405, -1.2166, -2.1557)
(-1.2702, -1.6179, -1.7092)
(-1.2038, -2.0101, -1.2745)
(-1.0284, -2.2452, -0.7637)
(-0.8278, -2.451, -0.2284)
(-0.6314, -2.6694, 0.3127)
(-0.4423, -2.8835, 0.8222)
(-0.3057, -3.0429, 1.1929)
(-1.4749, 2.7216, -5.4253)
(-0.8841, 2.6828, -5.1291)
(-0.3882, 2.4448, -5.1133)
(0.1461, 2.1494, -5.2948)
(0.7571, 2.2382, -5.2519)
(1.3379, 2.5568, -5.0825)
(1.821, 2.785, -4.8984)
(6.1681, -4.904, -1.0979)
(5.8533, -4.7757, -0.7331)
(5.2987, -4.5888, -0.3434)
(4.7392, -4.4672, 0.0532)
(4.173, -4.3293, 0.4228)
(3.6088, -4.1488, 0.7844)
(3.0397, -3.9915, 1.1543)
(2.4676, -3.8264, 1.5191)
(2.0103, -3.7317, 1.7446)
(1.8646, 2.5032, -4.5919)
(1.3715, 2.2891, -4.7634)
(0.7582, 2.0462, -4.9002)
(0.096, 1.97, -4.9208)
(-0.4951, 2.1575, -4.8269)
(-0.9912, 2.3059, -4.9548)
(1.8774, 2.0873, -4.2192)
(1.3597, 2.0443, -4.3081)
(0.7065, 1.9404, -4.4238)
(0.0425, 1.8567, -4.4198)
(-0.5841, 1.8402, -4.455)
(-1.0957, 1.8132, -4.7352)
(1.8129, 1.7205, -3.9306)
(1.3545, 1.6932, -4.0198)
(0.7817, 1.5404, -4.1822)
(0.1533, 1.4236, -4.1625)
(-0.4771, 1.3453, -4.2719)
(-1.0752, 1.2679, -4.5699)
(1.511, 1.7711, -3.862)
(1.098, 1.5314, -3.8934)
(0.7167, 1.1318, -3.9786)
(0.2344, 0.8612, -4.1204)
(-0.4122, 0.7825, -4.297)
(-1.0685, 0.7107, -4.4519)
(1.4024, 1.4038, -3.4923)
(1.0418, 1.1156, -3.5518)
(0.6658, 0.6708, -3.6557)
(0.2178, 0.3632, -3.8711)
(-0.4086, 0.2411, -4.1015)
(-1.0661, 0.1969, -4.1712)
(1.4098, 0.887, -3.0015)
(1.1133, 0.5608, -3.2647)
(0.6915, 0.2107, -3.4017)
(0.1651, -0.0372, -3.5105)
(-0.42, -0.2267, -3.7571)
(-1.0432, -0.2746, -3.7997)
(1.631, 0.3266, -2.7221)
(1.2659, 0.0312, -2.9689)
(0.8158, -0.2911, -3.2132)
(0.2859, -0.5467, -3.3861)
(-0.3358, -0.7148, -3.4784)
(-0.9774, -0.7051, -3.3852)
(1.8811, -0.2233, -2.4769)
(1.4612, -0.4832, -2.6716)
(0.958, -0.7703, -2.8912)
(0.4024, -1.0069, -3.0524)
(-0.237, -1.1424, -3.0812)
(-0.8815, -1.0918, -2.9297)
(2.1311, -0.757, -2.2262)
(1.6628, -0.98, -2.3695)
(1.0958, -1.2173, -2.5155)
(0.4994, -1.4263, -2.6334)
(-0.1481, -1.5546, -2.6502)
(-0.7819, -1.4765, -2.4723)
(2.3888, -1.2768, -1.9763)
(1.876, -1.4765, -2.0944)
(1.2597, -1.7024, -2.2134)
(0.6182, -1.9169, -2.3115)
(-0.0569, -2.0209, -2.2804)
(-0.6954, -1.8919, -2.0425)
(2.6729, -1.7821, -1.7287)
(2.0941, -1.974, -1.8483)
(1.4327, -2.2053, -1.958)
(0.7425, -2.4218, -2.0121)
(0.0389, -2.4785, -1.9006)
(-0.6092, -2.2956, -1.6129)
(5.3002, -3.472, -1.2692)
(4.8715, -3.2535, -1.3304)
(4.3178, -2.8197, -1.3691)
(3.7091, -2.4035, -1.3826)
(2.9761, -2.2944, -1.5261)
(2.2725, -2.4701, -1.5897)
(1.5773, -2.6595, -1.6207)
(0.8674, -2.8041, -1.5856)
(0.1806, -2.7615, -1.3991)
(-0.4412, -2.5277, -1.0919)
(5.4152, -3.1932, -1.182)
(4.9138, -3.0115, -1.2142)
(4.3828, -2.7998, -1.3872)
(3.7955, -2.7335, -1.4648)
(3.1073, -2.7826, -1.3931)
(2.4105, -2.8935, -1.2988)
(1.7159, -2.9748, -1.1884)
(1.0215, -2.9994, -1.054)
(0.3561, -2.9214, -0.8434)
(-0.2529, -2.717, -0.5489)
(5.4804, -2.9409, -1.4862)
(4.9498, -2.9632, -1.5069)
(4.427, -2.9627, -1.3973)
(3.8725, -2.9723, -1.1859)
(3.1974, -3.005, -1.038)
(2.5185, -3.0491, -0.886)
(1.8437, -3.0843, -0.7218)
(1.1777, -3.1143, -0.5376)
(0.5337, -3.0798, -0.3014)
(-0.066, -2.917, -0.0047)
(5.6043, -3.2618, -1.7641)
(5.1216, -3.3345, -1.5412)
(4.531, -3.3609, -1.3808)
(3.8923, -3.4098, -1.2633)
(3.2336, -3.4672, -1.0443)
(2.5844, -3.5075, -0.7914)
(1.946, -3.5146, -0.5089)
(1.3205, -3.4833, -0.1803)
(0.7098, -3.3639, 0.1912)
(0.124, -3.146, 0.5275)
(5.8002, -3.7869, -1.7381)
(5.3357, -3.8354, -1.453)
(4.7116, -3.8526, -1.2588)
(4.0468, -3.8992, -1.0883)
(3.395, -3.9485, -0.8215)
(2.778, -3.9294, -0.4867)
(2.1774, -3.8466, -0.1221)
(1.5819, -3.7167, 0.2753)
(0.984, -3.5561, 0.7008)
(0.3153, -3.3262, 1.0219)
(5.9616, -4.343, -1.7112)
(5.5092, -4.3585, -1.4167)
(4.9529, -4.3184, -1.0898)
(4.3157, -4.2943, -0.7634)
(3.6646, -4.2656, -0.4138)
(3.0667, -4.1681, -0.0362)
(2.4791, -4.0422, 0.3467)
(1.8971, -3.8964, 0.7323)
(1.3889, -3.7468, 1.0732)
(6.1037, -4.7753, -1.4403)
(5.6912, -4.7303, -1.1183)
(5.1672, -4.6023, -0.7354)
(4.5726, -4.4796, -0.334)
(3.9571, -4.3598, 0.0534)
(3.3738, -4.2092, 0.4302)
(2.796, -4.064, 0.8077)
(2.2247, -3.9117, 1.1756)
(1.747, -3.7968, 1.4687)
(1.3796, -3.738, 1.4045)
(1.8037, -3.8529, 1.132)
(2.3522, -4.0001, 0.7761)
(2.9333, -4.1413, 0.3963)
(3.5189, -4.2748, 0.0144)
(4.1263, -4.3857, -0.3649)
(4.7751, -4.4477, -0.741)
(5.3418, -4.5466, -1.1167)
(5.8364, -4.5956, -1.4603)
(0.918, -3.5767, 1.0822)
(1.4509, -3.7384, 0.7026)
(2.029, -3.8932, 0.3051)
(2.6174, -4.0239, -0.0819)
(3.2155, -4.1114, -0.4542)
(3.839, -4.1358, -0.7952)
(4.5103, -4.0975, -1.0678)
(5.1334, -4.1035, -1.3144)
(5.6807, -4.0885, -1.5914)
(-0.0779, -3.1081, 0.8908)
(0.5226, -3.3632, 0.6434)
(1.1345, -3.5527, 0.2415)
(1.7418, -3.6667, -0.1584)
(2.3528, -3.7287, -0.5118)
(2.9779, -3.7377, -0.8275)
(3.6188, -3.6943, -1.1045)
(4.2818, -3.6258, -1.2897)
(4.9316, -3.5896, -1.3793)
(5.4926, -3.5587, -1.6319)
(-0.253, -2.9122, 0.4227)
(0.3169, -3.1379, 0.1076)
(0.9253, -3.2716, -0.2115)
(1.563, -3.2845, -0.4858)
(2.2154, -3.2647, -0.7198)
(2.8784, -3.2296, -0.9249)
(3.5462, -3.1869, -1.1164)
(4.1902, -3.1531, -1.3001)
(4.7386, -3.1261, -1.4919)
(5.2924, -3.0836, -1.619)
(-0.4467, -2.6908, -0.1185)
(0.1367, -2.9148, -0.4284)
(0.7699, -3.027, -0.6839)
(1.4431, -3.0294, -0.8582)
(2.1283, -2.9964, -1.0044)
(2.8155, -2.9316, -1.138)
(3.5032, -2.8642, -1.2618)
(4.1478, -2.8385, -1.3644)
(4.6483, -2.8856, -1.3891)
(5.2004, -2.9961, -1.3066)
(-0.6385, -2.4859, -0.659)
(-0.0471, -2.7475, -0.9772)
(0.5954, -2.9149, -1.2442)
(1.2943, -2.8993, -1.3828)
(1.9958, -2.7876, -1.4445)
(2.6964, -2.6394, -1.4772)
(3.4126, -2.5364, -1.48)
(4.0646, -2.6799, -1.4408)
(4.6274, -2.944, -1.3004)
(5.1467, -3.2751, -1.1824)
(-0.8319, -2.2868, -1.1939)
(-0.2236, -2.5527, -1.5214)
(0.4474, -2.6741, -1.7667)
(1.1595, -2.5465, -1.8228)
(1.8502, -2.3299, -1.7638)
(2.5194, -2.12, -1.668)
(3.1464, -1.9519, -1.5514)
(-0.9544, -1.9713, -1.6662)
(-0.3471, -2.2134, -1.9864)
(0.335, -2.2497, -2.1646)
(1.0194, -2.0697, -2.1374)
(1.6707, -1.8408, -2.032)
(2.278, -1.62, -1.9101)
(2.745, -1.4522, -1.7948)
(-1.0233, -1.5545, -2.0951)
(-0.4304, -1.7624, -2.3818)
(0.2321, -1.7428, -2.4833)
(0.8695, -1.5608, -2.4108)
(1.4741, -1.3435, -2.2918)
(2.0343, -1.1164, -2.1622)
(2.4562, -0.9298, -2.0424)
(-1.1204, -1.1708, -2.5542)
(-0.5203, -1.3442, -2.8061)
(0.1364, -1.2952, -2.8681)
(0.7454, -1.1097, -2.7781)
(1.2965, -0.8664, -2.6114)
(1.8028, -0.6049, -2.4316)
(2.1852, -0.3888, -2.2769)
(-1.2271, -0.8017, -3.026)
(-0.6141, -0.9494, -3.2541)
(0.0416, -0.8771, -3.2902)
(0.6332, -0.6736, -3.1751)
(1.1273, -0.3849, -2.9456)
(1.5757, -0.0794, -2.7033)
(1.9197, 0.1658, -2.5077)
(-1.3186, -0.412, -3.4823)
(-0.6991, -0.5176, -3.6495)
(-0.083, -0.385, -3.5373)
(0.4895, -0.1703, -3.3644)
(0.9766, 0.1176, -3.2454)
(1.3568, 0.4625, -2.9725)
(1.6308, 0.7394, -2.7256)
(-1.3753, 0.0151, -3.9059)
(-0.7342, -0.0453, -4.0037)
(-0.1173, 0.0818, -3.8019)
(0.4459, 0.2793, -3.5702)
(0.8658, 0.6391, -3.468)
(1.25, 1.0184, -3.3166)
(1.4924, 1.2585, -3.1525)
(-1.3963, 0.4742, -4.2929)
(-0.7341, 0.464, -4.3095)
(-0.0784, 0.5478, -4.132)
(0.5027, 0.7014, -3.9268)
(0.8403, 1.1496, -3.7509)
(1.2517, 1.5196, -3.7401)
(1.5903, 1.7341, -3.6766)
(-1.382, 0.9812, -4.5795)
(-0.753, 1.024, -4.4084)
(-0.1113, 1.1044, -4.1896)
(0.5014, 1.2122, -4.1213)
(1.0025, 1.4807, -4.0423)
(1.4542, 1.704, -3.9065)
(1.8703, 1.7547, -3.9317)
(-1.3522, 1.5198, -4.8051)
(-0.8393, 1.5843, -4.4531)
(-0.2265, 1.6374, -4.2645)
(0.405, 1.7234, -4.2614)
(1.0783, 1.8085, -4.2418)
(1.6418, 1.8858, -4.0348)
(2.0869, 1.7986, -4.1229)
(-1.2965, 2.057, -5.0385)
(-0.8233, 2.0686, -4.6791)
(-0.2597, 1.9514, -4.6598)
(0.3852, 1.9548, -4.6587)
(1.054, 2.0896, -4.6209)
(1.6363, 2.2572, -4.4502)
(2.0898, 2.3455, -4.3994)
(-1.2153, 2.5172, -5.2186)
(-0.679, 2.442, -4.9425)
(-0.1784, 2.1425, -5.0775)
(0.4511, 2.0379, -5.1245)
(1.0711, 2.2672, -5.0331)
(1.6243, 2.5495, -4.8382)
(2.0429, 2.7448, -4.6771)
(1.7019, -3.7514, 1.7013)
(2.0976, -3.809, 1.5119)
(2.6387, -3.9548, 1.1764)
(3.2121, -4.1094, 0.8062)
(3.7852, -4.265, 0.4321)
(4.3653, -4.4309, 0.0623)
(4.9591, -4.5448, -0.3356)
(5.511, -4.7048, -0.737)
(5.9952, -4.8387, -1.105)
(6.617, -4.8736, -0.7321)
(5.5725, -3.6867, -1.4728)
(5.907, -3.4624, -1.5495)
(6.3566, -3.3123, -1.3689)
(6.789, -3.5404, -0.9794)
(7.0017, -3.9784, -0.6328)
(6.8963, -4.5154, -0.6274)
(1.3631, 4.8361, -1.5391)
(1.2815, 4.4189, -1.3054)
(1.0253, 3.9197, -1.226)
(0.8999, 3.4628, -1.0736)
(1.0943, 3.3344, -0.6786)
(1.4047, 3.3, -0.2324)
(1.6534, 2.9697, 0.1655)
(1.6962, 2.5541, 0.5213)
(1.6066, 2.0999, 0.8614)
(1.5456, 1.6104, 1.2079)
(1.4984, 1.1264, 1.5669)
(1.4382, 0.6366, 1.9161)
(1.3784, 0.1361, 2.2548)
(1.3286, -0.3711, 2.5877)
(1.2451, -0.8906, 2.879)
(1.1339, -1.3252, 3.0617)
(1.5876, 4.5119, -1.6067)
(1.354, 4.0478, -1.5003)
(1.1205, 3.5697, -1.4361)
(1.2423, 3.2834, -1.0895)
(1.5235, 3.3296, -0.6417)
(1.7937, 3.1022, -0.213)
(1.9298, 2.684, 0.1732)
(1.8843, 2.198, 0.5082)
(1.8076, 1.6991, 0.8403)
(1.7377, 1.2082, 1.1854)
(1.6396, 0.7171, 1.5194)
(1.5379, 0.2207, 1.8463)
(1.4884, -0.2832, 2.1788)
(1.4715, -0.7879, 2.5122)
(1.4243, -1.2735, 2.7982)
(1.3447, -1.6486, 2.9633)
(1.5892, 4.8311, -1.8697)
(1.9365, 4.3824, -2.2467)
(2.2079, 3.8331, -2.556)
(2.4716, 3.4673, -2.992)
(2.7238, 3.3526, -3.6115)
(2.6764, 3.2071, -4.1838)
(2.3463, 3.0116, -4.585)
(6.3136, -4.9248, -0.816)
(5.8392, -4.7525, -0.7042)
(5.2658, -4.5551, -0.3284)
(4.7279, -4.4458, 0.0572)
(4.1727, -4.3103, 0.4378)
(3.611, -4.1363, 0.8034)
(3.0439, -3.9824, 1.1742)
(2.4743, -3.8182, 1.5372)
(2.0865, -3.6644, 1.8428)
(2.2847, 2.6542, -4.3752)
(2.6638, 2.8282, -3.9798)
(2.855, 3.0873, -3.4429)
(2.7098, 3.416, -2.8949)
(2.3985, 3.7971, -2.4332)
(2.0174, 4.1852, -2.0203)
(2.2898, 2.1381, -4.123)
(2.6413, 2.3255, -3.7241)
(2.7488, 2.6381, -3.2034)
(2.5194, 3.0581, -2.7598)
(2.1407, 3.4684, -2.4102)
(1.7242, 3.7932, -2.0063)
(2.196, 1.7406, -3.8479)
(2.4718, 1.9591, -3.4222)
(2.5332, 2.2565, -2.8754)
(2.3749, 2.6676, -2.4321)
(2.0373, 3.0654, -2.1788)
(1.5635, 3.3312, -1.888)
(1.8626, 1.8497, -3.6154)
(2.0881, 1.9847, -3.1643)
(2.1451, 2.093, -2.6006)
(2.0375, 2.3434, -2.1675)
(1.959, 2.8378, -1.8698)
(1.7351, 3.1485, -1.4891)
(1.6948, 1.5422, -3.248)
(1.8847, 1.6941, -2.8068)
(1.9227, 1.7815, -2.2368)
(1.8711, 2.0383, -1.8168)
(1.8786, 2.5909, -1.4809)
(1.8507, 3.0676, -1.0467)
(1.6565, 1.0375, -2.7774)
(1.8442, 1.2341, -2.3701)
(2.0139, 1.447, -1.8607)
(2.175, 1.8011, -1.5118)
(2.2101, 2.3287, -1.1687)
(2.1127, 2.7791, -0.6761)
(1.9222, 0.5323, -2.5105)
(2.1478, 0.7981, -2.1335)
(2.4006, 1.1396, -1.7164)
(2.5567, 1.5248, -1.3183)
(2.4664, 1.9443, -0.8329)
(2.2574, 2.3403, -0.3103)
(2.1894, 0.0045, -2.2636)
(2.4321, 0.3147, -1.9075)
(2.6297, 0.6951, -1.4731)
(2.6466, 1.0788, -1.0011)
(2.4824, 1.4649, -0.4839)
(2.2363, 1.847, 0.0367)
(2.4361, -0.5231, -2.0144)
(2.6152, -0.1909, -1.6376)
(2.6774, 0.1964, -1.1671)
(2.5656, 0.5797, -0.6761)
(2.376, 0.9644, -0.1601)
(2.1503, 1.3457, 0.3686)
(2.6749, -1.0425, -1.7575)
(2.7159, -0.6983, -1.3536)
(2.6064, -0.3093, -0.8705)
(2.3928, 0.0796, -0.3877)
(2.1845, 0.4677, 0.1302)
(2.0084, 0.8471, 0.6801)
(2.9345, -1.5352, -1.467)
(2.7853, -1.1823, -1.0443)
(2.531, -0.8008, -0.5658)
(2.2647, -0.4059, -0.0816)
(2.0169, -0.0185, 0.4293)
(1.8327, 0.3519, 0.9774)
(5.3014, -3.6299, -1.3181)
(4.925, -3.3408, -1.3351)
(4.3649, -2.8734, -1.3506)
(3.7566, -2.4162, -1.3509)
(3.3132, -1.9383, -1.13)
(2.9958, -1.5674, -0.6553)
(2.6684, -1.2097, -0.172)
(2.381, -0.8185, 0.3177)
(2.0614, -0.4605, 0.806)
(1.7442, -0.1317, 1.3081)
(5.5544, -3.6048, -1.4146)
(5.1229, -3.4217, -1.197)
(4.6551, -2.9332, -1.1083)
(4.1786, -2.4645, -1.0018)
(3.7087, -2.1499, -0.6715)
(3.2953, -1.8529, -0.2128)
(2.9256, -1.5362, 0.266)
(2.6097, -1.1675, 0.7538)
(2.2343, -0.8501, 1.2293)
(1.7941, -0.5871, 1.6807)
(5.9081, -3.3758, -1.329)
(5.5048, -3.3013, -1.0245)
(5.079, -2.8999, -0.7975)
(4.5706, -2.5544, -0.559)
(4.0744, -2.3345, -0.1926)
(3.6185, -2.0901, 0.2477)
(3.203, -1.8314, 0.7153)
(2.8199, -1.5259, 1.1907)
(2.3766, -1.2677, 1.6484)
(1.8762, -1.0517, 2.0635)
(6.3519, -3.4161, -1.0418)
(5.9142, -3.322, -0.7265)
(5.448, -3.0543, -0.4065)
(4.9155, -2.7855, -0.0826)
(4.4015, -2.5654, 0.2802)
(3.9141, -2.3565, 0.6985)
(3.4465, -2.1512, 1.1499)
(2.9658, -1.9416, 1.6009)
(2.4354, -1.7498, 2.0366)
(1.9035, -1.5396, 2.4246)
(6.7162, -3.736, -0.6487)
(6.2303, -3.6416, -0.3527)
(5.7076, -3.4349, -0.0266)
(5.1809, -3.1721, 0.3109)
(4.6203, -2.9475, 0.6626)
(4.0743, -2.7951, 1.0432)
(3.5527, -2.6263, 1.4648)
(3.0017, -2.4621, 1.8817)
(2.4071, -2.3156, 2.2865)
(1.833, -2.0343, 2.6793)
(6.7974, -4.2416, -0.4672)
(6.2881, -4.135, -0.1858)
(5.71, -3.974, 0.1257)
(5.1573, -3.7419, 0.4234)
(4.5874, -3.5043, 0.7715)
(4.0304, -3.3532, 1.1604)
(3.4719, -3.1898, 1.5436)
(2.9017, -3.0253, 1.9161)
(2.3863, -2.8911, 2.2415)
(6.5646, -4.6874, -0.6376)
(6.0502, -4.5478, -0.4093)
(5.4526, -4.3825, -0.0566)
(4.9011, -4.1903, 0.2841)
(4.3646, -3.9964, 0.643)
(3.8207, -3.8455, 1.0316)
(3.2539, -3.6764, 1.3902)
(2.6871, -3.5035, 1.7405)
(2.2303, -3.3712, 2.0536)
(2.1203, -3.1043, 2.2922)
(2.5393, -3.2102, 2.009)
(3.0845, -3.3673, 1.6654)
(3.6537, -3.5391, 1.3044)
(4.2125, -3.6977, 0.926)
(4.7569, -3.8656, 0.5382)
(5.3158, -4.1192, 0.2224)
(5.8794, -4.2822, -0.1019)
(6.4729, -4.4408, -0.4132)
(2.1325, -2.5495, 2.4679)
(2.684, -2.6721, 2.1177)
(3.257, -2.825, 1.7368)
(3.8075, -2.9888, 1.3363)
(4.3545, -3.1446, 0.9395)
(4.9244, -3.3123, 0.5769)
(5.4868, -3.5934, 0.2435)
(6.0165, -3.7907, -0.0609)
(6.5735, -3.9524, -0.3776)
(1.6333, -1.6269, 2.7231)
(2.136, -1.926, 2.3904)
(2.719, -2.1054, 1.9791)
(3.2669, -2.2788, 1.55)
(3.7693, -2.4611, 1.1102)
(4.2708, -2.6431, 0.6853)
(4.8034, -2.8309, 0.3157)
(5.3368, -3.0867, -0.0353)
(5.8527, -3.3394, -0.3684)
(6.3263, -3.5218, -0.6946)
(1.6619, -1.1782, 2.4525)
(2.159, -1.3973, 2.0595)
(2.6684, -1.6061, 1.6311)
(3.1246, -1.848, 1.1728)
(3.5487, -2.1021, 0.7072)
(4.0105, -2.3168, 0.2576)
(4.4879, -2.5546, -0.147)
(5.0153, -2.7705, -0.4719)
(5.5111, -3.1339, -0.7453)
(5.9109, -3.3512, -1.0494)
(1.6292, -0.6892, 2.0963)
(2.0796, -0.9307, 1.6598)
(2.5292, -1.1883, 1.2107)
(2.8955, -1.5111, 0.7313)
(3.247, -1.8451, 0.2508)
(3.6773, -2.0982, -0.2129)
(4.1251, -2.3777, -0.6306)
(4.6332, -2.6591, -0.9022)
(5.0761, -3.1792, -1.0221)
(5.5152, -3.4709, -1.2529)
(1.6086, -0.2023, 1.7442)
(1.9438, -0.5101, 1.2515)
(2.331, -0.8163, 0.7778)
(2.6387, -1.1889, 0.2888)
(2.9559, -1.5587, -0.1977)
(3.3289, -1.8802, -0.6763)
(3.7194, -2.249, -1.0944)
(4.2376, -2.6553, -1.2155)
(4.7498, -3.1811, -1.2494)
(5.2382, -3.5602, -1.306)
(1.68, 0.2884, 1.4124)
(1.879, -0.0712, 0.8672)
(2.157, -0.4291, 0.3565)
(2.4325, -0.8217, -0.1369)
(2.7222, -1.2067, -0.6197)
(3.008, -1.57, -1.0913)
(3.1993, -1.95, -1.5233)
(1.8265, 0.7831, 1.1013)
(1.995, 0.4121, 0.5479)
(2.188, 0.0277, 0.009)
(2.4317, -0.3656, -0.4865)
(2.6598, -0.7557, -0.9649)
(2.7896, -1.13, -1.429)
(2.7744, -1.4491, -1.7821)
(1.9544, 1.2793, 0.7829)
(2.191, 0.907, 0.2584)
(2.3847, 0.5227, -0.2763)
(2.5795, 0.1366, -0.7745)
(2.6887, -0.2502, -1.2582)
(2.6259, -0.6267, -1.7122)
(2.4777, -0.9276, -2.0421)
(2.0413, 1.7782, 0.4499)
(2.3289, 1.407, -0.0541)
(2.539, 1.022, -0.5789)
(2.67, 0.639, -1.0805)
(2.6243, 0.2546, -1.5543)
(2.4242, -0.1132, -1.9738)
(2.2049, -0.3902, -2.2843)
(2.1071, 2.2801, 0.1154)
(2.3892, 1.9059, -0.3934)
(2.5829, 1.5147, -0.9193)
(2.6289, 1.1237, -1.4059)
(2.4225, 0.745, -1.8139)
(2.1884, 0.4007, -2.2279)
(1.9299, 0.1597, -2.5271)
(2.0721, 2.7559, -0.2427)
(2.3068, 2.3685, -0.7514)
(2.3987, 1.9227, -1.2334)
(2.3231, 1.4625, -1.5871)
(2.0657, 1.1642, -1.9946)
(1.8842, 0.8808, -2.4552)
(1.6273, 0.7148, -2.7624)
(1.8686, 3.1405, -0.6318)
(2.0094, 2.7177, -1.0893)
(2.0005, 2.1972, -1.5103)
(1.9528, 1.6973, -1.7972)
(1.8827, 1.5598, -2.3045)
(1.753, 1.3609, -2.8152)
(1.5202, 1.2579, -3.1605)
(1.6198, 3.2386, -1.0595)
(1.8758, 2.9441, -1.4682)
(1.8755, 2.456, -1.8559)
(1.9523, 1.9973, -2.1742)
(2.0108, 1.9555, -2.7311)
(1.8714, 1.7938, -3.2437)
(1.6328, 1.7474, -3.6507)
(1.3896, 3.2972, -1.5076)
(1.8513, 3.0914, -1.8917)
(2.1276, 2.7402, -2.1591)
(2.2936, 2.2921, -2.4839)
(2.3457, 2.082, -3.0225)
(2.1685, 1.8539, -3.5338)
(1.8905, 1.75, -3.9161)
(1.3941, 3.6775, -1.745)
(1.8225, 3.4036, -2.1744)
(2.2844, 3.0734, -2.446)
(2.5742, 2.6246, -2.8012)
(2.6756, 2.2407, -3.3032)
(2.4375, 1.9752, -3.8064)
(2.1071, 1.7998, -4.1207)
(1.6956, 4.1621, -1.7694)
(2.095, 3.8482, -2.221)
(2.476, 3.4672, -2.6355)
(2.7607, 3.0631, -3.079)
(2.7957, 2.7142, -3.6052)
(2.47, 2.4851, -4.0816)
(2.1098, 2.3451, -4.3989)
(1.8274, 4.5069, -1.9188)
(2.1865, 4.0728, -2.2974)
(2.5053, 3.633, -2.6856)
(2.7423, 3.3454, -3.2316)
(2.7983, 3.1363, -3.8218)
(2.4832, 2.9308, -4.309)
(2.1465, 2.7758, -4.6297)
(2.012, -3.4753, 2.0809)
(2.3331, -3.599, 1.8033)
(2.8602, -3.7587, 1.4604)
(3.4301, -3.9297, 1.1054)
(3.9904, -4.0866, 0.7343)
(4.5311, -4.2521, 0.3556)
(5.0737, -4.4115, -0.0057)
(5.6322, -4.5715, -0.3779)
(6.2156, -4.7596, -0.688)
(1.5439, 1.5051, -3.4609)
(1.6792, 1.9765, -3.8665)
(2.0872, 2.6205, -4.536)
(5.1494, -3.5248, -1.2594)
(4.6471, -3.0694, -1.4061)
(3.4302, -2.1961, -1.42)
(2.9155, -1.7058, -1.6547)
(4.0356, -2.6236, -1.3136)
(2.0602, -0.1172, -2.3989)
(1.7893, 0.4428, -2.6359)
(6.142, -4.8729, -0.9106)
(2.0816, 1.5282, -3.9813)
(5.5505, -4.6553, -0.5266)
(5.0141, -4.4886, -0.1452)
(4.453, -4.4244, 0.2555)
(3.8926, -4.2152, 0.6051)
(2.6039, -1.1956, -1.9221)
(3.3272, -4.0699, 0.9827)
(2.7564, -3.904, 1.3457)
(1.4688, 1.0114, -2.852)
(2.1855, -3.7406, 1.7106)
(2.1124, 2.0701, -4.2622)
(2.3299, -0.6618, -2.1623)
(-5.6111, 0.7631, 5.7482)
(-4.0899, 1.4883, 4.4689)
(-4.2018, 1.7185, 4.4655)
(-4.6273, 1.7843, 4.4401)
(-5.1219, 1.529, 4.6733)
(-5.562, 1.2297, 4.9666)
(-5.7502, 0.9444, 5.3926)
(-1.9294, 2.5138, -5.0535)
(-2.0569, 2.0342, -4.7647)
(-2.164, 1.5314, -4.4444)
(-2.2347, 1.0617, -4.0872)
(-2.1892, 0.6572, -3.6471)
(-2.1015, 0.2654, -3.1921)
(-2.0085, -0.1212, -2.7324)
(-1.9209, -0.5035, -2.2676)
(-1.8565, -0.8969, -1.8101)
(-1.8319, -1.3172, -1.3767)
(-1.7891, -1.713, -0.9421)
(-1.6093, -1.9572, -0.4358)
(-1.3958, -2.1722, 0.0919)
(-1.1903, -2.3938, 0.6294)
(-0.9985, -2.6069, 1.1386)
(-0.8687, -2.7765, 1.5075)
(-1.7975, 2.8859, -5.265)
(-1.6512, 3.1028, -4.6919)
(-1.5781, 3.3556, -4.1413)
(-1.8597, 3.7671, -3.6959)
(-2.1516, 4.2178, -3.2759)
(-2.2879, 4.6508, -2.7642)
(-2.2755, 4.9568, -2.2989)
(-5.3138, 0.6706, 5.8255)
(-4.8935, 0.4535, 5.6385)
(-4.3703, 0.1171, 5.3278)
(-3.8909, -0.3182, 5.1446)
(-3.4153, -0.7549, 4.9468)
(-2.8796, -1.0948, 4.6525)
(-2.3505, -1.4454, 4.3619)
(-1.8219, -1.7784, 4.0556)
(-1.4722, -2.0473, 3.7875)
(-2.3369, 4.6214, -2.0505)
(-2.3862, 4.3024, -2.5205)
(-2.2467, 3.8789, -3.0214)
(-1.9574, 3.4289, -3.4385)
(-1.7535, 3.0286, -3.9147)
(-1.8501, 2.7705, -4.4914)
(-2.4613, 4.1492, -1.7458)
(-2.5173, 3.8368, -2.2146)
(-2.3184, 3.4268, -2.699)
(-2.0324, 2.9933, -3.0914)
(-1.9726, 2.6283, -3.5901)
(-2.0889, 2.3525, -4.2088)
(-2.5009, 3.7341, -1.5252)
(-2.5672, 3.3753, -1.9459)
(-2.3874, 2.9229, -2.4269)
(-2.1662, 2.502, -2.8334)
(-2.1603, 2.1569, -3.3153)
(-2.2687, 1.8709, -3.9249)
(-2.158, 3.6106, -1.6411)
(-2.2558, 3.0334, -1.8159)
(-2.2844, 2.5007, -2.1649)
(-2.3364, 2.0803, -2.6139)
(-2.4824, 1.7569, -3.1087)
(-2.5109, 1.4528, -3.6513)
(-2.067, 3.1685, -1.4599)
(-2.226, 2.6745, -1.5928)
(-2.4826, 2.324, -1.89)
(-2.7253, 1.9829, -2.3326)
(-2.7493, 1.5101, -2.7857)
(-2.5559, 1.0688, -3.2395)
(-2.074, 2.6714, -1.0043)
(-2.4537, 2.4014, -1.2156)
(-2.8258, 2.0643, -1.5461)
(-2.9347, 1.6204, -1.9606)
(-2.7889, 1.131, -2.3779)
(-2.4837, 0.6775, -2.7917)
(-2.2602, 2.2722, -0.4796)
(-2.6188, 1.9981, -0.7542)
(-2.9346, 1.6383, -1.1194)
(-2.962, 1.1814, -1.5333)
(-2.7561, 0.7155, -1.9419)
(-2.4101, 0.2808, -2.3413)
(-2.4561, 1.9214, 0.0414)
(-2.7177, 1.5943, -0.2793)
(-2.9434, 1.197, -0.6784)
(-2.9559, 0.7469, -1.0999)
(-2.7412, 0.2921, -1.5081)
(-2.3606, -0.124, -1.8935)
(-2.6371, 1.5869, 0.5551)
(-2.804, 1.2192, 0.1995)
(-2.9456, 0.7816, -0.23)
(-2.9576, 0.3192, -0.6665)
(-2.7582, -0.1433, -1.0856)
(-2.3503, -0.5483, -1.4612)
(-2.8149, 1.2663, 1.0679)
(-2.9167, 0.8693, 0.6805)
(-3.0004, 0.3935, 0.2226)
(-3.0215, -0.1038, -0.2392)
(-2.8377, -0.593, -0.6791)
(-2.3881, -0.994, -1.05)
(-3.0065, 0.9715, 1.5905)
(-3.08, 0.5383, 1.1499)
(-3.1483, 0.0252, 0.6641)
(-3.1451, -0.5189, 0.1855)
(-2.894, -1.0234, -0.2514)
(-2.3787, -1.4035, -0.6142)
(-4.2323, 1.3056, 4.3167)
(-4.1529, 1.0233, 4.0208)
(-3.7987, 0.9194, 3.4291)
(-3.4196, 0.9766, 2.7718)
(-3.2418, 0.698, 2.0971)
(-3.2196, 0.1881, 1.5946)
(-3.1987, -0.3413, 1.1078)
(-3.0991, -0.8867, 0.6377)
(-2.7476, -1.3384, 0.2304)
(-2.1901, -1.6632, -0.11)
(-4.0934, 1.4312, 4.3708)
(-4.0641, 1.2284, 3.9076)
(-3.9974, 1.076, 3.2821)
(-3.8278, 0.7795, 2.7374)
(-3.5553, 0.314, 2.3407)
(-3.3059, -0.1974, 1.9601)
(-3.0948, -0.6801, 1.5166)
(-2.8784, -1.1711, 1.0899)
(-2.5034, -1.5869, 0.7255)
(-1.9609, -1.8903, 0.4065)
(-4.3977, 1.6564, 4.2363)
(-4.4396, 1.329, 3.7931)
(-4.4419, 0.9423, 3.2653)
(-4.2679, 0.4698, 2.8269)
(-3.9559, -0.0456, 2.4904)
(-3.6138, -0.5601, 2.176)
(-3.246, -1.0432, 1.8518)
(-2.8222, -1.4822, 1.5412)
(-2.3124, -1.834, 1.2407)
(-1.7494, -2.1158, 0.9386)
(-4.8868, 1.5074, 4.3755)
(-4.8978, 1.1108, 3.964)
(-4.7949, 0.6319, 3.5218)
(-4.5031, 0.1343, 3.1755)
(-4.1074, -0.3676, 2.8971)
(-3.6676, -0.8383, 2.6265)
(-3.1811, -1.2598, 2.3515)
(-2.6457, -1.639, 2.0737)
(-2.0748, -1.9985, 1.7899)
(-1.5283, -2.3223, 1.4741)
(-5.321, 1.2056, 4.6667)
(-5.2017, 0.7947, 4.3199)
(-4.8695, 0.3842, 3.9802)
(-4.4216, -0.0507, 3.7086)
(-3.9832, -0.5332, 3.4442)
(-3.4881, -0.9506, 3.1773)
(-2.9607, -1.3296, 2.9023)
(-2.4157, -1.7181, 2.6279)
(-1.8632, -2.1403, 2.3605)
(-1.3374, -2.5316, 1.9623)
(-5.6051, 0.9014, 5.0583)
(-5.269, 0.5737, 4.8021)
(-4.7814, 0.2379, 4.5292)
(-4.3019, -0.2048, 4.2794)
(-3.8115, -0.6514, 4.0124)
(-3.2815, -1.0255, 3.7397)
(-2.7584, -1.4055, 3.4631)
(-2.2501, -1.8103, 3.1879)
(-1.8026, -2.1765, 2.9465)
(-5.5569, 0.6983, 5.5333)
(-5.1522, 0.4214, 5.2993)
(-4.6366, 0.1086, 5.0251)
(-4.1219, -0.3015, 4.7972)
(-3.6019, -0.7169, 4.5452)
(-3.0718, -1.083, 4.2662)
(-2.5565, -1.4642, 3.9881)
(-2.0521, -1.8424, 3.705)
(-1.6439, -2.1575, 3.4617)
(-1.559, -2.3166, 3.1255)
(-1.9288, -2.0211, 3.3336)
(-2.4055, -1.6414, 3.601)
(-2.9148, -1.248, 3.878)
(-3.4412, -0.8748, 4.1544)
(-3.9702, -0.4903, 4.426)
(-4.4684, -0.0366, 4.6782)
(-4.9771, 0.3341, 4.9223)
(-5.4542, 0.6237, 5.1981)
(-1.59, -2.3654, 2.5378)
(-2.0749, -1.9697, 2.7767)
(-2.5927, -1.5606, 3.0438)
(-3.1201, -1.1755, 3.3202)
(-3.646, -0.7976, 3.5946)
(-4.1399, -0.3746, 3.861)
(-4.5898, 0.1063, 4.1247)
(-5.0708, 0.4878, 4.3886)
(-5.4032, 0.8634, 4.7091)
(-1.1885, -2.5631, 1.5218)
(-1.6763, -2.2676, 1.9138)
(-2.2416, -1.8734, 2.2121)
(-2.8046, -1.4903, 2.4881)
(-3.338, -1.1106, 2.7631)
(-3.8344, -0.6942, 3.0322)
(-4.2809, -0.2225, 3.2947)
(-4.68, 0.2707, 3.5727)
(-5.0042, 0.7126, 3.9166)
(-5.1042, 1.172, 4.3308)
(-1.3643, -2.3633, 1.0543)
(-1.9138, -2.0754, 1.3636)
(-2.4827, -1.7606, 1.6571)
(-3.009, -1.3847, 1.9411)
(-3.4743, -0.9531, 2.2272)
(-3.8824, -0.4722, 2.5173)
(-4.2577, 0.0346, 2.8105)
(-4.5634, 0.5439, 3.1499)
(-4.6849, 1.0312, 3.5959)
(-4.6563, 1.4517, 4.0755)
(-1.574, -2.1433, 0.5158)
(-2.1349, -1.8642, 0.8235)
(-2.6479, -1.5434, 1.14)
(-3.0067, -1.1021, 1.4887)
(-3.3107, -0.6297, 1.8706)
(-3.606, -0.1305, 2.2403)
(-3.918, 0.3916, 2.5649)
(-4.1545, 0.8605, 2.9823)
(-4.216, 1.1921, 3.5357)
(-4.2, 1.4242, 4.096)
(-1.7881, -1.9206, -0.0121)
(-2.3552, -1.6264, 0.3092)
(-2.8433, -1.2695, 0.6602)
(-3.069, -0.7674, 1.0898)
(-3.1882, -0.2554, 1.5627)
(-3.3084, 0.2519, 2.0279)
(-3.4824, 0.7376, 2.4851)
(-3.7575, 0.9745, 3.0374)
(-3.9714, 1.0619, 3.666)
(-4.1236, 1.2264, 4.2159)
(-2.0061, -1.6994, -0.5317)
(-2.5865, -1.3826, -0.1978)
(-3.0433, -0.9741, 0.1863)
(-3.1976, -0.4361, 0.6451)
(-3.1851, 0.107, 1.1298)
(-3.1399, 0.6149, 1.62)
(-3.0952, 1.0603, 2.1045)
(-2.1126, -1.3742, -1.0024)
(-2.6665, -1.0318, -0.666)
(-3.0271, -0.575, -0.2572)
(-3.0928, -0.048, 0.2069)
(-3.0355, 0.4591, 0.6818)
(-2.9506, 0.9264, 1.1367)
(-2.8631, 1.279, 1.4976)
(-2.1063, -0.941, -1.4228)
(-2.6018, -0.5808, -1.0772)
(-2.9198, -0.134, -0.6715)
(-2.9841, 0.3487, -0.2273)
(-2.9157, 0.8148, 0.2207)
(-2.7879, 1.2482, 0.6413)
(-2.6669, 1.582, 0.9624)
(-2.1198, -0.5185, -1.8558)
(-2.5613, -0.1364, -1.4886)
(-2.8781, 0.301, -1.0923)
(-2.9719, 0.7627, -0.6695)
(-2.8688, 1.2003, -0.2441)
(-2.6443, 1.5896, 0.1433)
(-2.4643, 1.9028, 0.4377)
(-2.1764, -0.1192, -2.309)
(-2.5743, 0.2875, -1.9218)
(-2.879, 0.7318, -1.5223)
(-2.9815, 1.194, -1.1076)
(-2.8379, 1.6157, -0.6993)
(-2.4978, 1.9472, -0.3564)
(-2.2519, 2.2345, -0.0917)
(-2.2566, 0.2708, -2.7667)
(-2.618, 0.697, -2.3646)
(-2.8927, 1.1577, -1.9562)
(-2.9677, 1.6385, -1.5435)
(-2.7672, 2.0579, -1.1503)
(-2.3238, 2.3423, -0.8565)
(-2.0186, 2.5768, -0.6419)
(-2.3482, 0.6601, -3.2214)
(-2.6744, 1.1005, -2.8041)
(-2.859, 1.5834, -2.3712)
(-2.7969, 2.0558, -1.9419)
(-2.5005, 2.3648, -1.5476)
(-2.1793, 2.7305, -1.329)
(-1.9482, 3.0832, -1.1817)
(-2.4208, 1.0463, -3.676)
(-2.6334, 1.4634, -3.2213)
(-2.5965, 1.8091, -2.7111)
(-2.4353, 2.2372, -2.2631)
(-2.2544, 2.5791, -1.8382)
(-2.1374, 3.1499, -1.6576)
(-2.0218, 3.6771, -1.5419)
(-2.352, 1.4685, -4.0515)
(-2.3704, 1.8137, -3.5166)
(-2.2521, 2.0668, -2.9407)
(-2.2564, 2.4704, -2.5269)
(-2.401, 2.9209, -2.0664)
(-2.3953, 3.4682, -1.7181)
(-2.2682, 3.8418, -1.4437)
(-2.1936, 1.9531, -4.3501)
(-2.1118, 2.2541, -3.754)
(-2.0477, 2.5559, -3.1606)
(-2.2094, 2.9667, -2.7648)
(-2.5167, 3.3835, -2.32)
(-2.5751, 3.7771, -1.8169)
(-2.4494, 4.0038, -1.3956)
(-2.0306, 2.4429, -4.649)
(-1.8953, 2.6965, -4.0571)
(-1.8981, 3.0149, -3.4867)
(-2.127, 3.4448, -3.068)
(-2.3995, 3.8792, -2.6303)
(-2.4362, 4.2561, -2.1199)
(-2.3348, 4.5163, -1.7088)
(-1.8496, 2.8454, -4.8903)
(-1.65, 3.0441, -4.3137)
(-1.7605, 3.3923, -3.7902)
(-2.0728, 3.8308, -3.3769)
(-2.2918, 4.2805, -2.9121)
(-2.335, 4.6652, -2.3954)
(-2.2479, 4.915, -1.9884)
(-1.4312, -2.2302, 3.5371)
(-1.7166, -1.9768, 3.7583)
(-2.1952, -1.6431, 4.0437)
(-2.7128, -1.2777, 4.3317)
(-3.2378, -0.9123, 4.6142)
(-3.7654, -0.5446, 4.8871)
(-4.2542, -0.0892, 5.0802)
(-4.7797, 0.2621, 5.3306)
(-5.2599, 0.5596, 5.6189)
(-5.0206, 1.027, 6.2322)
(-4.4912, 1.4045, 3.9772)
(-4.3401, 1.6652, 4.1935)
(-4.405, 2.0023, 4.7155)
(-4.6105, 2.0592, 5.3104)
(-4.7691, 1.8376, 5.9122)
(-4.9016, 1.423, 6.2856)
(1.083, 4.7763, -1.2304)
(0.9613, 4.2932, -1.008)
(0.7149, 3.7901, -0.9378)
(0.6992, 3.3865, -0.6943)
(0.9636, 3.3566, -0.2748)
(1.271, 3.1125, 0.1072)
(1.4433, 2.7212, 0.4245)
(1.376, 2.4269, 0.8185)
(1.2977, 1.9875, 1.1828)
(1.255, 1.5015, 1.5408)
(1.2203, 1.0166, 1.9032)
(1.1795, 0.525, 2.2574)
(1.1347, 0.0287, 2.6057)
(1.0689, -0.4771, 2.9325)
(0.9355, -0.9871, 3.1579)
(0.8099, -1.3721, 3.28)
(1.088, 5.1269, -1.5054)
(0.4916, 5.3258, -1.2212)
(-0.1469, 5.4789, -1.0034)
(-0.8103, 5.5871, -0.8669)
(-1.4727, 5.5857, -0.934)
(-1.9551, 5.4338, -1.3133)
(-2.1921, 5.2298, -1.7758)
(-5.083, 0.7769, 5.9695)
(-4.8807, 0.4588, 5.6139)
(-4.3602, 0.1157, 5.2707)
(-3.8714, -0.3157, 5.136)
(-3.4016, -0.7543, 4.9685)
(-2.8748, -1.0906, 4.6727)
(-2.3464, -1.4362, 4.3819)
(-1.8172, -1.7666, 4.0743)
(-1.3873, -1.9835, 3.8865)
(-2.1982, 4.8389, -1.6197)
(-1.9535, 5.0309, -1.1396)
(-1.479, 5.191, -0.7401)
(-0.8239, 5.2083, -0.6427)
(-0.1514, 5.1215, -0.7482)
(0.4947, 4.9842, -0.9444)
(-2.2774, 4.3418, -1.3424)
(-1.9668, 4.514, -0.9026)
(-1.4614, 4.6773, -0.5441)
(-0.829, 4.7065, -0.4176)
(-0.1677, 4.6404, -0.4413)
(0.4549, 4.5198, -0.6343)
(-2.2724, 3.9136, -1.1386)
(-1.8692, 4.0587, -0.7786)
(-1.292, 4.1924, -0.6024)
(-0.7618, 4.1777, -0.429)
(-0.2158, 4.0953, -0.2235)
(0.3138, 3.997, -0.4404)
(-1.9501, 3.8001, -1.3127)
(-1.5587, 3.8679, -0.9666)
(-0.9982, 3.847, -0.7814)
(-0.6146, 3.6916, -0.5415)
(-0.2409, 3.5636, -0.1942)
(0.2343, 3.4954, -0.2761)
(-1.8292, 3.3565, -1.1406)
(-1.4275, 3.4076, -0.8224)
(-0.8995, 3.3599, -0.6115)
(-0.3963, 3.3183, -0.4759)
(0.0304, 3.2034, -0.2368)
(0.4471, 3.2, -0.0841)
(-1.8199, 2.8235, -0.7552)
(-1.3884, 2.8974, -0.4876)
(-0.8492, 2.9142, -0.3109)
(-0.2859, 2.9409, -0.1838)
(0.2787, 2.877, -0.1168)
(0.7673, 2.8869, 0.0455)
(-2.0068, 2.4975, -0.2325)
(-1.5766, 2.6556, 0.0187)
(-1.0092, 2.7019, 0.1817)
(-0.4135, 2.609, 0.2158)
(0.2138, 2.5185, 0.2317)
(0.8489, 2.5476, 0.3526)
(-2.1991, 2.1748, 0.2927)
(-1.7508, 2.3407, 0.5131)
(-1.1712, 2.3694, 0.6376)
(-0.5563, 2.3051, 0.6798)
(0.0874, 2.341, 0.762)
(0.7479, 2.4433, 0.8653)
(-2.3802, 1.8403, 0.8038)
(-1.9025, 1.9901, 0.9893)
(-1.3022, 2.0709, 1.1244)
(-0.672, 2.1028, 1.2112)
(-0.011, 2.1426, 1.3)
(0.6664, 2.1375, 1.3292)
(-2.554, 1.5101, 1.3139)
(-2.0363, 1.6201, 1.4459)
(-1.4035, 1.6827, 1.5529)
(-0.7489, 1.71, 1.6288)
(-0.0699, 1.7121, 1.6893)
(0.6168, 1.6641, 1.6922)
(-2.7114, 1.2123, 1.8508)
(-2.1346, 1.2372, 1.8873)
(-1.4713, 1.2132, 1.9039)
(-0.7934, 1.1929, 1.9241)
(-0.1054, 1.1802, 1.975)
(0.5825, 1.1556, 2.0197)
(-4.5122, 1.245, 4.1777)
(-4.2145, 0.9837, 4.1169)
(-3.8147, 0.9102, 3.4997)
(-3.4153, 1.0092, 2.8182)
(-2.8233, 1.0355, 2.4672)
(-2.1602, 0.9382, 2.3961)
(-1.494, 0.8175, 2.3397)
(-0.8109, 0.7411, 2.2996)
(-0.1276, 0.6801, 2.3004)
(0.5535, 0.6519, 2.3548)
(-4.3808, 1.3382, 4.1865)
(-4.1765, 1.1103, 4.2387)
(-3.7832, 1.0793, 3.8466)
(-3.3097, 1.1095, 3.3686)
(-2.7316, 0.9933, 3.1005)
(-2.1163, 0.746, 2.9695)
(-1.4666, 0.5758, 2.8876)
(-0.7889, 0.4757, 2.8281)
(-0.128, 0.3166, 2.7558)
(0.5296, 0.1913, 2.7362)
(-4.4039, 1.6722, 4.5693)
(-4.1995, 1.389, 4.603)
(-3.6729, 1.23, 4.3036)
(-3.1338, 1.1672, 3.9512)
(-2.6064, 0.9586, 3.7146)
(-2.0532, 0.6124, 3.5661)
(-1.4169, 0.4125, 3.4711)
(-0.7543, 0.2641, 3.3923)
(-0.1141, 0.0361, 3.2796)
(0.5052, -0.2125, 3.156)
(-4.4693, 1.9095, 5.1204)
(-4.1602, 1.5649, 5.1045)
(-3.6494, 1.2918, 4.8537)
(-3.1237, 1.1077, 4.5732)
(-2.5727, 0.8229, 4.3191)
(-2.012, 0.4746, 4.1523)
(-1.3924, 0.2097, 4.0257)
(-0.7697, -0.0639, 3.8849)
(-0.1686, -0.4003, 3.6905)
(0.3998, -0.7135, 3.4492)
(-4.5825, 1.8452, 5.7023)
(-4.2537, 1.5226, 5.6636)
(-3.7871, 1.1689, 5.4005)
(-3.2377, 0.851, 5.0992)
(-2.666, 0.5035, 4.827)
(-2.0862, 0.157, 4.6285)
(-1.5004, -0.174, 4.4347)
(-0.9246, -0.5318, 4.2067)
(-0.3648, -0.9303, 3.9394)
(0.2419, -1.2242, 3.618)
(-4.7051, 1.5002, 6.1295)
(-4.3875, 1.142, 5.9795)
(-3.9343, 0.7617, 5.6945)
(-3.4005, 0.373, 5.4048)
(-2.8506, 0.0034, 5.1269)
(-2.3025, -0.328, 4.8516)
(-1.7544, -0.6712, 4.5882)
(-1.2122, -1.0264, 4.317)
(-0.7392, -1.3551, 4.073)
(-4.9075, 1.0439, 6.1778)
(-4.6286, 0.7096, 5.8774)
(-4.1522, 0.3253, 5.5328)
(-3.6387, -0.1024, 5.3357)
(-3.1288, -0.4808, 5.1466)
(-2.6045, -0.7949, 4.8251)
(-2.0771, -1.1261, 4.519)
(-1.5501, -1.4618, 4.2268)
(-1.1044, -1.7471, 4.0115)
(-0.7426, -1.694, 3.9713)
(-1.14, -1.4213, 4.1633)
(-1.6489, -1.0858, 4.4284)
(-2.1839, -0.7451, 4.7167)
(-2.7182, -0.4161, 5.0144)
(-3.2493, -0.0877, 5.3063)
(-3.7783, 0.3227, 5.5086)
(-4.2821, 0.7186, 5.8154)
(-4.6756, 1.0938, 6.0983)
(-0.2996, -1.3353, 3.8967)
(-0.7896, -0.9668, 4.158)
(-1.3325, -0.5959, 4.4206)
(-1.8935, -0.2447, 4.6627)
(-2.4629, 0.0961, 4.8883)
(-3.028, 0.4449, 5.1441)
(-3.5896, 0.8155, 5.4502)
(-4.1013, 1.1703, 5.7442)
(-4.4892, 1.5473, 5.9496)
(0.5988, -1.0738, 3.387)
(0.0437, -0.8459, 3.6914)
(-0.5349, -0.4712, 3.9577)
(-1.1256, -0.1158, 4.17)
(-1.7296, 0.1895, 4.3363)
(-2.3246, 0.5082, 4.4971)
(-2.8859, 0.8632, 4.7098)
(-3.4515, 1.1365, 5.0048)
(-3.9539, 1.4093, 5.2681)
(-4.3938, 1.7602, 5.4576)
(0.7423, -0.5958, 3.2075)
(0.1724, -0.311, 3.4179)
(-0.4353, -0.0132, 3.5859)
(-1.0696, 0.2329, 3.7111)
(-1.7159, 0.4263, 3.8061)
(-2.3108, 0.7199, 3.9363)
(-2.8324, 1.0697, 4.1296)
(-3.3784, 1.2095, 4.4166)
(-3.9047, 1.3724, 4.7173)
(-4.3742, 1.6513, 4.8904)
(0.8314, -0.0978, 2.8979)
(0.202, 0.0791, 2.9791)
(-0.441, 0.2884, 3.0701)
(-1.1054, 0.4406, 3.148)
(-1.7724, 0.5587, 3.2151)
(-2.3813, 0.824, 3.3312)
(-2.9407, 1.1021, 3.51)
(-3.4825, 1.1532, 3.8385)
(-3.9676, 1.1865, 4.265)
(-4.3445, 1.3426, 4.4233)
(0.8648, 0.3717, 2.5256)
(0.2035, 0.4349, 2.5158)
(-0.466, 0.5361, 2.5268)
(-1.1447, 0.636, 2.577)
(-1.8195, 0.7407, 2.6359)
(-2.4659, 0.9291, 2.727)
(-3.1077, 1.0483, 2.8946)
(-3.6009, 1.0422, 3.3597)
(-4.0019, 0.9744, 3.9489)
(-4.3384, 1.1388, 4.2315)
(0.8983, 0.8619, 2.1695)
(0.2257, 0.9122, 2.1575)
(-0.4626, 0.9289, 2.1007)
(-1.1491, 0.9709, 2.0962)
(-1.8259, 1.0318, 2.1183)
(-2.4782, 1.1043, 2.1432)
(-3.0859, 1.0863, 2.1571)
(0.9303, 1.355, 1.8179)
(0.2555, 1.4378, 1.8571)
(-0.4334, 1.4535, 1.8078)
(-1.1109, 1.454, 1.7542)
(-1.77, 1.4397, 1.6992)
(-2.3867, 1.3972, 1.6215)
(-2.8537, 1.2949, 1.5248)
(0.968, 1.8465, 1.4653)
(0.2981, 1.9438, 1.532)
(-0.3838, 1.9464, 1.4801)
(-1.0395, 1.9164, 1.3985)
(-1.6689, 1.8585, 1.2943)
(-2.2449, 1.7463, 1.14)
(-2.6635, 1.5966, 0.9765)
(1.0255, 2.3041, 1.0913)
(0.3673, 2.3023, 1.0872)
(-0.2957, 2.2275, 0.9928)
(-0.9327, 2.2081, 0.9105)
(-1.5396, 2.2129, 0.8328)
(-2.0835, 2.0914, 0.6519)
(-2.4676, 1.9202, 0.4471)
(1.1262, 2.5403, 0.6364)
(0.4779, 2.442, 0.537)
(-0.1763, 2.4111, 0.4491)
(-0.7951, 2.4972, 0.4315)
(-1.391, 2.5581, 0.3636)
(-1.9148, 2.4301, 0.1539)
(-2.2684, 2.2506, -0.0876)
(1.1091, 2.7943, 0.2613)
(0.5701, 2.6553, 0.0639)
(-0.032, 2.7415, 0.0277)
(-0.6242, 2.7864, -0.0291)
(-1.1938, 2.7998, -0.1435)
(-1.7067, 2.7029, -0.3702)
(-2.0606, 2.5867, -0.6387)
(0.8561, 3.1842, 0.0104)
(0.4023, 2.988, -0.1165)
(-0.0486, 3.1299, -0.281)
(-0.5894, 3.0975, -0.4167)
(-1.124, 3.1323, -0.5607)
(-1.6225, 3.1014, -0.8146)
(-1.9566, 3.0462, -1.1266)
(0.5435, 3.3585, -0.3179)
(0.0857, 3.3203, -0.1276)
(-0.333, 3.4378, -0.3878)
(-0.6929, 3.5554, -0.6535)
(-1.2038, 3.6673, -0.8133)
(-1.702, 3.6511, -1.0961)
(-1.9846, 3.5874, -1.4622)
(0.4484, 3.6373, -0.6067)
(0.0226, 3.7925, -0.1979)
(-0.5132, 3.8445, -0.3062)
(-0.8822, 3.9989, -0.6504)
(-1.4314, 4.0, -0.7592)
(-1.9506, 3.915, -1.0405)
(-2.2493, 3.7942, -1.4068)
(0.6239, 4.1596, -0.7339)
(0.124, 4.3368, -0.374)
(-0.5049, 4.3997, -0.3262)
(-1.0998, 4.4589, -0.4733)
(-1.6932, 4.3369, -0.6305)
(-2.1528, 4.1725, -1.0059)
(-2.4427, 4.0076, -1.3761)
(0.7792, 4.6652, -0.9251)
(0.1714, 4.8413, -0.6742)
(-0.4936, 4.9349, -0.5412)
(-1.1643, 4.9781, -0.5349)
(-1.7537, 4.8747, -0.7929)
(-2.1163, 4.6862, -1.273)
(-2.329, 4.5199, -1.689)
(0.802, 5.0735, -1.2166)
(0.1764, 5.2445, -0.9791)
(-0.4795, 5.3668, -0.8054)
(-1.1527, 5.4247, -0.7663)
(-1.7512, 5.3365, -0.9996)
(-2.0905, 5.1398, -1.4879)
(-2.2655, 4.955, -1.9051)
(-1.0775, -1.9693, 3.8981)
(-1.452, -1.7711, 4.0292)
(-1.9539, -1.4607, 4.3015)
(-2.4817, -1.1266, 4.6045)
(-3.0064, -0.7949, 4.9125)
(-3.5201, -0.458, 5.1904)
(-3.9982, -0.0021, 5.288)
(-4.5203, 0.3821, 5.566)
(-4.9257, 0.7397, 5.9341)
(-1.9812, 3.3757, -1.3862)
(-2.0253, 3.8888, -1.6179)
(-2.264, 4.7721, -1.8587)
(-4.3613, 1.1598, 4.3263)
(-4.0062, 0.8473, 3.8114)
(-3.2277, 1.0035, 2.4726)
(-2.9535, 1.1431, 1.789)
(-3.6072, 0.9823, 3.1174)
(-2.3648, 2.0752, 0.1792)
(-2.1555, 2.4098, -0.3585)
(-5.1301, 0.6406, 5.823)
(-2.4923, 3.7473, -1.2327)
(-4.644, 0.2717, 5.4293)
(-4.0864, -0.0388, 5.1692)
(-3.6759, -0.5952, 5.1114)
(-3.141, -0.914, 4.8039)
(-2.7633, 1.4308, 1.2333)
(-2.6134, -1.2714, 4.5214)
(-2.0836, -1.6103, 4.2225)
(-1.9236, 2.7537, -0.9221)
(-1.5555, -1.9347, 3.9074)
(-2.3999, 4.2641, -1.5391)
(-2.5671, 1.7477, 0.7056)
(-1.5115, 2.5302, -5.3441)
(-0.9344, 2.5047, -5.0474)
(-0.438, 2.2999, -4.9819)
(0.1259, 2.0454, -5.1253)
(0.7674, 2.1256, -5.0944)
(1.3616, 2.416, -4.9395)
(-1.5839, 2.0717, -5.137)
(-1.054, 2.0719, -4.8458)
(1.8471, 2.6563, -4.7527)
(-0.5574, 2.0139, -4.6375)
(0.056, 1.9313, -4.6655)
(0.723, 2.0109, -4.6538)
(1.362, 2.1789, -4.5371)
(1.8732, 2.3082, -4.4093)
(-1.6488, 1.545, -4.86)
(-1.0943, 1.5441, -4.6406)
(-0.5434, 1.6115, -4.3267)
(0.0856, 1.6776, -4.249)
(0.7442, 1.7647, -4.2762)
(1.3793, 1.858, -4.1304)
(1.8709, 1.8635, -4.0453)
(-1.6965, 1.0316, -4.5553)
(-1.0675, 0.987, -4.5197)
(-0.4332, 1.0658, -4.2862)
(0.2057, 1.1432, -4.1427)
(0.7632, 1.3345, -4.0934)
(1.233, 1.612, -3.9663)
(1.6646, 1.7446, -3.9011)
(-1.7025, 0.5589, -4.1942)
(-1.0688, 0.4475, -4.3316)
(-0.4044, 0.5031, -4.2337)
(0.2388, 0.596, -4.0301)
(0.6823, 0.906, -3.8225)
(1.04, 1.3598, -3.7375)
(1.4336, 1.6339, -3.7153)
(-1.6629, 0.1282, -3.7716)
(-1.0589, -0.0436, -3.9916)
(-0.4211, 0.0047, -3.9281)
(0.1789, 0.1662, -3.6719)
(0.6665, 0.4427, -3.5133)
(1.0676, 0.8409, -3.3995)
(1.3877, 1.1514, -3.2346)
(-1.5915, -0.2802, -3.3289)
(-1.0156, -0.4957, -3.598)
(-0.387, -0.4719, -3.6192)
(0.2112, -0.2843, -3.4429)
(0.7455, -0.0374, -3.3135)
(1.1811, 0.292, -3.12)
(1.5036, 0.6083, -2.844)
(-1.4946, -0.6621, -2.8648)
(-0.9315, -0.9019, -3.1607)
(-0.2847, -0.9364, -3.2949)
(0.3502, -0.788, -3.2497)
(0.888, -0.5367, -3.069)
(1.3612, -0.2277, -2.8202)
(1.7573, 0.0494, -2.6009)
(-1.389, -1.0295, -2.3902)
(-0.831, -1.2818, -2.6988)
(-0.1923, -1.3446, -2.8609)
(0.4498, -1.2132, -2.8372)
(1.0254, -0.9931, -2.7001)
(1.5614, -0.733, -2.5197)
(2.0056, -0.4919, -2.3517)
(-1.3005, -1.4124, -1.928)
(-0.736, -1.6794, -2.2535)
(-0.1024, -1.7812, -2.4591)
(0.5564, -1.6626, -2.4606)
(1.1743, -1.4542, -2.3533)
(1.7675, -1.2277, -2.2269)
(2.2583, -1.0186, -2.101)
(-1.2454, -1.8272, -1.497)
(-0.6585, -2.108, -1.835)
(-0.0122, -2.263, -2.1011)
(0.6809, -2.1765, -2.1702)
(1.3481, -1.956, -2.0888)
(1.9872, -1.7258, -1.9712)
(2.5257, -1.5308, -1.8516)
(-1.1267, -2.1423, -1.027)
(-0.5333, -2.4282, -1.3613)
(0.1037, -2.6422, -1.6632)
(0.8029, -2.634, -1.8165)
(1.5078, -2.4411, -1.8015)
(2.1894, -2.2205, -1.7183)
(2.8355, -2.0326, -1.6131)
(-0.9274, -2.3464, -0.4967)
(-0.3468, -2.6222, -0.8203)
(0.266, -2.851, -1.1233)
(0.9411, -2.9265, -1.3282)
(1.6462, -2.8506, -1.4192)
(2.3447, -2.7152, -1.4638)
(3.054, -2.5696, -1.483)
(3.7501, -2.5854, -1.4721)
(-0.7298, -2.5587, 0.0415)
(-0.1596, -2.8129, -0.277)
(0.4468, -2.987, -0.5661)
(1.1034, -3.037, -0.7784)
(4.353, -2.7972, -1.3787)
(1.7851, -3.0162, -0.933)
(2.4718, -2.967, -1.0726)
(4.8953, -3.1215, -1.2252)
(3.1593, -2.8953, -1.2012)
(5.3637, -3.3427, -1.1899)
(3.8418, -2.8441, -1.3181)
(-0.5324, -2.781, 0.5803)
(0.0286, -3.0331, 0.2662)
(0.6162, -3.2202, -0.0544)
(4.403, -2.8507, -1.3928)
(1.2416, -3.2882, -0.3549)
(1.8877, -3.2761, -0.6071)
(4.9228, -2.9424, -1.3481)
(2.546, -3.249, -0.8249)
(3.2118, -3.208, -1.0223)
(5.4485, -3.0234, -1.2999)
(-0.3689, -2.9685, 1.0206)
(3.8783, -3.1686, -1.2069)
(0.22, -3.2413, 0.7749)
(4.4691, -3.1395, -1.3994)
(0.8301, -3.4676, 0.4508)
(1.438, -3.6177, 0.0367)
(2.0461, -3.7038, -0.3408)
(5.0205, -3.11, -1.5646)
(2.6635, -3.7401, -0.6737)
(5.5302, -3.0413, -1.6605)
(3.2956, -3.7218, -0.9729)
(3.9489, -3.6591, -1.2146)
(4.6117, -3.6031, -1.3276)
(1.1821, -3.6583, 0.8911)
(1.7353, -3.8174, 0.5056)
(2.3229, -3.9629, 0.1093)
(5.2318, -3.5793, -1.49)
(2.9149, -4.074, -0.27)
(5.7008, -3.5167, -1.7678)
(3.5208, -4.1338, -0.6317)
(4.1745, -4.1167, -0.9389)
(4.8292, -4.097, -1.1898)
(1.58, -3.7921, 1.276)
(2.0662, -3.9245, 0.9621)
(2.6424, -4.0723, 0.5866)
(5.4245, -4.1012, -1.4491)
(3.2253, -4.2088, 0.2053)
(5.8845, -4.0674, -1.7368)
(3.8162, -4.3368, -0.1758)
(4.4534, -4.4165, -0.5528)
(1.8871, -3.7721, 1.6199)
(2.3559, -3.8754, 1.356)
(5.0693, -4.4959, -0.9299)
(2.9253, -4.0331, 0.9921)
(3.4986, -4.1852, 0.6186)
(5.6008, -4.5811, -1.2964)
(4.0729, -4.3517, 0.2488)
(6.0397, -4.5917, -1.6022)
(4.6641, -4.4881, -0.134)
(5.2402, -4.6214, -0.5382)
(5.7724, -4.7811, -0.9267)
(6.141, -4.8669, -1.2694)
(6.4332, -4.8255, -0.7302)
(5.4193, -3.6424, -1.3807)
(5.7163, -3.4889, -1.3984)
(6.1268, -3.3524, -1.2087)
(6.5577, -3.5458, -0.8411)
(6.8015, -3.9789, -0.5119)
(6.7025, -4.4872, -0.5295)
(2.3178, -3.1525, 2.1563)
(2.8006, -3.2836, 1.8428)
(3.3701, -3.4537, 1.4858)
(3.9353, -3.6211, 1.1188)
(4.4842, -3.7718, 0.7267)
(5.0361, -3.9934, 0.3749)
(5.5919, -4.2083, 0.0634)
(6.1863, -4.3656, -0.2663)
(2.4083, -2.6073, 2.2928)
(2.9696, -2.7457, 1.9318)
(3.5354, -2.9067, 1.5375)
(4.0789, -3.0694, 1.1351)
(4.6373, -3.2166, 0.7541)
(5.2106, -3.4508, 0.4057)
(5.7493, -3.7012, 0.0916)
(6.3016, -3.882, -0.2223)
(1.3868, -1.4716, 2.8916)
(1.8791, -1.7845, 2.5608)
(2.4267, -2.0233, 2.1892)
(2.9996, -2.1903, 1.7662)
(3.5216, -2.3693, 1.3306)
(4.017, -2.5532, 0.8923)
(4.5346, -2.7312, 0.4954)
(5.0712, -2.9532, 0.1383)
(5.5991, -3.217, -0.2029)
(6.0934, -3.4478, -0.5347)
(1.4532, -1.0404, 2.6679)
(1.9007, -1.2943, 2.2541)
(2.4181, -1.499, 1.8514)
(2.9038, -1.7225, 1.404)
(3.3352, -1.9787, 0.9396)
(3.776, -2.2094, 0.4789)
(4.2448, -2.4383, 0.047)
(4.7479, -2.6516, -0.3195)
(5.2752, -2.9463, -0.6091)
(5.7144, -3.2766, -0.893)
(1.4802, -0.535, 2.3469)
(1.8376, -0.8163, 1.8715)
(2.3144, -1.0521, 1.4404)
(2.7207, -1.3424, 0.973)
(3.0647, -1.6858, 0.4898)
(3.4563, -1.9744, 0.0162)
(3.8953, -2.24, -0.4329)
(4.3796, -2.4971, -0.7911)
(4.8605, -2.9121, -0.9639)
(5.2977, -3.3708, -1.1212)
(1.5061, -0.0309, 2.0116)
(1.7569, -0.3612, 1.4912)
(2.1431, -0.6574, 1.0157)
(2.4918, -0.9965, 0.5345)
(2.7902, -1.3801, 0.0445)
(3.1396, -1.7197, -0.438)
(3.5144, -2.0582, -0.9072)
(3.9711, -2.4393, -1.1828)
(4.4951, -2.9165, -1.2342)
(5.0048, -3.4017, -1.2668)
(1.5851, 0.4699, 1.6827)
(1.771, 0.107, 1.1368)
(2.0127, -0.2473, 0.6081)
(2.2957, -0.6227, 0.1083)
(2.5742, -1.0174, -0.379)
(2.8726, -1.3891, -0.8595)
(3.1135, -1.7559, -1.3099)
(1.6922, 0.9631, 1.3542)
(1.918, 0.599, 0.8277)
(2.0834, 0.2216, 0.2733)
(2.3068, -0.1687, -0.2433)
(2.5528, -0.5612, -0.7253)
(2.7423, -0.9482, -1.2061)
(2.7953, -1.2945, -1.6164)
(1.7742, 1.4529, 1.0127)
(2.0869, 1.096, 0.5274)
(2.2873, 0.7155, -0.0121)
(2.4854, 0.3295, -0.5293)
(2.6529, -0.056, -1.0166)
(2.6756, -0.4449, -1.4967)
(2.5566, -0.7843, -1.8887)
(1.8442, 1.948, 0.6724)
(2.1993, 1.5962, 0.2046)
(2.4411, 1.2148, -0.3175)
(2.6206, 0.8302, -0.8332)
(2.6716, 0.4475, -1.3212)
(2.5347, 0.0626, -1.776)
(2.3135, -0.2602, -2.1387)
(1.9215, 2.4455, 0.3446)
(2.2607, 2.0967, -0.1341)
(2.4976, 1.7112, -0.6571)
(2.6358, 1.3182, -1.1728)
(2.5447, 0.9328, -1.6125)
(2.3048, 0.5627, -2.0274)
(2.0621, 0.2707, -2.3896)
(1.8854, 2.9059, -0.0132)
(2.2102, 2.5712, -0.493)
(2.3698, 2.1533, -1.0061)
(2.3884, 1.6798, -1.4172)
(2.1985, 1.3015, -1.777)
(1.9707, 1.0162, -2.2332)
(1.7683, 0.7851, -2.6266)
(1.6679, 3.2574, -0.423)
(1.9735, 2.9511, -0.8561)
(2.0134, 2.4674, -1.3186)
(1.9792, 1.9142, -1.6468)
(1.9219, 1.6071, -2.0273)
(1.8292, 1.4661, -2.5769)
(1.6477, 1.2951, -3.0036)
(1.3765, 3.3021, -0.8667)
(1.7899, 3.1196, -1.2606)
(1.885, 2.7187, -1.6749)
(1.9016, 2.1852, -2.0008)
(1.9995, 1.9561, -2.4336)
(1.9628, 1.886, -3.005)
(1.7586, 1.7482, -3.4527)
(1.1421, 3.3807, -1.2934)
(1.6358, 3.2056, -1.7125)
(2.0109, 2.9395, -2.0336)
(2.2203, 2.5011, -2.2979)
(2.3435, 2.1708, -2.7376)
(2.2811, 1.9656, -3.2942)
(2.0338, 1.7876, -3.7352)
(1.2078, 3.8002, -1.4882)
(1.5975, 3.5449, -1.9805)
(2.0636, 3.2526, -2.3169)
(2.4516, 2.8541, -2.6035)
(2.6609, 2.4181, -3.0394)
(2.5883, 2.0923, -3.5709)
(2.2714, 1.8857, -3.9825)
(1.4947, 4.2935, -1.5331)
(1.8954, 4.0144, -2.0004)
(2.2913, 3.6642, -2.4301)
(2.6379, 3.2636, -2.8476)
(2.8239, 2.8763, -3.3371)
(2.6595, 2.585, -3.8608)
(2.2856, 2.4079, -4.254)
(1.6095, 4.685, -1.7254)
(2.0155, 4.2998, -2.1112)
(2.352, 3.8412, -2.4793)
(2.6365, 3.4711, -2.9415)
(2.8118, 3.2384, -3.5315)
(2.669, 3.0305, -4.0853)
(2.3077, 2.8476, -4.4855)
(2.154, -3.5344, 1.9477)
(2.5799, -3.675, 1.6369)
(3.1455, -3.845, 1.2836)
(3.7126, -4.009, 0.9224)
(4.262, -4.1681, 0.5433)
(4.8016, -4.3328, 0.1745)
(5.3471, -4.489, -0.1908)
(5.9347, -4.668, -0.5559)
(-1.8634, 2.7099, -5.1663)
(-1.7443, 2.9431, -4.5995)
(-1.6596, 3.1974, -4.0385)
(-1.9126, 3.6065, -3.5783)
(-2.2032, 4.0583, -3.1568)
(-2.3346, 4.4875, -2.6485)
(-1.9949, 2.2841, -4.917)
(-1.9736, 2.5741, -4.3572)
(-2.3004, 4.8036, -2.1789)
(-1.8653, 2.84, -3.7577)
(-1.9911, 3.222, -3.2655)
(-2.2794, 3.6656, -2.8614)
(-2.4469, 4.0807, -2.3725)
(-2.3933, 4.3955, -1.9025)
(-2.1126, 1.7812, -4.6067)
(-2.1757, 2.1108, -4.0618)
(-2.0591, 2.3951, -3.4394)
(-2.0968, 2.7529, -2.9497)
(-2.3716, 3.1757, -2.5569)
(-2.5824, 3.5929, -2.0639)
(-2.5205, 3.9101, -1.6007)
(-2.2101, 1.2891, -4.2747)
(-2.3966, 1.6531, -3.7979)
(-2.3098, 1.9354, -3.2158)
(-2.2297, 2.2541, -2.7262)
(-2.3299, 2.6846, -2.2965)
(-2.4217, 3.1995, -1.8756)
(-2.3385, 3.675, -1.5776)
(-2.2237, 0.854, -3.8741)
(-2.5599, 1.2602, -3.4593)
(-2.6397, 1.6329, -2.9636)
(-2.5245, 2.0269, -2.4844)
(-2.34, 2.3979, -2.032)
(-2.1901, 2.8481, -1.7249)
(-2.0829, 3.4207, -1.5953)
(-2.1469, 0.4612, -3.4194)
(-2.5249, 0.8743, -3.0157)
(-2.7911, 1.3365, -2.588)
(-2.8625, 1.8352, -2.1567)
(-2.6666, 2.2182, -1.7296)
(-2.331, 2.5404, -1.4201)
(-2.0567, 2.9117, -1.2509)
(-2.055, 0.0712, -2.9631)
(-2.4444, 0.4797, -2.5667)
(-2.7729, 0.923, -2.161)
(-2.9604, 1.3993, -1.7502)
(-2.9075, 1.8631, -1.339)
(-2.5495, 2.2127, -0.99)
(-2.154, 2.463, -0.7437)
(-1.9631, -0.3122, -2.5001)
(-2.3817, 0.0801, -2.1163)
(-2.7455, 0.5052, -1.724)
(-2.9593, 0.9637, -1.3164)
(-2.9427, 1.4145, -0.8991)
(-2.6726, 1.791, -0.5169)
(-2.3613, 2.0933, -0.2181)
(-1.8841, -0.6974, -2.0366)
(-2.3489, -0.3331, -1.6744)
(-2.7432, 0.0761, -1.2946)
(-2.953, 0.5322, -0.883)
(-2.9424, 0.986, -0.4554)
(-2.76, 1.4038, -0.0405)
(-2.5475, 1.7528, 0.2988)
(-1.8403, -1.1041, -1.5904)
(-2.3663, -0.7697, -1.2548)
(-2.7918, -0.3667, -0.8819)
(-2.9778, 0.1073, -0.4516)
(-2.9608, 0.5841, -0.0029)
(-2.8544, 1.041, 0.4405)
(-2.7256, 1.4245, 0.8112)
(-1.8228, -1.5289, -1.1652)
(-2.4012, -1.2131, -0.8396)
(-2.8825, -0.8176, -0.4713)
(-3.0885, -0.3135, -0.0289)
(-3.0708, 0.2089, 0.444)
(-2.9941, 0.7035, 0.9176)
(-2.9071, 1.1142, 1.3268)
(-1.7123, -1.8489, -0.696)
(-2.3011, -1.547, -0.3676)
(-2.8452, -1.1953, -0.015)
(-3.1544, -0.7144, 0.409)
(-3.2015, -0.1612, 0.8859)
(-3.1626, 0.3681, 1.3759)
(-3.1187, 0.8425, 1.8605)
(-1.5018, -2.0635, -0.1728)
(-2.0734, -1.7762, 0.1477)
(-2.624, -1.464, 0.477)
(-2.9836, -1.0296, 0.866)
(-3.1325, -0.5087, 1.3241)
(-3.2446, -0.0033, 1.7994)
(-3.3849, 0.5092, 2.2487)
(-3.6191, 0.8846, 2.7481)
(-1.2926, -2.2825, 0.3594)
(-1.8554, -2.0047, 0.6699)
(-2.4063, -1.7161, 0.9791)
(-2.8425, -1.3335, 1.3095)
(-3.8723, 1.0234, 3.348)
(-3.1613, -0.8676, 1.6773)
(-3.4567, -0.3846, 2.0618)
(-4.0621, 1.1304, 3.968)
(-3.7634, 0.1313, 2.401)
(-4.1209, 1.3502, 4.3656)
(-4.0548, 0.6391, 2.7558)
(-1.0889, -2.5043, 0.8968)
(-1.6371, -2.2209, 1.2105)
(-2.199, -1.9239, 1.5123)
(-4.2039, 1.0451, 3.2461)
(-2.7534, -1.5805, 1.7995)
(-3.2495, -1.1755, 2.0834)
(-4.2097, 1.3089, 3.8317)
(-3.6838, -0.7176, 2.3722)
(-4.0742, -0.2205, 2.662)
(-4.1981, 1.5633, 4.2993)
(-0.9277, -2.6959, 1.3363)
(-4.4271, 0.2901, 2.9695)
(-1.4316, -2.4242, 1.7211)
(-4.6492, 0.7928, 3.3605)
(-1.9553, -2.0738, 2.0711)
(-2.5256, -1.6794, 2.3503)
(-3.0756, -1.3026, 2.626)
(-4.6791, 1.2528, 3.8435)
(-3.5916, -0.9088, 2.8988)
(-4.639, 1.6252, 4.2696)
(-4.0643, -0.465, 3.1635)
(-4.4849, 0.0283, 3.429)
(-4.8633, 0.4925, 3.7328)
(-1.8324, -2.1671, 2.6544)
(-2.3297, -1.7652, 2.9075)
(-2.8563, -1.3647, 3.1818)
(-5.077, 0.9472, 4.1246)
(-3.3844, -0.9884, 3.4583)
(-5.1158, 1.3616, 4.5107)
(-3.9002, -0.5964, 3.7282)
(-4.363, -0.13, 3.9944)
(-4.8354, 0.3062, 4.2509)
(-1.734, -2.1768, 3.2239)
(-2.157, -1.8389, 3.4621)
(-2.6585, -1.4427, 3.7399)
(-5.2627, 0.6744, 4.5489)
(-3.1759, -1.059, 4.0163)
(-5.4957, 1.0481, 4.8457)
(-3.7084, -0.6906, 4.2917)
(-4.2211, -0.2639, 4.5553)
(-1.5564, -2.1103, 3.6423)
(-1.9406, -1.8177, 3.8962)
(-4.7202, 0.1637, 4.7964)
(-2.4537, -1.4617, 4.189)
(-2.9739, -1.0931, 4.4725)
(-5.2319, 0.481, 5.0636)
(-3.5046, -0.7364, 4.7573)
(-5.6194, 0.7795, 5.3044)
(-4.0097, -0.3163, 4.9864)
(-4.5152, 0.098, 5.1953)
(-5.0326, 0.4189, 5.4833)
(-5.4466, 0.668, 5.699)
(-4.9974, 0.8894, 6.0895)
(-4.4336, 1.2664, 4.1427)
(-4.3781, 1.4902, 4.3398)
(-4.4324, 1.8221, 4.8346)
(-4.5233, 1.9168, 5.4163)
(-4.637, 1.7019, 5.9531)
(-4.8026, 1.2627, 6.2)
(-0.9308, -1.5638, 4.0605)
(-1.3841, -1.2588, 4.2886)
(-1.9165, -0.9142, 4.5719)
(-2.4514, -0.578, 4.8629)
(-2.984, -0.2588, 5.1703)
(-3.5145, 0.1121, 5.4061)
(-4.0376, 0.5242, 5.6519)
(-4.4995, 0.9104, 5.9686)
(-0.5415, -1.1484, 4.0276)
(-1.0553, -0.7812, 4.2901)
(-1.612, -0.4176, 4.545)
(-2.178, -0.074, 4.7751)
(-2.7457, 0.2675, 5.0095)
(-3.3108, 0.6309, 5.2942)
(-3.857, 0.9911, 5.6012)
(-4.3121, 1.3629, 5.8714)
(0.8702, -1.1922, 3.2268)
(0.3237, -0.9672, 3.5429)
(-0.2449, -0.6651, 3.8312)
(-0.8281, -0.2866, 4.0706)
(-1.4267, 0.0402, 4.2569)
(-2.0312, 0.3425, 4.4143)
(-2.606, 0.6892, 4.5922)
(-3.1726, 1.0089, 4.8546)
(-3.7085, 1.2639, 5.1396)
(-4.1939, 1.5827, 5.3925)
(1.0067, -0.7411, 3.0606)
(0.463, -0.4546, 3.3224)
(-0.1276, -0.1607, 3.506)
(-0.7494, 0.1199, 3.6544)
(-1.3945, 0.327, 3.7582)
(-2.0241, 0.5554, 3.8648)
(-2.5737, 0.9093, 4.0219)
(-3.1049, 1.1571, 4.2648)
(-3.6398, 1.2767, 4.5708)
(-4.1756, 1.4989, 4.8396)
(1.1089, -0.2207, 2.7767)
(0.5229, -0.0065, 2.9515)
(-0.1185, 0.1826, 3.0206)
(-0.7703, 0.3756, 3.113)
(-1.4427, 0.4907, 3.1786)
(-2.0852, 0.6737, 3.2666)
(-2.6639, 0.9824, 3.4078)
(-3.2165, 1.1482, 3.652)
(-3.7304, 1.1602, 4.0604)
(-4.1916, 1.2433, 4.3957)
(1.1575, 0.277, 2.4319)
(0.5398, 0.4117, 2.537)
(-0.1314, 0.4791, 2.512)
(-0.804, 0.5894, 2.5503)
(-1.4852, 0.6801, 2.604)
(-2.1439, 0.8315, 2.6774)
(-2.7928, 1.0048, 2.7877)
(-3.3717, 1.0606, 3.0949)
(-3.808, 0.9967, 3.6637)
(-4.1859, 1.0318, 4.151)
(1.2007, 0.7717, 2.0815)
(0.5678, 0.9016, 2.184)
(-0.1184, 0.9184, 2.1247)
(-0.8065, 0.9472, 2.0925)
(-1.4891, 0.9979, 2.1058)
(-2.1576, 1.0735, 2.1314)
(-2.7842, 1.1065, 2.1517)
(1.238, 1.2594, 1.7224)
(0.5985, 1.4107, 1.8571)
(-0.0895, 1.4494, 1.8365)
(-0.7744, 1.455, 1.78)
(-1.4421, 1.449, 1.7285)
(-2.0923, 1.4246, 1.6633)
(-2.6346, 1.3523, 1.5753)
(1.2738, 1.7443, 1.3607)
(0.639, 1.9113, 1.5196)
(-0.0447, 1.9524, 1.5143)
(-0.7154, 1.9339, 1.4408)
(-1.3568, 1.8929, 1.3518)
(-1.9724, 1.8089, 1.2214)
(-2.4687, 1.6741, 1.0581)
(1.3308, 2.2249, 1.0055)
(0.7009, 2.324, 1.1116)
(0.0337, 2.2637, 1.0427)
(-0.618, 2.2085, 0.9474)
(-1.2399, 2.2189, 0.8794)
(-1.8279, 2.1661, 0.7524)
(-2.29, 2.0074, 0.5491)
(1.4274, 2.5755, 0.6166)
(0.8067, 2.4893, 0.5988)
(0.1479, 2.4121, 0.4832)
(-0.4896, 2.4446, 0.437)
(-1.0965, 2.5456, 0.4133)
(-1.671, 2.512, 0.2712)
(-2.1068, 2.3409, 0.0329)
(1.3862, 2.9115, 0.2628)
(0.8425, 2.6958, 0.1667)
(0.2742, 2.6865, 0.0294)
(-0.3318, 2.7715, 0.008)
(-0.9116, 2.802, -0.0753)
(-1.4659, 2.7611, -0.2457)
(-1.8992, 2.645, -0.5024)
(1.1241, 3.2734, -0.0714)
(0.6194, 3.0571, -0.0233)
(0.1859, 3.0472, -0.2047)
(-0.3129, 3.1283, -0.3514)
(-0.8587, 3.1087, -0.4801)
(-1.3873, 3.1267, -0.6752)
(-1.8066, 3.0743, -0.9662)
(0.8097, 3.3571, -0.4929)
(0.3068, 3.3312, -0.1747)
(-0.1326, 3.3661, -0.2222)
(-0.5062, 3.4983, -0.5395)
(-0.9322, 3.6197, -0.7312)
(-1.4726, 3.6742, -0.9381)
(-1.8657, 3.6173, -1.2709)
(0.6658, 3.5476, -0.847)
(0.2474, 3.7278, -0.3627)
(-0.2531, 3.8153, -0.188)
(-0.6996, 3.9221, -0.4921)
(-1.1362, 4.0204, -0.7138)
(-1.7149, 3.963, -0.8739)
(-2.1189, 3.8573, -1.2219)
(0.8329, 4.0416, -0.9719)
(0.3919, 4.2632, -0.524)
(-0.1853, 4.3727, -0.3115)
(-0.8055, 4.4409, -0.394)
(-1.4022, 4.4163, -0.5366)
(-1.9476, 4.2532, -0.7994)
(-2.3082, 4.0932, -1.2009)
(1.0443, 4.5459, -1.1004)
(0.4861, 4.765, -0.7834)
(-0.1572, 4.8946, -0.5948)
(-0.8317, 4.9689, -0.5141)
(-1.4804, 4.9444, -0.6263)
(-1.9624, 4.7829, -1.0251)
(-2.2327, 4.5988, -1.4909)
(1.0927, 4.9645, -1.3676)
(0.4948, 5.166, -1.089)
(-0.1484, 5.3111, -0.8822)
(-0.8164, 5.4093, -0.7603)
(-1.4755, 5.3998, -0.8426)
(-1.9517, 5.2431, -1.2331)
(-2.1896, 5.0445, -1.7104)
(-1.2537, -1.8808, 3.9513)
(-1.6924, -1.6247, 4.1538)
(-2.2181, -1.2939, 4.4527)
(-2.7443, -0.9587, 4.7565)
(-3.2672, -0.6363, 5.0699)
(-3.7576, -0.2341, 5.24)
(-4.2596, 0.1978, 5.4034)
(-4.7533, 0.5664, 5.7525)
