(1.9101, -1.7821, -5.4648)
(1.9531, -1.2126, -5.2316)
(2.4248, -0.8568, -5.0904)
(2.7258, -0.3141, -5.0289)
(2.6348, 0.3245, -5.1579)
(2.0243, -1.8949, -5.0593)
(1.9555, -1.3466, -4.8277)
(2.4771, 0.9522, -5.2567)
(2.2987, -0.894, -4.6949)
(2.362, 1.3639, -5.2345)
(2.5336, -0.2909, -4.6641)
(2.5546, 0.378, -4.766)
(2.418, 1.0007, -4.835)
(2.3193, 1.4892, -4.9177)
(2.1633, -2.0154, -4.5263)
(1.9815, -1.4767, -4.3235)
(2.0655, -0.8835, -4.246)
(2.197, -0.2575, -4.2841)
(2.3127, 0.4166, -4.3427)
(2.2961, 1.0383, -4.305)
(2.4569, 1.4752, -4.3176)
(2.3096, -2.094, -3.9618)
(2.2309, -1.4672, -3.8276)
(2.1951, -0.8035, -3.7395)
(2.3034, -0.1849, -3.8061)
(2.3628, 0.4425, -3.8887)
(2.2684, 0.9999, -3.8484)
(2.5818, 1.4068, -3.7233)
(2.4559, -2.1656, -3.4037)
(2.5798, -1.5194, -3.3794)
(2.5682, -0.8361, -3.3188)
(2.5482, -0.2081, -3.3232)
(2.3142, 0.2605, -3.5445)
(2.2046, 0.7247, -3.764)
(2.1078, 1.1255, -4.0055)
(2.4928, -2.1713, -2.8122)
(2.7497, -1.5633, -2.8242)
(2.7362, -0.8891, -2.7825)
(2.6124, -0.2613, -2.7702)
(2.324, 0.1952, -2.9872)
(2.1616, 0.6694, -3.247)
(2.0744, 0.9711, -3.3652)
(2.4768, -2.1281, -2.2107)
(2.7942, -1.5675, -2.2307)
(2.7303, -0.9233, -2.222)
(2.6061, -0.2986, -2.2498)
(2.5109, 0.2242, -2.4439)
(2.2108, 0.6902, -2.5697)
(1.8642, 0.9925, -2.6037)
(2.4231, -2.033, -1.6151)
(2.8275, -1.5088, -1.646)
(2.9329, -0.8702, -1.7115)
(2.8621, -0.2435, -1.7861)
(2.663, 0.3163, -1.8806)
(2.3849, 0.8306, -1.9612)
(2.1598, 1.2346, -2.0211)
(2.3379, -1.9024, -1.0274)
(2.7829, -1.3988, -1.0582)
(2.9727, -0.769, -1.1366)
(2.9481, -0.1367, -1.2204)
(2.7779, 0.4551, -1.2966)
(2.5782, 1.0096, -1.3789)
(2.4087, 1.4358, -1.4433)
(2.2492, -1.7668, -0.4416)
(2.7286, -1.2877, -0.4668)
(2.9416, -0.6651, -0.5448)
(2.9423, -0.0192, -0.6325)
(2.8669, 0.6067, -0.7175)
(2.7584, 1.1952, -0.8068)
(2.6491, 1.6455, -0.8734)
(2.1922, -1.6639, 0.1514)
(2.724, -1.1957, 0.1292)
(3.0191, -0.5819, 0.0459)
(3.0498, 0.0959, -0.0585)
(3.0063, 0.7622, -0.1571)
(2.9432, 1.3881, -0.2493)
(2.8787, 1.8636, -0.3116)
(2.1359, -1.5671, 0.7325)
(2.7055, -1.0943, 0.7195)
(3.0995, -0.4964, 0.6383)
(3.2035, 0.2069, 0.5044)
(3.183, 0.914, 0.3851)
(3.1388, 1.5887, 0.2922)
(3.0869, 2.1198, 0.2464)
(1.9465, -1.3325, 1.2409)
(2.5177, -0.8749, 1.2406)
(2.9934, -0.3328, 1.1945)
(3.2202, 0.3396, 1.0735)
(3.3014, 1.0457, 0.9418)
(3.3467, 1.756, 0.8272)
(3.3576, 2.5604, 0.7677)
(1.7257, -1.066, 1.7388)
(2.271, -0.6135, 1.7265)
(2.731, -0.0833, 1.6726)
(3.0528, 0.5375, 1.5806)
(3.7071, 3.1116, 1.1564)
(3.3023, 1.1891, 1.4629)
(3.5084, 1.8528, 1.3179)
(4.1889, 3.5866, 1.4248)
(3.7082, 2.5204, 1.1904)
(4.4921, 4.0366, 1.8726)
(3.9129, 3.1418, 1.1832)
(1.5093, -0.8037, 2.2492)
(2.0316, -0.3537, 2.2145)
(2.4674, 0.1697, 2.1174)
(4.567, 4.3483, 1.837)
(2.7927, 0.7601, 1.9769)
(4.0223, 3.6658, 1.3905)
(3.089, 1.3727, 1.8419)
(3.3682, 1.9971, 1.7101)
(4.2348, 4.1617, 1.6527)
(3.6422, 2.6253, 1.5831)
(4.4503, 4.5744, 1.6981)
(3.9308, 3.2053, 1.4598)
(1.3135, -0.5486, 2.7501)
(1.8468, -0.1064, 2.7445)
(2.3949, 0.3587, 2.6444)
(4.2232, 3.6376, 1.3244)
(2.8679, 0.8659, 2.4683)
(3.2755, 1.4051, 2.2823)
(4.3768, 4.1759, 1.3186)
(3.636, 1.9717, 2.0934)
(1.1547, -0.3376, 3.1464)
(4.4891, 4.6387, 1.2866)
(3.9637, 2.5573, 1.9001)
(4.2433, 3.159, 1.7429)
(2.2383, 0.6871, 3.1066)
(1.5519, 0.2034, 3.3045)
(4.4639, 3.7353, 1.6523)
(2.7984, 1.1447, 2.9553)
(3.3116, 1.6158, 2.7964)
(4.7649, 4.2206, 1.4794)
(3.7727, 2.1153, 2.6117)
(4.9465, 4.6052, 1.2744)
(4.1663, 2.6578, 2.4022)
(4.4735, 3.2634, 2.2148)
(1.6843, 0.7298, 3.6047)
(2.1278, 1.0756, 3.5202)
(4.7563, 3.8575, 2.0971)
(2.6525, 1.5064, 3.397)
(3.1837, 1.9614, 3.2558)
(5.081, 4.3533, 1.9154)
(3.7, 2.4274, 3.0991)
(5.3654, 4.6538, 1.6719)
(4.1861, 2.9283, 2.9174)
(4.6213, 3.4969, 2.7086)
(1.5782, 1.1577, 3.9032)
(1.9238, 1.488, 3.8097)
(5.0569, 3.9845, 2.5367)
(2.4177, 1.9091, 3.7017)
(2.9456, 2.3562, 3.5749)
(5.4427, 4.4109, 2.3423)
(3.4771, 2.8051, 3.4464)
(1.5149, 1.4851, 3.9908)
(5.731, 4.7347, 2.143)
(4.0104, 3.2699, 3.3139)
(1.6535, 1.791, 3.9657)
(2.1847, 2.233, 3.8592)
(4.5423, 3.7626, 3.1414)
(2.7142, 2.6743, 3.7525)
(5.0766, 4.1855, 2.9952)
(3.2416, 3.1111, 3.6276)
(3.7845, 3.5383, 3.5671)
(5.5308, 4.5554, 2.8364)
(4.2725, 3.9907, 3.3663)
(5.8473, 4.8252, 2.6559)
(4.8315, 4.3993, 3.2465)
(5.687, 4.8118, 2.9647)
(5.3868, 4.8219, 3.1548)
(-0.8236, 2.0974, -4.8752)
(-0.169, 2.2048, -4.7011)
(0.4569, 2.3088, -4.5195)
(1.0721, 2.3951, -4.7213)
(1.6326, 2.4103, -5.0367)
(-0.8355, 2.1283, -4.5095)
(-0.1949, 2.3608, -4.4951)
(2.0499, 2.0154, -5.2104)
(0.4609, 2.54, -4.4641)
(2.2735, 1.6536, -5.221)
(1.1229, 2.6013, -4.516)
(1.7203, 2.4273, -4.6472)
(2.11, 1.9582, -4.7852)
(2.3192, 1.5099, -4.9152)
(-0.6862, 1.7963, -4.1447)
(-0.0579, 2.0248, -4.2213)
(0.5472, 2.2818, -4.1672)
(1.1837, 2.4246, -4.0788)
(1.81, 2.3394, -4.1107)
(2.2406, 1.919, -4.2335)
(2.4681, 1.4931, -4.319)
(-0.5161, 1.5404, -3.7239)
(0.0552, 1.8599, -3.7803)
(0.534, 2.1751, -3.6853)
(1.1295, 2.2412, -3.5574)
(1.7409, 2.143, -3.6314)
(2.2278, 1.7924, -3.7564)
(2.5774, 1.4292, -3.721)
(-0.6132, 1.7448, -3.3045)
(-0.0853, 1.998, -3.4027)
(0.4538, 1.9366, -3.297)
(0.9909, 1.8992, -3.1535)
(1.4636, 1.8099, -3.4422)
(1.9049, 1.5159, -3.6264)
(2.1063, 1.147, -3.9806)
(-0.8861, 2.0676, -3.0251)
(-0.2881, 2.0465, -2.9925)
(0.3285, 1.8473, -2.8499)
(0.8643, 1.7212, -2.6835)
(1.3178, 1.6247, -2.9773)
(1.7692, 1.3621, -3.1791)
(2.0451, 1.0471, -3.3774)
(-0.9468, 2.3461, -2.5574)
(-0.2829, 2.3526, -2.5613)
(0.3532, 2.1967, -2.4703)
(0.8415, 1.9519, -2.2694)
(1.2608, 1.6308, -2.3926)
(1.728, 1.3393, -2.5213)
(1.9216, 0.9664, -2.6009)
(-0.9192, 2.4657, -1.9773)
(-0.2348, 2.5408, -2.014)
(0.4401, 2.5072, -2.0292)
(1.0172, 2.3267, -1.9933)
(1.447, 1.9322, -1.9673)
(1.903, 1.5769, -1.9982)
(2.1848, 1.2294, -2.0331)
(-0.876, 2.4182, -1.3783)
(-0.1943, 2.5232, -1.4153)
(0.4881, 2.5418, -1.4542)
(1.1185, 2.4552, -1.4779)
(1.6495, 2.1688, -1.4701)
(2.1073, 1.7942, -1.4562)
(2.4255, 1.4502, -1.4469)
(-0.8358, 2.3265, -0.7795)
(-0.1554, 2.4093, -0.8207)
(0.528, 2.423, -0.8634)
(1.179, 2.4048, -0.8891)
(1.7818, 2.2639, -0.9025)
(2.2942, 1.9674, -0.8955)
(2.6559, 1.6654, -0.877)
(-0.8015, 2.2087, -0.1876)
(-0.1183, 2.2169, -0.2475)
(0.5682, 2.2123, -0.2973)
(1.2355, 2.2494, -0.3153)
(1.878, 2.2464, -0.324)
(2.4605, 2.1089, -0.331)
(2.8808, 1.8859, -0.311)
(-0.767, 2.0456, 0.392)
(-0.0847, 2.0184, 0.3183)
(0.5999, 2.0504, 0.2693)
(1.2809, 2.1243, 0.2559)
(1.9478, 2.2065, 0.2484)
(2.5785, 2.2515, 0.2355)
(3.0788, 2.1605, 0.2572)
(-0.7334, 1.91, 0.9751)
(-0.0654, 1.9883, 0.9029)
(0.5948, 2.1508, 0.8446)
(1.2747, 2.2552, 0.8266)
(1.9512, 2.3769, 0.8061)
(2.6127, 2.5328, 0.7675)
(3.3515, 2.634, 0.7899)
(-0.692, 1.8797, 1.5706)
(-0.0721, 2.1188, 1.4827)
(0.5589, 2.3738, 1.404)
(1.2266, 2.5258, 1.3639)
(3.7085, 3.1384, 1.1944)
(1.8953, 2.6757, 1.3278)
(2.5325, 2.9118, 1.2462)
(4.2524, 3.6389, 1.4929)
(3.1533, 3.1755, 1.2214)
(4.5728, 4.0539, 1.9326)
(3.6685, 3.5462, 1.3538)
(-0.6452, 1.9052, 2.1736)
(-0.0682, 2.2376, 2.0802)
(0.5314, 2.561, 1.979)
(4.7967, 4.2657, 1.9383)
(1.1674, 2.8017, 1.8972)
(4.1715, 3.8687, 1.7434)
(1.8085, 3.014, 1.8239)
(2.4106, 3.3068, 1.7071)
(4.6328, 4.2333, 1.8979)
(3.0013, 3.617, 1.6396)
(4.9613, 4.521, 1.796)
(3.511, 4.0137, 1.6183)
(-0.593, 1.8989, 2.7537)
(-0.0333, 2.2628, 2.7022)
(0.544, 2.6606, 2.5819)
(4.0677, 4.3386, 1.8329)
(1.1372, 3.0139, 2.4526)
(1.7318, 3.3271, 2.3239)
(4.5344, 4.621, 1.8485)
(2.3141, 3.6545, 2.1978)
(-0.5083, 1.8103, 3.2079)
(4.849, 4.9628, 1.5995)
(2.8749, 4.0117, 2.1144)
(3.4163, 4.4035, 2.0771)
(0.685, 2.6233, 3.1662)
(0.071, 2.0852, 3.3857)
(3.9735, 4.7769, 2.0979)
(1.2431, 3.0583, 3.026)
(1.8057, 3.4468, 2.885)
(4.4515, 5.0846, 2.0431)
(2.3547, 3.837, 2.7486)
(4.8104, 5.4654, 1.8506)
(2.8767, 4.2699, 2.6489)
(3.4559, 4.6704, 2.6341)
(0.588, 2.0796, 3.7059)
(1.007, 2.4456, 3.6047)
(3.9798, 5.0559, 2.6013)
(1.5209, 2.8781, 3.4954)
(2.0596, 3.3084, 3.3807)
(4.4681, 5.4555, 2.5266)
(2.5972, 3.7321, 3.2532)
(4.7989, 5.8234, 2.3701)
(3.1395, 4.159, 3.1449)
(3.7007, 4.589, 3.1549)
(0.9985, 1.8496, 3.9551)
(1.3806, 2.1341, 3.8547)
(4.1792, 5.0217, 3.0959)
(1.8782, 2.5453, 3.7593)
(2.4047, 2.986, 3.6681)
(4.6682, 5.4853, 3.0161)
(2.9329, 3.4139, 3.5525)
(1.3147, 1.7193, 4.009)
(4.9936, 5.8279, 2.8962)
(3.4668, 3.8145, 3.4268)
(1.6392, 1.8039, 3.9724)
(2.166, 2.2435, 3.863)
(3.9965, 4.2279, 3.3792)
(2.6946, 2.6835, 3.7601)
(4.5198, 4.6674, 3.275)
(3.2188, 3.1188, 3.625)
(3.7616, 3.5432, 3.5595)
(5.0167, 5.1395, 3.2068)
(4.257, 3.9734, 3.3462)
(5.3098, 5.4956, 3.1878)
(4.7652, 4.3719, 3.2339)
(5.3978, 5.1697, 3.3099)
(5.3742, 4.8429, 3.1686)
(1.8343, -2.3063, -5.6106)
(1.3337, -2.2273, -5.5039)
(0.8522, -1.8693, -5.2815)
(0.2222, -1.8295, -5.2265)
(-0.4363, -1.9819, -5.3045)
(-1.1193, -2.0049, -5.3508)
(1.8949, -2.4232, -5.1783)
(1.3532, -2.4106, -5.1042)
(0.8387, -2.0768, -4.8999)
(-1.756, -1.8845, -5.3189)
(0.2112, -1.9648, -4.8115)
(-2.1278, -1.7223, -5.1987)
(-0.445, -2.0663, -4.8786)
(-1.12, -2.117, -4.9294)
(-1.7432, -1.9702, -4.8924)
(-2.1849, -1.725, -4.8612)
(1.9649, -2.5354, -4.6183)
(1.3763, -2.6067, -4.573)
(0.7856, -2.3331, -4.4092)
(0.1771, -2.104, -4.2642)
(-0.4348, -2.1172, -4.3249)
(-1.0971, -2.2419, -4.3743)
(-1.7174, -2.1125, -4.3401)
(-2.1473, -1.8789, -4.2667)
(2.0166, -2.6259, -4.0208)
(1.4189, -2.7744, -3.9987)
(0.816, -2.543, -3.8725)
(0.2273, -2.292, -3.7201)
(-0.3434, -2.2462, -3.7793)
(-1.0185, -2.319, -3.8115)
(-1.6446, -2.1835, -3.8621)
(-2.081, -1.9939, -3.6727)
(2.0303, -2.6649, -3.4218)
(1.424, -2.9268, -3.4434)
(0.7943, -2.8654, -3.425)
(0.2638, -2.5815, -3.2668)
(-0.2819, -2.3073, -3.3018)
(-0.8729, -2.1211, -3.3504)
(-1.403, -1.8976, -3.6714)
(-1.7762, -1.6094, -4.0794)
(1.9818, -2.6104, -2.8224)
(1.3535, -2.8834, -2.8632)
(0.6865, -2.9877, -2.9231)
(0.0438, -2.8936, -2.9712)
(-0.5204, -2.5845, -3.0344)
(-0.9054, -2.1693, -2.9822)
(-1.2739, -1.8611, -3.2236)
(-1.5961, -1.6216, -3.5451)
(1.9199, -2.5153, -2.2258)
(1.2811, -2.7692, -2.274)
(0.6164, -2.9362, -2.3459)
(-0.0494, -2.9959, -2.4427)
(-0.6617, -2.8425, -2.5479)
(-1.1187, -2.4537, -2.5958)
(-1.3762, -1.9325, -2.6584)
(-1.5368, -1.5256, -2.7057)
(1.8451, -2.3976, -1.6335)
(1.208, -2.6573, -1.6827)
(0.5541, -2.8611, -1.7504)
(-0.103, -2.9739, -1.8394)
(-0.7234, -2.894, -1.9361)
(-1.2303, -2.5715, -2.0027)
(-1.5403, -2.0673, -2.0316)
(-1.8096, -1.7061, -2.076)
(1.7565, -2.2689, -1.0447)
(1.1318, -2.5617, -1.0883)
(0.4937, -2.8129, -1.1498)
(-0.156, -2.9507, -1.2333)
(-0.7746, -2.8753, -1.3191)
(-1.3106, -2.5917, -1.3817)
(-1.725, -2.1779, -1.4251)
(-2.0582, -1.86, -1.4754)
(1.6688, -2.1529, -0.4544)
(1.0656, -2.5036, -0.4888)
(0.4448, -2.8088, -0.5455)
(-0.2089, -2.9487, -0.628)
(-0.8385, -2.8508, -0.7125)
(-1.4132, -2.5958, -0.7794)
(-1.9179, -2.2701, -0.8375)
(-2.3019, -2.0054, -0.8887)
(1.6081, -2.0831, 0.1426)
(1.0185, -2.4955, 0.1145)
(0.4063, -2.8655, 0.0612)
(-0.2675, -3.0133, -0.0252)
(-0.9285, -2.8779, -0.1193)
(-1.5508, -2.6355, -0.197)
(-2.1227, -2.3671, -0.2642)
(-2.5512, -2.1386, -0.3109)
(1.5445, -2.0076, 0.7228)
(0.9515, -2.4462, 0.7012)
(0.3397, -2.8653, 0.6616)
(-0.3414, -3.0904, 0.5767)
(-1.0459, -2.9905, 0.4574)
(-1.7144, -2.7472, 0.3613)
(-2.3425, -2.4882, 0.2912)
(-2.8288, -2.2609, 0.2621)
(1.366, -1.7707, 1.2314)
(0.7841, -2.2061, 1.2173)
(0.1944, -2.6355, 1.1948)
(-0.4416, -2.96, 1.1426)
(-1.1481, -2.9645, 1.028)
(-1.8471, -2.8078, 0.9208)
(-2.5326, -2.6267, 0.8364)
(-3.3077, -2.4023, 0.8019)
(1.1606, -1.4955, 1.7334)
(0.5954, -1.9214, 1.7212)
(0.0313, -2.3404, 1.7012)
(-0.5636, -2.6734, 1.6508)
(-1.2245, -2.7589, 1.5394)
(-3.8918, -2.6276, 1.2447)
(-1.9064, -2.7768, 1.4525)
(-2.5839, -2.8141, 1.3418)
(-4.4189, -2.8688, 1.7312)
(-3.2385, -2.9059, 1.182)
(-5.0907, -3.017, 1.8424)
(0.9542, -1.2258, 2.248)
(-3.8902, -2.9664, 1.1824)
(0.3959, -1.6456, 2.2349)
(-0.1564, -2.0694, 2.2168)
(-0.7183, -2.4785, 2.1756)
(-5.255, -2.7963, 1.7124)
(-1.3193, -2.7841, 2.0594)
(-4.4928, -2.8953, 1.4081)
(-1.9486, -3.0122, 1.9083)
(-2.5924, -3.1884, 1.7294)
(-5.0266, -2.7936, 1.6668)
(-3.237, -3.35, 1.5311)
(-5.448, -2.6794, 1.6792)
(-3.8977, -3.4288, 1.3902)
(0.7642, -0.9741, 2.7352)
(0.1994, -1.3779, 2.7306)
(-0.3773, -1.7581, 2.7139)
(-0.9673, -2.1795, 2.6361)
(-4.55, -3.3196, 1.3734)
(-1.5546, -2.5881, 2.5327)
(-2.1456, -2.9491, 2.4044)
(-5.1305, -3.1041, 1.4358)
(-2.7509, -3.2544, 2.2352)
(0.6354, -0.8038, 3.0829)
(0.0507, -1.1814, 3.1399)
(-5.5914, -2.9488, 1.4225)
(-3.3685, -3.5111, 2.0325)
(-4.0011, -3.6993, 1.8374)
(-1.2551, -1.8652, 3.0736)
(-0.5772, -1.3942, 3.2975)
(-4.6521, -3.7213, 1.7185)
(-1.8567, -2.2621, 2.937)
(-2.4421, -2.6503, 2.8232)
(-5.2694, -3.5661, 1.6586)
(-3.0278, -3.0166, 2.6954)
(-5.7409, -3.4116, 1.6287)
(-3.6294, -3.3288, 2.518)
(-4.2431, -3.5972, 2.3176)
(-1.1114, -1.3499, 3.6127)
(-1.5877, -1.6357, 3.4985)
(-4.8226, -3.8797, 2.2026)
(-2.1651, -1.9764, 3.3615)
(-2.7545, -2.3422, 3.2365)
(-5.4191, -3.9193, 2.1055)
(-3.3343, -2.7251, 3.127)
(-5.8938, -3.8616, 2.0165)
(-3.9222, -3.0932, 2.9933)
(-4.5378, -3.4051, 2.7959)
(-1.4894, -1.115, 3.9101)
(-1.9101, -1.3473, 3.8329)
(-5.0956, -3.7579, 2.662)
(-2.4635, -1.6816, 3.7345)
(-3.0488, -2.0427, 3.6186)
(-5.6223, -4.0596, 2.6007)
(-3.6295, -2.4186, 3.5101)
(-1.7859, -0.9606, 3.9984)
(-6.0625, -4.181, 2.4714)
(-4.21, -2.8019, 3.394)
(-2.1186, -1.0067, 3.9862)
(-2.6978, -1.3881, 3.9376)
(-4.7937, -3.1648, 3.2056)
(-3.275, -1.7717, 3.8666)
(-5.338, -3.5492, 3.0877)
(-3.8528, -2.1542, 3.7707)
(-4.4261, -2.553, 3.7207)
(-5.8551, -3.8983, 3.047)
(-4.9468, -2.8269, 3.3528)
(-6.2463, -4.1299, 2.947)
(-5.4991, -3.2394, 3.2861)
(-6.2557, -3.8831, 3.1728)
(-6.1107, -3.5784, 3.2335)
(-1.4521, 1.8322, -4.9144)
(-1.9964, 1.4114, -4.8864)
(-2.4567, 0.8961, -4.8635)
(-2.8594, 0.3365, -4.8452)
(-3.126, -0.2862, -4.8622)
(-3.0852, -0.9277, -4.9397)
(-1.4414, 1.8204, -4.4749)
(-1.9888, 1.4099, -4.4446)
(-2.4434, 0.8935, -4.4245)
(-2.7045, -1.396, -5.0979)
(-2.8103, 0.3111, -4.4087)
(-2.3687, -1.6531, -5.143)
(-3.0479, -0.3215, -4.4307)
(-2.9709, -0.9614, -4.5163)
(-2.5857, -1.4308, -4.68)
(-2.2009, -1.7157, -4.8517)
(-1.3167, 1.6002, -3.9976)
(-1.9193, 1.3118, -3.9069)
(-2.4028, 0.8607, -3.8589)
(-2.7064, 0.2651, -3.855)
(-2.8811, -0.3607, -3.9176)
(-2.8046, -0.9973, -3.9787)
(-2.4792, -1.5106, -4.1259)
(-2.1615, -1.8672, -4.2564)
(-1.1288, 1.2814, -3.5899)
(-1.7463, 1.0456, -3.4318)
(-2.2801, 0.7417, -3.2977)
(-2.4603, 0.1833, -3.3525)
(-2.465, -0.3332, -3.5955)
(-2.5003, -0.9306, -3.5873)
(-2.3304, -1.5079, -3.6814)
(-2.0966, -1.9829, -3.664)
(-1.1187, 1.334, -3.1321)
(-1.6315, 0.9445, -2.9564)
(-2.0561, 0.6099, -2.8153)
(-2.0893, 0.1223, -2.996)
(-2.0223, -0.2091, -3.3553)
(-2.1129, -0.7204, -3.5197)
(-2.0259, -1.2764, -3.6699)
(-1.746, -1.5852, -3.9677)
(-1.3833, 1.702, -2.8729)
(-1.7325, 1.2243, -2.6274)
(-1.7798, 0.7554, -2.4904)
(-1.7945, 0.3435, -2.7716)
(-1.8174, -0.1405, -2.9013)
(-1.9008, -0.66, -3.0611)
(-1.824, -1.1962, -3.225)
(-1.6128, -1.5721, -3.4171)
(-1.4903, 2.0425, -2.4424)
(-1.6679, 1.5303, -2.2201)
(-1.5374, 1.0043, -2.2205)
(-1.7084, 0.4977, -2.3469)
(-1.7656, -0.0823, -2.3992)
(-1.8238, -0.6376, -2.4883)
(-1.7584, -1.1848, -2.5921)
(-1.5605, -1.5807, -2.7064)
(-1.4763, 2.2072, -1.9018)
(-1.5998, 1.6645, -1.7485)
(-1.5977, 1.0224, -1.7536)
(-1.7603, 0.4011, -1.8253)
(-1.9903, -0.1637, -1.9119)
(-2.1127, -0.7398, -2.0014)
(-2.0142, -1.3072, -2.0482)
(-1.8261, -1.7267, -2.0864)
(-1.4863, 2.1511, -1.3516)
(-1.8605, 1.6556, -1.3319)
(-1.9571, 1.0036, -1.3165)
(-2.0109, 0.3365, -1.3155)
(-2.1594, -0.2756, -1.3708)
(-2.3138, -0.8557, -1.4494)
(-2.2471, -1.4297, -1.4796)
(-2.0767, -1.8635, -1.4845)
(-1.462, 2.0615, -0.7648)
(-1.9519, 1.6016, -0.7807)
(-2.2119, 0.9846, -0.8031)
(-2.3278, 0.3167, -0.8268)
(-2.4204, -0.3282, -0.856)
(-2.4922, -0.9497, -0.8859)
(-2.4458, -1.5445, -0.901)
(-2.3203, -1.998, -0.8943)
(-1.4399, 2.0047, -0.1635)
(-1.9309, 1.5478, -0.1797)
(-2.2239, 0.9323, -0.2146)
(-2.3942, 0.2667, -0.2541)
(-2.5214, -0.3913, -0.2868)
(-2.6093, -1.0363, -0.3101)
(-2.6319, -1.6504, -0.3239)
(-2.5698, -2.1283, -0.3096)
(-1.4186, 1.9429, 0.4372)
(-1.8975, 1.5037, 0.4241)
(-2.1334, 0.8695, 0.3813)
(-2.2891, 0.1968, 0.3341)
(-2.4661, -0.4645, 0.299)
(-2.6566, -1.108, 0.2727)
(-2.8233, -1.7222, 0.2478)
(-2.8647, -2.2358, 0.271)
(-1.3851, 1.8674, 1.0373)
(-1.8634, 1.4597, 1.0283)
(-2.0635, 0.822, 0.9785)
(-2.2564, 0.1675, 0.9231)
(-2.5103, -0.4713, 0.8854)
(-2.7902, -1.0952, 0.846)
(-3.1033, -1.6888, 0.7849)
(-3.3762, -2.3776, 0.8205)
(-1.3379, 1.7981, 1.64)
(-1.8453, 1.42, 1.6316)
(-2.1098, 0.8207, 1.5657)
(-2.4359, 0.2336, 1.477)
(-2.7502, -0.3746, 1.4221)
(-3.9295, -2.6123, 1.2355)
(-3.0513, -0.9861, 1.3779)
(-3.4486, -1.5236, 1.2669)
(-4.4833, -2.8878, 1.8449)
(-3.8739, -2.0287, 1.2236)
(-5.1537, -3.0892, 1.9124)
(-1.2758, 1.7193, 2.2391)
(-4.3185, -2.4553, 1.4489)
(-1.8345, 1.3658, 2.2239)
(-2.263, 0.8638, 2.1288)
(-2.6825, 0.3308, 2.0157)
(-5.0668, -3.2712, 1.5582)
(-3.0506, -0.2421, 1.9311)
(-4.7859, -2.7591, 1.7899)
(-3.3792, -0.8335, 1.8701)
(-3.8112, -1.3301, 1.73)
(-5.0972, -3.0168, 1.8142)
(-4.295, -1.736, 1.594)
(-5.1222, -3.0864, 1.4213)
(-4.7195, -2.1746, 1.7194)
(-1.1782, 1.5795, 2.7792)
(-1.7344, 1.2026, 2.7714)
(-2.2555, 0.7813, 2.7237)
(-2.7909, 0.3254, 2.6025)
(-5.201, -2.5923, 1.8704)
(-3.2742, -0.1717, 2.4723)
(-3.6973, -0.7019, 2.3575)
(-5.5747, -2.9352, 1.8057)
(-4.1544, -1.1901, 2.2158)
(-1.0801, 1.4414, 3.144)
(-1.6101, 1.018, 3.1903)
(-5.6234, -2.8913, 1.4189)
(-4.673, -1.6012, 2.0754)
(-5.1666, -2.0381, 2.1009)
(-2.7434, 0.1274, 3.1666)
(-2.0368, 0.5525, 3.3636)
(-5.6316, -2.4231, 2.1034)
(-3.3167, -0.2976, 3.0351)
(-3.8412, -0.7498, 2.908)
(-6.0989, -2.7785, 1.9717)
(-4.3497, -1.213, 2.7718)
(-6.2316, -2.8756, 1.6066)
(-4.8951, -1.6509, 2.6447)
(-5.482, -2.0714, 2.5852)
(-2.1533, 0.0676, 3.6922)
(-2.6219, -0.2383, 3.6013)
(-6.033, -2.4481, 2.5172)
(-3.1788, -0.6193, 3.5006)
(-3.7429, -1.0238, 3.4042)
(-6.513, -2.728, 2.3605)
(-4.2993, -1.4344, 3.3142)
(-6.6653, -2.964, 2.0819)
(-4.869, -1.8388, 3.2347)
(-5.4682, -2.2357, 3.1079)
(-2.0175, -0.3729, 3.9519)
(-2.4002, -0.6658, 3.8681)
(-6.061, -2.5868, 3.0116)
(-2.935, -1.0341, 3.7909)
(-3.5102, -1.4179, 3.7264)
(-6.5767, -2.8419, 2.8678)
(-4.0881, -1.7977, 3.6786)
(-1.9693, -0.7064, 4.0225)
(-6.9056, -3.0182, 2.6624)
(-4.645, -2.1765, 3.6108)
(-2.1382, -0.9959, 3.9882)
(-2.7176, -1.3777, 3.9414)
(-5.1444, -2.5584, 3.3668)
(-3.2937, -1.7623, 3.8741)
(-5.7588, -2.9127, 3.2499)
(-3.8664, -2.1443, 3.7824)
(-4.4375, -2.5271, 3.7359)
(-6.3385, -3.1579, 3.1831)
(-4.915, -2.818, 3.3228)
(-6.7758, -3.2117, 3.12)
(-5.4393, -3.2539, 3.2452)
(-6.4677, -3.3799, 3.2143)
(-6.1335, -3.5479, 3.2348)
(5.7943, 4.8255, 2.8363)
(4.519, 4.4781, 1.8035)
(4.4198, 4.6271, 1.4886)
(4.6918, 4.6207, 1.2123)
(5.167, 4.62, 1.4466)
(5.5642, 4.6907, 1.9006)
(5.8277, 4.788, 2.4098)
(1.8633, -2.3648, -5.4063)
(1.9302, -2.4808, -4.9107)
(1.9942, -2.5846, -4.3201)
(2.0307, -2.6557, -3.7213)
(2.0111, -2.6469, -3.122)
(1.9515, -2.5659, -2.5236)
(1.8845, -2.4588, -1.9291)
(1.802, -2.3335, -1.3389)
(1.7108, -2.2068, -0.7502)
(1.6343, -2.1119, -0.1565)
(1.5856, -2.0587, 0.4396)
(1.4662, -1.9047, 0.9831)
(1.2631, -1.6323, 1.4806)
(1.0574, -1.3605, 1.9894)
(0.8533, -1.0926, 2.5043)
(0.6941, -0.8812, 2.9222)
(2.0183, -2.1985, -5.1415)
(2.1307, -2.3041, -4.5917)
(2.2167, -2.3891, -4.0021)
(2.2771, -2.4392, -3.4124)
(2.2604, -2.4133, -2.8127)
(2.2157, -2.3428, -2.2127)
(2.1468, -2.233, -1.6189)
(2.0568, -2.0993, -1.0313)
(1.9641, -1.9668, -0.4447)
(1.901, -1.8752, 0.1495)
(1.8397, -1.7883, 0.7291)
(1.6562, -1.5523, 1.2366)
(1.4437, -1.2817, 1.7372)
(1.2334, -1.016, 2.2513)
(1.0419, -0.7633, 2.7419)
(0.9044, -0.5812, 3.1017)
(1.9192, -2.0936, -5.5632)
(1.8894, -1.4697, -5.3439)
(2.1624, -1.0327, -5.1509)
(2.627, -0.6113, -5.04)
(2.7113, 0.0004, -5.0808)
(2.5525, 0.6514, -5.2173)
(2.4113, 1.1956, -5.2747)
(5.5451, 4.8118, 3.0657)
(5.1092, 4.6106, 3.2006)
(4.552, 4.195, 3.3064)
(4.0285, 3.7645, 3.4667)
(3.513, 3.3247, 3.5974)
(2.9779, 2.8927, 3.69)
(2.4494, 2.4536, 3.8059)
(1.9191, 2.012, 3.9125)
(1.5669, 1.6381, 3.9839)
(2.3704, 1.2528, -4.8621)
(2.491, 0.7043, -4.8073)
(2.57, 0.0427, -4.7082)
(2.4472, -0.6112, -4.6628)
(2.0977, -1.1253, -4.7468)
(1.9625, -1.6025, -4.9427)
(2.3545, 1.2708, -4.304)
(2.3021, 0.7469, -4.3279)
(2.269, 0.0763, -4.322)
(2.1322, -0.5754, -4.2551)
(1.9935, -1.1876, -4.265)
(2.074, -1.7438, -4.4236)
(2.349, 1.2052, -3.8374)
(2.3037, 0.7411, -3.8735)
(2.3576, 0.1288, -3.86)
(2.2394, -0.4912, -3.7577)
(2.1923, -1.134, -3.7675)
(2.2929, -1.786, -3.8987)
(2.183, 0.9391, -3.8324)
(2.2383, 0.4929, -3.6683)
(2.4403, 0.0372, -3.4158)
(2.5766, -0.5047, -3.2986)
(2.5748, -1.1775, -3.3511)
(2.5501, -1.8538, -3.3951)
(2.1056, 0.8484, -3.3136)
(2.226, 0.438, -3.1302)
(2.4711, -0.0248, -2.8549)
(2.694, -0.5562, -2.7564)
(2.7642, -1.2288, -2.81)
(2.6594, -1.8831, -2.8207)
(2.0632, 0.8686, -2.6024)
(2.3751, 0.4691, -2.5202)
(2.5736, -0.0278, -2.3388)
(2.6593, -0.601, -2.2179)
(2.7944, -1.2495, -2.2301)
(2.6813, -1.8656, -2.2206)
(2.2631, 1.0408, -1.9929)
(2.5248, 0.5845, -1.9239)
(2.7776, 0.0423, -1.8325)
(2.9143, -0.5493, -1.7468)
(2.9123, -1.1961, -1.6767)
(2.6584, -1.7905, -1.6245)
(2.4899, 1.2353, -1.4135)
(2.676, 0.7439, -1.3383)
(2.8741, 0.1623, -1.2583)
(2.9834, -0.448, -1.1797)
(2.9095, -1.0924, -1.0939)
(2.5868, -1.6698, -1.0359)
(2.7026, 1.4338, -0.8429)
(2.8148, 0.9136, -0.7633)
(2.91, 0.2954, -0.6744)
(2.959, -0.3399, -0.5892)
(2.8696, -0.9882, -0.5014)
(2.5134, -1.5447, -0.4476)
(2.9096, 1.642, -0.2836)
(2.9763, 1.0886, -0.2057)
(3.031, 0.4309, -0.1083)
(3.0562, -0.2444, -0.0063)
(2.9087, -0.9046, 0.0936)
(2.4757, -1.4436, 0.1467)
(3.1167, 1.8777, 0.2632)
(3.1613, 1.2619, 0.334)
(3.1998, 0.562, 0.4415)
(3.1802, -0.1511, 0.5733)
(2.9364, -0.8128, 0.6883)
(2.4308, -1.3408, 0.7318)
(4.5493, 4.1974, 1.8557)
(4.3405, 3.8116, 1.6487)
(3.948, 3.3491, 1.2906)
(3.5324, 2.836, 0.9621)
(3.3666, 2.1208, 0.7865)
(3.3251, 1.4001, 0.8808)
(3.2704, 0.6921, 1.0064)
(3.1353, -0.0079, 1.14)
(2.7797, -0.6198, 1.2267)
(2.2359, -1.1093, 1.2436)
(4.3457, 4.3763, 1.6973)
(4.1179, 3.9203, 1.5371)
(3.9672, 3.4111, 1.2637)
(3.8199, 2.8424, 1.1631)
(3.6051, 2.1881, 1.2467)
(3.4092, 1.5195, 1.3923)
(3.1839, 0.8616, 1.5254)
(2.906, 0.2192, 1.6303)
(2.517, -0.3607, 1.7051)
(2.0041, -0.8458, 1.7365)
(4.4333, 4.4187, 1.3088)
(4.3142, 3.9008, 1.3126)
(4.0872, 3.4223, 1.3824)
(3.7823, 2.9335, 1.5251)
(3.5049, 2.3111, 1.6449)
(3.2304, 1.6838, 1.776)
(2.9425, 1.0648, 1.9081)
(2.6391, 0.4594, 2.0491)
(2.2639, -0.1021, 2.1737)
(1.7776, -0.5853, 2.2385)
(4.8702, 4.4208, 1.3775)
(4.6157, 3.9921, 1.5761)
(4.3487, 3.4546, 1.699)
(4.1138, 2.8578, 1.8118)
(3.8036, 2.262, 1.996)
(3.4606, 1.6855, 2.1888)
(3.0784, 1.1319, 2.375)
(2.6421, 0.6073, 2.5613)
(2.1242, 0.1218, 2.7073)
(1.5786, -0.3296, 2.755)
(5.2284, 4.5207, 1.7977)
(4.9181, 4.1271, 2.0173)
(4.6112, 3.5664, 2.1549)
(4.3285, 2.9563, 2.2998)
(3.98, 2.3788, 2.5084)
(3.5491, 1.8615, 2.708)
(3.0615, 1.3777, 2.8777)
(2.5223, 0.9143, 3.0322)
(1.9428, 0.4601, 3.1811)
(1.3779, -0.0721, 3.2099)
(5.5952, 4.5821, 2.2422)
(5.2612, 4.2081, 2.4426)
(4.8401, 3.7512, 2.6209)
(4.4066, 3.2136, 2.8113)
(3.9493, 2.6685, 3.013)
(3.444, 2.1927, 3.1797)
(2.92, 1.733, 3.328)
(2.3835, 1.2829, 3.4627)
(1.8982, 0.8947, 3.5659)
(5.7007, 4.6995, 2.7477)
(5.3204, 4.3805, 2.9192)
(4.8129, 3.9823, 3.0659)
(4.2753, 3.5193, 3.2285)
(3.7441, 3.0327, 3.3843)
(3.2108, 2.5802, 3.5098)
(2.6817, 2.1323, 3.6398)
(2.1572, 1.6898, 3.7582)
(1.737, 1.3145, 3.8575)
(1.6457, 0.9584, 3.7712)
(2.0358, 1.2867, 3.6851)
(2.5419, 1.7108, 3.5705)
(3.0711, 2.1621, 3.4358)
(3.5984, 2.6187, 3.2941)
(4.1159, 3.1008, 3.1366)
(4.6125, 3.6321, 2.9435)
(5.1088, 4.0781, 2.7791)
(5.5304, 4.4706, 2.5969)
(1.6555, 0.4748, 3.441)
(2.1838, 0.8763, 3.3223)
(2.7335, 1.3185, 3.1869)
(3.2637, 1.7772, 3.0397)
(3.759, 2.2561, 2.8686)
(4.1997, 2.7773, 2.6692)
(4.5646, 3.3703, 2.4653)
(4.9242, 3.9147, 2.3121)
(5.2721, 4.3836, 2.1233)
(1.2309, -0.4388, 2.9584)
(1.7378, 0.0392, 2.9961)
(2.3216, 0.5067, 2.8845)
(2.8562, 0.9838, 2.7162)
(3.3256, 1.4837, 2.5377)
(3.7385, 2.0146, 2.3425)
(4.0952, 2.5784, 2.132)
(4.3747, 3.1876, 1.9609)
(4.5999, 3.7988, 1.8757)
(4.9239, 4.2888, 1.6902)
(1.407, -0.6724, 2.5083)
(1.9373, -0.233, 2.4802)
(2.4248, 0.2589, 2.3787)
(2.813, 0.8101, 2.213)
(3.1557, 1.39, 2.048)
(3.4704, 1.9889, 1.8898)
(3.7718, 2.5967, 1.7345)
(4.0664, 3.1817, 1.5909)
(4.3444, 3.6721, 1.4474)
(4.5666, 4.1842, 1.3335)
(1.6163, -0.9349, 1.9919)
(2.1455, -0.4811, 1.9657)
(2.5797, 0.052, 1.8884)
(2.8976, 0.6606, 1.7787)
(3.1764, 1.2932, 1.6597)
(3.427, 1.9361, 1.5245)
(3.6688, 2.5819, 1.3934)
(3.9087, 3.1835, 1.308)
(4.0955, 3.6503, 1.3284)
(4.2565, 4.1785, 1.4661)
(1.8357, -1.1984, 1.4885)
(2.3963, -0.7455, 1.4859)
(2.8755, -0.2156, 1.4437)
(3.1633, 0.4286, 1.3429)
(3.3359, 1.1088, 1.2177)
(3.4644, 1.8011, 1.0828)
(3.6031, 2.5066, 1.0019)
(3.8443, 3.1156, 1.1373)
(4.0601, 3.6389, 1.4301)
(4.3214, 4.1037, 1.76)
(2.0541, -1.4633, 0.9932)
(2.6289, -0.9969, 0.9879)
(3.0718, -0.4268, 0.9242)
(3.2335, 0.2677, 0.7903)
(3.2496, 0.9823, 0.6616)
(3.2367, 1.6829, 0.5616)
(3.2223, 2.3401, 0.5071)
(2.1745, -1.6259, 0.4485)
(2.729, -1.1545, 0.4297)
(3.0732, -0.5443, 0.3435)
(3.1335, 0.1509, 0.2225)
(3.0968, 0.8398, 0.1141)
(3.0407, 1.4885, 0.0225)
(2.9828, 1.9917, -0.0326)
(2.2156, -1.7095, -0.1462)
(2.7204, -1.2388, -0.17)
(2.9682, -0.6209, -0.25)
(2.9807, 0.0392, -0.3434)
(2.9281, 0.6841, -0.4342)
(2.8493, 1.2904, -0.5258)
(2.7639, 1.7546, -0.5925)
(2.2915, -1.8328, -0.7349)
(2.7514, -1.3414, -0.7628)
(2.9503, -0.7154, -0.8402)
(2.9399, -0.0781, -0.9251)
(2.8212, 0.5302, -1.0054)
(2.6691, 1.1016, -1.0913)
(2.5289, 1.5407, -1.1584)
(2.3831, -1.9704, -1.3204)
(2.8132, -1.4571, -1.3529)
(2.9784, -0.8222, -1.4316)
(2.9335, -0.1932, -1.5142)
(2.7246, 0.3821, -1.5893)
(2.4833, 0.9192, -1.6689)
(2.2842, 1.3352, -1.7322)
(2.4547, -2.0866, -1.9119)
(2.8159, -1.5464, -1.9377)
(2.8236, -0.907, -1.9678)
(2.7238, -0.2819, -2.0222)
(2.595, 0.2629, -2.1672)
(2.2879, 0.748, -2.2576)
(2.012, 1.1136, -2.3124)
(2.489, -2.1556, -2.5112)
(2.7772, -1.5717, -2.5273)
(2.7224, -0.9133, -2.4959)
(2.5872, -0.2876, -2.4993)
(2.4079, 0.2018, -2.7104)
(2.1703, 0.671, -2.905)
(1.9693, 0.9818, -2.9844)
(2.4866, -2.1768, -3.1116)
(2.6899, -1.5462, -3.1143)
(2.6904, -0.8636, -3.0652)
(2.6068, -0.2341, -3.0519)
(2.2959, 0.2078, -3.2837)
(2.1753, 0.6713, -3.5611)
(2.0911, 1.0483, -3.6854)
(2.3905, -2.1339, -3.6846)
(2.4135, -1.4856, -3.608)
(2.3818, -0.8081, -3.5297)
(2.4361, -0.1859, -3.5689)
(2.3526, 0.3603, -3.7247)
(2.2413, 0.863, -3.8094)
(2.3448, 1.2662, -3.8644)
(2.2343, -2.0575, -4.2428)
(2.0781, -1.478, -4.0671)
(2.0773, -0.8395, -3.9872)
(2.1984, -0.2171, -4.0514)
(2.3196, 0.4488, -4.1042)
(2.2766, 1.0481, -4.0311)
(2.5194, 1.441, -4.0205)
(2.092, -1.9581, -4.805)
(1.9517, -1.4245, -4.5839)
(2.1668, -0.9002, -4.4815)
(2.3439, -0.28, -4.4834)
(2.4198, 0.3944, -4.5628)
(2.3533, 1.0201, -4.5823)
(2.3881, 1.4822, -4.6177)
(1.9647, -1.8366, -5.2739)
(1.9569, -1.2758, -5.0394)
(2.3803, -0.8775, -4.8956)
(2.6549, -0.3018, -4.8453)
(2.6196, 0.3541, -4.9631)
(2.4567, 0.9776, -5.0553)
(2.3346, 1.449, -5.1022)
(1.5249, 1.3291, 3.9714)
(1.8105, 1.6582, 3.8945)
(2.2986, 2.0798, 3.7918)
(2.8268, 2.5235, 3.6736)
(3.3584, 2.9657, 3.5538)
(3.8952, 3.4139, 3.4446)
(4.4245, 3.8784, 3.2776)
(4.973, 4.2938, 3.1437)
(5.4619, 4.6559, 3.011)
(5.3818, 5.3267, 3.2765)
(4.9075, 4.3768, 1.8904)
(4.9196, 4.7217, 1.669)
(4.8196, 5.2189, 1.6692)
(4.793, 5.677, 2.0938)
(4.8658, 5.8773, 2.6521)
(5.1623, 5.6813, 3.0682)
(-1.4558, 1.8425, -4.7011)
(-1.3946, 1.7398, -4.2309)
(-1.2179, 1.4217, -3.7965)
(-1.0846, 1.2524, -3.3479)
(-1.243, 1.5008, -2.9965)
(-1.4644, 1.8884, -2.6845)
(-1.4856, 2.1536, -2.176)
(-1.4808, 2.1968, -1.6291)
(-1.4777, 2.1025, -1.0623)
(-1.4496, 2.0309, -0.4644)
(-1.4302, 1.976, 0.1371)
(-1.4037, 1.9057, 0.7371)
(-1.3627, 1.8315, 1.3384)
(-1.3106, 1.7644, 1.9411)
(-1.2297, 1.6539, 2.5267)
(-1.1284, 1.5088, 2.9776)
(-1.144, 1.9858, -4.4952)
(-1.0025, 1.7014, -4.0706)
(-0.8213, 1.4056, -3.6621)
(-0.8672, 1.5457, -3.2203)
(-1.1475, 1.92, -2.9692)
(-1.2486, 2.2307, -2.5201)
(-1.2386, 2.3696, -1.9516)
(-1.1998, 2.3109, -1.3638)
(-1.1597, 2.2194, -0.7679)
(-1.1322, 2.1387, -0.1698)
(-1.1042, 2.0283, 0.4213)
(-1.0688, 1.9122, 1.0119)
(-1.0183, 1.846, 1.6119)
(-0.9589, 1.8111, 2.2132)
(-0.8847, 1.7404, 2.7692)
(-0.7982, 1.6323, 3.1632)
(-1.1456, 1.9879, -4.9089)
(-0.4948, 2.1605, -4.8053)
(0.1467, 2.2566, -4.5811)
(0.7668, 2.351, -4.5791)
(1.3648, 2.4399, -4.8874)
(1.8633, 2.2456, -5.1418)
(2.1873, 1.8077, -5.2483)
(5.3905, 5.0083, 3.2621)
(5.0697, 4.6074, 3.2013)
(4.5111, 4.1727, 3.2901)
(4.0093, 3.7583, 3.4528)
(3.4902, 3.331, 3.5923)
(2.9567, 2.9011, 3.6926)
(2.4303, 2.4635, 3.8116)
(1.9026, 2.0237, 3.9177)
(1.4743, 1.7443, 3.9951)
(2.2349, 1.7297, -4.8394)
(1.9421, 2.2096, -4.7201)
(1.4401, 2.5546, -4.5756)
(0.7932, 2.5914, -4.4775)
(0.1314, 2.4596, -4.4749)
(-0.5181, 2.2515, -4.5089)
(2.3675, 1.6965, -4.2815)
(2.0561, 2.153, -4.1701)
(1.5097, 2.4238, -4.0772)
(0.8603, 2.3736, -4.116)
(0.2445, 2.1582, -4.2076)
(-0.3694, 1.9029, -4.1987)
(2.3826, 1.5945, -3.7999)
(2.0111, 1.9896, -3.6954)
(1.4421, 2.2189, -3.574)
(0.8181, 2.2354, -3.6063)
(0.2926, 2.0366, -3.7499)
(-0.2176, 1.6914, -3.768)
(2.0509, 1.3437, -3.735)
(1.698, 1.6811, -3.5501)
(1.2314, 1.876, -3.2725)
(0.7279, 1.9103, -3.1878)
(0.1826, 1.987, -3.3772)
(-0.3517, 1.9091, -3.3723)
(1.9219, 1.2064, -3.2636)
(1.556, 1.5105, -3.098)
(1.0923, 1.6848, -2.8004)
(0.6102, 1.7712, -2.729)
(0.0249, 1.9491, -2.9387)
(-0.5963, 2.1006, -3.027)
(1.8742, 1.1803, -2.5746)
(1.5052, 1.4831, -2.4651)
(1.0458, 1.7933, -2.3027)
(0.6157, 2.0861, -2.3514)
(0.0481, 2.2876, -2.5374)
(-0.6193, 2.3801, -2.5682)
(2.0618, 1.4025, -2.0156)
(1.6833, 1.7475, -1.9786)
(1.2362, 2.1407, -1.9741)
(0.7493, 2.4447, -2.0153)
(0.1081, 2.5371, -2.0271)
(-0.5792, 2.5191, -1.9969)
(2.2786, 1.6177, -1.452)
(1.8928, 1.9826, -1.4625)
(1.3937, 2.3335, -1.4768)
(0.8144, 2.5195, -1.4696)
(0.1497, 2.5416, -1.4353)
(-0.5379, 2.4852, -1.3958)
(2.4878, 1.8138, -0.8871)
(2.0556, 2.1261, -0.9012)
(1.4877, 2.3558, -0.8978)
(0.8586, 2.4222, -0.8781)
(0.1885, 2.4195, -0.8435)
(-0.4989, 2.3843, -0.7982)
(2.684, 2.0055, -0.3236)
(2.1859, 2.193, -0.3296)
(1.5598, 2.2609, -0.3194)
(0.9049, 2.2288, -0.3093)
(0.2261, 2.2092, -0.2761)
(-0.4619, 2.2257, -0.2157)
(2.8448, 2.2291, 0.2409)
(2.2744, 2.2396, 0.2402)
(1.6159, 2.1661, 0.2533)
(0.9417, 2.0847, 0.2597)
(0.2574, 2.0255, 0.2889)
(-0.426, 2.0323, 0.3551)
(4.6828, 4.1598, 1.9458)
(4.4126, 3.8464, 1.7127)
(3.9805, 3.3886, 1.3437)
(3.53, 2.8862, 0.9922)
(2.9496, 2.593, 0.7663)
(2.2827, 2.4564, 0.7851)
(1.615, 2.3095, 0.8195)
(0.933, 2.2083, 0.8323)
(0.2635, 2.0701, 0.8697)
(-0.3975, 1.9319, 0.9383)
(4.8091, 4.3865, 1.8648)
(4.4156, 4.0516, 1.8633)
(3.9194, 3.7087, 1.5447)
(3.4198, 3.3576, 1.2526)
(2.8517, 3.0333, 1.2223)
(2.2153, 2.7878, 1.2876)
(1.5642, 2.592, 1.3507)
(0.8895, 2.4591, 1.3796)
(0.2389, 2.2573, 1.4399)
(-0.3787, 1.9784, 1.5267)
(4.704, 4.7854, 1.7436)
(4.321, 4.4768, 1.8811)
(3.788, 4.1883, 1.718)
(3.2577, 3.8129, 1.6051)
(2.7138, 3.4542, 1.6706)
(2.1115, 3.1545, 1.7646)
(1.4915, 2.9021, 1.865)
(0.846, 2.6907, 1.9346)
(0.2259, 2.4093, 2.029)
(-0.3528, 2.0563, 2.1287)
(4.6407, 5.2661, 1.9583)
(4.2281, 4.9301, 2.0878)
(3.6972, 4.5989, 2.0869)
(3.1445, 4.205, 2.0875)
(2.5981, 3.8285, 2.1506)
(2.0251, 3.4875, 2.2578)
(1.4353, 3.1719, 2.3889)
(0.8396, 2.8445, 2.5164)
(0.2521, 2.4629, 2.6479)
(-0.3118, 2.0729, 2.7347)
(4.6489, 5.643, 2.4557)
(4.2368, 5.2568, 2.5725)
(3.7233, 4.8617, 2.6224)
(3.1658, 4.4752, 2.6365)
(2.6118, 4.0524, 2.689)
(2.085, 3.637, 2.8154)
(1.5245, 3.2566, 2.9555)
(0.9622, 2.8462, 3.0961)
(0.4076, 2.3882, 3.2426)
(-0.2154, 1.9715, 3.2778)
(4.8482, 5.6696, 2.9604)
(4.433, 5.26, 3.0585)
(3.9429, 4.8003, 3.1341)
(3.4264, 4.3749, 3.1463)
(2.8644, 3.9447, 3.1865)
(2.3291, 3.5203, 3.3193)
(1.7901, 3.0953, 3.4389)
(1.255, 2.657, 3.5509)
(0.7886, 2.2559, 3.656)
(5.183, 5.3299, 3.1939)
(4.7852, 4.9098, 3.2327)
(4.2566, 4.4411, 3.3314)
(3.7332, 4.0189, 3.4017)
(3.1995, 3.6153, 3.4824)
(2.6682, 3.2033, 3.6151)
(2.1415, 2.7662, 3.7146)
(1.6186, 2.3279, 3.806)
(1.1787, 1.98, 3.9046)
(0.8079, 1.9732, 3.8523)
(1.199, 2.2959, 3.7524)
(1.7012, 2.7178, 3.6533)
(2.232, 3.1562, 3.5543)
(2.7646, 3.5834, 3.434)
(3.3059, 3.9929, 3.3148)
(3.8507, 4.4166, 3.3076)
(4.3475, 4.8592, 3.2253)
(4.8403, 5.3341, 3.148)
(0.3408, 2.1217, 3.5384)
(0.8285, 2.5543, 3.4086)
(1.3634, 2.9955, 3.2822)
(1.9132, 3.409, 3.1518)
(2.4544, 3.8213, 3.0176)
(2.9841, 4.261, 2.9144)
(3.5597, 4.6793, 2.9171)
(4.0535, 5.0874, 2.8739)
(4.5419, 5.5254, 2.7954)
(-0.5538, 1.8618, 2.9928)
(0.0158, 2.2198, 3.0097)
(0.5923, 2.6594, 2.8843)
(1.1684, 3.0625, 2.743)
(1.7451, 3.4181, 2.6016)
(2.3104, 3.776, 2.4696)
(2.8472, 4.1747, 2.3773)
(3.4123, 4.5659, 2.3493)
(3.9573, 4.9448, 2.3303)
(4.4422, 5.297, 2.2617)
(-0.6218, 1.9114, 2.4748)
(-0.0585, 2.2653, 2.3917)
(0.5281, 2.6253, 2.2779)
(1.1422, 2.9219, 2.1706)
(1.7603, 3.1839, 2.0679)
(2.3529, 3.4926, 1.9451)
(2.9308, 3.8218, 1.869)
(3.4504, 4.22, 1.8269)
(4.0138, 4.5726, 1.9312)
(4.4833, 4.8525, 1.9036)
(-0.6686, 1.8909, 1.8711)
(-0.0724, 2.1867, 1.7774)
(0.5427, 2.4761, 1.6879)
(1.197, 2.6675, 1.6291)
(1.855, 2.8423, 1.5784)
(2.4727, 3.1108, 1.4761)
(3.0777, 3.4013, 1.4235)
(3.5928, 3.7808, 1.4659)
(4.1245, 4.0875, 1.7889)
(4.5966, 4.4075, 1.8654)
(-0.7138, 1.8826, 1.2716)
(-0.0676, 2.0439, 1.1928)
(0.5782, 2.2594, 1.125)
(1.2539, 2.3835, 1.0984)
(1.9287, 2.5177, 1.0713)
(2.5834, 2.7158, 1.012)
(3.2276, 2.9353, 1.0278)
(3.7112, 3.3343, 1.2626)
(4.2023, 3.725, 1.6449)
(4.6133, 4.1142, 1.8999)
(-0.7506, 1.9677, 0.6822)
(-0.0717, 1.9776, 0.6096)
(0.6026, 2.0711, 0.5579)
(1.2848, 2.1597, 0.5438)
(1.9585, 2.2656, 0.5306)
(2.6095, 2.3741, 0.5081)
(3.2152, 2.3973, 0.5236)
(-0.7842, 2.13, 0.103)
(-0.1007, 2.1068, 0.0339)
(0.5869, 2.1079, -0.0155)
(1.2623, 2.1655, -0.0304)
(1.9187, 2.2122, -0.0368)
(2.5274, 2.1705, -0.0461)
(2.9798, 2.0232, -0.0269)
(-0.8184, 2.2731, -0.4821)
(-0.1366, 2.3213, -0.5316)
(0.5482, 2.324, -0.5784)
(1.2074, 2.3353, -0.6006)
(1.8325, 2.2674, -0.6129)
(2.3814, 2.0425, -0.6141)
(2.7683, 1.7756, -0.594)
(-0.855, 2.3742, -1.0785)
(-0.1747, 2.4761, -1.1158)
(0.5077, 2.4965, -1.1558)
(1.1497, 2.4464, -1.1825)
(1.7228, 2.2322, -1.1903)
(2.2025, 1.8844, -1.1761)
(2.5407, 1.5578, -1.1619)
(-0.8982, 2.4553, -1.6782)
(-0.2142, 2.5503, -1.7163)
(0.4683, 2.5536, -1.7522)
(1.0805, 2.4237, -1.7632)
(1.5567, 2.0703, -1.7333)
(2.0084, 1.6952, -1.7336)
(2.3052, 1.3398, -1.74)
(-0.9362, 2.4299, -2.273)
(-0.2573, 2.477, -2.3008)
(0.398, 2.3823, -2.2667)
(0.9207, 2.1516, -2.1395)
(1.3329, 1.7638, -2.171)
(1.7962, 1.4402, -2.248)
(2.0532, 1.0979, -2.317)
(-0.9422, 2.2198, -2.8175)
(-0.3055, 2.1814, -2.7854)
(0.3225, 1.9895, -2.6549)
(0.8281, 1.7929, -2.4543)
(1.2674, 1.5922, -2.6733)
(1.7302, 1.3227, -2.8473)
(1.9834, 1.0067, -2.9892)
(-0.7563, 1.9066, -3.1667)
(-0.2023, 2.0122, -3.2019)
(0.3836, 1.8416, -3.0749)
(0.9218, 1.7652, -2.9262)
(1.3747, 1.6945, -3.2504)
(1.8135, 1.4218, -3.4542)
(2.0757, 1.0971, -3.679)
(-0.5259, 1.6, -3.4984)
(0.0128, 1.9241, -3.586)
(0.503, 2.0694, -3.4873)
(1.0644, 2.0792, -3.3509)
(1.6055, 1.9762, -3.5341)
(2.0735, 1.6557, -3.686)
(2.3418, 1.2881, -3.8508)
(-0.5832, 1.6213, -3.9425)
(0.0215, 1.8916, -4.0069)
(0.5537, 2.218, -3.927)
(1.1726, 2.3399, -3.8094)
(1.8072, 2.2611, -3.8357)
(2.2752, 1.8771, -3.9537)
(2.5227, 1.4611, -4.02)
(-0.7789, 1.9921, -4.3305)
(-0.1413, 2.2227, -4.3783)
(0.5051, 2.4316, -4.3509)
(1.1601, 2.5378, -4.3242)
(1.7726, 2.3962, -4.3927)
(2.174, 1.9404, -4.5216)
(2.3936, 1.5015, -4.6171)
(-0.8437, 2.1483, -4.6911)
(-0.1974, 2.3344, -4.5999)
(0.4483, 2.4787, -4.5103)
(1.094, 2.5378, -4.6387)
(1.6737, 2.4276, -4.8557)
(2.0716, 1.9839, -5.0096)
(2.3095, 1.5641, -5.0957)
(1.1617, 1.7576, 4.0021)
(1.5321, 1.9844, 3.9196)
(2.0303, 2.3885, 3.8228)
(2.5564, 2.8291, 3.727)
(3.0831, 3.2595, 3.6101)
(3.6151, 3.6679, 3.495)
(4.1311, 4.083, 3.3863)
(4.6599, 4.5109, 3.271)
(5.1671, 4.9711, 3.2171)
(2.0598, 1.0091, -3.3713)
(2.1071, 1.1363, -3.9931)
(2.3192, 1.4995, -4.9165)
(4.5325, 4.0452, 1.9026)
(4.2207, 3.6128, 1.4588)
(3.3546, 2.5972, 0.7788)
(3.0829, 2.1401, 0.2518)
(3.7078, 3.125, 1.1754)
(2.4171, 1.443, -1.4451)
(2.1723, 1.232, -2.0271)
(5.3805, 4.8324, 3.1617)
(2.5796, 1.418, -3.7222)
(4.7984, 4.3856, 3.2402)
(4.2647, 3.9821, 3.3562)
(3.773, 3.5407, 3.5633)
(3.2302, 3.1149, 3.6263)
(2.8798, 1.8747, -0.3113)
(2.7044, 2.6789, 3.7563)
(2.1754, 2.2383, 3.8611)
(1.8929, 0.9794, -2.6023)
(1.6464, 1.7974, 3.969)
(2.4625, 1.4842, -4.3183)
(2.6525, 1.6555, -0.8752)
(-6.2764, -4.0192, 3.0921)
(-5.3536, -2.7032, 1.7162)
(-5.5237, -2.7703, 1.5371)
(-5.6642, -3.1726, 1.4703)
(-5.8174, -3.6432, 1.8157)
(-5.9728, -4.0563, 2.2334)
(-6.1642, -4.1966, 2.7253)
(1.6457, -2.4875, -5.1656)
(1.6918, -2.6336, -4.6122)
(1.7345, -2.7576, -4.0209)
(1.7398, -2.8328, -3.4314)
(1.6764, -2.767, -2.8389)
(1.6058, -2.6552, -2.2466)
(1.5302, -2.5363, -1.6554)
(1.4466, -2.4208, -1.0642)
(1.3687, -2.3311, -0.4692)
(1.3141, -2.2896, 0.1312)
(1.2485, -2.226, 0.7134)
(1.0752, -1.9883, 1.225)
(0.8775, -1.7086, 1.728)
(0.6744, -1.4355, 2.2422)
(0.4832, -1.1802, 2.7319)
(0.3514, -1.0068, 3.0983)
(1.6099, -2.3398, -5.5869)
(1.0946, -2.0376, -5.3868)
(0.5533, -1.8042, -5.2287)
(-0.1068, -1.9056, -5.2599)
(-0.7751, -2.0154, -5.3374)
(-1.4568, -1.9592, -5.3427)
(-1.9847, -1.7928, -5.2801)
(-6.1936, -3.7336, 3.2127)
(-5.8049, -3.4089, 3.2598)
(-5.223, -3.0332, 3.3195)
(-4.6864, -2.6899, 3.5368)
(-4.1394, -2.3536, 3.7457)
(-3.5639, -1.963, 3.8187)
(-2.9864, -1.5799, 3.9021)
(-2.4082, -1.1974, 3.9619)
(-1.9475, -0.9671, 3.997)
(-1.9791, -1.8584, -4.8634)
(-1.4499, -2.0636, -4.919)
(-0.7812, -2.1126, -4.9142)
(-0.1161, -2.0046, -4.8353)
(0.5382, -1.9825, -4.8324)
(1.0953, -2.245, -5.0031)
(-1.9485, -1.9969, -4.3056)
(-1.4261, -2.207, -4.3655)
(-0.7612, -2.1931, -4.3604)
(-0.1255, -2.0801, -4.2785)
(0.4835, -2.1947, -4.3171)
(1.077, -2.4883, -4.5011)
(-1.8672, -2.0617, -3.8454)
(-1.3548, -2.2797, -3.8389)
(-0.6717, -2.2909, -3.7991)
(-0.0513, -2.2409, -3.7358)
(0.518, -2.4003, -3.779)
(1.1134, -2.6861, -3.9493)
(-1.61, -1.7793, -3.8247)
(-1.1536, -2.0139, -3.493)
(-0.5768, -2.2113, -3.307)
(-0.0016, -2.4326, -3.2713)
(0.5214, -2.7367, -3.3395)
(1.1008, -2.9347, -3.453)
(-1.4467, -1.7321, -3.369)
(-1.0894, -2.0015, -3.0745)
(-0.7264, -2.3742, -2.9953)
(-0.2579, -2.7631, -3.0164)
(0.3603, -2.9677, -2.9431)
(1.0204, -2.9581, -2.8944)
(-1.4794, -1.7299, -2.6955)
(-1.2635, -2.188, -2.6232)
(-0.9163, -2.6764, -2.5757)
(-0.3681, -2.9492, -2.4998)
(0.2813, -2.9861, -2.3908)
(0.9506, -2.8627, -2.3071)
(-1.6732, -1.8675, -2.053)
(-1.4022, -2.3197, -2.018)
(-0.9997, -2.7655, -1.9753)
(-0.4212, -2.9622, -1.889)
(0.2241, -2.9352, -1.7925)
(0.8824, -2.7663, -1.7141)
(-1.8967, -2.0065, -1.45)
(-1.5321, -2.3849, -1.4038)
(-1.0564, -2.7582, -1.3539)
(-0.4724, -2.9409, -1.2778)
(0.1683, -2.9035, -1.1895)
(0.8146, -2.6951, -1.1164)
(-2.1207, -2.1298, -0.8641)
(-1.679, -2.4321, -0.8092)
(-1.1327, -2.7383, -0.7478)
(-0.5298, -2.926, -0.6718)
(0.1193, -2.907, -0.5846)
(0.7592, -2.6682, -0.5138)
(-2.3518, -2.2479, -0.2897)
(-1.8504, -2.4996, -0.2325)
(-1.2434, -2.7632, -0.1599)
(-0.6029, -2.9713, -0.0734)
(0.0736, -2.9765, 0.0211)
(0.7191, -2.6959, 0.0919)
(-2.6097, -2.3725, 0.2713)
(-2.0389, -2.6149, 0.3222)
(-1.3842, -2.8763, 0.4057)
(-0.6957, -3.073, 0.5175)
(0.0068, -3.0157, 0.6256)
(0.6518, -2.6665, 0.6854)
(-5.1687, -2.9053, 1.7592)
(-4.7548, -2.9429, 1.7868)
(-4.1554, -2.7482, 1.4879)
(-3.5998, -2.5149, 1.0233)
(-2.8811, -2.5386, 0.8057)
(-2.1908, -2.7161, 0.8759)
(-1.5004, -2.895, 0.9712)
(-0.7905, -2.9976, 1.0895)
(-0.1144, -2.8281, 1.1759)
(0.492, -2.4237, 1.2077)
(-5.2471, -2.7378, 1.6973)
(-4.7724, -2.8453, 1.5568)
(-4.1987, -2.9425, 1.2735)
(-3.5671, -2.9495, 1.1528)
(-2.9123, -2.856, 1.2566)
(-2.2476, -2.7895, 1.406)
(-1.5649, -2.768, 1.4931)
(-0.8879, -2.7394, 1.5974)
(-0.2589, -2.5317, 1.6837)
(0.3145, -2.1334, 1.7127)
(-5.3711, -3.0187, 1.4381)
(-4.8546, -3.2124, 1.4061)
(-4.2282, -3.3969, 1.3655)
(-3.5658, -3.4082, 1.448)
(-2.9136, -3.2728, 1.6288)
(-2.27, -3.1036, 1.8229)
(-1.6313, -2.9062, 1.9867)
(-1.014, -2.6442, 2.1253)
(-0.4338, -2.282, 2.2033)
(0.1194, -1.8565, 2.2265)
(-5.5188, -3.4851, 1.6417)
(-4.9745, -3.6547, 1.6832)
(-4.3252, -3.7362, 1.7682)
(-3.6824, -3.6193, 1.9289)
(-3.0582, -3.3886, 2.1365)
(-2.4465, -3.1084, 2.325)
(-1.8488, -2.7754, 2.4729)
(-1.2613, -2.3886, 2.5865)
(-0.6717, -1.9654, 2.6812)
(-0.0871, -1.5662, 2.7278)
(-5.6694, -3.8935, 2.06)
(-5.1277, -3.9267, 2.1539)
(-4.532, -3.7539, 2.2518)
(-3.9393, -3.4597, 2.4123)
(-3.3254, -3.1816, 2.6138)
(-2.7338, -2.8379, 2.7638)
(-2.1508, -2.4581, 2.879)
(-1.5574, -2.0631, 3.0019)
(-0.9465, -1.6652, 3.1553)
(-0.2654, -1.3155, 3.2011)
(-5.8507, -4.1367, 2.5443)
(-5.3664, -3.9273, 2.6322)
(-4.8226, -3.5776, 2.7156)
(-4.2324, -3.2498, 2.896)
(-3.6241, -2.9159, 3.0682)
(-3.0451, -2.5323, 3.1812)
(-2.4615, -2.1571, 3.2962)
(-1.8678, -1.8003, 3.4311)
(-1.3398, -1.4878, 3.5581)
(-6.0629, -4.0248, 3.0044)
(-5.6071, -3.7358, 3.0674)
(-5.0687, -3.3553, 3.1323)
(-4.5049, -2.9832, 3.3016)
(-3.9185, -2.6121, 3.4596)
(-3.3398, -2.2283, 3.5624)
(-2.7565, -1.8612, 3.6773)
(-2.1744, -1.5051, 3.7867)
(-1.6873, -1.2216, 3.8731)
(-1.3177, -1.2405, 3.7803)
(-1.7562, -1.4983, 3.6864)
(-2.3198, -1.8308, 3.5657)
(-2.9081, -2.1902, 3.4406)
(-3.4883, -2.5698, 3.3308)
(-4.0726, -2.9508, 3.2091)
(-4.6766, -3.2942, 3.0219)
(-5.2264, -3.6641, 2.8932)
(-5.7411, -4.0114, 2.8472)
(-0.8628, -1.4051, 3.4416)
(-1.4175, -1.7487, 3.2905)
(-2.0106, -2.1157, 3.1471)
(-2.5983, -2.494, 3.028)
(-3.1798, -2.8727, 2.9133)
(-3.7741, -3.2144, 2.7587)
(-4.3898, -3.5039, 2.5579)
(-4.9532, -3.8411, 2.4336)
(-5.5133, -4.0244, 2.3501)
(0.1204, -1.2727, 2.9434)
(-0.4865, -1.6043, 2.9672)
(-1.1066, -2.0127, 2.8552)
(-1.7028, -2.4258, 2.7374)
(-2.288, -2.8112, 2.6217)
(-2.881, -3.1558, 2.4739)
(-3.4891, -3.444, 2.2794)
(-4.1087, -3.6796, 2.0783)
(-4.7245, -3.8382, 1.9588)
(-5.3404, -3.7634, 1.8709)
(0.2936, -1.506, 2.4907)
(-0.2649, -1.916, 2.4675)
(-0.8337, -2.3431, 2.4134)
(-1.4211, -2.7205, 2.3062)
(-2.0273, -3.0288, 2.1577)
(-2.6508, -3.2726, 1.9738)
(-3.2833, -3.4797, 1.772)
(-3.932, -3.6095, 1.5978)
(-4.5945, -3.5435, 1.5088)
(-5.1988, -3.338, 1.4926)
(0.4973, -1.7836, 1.9771)
(-0.0579, -2.2064, 1.9595)
(-0.6318, -2.5739, 1.9155)
(-1.2603, -2.7648, 1.7996)
(-1.9172, -2.8905, 1.681)
(-2.5793, -3.0057, 1.534)
(-3.2267, -3.1424, 1.3404)
(-3.8889, -3.1962, 1.2473)
(-4.5181, -3.0774, 1.3466)
(-5.0697, -2.9004, 1.5269)
(0.6901, -2.0626, 1.4681)
(0.114, -2.4858, 1.4476)
(-0.5006, -2.8155, 1.398)
(-1.1891, -2.8504, 1.2871)
(-1.8859, -2.772, 1.1963)
(-2.5745, -2.6971, 1.1042)
(-3.2588, -2.6794, 1.0235)
(-3.8888, -2.7828, 1.1949)
(-4.4661, -2.8378, 1.53)
(-5.0154, -2.8366, 1.7555)
(0.8768, -2.3439, 0.9656)
(0.2737, -2.7731, 0.9358)
(-0.3882, -3.0564, 0.8678)
(-1.1004, -3.0102, 0.7479)
(-1.7883, -2.7971, 0.6408)
(-2.4496, -2.558, 0.5642)
(-3.0683, -2.3316, 0.532)
(0.9945, -2.489, 0.4145)
(0.3813, -2.8876, 0.3666)
(-0.3017, -3.0647, 0.2773)
(-0.9863, -2.9341, 0.1693)
(-1.6323, -2.6867, 0.0835)
(-2.2315, -2.4242, 0.0155)
(-2.69, -2.1997, -0.0244)
(1.0403, -2.4958, -0.1874)
(0.4256, -2.8332, -0.243)
(-0.237, -2.9718, -0.3268)
(-0.8794, -2.852, -0.4134)
(-1.4773, -2.607, -0.4849)
(-2.0183, -2.3167, -0.5487)
(-2.4265, -2.072, -0.5998)
(1.0964, -2.5262, -0.7892)
(0.4674, -2.8031, -0.8478)
(-0.1821, -2.9443, -0.9303)
(-0.8041, -2.8612, -1.0145)
(-1.3581, -2.5928, -1.0785)
(-1.8205, -2.2246, -1.1298)
(-2.18, -1.9327, -1.182)
(1.1696, -2.6064, -1.386)
(0.523, -2.8328, -1.4507)
(-0.1299, -2.9604, -1.5365)
(-0.7485, -2.8873, -1.6263)
(-1.2689, -2.5866, -1.6891)
(-1.6307, -2.1272, -1.7243)
(-1.9339, -1.783, -1.7757)
(1.2453, -2.7119, -1.9786)
(0.5859, -2.8966, -2.0488)
(-0.0753, -2.9905, -2.1414)
(-0.6962, -2.8882, -2.2468)
(-1.1881, -2.5364, -2.3174)
(-1.4559, -1.9968, -2.3479)
(-1.6732, -1.6158, -2.3909)
(1.316, -2.8279, -2.5687)
(0.6465, -2.973, -2.6402)
(-0.0212, -2.9712, -2.7341)
(-0.6109, -2.7351, -2.8224)
(-1.0091, -2.3107, -2.8076)
(-1.3055, -1.89, -2.9486)
(-1.5664, -1.5736, -3.1254)
(1.3939, -2.9261, -3.1564)
(0.7428, -2.9583, -3.1859)
(0.1641, -2.7517, -3.1251)
(-0.3845, -2.4243, -3.1674)
(-0.8576, -2.0984, -3.1582)
(-1.309, -1.8454, -3.4813)
(-1.6861, -1.6155, -3.8122)
(1.4308, -2.8652, -3.7211)
(0.8188, -2.7064, -3.6441)
(0.2714, -2.4241, -3.47)
(-0.2832, -2.2675, -3.5154)
(-0.9402, -2.2271, -3.5668)
(-1.5319, -2.0492, -3.7645)
(-1.9286, -1.8016, -3.8761)
(1.3976, -2.6905, -4.2846)
(0.7955, -2.4304, -4.1345)
(0.1901, -2.1876, -3.9867)
(-0.3996, -2.1847, -4.049)
(-1.0697, -2.3099, -4.0846)
(-1.699, -2.1879, -4.0651)
(-2.1141, -1.9364, -3.9697)
(1.3626, -2.5107, -4.8523)
(0.8077, -2.2085, -4.6684)
(0.1904, -2.032, -4.5481)
(-0.4466, -2.0852, -4.6105)
(-1.1126, -2.1754, -4.664)
(-1.7311, -2.0339, -4.6271)
(-2.1661, -1.8019, -4.564)
(1.3438, -2.3167, -5.3159)
(0.8519, -1.9658, -5.0997)
(0.2208, -1.8975, -5.0322)
(-0.4408, -2.0304, -5.1047)
(-1.1212, -2.0607, -5.1528)
(-1.751, -1.9227, -5.1178)
(-2.1804, -1.7072, -5.0493)
(-1.6389, -1.0141, 3.9772)
(-2.0376, -1.1954, 3.9241)
(-2.5867, -1.5342, 3.8503)
(-3.1683, -1.9043, 3.7538)
(-3.7477, -2.2826, 3.6539)
(-4.3223, -2.665, 3.546)
(-4.8811, -3.0117, 3.3196)
(-5.4284, -3.3999, 3.2098)
(-5.9579, -3.746, 3.1658)
(-6.6309, -3.3012, 3.1991)
(-5.0513, -3.209, 1.4659)
(-5.3289, -2.971, 1.404)
(-5.9393, -2.8611, 1.479)
(-6.4707, -2.9207, 1.816)
(-6.8227, -2.9835, 2.3714)
(-6.8805, -3.1048, 2.929)
(-1.725, 1.6291, -4.4577)
(-1.6261, 1.4737, -3.9441)
(-1.4376, 1.1623, -3.5125)
(-1.3736, 1.1273, -3.0466)
(-1.591, 1.4659, -2.7552)
(-1.6371, 1.7994, -2.3231)
(-1.5827, 1.963, -1.8194)
(-1.7113, 1.9303, -1.3411)
(-1.732, 1.8548, -0.7703)
(-1.7094, 1.8038, -0.1678)
(-1.6886, 1.7616, 0.4368)
(-1.6591, 1.7105, 1.0412)
(-1.6237, 1.6535, 1.6455)
(-1.5724, 1.5702, 2.2432)
(-1.4625, 1.3993, 2.7794)
(-1.3511, 1.2361, 3.1534)
(-1.7361, 1.6376, -4.903)
(-2.2345, 1.1613, -4.8739)
(-2.6675, 0.6223, -4.8522)
(-3.0198, 0.0338, -4.848)
(-3.1543, -0.6169, -4.8899)
(-2.9157, -1.1886, -5.0159)
(-2.5152, -1.5518, -5.1551)
(-6.3008, -3.4622, 3.2232)
(-5.7864, -3.4009, 3.24)
(-5.1772, -3.036, 3.284)
(-4.6762, -2.6726, 3.5294)
(-4.152, -2.3357, 3.7592)
(-3.5801, -1.9533, 3.8283)
(-3.0057, -1.57, 3.9078)
(-2.4279, -1.1868, 3.9648)
(-2.0361, -0.853, 4.0113)
(-2.3919, -1.594, -4.7549)
(-2.7958, -1.2218, -4.5952)
(-3.0566, -0.6519, -4.4625)
(-2.9562, 0.0012, -4.4135)
(-2.6374, 0.6088, -4.4143)
(-2.2279, 1.1627, -4.4343)
(-2.3132, -1.6993, -4.1954)
(-2.6568, -1.2761, -4.0462)
(-2.8806, -0.6847, -3.9424)
(-2.8154, -0.0451, -3.8838)
(-2.5728, 0.5731, -3.8481)
(-2.1825, 1.108, -3.879)
(-2.199, -1.7273, -3.7359)
(-2.4413, -1.2371, -3.617)
(-2.4923, -0.6211, -3.607)
(-2.4633, -0.0774, -3.4848)
(-2.4119, 0.4763, -3.2899)
(-2.0437, 0.9207, -3.3532)
(-1.9109, -1.4754, -3.7601)
(-2.0987, -1.0133, -3.5908)
(-2.066, -0.4391, -3.4562)
(-2.0405, -0.047, -3.1832)
(-2.1138, 0.3634, -2.8627)
(-1.8789, 0.79, -2.8626)
(-1.7315, -1.4017, -3.3092)
(-1.8856, -0.9385, -3.1447)
(-1.8645, -0.3949, -2.9731)
(-1.7986, 0.11, -2.8544)
(-1.7854, 0.5505, -2.6131)
(-1.7797, 0.9828, -2.5128)
(-1.6857, -1.4053, -2.653)
(-1.8082, -0.9203, -2.5385)
(-1.7984, -0.3617, -2.4383)
(-1.7514, 0.2113, -2.3775)
(-1.604, 0.7564, -2.2855)
(-1.5935, 1.2622, -2.1892)
(-1.9233, -1.5309, -2.0679)
(-2.0857, -1.0357, -2.0286)
(-2.0761, -0.4475, -1.9599)
(-1.8779, 0.1151, -1.8667)
(-1.659, 0.7048, -1.787)
(-1.5889, 1.3458, -1.732)
(-2.1662, -1.6605, -1.4839)
(-2.3056, -1.1532, -1.4703)
(-2.2534, -0.5648, -1.4127)
(-2.0734, 0.0232, -1.3362)
(-1.9765, 0.6655, -1.3112)
(-1.9312, 1.3401, -1.3238)
(-2.3883, -1.7846, -0.8997)
(-2.4838, -1.2593, -0.8961)
(-2.4657, -0.6395, -0.8718)
(-2.3735, -0.01, -0.8407)
(-2.279, 0.6509, -0.8145)
(-2.1084, 1.3067, -0.7919)
(-2.6102, -1.9011, -0.3196)
(-2.6308, -1.356, -0.3196)
(-2.5716, -0.7142, -0.2993)
(-2.4617, -0.0645, -0.2717)
(-2.3182, 0.6009, -0.2346)
(-2.0991, 1.2524, -0.1959)
(-2.8674, -1.9902, 0.2529)
(-2.7486, -1.4242, 0.2571)
(-2.561, -0.7878, 0.2862)
(-2.3743, -0.1362, 0.3147)
(-2.212, 0.5332, 0.357)
(-2.0379, 1.1989, 0.4045)
(-5.107, -3.2147, 1.7168)
(-4.8185, -2.9885, 1.8786)
(-4.2064, -2.7501, 1.5402)
(-3.6529, -2.495, 1.028)
(-3.2448, -1.9971, 0.7832)
(-2.9474, -1.3929, 0.8124)
(-2.6458, -0.7869, 0.8691)
(-2.3786, -0.1532, 0.9022)
(-2.151, 0.4922, 0.9495)
(-1.9837, 1.1529, 1.006)
(-5.1341, -3.07, 1.6508)
(-4.9756, -2.9033, 1.8594)
(-4.5574, -2.6152, 1.6322)
(-4.0912, -2.2577, 1.3032)
(-3.6605, -1.7807, 1.2209)
(-3.2402, -1.2622, 1.3271)
(-2.8938, -0.6862, 1.4054)
(-2.5994, -0.0661, 1.4443)
(-2.2638, 0.5246, 1.5203)
(-1.9887, 1.1295, 1.604)
(-5.6283, -2.9504, 1.6392)
(-5.4221, -2.7975, 1.8783)
(-4.9564, -2.3844, 1.8089)
(-4.5074, -1.9535, 1.6316)
(-4.0574, -1.535, 1.6405)
(-3.5808, -1.0975, 1.8116)
(-3.2102, -0.5425, 1.9043)
(-2.876, 0.0503, 1.9679)
(-2.474, 0.6002, 2.071)
(-2.0572, 1.124, 2.1829)
(-6.199, -2.8527, 1.8095)
(-5.8892, -2.6208, 2.0641)
(-5.3938, -2.2329, 2.1134)
(-4.9269, -1.821, 2.0754)
(-4.4107, -1.3974, 2.1316)
(-3.9171, -0.9568, 2.2925)
(-3.488, -0.4363, 2.4151)
(-3.0422, 0.0825, 2.5352)
(-2.5243, 0.558, 2.6693)
(-1.9951, 0.9961, 2.7555)
(-6.6205, -2.8481, 2.2312)
(-6.3019, -2.5982, 2.4544)
(-5.7601, -2.2698, 2.5578)
(-5.1892, -1.8636, 2.6093)
(-4.6153, -1.435, 2.7021)
(-4.094, -0.9827, 2.8414)
(-3.5841, -0.5209, 2.9716)
(-3.0354, -0.0807, 3.1007)
(-2.437, 0.3284, 3.2359)
(-1.8499, 0.7896, 3.256)
(-6.7579, -2.9357, 2.7697)
(-6.3385, -2.7269, 2.949)
(-5.768, -2.4208, 3.0588)
(-5.1664, -2.0397, 3.1722)
(-4.5807, -1.6372, 3.2783)
(-4.021, -1.2292, 3.3567)
(-3.4628, -0.8206, 3.4519)
(-2.8931, -0.4216, 3.5513)
(-2.379, -0.0784, 3.6478)
(-6.5696, -3.2013, 3.1513)
(-6.0647, -3.0575, 3.2159)
(-5.4413, -2.7426, 3.2907)
(-4.8898, -2.3681, 3.4932)
(-4.3753, -1.9866, 3.663)
(-3.7988, -1.6082, 3.6986)
(-3.2223, -1.2265, 3.7572)
(-2.6532, -0.8431, 3.8282)
(-2.1946, -0.5123, 3.9097)
(-2.0966, -0.164, 3.8431)
(-2.5167, -0.4557, 3.7564)
(-3.0606, -0.8276, 3.6683)
(-3.632, -1.2187, 3.5909)
(-4.203, -1.6092, 3.5287)
(-4.7684, -1.9979, 3.4631)
(-5.3175, -2.3893, 3.2772)
(-5.9278, -2.7366, 3.1694)
(-6.4769, -2.9867, 3.0621)
(-2.1383, 0.3095, 3.5197)
(-2.6943, -0.0392, 3.4038)
(-3.2676, -0.438, 3.2868)
(-3.8186, -0.8621, 3.1719)
(-4.3534, -1.2996, 3.0544)
(-4.9143, -1.725, 2.95)
(-5.5246, -2.1325, 2.8611)
(-6.1024, -2.4975, 2.7767)
(-6.5939, -2.7586, 2.6184)
(-1.6722, 1.1096, 2.9926)
(-2.1919, 0.6826, 3.0123)
(-2.7801, 0.251, 2.8949)
(-3.32, -0.2073, 2.7575)
(-3.7989, -0.6971, 2.6294)
(-4.2794, -1.1771, 2.4874)
(-4.8112, -1.607, 2.3508)
(-5.3547, -2.0381, 2.3295)
(-5.8568, -2.4154, 2.2884)
(-6.335, -2.7345, 2.14)
(-1.7935, 1.2942, 2.5105)
(-2.2828, 0.843, 2.4263)
(-2.7594, 0.3486, 2.305)
(-3.18, -0.1897, 2.1959)
(-3.5493, -0.7554, 2.1081)
(-3.9919, -1.2463, 1.9658)
(-4.495, -1.6433, 1.8207)
(-4.9451, -2.081, 1.897)
(-5.4139, -2.4928, 1.9643)
(-5.8441, -2.8567, 1.8607)
(-1.8462, 1.4024, 1.9296)
(-2.1905, 0.8469, 1.8456)
(-2.5657, 0.2864, 1.7431)
(-2.9021, -0.3077, 1.676)
(-3.2103, -0.9127, 1.6282)
(-3.629, -1.4251, 1.4986)
(-4.0879, -1.8743, 1.3993)
(-4.5129, -2.3151, 1.5703)
(-4.9835, -2.6834, 1.8176)
(-5.3015, -2.9835, 1.799)
(-1.8507, 1.4385, 1.3306)
(-2.0669, 0.8126, 1.2758)
(-2.324, 0.1901, 1.2051)
(-2.6118, -0.433, 1.1604)
(-2.908, -1.0497, 1.1176)
(-3.2713, -1.6172, 1.0312)
(-3.6474, -2.1762, 1.0468)
(-4.1245, -2.5512, 1.3492)
(-4.6295, -2.822, 1.7783)
(-5.0329, -3.0552, 1.8328)
(-1.8799, 1.4818, 0.726)
(-2.0896, 0.8423, 0.6797)
(-2.25, 0.1722, 0.6305)
(-2.4641, -0.4805, 0.5954)
(-2.7067, -1.1148, 0.5627)
(-2.9517, -1.7229, 0.5229)
(-3.1205, -2.3067, 0.5457)
(-1.9144, 1.5251, 0.1222)
(-2.1826, 0.9004, 0.0837)
(-2.3481, 0.2311, 0.04)
(-2.4979, -0.4309, 0.0053)
(-2.6326, -1.0782, -0.0189)
(-2.7212, -1.6946, -0.036)
(-2.7173, -2.182, -0.0193)
(-1.9458, 1.5735, -0.4812)
(-2.2417, 0.9619, -0.5133)
(-2.3953, 0.2965, -0.5485)
(-2.4997, -0.356, -0.5777)
(-2.5629, -0.9931, -0.5998)
(-2.5408, -1.5994, -0.6124)
(-2.445, -2.0631, -0.6019)
(-1.935, 1.6302, -1.0722)
(-2.1145, 0.997, -1.0734)
(-2.1839, 0.3268, -1.0763)
(-2.2891, -0.3061, -1.1141)
(-2.404, -0.9046, -1.1675)
(-2.3477, -1.4874, -1.1899)
(-2.1985, -1.9307, -1.1894)
(-1.7163, 1.6717, -1.5447)
(-1.7635, 1.0102, -1.5329)
(-1.8622, 0.3577, -1.5653)
(-2.0749, -0.225, -1.6427)
(-2.2285, -0.8009, -1.733)
(-2.1413, -1.3717, -1.7688)
(-1.9514, -1.7951, -1.7855)
(-1.6004, 1.6201, -1.98)
(-1.5198, 1.0354, -1.9995)
(-1.7141, 0.4648, -2.0889)
(-1.865, -0.108, -2.1597)
(-1.9478, -0.6771, -2.2433)
(-1.8641, -1.2355, -2.3139)
(-1.6933, -1.6537, -2.3964)
(-1.7255, 1.393, -2.4402)
(-1.6379, 0.895, -2.3706)
(-1.7296, 0.452, -2.5849)
(-1.7605, -0.1021, -2.6469)
(-1.8248, -0.6402, -2.7657)
(-1.7576, -1.1788, -2.9045)
(-1.5866, -1.5764, -3.0618)
(-1.6776, 1.0536, -2.7841)
(-1.9224, 0.648, -2.6331)
(-1.9194, 0.211, -2.8898)
(-1.896, -0.1706, -3.1503)
(-1.9894, -0.6754, -3.3385)
(-1.9099, -1.2173, -3.507)
(-1.6794, -1.5786, -3.6924)
(-1.6624, 0.95, -3.1832)
(-2.1781, 0.6566, -3.0409)
(-2.2798, 0.1282, -3.1502)
(-2.2237, -0.2724, -3.4891)
(-2.2973, -0.8229, -3.5595)
(-2.1824, -1.397, -3.6742)
(-1.9213, -1.784, -3.8159)
(-1.8405, 1.1846, -3.666)
(-2.3544, 0.8134, -3.5719)
(-2.6039, 0.231, -3.5896)
(-2.6977, -0.3612, -3.7292)
(-2.6724, -0.9866, -3.7361)
(-2.4227, -1.5378, -3.85)
(-2.129, -1.925, -3.9602)
(-1.9668, 1.383, -4.1768)
(-2.4298, 0.8846, -4.1516)
(-2.771, 0.2913, -4.1385)
(-2.9893, -0.3437, -4.1676)
(-2.8999, -0.9835, -4.2532)
(-2.531, -1.4683, -4.4157)
(-2.1812, -1.7914, -4.554)
(-1.9961, 1.4154, -4.6771)
(-2.4512, 0.896, -4.6565)
(-2.8375, 0.3253, -4.6394)
(-3.0898, -0.3025, -4.6588)
(-3.0305, -0.9429, -4.7404)
(-2.644, -1.4086, -4.9017)
(-2.2714, -1.6991, -5.0267)
(-1.9669, -0.5505, 4.0078)
(-2.29, -0.8466, 3.9394)
(-2.8216, -1.2147, 3.8752)
(-3.3979, -1.5969, 3.8123)
(-3.9754, -1.9754, 3.7545)
(-4.5309, -2.349, 3.6735)
(-5.0165, -2.7057, 3.3857)
(-5.6035, -3.0789, 3.2683)
(-6.208, -3.3254, 3.229)
(-1.6045, -1.5968, -3.4811)
(-1.7611, -1.5973, -4.0236)
(-2.1929, -1.7203, -4.8564)
(-5.1222, -3.0531, 1.8774)
(-4.4511, -2.8783, 1.788)
(-3.342, -2.39, 0.8112)
(-2.8468, -2.2483, 0.2665)
(-3.9106, -2.62, 1.2401)
(-2.0675, -1.8617, -1.48)
(-1.8179, -1.7164, -2.0812)
(-6.1221, -3.5631, 3.2341)
(-2.0888, -1.9884, -3.6684)
(-5.4692, -3.2467, 3.2657)
(-4.9309, -2.8224, 3.3378)
(-4.4318, -2.5401, 3.7283)
(-3.8596, -2.1493, 3.7766)
(-2.5605, -2.1335, -0.3102)
(-3.2844, -1.767, 3.8704)
(-2.7077, -1.3829, 3.9395)
(-1.5486, -1.5532, -2.7061)
(-2.1284, -1.0013, 3.9872)
(-2.1544, -1.873, -4.2615)
(-2.3111, -2.0017, -0.8915)
(1.9667, -2.1456, -5.3642)
(1.9244, -1.5324, -5.1547)
(2.1406, -1.0782, -4.9554)
(2.5601, -0.6129, -4.8517)
(2.6671, 0.024, -4.8935)
(2.5401, 0.6797, -5.0175)
(2.0755, -2.2526, -4.8793)
(2.0083, -1.6813, -4.6931)
(2.3901, 1.2289, -5.0826)
(2.0289, -1.1701, -4.5153)
(2.2715, -0.6018, -4.4697)
(2.4, 0.0554, -4.5233)
(2.389, 0.724, -4.5778)
(2.3579, 1.2654, -4.5954)
(2.1766, -2.3496, -4.2973)
(2.17, -1.7703, -4.1563)
(2.0507, -1.1619, -4.0072)
(2.1283, -0.5293, -4.0082)
(2.2786, 0.1127, -4.0926)
(2.2909, 0.7706, -4.0709)
(2.362, 1.2618, -4.0207)
(2.2539, -2.4218, -3.7078)
(2.4306, -1.8181, -3.6508)
(2.3869, -1.1449, -3.5618)
(2.4117, -0.4867, -3.5295)
(2.4134, 0.0934, -3.645)
(2.2802, 0.6213, -3.7769)
(2.2711, 1.0735, -3.8371)
(2.2763, -2.4345, -3.1135)
(2.623, -1.8753, -3.1159)
(2.702, -1.2064, -3.0959)
(2.6741, -0.5285, -3.037)
(2.4542, -0.0028, -3.1424)
(2.2125, 0.44, -3.4366)
(2.1375, 0.8718, -3.6331)
(2.2402, -2.3828, -2.5121)
(2.6766, -1.8806, -2.5209)
(2.7781, -1.2459, -2.5174)
(2.6572, -0.5859, -2.4775)
(2.5064, -0.0343, -2.5885)
(2.2897, 0.4463, -2.8216)
(2.0665, 0.8446, -2.9547)
(2.1844, -2.2922, -1.915)
(2.6761, -1.8354, -1.9216)
(2.8526, -1.232, -1.9535)
(2.7741, -0.5863, -1.9848)
(2.676, -0.0014, -2.0917)
(2.4524, 0.5172, -2.221)
(2.1444, 0.9426, -2.2874)
(2.1037, -2.1678, -1.3246)
(2.6265, -1.7334, -1.3296)
(2.9273, -1.1472, -1.389)
(2.9799, -0.5013, -1.4741)
(2.8423, 0.0987, -1.5516)
(2.6008, 0.6617, -1.6298)
(2.3792, 1.1385, -1.7024)
(2.0087, -2.0303, -0.7385)
(2.5472, -1.6056, -0.7421)
(2.8836, -1.0384, -0.7976)
(2.9646, -0.3932, -0.8834)
(2.8889, 0.2283, -0.9647)
(2.7455, 0.8281, -1.0492)
(2.5973, 1.3337, -1.127)
(1.9277, -1.9145, -0.1485)
(2.4895, -1.4899, -0.1516)
(2.8805, -0.9438, -0.205)
(2.9927, -0.2903, -0.297)
(2.9578, 0.3633, -0.3885)
(2.8909, 1.0004, -0.4817)
(2.8065, 1.5361, -0.5618)
(1.8799, -1.8432, 0.4461)
(2.4657, -1.4024, 0.4456)
(2.9376, -0.8665, 0.3944)
(3.1289, -0.2003, 0.2836)
(3.1195, 0.4973, 0.1663)
(3.0697, 1.1773, 0.0647)
(3.0119, 1.7549, -0.0086)
(1.7599, -1.6848, 0.989)
(2.3478, -1.2377, 0.9948)
(2.8799, -0.729, 0.966)
(3.1831, -0.089, 0.8616)
(3.2502, 0.6256, 0.7229)
(3.2435, 1.3374, 0.6066)
(3.2307, 2.0139, 0.5296)
(1.5496, -1.4161, 1.4851)
(2.1199, -0.9773, 1.49)
(2.6551, -0.4946, 1.4719)
(3.0411, 0.0962, 1.3988)
(3.2584, 0.7673, 1.2823)
(3.403, 1.4528, 1.1496)
(3.5256, 2.1558, 1.0255)
(3.7216, 2.8237, 1.0446)
(1.338, -1.1489, 1.9927)
(1.8884, -0.715, 1.9842)
(2.378, -0.2258, 1.933)
(2.7486, 0.3502, 1.8356)
(3.9511, 3.3848, 1.2671)
(3.0402, 0.9754, 1.7207)
(3.3046, 1.6137, 1.5935)
(4.1884, 3.8806, 1.6145)
(3.5473, 2.2591, 1.4561)
(4.4291, 4.2985, 1.8071)
(3.7925, 2.8986, 1.342)
(1.1322, -0.8835, 2.5083)
(1.6754, -0.4572, 2.5011)
(2.191, 0.005, 2.4397)
(4.0083, 3.4203, 1.2992)
(2.629, 0.5289, 2.2996)
(2.988, 1.0974, 2.1289)
(4.1768, 3.9127, 1.3983)
(3.3158, 1.6877, 1.9688)
(3.6221, 2.292, 1.8109)
(4.3376, 4.4133, 1.4914)
(0.9682, -0.6655, 2.9342)
(3.9201, 2.8995, 1.6625)
(1.4815, -0.2015, 2.9866)
(4.2091, 3.4307, 1.5169)
(2.0299, 0.2745, 2.9531)
(2.5974, 0.7427, 2.8034)
(3.0985, 1.2303, 2.628)
(4.4668, 3.9301, 1.3885)
(3.5388, 1.7453, 2.4428)
(4.6376, 4.4113, 1.2744)
(3.9247, 2.2913, 2.2373)
(4.2469, 2.878, 2.0344)
(4.4808, 3.5002, 1.9191)
(1.9204, 0.6729, 3.3814)
(2.4571, 1.093, 3.257)
(3.0029, 1.5463, 3.1152)
(4.7591, 4.0651, 1.7969)
(3.5163, 2.0135, 2.9578)
(5.0565, 4.4672, 1.571)
(3.989, 2.5072, 2.7723)
(4.3876, 3.0721, 2.5625)
(4.7433, 3.6505, 2.3868)
(1.8297, 1.1136, 3.7305)
(2.2784, 1.4895, 3.6314)
(2.807, 1.9359, 3.5047)
(5.1034, 4.1657, 2.2242)
(3.335, 2.3895, 3.3655)
(5.4233, 4.5519, 2.014)
(3.8598, 2.8523, 3.22)
(4.3648, 3.3691, 3.0399)
(1.6493, 1.4859, 3.9352)
(2.0384, 1.861, 3.8457)
(4.8637, 3.8656, 2.8597)
(2.5627, 2.3016, 3.734)
(3.0918, 2.7448, 3.6119)
(5.3349, 4.2821, 2.6906)
(3.6273, 3.1872, 3.5032)
(5.6895, 4.6361, 2.5031)
(4.1585, 3.6485, 3.363)
(4.6995, 4.0912, 3.2068)
(5.2328, 4.4905, 3.0808)
(5.6412, 4.7556, 2.9275)
(5.2995, 5.1592, 3.2407)
(4.7695, 4.2574, 1.9153)
(4.7711, 4.5662, 1.7861)
(4.6619, 5.0255, 1.8026)
(4.6297, 5.4835, 2.1864)
(4.721, 5.7109, 2.7299)
(5.0187, 5.5213, 3.1093)
(0.993, 2.1251, 3.8024)
(1.4396, 2.4981, 3.7025)
(1.9665, 2.938, 3.6047)
(2.4979, 3.3722, 3.4985)
(3.0331, 3.7883, 3.3634)
(3.5828, 4.2032, 3.3086)
(4.0999, 4.6317, 3.2743)
(4.6057, 5.1037, 3.1842)
(0.5825, 2.3387, 3.4708)
(1.0906, 2.7756, 3.3461)
(1.6383, 3.2055, 3.2175)
(2.1869, 3.6121, 3.085)
(2.7144, 4.0403, 2.9543)
(3.2753, 4.4743, 2.9113)
(3.8113, 4.8795, 2.9027)
(4.3082, 5.3103, 2.8407)
(-0.8423, 1.689, 2.9813)
(-0.2686, 2.035, 3.01)
(0.3052, 2.4384, 2.9557)
(0.8798, 2.868, 2.8133)
(1.4569, 3.2439, 2.6722)
(2.0316, 3.5927, 2.5329)
(2.5783, 3.9729, 2.4157)
(3.128, 4.372, 2.3578)
(3.6892, 4.7586, 2.3422)
(4.2138, 5.1208, 2.3072)
(-0.9238, 1.7818, 2.5067)
(-0.3375, 2.0774, 2.4371)
(0.2299, 2.4514, 2.3367)
(0.8329, 2.7818, 2.2221)
(1.4535, 3.0508, 2.1218)
(2.0582, 3.3341, 2.0042)
(2.6483, 3.6508, 1.9038)
(3.1903, 4.0172, 1.8331)
(3.7322, 4.4088, 1.8742)
(4.2672, 4.7107, 1.9463)
(-0.9899, 1.8292, 1.913)
(-0.3665, 2.0202, 1.8249)
(0.2295, 2.3434, 1.7303)
(0.8663, 2.5815, 1.6542)
(1.5298, 2.7469, 1.6088)
(2.1659, 2.9698, 1.5275)
(2.783, 3.2476, 1.4442)
(3.3405, 3.59, 1.4126)
(3.8572, 3.9406, 1.6209)
(4.3772, 4.2448, 1.8727)
(-1.045, 1.8721, 1.311)
(-0.388, 1.9424, 1.2318)
(0.2526, 2.1583, 1.1551)
(0.9134, 2.3294, 1.1078)
(1.5939, 2.4424, 1.089)
(2.2562, 2.6138, 1.0412)
(2.915, 2.8126, 1.0011)
(3.48, 3.124, 1.1175)
(3.9574, 3.5309, 1.4513)
(4.4219, 3.9267, 1.8033)
(-1.0881, 1.9669, 0.7158)
(-0.4103, 1.9635, 0.6452)
(0.2649, 2.019, 0.5792)
(0.9434, 2.1165, 0.5478)
(1.6232, 2.209, 0.5393)
(2.2895, 2.326, 0.5174)
(2.9145, 2.3953, 0.511)
(-1.1188, 2.0873, 0.1265)
(-0.4436, 2.1263, 0.0694)
(0.2436, 2.0988, 0.0046)
(0.927, 2.1329, -0.0261)
(1.5924, 2.1956, -0.0329)
(2.238, 2.2054, -0.0433)
(2.7683, 2.1065, -0.0396)
(-1.145, 2.1804, -0.4684)
(-0.4803, 2.3128, -0.5047)
(0.2076, 2.3216, -0.5575)
(0.8817, 2.332, -0.5919)
(1.5249, 2.3195, -0.6075)
(2.1245, 2.1688, -0.6159)
(2.5891, 1.9099, -0.606)
(-1.1786, 2.263, -1.0666)
(-0.518, 2.4409, -1.0956)
(0.169, 2.4929, -1.1366)
(0.836, 2.4861, -1.1712)
(1.4455, 2.362, -1.1894)
(1.9794, 2.0643, -1.1847)
(2.3836, 1.7164, -1.1687)
(-1.2208, 2.3558, -1.6587)
(-0.5585, 2.5166, -1.697)
(0.1303, 2.563, -1.7354)
(0.7909, 2.515, -1.7634)
(1.3268, 2.2643, -1.7487)
(1.7934, 1.879, -1.7298)
(2.1724, 1.5161, -1.7372)
(-1.2498, 2.3266, -2.2414)
(-0.5995, 2.4758, -2.2912)
(0.0805, 2.4445, -2.2985)
(0.6801, 2.2895, -2.1977)
(1.125, 1.9626, -2.1373)
(1.5734, 1.5949, -2.21)
(1.9492, 1.275, -2.2841)
(-1.2241, 2.0926, -2.7737)
(-0.6311, 2.2385, -2.8156)
(0.0186, 2.0913, -2.7399)
(0.5912, 1.8893, -2.5248)
(1.0447, 1.6978, -2.5323)
(1.511, 1.4657, -2.7757)
(1.8803, 1.1694, -2.9173)
(-1.0056, 1.7257, -3.0921)
(-0.4873, 2.0056, -3.2039)
(0.0913, 1.9365, -3.161)
(0.6642, 1.7872, -2.9595)
(1.1517, 1.7475, -3.0605)
(1.6061, 1.5772, -3.3723)
(1.9642, 1.2605, -3.5529)
(-0.8043, 1.4231, -3.4255)
(-0.2498, 1.776, -3.5591)
(0.2554, 2.0198, -3.5601)
(0.7783, 2.086, -3.3924)
(1.3401, 2.0509, -3.42)
(1.8594, 1.8351, -3.6185)
(2.2252, 1.4712, -3.764)
(-0.9001, 1.5194, -3.8725)
(-0.2712, 1.7424, -3.9914)
(0.2868, 2.0656, -3.9821)
(0.8514, 2.3056, -3.8593)
(1.4993, 2.3352, -3.8031)
(2.0716, 2.0934, -3.8929)
(2.4137, 1.6639, -3.9976)
(-1.0901, 1.8733, -4.2803)
(-0.4619, 2.108, -4.3649)
(0.1809, 2.3335, -4.3708)
(0.8319, 2.5053, -4.3301)
(1.4829, 2.5097, -4.3457)
(2.0026, 2.1876, -4.4571)
(2.2972, 1.7126, -4.5726)
(-1.1567, 2.0122, -4.7043)
(-0.5219, 2.2506, -4.6551)
(0.1254, 2.4129, -4.5383)
(0.7732, 2.5209, -4.5496)
(1.4005, 2.5211, -4.7484)
(1.8971, 2.2281, -4.943)
(2.2039, 1.7627, -5.0586)
(1.3359, 1.8549, 3.9624)
(1.7705, 2.1721, 3.8715)
(2.2935, 2.6091, 3.776)
(2.8191, 3.0469, 3.6709)
(3.3499, 3.4648, 3.5506)
(3.8739, 3.8745, 3.4411)
(4.3917, 4.292, 3.3274)
(4.935, 4.7461, 3.2312)
(1.6268, -2.4133, -5.3885)
(1.0986, -2.1357, -5.205)
(0.552, -1.8887, -5.0414)
(-0.1097, -1.9599, -5.0612)
(-0.7794, -2.0678, -5.1386)
(-1.4549, -2.0084, -5.1432)
(1.6678, -2.5622, -4.9017)
(1.0825, -2.3699, -4.7664)
(-1.9861, -1.8184, -5.0856)
(0.5069, -2.0898, -4.587)
(-0.1261, -2.0369, -4.5656)
(-0.7773, -2.1478, -4.6479)
(-1.4399, -2.1297, -4.654)
(-1.9652, -1.9212, -4.5951)
(1.7151, -2.6985, -4.3168)
(1.0929, -2.5834, -4.2213)
(0.4914, -2.2871, -4.0414)
(-0.1003, -2.1544, -4.003)
(-0.7267, -2.2585, -4.0765)
(-1.4057, -2.2807, -4.0816)
(-1.9251, -2.0653, -4.029)
(1.7453, -2.8088, -3.7262)
(1.1178, -2.8206, -3.7007)
(0.5389, -2.562, -3.5451)
(0.0043, -2.3231, -3.4767)
(-0.6053, -2.2504, -3.5325)
(-1.258, -2.1562, -3.6588)
(-1.7469, -1.9276, -3.8336)
(1.7133, -2.8136, -3.1355)
(1.0638, -2.975, -3.1821)
(0.4467, -2.8787, -3.1513)
(-0.1169, -2.595, -3.1474)
(-0.6272, -2.2546, -3.143)
(-1.0886, -1.9643, -3.2924)
(-1.5062, -1.7313, -3.6495)
(1.6406, -2.7125, -2.5426)
(0.9834, -2.9151, -2.6017)
(0.3094, -2.9965, -2.6832)
(-0.3353, -2.8835, -2.7904)
(-0.8311, -2.5354, -2.8114)
(-1.1637, -2.0892, -2.8609)
(-1.4402, -1.7232, -3.0379)
(1.5693, -2.5961, -1.9509)
(0.917, -2.812, -2.0112)
(0.2536, -2.9613, -2.0922)
(-0.3946, -2.9682, -2.1953)
(-0.9683, -2.7464, -2.2885)
(-1.3408, -2.2653, -2.3338)
(-1.5659, -1.788, -2.3685)
(1.4888, -2.4771, -1.36)
(0.8477, -2.7266, -1.4159)
(0.1954, -2.9159, -1.4915)
(-0.4467, -2.9519, -1.5829)
(-1.027, -2.766, -1.6623)
(-1.465, -2.3574, -1.7071)
(-1.7844, -1.9404, -1.7481)
(1.4056, -2.3706, -0.7674)
(0.7847, -2.6742, -0.8155)
(0.143, -2.8982, -0.887)
(-0.4997, -2.93, -0.974)
(-1.091, -2.747, -1.0491)
(-1.603, -2.4083, -1.1047)
(-2.0086, -2.0692, -1.1557)
(1.3384, -2.3054, -0.1694)
(0.7385, -2.6789, -0.2115)
(0.0969, -2.9355, -0.2826)
(-0.5637, -2.9371, -0.3714)
(-1.1831, -2.7395, -0.4507)
(-1.7613, -2.4607, -0.518)
(-2.2347, -2.1889, -0.5755)
(1.2906, -2.2733, 0.4292)
(0.6949, -2.7025, 0.3949)
(0.0458, -3.0151, 0.3267)
(-0.648, -3.028, 0.2225)
(-1.313, -2.8163, 0.1236)
(-1.945, -2.5527, 0.0466)
(-2.475, -2.3081, -0.0071)
(1.1719, -2.1237, 0.9753)
(0.5798, -2.5648, 0.9535)
(-0.0484, -2.9489, 0.9089)
(-0.7431, -3.0689, 0.8106)
(-1.4481, -2.9131, 0.6908)
(-2.1241, -2.6762, 0.5976)
(-2.761, -2.4453, 0.5432)
(0.9764, -1.8477, 1.475)
(0.4039, -2.2766, 1.4594)
(-0.1846, -2.6789, 1.4302)
(-0.839, -2.8632, 1.3454)
(-1.5387, -2.815, 1.2383)
(-2.2313, -2.7303, 1.154)
(-2.9168, -2.6772, 1.0477)
(-3.5814, -2.728, 1.0789)
(0.7767, -1.5718, 1.9839)
(0.2198, -1.996, 1.9691)
(-0.3394, -2.4072, 1.9452)
(-0.9401, -2.6869, 1.8627)
(-4.18, -2.8177, 1.3561)
(-1.5867, -2.8309, 1.74)
(-2.2498, -2.9459, 1.6149)
(-4.7563, -2.8479, 1.6707)
(-2.9026, -3.0755, 1.4356)
(-5.2011, -2.7798, 1.7562)
(-3.5578, -3.1886, 1.2724)
(0.5733, -1.3005, 2.4983)
(0.0147, -1.7091, 2.4813)
(-0.5473, -2.1309, 2.4462)
(-4.2107, -3.1541, 1.2743)
(-1.125, -2.5404, 2.366)
(-1.7218, -2.8835, 2.2366)
(-4.8066, -2.9869, 1.4462)
(-2.3375, -3.1568, 2.0695)
(-2.9658, -3.3808, 1.8729)
(-5.3047, -2.8301, 1.5501)
(0.4117, -1.0857, 2.9267)
(-3.6049, -3.5626, 1.6773)
(-0.1798, -1.4386, 2.9642)
(-4.2643, -3.6023, 1.5413)
(-0.7996, -1.8039, 2.9189)
(-1.4071, -2.2212, 2.7945)
(-1.9955, -2.6229, 2.6814)
(-4.9118, -3.4452, 1.4969)
(-2.5828, -2.9896, 2.5534)
(-5.4438, -3.2488, 1.4835)
(-3.1828, -3.3074, 2.3818)
(-3.7993, -3.5663, 2.1726)
(-4.4143, -3.7817, 2.0103)
(-1.1383, -1.5774, 3.3639)
(-1.7108, -1.9289, 3.2171)
(-2.3064, -2.3042, 3.0848)
(-5.0425, -3.8216, 1.9116)
(-2.8889, -2.6848, 2.9726)
(-5.5929, -3.702, 1.8403)
(-3.473, -3.0523, 2.8441)
(-4.0852, -3.3563, 2.6561)
(-4.6743, -3.677, 2.485)
(-1.5251, -1.3625, 3.7358)
(-2.0266, -1.6572, 3.6286)
(-2.615, -2.0086, 3.5019)
(-5.2397, -3.9576, 2.3928)
(-3.1991, -2.3775, 3.384)
(-5.7534, -4.051, 2.2956)
(-3.7773, -2.764, 3.2771)
(-4.3772, -3.1237, 3.1179)
(-1.8252, -1.0904, 3.9525)
(-2.2996, -1.3525, 3.8901)
(-4.9571, -3.4748, 2.9436)
(-2.8776, -1.7189, 3.8039)
(-3.4584, -2.0918, 3.7021)
(-5.4921, -3.8523, 2.8708)
(-4.0359, -2.4767, 3.6102)
(-5.9614, -4.1194, 2.7956)
(-4.6041, -2.8376, 3.4341)
(-5.1539, -3.2042, 3.2494)
(-5.708, -3.582, 3.1871)
(-6.1358, -3.8888, 3.1337)
(-6.4346, -3.3341, 3.2135)
(-5.0724, -3.1429, 1.6779)
(-5.3399, -3.0074, 1.6321)
(-5.924, -2.8941, 1.6937)
(-6.4369, -2.8398, 1.9932)
(-6.7327, -2.8722, 2.5018)
(-6.6912, -3.0567, 2.9974)
(-2.295, -0.3023, 3.8002)
(-2.7773, -0.6342, 3.7117)
(-3.3467, -1.0232, 3.6283)
(-3.9172, -1.4144, 3.5561)
(-4.4889, -1.8029, 3.5076)
(-5.0388, -2.1955, 3.3735)
(-5.6194, -2.5715, 3.214)
(-6.2194, -2.8782, 3.12)
(-2.4173, 0.1386, 3.4599)
(-2.9801, -0.2329, 3.3457)
(-3.547, -0.6479, 3.2294)
(-4.0858, -1.0807, 3.1127)
(-4.6271, -1.5145, 3.0003)
(-5.2183, -1.9313, 2.9032)
(-5.8186, -2.3256, 2.8228)
(-6.3734, -2.6383, 2.7101)
(-1.4055, 1.3147, 2.9811)
(-1.9296, 0.8979, 3.0105)
(-2.4866, 0.4676, 2.9628)
(-3.0587, 0.0265, 2.8252)
(-3.564, -0.4499, 2.6933)
(-4.0346, -0.9427, 2.5617)
(-4.5394, -1.3946, 2.4091)
(-5.0876, -1.8252, 2.3314)
(-5.6041, -2.2333, 2.3179)
(-6.1221, -2.5882, 2.2347)
(-1.522, 1.4907, 2.5281)
(-2.043, 1.0759, 2.4754)
(-2.5239, 0.6006, 2.3672)
(-2.9794, 0.0855, 2.2464)
(-3.3633, -0.4748, 2.1537)
(-3.758, -1.0157, 2.0465)
(-4.2448, -1.4465, 1.8751)
(-4.7245, -1.8603, 1.8402)
(-5.1731, -2.2869, 1.9439)
(-5.6575, -2.7042, 1.9453)
(-1.6038, 1.6209, 1.9465)
(-2.028, 1.1339, 1.8938)
(-2.3742, 0.5666, 1.7927)
(-2.7428, -0.005, 1.7035)
(-3.0496, -0.6161, 1.6571)
(-3.4063, -1.1815, 1.5727)
(-3.8618, -1.6518, 1.4259)
(-4.298, -2.1005, 1.4548)
(-4.7501, -2.5042, 1.7069)
(-5.1774, -2.8604, 1.8576)
(-1.6417, 1.6825, 1.3434)
(-1.9744, 1.1359, 1.3071)
(-2.1847, 0.4981, 1.2394)
(-2.4684, -0.1199, 1.1792)
(-2.7539, -0.7463, 1.1438)
(-3.0849, -1.336, 1.0744)
(-3.4539, -1.9046, 1.0119)
(-3.8764, -2.3846, 1.1656)
(-4.3787, -2.6931, 1.5786)
(-4.8652, -2.9451, 1.8636)
(-1.675, 1.7372, 0.739)
(-2.0071, 1.1746, 0.7049)
(-2.1652, 0.5059, 0.654)
(-2.3512, -0.1566, 0.6112)
(-2.5826, -0.8002, 0.5808)
(-2.8346, -1.4231, 0.5391)
(-3.0447, -2.0145, 0.5267)
(-1.6994, 1.7831, 0.1345)
(-2.0702, 1.2249, 0.1045)
(-2.2708, 0.5667, 0.0615)
(-2.4237, -0.1021, 0.0211)
(-2.5683, -0.7554, -0.0073)
(-2.6867, -1.3981, -0.0303)
(-2.7287, -1.9506, -0.0311)
(-1.7205, 1.8265, -0.4696)
(-2.1174, 1.2809, -0.4962)
(-2.3296, 0.6305, -0.5312)
(-2.4512, -0.0326, -0.564)
(-2.5393, -0.675, -0.5895)
(-2.5633, -1.309, -0.6084)
(-2.4985, -1.8447, -0.6093)
(-1.7378, 1.8909, -1.0662)
(-2.0528, 1.3265, -1.0744)
(-2.1511, 0.6602, -1.0722)
(-2.2287, 0.0042, -1.0908)
(-2.3585, -0.6057, -1.1423)
(-2.3965, -1.207, -1.183)
(-2.2778, -1.7228, -1.1911)
(-1.6393, 1.9629, -1.5844)
(-1.7464, 1.3476, -1.5297)
(-1.7976, 0.6764, -1.5443)
(-1.9613, 0.0602, -1.5989)
(-2.1753, -0.5097, -1.6916)
(-2.2101, -1.0978, -1.7567)
(-2.0507, -1.5979, -1.7777)
(-1.5963, 1.9074, -2.0691)
(-1.5446, 1.3262, -1.9648)
(-1.5961, 0.7494, -2.0455)
(-1.8016, 0.1781, -2.1246)
(-1.9207, -0.3911, -2.2014)
(-1.9246, -0.9672, -2.279)
(-1.7847, -1.4591, -2.354)
(-1.6452, 1.6488, -2.5611)
(-1.6886, 1.1357, -2.364)
(-1.6696, 0.6789, -2.4726)
(-1.7504, 0.1828, -2.6287)
(-1.7957, -0.3723, -2.696)
(-1.8103, -0.9185, -2.8347)
(-1.6805, -1.393, -2.9806)
(-1.4733, 1.2713, -2.8951)
(-1.8326, 0.8521, -2.6716)
(-1.9415, 0.4262, -2.7288)
(-1.8929, 0.023, -3.0334)
(-1.9449, -0.4055, -3.2494)
(-1.9766, -0.9591, -3.4237)
(-1.8058, -1.4181, -3.5929)
(-1.3693, 1.0913, -3.2681)
(-1.9541, 0.8256, -3.0966)
(-2.2765, 0.398, -3.052)
(-2.2423, -0.0769, -3.3287)
(-2.261, -0.5261, -3.5462)
(-2.2691, -1.1264, -3.6044)
(-2.0601, -1.6079, -3.746)
(-1.5341, 1.3132, -3.7276)
(-2.1238, 1.0254, -3.6113)
(-2.5089, 0.5362, -3.5594)
(-2.6631, -0.0649, -3.6646)
(-2.7093, -0.6729, -3.737)
(-2.5673, -1.2821, -3.7798)
(-2.2734, -1.743, -3.9138)
(-1.6901, 1.5787, -4.1973)
(-2.2145, 1.1498, -4.1628)
(-2.6128, 0.5956, -4.1418)
(-2.9062, -0.0215, -4.1472)
(-2.9894, -0.6728, -4.2002)
(-2.7305, -1.2501, -4.3313)
(-2.349, -1.6424, -4.4879)
(-1.7366, 1.6426, -4.69)
(-2.233, 1.1642, -4.6665)
(-2.6542, 0.6168, -4.6458)
(-2.9909, 0.019, -4.6432)
(-3.1083, -0.6332, -4.6886)
(-2.8568, -1.2022, -4.818)
(-2.4489, -1.5685, -4.9709)
(-2.1097, -0.6925, 3.9738)
(-2.5389, -1.0245, 3.9066)
(-3.1096, -1.4062, 3.8437)
(-3.6865, -1.7865, 3.7805)
(-4.2618, -2.1638, 3.7334)
(-4.7713, -2.5264, 3.5332)
(-5.2974, -2.8963, 3.3059)
(-5.9194, -3.2297, 3.2461)
