(-1.887, -1.8066, -5.4648)
(-1.3209, -1.8816, -5.2316)
(-0.9922, -2.3726, -5.0904)
(-0.4674, -2.7038, -5.0289)
(0.1754, -2.6489, -5.1579)
(-2.0061, -1.9142, -5.0593)
(-1.4547, -1.8764, -4.8277)
(0.811, -2.5269, -5.2567)
(-1.0222, -2.2447, -4.6949)
(1.2285, -2.4352, -5.2345)
(-0.4333, -2.5131, -4.6641)
(0.2333, -2.5719, -4.766)
(0.8627, -2.4706, -4.835)
(1.356, -2.3996, -4.9177)
(-2.1342, -2.0462, -4.5263)
(-1.5861, -1.8951, -4.3235)
(-0.9986, -2.0124, -4.246)
(-0.3811, -2.179, -4.2841)
(0.2855, -2.3325, -4.3427)
(0.9072, -2.3511, -4.305)
(1.3343, -2.5363, -4.3176)
(-2.221, -2.1878, -3.9618)
(-1.5907, -2.1446, -3.8276)
(-0.9261, -2.1463, -3.7395)
(-0.3145, -2.2893, -3.8061)
(0.3086, -2.384, -3.8887)
(0.8703, -2.3212, -3.8484)
(1.259, -2.657, -3.7233)
(-2.3007, -2.3298, -3.4037)
(-1.6625, -2.49, -3.3794)
(-0.9796, -2.517, -3.3188)
(-0.3515, -2.5324, -3.3232)
(0.1296, -2.3252, -3.5445)
(0.5991, -2.2419, -3.764)
(1.0048, -2.168, -4.0055)
(-2.3085, -2.3663, -2.8122)
(-1.7159, -2.6572, -2.8242)
(-1.042, -2.6817, -2.7825)
(-0.4082, -2.5935, -2.7702)
(0.0638, -2.3313, -2.9872)
(0.5463, -2.196, -3.247)
(0.8526, -2.1259, -3.3652)
(-2.2645, -2.3528, -2.2107)
(-1.7226, -2.7013, -2.2307)
(-1.0759, -2.6738, -2.222)
(-0.4452, -2.5851, -2.2498)
(0.0822, -2.5195, -2.4439)
(0.5644, -2.2462, -2.5697)
(0.8857, -1.9172, -2.6037)
(-2.1664, -2.3046, -1.6151)
(-1.6659, -2.7379, -1.646)
(-1.0343, -2.8791, -1.7115)
(-0.4045, -2.8438, -1.7861)
(0.1656, -2.6766, -1.8806)
(0.6948, -2.4279, -1.9612)
(1.1108, -2.226, -2.0211)
(-2.0313, -2.2268, -1.0274)
(-1.5536, -2.6996, -1.0582)
(-0.9355, -2.9246, -1.1366)
(-0.3028, -2.9357, -1.2204)
(0.2976, -2.7991, -1.2966)
(0.8626, -2.631, -1.3789)
(1.2977, -2.4858, -1.4433)
(-1.8909, -2.146, -0.4416)
(-1.4395, -2.6516, -0.4668)
(-0.83, -2.8994, -0.5448)
(-0.1851, -2.9365, -0.6325)
(0.444, -2.8966, -0.7175)
(1.0377, -2.8215, -0.8068)
(1.4935, -2.7377, -0.8734)
(-1.7849, -2.0949, 0.1514)
(-1.3474, -2.6522, 0.1292)
(-0.7513, -2.9815, 0.0459)
(-0.0763, -3.0503, -0.0585)
(0.5914, -3.0445, -0.1571)
(1.2199, -3.0168, -0.2493)
(1.6983, -2.9793, -0.3116)
(-1.6851, -2.0441, 0.7325)
(-1.2451, -2.6395, 0.7195)
(-0.6705, -3.0666, 0.6383)
(0.0258, -3.21, 0.5044)
(0.733, -3.2295, 0.3851)
(1.4092, -3.2234, 0.2922)
(1.9423, -3.2016, 0.2464)
(-1.4402, -1.8683, 1.2409)
(-1.0155, -2.4643, 1.2406)
(-0.5011, -2.9698, 1.1945)
(0.1574, -3.2342, 1.0735)
(0.8578, -3.3551, 0.9418)
(1.5645, -3.4404, 0.8272)
(2.367, -3.4967, 0.7677)
(-1.1616, -1.6628, 1.7388)
(-0.7406, -2.2328, 1.7265)
(-0.2373, -2.722, 1.6726)
(0.3645, -3.0782, 1.5806)
(2.8975, -3.8767, 1.1564)
(1.0009, -3.3642, 1.4629)
(1.6519, -3.6073, 1.3179)
(3.3446, -4.3846, 1.4248)
(2.3072, -3.8444, 1.1904)
(3.7768, -4.7127, 1.8726)
(2.9161, -4.0839, 1.1832)
(-0.8875, -1.4615, 2.2492)
(-0.4677, -2.0085, 2.2145)
(0.0302, -2.473, 2.1174)
(4.0838, -4.805, 1.837)
(0.6013, -2.8312, 1.9769)
(3.433, -4.2227, 1.3905)
(1.1963, -3.1616, 1.8419)
(1.8039, -3.4755, 1.7101)
(3.9162, -4.4628, 1.6527)
(2.4157, -3.7845, 1.5831)
(4.3161, -4.7013, 1.6981)
(2.9784, -4.1054, 1.4598)
(-0.6218, -1.2804, 2.7501)
(-0.2104, -1.8378, 2.7445)
(0.223, -2.4113, 2.6444)
(3.3936, -4.4217, 1.3244)
(0.7027, -2.9122, 2.4683)
(1.2181, -3.3495, 2.2823)
(3.9223, -4.6054, 1.3186)
(1.7634, -3.7415, 2.0934)
(-0.4022, -1.1339, 3.1464)
(4.3781, -4.7436, 1.2866)
(2.3296, -4.1016, 1.9001)
(2.9146, -4.4148, 1.7429)
(0.5597, -2.2735, 3.1066)
(0.1156, -1.5609, 3.3045)
(3.4776, -4.6675, 1.6523)
(0.985, -2.8585, 2.9553)
(1.4265, -3.3974, 2.7964)
(3.9451, -4.9954, 1.4794)
(1.8991, -3.886, 2.6118)
(4.3188, -5.1984, 1.2744)
(2.4186, -4.3096, 2.4022)
(3.0059, -4.6504, 2.2148)
(0.6336, -1.7228, 3.6047)
(0.9538, -2.1851, 3.5202)
(3.583, -4.9663, 2.0971)
(1.3543, -2.7333, 3.397)
(1.7787, -3.2892, 3.2558)
(4.0597, -5.3185, 1.9154)
(2.2149, -3.831, 3.0991)
(4.3438, -5.6194, 1.6719)
(2.6875, -4.3446, 2.9174)
(3.2306, -4.8112, 2.7086)
(1.0669, -1.641, 3.9032)
(1.3772, -2.0047, 3.8097)
(3.6929, -5.2736, 2.5367)
(1.7696, -2.5215, 3.7017)
(2.1863, -3.0738, 3.5749)
(4.0968, -5.6829, 2.3423)
(2.6045, -3.6298, 3.4464)
(1.3972, -1.5963, 3.9908)
(4.4039, -5.989, 2.143)
(3.0385, -4.1885, 3.3139)
(1.6948, -1.7519, 3.9657)
(2.1062, -2.3072, 3.8592)
(3.5003, -4.7474, 3.1414)
(2.5169, -2.8607, 3.7525)
(3.8925, -5.3046, 2.9952)
(2.9232, -3.4119, 3.6276)
(3.3191, -3.9781, 3.5671)
(4.2362, -5.779, 2.8364)
(3.7434, -4.4908, 3.3663)
(4.4877, -6.1102, 2.6559)
(4.1197, -5.072, 3.2465)
(4.4833, -5.9494, 2.9647)
(4.5103, -5.6503, 3.1548)
(2.1405, 0.704, -4.8752)
(2.2108, 0.0443, -4.7011)
(2.2793, -0.5864, -4.5195)
(2.3308, -1.2055, -4.7213)
(2.3144, -1.766, -5.0367)
(2.172, 0.7141, -4.5095)
(2.3681, 0.0614, -4.4951)
(1.8966, -2.1603, -5.2104)
(2.51, -0.6035, -4.4641)
(1.5227, -2.3632, -5.221)
(2.5338, -1.2679, -4.516)
(2.3264, -1.8545, -4.6472)
(1.836, -2.2171, -4.7852)
(1.3766, -2.4007, -4.9152)
(1.8322, 0.5838, -4.1447)
(2.0249, -0.0564, -4.2213)
(2.2473, -0.6751, -4.1672)
(2.354, -1.3186, -4.0788)
(2.2336, -1.9391, -4.1107)
(1.7895, -2.3453, -4.2335)
(1.3515, -2.5484, -4.319)
(1.5671, 0.4283, -3.7239)
(1.8538, -0.1601, -3.7803)
(2.1415, -0.6558, -3.6853)
(2.1739, -1.2541, -3.5574)
(2.0414, -1.859, -3.6314)
(1.6639, -2.3253, -3.7564)
(1.2815, -2.6539, -3.721)
(1.7766, 0.5138, -3.3045)
(1.9996, -0.0275, -3.4027)
(1.9079, -0.5623, -3.297)
(1.8403, -1.0964, -3.1535)
(1.7245, -1.5634, -3.4422)
(1.4061, -1.9874, -3.6264)
(1.0264, -2.1677, -3.9806)
(2.1143, 0.768, -3.0251)
(2.0595, 0.1722, -2.9925)
(1.8259, -0.4322, -2.8499)
(1.6697, -0.96, -2.6835)
(1.5478, -1.4073, -2.9773)
(1.2601, -1.8433, -3.1791)
(0.9301, -2.1009, -3.3774)
(2.3957, 0.813, -2.5574)
(2.3648, 0.1497, -2.5613)
(2.1733, -0.4765, -2.4703)
(1.9014, -0.9503, -2.2694)
(1.557, -1.3508, -2.3926)
(1.2397, -1.8008, -2.5213)
(0.8564, -1.9731, -2.6009)
(2.5137, 0.7787, -1.9773)
(2.55, 0.0911, -2.014)
(2.4784, -0.5809, -2.0292)
(2.2656, -1.1468, -1.9933)
(1.8475, -1.5537, -1.9673)
(1.4671, -1.9889, -1.9982)
(1.1042, -2.2507, -2.0331)
(2.4638, 0.7382, -1.3783)
(2.5302, 0.0517, -1.4153)
(2.5102, -0.6308, -1.4542)
(2.3882, -1.2552, -1.4779)
(2.0723, -1.7692, -1.4701)
(1.6725, -2.2052, -1.4562)
(1.311, -2.5034, -1.4469)
(2.3699, 0.7033, -0.7795)
(2.4143, 0.0193, -0.8207)
(2.3894, -0.6638, -0.8634)
(2.3345, -1.3128, -0.8891)
(2.1598, -1.9067, -0.9025)
(1.8348, -2.4015, -0.8955)
(1.5129, -2.7456, -0.877)
(2.2504, 0.6757, -0.1876)
(2.2201, -0.0069, -0.2475)
(2.1767, -0.6921, -0.2973)
(2.1761, -1.3604, -0.3153)
(2.1368, -2.0017, -0.324)
(1.9667, -2.5755, -0.331)
(1.7204, -2.9826, -0.311)
(2.0856, 0.6504, 0.392)
(2.02, -0.0293, 0.3183)
(2.0133, -0.7146, 0.2693)
(2.0487, -1.3987, 0.2559)
(2.0931, -2.0691, 0.2484)
(2.1025, -2.7014, 0.2355)
(1.9834, -3.1958, 0.2572)
(1.9483, 0.6245, 0.9751)
(1.9888, -0.0469, 0.9029)
(2.1138, -0.7152, 0.8446)
(2.1797, -1.3999, 0.8266)
(2.2631, -2.0822, 0.8061)
(2.3814, -2.7514, 0.7675)
(2.4407, -3.4948, 0.7899)
(1.9157, 0.5849, 1.5706)
(2.1195, -0.0475, 1.4827)
(2.3385, -0.6919, 1.404)
(2.4526, -1.3672, 1.3639)
(2.9242, -3.8797, 1.1944)
(2.5645, -2.0432, 1.3278)
(2.7643, -2.6927, 1.2462)
(3.3932, -4.4509, 1.4929)
(2.9926, -3.3274, 1.2214)
(3.7895, -4.7942, 1.9326)
(3.3336, -3.8627, 1.3538)
(1.9386, 0.5367, 2.1736)
(2.2379, -0.0581, 2.0802)
(2.527, -0.675, 1.979)
(3.9883, -5.0297, 1.9383)
(2.7314, -1.3236, 1.8972)
(3.6272, -4.3831, 1.7434)
(2.9071, -1.9757, 1.8239)
(3.1655, -2.5933, 1.7071)
(3.9652, -4.8642, 1.8979)
(3.442, -3.2006, 1.6396)
(4.2339, -5.2084, 1.796)
(3.8093, -3.7318, 1.6183)
(1.9293, 0.4849, 2.7537)
(2.2611, -0.0944, 2.7022)
(2.6257, -0.6932, 2.5819)
(4.1023, -4.3059, 1.8329)
(2.9449, -1.3054, 2.4526)
(3.2241, -1.9168, 2.3239)
(4.3578, -4.7878, 1.8485)
(3.5182, -2.5166, 2.1978)
(1.8361, 0.4054, 3.2079)
(4.6814, -5.1212, 1.5995)
(3.8431, -3.0967, 2.1144)
(4.2038, -3.6593, 2.0771)
(2.5805, -0.8319, 3.1662)
(2.0779, -0.1885, 3.3857)
(4.5451, -4.2366, 2.0979)
(2.9833, -1.4136, 3.026)
(3.3394, -1.9973, 2.885)
(4.8254, -4.7312, 2.0431)
(3.6981, -2.5674, 2.7486)
(5.1854, -5.1111, 1.8506)
(4.1008, -3.113, 2.6489)
(4.468, -3.7139, 2.6341)
(2.0432, -0.7044, 3.7059)
(2.3849, -1.1434, 3.6047)
(4.8233, -4.2587, 2.6013)
(2.7878, -1.6808, 3.4954)
(3.1869, -2.243, 3.3807)
(5.1947, -4.7687, 2.5266)
(3.5797, -2.8036, 3.2532)
(5.5434, -5.1198, 2.3701)
(3.9753, -3.3691, 3.1449)
(4.373, -3.9537, 3.1549)
(1.7903, -1.1012, 3.9551)
(2.0528, -1.4988, 3.8547)
(4.7779, -4.4558, 3.0959)
(2.4352, -2.0188, 3.7593)
(2.8456, -2.5693, 3.6681)
(5.2133, -4.9702, 3.0161)
(3.2431, -3.1208, 3.5525)
(1.6424, -1.4096, 4.009)
(5.5369, -5.3144, 2.8962)
(3.6129, -3.6765, 3.4268)
(1.7085, -1.7384, 3.9724)
(2.1178, -2.2891, 3.863)
(3.9957, -4.2286, 3.3792)
(2.5272, -2.8417, 3.7601)
(4.405, -4.7758, 3.275)
(2.9323, -3.3896, 3.625)
(3.3254, -3.9554, 3.5595)
(4.8483, -5.2986, 3.2068)
(3.7269, -4.4743, 3.3462)
(5.1874, -5.6114, 3.1878)
(4.0962, -5.0042, 3.2339)
(4.8569, -5.6809, 3.3099)
(4.532, -5.6388, 3.1686)
(-2.4061, -1.7013, -5.6106)
(-2.299, -1.206, -5.5039)
(-1.9144, -0.7454, -5.2815)
(-1.8391, -0.1186, -5.2265)
(-1.9541, 0.5474, -5.3045)
(-1.9386, 1.2306, -5.3508)
(-2.5262, -1.7552, -5.1783)
(-2.4831, -1.2151, -5.1042)
(-2.1208, -0.7202, -4.8999)
(-1.7824, 1.8596, -5.3189)
(-1.9736, -0.1, -4.8115)
(-1.5995, 2.2216, -5.1987)
(-2.0379, 0.5609, -4.8786)
(-2.0505, 1.2376, -4.9294)
(-1.8687, 1.8515, -4.8924)
(-1.599, 2.2787, -4.8612)
(-2.6422, -1.8188, -4.6183)
(-2.6802, -1.2271, -4.573)
(-2.3737, -0.6527, -4.4092)
(-2.1107, -0.0581, -4.2642)
(-2.0893, 0.5535, -4.3249)
(-2.1764, 1.2218, -4.3743)
(-2.0122, 1.8338, -4.3401)
(-1.7548, 2.2499, -4.2667)
(-2.7355, -1.8653, -4.0208)
(-2.8501, -1.2602, -3.9987)
(-2.585, -0.6712, -3.8725)
(-2.3011, -0.0977, -3.7201)
(-2.2233, 0.4696, -3.7793)
(-2.2579, 1.1477, -3.8115)
(-2.0873, 1.7652, -3.8621)
(-1.8733, 2.1901, -3.6727)
(-2.7752, -1.8767, -3.4218)
(-3.0025, -1.2566, -3.4434)
(-2.9057, -0.6314, -3.425)
(-2.5923, -0.1178, -3.2668)
(-2.2877, 0.4116, -3.3018)
(-2.0685, 0.9912, -3.3504)
(-1.8154, 1.5078, -3.6714)
(-1.5066, 1.8641, -4.0794)
(-2.718, -1.8314, -2.8224)
(-2.9552, -1.1886, -2.8632)
(-3.0216, -0.5169, -2.9231)
(-2.8915, 0.1195, -2.9712)
(-2.551, 0.6654, -3.0344)
(-2.1147, 1.0263, -2.9822)
(-1.7863, 1.3768, -3.2236)
(-1.5289, 1.685, -3.5451)
(-2.6196, -1.7749, -2.2258)
(-2.8371, -1.1229, -2.274)
(-2.9663, -0.4498, -2.3459)
(-2.9883, 0.2183, -2.4427)
(-2.8007, 0.821, -2.5479)
(-2.3867, 1.2553, -2.5958)
(-1.8518, 1.483, -2.6584)
(-1.4365, 1.6204, -2.7057)
(-2.4979, -1.7069, -1.6335)
(-2.7212, -1.0562, -1.6827)
(-2.8878, -0.3919, -1.7504)
(-2.9633, 0.2706, -1.8394)
(-2.8486, 0.8855, -1.9361)
(-2.498, 1.3734, -2.0027)
(-1.9772, 1.6544, -2.0316)
(-1.6013, 1.903, -2.076)
(-2.3644, -1.6257, -1.0447)
(-2.6215, -0.9855, -1.0883)
(-2.8363, -0.3342, -1.1498)
(-2.9372, 0.3222, -1.2333)
(-2.827, 0.9355, -1.3191)
(-2.5136, 1.4547, -1.3817)
(-2.0771, 1.8451, -1.4251)
(-1.741, 2.1598, -1.4754)
(-2.2436, -1.5447, -0.4544)
(-2.5597, -0.9226, -0.4888)
(-2.8295, -0.2857, -0.5455)
(-2.9322, 0.3749, -0.628)
(-2.799, 0.998, -0.7125)
(-2.512, 1.5573, -0.7794)
(-2.1583, 2.0429, -0.8375)
(-1.8724, 2.4113, -0.8887)
(-2.1705, -1.488, 0.1426)
(-2.5489, -0.8761, 0.1145)
(-2.8839, -0.244, 0.0612)
(-2.9935, 0.437, -0.0252)
(-2.821, 1.0894, -0.1193)
(-2.5439, 1.697, -0.197)
(-2.2436, 2.2529, -0.2642)
(-1.9913, 2.6678, -0.3109)
(-2.0915, -1.4288, 0.7228)
(-2.4959, -0.812, 0.7012)
(-2.8799, -0.1775, 0.6616)
(-3.0662, 0.5152, 0.5767)
(-2.9267, 1.2129, 0.4574)
(-2.6461, 1.8666, 0.3613)
(-2.3521, 2.4792, 0.2912)
(-2.0977, 2.9519, 0.2621)
(-1.8449, -1.2639, 1.2314)
(-2.2469, -0.6584, 1.2173)
(-2.6423, -0.0455, 1.1948)
(-2.9304, 0.6079, 1.1426)
(-2.895, 1.3135, 1.028)
(-2.6991, 2.0026, 0.9208)
(-2.4797, 2.6767, 0.8364)
(-2.2119, 3.438, 0.8019)
(-1.5586, -1.0743, 1.7334)
(-1.9519, -0.4861, 1.7212)
(-2.3385, 0.1007, 1.7012)
(-2.6373, 0.7135, 1.6508)
(-2.6854, 1.3782, 1.5394)
(-2.4038, 4.0338, 1.2447)
(-2.6648, 2.06, 1.4525)
(-2.6639, 2.7385, 1.3418)
(-2.615, 4.5737, 1.7312)
(-2.7186, 3.3972, 1.182)
(-2.725, 5.2527, 1.8424)
(-1.2777, -0.8835, 2.248)
(-2.7422, 4.0513, 1.1824)
(-1.6653, -0.3024, 2.2349)
(-2.0573, 0.2729, 2.2168)
(-2.434, 0.8569, 2.1756)
(-2.4954, 5.4044, 1.7124)
(-2.7053, 1.4743, 2.0594)
(-2.6372, 4.649, 1.4081)
(-2.8975, 2.1154, 1.9083)
(-3.0371, 2.7682, 1.7294)
(-2.5056, 5.1762, 1.6668)
(-3.1621, 3.4208, 1.5311)
(-2.3678, 5.5905, 1.6791)
(-3.2034, 4.0849, 1.3902)
(-1.0156, -0.7081, 2.7352)
(-1.387, -0.1213, 2.7306)
(-1.734, 0.4759, 2.7139)
(-2.1214, 1.0887, 2.6361)
(-3.0576, 4.7301, 1.3734)
(-2.4963, 1.6981, 2.5327)
(-2.8233, 2.3086, 2.4044)
(-2.8097, 5.2975, 1.4358)
(-3.0941, 2.9301, 2.2352)
(-0.8384, -0.589, 3.0829)
(-1.1824, 0.016, 3.1399)
(-2.6287, 5.7488, 1.4225)
(-3.3155, 3.5612, 2.0325)
(-3.4677, 4.2035, 1.8374)
(-1.7914, 1.3583, 3.0736)
(-1.3594, 0.6549, 3.2975)
(-3.453, 4.8546, 1.7185)
(-2.1537, 1.9814, 2.937)
(-2.5084, 2.5877, 2.8232)
(-3.2631, 5.4622, 1.6586)
(-2.841, 3.1931, 2.6954)
(-3.0823, 5.9242, 1.6287)
(-3.1188, 3.8114, 2.518)
(-3.3521, 4.4393, 2.3176)
(-1.2851, 1.1857, 3.6127)
(-1.5435, 1.6775, 3.4985)
(-3.6014, 5.0338, 2.2026)
(-1.8511, 2.2731, 3.3615)
(-2.1831, 2.8822, 3.2365)
(-3.6074, 5.6316, 2.1055)
(-2.5327, 3.4827, 3.127)
(-3.523, 6.1023, 2.0165)
(-2.867, 4.0905, 2.9933)
(-3.1437, 4.7226, 2.7959)
(-1.0292, 1.55, 3.9101)
(-1.2374, 1.9831, 3.8329)
(-3.4645, 5.2995, 2.662)
(-1.54, 2.5544, 3.7345)
(-1.8674, 3.1592, 3.6186)
(-3.736, 5.8423, 2.6007)
(-2.21, 3.7601, 3.5101)
(-0.8583, 1.8373, 3.9984)
(-3.8324, 6.2887, 2.4714)
(-2.56, 4.3613, 3.394)
(-0.8856, 2.172, 3.9862)
(-1.2337, 2.7718, 3.9376)
(-2.8893, 4.9646, 3.2056)
(-1.5841, 3.3698, 3.8666)
(-3.2425, 5.5297, 3.0877)
(-1.9335, 3.9682, 3.7707)
(-2.2992, 4.563, 3.7207)
(-3.5618, 6.0657, 3.047)
(-2.5434, 5.0984, 3.3528)
(-3.771, 6.4693, 2.947)
(-2.924, 5.6731, 3.2861)
(-3.524, 6.4648, 3.1728)
(-3.2279, 6.3028, 3.2335)
(1.9112, 1.3464, -4.9144)
(1.5218, 1.9136, -4.8864)
(1.0332, 2.4022, -4.8635)
(0.4972, 2.8359, -4.8452)
(-0.1094, 3.1372, -4.8622)
(-0.7522, 3.1326, -4.9397)
(1.8988, 1.3364, -4.4749)
(1.5199, 1.9061, -4.4446)
(1.0299, 2.3891, -4.4246)
(-1.2412, 2.779, -5.0979)
(0.4691, 2.7882, -4.4087)
(-1.5169, 2.4581, -5.143)
(-0.149, 3.0612, -4.4307)
(-0.7923, 3.0204, -4.5163)
(-1.2826, 2.6623, -4.68)
(-1.5888, 2.2942, -4.8517)
(1.672, 1.2243, -3.9976)
(1.418, 1.8422, -3.9069)
(0.9949, 2.3504, -3.8589)
(0.4173, 2.6871, -3.855)
(-0.1976, 2.8969, -3.9176)
(-0.8375, 2.8564, -3.9787)
(-1.3683, 2.5605, -4.1259)
(-1.7423, 2.2634, -4.2564)
(1.3431, 1.0547, -3.5899)
(1.1424, 1.6845, -3.4318)
(0.8691, 2.2346, -3.2977)
(0.3218, 2.446, -3.3525)
(-0.1936, 2.4799, -3.5955)
(-0.7881, 2.5488, -3.5873)
(-1.3741, 2.4118, -3.6814)
(-1.8615, 2.2051, -3.664)
(1.3949, 1.0417, -3.1321)
(1.035, 1.5756, -2.9564)
(0.7249, 2.0185, -2.8153)
(0.2399, 2.0791, -2.996)
(-0.0947, 2.0309, -3.3553)
(-0.6001, 2.1502, -3.5197)
(-1.1601, 2.0946, -3.6699)
(-1.4841, 1.8327, -3.9677)
(1.7774, 1.2851, -2.8729)
(1.3201, 1.6607, -2.6274)
(0.8546, 1.7344, -2.4904)
(0.4442, 1.7722, -2.7716)
(-0.0377, 1.8225, -2.9013)
(-0.5517, 1.935, -3.0611)
(-1.0914, 1.8886, -3.225)
(-1.4786, 1.6989, -3.4171)
(2.1233, 1.3727, -2.4424)
(1.622, 1.5789, -2.2201)
(1.0895, 1.4783, -2.2205)
(0.5932, 1.6776, -2.3469)
(0.0175, 1.7675, -2.3992)
(-0.5337, 1.8569, -2.4883)
(-1.0837, 1.8224, -2.5921)
(-1.4902, 1.6471, -2.7064)
(2.287, 1.3494, -1.9018)
(1.7521, 1.5033, -1.7485)
(1.1109, 1.5374, -1.7536)
(0.4997, 1.7349, -1.8253)
(-0.0511, 1.9963, -1.9119)
(-0.6194, 2.1511, -2.0014)
(-1.1914, 2.0848, -2.0482)
(-1.621, 1.9206, -2.0864)
(2.2315, 1.3626, -1.3516)
(1.758, 1.7642, -1.3319)
(1.1124, 1.8973, -1.3165)
(0.4494, 1.9888, -1.3155)
(-0.1533, 2.1715, -1.3708)
(-0.7238, 2.3584, -1.4494)
(-1.3007, 2.3242, -1.4796)
(-1.7434, 2.1786, -1.4845)
(2.1406, 1.3434, -0.7648)
(1.7092, 1.8584, -0.7807)
(1.1078, 2.1528, -0.8031)
(0.4475, 2.3062, -0.8268)
(-0.1912, 2.435, -0.856)
(-0.8076, 2.5418, -0.8859)
(-1.4041, 2.529, -0.901)
(-1.8639, 2.4293, -0.8943)
(2.0827, 1.3245, -0.1635)
(1.6543, 1.8405, -0.1797)
(1.0563, 2.1677, -0.2146)
(0.4013, 2.3754, -0.2541)
(-0.2484, 2.5394, -0.2868)
(-0.8875, 2.6636, -0.3101)
(-1.4993, 2.7208, -0.3239)
(-1.98, 2.6857, -0.3096)
(2.0199, 1.3068, 0.4372)
(1.6084, 1.8096, 0.4241)
(0.9884, 2.081, 0.3813)
(0.3256, 2.2744, 0.3341)
(-0.3246, 2.4884, 0.299)
(-0.9564, 2.7149, 0.2727)
(-1.5602, 2.916, 0.2478)
(-2.0706, 2.9863, 0.271)
(1.9426, 1.2775, 1.0373)
(1.5625, 1.7781, 1.0283)
(0.9371, 2.0138, 0.9785)
(0.2946, 2.2433, 0.9231)
(-0.3289, 2.5329, 0.8854)
(-0.936, 2.8476, 0.846)
(-1.511, 3.1937, 0.7849)
(-2.1834, 3.505, 0.8204)
(1.8707, 1.2343, 1.64)
(1.5219, 1.7622, 1.6316)
(0.9384, 2.0601, 1.5657)
(0.3706, 2.4188, 1.477)
(-0.2189, 2.7669, 1.4221)
(-2.3865, 4.0706, 1.2355)
(-0.8124, 3.1021, 1.3779)
(-1.3266, 3.529, 1.2669)
(-2.6303, 4.639, 1.8449)
(-1.8069, 3.9822, 1.2236)
(-2.7936, 5.3198, 1.9124)
(1.7885, 1.1768, 2.2391)
(-2.2078, 4.4501, 1.4489)
(1.4671, 1.7546, 2.2239)
(0.9901, 2.2107, 2.1288)
(0.4816, 2.6596, 2.0157)
(-2.9802, 5.2433, 1.5582)
(-0.0696, 3.0594, 1.9311)
(-2.4847, 4.9339, 1.7899)
(-0.6416, 3.4208, 1.8701)
(-1.113, 3.8802, 1.73)
(-2.7245, 5.2592, 1.8142)
(-1.491, 4.3861, 1.594)
(-2.7925, 5.2881, 1.4213)
(-1.9049, 4.8347, 1.7194)
(1.6435, 1.0873, 2.7792)
(1.2985, 1.6638, 2.7714)
(0.9073, 2.2079, 2.7237)
(0.4823, 2.7681, 2.6025)
(-2.2947, 5.3389, 1.8704)
(0.0133, 3.2786, 2.4723)
(-0.4922, 3.731, 2.3575)
(-2.6161, 5.7314, 1.8057)
(-0.9538, 4.2149, 2.2158)
(1.5, 0.9971, 3.144)
(1.1072, 1.5501, 3.1903)
(-2.5695, 5.7776, 1.4189)
(-1.335, 4.7559, 2.0754)
(-1.7434, 5.2734, 2.1009)
(0.2819, 2.7318, 3.1666)
(0.6665, 2.0024, 3.3636)
(-2.1016, 5.7593, 2.1034)
(-0.11, 3.3282, 3.0351)
(-0.5319, 3.8774, 2.908)
(-2.43, 6.2459, 1.9717)
(-0.9657, 4.4112, 2.7718)
(-2.5195, 6.3839, 1.6066)
(-1.3721, 4.9805, 2.6447)
(-1.7589, 5.5901, 2.5852)
(0.189, 2.146, 3.6922)
(-0.09, 2.6312, 3.6013)
(-2.1038, 6.1615, 2.5172)
(-0.439, 3.2087, 3.5006)
(-0.8111, 3.7947, 3.4042)
(-2.3562, 6.6565, 2.3605)
(-1.1896, 4.3734, 3.3142)
(-2.5833, 6.8219, 2.0819)
(-1.5612, 4.965, 3.2347)
(-1.9237, 5.5856, 3.1079)
(-0.2585, 2.0353, 3.9519)
(-0.5294, 2.4339, 3.8681)
(-2.2407, 6.1972, 3.0116)
(-0.8669, 2.9887, 3.7909)
(-1.2176, 3.5846, 3.7264)
(-2.4664, 6.7265, 2.8678)
(-1.5642, 4.183, 3.6786)
(-0.5942, 2.006, 4.0225)
(-2.6239, 7.0648, 2.6624)
(-1.911, 4.7604, 3.6108)
(-0.8737, 2.191, 3.9882)
(-1.2222, 2.791, 3.9414)
(-2.2641, 5.2806, 3.3668)
(-1.5737, 3.3879, 3.8741)
(-2.5832, 5.9139, 3.2499)
(-1.9227, 3.9812, 3.7824)
(-2.2728, 4.573, 3.7359)
(-2.7953, 6.5066, 3.1831)
(-2.5363, 5.0661, 3.3228)
(-2.8243, 6.9462, 3.12)
(-2.9419, 5.6142, 3.2452)
(-3.0097, 6.648, 3.2143)
(-3.1963, 6.3239, 3.2348)
(4.4909, -6.0573, 2.8363)
(4.216, -4.7644, 1.8035)
(4.3704, -4.6737, 1.4886)
(4.3486, -4.945, 1.2123)
(4.3211, -5.4194, 1.4466)
(4.3694, -5.8199, 1.9006)
(4.4516, -6.0885, 2.4098)
(-2.4662, -1.727, -5.4063)
(-2.5857, -1.7872, -4.9107)
(-2.693, -1.8452, -4.3201)
(-2.766, -1.8777, -3.7213)
(-2.7561, -1.8586, -3.122)
(-2.6719, -1.8036, -2.5236)
(-2.5612, -1.7428, -1.9291)
(-2.4315, -1.6675, -1.3389)
(-2.2998, -1.5836, -0.7502)
(-2.2007, -1.5126, -0.1565)
(-2.1448, -1.4669, 0.4396)
(-1.9844, -1.3564, 0.9831)
(-1.7009, -1.169, 1.4806)
(-1.418, -0.979, 1.9894)
(-1.139, -0.7904, 2.5043)
(-0.919, -0.6433, 2.9222)
(-2.3089, -1.891, -5.1415)
(-2.4206, -1.9973, -4.5917)
(-2.5103, -2.0784, -4.0021)
(-2.5638, -2.1358, -3.4124)
(-2.5369, -2.1207, -2.8127)
(-2.4641, -2.08, -2.2127)
(-2.3505, -2.0174, -1.6189)
(-2.2119, -1.9351, -1.0313)
(-2.0745, -1.8501, -0.4447)
(-1.9794, -1.7922, 0.1495)
(-1.8892, -1.7359, 0.7291)
(-1.6432, -1.566, 1.2366)
(-1.3611, -1.3691, 1.7372)
(-1.0839, -1.1742, 2.2513)
(-0.8209, -0.9971, 2.7419)
(-0.6313, -0.8702, 3.1017)
(-2.1986, -1.798, -5.5632)
(-1.574, -1.8035, -5.3439)
(-1.153, -2.1007, -5.1509)
(-0.7585, -2.5883, -5.04)
(-0.1525, -2.707, -5.0808)
(0.5064, -2.5852, -5.2173)
(1.0577, -2.4749, -5.2747)
(4.4913, -5.8077, 3.0657)
(4.315, -5.3611, 3.2006)
(3.9316, -4.7814, 3.3064)
(3.5313, -4.2345, 3.4667)
(3.1212, -3.695, 3.5974)
(2.7201, -3.1363, 3.69)
(2.3116, -2.584, 3.8059)
(1.9005, -2.0296, 3.9125)
(1.5471, -1.6568, 3.9839)
(1.1171, -2.4373, -4.8621)
(0.5627, -2.5267, -4.8073)
(-0.1024, -2.5683, -4.7082)
(-0.7483, -2.4089, -4.6628)
(-1.2418, -2.0309, -4.7468)
(-1.7107, -1.869, -4.9427)
(1.1359, -2.4225, -4.304)
(0.6159, -2.3406, -4.3279)
(-0.0518, -2.2697, -4.322)
(-0.6948, -2.0964, -4.2551)
(-1.2982, -1.9233, -4.265)
(-1.8581, -1.9724, -4.4236)
(1.0708, -2.4132, -3.8374)
(0.6099, -2.3418, -3.8735)
(-0.0044, -2.3611, -3.86)
(-0.6167, -2.2081, -3.7577)
(-1.2559, -2.1249, -3.7675)
(-1.9125, -2.1885, -3.8987)
(0.8144, -2.2325, -3.8324)
(0.3659, -2.2625, -3.6683)
(-0.1006, -2.4385, -3.4158)
(-0.6493, -2.544, -3.2986)
(-1.3209, -2.5043, -3.3511)
(-1.9947, -2.4415, -3.3951)
(0.7283, -2.1501, -3.3136)
(0.3117, -2.2472, -3.1302)
(-0.1642, -2.4657, -2.8549)
(-0.7072, -2.6584, -2.7564)
(-1.3828, -2.6905, -2.81)
(-2.0301, -2.5489, -2.8207)
(0.7508, -2.1089, -2.6024)
(0.3344, -2.3978, -2.5202)
(-0.1729, -2.5679, -2.3388)
(-0.75, -2.6211, -2.2179)
(-1.4051, -2.7195, -2.2301)
(-2.0139, -2.5718, -2.2206)
(0.9114, -2.3182, -1.9929)
(0.4411, -2.5538, -1.9239)
(-0.1144, -2.7755, -1.8325)
(-0.7128, -2.8787, -1.7468)
(-1.3585, -2.8402, -1.6767)
(-1.9376, -2.5532, -1.6245)
(1.0929, -2.5556, -1.4135)
(0.5918, -2.7137, -1.3383)
(-4.723993697552942e-05, -2.8787, -1.2583)
(-0.6156, -2.9534, -1.1797)
(-1.2548, -2.8432, -1.0939)
(-1.813, -2.4885, -1.0359)
(1.2791, -2.7792, -0.8429)
(0.7534, -2.8618, -0.7633)
(0.1308, -2.9221, -0.6744)
(-0.5063, -2.9351, -0.5892)
(-1.1485, -2.8093, -0.5014)
(-1.684, -2.4223, -0.4476)
(1.4753, -2.9976, -0.2836)
(0.919, -3.0329, -0.2057)
(0.2593, -3.0505, -0.1083)
(-0.4164, -3.0375, -0.0063)
(-1.0673, -2.853, 0.0936)
(-1.581, -2.3903, 0.1467)
(1.6989, -3.2176, 0.2632)
(1.0816, -3.2275, 0.334)
(0.3806, -3.2264, 0.4415)
(-0.3302, -3.1666, 0.5733)
(-0.9772, -2.8859, 0.6883)
(-1.4758, -2.3513, 0.7318)
(3.9341, -4.7788, 1.8557)
(3.5607, -4.5486, 1.6487)
(3.1211, -4.1306, 1.2906)
(2.6322, -3.6867, 0.9621)
(1.9275, -3.4809, 0.7865)
(1.2103, -3.3988, 0.8808)
(0.5065, -3.3043, 1.0064)
(-0.1847, -3.1299, 1.14)
(-0.7756, -2.7403, 1.2267)
(-1.2336, -2.1697, 1.2436)
(4.1242, -4.5857, 1.6973)
(3.6818, -4.3325, 1.5371)
(3.1819, -4.1533, 1.2637)
(2.6224, -3.9742, 1.1631)
(1.9813, -3.7228, 1.2467)
(1.3247, -3.4895, 1.3923)
(0.6807, -3.2274, 1.5254)
(0.0549, -2.9138, 1.6303)
(-0.5021, -2.4926, 1.7051)
(-0.9575, -1.9531, 1.7365)
(4.1616, -4.6755, 1.3088)
(3.6512, -4.5274, 1.3126)
(3.1863, -4.2737, 1.3824)
(2.7154, -3.9417, 1.5251)
(2.1097, -3.6297, 1.6449)
(1.4989, -3.3202, 1.776)
(0.8971, -2.9979, 1.9081)
(0.3098, -2.6608, 2.0491)
(-0.2297, -2.2546, 2.1737)
(-0.6847, -1.7418, 2.2385)
(4.139, -5.1118, 1.3775)
(3.7254, -4.8335, 1.5761)
(3.2038, -4.5367, 1.699)
(2.6212, -4.2685, 1.8118)
(2.0438, -3.9252, 1.996)
(1.4877, -3.5502, 2.1888)
(0.9564, -3.1373, 2.375)
(0.4573, -2.6722, 2.5613)
(0.0018, -2.1277, 2.7073)
(-0.4182, -1.5575, 2.755)
(4.2186, -5.4751, 1.7977)
(3.8431, -5.1431, 2.0173)
(3.3006, -4.805, 2.1549)
(2.7074, -4.4884, 2.2998)
(2.1504, -4.1079, 2.5084)
(1.6583, -3.6484, 2.708)
(1.2029, -3.1344, 2.8777)
(0.7706, -2.5699, 3.0322)
(0.3497, -1.9657, 3.1811)
(-0.1497, -1.3716, 3.2099)
(4.2592, -5.8448, 2.2422)
(3.9046, -5.4902, 2.4426)
(3.4722, -5.044, 2.6209)
(2.9599, -4.5808, 2.8113)
(2.4414, -4.0936, 3.013)
(1.9949, -3.5622, 3.1797)
(1.5655, -3.0131, 3.328)
(1.1464, -2.452, 3.4627)
(0.7862, -1.9456, 3.5659)
(4.3704, -5.9567, 2.7477)
(4.0734, -5.559, 2.9192)
(3.7044, -5.0299, 3.0659)
(3.2725, -4.4671, 3.2285)
(2.8167, -3.9093, 3.3843)
(2.395, -3.3512, 3.5098)
(1.9776, -2.7977, 3.6398)
(1.5654, -2.2491, 3.7582)
(1.2144, -1.8084, 3.8575)
(0.8641, -1.6971, 3.7712)
(1.1698, -2.1051, 3.6851)
(1.5647, -2.6344, 3.5705)
(1.9855, -3.1882, 3.4358)
(2.4116, -3.7404, 3.2941)
(2.8637, -4.2842, 3.1366)
(3.3662, -4.8101, 2.9435)
(3.7834, -5.3307, 2.7791)
(4.1515, -5.7738, 2.5969)
(0.3807, -1.6797, 3.441)
(0.7517, -2.2297, 3.3223)
(1.1622, -2.8036, 3.1869)
(1.5903, -3.3587, 3.0397)
(2.0404, -3.8803, 2.8686)
(2.536, -4.3496, 2.6692)
(3.1075, -4.7475, 2.4653)
(3.6307, -5.1372, 2.3121)
(4.0792, -5.5109, 2.1233)
(-0.5076, -1.2042, 2.9584)
(-0.0589, -1.7372, 2.9961)
(0.375, -2.3465, 2.8845)
(0.8211, -2.9072, 2.7162)
(1.2937, -3.404, 2.5377)
(1.8005, -3.8462, 2.3425)
(2.3433, -4.2341, 2.132)
(2.9357, -4.5476, 1.9609)
(3.5333, -4.8069, 1.8757)
(4.0043, -5.158, 1.6902)
(-0.7507, -1.3669, 2.5083)
(-0.342, -1.9211, 2.4802)
(0.1217, -2.4355, 2.3787)
(0.6501, -2.8542, 2.213)
(1.2097, -3.229, 2.048)
(1.7899, -3.5771, 1.8898)
(2.3798, -3.9123, 1.7345)
(2.9473, -4.2394, 1.5909)
(3.4212, -4.5446, 1.4474)
(3.92, -4.7953, 1.3335)
(-1.0246, -1.561, 1.9919)
(-0.6014, -2.1149, 1.9657)
(-0.0936, -2.5785, 1.8884)
(0.4961, -2.9303, 1.7787)
(1.1119, -3.2443, 1.6597)
(1.7396, -3.5308, 1.5245)
(2.3708, -3.8086, 1.3934)
(2.9579, -4.082, 1.308)
(3.4135, -4.2949, 1.3284)
(3.9317, -4.4855, 1.4661)
(-1.3001, -1.7652, 1.4885)
(-0.8795, -2.3504, 1.4859)
(-0.3775, -2.8588, 1.4437)
(0.2494, -3.1824, 1.3429)
(0.9189, -3.3932, 1.2177)
(1.6028, -3.5605, 1.0828)
(2.2994, -3.7388, 1.0019)
(2.8937, -4.014, 1.1373)
(3.404, -4.2589, 1.4301)
(3.8534, -4.5461, 1.76)
(-1.5769, -1.9683, 0.9932)
(-1.1436, -2.5685, 0.9879)
(-0.5994, -3.0428, 0.9242)
(0.0849, -3.2434, 0.7903)
(0.7975, -3.2999, 0.6616)
(1.4977, -3.3265, 0.5616)
(2.1546, -3.3492, 0.5071)
(-1.746, -2.0794, 0.4485)
(-1.3067, -2.6596, 0.4297)
(-0.7168, -3.0376, 0.3435)
(-0.0261, -3.1371, 0.2225)
(0.6637, -3.1393, 0.1141)
(1.3146, -3.1198, 0.0225)
(1.8203, -3.0904, -0.0326)
(-1.8318, -2.1156, -0.1462)
(-1.3903, -2.6462, -0.17)
(-0.7874, -2.9284, -0.25)
(-0.129, -2.9781, -0.3434)
(0.5179, -2.9621, -0.4342)
(1.1276, -2.9175, -0.5258)
(1.5959, -2.8585, -0.5925)
(-1.9591, -2.1845, -0.7349)
(-1.4945, -2.6714, -0.7628)
(-0.8807, -2.9052, -0.8402)
(-0.2439, -2.9308, -0.9251)
(0.3703, -2.8466, -1.0054)
(0.9493, -2.727, -1.0913)
(1.3956, -2.6118, -1.1584)
(-2.1017, -2.2681, -1.3204)
(-1.6135, -2.7266, -1.3529)
(-0.9889, -2.9273, -1.4316)
(-0.3584, -2.9179, -1.5142)
(0.2278, -2.7418, -1.5893)
(0.7776, -2.5312, -1.6689)
(1.2043, -2.3559, -1.7322)
(-2.2217, -2.3331, -1.9119)
(-1.7028, -2.7242, -1.9377)
(-1.0649, -2.7679, -1.9678)
(-0.4351, -2.7036, -2.0222)
(0.1161, -2.6057, -2.1672)
(0.6178, -2.3264, -2.2576)
(0.9983, -2.0716, -2.3124)
(-2.2926, -2.3635, -2.5112)
(-1.7259, -2.6842, -2.5273)
(-1.0655, -2.6666, -2.4959)
(-0.433, -2.5668, -2.4993)
(0.0656, -2.4154, -2.7104)
(0.5475, -2.2047, -2.905)
(0.8692, -2.0216, -2.9844)
(-2.3136, -2.3598, -3.1116)
(-1.6955, -2.5984, -3.1143)
(-1.0139, -2.6374, -3.0652)
(-0.3808, -2.5894, -3.0519)
(0.078, -2.3039, -3.2837)
(0.5475, -2.2097, -3.5611)
(0.9287, -2.1469, -3.6854)
(-2.2654, -2.2663, -3.6846)
(-1.6194, -2.3259, -3.608)
(-0.9411, -2.3324, -3.5297)
(-0.323, -2.4217, -3.5689)
(0.227, -2.3692, -3.7247)
(0.7352, -2.2864, -3.8094)
(1.1319, -2.4125, -3.8644)
(-2.1803, -2.1147, -4.2428)
(-1.5928, -1.9914, -4.0671)
(-0.9554, -2.0266, -3.9872)
(-0.3408, -2.1827, -4.0514)
(0.3172, -2.3412, -4.1042)
(0.918, -2.3321, -4.0311)
(1.2966, -2.5966, -4.0205)
(-2.073, -1.9782, -4.805)
(-1.5324, -1.8683, -4.5839)
(-1.021, -2.1126, -4.4815)
(-0.4118, -2.3244, -4.4834)
(0.2572, -2.4382, -4.5628)
(0.8857, -2.4071, -4.5823)
(1.3451, -2.4679, -4.6177)
(-1.9445, -1.858, -5.2739)
(-1.3841, -1.8818, -5.0394)
(-1.0104, -2.327, -4.8956)
(-0.4511, -2.6336, -4.8453)
(0.2058, -2.6354, -4.9631)
(0.8374, -2.5079, -5.0553)
(1.315, -2.4126, -5.1022)
(1.241, -1.5974, 3.9714)
(1.5534, -1.9011, 3.8945)
(1.9468, -2.4123, 3.7918)
(2.36, -2.9647, 3.6736)
(2.7716, -3.5204, 3.5538)
(3.1887, -4.0816, 3.4447)
(3.6226, -4.6362, 3.2776)
(4.0064, -5.2073, 3.1437)
(4.3404, -5.7159, 3.011)
(5.0146, -5.6737, 3.2765)
(4.093, -5.1465, 1.8904)
(4.4366, -5.1781, 1.669)
(4.9387, -5.1063, 1.6692)
(5.3976, -5.1056, 2.0938)
(5.5935, -5.1896, 2.6521)
(5.3811, -5.4746, 3.0682)
(1.9217, 1.3496, -4.7011)
(1.8157, 1.2942, -4.2309)
(1.4882, 1.1358, -3.7965)
(1.3116, 1.0122, -3.3479)
(1.5685, 1.1563, -2.9965)
(1.968, 1.3555, -2.6845)
(2.234, 1.3618, -2.176)
(2.2768, 1.3545, -1.6291)
(2.1825, 1.3567, -1.0623)
(2.1094, 1.3327, -0.4644)
(2.0535, 1.3165, 0.1371)
(1.9818, 1.294, 0.7371)
(1.9055, 1.2572, 1.3384)
(1.8356, 1.209, 1.9411)
(1.7207, 1.1344, 2.5267)
(1.57, 1.0415, 2.9776)
(2.0472, 1.0302, -4.4952)
(1.7552, 0.9049, -4.0706)
(1.4496, 0.7407, -3.6621)
(1.5921, 0.7786, -3.2203)
(1.9817, 1.0373, -2.9692)
(2.2976, 1.1208, -2.5201)
(2.4357, 1.103, -1.9516)
(2.3749, 1.0675, -1.3638)
(2.2813, 1.0327, -0.7679)
(2.1991, 1.0098, -0.1698)
(2.0874, 0.988, 0.4213)
(1.9694, 0.9592, 1.0119)
(1.9005, 0.9125, 1.6119)
(1.8623, 0.8552, 2.2132)
(1.7875, 0.7851, 2.7692)
(1.6747, 0.7048, 3.1632)
(2.0494, 1.0317, -4.9089)
(2.1849, 0.3722, -4.8053)
(2.2448, -0.2738, -4.5811)
(2.304, -0.8982, -4.5791)
(2.359, -1.5003, -4.8874)
(2.137, -1.987, -5.1418)
(1.6815, -2.2858, -5.2483)
(4.6962, -5.6644, 3.2621)
(4.3141, -5.3215, 3.2013)
(3.9115, -4.7393, 3.2901)
(3.5261, -4.2149, 3.4528)
(3.1288, -3.6725, 3.5923)
(2.7297, -3.1157, 3.6926)
(2.3225, -2.5654, 3.8116)
(1.9131, -2.0137, 3.9177)
(1.6584, -1.5704, 3.9951)
(1.6008, -2.3289, -4.8394)
(2.0965, -2.0636, -4.7201)
(2.4693, -1.5819, -4.5756)
(2.5425, -0.9381, -4.4775)
(2.4482, -0.2699, -4.4749)
(2.2771, 0.3903, -4.5089)
(1.5602, -2.4595, -4.2815)
(2.0336, -2.1742, -4.1701)
(2.3347, -1.6441, -4.0772)
(2.3213, -0.9929, -4.116)
(2.1409, -0.3659, -4.2076)
(1.9207, 0.2614, -4.1987)
(1.4575, -2.4687, -3.7999)
(1.873, -2.1202, -3.6954)
(2.134, -1.565, -3.574)
(2.1857, -0.9429, -3.6063)
(2.0169, -0.407, -3.7499)
(1.701, 0.1218, -3.768)
(1.2258, -2.1234, -3.735)
(1.5826, -1.7902, -3.5501)
(1.8036, -1.3353, -3.2725)
(1.8661, -0.8345, -3.1878)
(1.9736, -0.2944, -3.3772)
(1.9259, 0.2435, -3.3723)
(1.096, -1.9869, -3.2636)
(1.4203, -1.6388, -3.098)
(1.6205, -1.1856, -2.8004)
(1.7339, -0.7091, -2.729)
(1.9446, -0.1348, -2.9387)
(2.1309, 0.4768, -3.027)
(1.0727, -1.9378, -2.5746)
(1.3958, -1.5865, -2.4651)
(1.7314, -1.1453, -2.3027)
(2.048, -0.7324, -2.3514)
(2.2812, -0.1771, -2.5374)
(2.4112, 0.484, -2.5682)
(1.284, -2.1376, -2.0156)
(1.6497, -1.7792, -1.9786)
(2.0675, -1.355, -1.9741)
(2.3986, -0.886, -2.0153)
(2.5269, -0.2511, -2.0271)
(2.5478, 0.4362, -1.9969)
(1.4866, -2.3662, -1.452)
(1.8727, -2.0017, -1.4625)
(2.2511, -1.5232, -1.4768)
(2.4695, -0.9552, -1.4696)
(2.5291, -0.2928, -1.4353)
(2.5116, 0.3969, -1.3958)
(1.6706, -2.5861, -0.8871)
(2.0067, -2.1722, -0.9012)
(2.2681, -1.6182, -0.8978)
(2.3699, -0.9939, -0.8781)
(2.405, -0.3247, -0.8435)
(2.4086, 0.3636, -0.7982)
(1.8509, -2.7929, -0.3236)
(2.0662, -2.3061, -0.3296)
(2.1693, -1.6848, -0.3194)
(2.1742, -1.0292, -0.3093)
(2.1929, -0.3504, -0.2761)
(2.2482, 0.3356, -0.2157)
(2.0651, -2.966, 0.2409)
(2.1077, -2.3971, 0.2402)
(2.0715, -1.7355, 0.2533)
(2.0282, -1.0578, 0.2597)
(2.0077, -0.3713, 0.2889)
(2.0531, 0.3107, 0.3551)
(3.889, -4.91, 1.9458)
(3.5914, -4.6226, 1.7127)
(3.1587, -4.1653, 1.3437)
(2.6824, -3.6872, 0.9922)
(2.4225, -3.0912, 0.7663)
(2.3237, -2.4177, 0.7851)
(2.2147, -1.7427, 0.8195)
(2.1522, -1.0561, 0.8323)
(2.0519, -0.3799, 0.8697)
(1.9512, 0.2879, 0.9383)
(4.1083, -5.0489, 1.8648)
(3.7961, -4.6372, 1.8633)
(3.4817, -4.1224, 1.5447)
(3.1594, -3.6038, 1.2526)
(2.8676, -3.0183, 1.2223)
(2.6584, -2.3691, 1.2876)
(2.4997, -1.708, 1.3507)
(2.405, -1.0268, 1.3796)
(2.2403, -0.3658, 1.4399)
(1.9966, 0.2665, 1.5267)
(4.5125, -4.9665, 1.7436)
(4.2259, -4.5666, 1.8811)
(3.9679, -4.0182, 1.718)
(3.6231, -3.4676, 1.6051)
(3.2957, -2.9043, 1.6706)
(3.0304, -2.2861, 1.7646)
(2.8133, -1.6529, 1.865)
(2.6387, -0.9965, 1.9346)
(2.3927, -0.3615, 2.029)
(2.0729, 0.2362, 2.1287)
(4.9959, -4.9303, 1.9583)
(4.6837, -4.4994, 2.0878)
(4.383, -3.9508, 2.0869)
(4.021, -3.3767, 2.0875)
(3.6759, -2.81, 2.1506)
(3.3677, -2.2186, 2.2578)
(3.0859, -1.6119, 2.3889)
(2.7926, -0.9987, 2.5164)
(2.4447, -0.3907, 2.6479)
(2.0872, 0.1944, 2.7347)
(5.3718, -4.9598, 2.4557)
(5.0094, -4.5266, 2.5725)
(4.6439, -3.9916, 2.6224)
(4.2895, -3.4132, 2.6365)
(3.8987, -2.8363, 2.689)
(3.5135, -2.2868, 2.8154)
(3.1654, -1.7058, 2.9555)
(2.7874, -1.1212, 3.0961)
(2.3615, -0.5416, 3.2426)
(1.9805, 0.1038, 3.2778)
(5.3871, -5.1603, 2.9604)
(5.0015, -4.7227, 3.0585)
(4.5703, -4.2074, 3.1341)
(4.1747, -3.6677, 3.1463)
(3.7769, -3.0824, 3.1865)
(3.3833, -2.524, 3.3193)
(2.9894, -1.9619, 3.4389)
(2.582, -1.4029, 3.5509)
(2.2078, -0.9146, 3.656)
(5.0291, -5.4755, 3.1939)
(4.632, -5.0546, 3.2327)
(4.1939, -4.5003, 3.3314)
(3.8019, -3.9539, 3.4017)
(3.4291, -3.3983, 3.4824)
(3.0477, -2.8446, 3.6151)
(2.641, -2.2941, 3.7146)
(2.2329, -1.7473, 3.806)
(1.9103, -1.2885, 3.9046)
(1.9245, -0.918, 3.8523)
(2.2246, -1.3266, 3.7524)
(2.6175, -1.8518, 3.6533)
(3.0252, -2.4065, 3.5543)
(3.4217, -2.9623, 3.434)
(3.8001, -3.5259, 3.3148)
(4.1924, -4.0937, 3.3076)
(4.6062, -4.6147, 3.2253)
(5.0525, -5.1335, 3.148)
(2.0991, -0.4599, 3.5384)
(2.5035, -0.9712, 3.4086)
(2.9138, -1.5302, 3.2822)
(3.2957, -2.1025, 3.1518)
(3.6768, -2.6661, 3.0176)
(4.0858, -3.2197, 2.9144)
(4.4711, -3.818, 2.9171)
(4.8506, -4.334, 2.8739)
(5.2604, -4.8464, 2.7954)
(1.8901, 0.4479, 2.9928)
(2.2153, -0.141, 3.0097)
(2.6217, -0.7413, 2.8843)
(2.9917, -1.3393, 2.743)
(3.3142, -1.9352, 2.6016)
(3.6397, -2.5197, 2.4696)
(4.0074, -3.0782, 2.3773)
(4.3661, -3.6644, 2.3493)
(4.7137, -4.2299, 2.3303)
(5.038, -4.734, 2.2617)
(1.9434, 0.513, 2.4748)
(2.265, -0.0694, 2.3917)
(2.5914, -0.6753, 2.2779)
(2.8529, -1.3052, 2.1706)
(3.0795, -1.9371, 2.0679)
(3.3543, -2.5461, 1.9451)
(3.6504, -3.1417, 1.869)
(4.0186, -3.6829, 1.8269)
(4.3389, -4.2654, 1.9312)
(4.5919, -4.7499, 1.9036)
(1.9256, 0.5609, 1.8711)
(2.1873, -0.051, 1.7774)
(2.4415, -0.6815, 1.6879)
(2.5957, -1.3456, 1.6291)
(2.7331, -2.0123, 1.5784)
(2.9664, -2.6443, 1.4761)
(3.2223, -3.2647, 1.4235)
(3.5721, -3.8004, 1.4659)
(3.8483, -4.3485, 1.7889)
(4.1412, -4.8379, 1.8654)
(1.9199, 0.6065, 1.2716)
(2.0444, -0.0478, 1.1928)
(2.2232, -0.7048, 1.125)
(2.3089, -1.3864, 1.0984)
(2.4049, -2.0676, 1.0713)
(2.5657, -2.7325, 1.012)
(2.7485, -3.3881, 1.0278)
(3.1197, -3.8934, 1.2626)
(3.4821, -4.4057, 1.6449)
(3.8474, -4.8381, 1.8999)
(2.0069, 0.6384, 0.6822)
(1.9785, -0.0399, 0.6096)
(2.0338, -0.7185, 0.5579)
(2.0838, -1.4045, 0.5438)
(2.1515, -2.0832, 0.5306)
(2.2231, -2.7392, 0.5081)
(2.2121, -3.3453, 0.5236)
(2.1708, 0.6628, 0.103)
(2.1092, -0.0183, 0.0339)
(2.0715, -0.7049, -0.0155)
(2.0908, -1.3825, -0.0304)
(2.1005, -2.0404, -0.0368)
(2.0245, -2.6458, -0.0461)
(1.8519, -3.0892, -0.0269)
(2.3156, 0.6889, -0.4821)
(2.3253, 0.0055, -0.5316)
(2.2894, -0.6784, -0.5784)
(2.2635, -1.3372, -0.6006)
(2.1604, -1.9575, -0.6129)
(1.9049, -2.4928, -0.6141)
(1.6166, -2.8641, -0.594)
(2.4187, 0.7197, -1.0785)
(2.482, 0.0348, -1.1158)
(2.4639, -0.6477, -1.1558)
(2.3776, -1.2859, -1.1825)
(2.1314, -1.846, -1.1903)
(1.7572, -2.3053, -1.1761)
(1.412, -2.6245, -1.1619)
(2.5021, 0.7583, -1.6782)
(2.5583, 0.07, -1.7163)
(2.5232, -0.6116, -1.7522)
(2.3588, -1.2155, -1.7632)
(1.9792, -1.671, -1.7333)
(1.5792, -2.1008, -1.7336)
(1.2076, -2.3771, -1.74)
(2.4788, 0.7977, -2.273)
(2.4876, 0.1171, -2.3008)
(2.3561, -0.5318, -2.2667)
(2.0963, -1.0406, -2.1395)
(1.6858, -1.4303, -2.171)
(1.3365, -1.8746, -2.248)
(0.9803, -2.1119, -2.317)
(2.2694, 0.8155, -2.8175)
(2.1951, 0.1819, -2.7854)
(1.9682, -0.4342, -2.6549)
(1.7434, -0.9279, -2.4543)
(1.5182, -1.3552, -2.6733)
(1.223, -1.8021, -2.8473)
(0.8932, -2.037, -2.9892)
(1.9463, 0.6476, -3.1667)
(2.0204, 0.0885, -3.2019)
(1.817, -0.4869, -3.0749)
(1.7104, -1.0199, -2.9262)
(1.6142, -1.4681, -3.2504)
(1.3173, -1.8908, -3.4542)
(0.9782, -2.1343, -3.679)
(1.6271, 0.4348, -3.4984)
(1.9204, -0.1213, -3.586)
(2.0377, -0.6189, -3.4873)
(2.0159, -1.18, -3.3509)
(1.8825, -1.7145, -3.5341)
(1.5361, -2.1636, -3.686)
(1.1539, -2.4108, -3.8508)
(1.6516, 0.4908, -3.9425)
(1.8874, -0.1282, -4.0069)
(2.1833, -0.6779, -3.927)
(2.27, -1.3027, -3.8094)
(2.1556, -1.9318, -3.8357)
(1.7458, -2.3775, -3.9537)
(1.3165, -2.6011, -4.02)
(2.0328, 0.6652, -4.3305)
(2.2271, 0.0157, -4.3783)
(2.3993, -0.6415, -4.3509)
(2.4683, -1.3014, -4.3242)
(2.2924, -1.9049, -4.3927)
(1.8147, -2.28, -4.5216)
(1.3641, -2.4745, -4.6171)
(2.1924, 0.7212, -4.6911)
(2.3418, 0.0654, -4.5999)
(2.4494, -0.5874, -4.5103)
(2.472, -1.2355, -4.6387)
(2.3293, -1.808, -4.8557)
(1.8639, -2.1802, -5.0096)
(1.4313, -2.3941, -5.0957)
(1.6893, -1.259, 4.0021)
(1.8948, -1.6416, 3.9196)
(2.2702, -2.1618, 3.8228)
(2.6804, -2.7119, 3.727)
(3.0804, -3.2621, 3.6101)
(3.4582, -3.8162, 3.495)
(3.8435, -4.3548, 3.3863)
(4.2409, -4.907, 3.271)
(4.6717, -5.4393, 3.2171)
(0.8913, -2.1134, -3.3713)
(1.0156, -2.1678, -3.9931)
(1.3663, -2.4001, -4.9165)
(3.7831, -4.7535, 1.9026)
(3.3689, -4.4177, 1.4588)
(2.4038, -3.4958, 0.7788)
(1.9628, -3.1987, 0.2518)
(2.9108, -3.8782, 1.1754)
(1.3043, -2.4946, -1.4451)
(1.1075, -2.2384, -2.0271)
(4.5212, -5.6445, 3.1617)
(1.2702, -2.6555, -3.7222)
(4.1079, -5.0381, 3.2402)
(3.7352, -4.4826, 3.3562)
(3.3223, -3.9668, 3.5633)
(2.9278, -3.4008, 3.6263)
(1.7093, -2.9809, -0.3113)
(2.5221, -2.8512, 3.7563)
(2.112, -2.2982, 3.8611)
(0.8711, -1.9451, -2.6023)
(1.7017, -1.7451, 3.969)
(1.3429, -2.5423, -4.3183)
(1.5032, -2.7416, -0.8752)
(-3.6587, 6.4931, 3.0921)
(-2.3969, 5.4976, 1.7162)
(-2.4543, 5.6712, 1.5371)
(-2.848, 5.8341, 1.4703)
(-3.3092, 6.0136, 1.8157)
(-3.713, 6.1921, 2.2334)
(-3.8422, 6.3912, 2.7253)
(-2.5764, -1.5028, -5.1656)
(-2.7249, -1.5405, -4.6122)
(-2.8511, -1.5762, -4.0209)
(-2.9264, -1.5773, -3.4314)
(-2.8572, -1.5176, -2.8389)
(-2.7415, -1.4535, -2.2466)
(-2.6186, -1.3847, -1.6554)
(-2.4985, -1.3077, -1.0642)
(-2.4046, -1.235, -0.4692)
(-2.3601, -1.1828, 0.1312)
(-2.2928, -1.1209, 0.7134)
(-2.0458, -0.9613, 1.225)
(-1.7554, -0.7797, 1.728)
(-1.4713, -0.5924, 2.2422)
(-1.2056, -0.4158, 2.7319)
(-1.025, -0.294, 3.0983)
(-2.4269, -1.4753, -5.5869)
(-2.0961, -0.978, -5.3868)
(-1.8325, -0.4507, -5.2287)
(-1.8965, 0.2141, -5.2599)
(-1.9685, 0.8875, -5.3374)
(-1.8739, 1.565, -5.3427)
(-1.678, 2.0827, -5.2801)
(-3.3783, 6.3944, 3.2127)
(-3.076, 5.988, 3.2598)
(-2.7337, 5.3858, 3.3195)
(-2.4213, 4.8307, 3.5368)
(-2.1163, 4.2656, 3.7457)
(-1.7588, 3.669, 3.8187)
(-1.4089, 3.0708, 3.9021)
(-1.0596, 2.4719, 3.9619)
(-0.8557, 1.9989, 3.997)
(-1.7438, 2.0808, -4.8634)
(-1.9785, 1.564, -4.919)
(-2.0652, 0.8991, -4.9142)
(-1.9949, 0.229, -4.8353)
(-2.0097, -0.4255, -4.8324)
(-2.3032, -0.9669, -5.0031)
(-1.8838, 2.058, -4.3056)
(-2.123, 1.5483, -4.3655)
(-2.1467, 0.8837, -4.3604)
(-2.0697, 0.2426, -4.2785)
(-2.2185, -0.3589, -4.3171)
(-2.5451, -0.9349, -4.5011)
(-1.9531, 1.9805, -3.8454)
(-2.1996, 1.4812, -3.8389)
(-2.2494, 0.7998, -3.7991)
(-2.2345, 0.1777, -3.7358)
(-2.4257, -0.3818, -3.779)
(-2.7447, -0.9601, -3.9493)
(-1.6857, 1.7078, -3.8247)
(-1.9456, 1.2654, -3.493)
(-2.1752, 0.7006, -3.307)
(-2.4287, 0.1388, -3.2713)
(-2.7618, -0.3662, -3.3395)
(-2.9922, -0.9335, -3.453)
(-1.6477, 1.5421, -3.369)
(-1.9369, 1.2006, -3.0745)
(-2.3295, 0.8592, -2.9953)
(-2.7441, 0.4134, -3.0164)
(-2.9833, -0.1923, -2.9431)
(-3.011, -0.8519, -2.8944)
(-1.6437, 1.5746, -2.6955)
(-2.1133, 1.385, -2.6232)
(-2.6204, 1.0658, -2.5757)
(-2.9237, 0.5338, -2.4998)
(-2.9972, -0.1124, -2.3908)
(-2.9117, -0.7876, -2.3071)
(-1.7701, 1.7759, -2.053)
(-2.2369, 1.5308, -2.018)
(-2.7047, 1.1541, -1.9753)
(-2.9337, 0.5876, -1.889)
(-2.9432, -0.0581, -1.7925)
(-2.8116, -0.725, -1.7141)
(-1.8963, 2.0069, -1.45)
(-2.2947, 1.6642, -1.4038)
(-2.6942, 1.2103, -1.3539)
(-2.9096, 0.6375, -1.2778)
(-2.9084, -0.0043, -1.1895)
(-2.7367, -0.6613, -1.1164)
(-2.0068, 2.2375, -0.8641)
(-2.3335, 1.8135, -0.8092)
(-2.6701, 1.2854, -0.7478)
(-2.8914, 0.694, -0.6718)
(-2.9091, 0.0449, -0.5846)
(-2.7068, -0.6075, -0.5138)
(-2.1117, 2.4748, -0.2897)
(-2.3913, 1.9884, -0.2325)
(-2.6887, 1.3973, -0.1599)
(-2.9326, 0.7696, -0.0734)
(-2.9759, 0.0944, 0.0211)
(-2.7322, -0.5659, 0.0919)
(-2.2215, 2.7394, 0.2713)
(-2.4957, 2.1831, 0.3222)
(-2.7936, 1.5442, 0.4057)
(-3.0289, 0.868, 0.5175)
(-3.0113, 0.1634, 0.6256)
(-2.6991, -0.5004, 0.6854)
(-2.6091, 5.3243, 1.7592)
(-2.67, 4.9132, 1.7868)
(-2.5094, 4.3038, 1.4879)
(-2.3079, 3.7359, 1.0233)
(-2.372, 3.0197, 0.8057)
(-2.5882, 2.3405, 0.8759)
(-2.8057, 1.6614, 0.9712)
(-2.9482, 0.9584, 1.0895)
(-2.8171, 0.2737, 1.1759)
(-2.4476, -0.3545, 1.2077)
(-2.4375, 5.3932, 1.6973)
(-2.5715, 4.9254, 1.5568)
(-2.701, 4.358, 1.2735)
(-2.7436, 3.7278, 1.1528)
(-2.6871, 3.0688, 1.2566)
(-2.6582, 2.4014, 1.406)
(-2.6754, 1.7185, 1.4931)
(-2.685, 1.041, 1.5974)
(-2.5131, 0.4013, 1.6837)
(-2.1477, -0.1936, 1.7127)
(-2.7109, 5.5329, 1.4381)
(-2.9334, 5.0281, 1.4061)
(-3.153, 4.4131, 1.3655)
(-3.2016, 3.7523, 1.448)
(-3.1033, 3.0936, 1.6288)
(-2.9706, 2.4415, 1.8229)
(-2.8096, 1.7926, 1.9867)
(-2.5828, 1.1616, 2.1253)
(-2.2539, 0.5619, 2.2033)
(-1.8603, -0.0144, 2.2265)
(-3.1682, 5.7066, 1.6417)
(-3.3683, 5.1727, 1.6832)
(-3.4863, 4.5291, 1.7682)
(-3.4058, 3.8807, 1.9289)
(-3.2107, 3.2444, 2.1365)
(-2.9654, 2.6179, 2.325)
(-2.6667, 2.0024, 2.4729)
(-2.3136, 1.394, 2.5865)
(-1.9244, 0.7815, 2.6812)
(-1.5588, 0.1753, 2.7278)
(-3.5675, 5.88, 2.06)
(-3.6312, 5.341, 2.1539)
(-3.4922, 4.7366, 2.2518)
(-3.232, 4.1282, 2.4123)
(-2.9889, 3.4996, 2.6138)
(-2.6792, 2.8895, 2.7638)
(-2.3329, 2.286, 2.879)
(-1.9719, 1.6713, 3.0019)
(-1.6092, 1.039, 3.1553)
(-1.2985, 0.3392, 3.2011)
(-3.8001, 6.0747, 2.5443)
(-3.6184, 5.5794, 2.6322)
(-3.2999, 5.0167, 2.7156)
(-3.0059, 4.409, 2.896)
(-2.7069, 3.7828, 3.0682)
(-2.3564, 3.1831, 3.1812)
(-2.0148, 2.5793, 3.2962)
(-1.6921, 1.9664, 3.4311)
(-1.4099, 1.4216, 3.5581)
(-3.6763, 6.2803, 3.0044)
(-3.4136, 5.8089, 3.0674)
(-3.064, 5.2499, 3.1323)
(-2.7243, 4.666, 3.3016)
(-2.3869, 4.0596, 3.4596)
(-2.0364, 3.4602, 3.5624)
(-1.7027, 2.8571, 3.6773)
(-1.38, 2.2558, 3.7867)
(-1.1244, 1.7536, 3.8731)
(-1.1642, 1.3856, 3.7803)
(-1.3968, 1.8379, 3.6864)
(-1.697, 2.4194, 3.5657)
(-2.0227, 3.027, 3.4406)
(-2.3689, 3.6277, 3.3308)
(-2.7164, 4.2326, 3.2091)
(-3.0251, 4.8549, 3.0219)
(-3.3634, 5.4248, 2.8932)
(-3.6811, 5.9582, 2.8472)
(-1.3542, 0.9407, 3.4416)
(-1.666, 1.5139, 3.2905)
(-1.9989, 2.1267, 3.1471)
(-2.3435, 2.7349, 3.028)
(-2.6888, 3.3368, 2.9133)
(-2.9963, 3.9495, 2.7587)
(-3.2507, 4.5805, 2.5579)
(-3.5556, 5.162, 2.4336)
(-3.707, 5.7315, 2.3501)
(-1.2774, -0.0484, 2.9434)
(-1.5743, 0.5762, 2.9672)
(-1.9471, 1.2184, 2.8552)
(-2.3258, 1.837, 2.7374)
(-2.6776, 2.4429, 2.6217)
(-2.9882, 3.0544, 2.4739)
(-3.2417, 3.6778, 2.2794)
(-3.4419, 4.3097, 2.0783)
(-3.5656, 4.9335, 1.9588)
(-3.4561, 5.5441, 1.8709)
(-1.5202, -0.2082, 2.4907)
(-1.898, 0.3726, 2.4675)
(-2.2923, 0.9646, 2.4134)
(-2.636, 1.5723, 2.3062)
(-2.9096, 2.1949, 2.1577)
(-3.1179, 2.8312, 1.9738)
(-3.2889, 3.4744, 1.772)
(-3.3819, 4.1294, 1.5978)
(-3.2786, 4.7871, 1.5088)
(-3.0394, 5.3789, 1.4926)
(-1.8088, -0.3959, 1.9771)
(-2.1996, 0.1822, 1.9595)
(-2.5341, 0.7759, 1.9155)
(-2.6893, 1.4143, 1.7996)
(-2.7778, 2.0773, 1.681)
(-2.8554, 2.7447, 1.534)
(-2.9554, 3.3988, 1.3404)
(-2.9717, 4.063, 1.2473)
(-2.8176, 4.6845, 1.3466)
(-2.6098, 5.2253, 1.5269)
(-2.0983, -0.5727, 1.4681)
(-2.4883, 0.0264, 1.4476)
(-2.7827, 0.6586, 1.398)
(-2.7788, 1.348, 1.2871)
(-2.6612, 2.0393, 1.1963)
(-2.5476, 2.7225, 1.1042)
(-2.4913, 3.4048, 1.0235)
(-2.559, 4.0396, 1.1949)
(-2.5814, 4.619, 1.53)
(-2.5492, 5.1674, 1.7555)
(-2.3897, -0.7432, 0.9656)
(-2.7841, -0.1169, 0.9358)
(-3.0297, 0.56, 0.8678)
(-2.9433, 1.2684, 0.7479)
(-2.6918, 1.9433, 0.6408)
(-2.4157, 2.59, 0.5642)
(-2.1548, 3.1949, 0.532)
(-2.5412, -0.8525, 0.4145)
(-2.9045, -0.2178, 0.3666)
(-3.0428, 0.4741, 0.2773)
(-2.8738, 1.1502, 0.1693)
(-2.5903, 1.7813, 0.0835)
(-2.2944, 2.3647, 0.0155)
(-2.0445, 2.8098, -0.0244)
(-2.5505, -0.8979, -0.1874)
(-2.8527, -0.2651, -0.243)
(-2.9537, 0.4042, -0.3268)
(-2.7979, 1.0389, -0.4134)
(-2.5195, 1.622, -0.4849)
(-2.1991, 2.1458, -0.5487)
(-1.9318, 2.5396, -0.5998)
(-2.584, -0.9522, -0.7892)
(-2.825, -0.3086, -0.8478)
(-2.9293, 0.3479, -0.9303)
(-2.8113, 0.9642, -1.0145)
(-2.5121, 1.5022, -1.0785)
(-2.1184, 1.9431, -1.1298)
(-1.8067, 2.2856, -1.182)
(-2.6682, -1.0207, -1.386)
(-2.8578, -0.3623, -1.4507)
(-2.9483, 0.2967, -1.5365)
(-2.8405, 0.9102, -1.6263)
(-2.5109, 1.4127, -1.6891)
(-2.0319, 1.7481, -1.7243)
(-1.6711, 2.0314, -1.7757)
(-2.7778, -1.0904, -1.9786)
(-2.925, -0.4215, -2.0488)
(-2.9815, 0.2439, -2.1414)
(-2.8443, 0.858, -2.2468)
(-2.4653, 1.3293, -2.3174)
(-1.9115, 1.5662, -2.3479)
(-1.5189, 1.7617, -2.3909)
(-2.8976, -1.1544, -2.5687)
(-3.0047, -0.4777, -2.6402)
(-2.9652, 0.1888, -2.7341)
(-2.6963, 0.7642, -2.8224)
(-2.2501, 1.1378, -2.8076)
(-1.8134, 1.41, -2.9486)
(-1.4827, 1.6527, -3.1254)
(-3.0, -1.2267, -3.1564)
(-2.9955, -0.5747, -3.1859)
(-2.7566, -0.0086, -3.1251)
(-2.3988, 0.5206, -3.1674)
(-2.0467, 0.9746, -3.1582)
(-1.7686, 1.411, -3.4813)
(-1.5178, 1.7746, -3.8122)
(-2.9413, -1.2669, -3.7211)
(-2.7483, -0.6649, -3.6441)
(-2.4356, -0.1342, -3.47)
(-2.2479, 0.4107, -3.5154)
(-2.1705, 1.0644, -3.5668)
(-1.9595, 1.6451, -3.7645)
(-1.6899, 2.0271, -3.8761)
(-2.7651, -1.2436, -4.2846)
(-2.4714, -0.6571, -4.1345)
(-2.1949, -0.0664, -3.9867)
(-2.1587, 0.5222, -4.049)
(-2.2459, 1.1983, -4.0846)
(-2.0885, 1.8197, -4.0651)
(-1.814, 2.22, -3.9697)
(-2.5835, -1.2188, -4.8523)
(-2.2505, -0.6819, -4.6684)
(-2.0395, -0.0755, -4.5481)
(-2.0567, 0.5635, -4.6105)
(-2.1092, 1.2335, -4.664)
(-1.933, 1.843, -4.6271)
(-1.6769, 2.2643, -4.564)
(-2.3888, -1.2109, -5.3159)
(-2.0107, -0.7396, -5.0997)
(-1.9069, -0.1134, -5.0322)
(-2.0023, 0.5546, -5.1047)
(-1.9942, 1.2357, -5.1528)
(-1.8209, 1.8566, -5.1178)
(-1.5815, 2.2733, -5.0493)
(-0.92, 1.6935, 3.9772)
(-1.0786, 2.1017, 3.9241)
(-1.3859, 2.6691, 3.8503)
(-1.7225, 3.2707, 3.7538)
(-2.0676, 3.8705, 3.6539)
(-2.4169, 4.4657, 3.546)
(-2.7316, 5.0432, 3.3196)
(-3.0883, 5.6115, 3.2098)
(-3.404, 6.1598, 3.1658)
(-2.9219, 6.8066, 3.1991)
(-2.9189, 5.2242, 1.4659)
(-2.6657, 5.488, 1.404)
(-2.5216, 6.0912, 1.479)
(-2.5511, 6.6251, 1.816)
(-2.5939, 6.9802, 2.3714)
(-2.7117, 7.0447, 2.929)
(1.7238, 1.6303, -4.4577)
(1.5631, 1.5404, -3.9441)
(1.2415, 1.3698, -3.5125)
(1.203, 1.3078, -3.0466)
(1.5533, 1.5058, -2.7552)
(1.8889, 1.533, -2.3231)
(2.0491, 1.4694, -1.8194)
(2.0237, 1.5997, -1.3411)
(1.9495, 1.6246, -0.7703)
(1.8973, 1.605, -0.1678)
(1.854, 1.5865, 0.4368)
(1.8014, 1.56, 1.0412)
(1.7425, 1.5278, 1.6455)
(1.6564, 1.4813, 2.2432)
(1.4795, 1.3813, 2.7794)
(1.3103, 1.2792, 3.1534)
(1.7329, 1.6409, -4.903)
(1.2855, 2.1654, -4.8739)
(0.7717, 2.6281, -4.8522)
(0.2041, 3.0131, -4.848)
(-0.438, 3.1841, -4.8899)
(-1.0222, 2.9781, -5.0159)
(-1.4074, 2.5987, -5.1551)
(-3.1012, 6.4861, 3.2232)
(-3.0691, 5.9691, 3.24)
(-2.7391, 5.3402, 3.284)
(-2.4045, 4.8196, 3.5294)
(-2.0978, 4.2771, 3.7592)
(-1.7482, 3.6845, 3.8283)
(-1.3979, 3.0894, 3.9078)
(-1.048, 2.491, 3.9648)
(-0.7368, 2.081, 4.0113)
(-1.4565, 2.478, -4.7549)
(-1.0621, 2.8603, -4.5952)
(-0.4785, 3.0885, -4.4625)
(0.168, 2.9515, -4.4135)
(0.7566, 2.5988, -4.4143)
(1.2865, 2.1588, -4.4343)
(-1.5662, 2.4054, -4.1954)
(-1.1242, 2.7246, -4.0462)
(-0.5211, 2.9146, -3.9424)
(0.1138, 2.8135, -3.8838)
(0.7173, 2.5363, -3.8481)
(1.2294, 2.1165, -3.879)
(-1.6005, 2.2929, -3.7359)
(-1.0974, 2.5072, -3.617)
(-0.4795, 2.5234, -3.607)
(0.0617, 2.4638, -3.4848)
(0.6116, 2.3812, -3.2899)
(1.0345, 1.9885, -3.3532)
(-1.3653, 1.991, -3.7602)
(-0.8933, 2.1525, -3.5908)
(-0.3218, 2.0875, -3.4562)
(0.0682, 2.0399, -3.1832)
(0.4821, 2.09, -2.8627)
(0.8948, 1.8313, -2.8626)
(-1.3018, 1.8078, -3.3092)
(-0.8307, 1.9355, -3.1447)
(-0.289, 1.8838, -2.9731)
(0.2113, 1.7896, -2.8544)
(0.6504, 1.7515, -2.6131)
(1.0816, 1.7214, -2.5128)
(-1.308, 1.7623, -2.653)
(-0.8169, 1.8572, -2.5385)
(-0.2596, 1.8159, -2.4383)
(0.3098, 1.7367, -2.3775)
(0.8457, 1.5588, -2.2855)
(1.3501, 1.5198, -2.1892)
(-1.42, 2.0066, -2.0679)
(-0.9164, 2.1408, -2.0286)
(-0.3297, 2.098, -1.9599)
(0.2209, 1.8684, -1.8667)
(0.7972, 1.6166, -1.787)
(1.4333, 1.5104, -1.732)
(-1.5357, 2.2564, -1.4839)
(-1.0213, 2.367, -1.4703)
(-0.4368, 2.2817, -1.4127)
(0.1402, 2.0688, -1.3362)
(0.7759, 1.9358, -1.3112)
(1.4469, 1.8526, -1.3238)
(-1.647, 2.4851, -0.8997)
(-1.1172, 2.5509, -0.8961)
(-0.4994, 2.4979, -0.8718)
(0.1239, 2.3703, -0.8407)
(0.7784, 2.2387, -0.8145)
(1.4236, 2.0313, -0.7919)
(-1.7508, 2.7133, -0.3196)
(-1.2054, 2.7031, -0.3196)
(-0.568, 2.6078, -0.2993)
(0.0745, 2.4614, -0.2717)
(0.7307, 2.2806, -0.2346)
(1.3688, 2.0251, -0.1959)
(-1.8253, 2.9751, 0.2529)
(-1.2668, 2.8245, 0.2571)
(-0.6421, 2.6014, 0.2861)
(-0.0021, 2.3782, 0.3147)
(0.6571, 2.1784, 0.357)
(1.312, 1.9671, 0.4045)
(-2.9215, 5.2803, 1.7168)
(-2.7119, 4.9794, 1.8786)
(-2.5084, 4.3548, 1.5402)
(-2.2849, 3.7878, 1.028)
(-1.8109, 3.3523, 0.7832)
(-1.2245, 3.0213, 0.8124)
(-0.6364, 2.686, 0.8691)
(-0.0187, 2.3834, 0.9022)
(0.6128, 2.1198, 0.9495)
(1.263, 1.9155, 1.006)
(-2.7755, 5.2991, 1.6508)
(-2.618, 5.1314, 1.8594)
(-2.354, 4.6977, 1.6322)
(-2.0233, 4.212, 1.3032)
(-1.5714, 3.7551, 1.2209)
(-1.0774, 3.3063, 1.3271)
(-0.5219, 2.9279, 1.4054)
(0.0806, 2.599, 1.4443)
(0.6514, 2.2306, 1.5203)
(1.2399, 1.9219, 1.604)
(-2.6282, 5.7858, 1.6392)
(-2.4872, 5.5713, 1.8783)
(-2.101, 5.0831, 1.8089)
(-1.6961, 4.6104, 1.6316)
(-1.3037, 4.1375, 1.6405)
(-0.8938, 3.637, 1.8116)
(-0.3606, 3.2357, 1.9043)
(0.2125, 2.8686, 1.9679)
(0.7388, 2.4362, 2.071)
(1.2383, 1.9905, 2.1829)
(-2.4984, 6.3501, 1.8095)
(-2.2844, 6.0277, 2.0641)
(-1.925, 5.5112, 2.1134)
(-1.5402, 5.0218, 2.0754)
(-1.1463, 4.4825, 2.1316)
(-0.7343, 3.9648, 2.2925)
(-0.2389, 3.507, 2.4151)
(0.254, 3.0327, 2.5352)
(0.6995, 2.4888, 2.6693)
(1.1071, 1.9357, 2.7555)
(-2.4701, 6.7706, 2.2312)
(-2.2385, 6.4384, 2.4544)
(-1.9412, 5.879, 2.5578)
(-1.5679, 5.286, 2.6093)
(-1.1724, 4.6889, 2.7021)
(-0.7502, 4.1429, 2.8414)
(-0.3179, 3.6078, 2.9716)
(0.0906, 3.0351, 3.1007)
(0.4653, 2.4146, 3.2359)
(0.8927, 1.8024, 3.256)
(-2.5498, 6.9127, 2.7697)
(-2.365, 6.4822, 2.949)
(-2.0915, 5.8954, 3.0588)
(-1.745, 5.2733, 3.1722)
(-1.3762, 4.6658, 3.2783)
(-1.0004, 4.0839, 3.3567)
(-0.624, 3.5035, 3.4519)
(-0.2577, 2.9123, 3.5513)
(0.056, 2.3796, 3.6478)
(-2.8256, 6.7397, 3.1513)
(-2.7106, 6.2275, 3.2159)
(-2.4313, 5.5873, 3.2907)
(-2.0885, 5.0156, 3.4932)
(-1.7367, 4.4804, 3.663)
(-1.3914, 3.8835, 3.6986)
(-1.0428, 3.2863, 3.7572)
(-0.6921, 2.6965, 3.8282)
(-0.3876, 2.22, 3.9097)
(-0.0455, 2.1025, 3.8431)
(-0.313, 2.5384, 3.7564)
(-0.6537, 3.1024, 3.6683)
(-1.0119, 3.695, 3.5909)
(-1.3696, 4.2871, 3.5287)
(-1.7258, 4.8735, 3.4631)
(-2.0855, 5.4438, 3.2772)
(-2.3978, 6.0727, 3.1694)
(-2.6166, 6.6351, 3.0621)
(0.4296, 2.1175, 3.5197)
(0.1129, 2.6923, 3.4038)
(-0.2529, 3.2871, 3.2868)
(-0.6453, 3.8612, 3.1719)
(-1.0519, 4.4198, 3.0544)
(-1.4451, 5.0038, 2.95)
(-1.8175, 5.6361, 2.8611)
(-2.1493, 6.2335, 2.7767)
(-2.3822, 6.739, 2.6184)
(1.2022, 1.607, 2.9926)
(0.8051, 2.1499, 3.0123)
(0.4074, 2.7615, 2.8949)
(-0.0197, 3.3264, 2.7575)
(-0.4817, 3.8322, 2.6294)
(-0.9338, 4.339, 2.4874)
(-1.3331, 4.8941, 2.3508)
(-1.7328, 5.4611, 2.3295)
(-2.0812, 5.9837, 2.2884)
(-2.3727, 6.4792, 2.14)
(1.3933, 1.7177, 2.5105)
(0.9704, 2.2316, 2.4263)
(0.5037, 2.7353, 2.3049)
(-0.01, 3.1856, 2.1959)
(-0.5539, 3.5863, 2.1081)
(-1.0192, 4.0558, 1.9658)
(-1.3871, 4.5806, 1.8207)
(-1.7987, 5.0546, 1.897)
(-2.1834, 5.5459, 1.9643)
(-2.5225, 5.9959, 1.8607)
(1.5043, 1.7642, 1.9296)
(0.9692, 2.1393, 1.8456)
(0.4307, 2.5455, 1.7431)
(-0.1435, 2.9149, 1.676)
(-0.7302, 3.2567, 1.6282)
(-1.2182, 3.7036, 1.4986)
(-1.6407, 4.1871, 1.3993)
(-2.0568, 4.6364, 1.5703)
(-2.398, 5.1269, 1.8176)
(-2.6797, 5.4613, 1.799)
(1.5406, 1.7666, 1.3306)
(0.9279, 2.0178, 1.2758)
(0.3209, 2.3096, 1.2051)
(-0.285, 2.6321, 1.1604)
(-0.884, 2.9626, 1.1176)
(-1.4301, 3.3574, 1.0312)
(-1.967, 3.7643, 1.0468)
(-2.3145, 4.2619, 1.3492)
(-2.5564, 4.7813, 1.7783)
(-2.7664, 5.1973, 1.8328)
(1.5855, 1.7933, 0.726)
(0.9588, 2.0387, 0.6797)
(0.2988, 2.2367, 0.6305)
(-0.3408, 2.4873, 0.5954)
(-0.9603, 2.7653, 0.5627)
(-1.5536, 3.0442, 0.5229)
(-2.127, 3.2456, 0.5457)
(1.6307, 1.8253, 0.1222)
(1.0221, 2.1283, 0.0837)
(0.3631, 2.3313, 0.04)
(-0.2893, 2.5182, 0.0053)
(-0.928, 2.6892, -0.0189)
(-1.5383, 2.8125, -0.036)
(-2.0253, 2.836, -0.0193)
(1.6808, 1.854, -0.4812)
(1.0868, 2.1839, -0.5133)
(0.4311, 2.3748, -0.5485)
(-0.2144, 2.5158, -0.5777)
(-0.8469, 2.6148, -0.5998)
(-1.4535, 2.627, -0.6124)
(-1.9219, 2.5575, -0.6019)
(1.7368, 1.8399, -1.0722)
(1.1147, 2.0549, -1.0734)
(0.4495, 2.162, -1.0763)
(-0.1764, 2.3027, -1.1141)
(-0.7676, 2.4512, -1.1675)
(-1.3526, 2.4279, -1.1899)
(-1.8036, 2.3039, -1.1894)
(1.7658, 1.6193, -1.5447)
(1.1081, 1.7037, -1.5329)
(0.4621, 1.8391, -1.5653)
(-0.1076, 2.0843, -1.6427)
(-0.674, 2.2701, -1.733)
(-1.2487, 2.2153, -1.7688)
(-1.6822, 2.0496, -1.7855)
(1.7078, 1.5065, -1.98)
(1.1194, 1.4589, -1.9995)
(0.5607, 1.6851, -2.0889)
(-0.0026, 1.8681, -2.1597)
(-0.5662, 1.9829, -2.2433)
(-1.1284, 1.9308, -2.3139)
(-1.5556, 1.7839, -2.3964)
(1.4881, 1.6442, -2.4402)
(0.986, 1.5848, -2.3706)
(0.5489, 1.7014, -2.5849)
(-0.0026, 1.7634, -2.6469)
(-0.5362, 1.858, -2.7657)
(-1.0778, 1.8213, -2.9045)
(-1.4844, 1.673, -3.0618)
(1.1465, 1.6155, -2.7841)
(0.7554, 1.8827, -2.6331)
(0.319, 1.9044, -2.8898)
(-0.0633, 1.9026, -3.1503)
(-0.5621, 2.0244, -3.3385)
(-1.1076, 1.9755, -3.507)
(-1.4814, 1.7658, -3.6924)
(1.0423, 1.6061, -3.1832)
(0.7784, 2.1376, -3.0409)
(0.2566, 2.2689, -3.1502)
(-0.1466, 2.2355, -3.4891)
(-0.692, 2.3401, -3.5595)
(-1.2717, 2.2578, -3.6742)
(-1.6728, 2.0189, -3.8159)
(1.2866, 1.7707, -3.666)
(0.9449, 2.3048, -3.5719)
(0.3775, 2.5868, -3.5896)
(-0.2085, 2.7138, -3.7292)
(-0.8343, 2.7238, -3.7361)
(-1.3987, 2.5055, -3.85)
(-1.8019, 2.2342, -3.9602)
(1.4917, 1.8856, -4.1768)
(1.0203, 2.376, -4.1516)
(0.4472, 2.7501, -4.1385)
(-0.1746, 3.004, -4.1676)
(-0.8184, 2.9508, -4.2532)
(-1.3231, 2.6098, -4.4157)
(-1.6655, 2.2788, -4.554)
(1.5257, 1.9131, -4.6771)
(1.0329, 2.3967, -4.6565)
(0.4848, 2.8146, -4.6394)
(-0.1277, 3.1019, -4.6588)
(-0.7705, 3.0788, -4.7404)
(-1.2572, 2.7193, -4.9017)
(-1.5682, 2.3637, -5.0267)
(-0.4387, 1.9948, 4.0078)
(-0.716, 2.3341, 3.9394)
(-1.0536, 2.8857, 3.8752)
(-1.4027, 3.4826, 3.8123)
(-1.748, 4.0805, 3.7545)
(-2.0897, 4.6562, 3.6735)
(-2.4185, 5.1611, 3.3857)
(-2.7579, 5.7682, 3.2683)
(-2.9699, 6.3857, 3.229)
(-1.5038, 1.692, -3.4811)
(-1.4954, 1.8484, -4.0236)
(-1.5939, 2.2864, -4.8565)
(-2.7593, 5.2863, 1.8774)
(-2.6226, 4.6064, 1.788)
(-2.1976, 3.4715, 0.8112)
(-2.0841, 2.9691, 0.2665)
(-2.3952, 4.0522, 1.2401)
(-1.7422, 2.1692, -1.48)
(-1.6111, 1.9118, -2.0812)
(-3.2121, 6.3134, 3.2341)
(-1.8674, 2.1976, -3.6684)
(-2.933, 5.6437, 3.2657)
(-2.5398, 5.0823, 3.3378)
(-2.286, 4.568, 3.7283)
(-1.9281, 3.9747, 3.7766)
(-1.9856, 2.6768, -0.3102)
(-1.5789, 3.3788, 3.8704)
(-1.228, 2.7814, 3.9395)
(-1.4633, 1.6338, -2.7061)
(-0.8796, 2.1815, 3.9872)
(-1.7485, 2.2566, -4.2615)
(-1.8681, 2.4203, -0.8915)
(-2.2531, -1.8426, -5.3642)
(-1.6385, -1.8349, -5.1547)
(-1.1972, -2.0764, -4.9554)
(-0.7563, -2.5215, -4.8517)
(-0.1265, -2.6642, -4.8935)
(0.5353, -2.5744, -5.0175)
(-2.3661, -1.9451, -4.8793)
(-1.7919, -1.9103, -4.6931)
(1.0921, -2.4557, -5.0826)
(-1.2826, -1.9596, -4.5153)
(-0.729, -2.2339, -4.4697)
(-0.0801, -2.3993, -4.5233)
(0.5881, -2.4261, -4.5778)
(1.1304, -2.4255, -4.5954)
(-2.4686, -2.0406, -4.2973)
(-1.8899, -2.0667, -4.1563)
(-1.2757, -1.9818, -4.0072)
(-0.6486, -2.0951, -4.0082)
(-0.016, -2.2813, -4.0926)
(0.6401, -2.3307, -4.0709)
(1.1266, -2.4294, -4.0207)
(-2.5451, -2.1137, -3.7078)
(-1.9523, -2.3242, -3.6508)
(-1.2777, -2.3185, -3.5618)
(-0.622, -2.3804, -3.5295)
(-0.0429, -2.4148, -3.645)
(0.4917, -2.3116, -3.7769)
(0.9437, -2.328, -3.8371)
(-2.559, -2.1353, -3.1135)
(-2.0203, -2.513, -3.1159)
(-1.3569, -2.6297, -3.0959)
(-0.6785, -2.6401, -3.037)
(-0.1412, -2.4501, -3.1424)
(0.3145, -2.2338, -3.4366)
(0.7498, -2.1833, -3.6331)
(-2.5054, -2.1023, -2.5121)
(-2.0286, -2.5663, -2.5209)
(-1.4006, -2.7034, -2.5174)
(-0.7349, -2.6199, -2.4775)
(-0.1757, -2.5004, -2.5885)
(0.3165, -2.3112, -2.8216)
(0.7267, -2.1108, -2.9547)
(-2.4118, -2.0517, -1.915)
(-1.9834, -2.5683, -1.9216)
(-1.391, -2.7786, -1.9535)
(-0.7419, -2.7366, -1.9848)
(-0.1523, -2.6717, -2.0917)
(0.3781, -2.4776, -2.221)
(0.8201, -2.1941, -2.2874)
(-2.2831, -1.978, -1.3246)
(-1.8788, -2.5245, -1.3296)
(-1.3105, -2.8579, -1.389)
(-0.6686, -2.9468, -1.4741)
(-0.0618, -2.8433, -1.5516)
(0.5139, -2.634, -1.6298)
(1.0025, -2.4397, -1.7024)
(-2.1403, -1.891, -0.7385)
(-1.7468, -2.4526, -0.7421)
(-1.1994, -2.8205, -0.7976)
(-0.5598, -2.9377, -0.8834)
(0.065, -2.8971, -0.9647)
(0.6719, -2.7878, -1.0492)
(1.1851, -2.6684, -1.127)
(-2.0202, -1.8166, -0.1485)
(-1.628, -2.4015, -0.1516)
(-1.1048, -2.8227, -0.205)
(-0.4587, -2.9715, -0.297)
(0.1959, -2.9736, -0.3885)
(0.8357, -2.9428, -0.4817)
(1.3753, -2.8887, -0.5618)
(-1.9464, -1.7729, 0.4461)
(-1.5392, -2.3826, 0.4456)
(-1.0308, -2.8841, 0.3944)
(-0.3765, -3.1126, 0.2836)
(0.3205, -3.1426, 0.1663)
(1.0023, -3.1312, 0.0647)
(1.5822, -3.1061, -0.0086)
(-1.7814, -1.662, 0.989)
(-1.3681, -2.2743, 0.9948)
(-0.8903, -2.8342, 0.966)
(-0.2684, -3.173, 0.8616)
(0.4413, -3.2803, 0.7229)
(1.1523, -3.3138, 0.6066)
(1.8284, -3.3392, 0.5296)
(-1.5012, -1.4673, 1.4851)
(-1.0953, -2.0614, 1.49)
(-0.6436, -2.6229, 1.4719)
(-0.0755, -3.0417, 1.3988)
(0.5823, -3.2965, 1.2823)
(1.2585, -3.4796, 1.1496)
(1.9534, -3.6416, 1.0255)
(2.6093, -3.875, 1.0446)
(-1.2226, -1.2711, 1.9927)
(-0.8204, -1.8451, 1.9842)
(-0.3596, -2.3615, 1.933)
(0.1946, -2.764, 1.8356)
(3.1566, -4.1358, 1.2671)
(0.8024, -3.0903, 1.7207)
(1.4247, -3.3903, 1.5935)
(3.6382, -4.4007, 1.6145)
(2.0554, -3.6691, 1.4561)
(4.0418, -4.6645, 1.8071)
(2.6801, -3.95, 1.342)
(-0.946, -1.0805, 2.5083)
(-0.551, -1.647, 2.5011)
(-0.1186, -2.1878, 2.4397)
(3.1887, -4.1949, 1.2992)
(0.3798, -2.6547, 2.2996)
(0.9271, -3.0451, 2.1289)
(3.6708, -4.3908, 1.3983)
(1.4979, -3.4057, 1.9688)
(2.084, -3.7456, 1.8109)
(4.1616, -4.5797, 1.4914)
(-0.7191, -0.9291, 2.9342)
(2.6737, -4.0774, 1.6625)
(-0.2847, -1.4677, 2.9866)
(3.1878, -4.3959, 1.5169)
(0.1596, -2.0422, 2.9531)
(0.595, -2.6351, 2.8034)
(1.0535, -3.163, 2.628)
(3.6718, -4.6814, 1.3885)
(1.5429, -3.6316, 2.4428)
(4.1426, -4.879, 1.2744)
(2.0663, -4.0477, 2.2373)
(2.6339, -4.4025, 2.0344)
(3.2419, -4.6712, 1.9191)
(0.5635, -1.9553, 3.3814)
(0.9527, -2.5148, 3.257)
(1.3744, -3.0853, 3.1152)
(3.7902, -4.9808, 1.7969)
(1.812, -3.6242, 2.9578)
(4.1748, -5.3005, 1.571)
(2.2782, -4.1241, 2.7723)
(2.8197, -4.5539, 2.5625)
(3.3771, -4.9417, 2.3868)
(1.0086, -1.8896, 3.7305)
(1.3586, -2.3588, 3.6314)
(1.7745, -2.9118, 3.5047)
(3.8712, -5.3303, 2.2242)
(2.1976, -3.4645, 3.3655)
(4.2387, -5.6714, 2.014)
(2.6301, -4.0145, 3.22)
(3.1176, -4.5479, 3.0399)
(1.3905, -1.7305, 3.9352)
(1.743, -2.1401, 3.8457)
(3.585, -5.074, 2.8597)
(2.1534, -2.6885, 3.734)
(2.566, -3.2417, 3.6119)
(3.9743, -5.5679, 2.6906)
(2.9775, -3.8013, 3.5032)
(4.3077, -5.942, 2.5031)
(3.4081, -4.3577, 3.363)
(3.8196, -4.9228, 3.2068)
(4.1881, -5.4778, 3.0808)
(4.4298, -5.9005, 2.9275)
(4.8521, -5.5821, 3.2407)
(3.9815, -5.002, 1.9153)
(4.2898, -5.0211, 1.7861)
(4.7545, -4.9379, 1.8026)
(5.2136, -4.9316, 2.1864)
(5.4355, -5.0356, 2.7299)
(5.2294, -5.3222, 3.1093)
(2.0657, -1.1113, 3.8024)
(2.4129, -1.5782, 3.7025)
(2.8224, -2.1291, 3.6047)
(3.2259, -2.6841, 3.4985)
(3.6111, -3.2419, 3.3634)
(3.9944, -3.8142, 3.3086)
(4.3931, -4.3546, 3.2743)
(4.8358, -4.8863, 3.1842)
(2.3021, -0.7135, 3.4708)
(2.7096, -1.2454, 3.3461)
(3.108, -1.8165, 3.2175)
(3.483, -2.3872, 3.085)
(3.8808, -2.938, 2.9543)
(4.2824, -3.5225, 2.9113)
(4.6567, -4.0805, 2.9027)
(5.0588, -4.6009, 2.8407)
(1.7338, 0.7457, 2.9813)
(2.0469, 0.1534, 3.01)
(2.4173, -0.4423, 2.9557)
(2.8138, -1.0402, 2.8133)
(3.1565, -1.6376, 2.6722)
(3.4724, -2.231, 2.5329)
(3.8211, -2.7983, 2.4157)
(4.1885, -3.3696, 2.3578)
(4.5429, -3.9518, 2.3422)
(4.875, -4.496, 2.3072)
(1.8311, 0.8218, 2.5067)
(2.0932, 0.2197, 2.4371)
(2.4345, -0.3678, 2.3367)
(2.7304, -0.9885, 2.2221)
(2.9639, -1.6232, 2.1218)
(3.2127, -2.243, 2.0042)
(3.4956, -2.8501, 1.9038)
(3.8308, -3.4118, 1.8331)
(4.1912, -3.975, 1.8742)
(4.4625, -4.5262, 1.9463)
(1.8821, 0.8852, 1.913)
(2.0376, 0.252, 1.8249)
(2.3267, -0.3614, 1.7303)
(2.5285, -1.0105, 1.6542)
(2.6562, -1.6823, 1.6088)
(2.8429, -2.33, 1.5275)
(3.0855, -2.9618, 1.4442)
(3.3959, -3.5377, 1.4126)
(3.7168, -4.0734, 1.6209)
(3.9911, -4.6097, 1.8727)
(1.9281, 0.9378, 1.311)
(1.9612, 0.2778, 1.2318)
(2.1407, -0.3739, 1.1551)
(2.2742, -1.0433, 1.1078)
(2.3486, -1.7291, 1.089)
(2.4824, -2.4001, 1.0412)
(2.6437, -3.069, 1.0011)
(2.9228, -3.6507, 1.1175)
(3.3021, -4.1503, 1.4513)
(3.671, -4.6364, 1.8033)
(2.0251, 0.9754, 0.7158)
(1.9835, 0.2989, 0.6452)
(2.0008, -0.3784, 0.5792)
(2.0599, -1.0613, 0.5478)
(2.1139, -1.7453, 0.5393)
(2.1932, -2.417, 0.5174)
(2.2271, -3.045, 0.511)
(2.1471, 0.9993, 0.1265)
(2.1479, 0.3229, 0.0694)
(2.0817, -0.3616, 0.0046)
(2.0772, -1.0458, -0.0261)
(2.1023, -1.7137, -0.0329)
(2.0757, -2.3588, -0.0433)
(1.9469, -2.8828, -0.0396)
(2.2415, 1.0202, -0.4684)
(2.3362, 0.349, -0.5047)
(2.3062, -0.3382, -0.5575)
(2.2786, -1.0118, -0.5919)
(2.2297, -1.6534, -0.6075)
(2.0456, -2.2434, -0.6159)
(1.7608, -2.6927, -0.606)
(2.3259, 1.049, -1.0666)
(2.4662, 0.3795, -1.0956)
(2.4794, -0.3094, -1.1366)
(2.435, -0.9749, -1.1712)
(2.2767, -1.5764, -1.1894)
(1.9494, -2.0927, -1.1847)
(1.5792, -2.4767, -1.1687)
(2.4209, 1.086, -1.6587)
(2.5441, 0.4157, -1.697)
(2.5516, -0.2747, -1.7354)
(2.4664, -0.9315, -1.7634)
(2.1859, -1.4525, -1.7487)
(1.7748, -1.8966, -1.7298)
(1.3911, -2.2544, -1.7372)
(2.3934, 1.1166, -2.2414)
(2.5057, 0.4589, -2.2912)
(2.436, -0.2183, -2.2985)
(2.2475, -0.8081, -2.1977)
(1.896, -1.2339, -2.1373)
(1.5036, -1.6608, -2.21)
(1.163, -2.018, -2.2841)
(2.1584, 1.1041, -2.7737)
(2.2705, 0.5038, -2.8156)
(2.0869, -0.1366, -2.7399)
(1.8529, -0.6969, -2.5248)
(1.6362, -1.1388, -2.5323)
(1.3782, -1.5913, -2.7757)
(1.0614, -1.9433, -2.9173)
(1.7796, 0.9066, -3.0921)
(2.0299, 0.3734, -3.2039)
(1.9282, -0.2004, -3.161)
(1.7469, -0.764, -2.9595)
(1.6798, -1.2485, -3.0605)
(1.4841, -1.6925, -3.3723)
(1.1477, -2.0321, -3.5529)
(1.4662, 0.7228, -3.4255)
(1.7873, 0.1492, -3.5591)
(2.0022, -0.369, -3.5601)
(2.0388, -0.8947, -3.3924)
(1.9721, -1.4537, -3.42)
(1.7273, -1.96, -3.6185)
(1.3434, -2.3047, -3.764)
(1.5677, 0.813, -3.8725)
(1.7549, 0.1724, -3.9914)
(2.0461, -0.4028, -3.9821)
(2.2539, -0.9801, -3.8593)
(2.2469, -1.6287, -3.8031)
(1.9732, -2.1863, -3.8929)
(1.525, -2.5037, -3.9976)
(1.9318, 0.9827, -4.2803)
(2.1307, 0.3422, -4.3649)
(2.3196, -0.3123, -4.3708)
(2.4544, -0.9719, -4.3301)
(2.4221, -1.6222, -4.3457)
(2.0711, -2.1228, -4.4571)
(1.5803, -2.3901, -4.5726)
(2.0743, 1.0413, -4.7043)
(2.2765, 0.3941, -4.6551)
(2.402, -0.2613, -4.5383)
(2.4732, -0.9142, -4.5496)
(2.4381, -1.5405, -4.7484)
(2.1175, -2.0198, -4.943)
(1.6355, -2.2999, -5.0586)
(1.7766, -1.4384, 3.9624)
(2.0688, -1.8902, 3.8715)
(2.4756, -2.437, 3.776)
(2.883, -2.9865, 3.6709)
(3.2703, -3.54, 3.5506)
(3.6498, -4.0863, 3.4411)
(4.0375, -4.6268, 3.3274)
(4.4601, -5.1949, 3.2312)
(-2.5012, -1.4881, -5.3885)
(-2.1943, -0.9763, -5.205)
(-1.9168, -0.4446, -5.0414)
(-1.9506, 0.22, -5.0612)
(-2.0206, 0.8948, -5.1386)
(-1.9231, 1.5658, -5.1432)
(-2.6522, -1.5206, -4.9017)
(-2.4272, -0.9471, -4.7664)
(-1.7035, 2.0855, -5.0856)
(-2.115, -0.3882, -4.587)
(-2.0265, 0.2408, -4.5656)
(-2.1005, 0.8973, -4.6479)
(-2.045, 1.5577, -4.654)
(-1.8073, 2.0705, -4.5951)
(-2.7909, -1.5602, -4.3168)
(-2.6409, -0.9454, -4.2213)
(-2.3112, -0.3616, -4.0414)
(-2.1453, 0.2217, -4.003)
(-2.2139, 0.8529, -4.0765)
(-2.1978, 1.5321, -4.0816)
(-1.9535, 2.0385, -4.029)
(-2.9028, -1.5841, -3.7262)
(-2.8792, -0.9569, -3.7007)
(-2.5884, -0.3935, -3.5451)
(-2.3197, 0.1268, -3.4767)
(-2.2127, 0.7313, -3.5325)
(-2.0819, 1.3776, -3.6588)
(-1.826, 1.8528, -3.8336)
(-2.9058, -1.5518, -3.1355)
(-3.0303, -0.8943, -3.1821)
(-2.8994, -0.2836, -3.1513)
(-2.5842, 0.2631, -3.1474)
(-2.2156, 0.7534, -3.143)
(-1.8998, 1.1977, -3.2924)
(-1.6436, 1.6015, -3.6495)
(-2.8008, -1.485, -2.5426)
(-2.9659, -0.8174, -2.6017)
(-3.0092, -0.1399, -2.6832)
(-2.86, 0.4974, -2.7904)
(-2.4845, 0.9728, -2.8114)
(-2.0203, 1.2797, -2.8609)
(-1.6392, 1.5351, -3.0379)
(-2.6805, -1.4203, -1.9509)
(-2.8593, -0.7569, -2.0112)
(-2.9709, -0.0861, -2.0922)
(-2.9412, 0.5614, -2.1953)
(-2.6874, 1.1217, -2.2885)
(-2.1861, 1.4664, -2.3338)
(-1.6968, 1.6643, -2.3685)
(-2.5571, -1.3467, -1.36)
(-2.7701, -0.6926, -1.4159)
(-2.9223, -0.0306, -1.4915)
(-2.922, 0.6125, -1.5829)
(-2.7037, 1.1814, -1.6623)
(-2.271, 1.5957, -1.7071)
(-1.8367, 1.8911, -1.7481)
(-2.4461, -1.2696, -0.7674)
(-2.7142, -0.6326, -0.8155)
(-2.9017, 0.0208, -0.887)
(-2.8971, 0.6641, -0.974)
(-2.6811, 1.2442, -1.0491)
(-2.3141, 1.7363, -1.1047)
(-1.9526, 2.1221, -1.1557)
(-2.3772, -1.2062, -0.1694)
(-2.7162, -0.5862, -0.2115)
(-2.9363, 0.0688, -0.2826)
(-2.9007, 0.7285, -0.3714)
(-2.6684, 1.3357, -0.4507)
(-2.3574, 1.8973, -0.518)
(-2.0594, 2.3546, -0.5755)
(-2.3425, -1.1603, 0.4292)
(-2.7374, -0.5414, 0.3949)
(-3.0128, 0.1244, 0.3267)
(-2.9866, 0.8178, 0.2225)
(-2.7377, 1.4698, 0.1236)
(-2.439, 2.0859, 0.0466)
(-2.1648, 2.6013, -0.0071)
(-2.1864, -1.0502, 0.9753)
(-2.5934, -0.4342, 0.9535)
(-2.9414, 0.2147, 0.9089)
(-3.0221, 0.915, 0.8106)
(-2.8268, 1.6102, 0.6908)
(-2.5521, 2.2716, 0.5976)
(-2.2856, 2.8945, 0.5432)
(-1.8998, -0.8706, 1.475)
(-2.2957, -0.2748, 1.4594)
(-2.6642, 0.3355, 1.4302)
(-2.8113, 0.9991, 1.3454)
(-2.7237, 1.695, 1.2383)
(-2.6001, 2.3817, 1.154)
(-2.5084, 3.0632, 1.0477)
(-2.5217, 3.7296, 1.0789)
(-1.6131, -0.6868, 1.9839)
(-2.0052, -0.1069, 1.9691)
(-2.3842, 0.4747, 1.9452)
(-2.6296, 1.0902, 1.8627)
(-2.5774, 4.3323, 1.3561)
(-2.7369, 1.7439, 1.74)
(-2.8143, 2.4123, 1.6149)
(-2.5751, 4.9093, 1.6707)
(-2.9069, 3.0715, 1.4356)
(-2.482, 5.3497, 1.7562)
(-2.9828, 3.732, 1.2724)
(-1.3308, -0.4991, 2.4983)
(-1.7072, 0.0817, 2.4813)
(-2.0967, 0.6666, 2.4462)
(-2.9116, 4.3819, 1.2743)
(-2.4729, 1.2665, 2.366)
(-2.7818, 1.8817, 2.2366)
(-2.711, 4.9674, 1.4462)
(-3.0199, 2.5119, 2.0695)
(-3.2081, 3.1518, 1.8729)
(-2.5264, 5.4559, 1.5501)
(-1.1072, -0.3498, 2.9267)
(-3.3535, 3.8002, 1.6773)
(-1.4261, 0.2607, 2.9642)
(-3.356, 4.4608, 1.5413)
(-1.7559, 0.9001, 2.9189)
(-2.1383, 1.5301, 2.7945)
(-2.5061, 2.1403, 2.6814)
(-3.1627, 5.0983, 1.4969)
(-2.8391, 2.7474, 2.5534)
(-2.9365, 5.6184, 1.4835)
(-3.1226, 3.3643, 2.3818)
(-3.3463, 3.9944, 2.1726)
(-3.5266, 4.6206, 2.0103)
(-1.5107, 1.2255, 3.3639)
(-1.8293, 1.8169, 3.2171)
(-2.1705, 2.4327, 3.0848)
(-3.531, 5.25, 1.9116)
(-2.5176, 3.0358, 2.9726)
(-3.3806, 5.7928, 1.8403)
(-2.8515, 3.6396, 2.8441)
(-3.1205, 4.268, 2.6561)
(-3.4075, 4.8743, 2.485)
(-1.2743, 1.5995, 3.7358)
(-1.5403, 2.1169, 3.6286)
(-1.8578, 2.7242, 3.5019)
(-3.6557, 5.4546, 2.3928)
(-2.1933, 3.3281, 3.384)
(-3.72, 5.9728, 2.2956)
(-2.5465, 3.9273, 3.2771)
(-2.8718, 4.5464, 3.1179)
(-0.9857, 1.8838, 3.9525)
(-1.2207, 2.3722, 3.8901)
(-3.1897, 5.1453, 2.9436)
(-1.5538, 2.97, 3.8039)
(-1.8934, 3.5709, 3.7021)
(-3.5363, 5.7006, 2.8708)
(-2.2451, 4.1692, 3.6102)
(-3.7766, 6.1842, 2.7956)
(-2.5733, 4.7568, 3.4341)
(-2.9084, 5.3264, 3.2494)
(-3.2543, 5.9009, 3.1871)
(-3.5365, 6.3454, 3.1337)
(-2.9658, 6.6124, 3.2135)
(-2.8518, 5.2416, 1.6779)
(-2.7014, 5.501, 1.6321)
(-2.5553, 6.0779, 1.6937)
(-2.4721, 6.5869, 1.9932)
(-2.4878, 6.884, 2.5018)
(-2.6744, 6.853, 2.9974)
(-0.1724, 2.3084, 3.8002)
(-0.4766, 2.8087, 3.7117)
(-0.8328, 3.3991, 3.6283)
(-1.1911, 3.9907, 3.5561)
(-1.5468, 4.5834, 3.5076)
(-1.9077, 5.1546, 3.3735)
(-2.2504, 5.7555, 3.214)
(-2.5228, 6.3718, 3.12)
(0.2747, 2.4056, 3.4599)
(-0.0644, 2.9885, 3.3457)
(-0.4467, 3.5779, 3.2294)
(-0.8485, 4.1403, 3.1127)
(-1.2511, 4.7052, 3.0003)
(-1.6338, 5.3189, 2.9032)
(-1.9937, 5.9405, 2.8228)
(-2.2745, 6.5121, 2.7101)
(1.3919, 1.3291, 2.9811)
(1.0053, 1.8759, 3.0105)
(0.6072, 2.4563, 2.9628)
(0.199, 3.0523, 2.8252)
(-0.2482, 3.5837, 2.6933)
(-0.7136, 4.0813, 2.5617)
(-1.1363, 4.6108, 2.4091)
(-1.5353, 5.1824, 2.3314)
(-1.9136, 5.7212, 2.3179)
(-2.2387, 6.2584, 2.2347)
(1.5741, 1.4355, 2.5281)
(1.1894, 1.9791, 2.4754)
(0.742, 2.486, 2.3672)
(0.2534, 2.9698, 2.2464)
(-0.2843, 3.3847, 2.1537)
(-0.8021, 3.8093, 2.0465)
(-1.2048, 4.3196, 1.8751)
(-1.5908, 4.8219, 1.8402)
(-1.9915, 5.2939, 1.9439)
(-2.3807, 5.8011, 1.9453)
(1.7088, 1.5098, 1.9465)
(1.2465, 1.9608, 1.8938)
(0.6996, 2.3385, 1.7927)
(0.1497, 2.7388, 1.7035)
(-0.4431, 3.0795, 1.6571)
(-0.9875, 3.4676, 1.5727)
(-1.4314, 3.9488, 1.4259)
(-1.8547, 4.4097, 1.4548)
(-2.2323, 4.8838, 1.7069)
(-2.5638, 5.3305, 1.8576)
(1.7724, 1.5442, 1.3434)
(1.2455, 1.9072, 1.3071)
(0.6206, 2.1531, 1.2394)
(0.0195, 2.4713, 1.1792)
(-0.5898, 2.7916, 1.1438)
(-1.1599, 3.1554, 1.0744)
(-1.7067, 3.5558, 1.0119)
(-2.1622, 4.0048, 1.1656)
(-2.4418, 4.5236, 1.5786)
(-2.666, 5.0236, 1.8636)
(1.8289, 1.5744, 0.739)
(1.286, 1.9377, 0.7049)
(0.6273, 2.1332, 0.654)
(-0.0237, 2.3563, 0.6112)
(-0.6532, 2.6237, 0.5808)
(-1.2609, 2.9103, 0.5391)
(-1.8395, 3.1535, 0.5267)
(1.8761, 1.5961, 0.1345)
(1.3397, 1.9979, 0.1045)
(0.6939, 2.2352, 0.0615)
(0.0348, 2.4256, 0.0211)
(-0.6093, 2.6068, -0.0073)
(-1.2443, 2.7613, -0.0303)
(-1.7935, 2.8344, -0.0311)
(1.9206, 1.6147, -0.4696)
(1.3983, 2.0418, -0.4962)
(0.7609, 2.2904, -0.5312)
(0.1057, 2.4491, -0.564)
(-0.5307, 2.5734, -0.5895)
(-1.1623, 2.6331, -0.6084)
(-1.7008, 2.5986, -0.6093)
(1.9859, 1.6284, -1.0662)
(1.4402, 1.9747, -1.0744)
(0.7805, 2.1104, -1.0722)
(0.1299, 2.225, -1.0908)
(-0.4717, 2.3889, -1.1423)
(-1.0699, 2.4607, -1.183)
(-1.5915, 2.3714, -1.1911)
(2.0522, 1.526, -1.5844)
(1.444, 1.6676, -1.5297)
(0.7767, 1.7565, -1.5443)
(0.1707, 1.9548, -1.5989)
(-0.3862, 2.2006, -1.6916)
(-0.9714, 2.2685, -1.7567)
(-1.4797, 2.1376, -1.7777)
(1.9944, 1.4861, -2.0691)
(1.4113, 1.4673, -1.9648)
(0.8383, 1.5513, -2.0455)
(0.2794, 1.7887, -2.1246)
(-0.2821, 1.9397, -2.2014)
(-0.8571, 1.976, -2.279)
(-1.3561, 1.8641, -2.354)
(1.739, 1.5496, -2.5611)
(1.2292, 1.6218, -2.364)
(0.772, 1.6287, -2.4726)
(0.2813, 1.7373, -2.6287)
(-0.2704, 1.8139, -2.696)
(-0.8149, 1.8593, -2.8347)
(-1.2959, 1.7564, -2.9806)
(1.3524, 1.3993, -2.8951)
(0.9541, 1.7816, -2.6716)
(0.5351, 1.9144, -2.7288)
(0.1298, 1.8886, -3.0334)
(-0.2951, 1.9647, -3.2494)
(-0.846, 2.0276, -3.4237)
(-1.314, 1.883, -3.5929)
(1.1668, 1.3055, -3.2681)
(0.9345, 1.9044, -3.0966)
(0.5258, 2.2504, -3.052)
(0.0497, 2.2431, -3.3287)
(-0.3978, 2.2871, -3.5462)
(-0.9966, 2.329, -3.6045)
(-1.4891, 2.1475, -3.746)
(1.3977, 1.4575, -3.7276)
(1.1435, 2.0625, -3.6113)
(0.6769, 2.4747, -3.5594)
(0.0854, 2.6625, -3.6646)
(-0.519, 2.7429, -3.737)
(-1.1352, 2.6356, -3.7798)
(-1.6119, 2.3681, -3.9138)
(1.6715, 1.5984, -4.1973)
(1.2728, 2.1461, -4.1628)
(0.742, 2.575, -4.1418)
(0.1425, 2.9028, -4.1472)
(-0.5031, 3.0226, -4.2002)
(-1.0941, 2.7966, -4.3313)
(-1.5072, 2.438, -4.4879)
(1.738, 1.6412, -4.69)
(1.2883, 2.1637, -4.6665)
(0.7655, 2.6152, -4.6458)
(0.1877, 2.985, -4.6432)
(-0.4568, 3.1391, -4.6886)
(-1.0391, 2.9201, -4.818)
(-1.4279, 2.5335, -4.9709)
(-0.5724, 2.1454, 3.9738)
(-0.8796, 2.5927, 3.9066)
(-1.2286, 3.1839, 3.8437)
(-1.5757, 3.7814, 3.7805)
(-1.92, 4.3771, 3.7334)
(-2.2532, 4.9063, 3.5332)
(-2.5928, 5.4524, 3.3059)
(-2.8906, 6.0921, 3.246)
