(3.0168, -1.4095, -5.5524)
(3.1776, -0.7533, -5.4784)
(3.1758, -0.0649, -5.4207)
(3.1072, 0.6233, -5.3634)
(3.0352, 1.3115, -5.3052)
(2.951, -1.4376, -5.1136)
(3.1419, -0.7889, -5.041)
(2.9994, 1.9617, -5.2493)
(3.1674, -0.102, -4.9818)
(3.0138, 2.3737, -5.1443)
(3.1142, 0.5869, -4.9242)
(3.048, 1.2754, -4.866)
(3.0117, 1.9271, -4.8114)
(3.0238, 2.4315, -4.8082)
(2.8636, -1.473, -4.5443)
(3.09, -0.8351, -4.4694)
(3.1496, -0.1513, -4.4081)
(3.1173, 0.5383, -4.35)
(3.0595, 1.2273, -4.2918)
(3.0234, 1.8787, -4.2369)
(3.0245, 2.3751, -4.1961)
(2.7683, -1.5083, -3.9425)
(3.0296, -0.8831, -3.8645)
(3.1234, -0.2042, -3.801)
(3.1116, 0.4855, -3.7421)
(3.0622, 1.1746, -3.6837)
(3.0294, 1.8248, -3.6283)
(3.0382, 2.3221, -3.5872)
(2.6698, -1.5406, -3.3408)
(2.9647, -0.9299, -3.2598)
(3.0906, -0.2574, -3.1941)
(3.0961, 0.4303, -3.134)
(3.0511, 1.1149, -3.0747)
(3.0171, 1.7585, -3.0178)
(3.0318, 2.2565, -2.9754)
(2.5677, -1.5693, -2.7393)
(2.8957, -0.9753, -2.6554)
(3.0522, -0.3117, -2.5873)
(3.0714, 0.3674, -2.5248)
(3.025, 1.0344, -2.462)
(2.9764, 1.6628, -2.4027)
(2.9604, 2.152, -2.3593)
(2.4614, -1.5933, -2.1381)
(2.8229, -1.019, -2.0511)
(3.0095, -0.3686, -1.9801)
(3.0387, 0.2926, -1.9135)
(2.9863, 0.9374, -1.8468)
(2.9155, 1.5484, -1.7859)
(2.8597, 2.025, -1.7437)
(2.3501, -1.6117, -1.5374)
(2.7459, -1.061, -1.4471)
(2.9637, -0.4279, -1.3729)
(2.9991, 0.2156, -1.3028)
(2.9381, 0.8426, -1.2334)
(2.8469, 1.4388, -1.1711)
(2.7535, 1.9005, -1.1294)
(2.2328, -1.6229, -0.9374)
(2.6646, -1.0999, -0.8434)
(2.9175, -0.4865, -0.7665)
(2.9547, 0.1478, -0.6955)
(2.8855, 0.7674, -0.6255)
(2.785, 1.3572, -0.5615)
(2.6722, 1.8094, -0.5174)
(2.1114, -1.6276, -0.338)
(2.5811, -1.1349, -0.2397)
(2.8778, -0.5431, -0.161)
(2.9155, 0.0936, -0.0924)
(2.8432, 0.7207, -0.024)
(2.7479, 1.3176, 0.0417)
(2.643, 1.777, 0.0891)
(1.9955, -1.6353, 0.262)
(2.5049, -1.1713, 0.3653)
(2.8585, -0.6014, 0.4448)
(2.9195, 0.0496, 0.5068)
(2.8497, 0.6994, 0.5714)
(2.7567, 1.3141, 0.6383)
(2.6615, 1.7852, 0.6904)
(1.8853, -1.6504, 0.8617)
(2.4231, -1.2067, 0.97)
(2.83, -0.6499, 1.0489)
(2.9839, 0.0121, 1.1008)
(2.9322, 0.6908, 1.1582)
(2.8412, 1.3381, 1.2226)
(2.7297, 1.8344, 1.2874)
(1.7408, -1.6305, 1.4538)
(2.2818, -1.1961, 1.564)
(2.717, -0.6592, 1.6455)
(2.9585, -0.0158, 1.6981)
(2.9853, 0.6752, 1.7446)
(2.9851, 1.3654, 1.7905)
(3.0389, 2.1241, 1.8208)
(1.5705, -1.5817, 2.0403)
(2.1026, -1.1483, 2.1479)
(2.5612, -0.6416, 2.2334)
(2.8584, -0.0375, 2.2913)
(3.5579, 2.5542, 2.0136)
(2.9349, 0.6375, 2.3309)
(3.0516, 1.3117, 2.3658)
(4.0281, 2.755, 2.4823)
(3.3501, 1.9114, 2.3428)
(4.4808, 2.8907, 2.9893)
(3.8296, 2.3715, 2.2948)
(1.3898, -1.5186, 2.6273)
(1.9103, -1.0809, 2.7315)
(2.4132, -0.6143, 2.8227)
(4.712, 3.1036, 3.1109)
(2.8125, -0.073, 2.8864)
(4.2785, 2.8043, 2.3918)
(3.0295, 0.5613, 2.9083)
(3.2476, 1.2063, 2.9187)
(4.6129, 3.1361, 2.7385)
(3.5975, 1.7792, 2.8737)
(4.8752, 3.3744, 3.0231)
(4.105, 2.2143, 2.7555)
(1.1899, -1.431, 3.183)
(1.6643, -0.9712, 3.3035)
(2.2008, -0.5089, 3.3898)
(4.5999, 2.6738, 2.6871)
(2.7201, -0.0439, 3.4662)
(3.1236, 0.5007, 3.4799)
(5.0014, 3.1316, 2.7196)
(3.4641, 1.0901, 3.4616)
(1.0202, -1.3481, 3.621)
(5.2071, 3.5324, 2.8109)
(3.8269, 1.6561, 3.4207)
(4.3206, 2.1042, 3.3101)
(1.9158, -0.2768, 3.8828)
(1.261, -0.7937, 3.8752)
(4.8078, 2.5832, 3.2264)
(2.4866, 0.1532, 3.9677)
(3.0098, 0.6069, 4.0215)
(5.2391, 3.0668, 3.1753)
(3.4879, 1.0989, 4.0177)
(5.5271, 3.4632, 3.1607)
(3.9443, 1.6073, 3.9702)
(4.4115, 2.1028, 3.8886)
(1.2049, -0.2734, 4.2221)
(1.6379, 0.0847, 4.2693)
(4.8807, 2.6027, 3.8203)
(2.1733, 0.498, 4.3425)
(2.7189, 0.9288, 4.412)
(5.3195, 3.0803, 3.7722)
(3.2501, 1.3746, 4.4487)
(5.6744, 3.4263, 3.7391)
(3.7664, 1.8364, 4.4402)
(4.2696, 2.3085, 4.4012)
(1.0104, 0.1244, 4.54)
(1.3522, 0.4658, 4.5686)
(4.773, 2.7789, 4.3623)
(1.8528, 0.8824, 4.614)
(2.3901, 1.321, 4.6603)
(5.2546, 3.215, 4.342)
(2.926, 1.7623, 4.7021)
(0.9356, 0.4467, 4.6597)
(5.6358, 3.5336, 4.323)
(3.4565, 2.2104, 4.7204)
(1.0441, 0.7712, 4.7066)
(1.5918, 1.1995, 4.7455)
(3.979, 2.6659, 4.7117)
(2.1275, 1.6353, 4.7985)
(4.5037, 3.1161, 4.703)
(2.6649, 2.074, 4.85)
(3.1985, 2.5201, 4.8752)
(5.0137, 3.5148, 4.7246)
(3.7221, 2.9778, 4.8664)
(5.4156, 3.7732, 4.75)
(4.2456, 3.4351, 4.8377)
(5.1253, 3.9149, 4.8556)
(4.7854, 3.8803, 4.8273)
(-0.5417, 3.5656, -5.343)
(0.1132, 3.7321, -5.2094)
(0.797, 3.6742, -5.148)
(1.4581, 3.4662, -5.136)
(2.0832, 3.1683, -5.1482)
(-0.588, 3.4544, -4.9229)
(0.0819, 3.5484, -4.8156)
(2.6267, 2.8082, -5.1765)
(0.766, 3.5235, -4.7391)
(2.9525, 2.5385, -5.1304)
(1.4365, 3.3738, -4.7079)
(2.0709, 3.1048, -4.7127)
(2.6213, 2.7559, -4.7404)
(3.011, 2.447, -4.808)
(-0.6467, 3.3151, -4.3731)
(0.0324, 3.3242, -4.2927)
(0.7183, 3.2992, -4.2144)
(1.3989, 3.2156, -4.159)
(2.051, 3.0048, -4.1469)
(2.6164, 2.6862, -4.1681)
(3.0092, 2.388, -4.1955)
(-0.7008, 3.1501, -3.7957)
(-0.0239, 3.0717, -3.7464)
(0.6608, 3.0244, -3.6756)
(1.3462, 2.9906, -3.5984)
(2.0167, 2.8605, -3.5579)
(2.6069, 2.6004, -3.5637)
(3.0227, 2.3351, -3.588)
(-0.7467, 3.006, -3.2108)
(-0.0799, 2.8638, -3.1824)
(0.5996, 2.7607, -3.1322)
(1.2843, 2.7257, -3.0542)
(1.9608, 2.6631, -2.985)
(2.5719, 2.4838, -2.9633)
(3.0178, 2.2711, -2.9783)
(-0.7848, 2.9025, -2.6167)
(-0.1245, 2.747, -2.5942)
(0.544, 2.5807, -2.5605)
(1.2155, 2.4841, -2.5008)
(1.8764, 2.4294, -2.422)
(2.4907, 2.3272, -2.3676)
(2.9461, 2.1663, -2.3635)
(-0.8089, 2.8293, -2.0203)
(-0.1418, 2.7522, -1.9934)
(0.5147, 2.5548, -1.9619)
(1.152, 2.3673, -1.9128)
(1.7812, 2.2381, -1.8467)
(2.3819, 2.1488, -1.7763)
(2.8457, 2.0394, -1.7479)
(-0.8078, 2.7111, -1.4336)
(-0.1408, 2.7846, -1.395)
(0.5173, 2.6444, -1.3631)
(1.1258, 2.4174, -1.3094)
(1.718, 2.2103, -1.243)
(2.2851, 2.0294, -1.1754)
(2.7387, 1.9142, -1.1357)
(-0.7751, 2.5191, -0.8664)
(-0.1358, 2.7348, -0.8013)
(0.5274, 2.7254, -0.7657)
(1.1389, 2.5385, -0.7144)
(1.7044, 2.2806, -0.6398)
(2.2342, 2.0133, -0.5668)
(2.6576, 1.8231, -0.5235)
(-0.7147, 2.2697, -0.3216)
(-0.1176, 2.5897, -0.2229)
(0.5284, 2.7292, -0.1677)
(1.1566, 2.6247, -0.1201)
(1.7237, 2.3607, -0.0443)
(2.2362, 2.0487, 0.0352)
(2.6293, 1.7917, 0.0869)
(-0.7098, 2.0846, 0.2437)
(-0.1171, 2.4195, 0.3459)
(0.5074, 2.6502, 0.4224)
(1.1519, 2.6401, 0.4748)
(1.746, 2.4121, 0.5482)
(2.2647, 2.0867, 0.6305)
(2.6497, 1.8013, 0.6901)
(-0.8099, 2.0538, 0.8325)
(-0.2022, 2.3576, 0.929)
(0.4522, 2.5321, 1.0008)
(1.1156, 2.6104, 1.065)
(1.7462, 2.4524, 1.1394)
(2.2961, 2.1378, 1.2212)
(2.7179, 1.8546, 1.2896)
(-0.895, 1.9972, 1.4294)
(-0.2783, 2.2897, 1.5228)
(0.3723, 2.4987, 1.5927)
(1.0362, 2.6194, 1.6567)
(1.6896, 2.5058, 1.7238)
(2.3072, 2.2767, 1.782)
(3.0309, 2.1439, 1.8257)
(-0.9287, 1.8692, 2.0213)
(-0.3315, 2.1987, 2.1186)
(0.2909, 2.4806, 2.189)
(0.9356, 2.6643, 2.2452)
(3.5468, 2.5684, 2.0235)
(1.5964, 2.6316, 2.2807)
(2.2556, 2.5653, 2.2728)
(4.0148, 2.762, 2.4961)
(2.9001, 2.5674, 2.315)
(4.4673, 2.8925, 3.0065)
(3.4556, 2.8793, 2.2968)
(-0.9073, 1.6628, 2.5939)
(-0.3506, 2.0419, 2.7086)
(0.2367, 2.395, 2.7841)
(4.7135, 3.0701, 3.1556)
(0.8496, 2.6806, 2.8292)
(4.0212, 3.1368, 2.4613)
(1.5016, 2.7803, 2.8186)
(2.1459, 2.7791, 2.7908)
(4.4992, 3.2886, 2.8257)
(2.7843, 2.8931, 2.7981)
(4.8478, 3.3902, 3.1328)
(3.3486, 3.2337, 2.7212)
(-0.855, 1.4073, 3.1247)
(-0.3426, 1.8019, 3.2891)
(0.2298, 2.2109, 3.3698)
(3.9198, 3.5804, 2.7014)
(0.8128, 2.5736, 3.4131)
(1.4398, 2.753, 3.3692)
(4.4929, 3.7922, 2.8217)
(2.0288, 2.9901, 3.2784)
(-0.8059, 1.1793, 3.5408)
(4.9365, 3.8715, 2.9965)
(2.6379, 3.2417, 3.2438)
(3.2322, 3.5531, 3.2175)
(0.3137, 1.925, 3.9041)
(-0.3273, 1.3972, 3.8991)
(3.792, 3.9284, 3.1641)
(0.867, 2.3577, 3.9462)
(1.4499, 2.6874, 3.9265)
(4.3754, 4.1958, 3.1875)
(2.0382, 2.975, 3.8336)
(4.843, 4.3406, 3.2514)
(2.5724, 3.3648, 3.7723)
(3.1298, 3.752, 3.7403)
(0.0796, 1.2644, 4.3228)
(0.5425, 1.5788, 4.3199)
(3.7001, 4.1279, 3.7137)
(1.0814, 1.9725, 4.3229)
(1.6156, 2.3927, 4.3726)
(4.2662, 4.442, 3.7208)
(2.1719, 2.7756, 4.3474)
(4.7128, 4.6557, 3.742)
(2.7198, 3.1672, 4.2742)
(3.24, 3.6072, 4.2656)
(0.4014, 0.9451, 4.6088)
(0.8235, 1.1807, 4.5926)
(3.7644, 4.0487, 4.2775)
(1.3517, 1.5554, 4.5983)
(1.8881, 1.9848, 4.6446)
(4.2766, 4.4475, 4.2958)
(2.4316, 2.4073, 4.6613)
(0.6918, 0.7711, 4.6971)
(4.6745, 4.7439, 4.3068)
(2.9772, 2.823, 4.6352)
(1.0343, 0.7894, 4.7066)
(1.5823, 1.2177, 4.745)
(3.4849, 3.285, 4.6542)
(2.1225, 1.6569, 4.8033)
(3.9888, 3.7545, 4.6853)
(2.6612, 2.094, 4.86)
(3.1962, 2.5376, 4.889)
(4.4713, 4.188, 4.7189)
(3.7181, 2.9961, 4.8777)
(4.8226, 4.517, 4.7422)
(4.2395, 3.4537, 4.8466)
(4.8988, 4.2107, 4.8528)
(4.773, 3.8966, 4.8283)
(2.6067, -1.9194, -5.6661)
(1.9909, -2.1437, -5.7738)
(1.3223, -2.0814, -5.8786)
(0.6741, -1.8563, -5.9598)
(0.0444, -1.5715, -6.0233)
(-0.5856, -1.2864, -6.086)
(2.5262, -1.9424, -5.2169)
(1.914, -2.1804, -5.3375)
(1.2441, -2.1483, -5.4504)
(-1.1909, -1.0497, -6.154)
(0.5894, -1.949, -5.5376)
(-1.6041, -0.9491, -6.142)
(-0.0453, -1.6779, -5.6051)
(-0.6769, -1.3974, -5.6692)
(-1.2828, -1.1585, -5.7383)
(-1.7523, -1.0041, -5.8398)
(2.4233, -1.9706, -4.647)
(1.8138, -2.2258, -4.7711)
(1.1432, -2.2307, -4.8895)
(0.4812, -2.0643, -4.9836)
(-0.1599, -1.8119, -5.0565)
(-0.7942, -1.5383, -5.1228)
(-1.3996, -1.2989, -5.1913)
(-1.869, -1.1441, -5.2527)
(2.3132, -1.9979, -4.0468)
(1.7067, -2.2703, -4.1719)
(1.0372, -2.3127, -4.2946)
(0.3694, -2.1797, -4.3952)
(-0.2776, -1.9461, -4.473)
(-0.914, -1.6796, -4.5413)
(-1.5192, -1.4429, -4.6097)
(-1.9914, -1.2941, -4.6728)
(2.2003, -2.0214, -3.4466)
(1.5978, -2.3109, -3.5725)
(0.9314, -2.3901, -3.699)
(0.2599, -2.2894, -3.8051)
(-0.3904, -2.0722, -3.8862)
(-1.0239, -1.8108, -3.9537)
(-1.6227, -1.5747, -4.0187)
(-2.0973, -1.4308, -4.0823)
(2.0841, -2.0402, -2.8466)
(1.4865, -2.3468, -2.973)
(0.8255, -2.4632, -3.1026)
(0.1529, -2.3942, -3.2133)
(-0.4938, -2.1928, -3.2941)
(-1.1115, -1.9362, -3.3544)
(-1.6925, -1.6914, -3.4099)
(-2.1506, -1.5212, -3.4621)
(1.964, -2.0535, -2.2469)
(1.3722, -2.3772, -2.3735)
(0.7192, -2.5319, -2.5057)
(0.0495, -2.4959, -2.6194)
(-0.5848, -2.3105, -2.6957)
(-1.1812, -2.0562, -2.746)
(-1.7403, -1.7964, -2.7904)
(-2.175, -1.5926, -2.8298)
(1.8389, -2.0598, -1.6478)
(1.2541, -2.4007, -1.7742)
(0.6123, -2.596, -1.9081)
(-0.051, -2.5956, -2.0242)
(-0.6717, -2.4225, -2.0953)
(-1.2499, -2.1665, -2.1373)
(-1.7897, -1.8926, -2.1717)
(-2.1997, -1.6583, -2.1982)
(1.7084, -2.058, -1.0496)
(1.1312, -2.4158, -1.1754)
(0.5039, -2.6547, -1.3103)
(-0.1519, -2.6943, -1.4297)
(-0.7648, -2.5264, -1.4987)
(-1.334, -2.2653, -1.5364)
(-1.8656, -1.985, -1.5654)
(-2.2618, -1.7362, -1.5822)
(1.5741, -2.051, -0.4522)
(1.0036, -2.4248, -0.5773)
(0.3925, -2.7097, -0.7126)
(-0.2562, -2.7978, -0.8381)
(-0.8708, -2.6296, -0.9102)
(-1.4458, -2.3632, -0.9502)
(-1.986, -2.0857, -0.9806)
(-2.392, -1.8424, -0.9979)
(1.4445, -2.0502, 0.1452)
(0.877, -2.4398, 0.0204)
(0.2799, -2.7718, -0.1153)
(-0.3645, -2.9206, -0.2517)
(-0.9974, -2.7685, -0.3395)
(-1.5933, -2.4968, -0.3886)
(-2.1511, -2.216, -0.4222)
(-2.5723, -1.9794, -0.4405)
(1.3215, -2.0584, 0.742)
(0.7559, -2.4626, 0.6177)
(0.1682, -2.8289, 0.483)
(-0.479, -3.0308, 0.334)
(-1.1451, -2.9592, 0.2084)
(-1.7712, -2.6937, 0.1413)
(-2.3591, -2.4041, 0.0978)
(-2.8028, -2.1468, 0.0907)
(1.1773, -2.0356, 1.3334)
(0.6142, -2.4406, 1.2105)
(0.0334, -2.813, 1.0785)
(-0.6041, -3.048, 0.9281)
(-1.2781, -3.0635, 0.7827)
(-1.9344, -2.865, 0.6807)
(-2.582, -2.641, 0.5854)
(-3.3031, -2.4421, 0.4463)
(1.0136, -1.9843, 1.9209)
(0.455, -2.3839, 1.7994)
(-0.122, -2.7478, 1.6675)
(-0.74, -3.0144, 1.5204)
(-1.3952, -3.093, 1.3733)
(-3.8968, -2.8122, 0.4007)
(-2.049, -2.9409, 1.2564)
(-2.7102, -2.8296, 1.12)
(-4.3419, -3.2696, 0.6723)
(-3.338, -2.9004, 0.8962)
(-4.7344, -3.7393, 0.9971)
(0.8398, -1.9189, 2.5085)
(-3.8809, -3.1787, 0.6279)
(0.2853, -2.3129, 2.3888)
(-0.2914, -2.664, 2.2561)
(-0.8869, -2.9854, 2.1103)
(-5.0281, -3.9045, 1.0041)
(-1.5146, -3.175, 1.9554)
(-4.4303, -3.4662, 0.5087)
(-2.1646, -3.1479, 1.7984)
(-2.8192, -3.1489, 1.6102)
(-4.9253, -3.7303, 0.675)
(-3.431, -3.2759, 1.3553)
(-5.2969, -3.9474, 0.8211)
(-3.94, -3.5743, 1.0185)
(0.6646, -1.839, 3.0546)
(0.1076, -2.2098, 2.9495)
(-0.4809, -2.5142, 2.8406)
(-1.0797, -2.8675, 2.6819)
(-4.4806, -3.8632, 0.7262)
(-1.6734, -3.2003, 2.5189)
(-2.2913, -3.3822, 2.3147)
(-5.0215, -4.0865, 0.5536)
(-2.9229, -3.4967, 2.0843)
(0.5397, -1.7806, 3.439)
(-0.0419, -2.1131, 3.392)
(-5.4724, -4.1598, 0.4997)
(-3.5332, -3.6354, 1.8325)
(-4.0525, -3.9179, 1.5039)
(-1.3495, -2.625, 3.1783)
(-0.689, -2.1974, 3.4549)
(-4.6051, -4.1892, 1.1958)
(-1.9276, -3.0209, 3.0152)
(-2.5058, -3.3584, 2.832)
(-5.1552, -4.4139, 0.9322)
(-3.0909, -3.6303, 2.5985)
(-5.5957, -4.5427, 0.7592)
(-3.6728, -3.8691, 2.327)
(-4.2363, -4.116, 2.0236)
(-1.2475, -2.0379, 3.6933)
(-1.711, -2.3238, 3.547)
(-4.8081, -4.3655, 1.7308)
(-2.2607, -2.6906, 3.3859)
(-2.8284, -3.0604, 3.2155)
(-5.3564, -4.5982, 1.4695)
(-3.3967, -3.4051, 3.0149)
(-5.7644, -4.8013, 1.2719)
(-3.9634, -3.7218, 2.7729)
(-4.5274, -4.0172, 2.5039)
(-1.6469, -1.7873, 3.967)
(-2.0642, -1.9912, 3.8316)
(-5.0899, -4.3132, 2.2351)
(-2.5997, -2.3193, 3.6532)
(-3.1658, -2.6741, 3.4614)
(-5.6201, -4.6039, 1.9965)
(-3.7327, -3.0259, 3.2653)
(-1.9555, -1.633, 4.0361)
(-6.0146, -4.8426, 1.8105)
(-4.2981, -3.3654, 3.0473)
(-2.2973, -1.6316, 3.9859)
(-2.8547, -1.9978, 3.7859)
(-4.8606, -3.6899, 2.8045)
(-3.4199, -2.3533, 3.6011)
(-5.4188, -4.0181, 2.5623)
(-3.9874, -2.7094, 3.414)
(-4.5538, -3.0535, 3.2017)
(-5.9341, -4.3559, 2.3629)
(-5.1184, -3.3782, 2.958)
(-6.2914, -4.6429, 2.225)
(-5.6771, -3.6992, 2.696)
(-6.3697, -4.3484, 2.3745)
(-6.2344, -4.0426, 2.449)
(-1.1259, 3.2104, -5.4881)
(-1.6558, 2.7655, -5.5861)
(-2.028, 2.193, -5.6769)
(-2.1817, 1.5322, -5.7961)
(-2.1772, 0.851, -5.9246)
(-2.0749, 0.1772, -6.0484)
(-1.1915, 3.1659, -5.0427)
(-1.6623, 2.6891, -5.1555)
(-1.9658, 2.0843, -5.2596)
(-1.8887, -0.4394, -6.1527)
(-2.15, 1.4301, -5.3722)
(-1.7444, -0.8396, -6.1451)
(-2.2042, 0.7557, -5.4974)
(-2.1321, 0.0817, -5.6224)
(-1.9575, -0.5375, -5.7301)
(-1.7632, -0.9872, -5.8391)
(-1.264, 3.0937, -4.4753)
(-1.679, 2.5903, -4.5938)
(-1.9018, 1.9543, -4.7072)
(-2.0825, 1.2968, -4.8192)
(-2.2021, 0.6294, -4.9387)
(-2.1901, -0.0447, -5.0645)
(-2.0486, -0.6687, -5.1761)
(-1.8768, -1.1258, -5.2505)
(-1.3216, 2.9938, -3.8786)
(-1.678, 2.4722, -4.0022)
(-1.8112, 1.815, -4.1261)
(-1.9693, 1.1526, -4.2399)
(-2.1399, 0.4927, -4.351)
(-2.2114, -0.1775, -4.4719)
(-2.1331, -0.8076, -4.5876)
(-1.9989, -1.2754, -4.6721)
(-1.3645, 2.8788, -3.2823)
(-1.6885, 2.3503, -3.4106)
(-1.7573, 1.6847, -3.5389)
(-1.862, 1.0137, -3.6585)
(-2.0338, 0.3543, -3.7681)
(-2.1751, -0.305, -3.8777)
(-2.1819, -0.9328, -3.9898)
(-2.1061, -1.4123, -4.084)
(-1.4013, 2.7522, -2.6881)
(-1.7441, 2.232, -2.8209)
(-1.7963, 1.569, -2.9502)
(-1.8387, 0.891, -3.0695)
(-1.9482, 0.2278, -3.1795)
(-2.0957, -0.4161, -3.2775)
(-2.1809, -1.028, -3.3756)
(-2.1586, -1.5024, -3.465)
(-1.4228, 2.6039, -2.1007)
(-1.8346, 2.1104, -2.2394)
(-1.9607, 1.4672, -2.3812)
(-1.971, 0.7901, -2.4929)
(-1.9854, 0.1306, -2.5852)
(-2.0532, -0.506, -2.671)
(-2.1509, -1.1042, -2.7536)
(-2.183, -1.5739, -2.833)
(-1.4108, 2.4115, -1.5259)
(-1.89, 1.9511, -1.6656)
(-2.1585, 1.3579, -1.8264)
(-2.2172, 0.6981, -1.947)
(-2.1875, 0.0506, -2.0189)
(-2.1721, -0.5776, -2.0788)
(-2.1793, -1.1743, -2.1375)
(-2.2063, -1.6388, -2.2027)
(-1.3605, 2.1695, -0.973)
(-1.8891, 1.7467, -1.1021)
(-2.2856, 1.2237, -1.2591)
(-2.4563, 0.598, -1.4012)
(-2.4592, -0.04, -1.4824)
(-2.3981, -0.6628, -1.5212)
(-2.3178, -1.2548, -1.548)
(-2.2686, -1.7169, -1.5865)
(-1.2843, 1.8953, -0.4409)
(-1.8408, 1.5012, -0.5557)
(-2.3362, 1.0548, -0.6894)
(-2.6324, 0.4837, -0.8386)
(-2.7027, -0.1463, -0.9419)
(-2.6398, -0.7739, -0.9819)
(-2.5174, -1.3666, -0.9904)
(-2.401, -1.8243, -0.9991)
(-1.2868, 1.7245, 0.1294)
(-1.833, 1.3204, 0.011)
(-2.3486, 0.8862, -0.1198)
(-2.7367, 0.3621, -0.2631)
(-2.8899, -0.2568, -0.3854)
(-2.8568, -0.8974, -0.4415)
(-2.7245, -1.5011, -0.447)
(-2.5838, -1.963, -0.4409)
(-1.3892, 1.6923, 0.721)
(-1.9344, 1.2838, 0.5994)
(-2.4249, 0.8224, 0.4671)
(-2.7869, 0.2638, 0.323)
(-3.0274, -0.3483, 0.1856)
(-3.0554, -1.0013, 0.107)
(-2.9413, -1.6314, 0.0895)
(-2.8188, -2.1294, 0.0919)
(-1.4735, 1.6337, 1.318)
(-2.0159, 1.2207, 1.1959)
(-2.4994, 0.7487, 1.0618)
(-2.8866, 0.2024, 0.9122)
(-3.1703, -0.3966, 0.7644)
(-3.2524, -1.0527, 0.6593)
(-3.2311, -1.7097, 0.5832)
(-3.3206, -2.4293, 0.4493)
(-1.4893, 1.4844, 1.9033)
(-2.0373, 1.0804, 1.7844)
(-2.5528, 0.6418, 1.6548)
(-2.9993, 0.1466, 1.502)
(-3.321, -0.4253, 1.3407)
(-3.9095, -2.7991, 0.4102)
(-3.4917, -1.0441, 1.1823)
(-3.6186, -1.6641, 1.0002)
(-4.3486, -3.2575, 0.6874)
(-3.8071, -2.2637, 0.8647)
(-4.7373, -3.7296, 1.0165)
(-1.4301, 1.2434, 2.4577)
(-4.2439, -2.6637, 0.6333)
(-1.9907, 0.8642, 2.352)
(-2.5478, 0.4813, 2.2438)
(-3.0518, 0.0451, 2.0966)
(-5.0098, -3.9265, 1.0533)
(-3.4274, -0.4832, 1.9124)
(-4.6851, -3.1286, 0.5794)
(-3.7353, -1.0138, 1.687)
(-3.9221, -1.5887, 1.4771)
(-5.0589, -3.5908, 0.7572)
(-4.2059, -2.1393, 1.2869)
(-5.335, -3.9373, 0.9299)
(-4.6561, -2.5274, 0.9925)
(-1.3515, 0.9898, 2.9655)
(-1.9116, 0.6334, 2.8914)
(-2.4738, 0.2765, 2.8337)
(-3.0438, -0.1108, 2.6841)
(-5.1301, -2.9308, 0.7473)
(-3.5238, -0.5571, 2.4832)
(-3.8565, -1.0615, 2.2272)
(-5.5192, -3.4097, 0.6591)
(-4.2155, -1.5053, 1.9301)
(-1.2988, 0.8118, 3.3245)
(-1.834, 0.4394, 3.3204)
(-5.7659, -3.8246, 0.6842)
(-4.6079, -1.9729, 1.6772)
(-5.0545, -2.4078, 1.4272)
(-2.9371, -0.4031, 3.2062)
(-2.2681, 0.0035, 3.4821)
(-5.542, -2.785, 1.1488)
(-3.4983, -0.7776, 3.0062)
(-3.9574, -1.2003, 2.7614)
(-5.9581, -3.2351, 0.9566)
(-4.3598, -1.6268, 2.4545)
(-6.2406, -3.6282, 0.8584)
(-4.8492, -1.9748, 2.1691)
(-5.353, -2.3491, 1.908)
(-2.3767, -0.5003, 3.7935)
(-2.7918, -0.8198, 3.5975)
(-5.8514, -2.7406, 1.6513)
(-3.3067, -1.1823, 3.3759)
(-3.8569, -1.5411, 3.1939)
(-6.3006, -3.1562, 1.4397)
(-4.3572, -1.9182, 2.9405)
(-6.628, -3.4988, 1.2942)
(-4.8493, -2.2751, 2.641)
(-5.3965, -2.6026, 2.4011)
(-2.2521, -0.9613, 4.0369)
(-2.5808, -1.2673, 3.8574)
(-5.9523, -2.9377, 2.1796)
(-3.0743, -1.6273, 3.6425)
(-3.6325, -1.984, 3.4544)
(-6.4672, -3.2775, 1.9764)
(-4.1767, -2.3444, 3.2353)
(-2.1973, -1.305, 4.0741)
(-6.854, -3.5454, 1.8185)
(-4.7035, -2.7002, 2.9763)
(-2.3115, -1.6161, 3.9852)
(-2.8689, -1.9829, 3.7846)
(-5.2757, -3.0139, 2.7628)
(-3.4397, -2.3425, 3.6031)
(-5.8569, -3.3245, 2.5597)
(-4.0075, -2.7013, 3.4206)
(-4.573, -3.0483, 3.2121)
(-6.3996, -3.6282, 2.3721)
(-5.1371, -3.3705, 2.9662)
(-6.8065, -3.8451, 2.2316)
(-5.6949, -3.689, 2.7024)
(-6.5766, -4.041, 2.375)
(-6.2463, -4.0258, 2.45)
(2.6361, 1.7844, 0.088)
(3.0168, 2.3815, -4.1958)
(1.0392, 0.7803, 4.7066)
(2.8527, 2.0322, -1.7458)
(1.587, 1.2086, 4.7452)
(2.125, 1.6461, 4.8009)
(2.6556, 1.7933, 0.6903)
(2.663, 2.084, 4.855)
(3.1974, 2.5288, 4.8821)
(3.7201, 2.987, 4.8721)
(4.2426, 3.4444, 4.8422)
(3.0304, 2.3286, -3.5876)
(4.7792, 3.8884, 4.8278)
(2.7461, 1.9073, -1.1326)
(2.6649, 1.8162, -0.5204)
(3.5524, 2.5613, 2.0186)
(2.7238, 1.8445, 1.2885)
(3.0349, 2.134, 1.8232)
(4.0215, 2.7585, 2.4892)
(4.4741, 2.8916, 2.9979)
(3.0174, 2.4392, -4.8081)
(3.0248, 2.2638, -2.9769)
(2.9532, 2.1591, -2.3614)
(5.2251, 3.6568, 4.7377)
(4.8844, 3.675, 4.8021)
(4.9593, 3.9115, 4.8472)
(5.2766, 3.8667, 4.8351)
(4.6073, 2.9901, 3.0637)
(4.5079, 3.0396, 2.834)
(4.7487, 3.2619, 2.8927)
(4.7853, 3.2391, 3.103)
(4.8, 3.1577, 2.681)
(5.1217, 3.3373, 2.7616)
(5.0247, 3.4816, 2.8829)
(5.1469, 3.0947, 2.9024)
(5.3963, 3.2735, 3.1649)
(5.3826, 3.5128, 2.9222)
(5.2953, 3.0612, 3.4713)
(5.5046, 3.2659, 3.7545)
(5.6243, 3.4298, 3.442)
(5.3099, 3.1268, 4.0692)
(5.4547, 3.3852, 4.3328)
(5.6796, 3.4586, 4.0385)
(5.1472, 3.3535, 4.5676)
(5.5416, 3.6498, 4.5714)
(1.4114, -0.0995, 4.2432)
(1.1076, -0.0601, 4.3993)
(1.1663, 0.2881, 4.5526)
(1.4928, 0.2802, 4.436)
(1.897, 0.2861, 4.3038)
(1.5878, 0.6668, 4.5899)
(2.0084, 0.6942, 4.4944)
(2.4482, 0.7122, 4.3799)
(2.1218, 1.1013, 4.6374)
(2.55, 1.1287, 4.5527)
(2.9862, 1.1496, 4.4357)
(2.6584, 1.5411, 4.6828)
(3.0859, 1.5699, 4.595)
(3.5102, 1.6037, 4.4497)
(3.1923, 1.9852, 4.715)
(3.6126, 2.0218, 4.6035)
(4.0188, 2.0719, 4.4227)
(3.7183, 2.4378, 4.7183)
(4.1294, 2.4822, 4.583)
(4.5208, 2.5444, 4.3799)
(4.24, 2.8929, 4.7046)
(4.6471, 2.9389, 4.5626)
(5.023, 3.0083, 4.3506)
(4.7679, 3.3298, 4.7112)
(1.6278, -0.5055, 3.8549)
(1.2644, -0.5204, 4.0407)
(1.7766, -0.1067, 4.0868)
(2.2032, -0.0614, 3.9246)
(2.3354, 0.3126, 4.169)
(2.7553, 0.3751, 4.0015)
(2.8785, 0.7471, 4.2372)
(3.2532, 0.8489, 4.026)
(3.3938, 1.2079, 4.2552)
(3.7164, 1.3535, 3.9993)
(3.8879, 1.6887, 4.2239)
(4.1764, 1.8561, 3.9308)
(4.3691, 2.1784, 4.1632)
(4.647, 2.3512, 3.8516)
(4.8521, 2.6671, 4.1076)
(5.1087, 2.8532, 3.7939)
(0.9345, -1.6402, 3.117)
(0.5971, -1.8073, 3.2619)
(0.7998, -1.578, 3.5169)
(1.1015, -1.3885, 3.413)
(1.4259, -1.2054, 3.2471)
(1.1781, -1.079, 3.7379)
(1.513, -0.8896, 3.5713)
(1.9259, -0.738, 3.3487)
(2.0616, -0.4108, 3.6492)
(2.4712, -0.2823, 3.4324)
(2.619, 0.0323, 3.7314)
(2.935, 0.2189, 3.4804)
(3.0951, 0.5259, 3.7626)
(3.2976, 0.7927, 3.4722)
(3.5094, 1.0661, 3.7453)
(3.6326, 1.3853, 3.4486)
(3.9144, 1.6072, 3.6984)
(4.0642, 1.887, 3.3689)
(4.3898, 2.083, 3.6001)
(4.5689, 2.3369, 3.2629)
(4.863, 2.5772, 3.523)
(5.0376, 2.8324, 3.1965)
(1.1171, -1.721, 2.5687)
(0.7485, -1.8783, 2.7968)
(1.2891, -1.4762, 2.9164)
(1.6526, -1.304, 2.6813)
(1.7948, -1.0337, 3.0225)
(2.167, -0.8531, 2.7791)
(2.3183, -0.5752, 3.112)
(2.6348, -0.3561, 2.8598)
(2.781, -0.0744, 3.1815)
(2.9351, 0.2367, 2.9003)
(3.0932, 0.5199, 3.1942)
(3.1281, 0.8872, 2.9164)
(3.3678, 1.1434, 3.1876)
(3.4005, 1.5096, 2.9069)
(3.7174, 1.7166, 3.1456)
(3.8414, 2.0045, 2.8171)
(4.2233, 2.1501, 3.0274)
(4.3597, 2.4386, 2.7093)
(4.7219, 2.6153, 2.9407)
(4.8216, 2.9083, 2.6923)
(1.2929, -1.7842, 1.9812)
(0.9283, -1.9538, 2.2147)
(1.4828, -1.5529, 2.3338)
(1.8422, -1.3716, 2.0963)
(2.0104, -1.1177, 2.4394)
(2.3453, -0.9063, 2.1939)
(2.4896, -0.6325, 2.5285)
(2.7388, -0.3513, 2.2657)
(2.8312, -0.0563, 2.5887)
(2.9107, 0.2954, 2.3114)
(2.9653, 0.6033, 2.6208)
(2.9756, 0.9787, 2.3521)
(3.1331, 1.2636, 2.6458)
(3.1739, 1.6281, 2.3624)
(3.4729, 1.8428, 2.6046)
(3.5792, 2.1516, 2.3137)
(3.9709, 2.2914, 2.5016)
(4.067, 2.5936, 2.3107)
(4.4413, 2.7516, 2.4921)
(4.4588, 2.9854, 2.5528)
(1.4593, -1.8336, 1.394)
(1.097, -2.0122, 1.6273)
(1.6572, -1.6082, 1.7472)
(2.0185, -1.4217, 1.5114)
(2.1941, -1.1751, 1.8566)
(2.5183, -0.9426, 1.6089)
(2.6392, -0.6514, 1.9397)
(2.8672, -0.3477, 1.6741)
(2.9076, -0.0252, 1.9949)
(2.9884, 0.3275, 1.7211)
(2.9567, 0.6606, 2.0384)
(2.9801, 1.0217, 1.7688)
(3.0162, 1.3484, 2.0786)
(3.0064, 1.7115, 1.807)
(3.2263, 1.9922, 2.0898)
(3.2984, 2.3392, 1.9172)
(3.6897, 2.449, 2.153)
(3.793, 2.6546, 2.248)
(4.1429, 2.7948, 2.4064)
(4.2545, 2.8229, 2.7358)
(1.6038, -1.8555, 0.8025)
(1.2526, -2.0517, 1.0384)
(1.8178, -1.6454, 1.1588)
(2.1623, -1.4382, 0.9184)
(2.3599, -1.2077, 1.2686)
(2.6523, -0.9445, 1.0137)
(2.7837, -0.6597, 1.3485)
(2.9397, -0.3264, 1.0762)
(2.9865, -0.0035, 1.3995)
(2.9732, 0.3521, 1.1279)
(2.9734, 0.6848, 1.4511)
(2.8852, 1.0251, 1.1908)
(2.9184, 1.3574, 1.5066)
(2.8003, 1.6133, 1.2517)
(2.8843, 1.9792, 1.5541)
(1.7224, -1.8462, 0.2047)
(1.3839, -2.0556, 0.444)
(1.9423, -1.6445, 0.5623)
(2.2601, -1.4135, 0.3161)
(2.4685, -1.1921, 0.6683)
(2.7138, -0.9003, 0.4081)
(2.851, -0.629, 0.7474)
(2.9189, -0.2803, 0.4767)
(2.953, 0.03, 0.8038)
(2.8916, 0.3759, 0.5382)
(2.8853, 0.6948, 0.8654)
(2.8033, 1.0193, 0.606)
(2.7868, 1.3228, 0.9329)
(2.7117, 1.5654, 0.6657)
(2.6956, 1.8098, 0.9889)
(1.8478, -1.8457, -0.3935)
(1.508, -2.0488, -0.1536)
(2.0519, -1.6299, -0.0382)
(2.3599, -1.3929, -0.2864)
(2.5418, -1.1522, 0.0625)
(2.7602, -0.8494, -0.1983)
(2.8659, -0.5722, 0.1419)
(2.922, -0.2257, -0.1261)
(2.908, 0.0706, 0.208)
(2.8852, 0.4082, -0.0585)
(2.837, 0.7074, 0.2748)
(2.7964, 1.0309, 0.0105)
(2.745, 1.312, 0.341)
(2.6987, 1.5626, 0.0669)
(2.6523, 1.7811, 0.3897)
(1.9785, -1.8501, -0.9915)
(1.6413, -2.0546, -0.7508)
(2.1721, -1.6257, -0.6377)
(2.4653, -1.3738, -0.8879)
(2.6225, -1.1177, -0.5416)
(2.8185, -0.8008, -0.8034)
(2.8957, -0.5147, -0.4637)
(2.9577, -0.1683, -0.7307)
(2.9328, 0.1191, -0.3935)
(2.9273, 0.4586, -0.6604)
(2.8612, 0.7405, -0.324)
(2.8368, 1.0738, -0.5915)
(2.7622, 1.3323, -0.2591)
(2.7322, 1.5995, -0.5379)
(2.6576, 1.7932, -0.2142)
(2.1056, -1.8485, -1.5902)
(1.7743, -2.0599, -1.3486)
(2.2922, -1.6182, -1.2373)
(2.5666, -1.349, -1.4897)
(2.7058, -1.0809, -1.1452)
(2.8794, -0.7504, -1.4088)
(2.9405, -0.4575, -1.0696)
(2.9996, -0.1043, -1.3378)
(2.9772, 0.1801, -0.9986)
(2.9756, 0.5302, -1.2679)
(2.9118, 0.8017, -0.9286)
(2.8935, 1.1523, -1.2001)
(2.8141, 1.3933, -0.8656)
(2.8014, 1.6842, -1.1485)
(2.7129, 1.855, -0.8234)
(2.2269, -1.839, -2.1898)
(1.9021, -2.0576, -1.9472)
(2.4065, -1.6033, -1.8376)
(2.6622, -1.3188, -2.092)
(2.7849, -1.0403, -1.7491)
(2.9385, -0.6992, -2.0144)
(2.9869, -0.3981, -1.6765)
(3.0395, -0.0364, -1.9468)
(3.0197, 0.2536, -1.6079)
(3.0182, 0.6163, -1.8801)
(2.9631, 0.8885, -1.5396)
(2.9503, 1.2552, -1.8144)
(2.8814, 1.4915, -1.478)
(2.8857, 1.7996, -1.7631)
(2.8066, 1.9628, -1.4365)
(2.3431, -1.823, -2.79)
(2.0246, -2.0476, -2.5467)
(2.5152, -1.5819, -2.4386)
(2.753, -1.2845, -2.6947)
(2.8598, -0.9974, -2.3532)
(2.9944, -0.6486, -2.62)
(3.0313, -0.3398, -2.2837)
(3.0748, 0.0284, -2.5558)
(3.056, 0.3311, -2.2193)
(3.052, 0.7022, -2.4935)
(3.007, 0.987, -2.1545)
(2.998, 1.362, -2.4309)
(2.9477, 1.6065, -2.0942)
(2.9638, 1.9192, -2.3795)
(2.91, 2.0885, -2.0515)
(2.4551, -1.8016, -3.3906)
(2.1427, -2.0314, -3.1466)
(2.6192, -1.5554, -3.04)
(2.8398, -1.247, -3.2977)
(2.9307, -0.9528, -2.9576)
(3.0464, -0.5979, -3.2257)
(3.072, -0.2844, -2.8907)
(3.1041, 0.0862, -3.1638)
(3.0848, 0.4002, -2.8296)
(3.0757, 0.7732, -3.1045)
(3.0398, 1.0774, -2.7688)
(3.0298, 1.4511, -3.045)
(3.0, 1.7142, -2.7107)
(3.0166, 2.019, -2.995)
(2.9961, 2.2042, -2.6674)
(2.5638, -1.7759, -3.9913)
(2.2571, -2.0101, -3.7467)
(2.7195, -1.5249, -3.6417)
(2.9227, -1.2069, -3.9008)
(2.9977, -0.9067, -3.5621)
(3.0939, -0.5468, -3.8317)
(3.1077, -0.2307, -3.4975)
(3.1263, 0.1405, -3.7713)
(3.105, 0.4584, -3.4381)
(3.0878, 0.8301, -3.7129)
(3.0585, 1.1465, -3.3795)
(3.0413, 1.5142, -3.6548)
(3.0265, 1.7946, -3.3235)
(3.0291, 2.0871, -3.6062)
(3.035, 2.2893, -3.2813)
(2.6694, -1.7468, -4.592)
(2.3685, -1.9847, -4.3469)
(2.8164, -1.491, -4.2434)
(3.0019, -1.1647, -4.5041)
(3.0605, -0.8592, -4.1669)
(3.136, -0.4954, -4.4379)
(3.1374, -0.1777, -4.1045)
(3.1404, 0.1935, -4.379)
(3.1156, 0.5121, -4.046)
(3.0882, 0.8828, -4.3209)
(3.0624, 1.2013, -3.9878)
(3.0366, 1.5674, -4.263)
(3.0278, 1.8524, -3.9326)
(3.0215, 2.1417, -4.2153)
(3.0313, 2.3486, -3.8916)
(2.7676, -1.7169, -5.1616)
(2.4769, -1.9562, -4.9432)
(2.9095, -1.4547, -4.8412)
(3.0729, -1.1233, -5.0742)
(3.1177, -0.811, -4.7678)
(3.1696, -0.4468, -5.0108)
(3.1597, -0.1255, -4.7076)
(3.146, 0.2426, -4.9531)
(3.1166, 0.5638, -4.6497)
(3.0797, 0.931, -4.8952)
(3.0543, 1.2525, -4.5916)
(3.0239, 1.6155, -4.8374)
(3.0178, 1.9042, -4.537)
(3.0134, 2.1911, -4.7932)
(3.0241, 2.4033, -4.5022)
(2.8435, -1.6927, -5.6069)
(2.5685, -1.9304, -5.4528)
(2.9859, -1.4228, -5.3452)
(3.1244, -1.0909, -5.5108)
(3.1612, -0.7701, -5.2723)
(3.1905, -0.4098, -5.4491)
(3.1723, -0.0823, -5.2139)
(3.1452, 0.2795, -5.3922)
(3.1109, 0.6062, -5.1564)
(3.0689, 0.9671, -5.3343)
(3.0416, 1.2945, -5.0983)
(3.0105, 1.6515, -5.2765)
(3.0056, 1.9456, -5.0432)
(3.0036, 2.2115, -5.2173)
(3.0203, 2.4312, -4.9975)
(0.9486, 0.2892, 4.6201)
(0.9756, 0.6075, 4.6854)
(1.2211, 0.6311, 4.652)
(1.3179, 0.9853, 4.726)
(1.7158, 1.0484, 4.6925)
(1.8596, 1.4174, 4.772)
(2.2521, 1.4868, 4.7376)
(2.3962, 1.8547, 4.8242)
(2.7881, 1.9275, 4.7814)
(2.9317, 2.297, 4.8626)
(3.3201, 2.3743, 4.804)
(3.4603, 2.749, 4.8708)
(3.8446, 2.8292, 4.7987)
(3.9839, 3.2065, 4.8521)
(4.3711, 3.2802, 4.787)
(4.5155, 3.6577, 4.8325)
(4.5964, 4.0332, 4.8039)
(4.6595, 4.3621, 4.7316)
(4.8845, 4.3651, 4.8305)
(4.8526, 4.0542, 4.8462)
(4.4749, 3.079, 2.8898)
(4.6013, 2.9715, 3.0925)
(4.7887, 3.2073, 3.173)
(4.6839, 3.3426, 2.9889)
(4.5098, 3.5379, 2.7882)
(4.907, 3.6194, 3.0438)
(4.7276, 3.8418, 2.9068)
(4.4425, 4.0129, 2.9659)
(4.9075, 4.1187, 3.0747)
(4.6216, 4.2773, 3.2176)
(4.3123, 4.3424, 3.4431)
(4.7738, 4.5211, 3.4798)
(4.5013, 4.5573, 3.7308)
(4.249, 4.4811, 4.0126)
(4.6713, 4.7381, 4.0252)
(4.4866, 4.6049, 4.3022)
(4.358, 4.3386, 4.5424)
(4.7374, 4.6575, 4.5586)
(0.2492, 1.1052, 4.4917)
(0.3031, 1.4146, 4.3225)
(0.6843, 1.378, 4.4767)
(0.602, 1.0504, 4.5997)
(0.8072, 1.7669, 4.3159)
(1.218, 1.7573, 4.4749)
(1.0792, 1.3533, 4.5902)
(1.3486, 2.1849, 4.3487)
(1.749, 2.187, 4.5286)
(1.621, 1.7687, 4.6199)
(1.8916, 2.5875, 4.372)
(2.2958, 2.5983, 4.528)
(2.1579, 2.1985, 4.6603)
(2.4493, 2.9662, 4.3081)
(2.8467, 2.9969, 4.4733)
(2.7074, 2.612, 4.6474)
(2.9818, 3.3833, 4.2628)
(3.3569, 3.4512, 4.4833)
(3.2345, 3.0495, 4.6396)
(3.5001, 3.8301, 4.2707)
(3.8648, 3.9143, 4.512)
(3.7355, 3.5209, 4.6696)
(4.0302, 4.2589, 4.2867)
(4.2416, 3.9818, 4.7026)
(-0.1124, 1.3722, 4.1149)
(0.0262, 1.7009, 3.8853)
(0.4134, 1.7604, 4.1287)
(0.5895, 2.1477, 3.9282)
(0.9579, 2.181, 4.1514)
(1.1542, 2.5363, 3.9476)
(1.5126, 2.5689, 4.1699)
(1.7491, 2.8242, 3.8827)
(2.0873, 2.8994, 4.1089)
(2.3078, 3.1617, 3.7969)
(2.6216, 3.2993, 4.0362)
(2.8477, 3.561, 3.7552)
(3.1575, 3.7192, 4.0106)
(3.4127, 3.9431, 3.7245)
(3.7086, 4.1246, 4.0029)
(3.9923, 4.2972, 3.7135)
(-1.3225, 0.8934, 3.1589)
(-1.0981, 1.1959, 3.0371)
(-0.8296, 1.2897, 3.3433)
(-1.0483, 1.0006, 3.4091)
(-0.6062, 1.6067, 3.2144)
(-0.3237, 1.6473, 3.5678)
(-0.5624, 1.3235, 3.7054)
(-0.0601, 2.0038, 3.3372)
(0.2552, 2.0776, 3.648)
(0.5171, 2.4121, 3.3983)
(0.8223, 2.4841, 3.6946)
(1.1262, 2.6722, 3.4025)
(1.43, 2.7348, 3.6534)
(1.7366, 2.863, 3.3218)
(2.0166, 3.0118, 3.5495)
(2.3309, 3.114, 3.2545)
(2.5839, 3.3437, 3.5003)
(2.9408, 3.3857, 3.2349)
(3.1659, 3.6846, 3.4751)
(3.5102, 3.7431, 3.1876)
(3.7341, 4.0552, 3.4321)
(4.0897, 4.0809, 3.1661)
(-1.3892, 1.1105, 2.7257)
(-1.1679, 1.4528, 2.5245)
(-0.8824, 1.5356, 2.8707)
(-0.6345, 1.8579, 2.6563)
(-0.3511, 1.9317, 3.0027)
(-0.0596, 2.2215, 2.7503)
(0.2256, 2.3166, 3.0798)
(0.5382, 2.5552, 2.8121)
(0.8235, 2.6414, 3.1221)
(1.1739, 2.753, 2.8305)
(1.4651, 2.7796, 3.0906)
(1.824, 2.7797, 2.8003)
(2.0789, 2.8976, 3.0327)
(2.4711, 2.8086, 2.7987)
(2.7105, 3.0772, 3.0179)
(3.0724, 3.0455, 2.7653)
(3.2933, 3.3995, 2.9661)
(3.6294, 3.4186, 2.6948)
(3.8554, 3.7701, 2.9147)
(4.2163, 3.7059, 2.748)
(-1.4665, 1.372, 2.1835)
(-1.212, 1.6814, 1.9634)
(-0.924, 1.7755, 2.31)
(-0.6344, 2.041, 2.0734)
(-0.3448, 2.1306, 2.414)
(-0.023, 2.3457, 2.1565)
(0.2591, 2.4488, 2.4868)
(0.6104, 2.596, 2.2181)
(0.8885, 2.6836, 2.5372)
(1.2655, 2.6655, 2.2694)
(1.5469, 2.7198, 2.5502)
(1.9255, 2.5983, 2.2738)
(2.2069, 2.677, 2.5321)
(2.5864, 2.5361, 2.2966)
(2.8469, 2.7266, 2.5595)
(3.1827, 2.7025, 2.302)
(3.4039, 3.0581, 2.4892)
(3.7402, 3.0259, 2.346)
(3.9809, 3.3601, 2.5443)
(4.2775, 3.222, 2.6359)
(-1.4914, 1.5717, 1.6139)
(-1.1887, 1.8226, 1.3754)
(-0.9188, 1.9426, 1.7271)
(-0.5916, 2.1541, 1.4791)
(-0.3084, 2.2491, 1.8211)
(0.044, 2.4023, 1.5598)
(0.3299, 2.4941, 1.8908)
(0.7036, 2.5802, 1.6244)
(0.9864, 2.64, 1.9517)
(1.3674, 2.5908, 1.6904)
(1.6454, 2.5576, 2.0059)
(1.9983, 2.3883, 1.7549)
(2.2898, 2.4178, 2.0292)
(2.6349, 2.2033, 1.8043)
(2.9506, 2.3923, 2.0789)
(3.2889, 2.3561, 1.9246)
(3.5003, 2.7067, 2.1613)
(3.7808, 2.6652, 2.2598)
(4.0272, 2.9372, 2.4585)
(4.241, 2.8273, 2.7513)
(-1.4384, 1.6729, 1.0196)
(-1.103, 1.8782, 0.7781)
(-0.8586, 2.0347, 1.1307)
(-0.5111, 2.2187, 0.8836)
(-0.2438, 2.3273, 1.2251)
(0.1207, 2.4577, 0.9673)
(0.4142, 2.506, 1.2951)
(0.7854, 2.5914, 1.0325)
(1.0805, 2.6083, 1.3608)
(1.4381, 2.5625, 1.1003)
(1.7247, 2.4738, 1.4338)
(2.0334, 2.2978, 1.1816)
(2.3071, 2.1869, 1.5102)
(2.5308, 2.0028, 1.2535)
(2.8744, 1.9992, 1.5576)
(-1.3322, 1.7004, 0.4239)
(-1.0013, 1.9086, 0.1873)
(-0.7532, 2.0595, 0.5362)
(-0.416, 2.2574, 0.2972)
(-0.1537, 2.3801, 0.6355)
(0.1904, 2.5578, 0.3882)
(0.484, 2.5868, 0.7114)
(0.8318, 2.6771, 0.4487)
(1.1387, 2.6253, 0.7701)
(1.4567, 2.5475, 0.5083)
(1.7516, 2.4326, 0.844)
(2.0196, 2.2503, 0.591)
(2.2811, 2.1078, 0.9268)
(2.4715, 1.9408, 0.6625)
(2.6838, 1.8279, 0.9899)
(-1.2709, 1.7901, -0.1607)
(-1.0012, 2.0852, -0.3811)
(-0.699, 2.1587, -0.0426)
(-0.4222, 2.4436, -0.2674)
(-0.1088, 2.4964, 0.061)
(0.2023, 2.689, -0.1912)
(0.5217, 2.6995, 0.1291)
(0.8491, 2.7041, -0.1461)
(1.1577, 2.6413, 0.1777)
(1.4465, 2.5061, -0.0853)
(1.7358, 2.3894, 0.2522)
(1.9914, 2.2017, -0.0021)
(2.2489, 2.0679, 0.3334)
(2.4462, 1.9163, 0.0633)
(2.6395, 1.7965, 0.3885)
(-1.3197, 2.0289, -0.7083)
(-1.0741, 2.3553, -0.9159)
(-0.7445, 2.3959, -0.5938)
(-0.4617, 2.6508, -0.8283)
(-0.1282, 2.6723, -0.51)
(0.198, 2.7581, -0.7828)
(0.5298, 2.7381, -0.4664)
(0.8409, 2.6469, -0.7434)
(1.1493, 2.5896, -0.4176)
(1.425, 2.4149, -0.6789)
(1.7119, 2.3231, -0.3414)
(1.9787, 2.1405, -0.6006)
(2.2299, 2.0286, -0.2647)
(2.4586, 1.9136, -0.5424)
(2.6434, 1.8074, -0.2183)
(-1.3912, 2.2976, -1.2456)
(-1.1207, 2.5855, -1.4726)
(-0.7963, 2.6249, -1.1466)
(-0.4779, 2.778, -1.4099)
(-0.1393, 2.7726, -1.0969)
(0.1934, 2.7346, -1.3809)
(0.5227, 2.692, -1.0645)
(0.8264, 2.5329, -1.3387)
(1.1293, 2.4767, -1.0109)
(1.4221, 2.3107, -1.2774)
(1.7055, 2.2395, -0.9402)
(2.0115, 2.1131, -1.2071)
(2.2527, 2.0104, -0.8711)
(2.524, 1.9674, -1.1528)
(2.6982, 1.8686, -0.8296)
(-1.4214, 2.5136, -1.8113)
(-1.1308, 2.7563, -2.0518)
(-0.8119, 2.7787, -1.7252)
(-0.4763, 2.8193, -2.0039)
(-0.1424, 2.7732, -1.6937)
(0.189, 2.6581, -1.98)
(0.5133, 2.5927, -1.662)
(0.8353, 2.4554, -1.9395)
(1.1332, 2.3755, -1.611)
(1.4664, 2.2951, -1.8819)
(1.7437, 2.2049, -1.5469)
(2.0939, 2.1928, -1.8084)
(2.3295, 2.077, -1.4774)
(2.6265, 2.0969, -1.7581)
(2.7922, 1.9768, -1.4418)
(-1.4153, 2.6823, -2.3932)
(-1.112, 2.8774, -2.6435)
(-0.7993, 2.8666, -2.318)
(-0.4545, 2.844, -2.6033)
(-0.1365, 2.7381, -2.2943)
(0.2085, 2.6557, -2.5805)
(0.5251, 2.5482, -2.2629)
(0.8805, 2.5239, -2.534)
(1.181, 2.4049, -2.2106)
(1.5472, 2.4572, -2.4615)
(1.8275, 2.3189, -2.1377)
(2.1991, 2.3873, -2.3888)
(2.4374, 2.2363, -2.0723)
(2.7317, 2.2501, -2.3612)
(2.8959, 2.1029, -2.0557)
(-1.3838, 2.8172, -2.9847)
(-1.077, 2.9931, -3.2383)
(-0.7669, 2.9486, -2.9146)
(-0.4133, 2.9469, -3.1955)
(-0.1049, 2.7905, -2.8908)
(0.2581, 2.8001, -3.1618)
(0.5698, 2.6547, -2.8505)
(0.9421, 2.7395, -3.0949)
(1.2505, 2.5957, -2.7809)
(1.6249, 2.706, -3.0154)
(1.9217, 2.5478, -2.7034)
(2.2844, 2.585, -2.968)
(2.5367, 2.4106, -2.6647)
(2.8063, 2.3758, -2.9681)
(2.9819, 2.2187, -2.6709)
(-1.3441, 2.9377, -3.5804)
(-1.0316, 3.1171, -3.831)
(-0.7246, 3.0736, -3.5046)
(-0.3631, 3.1207, -3.7707)
(-0.0524, 2.959, -3.4677)
(0.3177, 3.0401, -3.7142)
(0.6303, 2.8869, -3.4062)
(1.004, 3.0129, -3.6349)
(1.3163, 2.8602, -3.3255)
(1.6854, 2.9432, -3.572)
(1.9921, 2.7682, -3.2694)
(2.331, 2.7394, -3.5565)
(2.5944, 2.5468, -3.263)
(2.8293, 2.4649, -3.5749)
(3.0203, 2.3031, -3.2831)
(-1.2952, 3.0464, -4.1768)
(-0.9723, 3.2403, -4.421)
(-0.6749, 3.233, -4.0845)
(-0.3094, 3.3332, -4.3317)
(0.0045, 3.1971, -4.0198)
(0.3753, 3.3139, -4.2527)
(0.6904, 3.1645, -3.9437)
(1.0604, 3.2698, -4.182)
(1.374, 3.1103, -3.8759)
(1.7306, 3.128, -4.1475)
(2.036, 2.9388, -3.8506)
(2.3526, 2.8503, -4.1551)
(2.6132, 2.646, -3.8655)
(2.8288, 2.5333, -4.182)
(3.0159, 2.3616, -3.8918)
(-1.2282, 3.1338, -4.7703)
(-0.9022, 3.3361, -4.9826)
(-0.6167, 3.3891, -4.6596)
(-0.2576, 3.5207, -4.8665)
(0.059, 3.4422, -4.5653)
(0.4242, 3.55, -4.7723)
(0.7441, 3.4208, -4.4865)
(1.1043, 3.4644, -4.7181)
(1.4199, 3.304, -4.4436)
(1.7597, 3.2536, -4.7065)
(2.0623, 3.0602, -4.4416)
(2.3641, 2.932, -4.7251)
(2.6188, 2.7232, -4.4669)
(2.83, 2.5956, -4.7589)
(3.0101, 2.4175, -4.5017)
(-1.1577, 3.1903, -5.2769)
(-0.8407, 3.4038, -5.4194)
(-0.5635, 3.512, -5.1452)
(-0.2219, 3.6774, -5.2695)
(0.0992, 3.6433, -5.0249)
(0.4554, 3.7277, -5.17)
(0.7829, 3.6049, -4.9548)
(1.1316, 3.5839, -5.1379)
(1.4485, 3.4251, -4.9336)
(1.7763, 3.3281, -5.1394)
(2.0775, 3.1393, -4.9429)
(2.3728, 2.9881, -5.162)
(2.6239, 2.7835, -4.9713)
(2.8247, 2.6523, -5.1794)
(3.0026, 2.4781, -4.9941)
(0.544, 0.8303, 4.6714)
(0.9465, 1.0028, 4.6644)
(0.8576, 0.766, 4.7054)
(1.4711, 1.3794, 4.6839)
(1.3083, 1.0035, 4.7258)
(2.0109, 1.8114, 4.7314)
(1.8524, 1.4373, 4.7741)
(2.552, 2.2418, 4.7658)
(2.3919, 1.8755, 4.8316)
(3.0915, 2.6731, 4.7673)
(2.9287, 2.3158, 4.8745)
(3.6047, 3.1346, 4.7779)
(3.4572, 2.7668, 4.8834)
(4.1154, 3.6, 4.7872)
(3.9788, 3.2249, 4.8622)
(4.5063, 3.6752, 4.8374)
(-2.3965, -1.8334, -0.9985)
(-1.8729, -1.135, -5.2516)
(-2.3044, -1.6239, 3.9856)
(-2.179, -1.5833, -2.8314)
(-2.8618, -1.9903, 3.7853)
(-3.4298, -2.3479, 3.6021)
(-2.5781, -1.9712, -0.4407)
(-3.9974, -2.7053, 3.4173)
(-4.5634, -3.0509, 3.2069)
(-5.1277, -3.3744, 2.9621)
(-5.686, -3.6941, 2.6992)
(-1.9951, -1.2847, -4.6724)
(-6.2404, -4.0342, 2.4495)
(-2.203, -1.6486, -2.2004)
(-2.2652, -1.7265, -1.5843)
(-3.9031, -2.8056, 0.4055)
(-2.8108, -2.1381, 0.0913)
(-3.3118, -2.4357, 0.4478)
(-4.3453, -3.2635, 0.6798)
(-4.7359, -3.7345, 1.0068)
(-1.7577, -0.9957, -5.8395)
(-2.1017, -1.4215, -4.0832)
(-2.1546, -1.5118, -3.4635)
(-6.1275, -4.5047, 2.2889)
(-6.0666, -4.198, 2.4392)
(-6.3177, -4.1955, 2.413)
(-6.3621, -4.5, 2.3239)
(-4.8817, -3.8369, 1.0119)
(-4.8348, -3.6842, 0.8131)
(-5.1218, -3.8432, 0.7566)
(-5.1705, -3.925, 0.9487)
(-4.9797, -3.8847, 0.566)
(-5.2556, -4.1368, 0.5175)
(-5.3962, -4.0226, 0.6267)
(-5.0788, -4.2677, 0.6942)
(-5.386, -4.4871, 0.8375)
(-5.5341, -4.3484, 0.5623)
(-5.2483, -4.5243, 1.1968)
(-5.5738, -4.7023, 1.3651)
(-5.6708, -4.697, 1.0051)
(-5.4789, -4.6314, 1.7423)
(-5.8301, -4.7283, 1.899)
(-5.879, -4.853, 1.5458)
(-5.7798, -4.5024, 2.2107)
(-6.1638, -4.7654, 2.047)
(-1.4711, -2.1729, 3.6216)
(-1.4654, -1.9113, 3.8445)
(-1.8445, -1.8775, 3.9033)
(-1.8962, -2.1572, 3.705)
(-1.9781, -2.5006, 3.4679)
(-2.3208, -2.1439, 3.7467)
(-2.437, -2.5026, 3.5353)
(-2.5447, -2.8784, 3.3028)
(-2.8826, -2.4971, 3.5575)
(-3.0038, -2.8651, 3.3545)
(-3.1125, -3.2362, 3.1202)
(-3.4493, -2.8508, 3.3649)
(-3.5709, -3.217, 3.159)
(-3.6804, -3.5669, 2.8986)
(-4.0157, -3.1978, 3.1598)
(-4.136, -3.5499, 2.932)
(-4.2457, -3.8708, 2.6402)
(-4.5798, -3.5288, 2.9279)
(-4.6981, -3.8652, 2.6788)
(-4.8086, -4.1642, 2.3678)
(-5.1402, -3.8517, 2.6808)
(-5.2571, -4.1825, 2.4263)
(-5.3676, -4.4629, 2.1096)
(-5.6915, -4.1901, 2.4547)
(-1.051, -2.4325, 3.2772)
(-0.9869, -2.1405, 3.5554)
(-1.5233, -2.48, 3.3749)
(-1.6393, -2.8245, 3.0955)
(-2.0876, -2.868, 3.2148)
(-2.216, -3.1993, 2.9291)
(-2.6575, -3.234, 3.0432)
(-2.7977, -3.5009, 2.7209)
(-3.2303, -3.555, 2.8263)
(-3.3838, -3.7507, 2.4675)
(-3.8019, -3.8404, 2.5652)
(-3.9555, -3.9911, 2.1768)
(-4.3698, -4.1057, 2.2786)
(-4.5202, -4.2416, 1.8746)
(-4.9388, -4.3737, 1.9961)
(-5.0947, -4.4854, 1.5933)
(0.3894, -2.0325, 2.9994)
(0.2596, -1.9673, 3.4004)
(0.0298, -2.16, 3.1818)
(-0.1834, -2.3632, 2.8999)
(-0.3656, -2.1906, 3.4052)
(-0.5874, -2.4008, 3.1182)
(-0.7809, -2.6845, 2.7646)
(-1.2025, -2.758, 2.9448)
(-1.3754, -3.0475, 2.6025)
(-1.7881, -3.1361, 2.7806)
(-1.9793, -3.3074, 2.4223)
(-2.384, -3.41, 2.5812)
(-2.6062, -3.443, 2.2006)
(-2.9918, -3.6051, 2.343)
(-3.2377, -3.552, 1.9662)
(-3.5894, -3.7873, 2.0795)
(-3.7974, -3.7663, 1.6728)
(-4.1324, -4.0458, 1.762)
(-4.3223, -4.0591, 1.345)
(-4.6973, -4.2997, 1.4611)
(-4.8896, -4.3114, 1.0546)
(0.5638, -2.1189, 2.4492)
(0.1949, -2.2633, 2.6802)
(-0.0003, -2.4927, 2.3244)
(-0.3826, -2.5995, 2.5525)
(-0.586, -2.8319, 2.1847)
(-0.9756, -2.9426, 2.401)
(-1.1969, -3.1076, 2.0331)
(-1.585, -3.2068, 2.2415)
(-1.8378, -3.1754, 1.8785)
(-2.2225, -3.2814, 2.0554)
(-2.4929, -3.136, 1.7102)
(-2.8692, -3.334, 1.8429)
(-3.1372, -3.1904, 1.4943)
(-3.482, -3.4603, 1.5913)
(-3.6907, -3.4139, 1.1905)
(-3.9893, -3.7577, 1.2553)
(-4.2041, -3.7248, 0.8604)
(-4.5312, -4.0442, 0.9437)
(-4.7589, -3.9902, 0.6229)
(0.7349, -2.1854, 1.8607)
(0.3719, -2.3517, 2.0939)
(0.1704, -2.5738, 1.7353)
(-0.2049, -2.7105, 1.961)
(-0.4251, -2.898, 1.5956)
(-0.8102, -3.0036, 1.816)
(-1.0657, -3.0851, 1.4442)
(-1.453, -3.1298, 1.6659)
(-1.722, -3.0312, 1.3126)
(-2.1062, -3.026, 1.5334)
(-2.3796, -2.8679, 1.1959)
(-2.7653, -2.9726, 1.3722)
(-3.034, -2.8363, 1.0195)
(-3.3809, -3.0874, 1.1231)
(-3.6144, -3.0255, 0.7582)
(-3.9035, -3.3757, 0.8004)
(-4.1553, -3.3261, 0.533)
(-4.4543, -3.6532, 0.5698)
(-4.6918, -3.6028, 0.5736)
(0.8961, -2.2385, 1.2724)
(0.536, -2.4144, 1.5051)
(0.3289, -2.6368, 1.1465)
(-0.0423, -2.7833, 1.3736)
(-0.278, -2.9537, 1.005)
(-0.6712, -3.0317, 1.2246)
(-0.9405, -3.0866, 0.8515)
(-1.3377, -3.0777, 1.0779)
(-1.6088, -2.9802, 0.7274)
(-1.9949, -2.901, 0.968)
(-2.2585, -2.7481, 0.6353)
(-2.6549, -2.7308, 0.8513)
(-2.9108, -2.5474, 0.5256)
(-3.3082, -2.7105, 0.6753)
(-3.5999, -2.6271, 0.4235)
(-3.8746, -2.9963, 0.5169)
(-4.1193, -3.0409, 0.5365)
(-4.3887, -3.3472, 0.5613)
(-4.5381, -3.5044, 0.8347)
(1.0394, -2.2613, 0.6806)
(0.6881, -2.4579, 0.9148)
(0.4679, -2.657, 0.5525)
(0.1041, -2.8304, 0.7814)
(-0.1489, -2.9599, 0.4086)
(-0.54, -3.0509, 0.6305)
(-0.8146, -3.028, 0.2649)
(-1.2143, -3.0262, 0.4916)
(-1.4625, -2.8398, 0.1691)
(-1.8584, -2.7924, 0.4063)
(-2.0746, -2.5441, 0.1182)
(-2.4773, -2.526, 0.3389)
(-2.6089, -2.2793, 0.0816)
(-3.0529, -2.2945, 0.2685)
(1.163, -2.2486, 0.0839)
(0.8173, -2.4536, 0.3194)
(0.5843, -2.6187, -0.0459)
(0.2254, -2.8057, 0.1838)
(-0.0393, -2.881, -0.1867)
(-0.4207, -2.9832, 0.0404)
(-0.6855, -2.8739, -0.3022)
(-1.0708, -2.8655, -0.0658)
(-1.2983, -2.6384, -0.3671)
(-1.6805, -2.5903, -0.1214)
(-1.884, -2.3524, -0.4069)
(-2.2493, -2.3005, -0.1559)
(-2.3772, -2.095, -0.434)
(-2.6875, -2.0631, -0.1749)
(1.293, -2.245, -0.5134)
(0.9394, -2.4303, -0.2785)
(0.7043, -2.5841, -0.6441)
(0.3357, -2.7392, -0.4141)
(0.0685, -2.786, -0.7799)
(-0.3098, -2.8571, -0.5443)
(-0.5699, -2.7376, -0.8805)
(-0.9308, -2.6908, -0.6213)
(-1.1608, -2.5014, -0.9323)
(-1.5148, -2.4223, -0.6653)
(-1.7273, -2.2216, -0.9664)
(-2.0632, -2.1456, -0.6977)
(-2.2044, -1.9623, -0.9919)
(-2.4822, -1.9109, -0.7192)
(1.4259, -2.2479, -1.1109)
(1.0678, -2.4205, -0.8763)
(0.8237, -2.5553, -1.2427)
(0.4486, -2.682, -1.0113)
(0.1749, -2.7027, -1.3747)
(-0.2036, -2.7443, -1.1334)
(-0.4654, -2.6299, -1.4702)
(-0.8158, -2.5765, -1.2031)
(-1.0523, -2.402, -1.5196)
(-1.3858, -2.3126, -1.2411)
(-1.6113, -2.123, -1.5517)
(-1.92, -2.0331, -1.27)
(-2.0801, -1.8587, -1.5766)
(-2.3269, -1.7893, -1.29)
(1.5546, -2.2452, -1.7093)
(1.1933, -2.4093, -1.4748)
(0.939, -2.5203, -1.8415)
(0.5584, -2.6261, -1.6092)
(0.2789, -2.6208, -1.9706)
(-0.1012, -2.645, -1.7267)
(-0.3682, -2.5252, -2.0651)
(-0.717, -2.4754, -1.7963)
(-0.9638, -2.3006, -2.1183)
(-1.2891, -2.2171, -1.8354)
(-1.5313, -2.0269, -2.1551)
(-1.8229, -1.9387, -1.8664)
(-2.0089, -1.772, -2.1865)
(-2.2307, -1.6973, -1.8902)
(1.6778, -2.2342, -2.3085)
(1.3137, -2.3899, -2.0738)
(1.051, -2.4779, -2.4402)
(0.6659, -2.5645, -2.207)
(0.3827, -2.5365, -2.5665)
(-0.001, -2.546, -2.3219)
(-0.2735, -2.4168, -2.6621)
(-0.6281, -2.3674, -2.3954)
(-0.8857, -2.188, -2.7226)
(-1.2146, -2.1128, -2.4411)
(-1.4723, -1.9218, -2.7687)
(-1.7632, -1.8454, -2.4802)
(-1.9693, -1.6887, -2.8106)
(-2.1873, -1.6255, -2.514)
(1.7965, -2.2161, -2.9082)
(1.4298, -2.3628, -2.6732)
(1.1606, -2.4293, -3.0388)
(0.7724, -2.4981, -2.8042)
(0.4878, -2.4495, -3.1614)
(0.1007, -2.4454, -2.9166)
(-0.1747, -2.3052, -3.2572)
(-0.5405, -2.2521, -2.9955)
(-0.8048, -2.0674, -3.3256)
(-1.1477, -1.9971, -3.0509)
(-1.4139, -1.8069, -3.3826)
(-1.7178, -1.7452, -3.1008)
(-1.9316, -1.5983, -3.4357)
(-2.1628, -1.5569, -3.146)
(1.9115, -2.1923, -3.5081)
(1.5425, -2.3295, -3.2727)
(1.2684, -2.3758, -3.6371)
(0.8785, -2.4272, -3.4009)
(0.5939, -2.3587, -3.7553)
(0.2061, -2.3423, -3.5094)
(-0.0681, -2.1907, -3.8482)
(-0.4436, -2.1329, -3.591)
(-0.7081, -1.943, -3.9206)
(-1.0706, -1.8741, -3.6555)
(-1.3356, -1.6841, -3.9867)
(-1.6617, -1.6348, -3.7164)
(-1.8689, -1.4919, -4.0491)
(-2.1239, -1.476, -3.7722)
(2.0236, -2.1637, -4.108)
(1.6525, -2.2911, -3.8722)
(1.3749, -2.3178, -4.2351)
(0.9843, -2.352, -3.9969)
(0.701, -2.2635, -4.3481)
(0.3144, -2.2352, -4.1003)
(0.0436, -2.071, -4.4362)
(-0.3348, -2.01, -4.1801)
(-0.596, -1.8134, -4.5073)
(-0.9711, -1.7463, -4.2486)
(-1.229, -1.5523, -4.5759)
(-1.5744, -1.5107, -4.3161)
(-1.767, -1.3599, -4.6412)
(-2.0444, -1.3624, -4.3775)
(2.1332, -2.1313, -4.7079)
(1.7605, -2.2485, -4.4715)
(1.4804, -2.2555, -4.8326)
(1.0901, -2.2724, -4.5922)
(0.8094, -2.1632, -4.9398)
(0.425, -2.1228, -4.6896)
(0.1587, -1.9443, -5.0219)
(-0.2193, -1.88, -4.7651)
(-0.4769, -1.6747, -5.0896)
(-0.8548, -1.6103, -4.8325)
(-1.1091, -1.4094, -5.1572)
(-1.4604, -1.3719, -4.901)
(-1.6475, -1.2145, -5.2232)
(-1.9302, -1.2191, -4.9628)
(2.2356, -2.098, -5.2765)
(1.8661, -2.2025, -5.0665)
(1.5799, -2.1927, -5.3965)
(1.1957, -2.1883, -5.1825)
(0.9136, -2.0629, -5.4973)
(0.5374, -2.0048, -5.273)
(0.2705, -1.8179, -5.5728)
(-0.1005, -1.7427, -5.3432)
(-0.3604, -1.536, -5.6367)
(-0.7333, -1.4654, -5.4083)
(-0.9916, -1.2678, -5.7036)
(-1.3389, -1.2259, -5.4771)
(-1.5318, -1.0768, -5.7746)
(-1.8106, -1.0741, -5.5462)
(2.3152, -2.0709, -5.721)
(1.9546, -2.1612, -5.5678)
(1.6564, -2.1417, -5.8276)
(1.2854, -2.1133, -5.6769)
(0.9949, -1.9817, -5.9224)
(0.634, -1.9004, -5.761)
(0.3582, -1.7169, -5.9927)
(0.002, -1.622, -5.8264)
(-0.2695, -1.4265, -6.0538)
(-0.6287, -1.3389, -5.8897)
(-0.9003, -1.1567, -6.1203)
(-1.2345, -1.1011, -5.9585)
(-1.4315, -0.9782, -6.1753)
(-1.6992, -0.9647, -6.0171)
(-1.8033, -1.6905, 4.0265)
(-2.1217, -1.6202, 4.0173)
(-2.2028, -1.8311, 3.9134)
(-2.576, -1.8147, 3.8859)
(-2.7358, -2.1526, 3.7319)
(-3.1373, -2.1755, 3.6935)
(-3.3011, -2.5063, 3.5391)
(-3.7036, -2.5313, 3.5075)
(-3.8681, -2.8587, 3.3449)
(-4.2706, -2.8814, 3.3079)
(-4.434, -3.2009, 3.1306)
(-4.8361, -3.2158, 3.0799)
(-4.9972, -3.528, 2.8906)
(-5.3978, -3.5387, 2.827)
(-5.5558, -3.8571, 2.6449)
(-5.9558, -3.8709, 2.5725)
(-6.3157, -3.8126, 2.4484)
(-6.6157, -3.7452, 2.2975)
(-6.7084, -3.9711, 2.3274)
(-6.4182, -4.0498, 2.413)
(-4.8775, -3.6519, 0.8661)
(-4.8707, -3.8436, 1.0448)
(-5.1614, -3.9531, 1.0208)
(-5.2054, -3.7748, 0.8488)
(-5.2807, -3.507, 0.6712)
(-5.5384, -3.8946, 0.7852)
(-5.6546, -3.6252, 0.6639)
(-5.7477, -3.3156, 0.7658)
(-6.0065, -3.7283, 0.7177)
(-6.1107, -3.4397, 0.9006)
(-6.1456, -3.1776, 1.1855)
(-6.4495, -3.5485, 1.057)
(-6.4753, -3.3354, 1.3615)
(-6.4122, -3.1848, 1.7111)
(-6.7702, -3.4888, 1.5558)
(-6.6724, -3.4187, 1.8933)
(-6.4578, -3.4381, 2.2075)
(-6.8615, -3.6826, 2.0548)
(-2.3244, -0.7438, 3.9369)
(-2.5755, -0.6554, 3.6995)
(-2.6905, -1.0495, 3.7464)
(-2.4017, -1.1087, 3.9515)
(-3.0381, -0.9986, 3.4842)
(-3.1888, -1.4113, 3.5234)
(-2.8101, -1.4436, 3.75)
(-3.5845, -1.3611, 3.2857)
(-3.748, -1.7645, 3.3442)
(-3.352, -1.8068, 3.547)
(-4.113, -1.7288, 3.0787)
(-4.2783, -2.1281, 3.1104)
(-3.9085, -2.1631, 3.3521)
(-4.5987, -2.101, 2.7883)
(-4.7828, -2.4889, 2.8264)
(-4.4377, -2.526, 3.1048)
(-5.1178, -2.4405, 2.5145)
(-5.3458, -2.806, 2.6045)
(-4.985, -2.8608, 2.8646)
(-5.6756, -2.7673, 2.2897)
(-5.9215, -3.122, 2.3992)
(-5.567, -3.1674, 2.6613)
(-6.2224, -3.1128, 2.0732)
(-6.1413, -3.4835, 2.4611)
(-2.3649, -0.2455, 3.6302)
(-2.6446, -0.2126, 3.3119)
(-2.871, -0.6, 3.4183)
(-3.2244, -0.5875, 3.1081)
(-3.4169, -0.9635, 3.2079)
(-3.7421, -0.983, 2.8926)
(-3.9338, -1.3464, 2.9967)
(-4.1544, -1.4211, 2.6107)
(-4.3811, -1.7514, 2.7151)
(-4.5958, -1.8049, 2.307)
(-4.8767, -2.0936, 2.4177)
(-5.102, -2.1578, 2.0376)
(-5.4056, -2.4388, 2.1616)
(-5.6039, -2.5411, 1.7774)
(-5.9307, -2.8064, 1.9217)
(-6.0889, -2.9519, 1.537)
(-1.6268, 0.8058, 2.9192)
(-1.8722, 0.5327, 3.1164)
(-1.5655, 0.628, 3.2983)
(-2.1922, 0.458, 2.8694)
(-2.4099, 0.1514, 3.1206)
(-2.0806, 0.2325, 3.3796)
(-2.7617, 0.0879, 2.7693)
(-2.9989, -0.2383, 2.9585)
(-3.3033, -0.3238, 2.5891)
(-3.5329, -0.6426, 2.7591)
(-3.6982, -0.8112, 2.3631)
(-3.9192, -1.112, 2.5006)
(-4.0295, -1.287, 2.0777)
(-4.3077, -1.5394, 2.1853)
(-4.4071, -1.7366, 1.7984)
(-4.7574, -1.9391, 1.9135)
(-4.8232, -2.2003, 1.5567)
(-5.2279, -2.3528, 1.6617)
(-5.299, -2.5932, 1.2851)
(-5.7163, -2.7412, 1.3916)
(-5.7662, -3.0074, 1.0383)
(-1.7067, 1.0496, 2.4017)
(-1.9525, 0.746, 2.6317)
(-2.2722, 0.6763, 2.3014)
(-2.5187, 0.3851, 2.5415)
(-2.8132, 0.2745, 2.1751)
(-3.0587, -0.021, 2.3939)
(-3.2512, -0.2134, 2.01)
(-3.4818, -0.5115, 2.1988)
(-3.595, -0.7469, 1.8022)
(-3.8035, -1.0277, 1.9532)
(-3.8332, -1.2959, 1.5763)
(-4.0771, -1.5341, 1.7016)
(-4.0415, -1.8796, 1.3895)
(-4.4147, -2.0513, 1.4773)
(-4.4176, -2.3461, 1.1471)
(-4.8609, -2.4674, 1.2047)
(-4.8979, -2.7174, 0.8536)
(-5.3453, -2.8485, 0.9283)
(-5.3417, -3.17, 0.6839)
(-1.7653, 1.2848, 1.8441)
(-2.021, 0.9789, 2.0697)
(-2.3012, 0.8668, 1.7221)
(-2.5591, 0.5678, 1.9488)
(-2.7878, 0.403, 1.581)
(-3.0331, 0.1015, 1.7987)
(-3.1799, -0.1304, 1.4204)
(-3.3769, -0.4526, 1.6266)
(-3.4194, -0.733, 1.2648)
(-3.6243, -1.0245, 1.4329)
(-3.5563, -1.3517, 1.0868)
(-3.7769, -1.6307, 1.2359)
(-3.6884, -1.9824, 0.9383)
(-4.0052, -2.2079, 1.0782)
(-4.006, -2.4745, 0.7486)
(-4.4463, -2.5929, 0.7937)
(-4.4724, -2.8848, 0.5716)
(-4.9016, -3.0315, 0.6255)
(-4.8834, -3.371, 0.6544)
(-1.7499, 1.4334, 1.2582)
(-2.0351, 1.1609, 1.4925)
(-2.2681, 0.9937, 1.1307)
(-2.5308, 0.7007, 1.3591)
(-2.7042, 0.4833, 0.9886)
(-2.9472, 0.1777, 1.2067)
(-3.0482, -0.0898, 0.8354)
(-3.2491, -0.4091, 1.0532)
(-3.2357, -0.7207, 0.7055)
(-3.3657, -1.0553, 0.9253)
(-3.2391, -1.3825, 0.6228)
(-3.4258, -1.6969, 0.7912)
(-3.2605, -2.0405, 0.5276)
(-3.5961, -2.3226, 0.6623)
(-3.615, -2.6142, 0.4298)
(-4.0609, -2.7367, 0.5265)
(-4.129, -3.0283, 0.5488)
(-4.5028, -3.2017, 0.614)
(-4.543, -3.4935, 0.8519)
(-1.6662, 1.4936, 0.6614)
(-1.9822, 1.2616, 0.8975)
(-2.192, 1.0633, 0.5348)
(-2.4646, 0.7902, 0.7642)
(-2.6211, 0.5533, 0.3962)
(-2.8299, 0.2294, 0.6176)
(-2.928, -0.0367, 0.2503)
(-3.096, -0.3777, 0.4747)
(-3.0683, -0.6719, 0.1369)
(-3.1513, -1.0347, 0.3848)
(-3.0031, -1.327, 0.0952)
(-3.071, -1.684, 0.3472)
(-2.8925, -1.8998, 0.0806)
(-3.0697, -2.2794, 0.2706)
(-1.563, 1.5267, 0.0711)
(-1.8767, 1.2931, 0.3033)
(-2.0986, 1.1101, -0.0523)
(-2.3811, 0.8465, 0.1717)
(-2.5675, 0.6379, -0.1913)
(-2.7615, 0.3084, 0.029)
(-2.842, 0.0601, -0.3303)
(-2.9616, -0.3069, -0.1014)
(-2.8917, -0.5771, -0.4221)
(-2.9578, -0.9542, -0.1686)
(-2.7958, -1.2123, -0.4476)
(-2.8289, -1.5685, -0.177)
(-2.656, -1.7467, -0.4455)
(-2.7013, -2.0462, -0.1745)
(-1.565, 1.7012, -0.4979)
(-1.8241, 1.3933, -0.2758)
(-2.1048, 1.2905, -0.619)
(-2.3392, 0.9615, -0.4058)
(-2.5143, 0.7828, -0.7657)
(-2.6942, 0.422, -0.5523)
(-2.6908, 0.1708, -0.8984)
(-2.8039, -0.2023, -0.6657)
(-2.6831, -0.4611, -0.9685)
(-2.7515, -0.8358, -0.7125)
(-2.5805, -1.0824, -0.9872)
(-2.6212, -1.4325, -0.7179)
(-2.4603, -1.6098, -0.9958)
(-2.4924, -1.8937, -0.72)
(-1.6349, 1.9679, -1.0343)
(-1.8669, 1.6244, -0.829)
(-2.1115, 1.4999, -1.1788)
(-2.3198, 1.1438, -0.9738)
(-2.3984, 0.9185, -1.3359)
(-2.553, 0.5427, -1.1219)
(-2.4714, 0.2771, -1.4492)
(-2.5874, -0.0917, -1.2139)
(-2.4337, -0.3524, -1.5053)
(-2.5208, -0.7155, -1.2507)
(-2.3557, -0.9702, -1.5338)
(-2.4141, -1.3067, -1.2661)
(-2.2935, -1.4997, -1.5675)
(-2.3348, -1.7706, -1.2928)
(-1.6716, 2.1994, -1.5908)
(-1.8971, 1.8555, -1.3815)
(-2.0533, 1.668, -1.7472)
(-2.2326, 1.2947, -1.5442)
(-2.2078, 1.0305, -1.8938)
(-2.3428, 0.6497, -1.6757)
(-2.2051, 0.371, -1.9868)
(-2.322, 0.0074, -1.7489)
(-2.1765, -0.2645, -2.0493)
(-2.2781, -0.6171, -1.7961)
(-2.1725, -0.8878, -2.1075)
(-2.2365, -1.2117, -1.8385)
(-2.1933, -1.4198, -2.1701)
(-2.2374, -1.6779, -1.8946)
(-1.6638, 2.3837, -2.1657)
(-1.869, 2.0362, -1.9516)
(-1.9254, 1.7994, -2.313)
(-2.0634, 1.4148, -2.104)
(-1.9705, 1.1283, -2.4407)
(-2.0874, 0.7442, -2.2175)
(-1.9735, 0.4571, -2.5404)
(-2.0699, 0.0903, -2.2973)
(-2.0118, -0.1896, -2.6286)
(-2.0928, -0.5423, -2.3713)
(-2.1055, -0.8173, -2.7127)
(-2.1526, -1.1392, -2.4434)
(-2.1739, -1.3507, -2.7936)
(-2.1946, -1.6064, -2.5179)
(-1.616, 2.526, -2.7508)
(-1.7893, 2.1738, -2.529)
(-1.7896, 1.9071, -2.8875)
(-1.8665, 1.5175, -2.6628)
(-1.8093, 1.2291, -3.0107)
(-1.8853, 0.8383, -2.7777)
(-1.8854, 0.5567, -3.1262)
(-1.9461, 0.1756, -2.8811)
(-2.0228, -0.0951, -3.2291)
(-2.0602, -0.464, -2.9741)
(-2.1521, -0.7347, -3.3271)
(-2.1647, -1.0676, -3.0649)
(-2.1773, -1.2773, -3.4206)
(-2.1708, -1.5382, -3.149)
(-1.5694, 2.6512, -3.3428)
(-1.7098, 2.2905, -3.1151)
(-1.7357, 2.0221, -3.4762)
(-1.7615, 1.6248, -3.2433)
(-1.7977, 1.3477, -3.5999)
(-1.8341, 0.9497, -3.3642)
(-1.9444, 0.6831, -3.7142)
(-1.9821, 0.2882, -3.4752)
(-2.1166, 0.0254, -3.8221)
(-2.1378, -0.363, -3.5787)
(-2.1952, -0.633, -3.9353)
(-2.1877, -0.9839, -3.6845)
(-2.1461, -1.1841, -4.0371)
(-2.1324, -1.4573, -3.7745)
(-1.5377, 2.7675, -3.9378)
(-1.6792, 2.4111, -3.7064)
(-1.7557, 2.1485, -4.0655)
(-1.7758, 1.7482, -3.8336)
(-1.8826, 1.4826, -4.1841)
(-1.9104, 1.0818, -3.9502)
(-2.06, 0.8235, -4.2948)
(-2.0894, 0.4231, -4.0595)
(-2.1941, 0.1585, -4.4104)
(-2.2005, -0.2426, -4.1752)
(-2.1865, -0.5081, -4.5328)
(-2.1632, -0.8733, -4.2906)
(-2.0675, -1.056, -4.6323)
(-2.0525, -1.3438, -4.378)
(-1.5008, 2.8701, -4.534)
(-1.6799, 2.5327, -4.2977)
(-1.8043, 2.2796, -4.6513)
(-1.857, 1.8845, -4.4166)
(-1.9952, 1.6263, -4.7627)
(-2.0294, 1.2247, -4.5291)
(-2.1549, 0.9645, -4.8778)
(-2.1786, 0.5615, -4.6441)
(-2.2149, 0.292, -5.0017)
(-2.2073, -0.1114, -4.7684)
(-2.1294, -0.373, -5.1241)
(-2.0938, -0.7388, -4.8824)
(-1.9635, -0.9132, -5.2171)
(-1.9378, -1.2006, -4.9613)
(-1.4474, 2.948, -5.1006)
(-1.6714, 2.6428, -4.8867)
(-1.8321, 2.3973, -5.2076)
(-1.9366, 2.0218, -4.9955)
(-2.0727, 1.7608, -5.3141)
(-2.1224, 1.3667, -5.1073)
(-2.1936, 1.0942, -5.4339)
(-2.2092, 0.6956, -5.2302)
(-2.1838, 0.4172, -5.5608)
(-2.163, 0.0213, -5.3559)
(-2.0517, -0.2442, -5.6801)
(-2.0014, -0.5999, -5.4654)
(-1.8632, -0.7802, -5.7729)
(-1.82, -1.0565, -5.5448)
(-1.4025, 3.0005, -5.5419)
(-1.6576, 2.729, -5.3832)
(-1.868, 2.4948, -5.6291)
(-1.9962, 2.1405, -5.4811)
(-2.13, 1.8689, -5.7335)
(-2.1683, 1.484, -5.5964)
(-2.1942, 1.1917, -5.8603)
(-2.1924, 0.8062, -5.7234)
(-2.1382, 0.5121, -5.9877)
(-2.1027, 0.1324, -5.8477)
(-1.9868, -0.1476, -6.1051)
(-1.9208, -0.4854, -5.9537)
(-1.8001, -0.6739, -6.1789)
(-1.7395, -0.9328, -6.0184)
(-2.2036, -1.1438, 4.0791)
(-2.4718, -1.4548, 3.927)
(-2.2408, -1.4611, 4.0373)
(-2.9695, -1.8137, 3.7253)
(-2.5902, -1.7995, 3.8849)
(-3.5309, -2.1731, 3.536)
(-3.1543, -2.1627, 3.6938)
(-4.0868, -2.532, 3.3329)
(-3.7236, -2.5219, 3.5118)
(-4.6341, -2.8823, 3.099)
(-4.2902, -2.8748, 3.3164)
(-5.2051, -3.1996, 2.876)
(-4.855, -3.2094, 3.0892)
(-5.7783, -3.5135, 2.6515)
(-5.416, -3.5297, 2.8343)
(-5.9706, -3.8574, 2.5762)
(5.0913, 3.7885, 4.8183)
(4.653, 3.1415, 2.9867)
(4.9232, 3.3261, 2.7852)
(5.2821, 3.3098, 2.9074)
(5.4692, 3.2566, 3.4548)
(5.5029, 3.3048, 4.0535)
(5.3545, 3.5125, 4.5702)
(1.2879, 0.1031, 4.4155)
(1.7388, 0.4802, 4.4634)
(2.28, 0.9109, 4.5247)
(2.8188, 1.3481, 4.5771)
(3.3507, 1.7945, 4.6038)
(3.8718, 2.2516, 4.5954)
(4.3873, 2.712, 4.5703)
(4.9064, 3.1582, 4.5633)
(1.5185, -0.312, 4.0586)
(2.0524, 0.1011, 4.126)
(2.6112, 0.5272, 4.2079)
(3.1391, 0.9743, 4.253)
(3.6432, 1.4465, 4.2449)
(4.129, 1.9333, 4.195)
(4.6105, 2.4227, 4.1334)
(5.0896, 2.9086, 4.0867)
(0.8622, -1.6068, 3.3308)
(1.3064, -1.1444, 3.498)
(1.777, -0.6421, 3.6128)
(2.3467, -0.1908, 3.6922)
(2.8675, 0.2714, 3.7548)
(3.3077, 0.792, 3.7578)
(3.7062, 1.3428, 3.7279)
(4.1464, 1.8491, 3.6516)
(4.6292, 2.3258, 3.5574)
(5.0896, 2.8293, 3.4942)
(1.0227, -1.6805, 2.857)
(1.5426, -1.2589, 2.9718)
(2.0563, -0.8064, 3.0687)
(2.566, -0.3347, 3.1522)
(2.9513, 0.2137, 3.1932)
(3.228, 0.832, 3.1924)
(3.5242, 1.4457, 3.1758)
(3.9596, 1.9414, 3.0901)
(4.4782, 2.3752, 2.9775)
(4.9534, 2.8597, 2.9144)
(1.2069, -1.7551, 2.275)
(1.7508, -1.3406, 2.3885)
(2.2598, -0.8838, 2.4866)
(2.6869, -0.3571, 2.563)
(2.9121, 0.2675, 2.606)
(3.0326, 0.9382, 2.6371)
(3.2784, 1.5701, 2.6362)
(3.7131, 2.0742, 2.5533)
(4.2169, 2.5209, 2.4731)
(4.6382, 2.9659, 2.5719)
(1.3776, -1.811, 1.6877)
(1.9323, -1.3993, 1.8043)
(2.4329, -0.9267, 1.9019)
(2.8027, -0.3493, 1.97)
(2.9474, 0.3142, 2.0167)
(2.9745, 1.0063, 2.0611)
(3.0928, 1.6833, 2.0855)
(3.4422, 2.2392, 2.108)
(3.9262, 2.633, 2.251)
(4.3366, 2.9277, 2.6195)
(1.5353, -1.8492, 1.0991)
(2.0966, -1.4357, 1.2162)
(2.5939, -0.9496, 1.313)
(2.9163, -0.3406, 1.3758)
(2.9968, 0.34, 1.4243)
(2.9439, 1.0267, 1.4794)
(2.9003, 1.6718, 1.5309)
(1.6643, -1.8522, 0.5041)
(2.2142, -1.4282, 0.6178)
(2.6893, -0.9259, 0.7116)
(2.9341, -0.3055, 0.7767)
(2.9301, 0.3636, 0.8332)
(2.8353, 1.0214, 0.8998)
(2.7418, 1.5809, 0.9618)
(1.7837, -1.8443, -0.0945)
(2.3085, -1.4019, 0.0146)
(2.736, -0.8743, 0.1047)
(2.9145, -0.2534, 0.1757)
(2.878, 0.3902, 0.2408)
(2.7916, 1.0218, 0.3093)
(2.699, 1.5598, 0.3671)
(1.9132, -1.8482, -0.6925)
(2.4126, -1.3838, -0.5872)
(2.7882, -0.8251, -0.5009)
(2.9377, -0.1976, -0.4282)
(2.9036, 0.4307, -0.3588)
(2.8129, 1.0479, -0.2897)
(2.7106, 1.5757, -0.2348)
(2.0428, -1.8503, -1.2908)
(2.5167, -1.3621, -1.1887)
(2.8491, -0.7758, -1.106)
(2.9787, -0.1371, -1.0339)
(2.9518, 0.492, -0.9634)
(2.8644, 1.109, -0.895)
(2.7638, 1.6369, -0.8426)
(2.1669, -1.8447, -1.8899)
(2.6151, -1.3345, -1.7908)
(2.9093, -0.7248, -1.7116)
(3.02, -0.0705, -1.6421)
(2.9979, 0.5722, -1.5736)
(2.9226, 1.2019, -1.5068)
(2.8431, 1.7398, -1.4554)
(2.2855, -1.8317, -2.4899)
(2.7081, -1.3021, -2.3933)
(2.9669, -0.6739, -2.3172)
(3.0578, -0.0032, -2.2514)
(3.0363, 0.6604, -2.1869)
(2.9757, 1.3095, -2.1227)
(2.9266, 1.8604, -2.0712)
(2.3996, -1.8129, -3.0903)
(2.7969, -1.2661, -2.9962)
(3.0209, -0.6233, -2.9229)
(3.0903, 0.0581, -2.8599)
(3.0652, 0.7398, -2.7994)
(3.0163, 1.4098, -2.7385)
(2.9944, 1.9726, -2.6876)
(2.5099, -1.7893, -3.6909)
(2.8817, -1.2273, -3.5992)
(3.0708, -0.5724, -3.5287)
(3.1162, 0.1135, -3.4675)
(3.0832, 0.8028, -3.4089)
(3.038, 1.4851, -3.3503)
(3.0268, 2.056, -3.3011)
(2.6169, -1.7617, -4.2916)
(2.9628, -1.1861, -4.2024)
(3.1157, -0.5211, -4.1347)
(3.1344, 0.1671, -4.0751)
(3.0894, 0.8567, -4.0169)
(3.0405, 1.5413, -3.9589)
(3.0263, 2.115, -3.9108)
(2.7207, -1.7314, -4.8885)
(3.0395, -1.1432, -4.8017)
(3.1543, -0.47, -4.7369)
(3.1442, 0.2193, -4.6787)
(3.0847, 0.9081, -4.6207)
(3.0307, 1.5926, -4.5628)
(3.0174, 2.1679, -4.5166)
(2.8076, -1.7042, -5.3959)
(3.1004, -1.1062, -5.3051)
(3.1811, -0.4272, -5.2426)
(3.1461, 0.2622, -5.1853)
(3.0743, 0.9502, -5.1274)
(3.0172, 1.6346, -5.0696)
(3.0088, 2.2061, -5.0201)
(1.0652, 0.4537, 4.6354)
(1.4508, 0.8331, 4.6713)
(1.9843, 1.2672, 4.7148)
(2.5203, 1.7067, 4.7607)
(3.055, 2.1499, 4.7961)
(3.5829, 2.6013, 4.8039)
(4.1067, 3.0562, 4.7911)
(4.637, 3.4949, 4.7913)
(4.7579, 4.2077, 4.8172)
(4.6427, 3.1426, 3.0471)
(4.72, 3.5857, 2.9187)
(4.688, 4.076, 3.0171)
(4.5552, 4.4402, 3.4604)
(4.4717, 4.6183, 4.019)
(4.5587, 4.5077, 4.552)
(0.4567, 1.2323, 4.4846)
(0.9444, 1.5555, 4.4696)
(1.4847, 1.9712, 4.5004)
(2.0194, 2.3967, 4.5393)
(2.5745, 2.7939, 4.4987)
(3.1055, 3.2185, 4.471)
(3.6091, 3.6842, 4.4973)
(4.1212, 4.1372, 4.5281)
(0.1508, 1.5657, 4.1203)
(0.6835, 1.9684, 4.1384)
(1.2326, 2.3843, 4.1669)
(1.8016, 2.7327, 4.1474)
(2.3582, 3.0911, 4.0684)
(2.8877, 3.51, 4.0188)
(3.4307, 3.9249, 4.005)
(3.9886, 4.3138, 4.0062)
(-1.0709, 1.0918, 3.2361)
(-0.5844, 1.4699, 3.4639)
(-0.035, 1.8579, 3.6181)
(0.5367, 2.2958, 3.6771)
(1.1237, 2.6203, 3.6868)
(1.7279, 2.8636, 3.6009)
(2.2994, 3.175, 3.5171)
(2.8754, 3.5107, 3.4896)
(3.4484, 3.8719, 3.4514)
(4.0305, 4.2142, 3.4309)
(-1.1324, 1.3206, 2.7945)
(-0.6234, 1.7379, 2.9427)
(-0.0661, 2.125, 3.0465)
(0.5194, 2.4979, 3.1077)
(1.1439, 2.7262, 3.1149)
(1.7728, 2.8343, 3.0582)
(2.3956, 2.9733, 3.0241)
(3.0092, 3.2224, 2.9977)
(3.5704, 3.5911, 2.9324)
(4.1558, 3.9122, 2.9281)
(-1.1966, 1.576, 2.2469)
(-0.6392, 1.9593, 2.3662)
(-0.0453, 2.2944, 2.4536)
(0.5698, 2.5863, 2.5151)
(1.2158, 2.7224, 2.5504)
(1.8769, 2.6996, 2.5368)
(2.5355, 2.6714, 2.5511)
(3.1297, 2.8724, 2.5271)
(3.6904, 3.2247, 2.4898)
(4.2598, 3.464, 2.6535)
(-1.2092, 1.7635, 1.6721)
(-0.618, 2.1042, 1.7772)
(0.008, 2.3786, 1.8583)
(0.6564, 2.5906, 1.9213)
(1.3179, 2.6203, 1.9824)
(1.9661, 2.4854, 2.0173)
(2.6244, 2.3708, 2.0527)
(3.2344, 2.5313, 2.1068)
(3.7671, 2.8395, 2.2817)
(4.2664, 3.0133, 2.6767)
(-1.1526, 1.8601, 1.0767)
(-0.5566, 2.1941, 1.1809)
(0.0815, 2.4264, 1.2621)
(0.748, 2.5761, 1.3275)
(1.4088, 2.5729, 1.3959)
(2.0218, 2.33, 1.4742)
(2.59, 2.082, 1.5365)
(-1.046, 1.8846, 0.4812)
(-0.4569, 2.2285, 0.5881)
(0.1604, 2.5011, 0.6766)
(0.8129, 2.6323, 0.7408)
(1.4528, 2.5558, 0.8045)
(2.031, 2.273, 0.8866)
(2.4947, 1.9625, 0.9601)
(-0.9869, 1.9772, -0.1015)
(-0.4079, 2.3355, 0.0127)
(0.2021, 2.6251, 0.0996)
(0.8439, 2.702, 0.1526)
(1.454, 2.5324, 0.2116)
(2.0052, 2.2276, 0.2948)
(2.4556, 1.9267, 0.3635)
(-1.0355, 2.2182, -0.6494)
(-0.4431, 2.5535, -0.5463)
(0.2002, 2.7349, -0.4856)
(0.8474, 2.6852, -0.4451)
(1.4356, 2.4659, -0.382)
(1.981, 2.171, -0.3003)
(2.4468, 1.9109, -0.2387)
(-1.1028, 2.4784, -1.1904)
(-0.4729, 2.7264, -1.1167)
(0.196, 2.7573, -1.0816)
(0.8325, 2.5925, -1.0408)
(1.419, 2.3592, -0.9769)
(1.9884, 2.1178, -0.9033)
(2.4854, 1.9314, -0.8477)
(-1.1298, 2.6783, -1.7602)
(-0.4792, 2.8065, -1.7059)
(0.1898, 2.6957, -1.6801)
(0.8264, 2.4816, -1.6385)
(1.4381, 2.2836, -1.5807)
(2.0476, 2.1364, -1.5099)
(2.5727, 2.0251, -1.4562)
(-1.1243, 2.8204, -2.3467)
(-0.4681, 2.8266, -2.3036)
(0.1947, 2.6405, -2.2812)
(0.8542, 2.4687, -2.2396)
(1.5048, 2.357, -2.1758)
(2.1464, 2.2821, -2.1004)
(2.6808, 2.1743, -2.0594)
(-1.0959, 2.9343, -2.9409)
(-0.4357, 2.8845, -2.9011)
(0.2306, 2.7113, -2.8746)
(0.9105, 2.6182, -2.8187)
(1.588, 2.578, -2.7401)
(2.2462, 2.4904, -2.6776)
(2.7745, 2.3175, -2.6643)
(-1.0557, 3.0542, -3.5351)
(-0.3888, 3.0264, -3.4856)
(0.2877, 2.912, -3.4412)
(0.9735, 2.8744, -3.3657)
(1.6573, 2.8297, -3.2919)
(2.3121, 2.6681, -3.2609)
(2.8227, 2.424, -3.2715)
(-1.0039, 3.1805, -4.1259)
(-0.3366, 3.2263, -4.0515)
(0.3471, 3.1774, -3.9832)
(1.0333, 3.1467, -3.9062)
(1.7099, 3.0429, -3.8572)
(2.3438, 2.7993, -3.8548)
(2.8299, 2.5004, -3.8783)
(-0.9372, 3.2924, -4.7132)
(-0.2821, 3.4318, -4.6107)
(0.4017, 3.4396, -4.5228)
(1.0845, 3.3772, -4.4598)
(1.7471, 3.1983, -4.438)
(2.359, 2.8946, -4.4524)
(2.829, 2.5654, -4.4828)
(-0.8704, 3.372, -5.2128)
(-0.2382, 3.6013, -5.0806)
(0.4414, 3.6436, -4.9829)
(1.1193, 3.5302, -4.9393)
(1.7689, 3.2947, -4.9351)
(2.3686, 2.9621, -4.9561)
(2.8298, 2.6232, -4.9845)
(0.7343, 0.8989, 4.6665)
(1.1995, 1.1737, 4.6701)
(1.7418, 1.5943, 4.7063)
(2.2807, 2.0275, 4.7528)
(2.8238, 2.4551, 4.7677)
(3.3505, 2.9011, 4.7712)
(3.8591, 3.3683, 4.7826)
(4.3706, 3.8259, 4.7943)
(-6.2335, -4.3529, 2.3748)
(-5.0116, -3.8133, 0.8958)
(-5.1979, -3.9621, 0.5952)
(-5.3154, -4.3211, 0.6178)
(-5.4718, -4.6152, 1.0944)
(-5.6922, -4.7455, 1.639)
(-5.9848, -4.6397, 2.1246)
(-1.6705, -2.0248, 3.7775)
(-2.1564, -2.321, 3.6231)
(-2.7205, -2.685, 3.4458)
(-3.2874, -3.0429, 3.2598)
(-3.8538, -3.3861, 3.0496)
(-4.4175, -3.7088, 2.8073)
(-4.978, -4.0221, 2.5502)
(-5.5316, -4.3466, 2.3118)
(-1.2546, -2.3068, 3.4605)
(-1.8023, -2.6708, 3.2943)
(-2.3726, -3.0568, 3.1329)
(-2.9436, -3.3997, 2.941)
(-3.5165, -3.7014, 2.7004)
(-4.0861, -3.9739, 2.4232)
(-4.6536, -4.2394, 2.1355)
(-5.2215, -4.5062, 1.8629)
(0.32, -1.9973, 3.2139)
(-0.2752, -2.2827, 3.1568)
(-0.9002, -2.5677, 3.0353)
(-1.4961, -2.9541, 2.863)
(-2.084, -3.2867, 2.687)
(-2.6868, -3.5142, 2.4651)
(-3.2963, -3.6901, 2.2172)
(-3.8636, -3.9105, 1.9238)
(-4.4105, -4.176, 1.6077)
(-4.9841, -4.4177, 1.3213)
(0.4735, -2.0756, 2.7384)
(-0.091, -2.4339, 2.6192)
(-0.6776, -2.7719, 2.4786)
(-1.2772, -3.0958, 2.3231)
(-1.901, -3.2597, 2.1522)
(-2.5459, -3.3037, 1.9519)
(-3.1873, -3.3782, 1.7268)
(-3.7412, -3.5972, 1.428)
(-4.2532, -3.9072, 1.0934)
(-4.8126, -4.1704, 0.8063)
(0.651, -2.1548, 2.155)
(0.0867, -2.5373, 2.0292)
(-0.5029, -2.8697, 1.89)
(-1.1285, -3.0973, 1.7395)
(-1.7786, -3.0914, 1.5991)
(-2.4366, -2.9817, 1.4607)
(-3.0846, -3.005, 1.2605)
(-3.6464, -3.2212, 0.963)
(-4.1748, -3.52, 0.6601)
(-4.7281, -3.7785, 0.5471)
(0.817, -2.2141, 1.5667)
(0.2514, -2.608, 1.4413)
(-0.3499, -2.9277, 1.3009)
(-1.0032, -3.0857, 1.148)
(-1.6674, -3.0046, 1.0196)
(-2.3241, -2.8048, 0.915)
(-2.986, -2.6902, 0.7696)
(-3.6004, -2.83, 0.5842)
(-4.1365, -3.1716, 0.5072)
(-4.6242, -3.5224, 0.6814)
(0.9707, -2.2552, 0.9772)
(0.4016, -2.6548, 0.8502)
(-0.2107, -2.9672, 0.7072)
(-0.8781, -3.0706, 0.5559)
(-1.5401, -2.9249, 0.4436)
(-2.1726, -2.6556, 0.3726)
(-2.7681, -2.4082, 0.3038)
(1.102, -2.2566, 0.3826)
(0.5273, -2.6415, 0.2535)
(-0.0928, -2.9276, 0.1106)
(-0.7495, -2.9562, -0.0194)
(-1.3795, -2.7373, -0.0982)
(-1.9765, -2.4406, -0.1403)
(-2.4823, -2.1776, -0.1676)
(1.2269, -2.2449, -0.2148)
(0.6436, -2.5996, -0.345)
(0.0145, -2.8324, -0.4833)
(-0.6258, -2.8005, -0.5893)
(-1.2253, -2.5611, -0.6456)
(-1.8006, -2.2806, -0.6827)
(-2.2854, -2.0244, -0.7096)
(1.3597, -2.2466, -0.8121)
(0.7644, -2.57, -0.9433)
(0.122, -2.7434, -1.077)
(-0.5166, -2.682, -1.1744)
(-1.1036, -2.4502, -1.2241)
(-1.6643, -2.1704, -1.2564)
(-2.136, -1.9078, -1.2811)
(1.4909, -2.2476, -1.41)
(0.8818, -2.5388, -1.5421)
(0.2271, -2.662, -1.6726)
(-0.4161, -2.5779, -1.7672)
(-1.0061, -2.3526, -1.8179)
(-1.5675, -2.0757, -1.8516)
(-2.0392, -1.8142, -1.8791)
(1.6168, -2.2407, -2.0088)
(0.9954, -2.4999, -2.1409)
(0.3307, -2.579, -2.2687)
(-0.3209, -2.4715, -2.3636)
(-0.9242, -2.2456, -2.4201)
(-1.5004, -1.9757, -2.4612)
(-1.9871, -1.7307, -2.4977)
(1.7377, -2.2259, -2.6083)
(1.1061, -2.4543, -2.7396)
(0.4351, -2.4934, -2.8641)
(-0.225, -2.3614, -2.9601)
(-0.8466, -2.1283, -3.0248)
(-1.4444, -1.8655, -3.0763)
(-1.9519, -1.6449, -3.1238)
(1.8544, -2.2048, -3.2081)
(1.2147, -2.4032, -3.338)
(0.5408, -2.4046, -3.4584)
(-0.1223, -2.2484, -3.5532)
(-0.7587, -2.0056, -3.6243)
(-1.3783, -1.7465, -3.6864)
(-1.9045, -1.5477, -3.7446)
(1.9679, -2.1786, -3.808)
(1.3218, -2.3473, -3.9362)
(0.6473, -2.3117, -4.0518)
(-0.0127, -2.1316, -4.1426)
(-0.6535, -1.8791, -4.2148)
(-1.2851, -1.6195, -4.2828)
(-1.8216, -1.4284, -4.3472)
(2.0786, -2.148, -4.4079)
(1.4277, -2.2872, -4.5339)
(0.755, -2.2141, -4.6442)
(0.1007, -2.0085, -4.7293)
(-0.537, -1.7452, -4.7989)
(-1.1699, -1.482, -4.8671)
(-1.7081, -1.2878, -4.9326)
(2.1866, -2.1142, -5.0039)
(1.5324, -2.2232, -5.127)
(0.8636, -2.1116, -5.231)
(0.2167, -1.8791, -5.3098)
(-0.4164, -1.603, -5.3755)
(-1.0481, -1.336, -5.4427)
(-1.5877, -1.1425, -5.5108)
(2.2775, -2.0838, -5.5104)
(1.6203, -2.166, -5.6245)
(0.9564, -2.0204, -5.7222)
(0.3167, -1.7649, -5.795)
(-0.3125, -1.4784, -5.8574)
(-0.9435, -1.2093, -5.9241)
(-1.4821, -1.0232, -5.9899)
(-1.9915, -1.7448, 3.9761)
(-2.458, -1.9777, 3.828)
(-3.0181, -2.3298, 3.6352)
(-3.5846, -2.683, 3.4431)
(-4.1512, -3.0316, 3.2409)
(-4.716, -3.3656, 3.0129)
(-5.277, -3.6906, 2.7661)
(-5.8288, -4.0296, 2.533)
(-6.5248, -3.905, 2.3814)
(-5.0263, -3.8161, 0.9551)
(-5.4199, -3.7098, 0.726)
(-5.8893, -3.5298, 0.7332)
(-6.3085, -3.3712, 1.1153)
(-6.6025, -3.3444, 1.6286)
(-6.6719, -3.5675, 2.1276)
(-2.496, -0.8908, 3.8464)
(-2.9246, -1.2272, 3.633)
(-3.4676, -1.589, 3.4327)
(-4.0192, -1.9443, 3.2379)
(-4.5275, -2.3124, 2.9664)
(-5.0582, -2.6513, 2.7086)
(-5.6345, -2.9618, 2.5017)
(-6.2025, -3.2855, 2.2993)
(-2.6168, -0.4229, 3.5224)
(-3.1406, -0.7801, 3.3124)
(-3.685, -1.1506, 3.1073)
(-4.159, -1.5525, 2.8636)
(-4.6212, -1.9279, 2.5632)
(-5.1399, -2.2634, 2.2855)
(-5.6698, -2.619, 2.04)
(-6.1839, -3.0006, 1.8101)
(-1.5941, 0.7105, 3.1218)
(-2.1411, 0.3462, 3.1272)
(-2.7045, -0.0445, 3.0512)
(-3.2817, -0.4333, 2.8628)
(-3.7376, -0.8751, 2.6396)
(-4.1059, -1.3331, 2.3433)
(-4.5274, -1.7382, 2.0429)
(-4.9901, -2.148, 1.7896)
(-5.473, -2.5443, 1.5247)
(-5.9453, -2.9597, 1.2772)
(-1.6658, 0.9221, 2.6733)
(-2.2367, 0.5687, 2.5912)
(-2.7979, 0.1913, 2.4749)
(-3.2859, -0.258, 2.3026)
(-3.653, -0.7706, 2.0806)
(-3.9396, -1.2792, 1.824)
(-4.2327, -1.7984, 1.5907)
(-4.6267, -2.2726, 1.3475)
(-5.1056, -2.6506, 1.0589)
(-5.564, -3.079, 0.8297)
(-1.7427, 1.1745, 2.1253)
(-2.2945, 0.7778, 2.0121)
(-2.8096, 0.3453, 1.8772)
(-3.2196, -0.1688, 1.715)
(-3.5137, -0.7366, 1.5331)
(-3.7051, -1.3228, 1.3281)
(-3.8671, -1.9384, 1.1654)
(-4.2089, -2.4119, 0.9418)
(-4.6804, -2.7994, 0.6819)
(-5.1055, -3.2749, 0.6293)
(-1.7674, 1.3712, 1.5542)
(-2.2911, 0.9381, 1.4279)
(-2.7499, 0.447, 1.2849)
(-3.1191, -0.1068, 1.1275)
(-3.3254, -0.7296, 0.9882)
(-3.3936, -1.3752, 0.8575)
(-3.4805, -2.0249, 0.7308)
(-3.8101, -2.5414, 0.5833)
(-4.2912, -2.9605, 0.5396)
(-4.7, -3.4396, 0.7371)
(-1.7154, 1.4734, 0.9598)
(-2.2358, 1.0362, 0.8325)
(-2.6596, 0.5185, 0.6922)
(-2.982, -0.0683, 0.5428)
(-3.1512, -0.7022, 0.4208)
(-3.1118, -1.3652, 0.3658)
(-3.0611, -1.9853, 0.3135)
(-1.6083, 1.5018, 0.3648)
(-2.1384, 1.0778, 0.2391)
(-2.5912, 0.5896, 0.1011)
(-2.8869, 0.0076, -0.0411)
(-2.9828, -0.6291, -0.1442)
(-2.8993, -1.2741, -0.1768)
(-2.7643, -1.8208, -0.1767)
(-1.5496, 1.5947, -0.2179)
(-2.0926, 1.1864, -0.3378)
(-2.5451, 0.7062, -0.4796)
(-2.7765, 0.1153, -0.6163)
(-2.7924, -0.5198, -0.6968)
(-2.69, -1.1469, -0.7175)
(-2.5558, -1.6761, -0.7189)
(-1.5987, 1.8323, -0.767)
(-2.1141, 1.3984, -0.8983)
(-2.4659, 0.8542, -1.0515)
(-2.5888, 0.2252, -1.1761)
(-2.5627, -0.4046, -1.2375)
(-2.4672, -1.0227, -1.2584)
(-2.3717, -1.551, -1.2783)
(-1.6594, 2.0905, -1.3091)
(-2.092, 1.5894, -1.4626)
(-2.3123, 0.977, -1.617)
(-2.3405, 0.3257, -1.7181)
(-2.3009, -0.3057, -1.7742)
(-2.2538, -0.9259, -1.8164)
(-2.2333, -1.4572, -1.8654)
(-1.6734, 2.2972, -1.8767)
(-1.9957, 1.7378, -2.0301)
(-2.0883, 1.0803, -2.1664)
(-2.0772, 0.4138, -2.2597)
(-2.0747, -0.2275, -2.3345)
(-2.1219, -0.8528, -2.4073)
(-2.1763, -1.385, -2.4805)
(-1.6426, 2.4587, -2.4572)
(-1.8518, 1.8542, -2.5984)
(-1.8732, 1.1771, -2.7221)
(-1.9086, 0.5039, -2.8308)
(-1.9986, -0.1459, -2.9283)
(-2.1214, -0.7781, -3.02)
(-2.1769, -1.3153, -3.1075)
(-1.5907, 2.5898, -3.0462)
(-1.7512, 1.9629, -3.1808)
(-1.7865, 1.286, -3.3046)
(-1.9014, 0.617, -3.4212)
(-2.0667, -0.0375, -3.5269)
(-2.179, -0.6867, -3.6325)
(-2.1674, -1.2343, -3.7309)
(-1.5526, 2.7106, -3.6401)
(-1.7388, 2.0841, -3.7714)
(-1.8323, 1.4135, -3.8932)
(-2.0008, 0.7525, -4.0049)
(-2.161, 0.0913, -4.1162)
(-2.1977, -0.5729, -4.2352)
(-2.1114, -1.1234, -4.3369)
(-1.5214, 2.8212, -4.2357)
(-1.7806, 2.2145, -4.3583)
(-1.9404, 1.5543, -4.4732)
(-2.1133, 0.8944, -4.5855)
(-2.2122, 0.2254, -4.7057)
(-2.1627, -0.4411, -4.829)
(-2.017, -0.985, -4.9251)
(-1.4746, 2.9127, -4.829)
(-1.8196, 2.341, -4.9417)
(-2.0385, 1.6963, -5.0503)
(-2.181, 1.0327, -5.1676)
(-2.2035, 0.3575, -5.2936)
(-2.0905, -0.3056, -5.4145)
(-1.9107, -0.8436, -5.5067)
(-1.4237, 2.9762, -5.3331)
(-1.8486, 2.4477, -5.4311)
(-2.1023, 1.8172, -5.5364)
(-2.1964, 1.1459, -5.6594)
(-2.1614, 0.4675, -5.7866)
(-2.0177, -0.1929, -5.9048)
(-1.8273, -0.7265, -5.9908)
(-2.318, -1.2949, 4.0084)
(-2.7008, -1.6309, 3.8282)
(-3.2491, -1.9943, 3.6294)
(-3.8108, -2.3524, 3.4386)
(-4.3592, -2.7101, 3.2168)
(-4.9173, -3.0438, 2.986)
(-5.4924, -3.3553, 2.7639)
(-6.0594, -3.6731, 2.5429)
