(-3.1119, -2.8458, -4.9127)
(-2.4723, -3.0429, -5.0305)
(-1.7973, -3.0794, -5.1732)
(-1.1189, -3.049, -5.3161)
(-0.4401, -3.0152, -5.4583)
(-3.0091, -2.7857, -4.4843)
(-2.3787, -3.0125, -4.6013)
(0.1998, -3.0154, -5.5917)
(-1.7063, -3.076, -4.7421)
(0.6232, -3.0539, -5.6096)
(-1.028, -3.0611, -4.885)
(-0.3492, -3.0331, -5.0273)
(0.2917, -3.033, -5.1623)
(0.7743, -3.0723, -5.3043)
(-2.8746, -2.7058, -3.929)
(-2.2558, -2.9675, -4.0406)
(-1.5878, -3.0649, -4.1785)
(-0.9098, -3.0708, -4.3211)
(-0.2309, -3.0514, -4.4634)
(0.4097, -3.0513, -4.5982)
(0.896, -3.08, -4.7018)
(-2.7302, -2.6185, -3.3424)
(-2.1247, -2.9144, -3.4474)
(-1.4625, -3.0457, -3.5818)
(-0.7855, -3.0721, -3.7236)
(-0.107, -3.0611, -3.8659)
(0.5326, -3.0644, -3.9998)
(1.0194, -3.1006, -4.1033)
(-2.5828, -2.5281, -2.7568)
(-1.9923, -2.8569, -2.8548)
(-1.3374, -3.0199, -2.9852)
(-0.6629, -3.0636, -3.1254)
(0.0114, -3.0566, -3.2654)
(0.6451, -3.0584, -3.396)
(1.1326, -3.1007, -3.4986)
(-2.4318, -2.4344, -2.1725)
(-1.8583, -2.7954, -2.2628)
(-1.213, -2.9886, -2.3884)
(-0.5467, -3.0454, -2.5238)
(0.1118, -3.0361, -2.6555)
(0.7324, -3.0225, -2.7793)
(1.2136, -3.0336, -2.8784)
(-2.2762, -2.3368, -1.5897)
(-1.7225, -2.7301, -1.6715)
(-1.0907, -2.9527, -1.7905)
(-0.4409, -3.0187, -1.9169)
(0.1978, -3.0022, -2.0383)
(0.8036, -2.9656, -2.1556)
(1.2745, -2.9363, -2.2523)
(-2.1151, -2.2344, -1.0091)
(-1.5848, -2.6608, -1.0809)
(-0.9705, -2.9136, -1.1919)
(-0.337, -2.9848, -1.3098)
(0.2859, -2.9589, -1.4235)
(0.8791, -2.9011, -1.5354)
(1.3378, -2.8335, -1.6281)
(-1.9469, -2.1263, -0.4312)
(-1.4441, -2.5873, -0.4915)
(-0.8498, -2.8742, -0.5943)
(-0.225, -2.9467, -0.7086)
(0.3915, -2.9123, -0.8197)
(0.9796, -2.8448, -0.928)
(1.431, -2.7573, -1.0158)
(-1.7725, -2.0146, 0.1442)
(-1.2997, -2.5118, 0.0967)
(-0.7279, -2.8412, 0.002)
(-0.1015, -2.9144, -0.1154)
(0.5219, -2.8772, -0.2302)
(1.117, -2.8154, -0.3389)
(1.5758, -2.7362, -0.4256)
(-1.6011, -1.9082, 0.7211)
(-1.1565, -2.4435, 0.6866)
(-0.6087, -2.8287, 0.599)
(0.0282, -2.9257, 0.4712)
(0.6721, -2.8923, 0.3462)
(1.2843, -2.8336, 0.2336)
(1.7551, -2.7649, 0.1479)
(-1.4372, -1.8071, 1.2998)
(-1.0122, -2.3697, 1.276)
(-0.48, -2.8074, 1.1915)
(0.1592, -2.9977, 1.0509)
(0.8277, -2.9836, 0.9106)
(1.4702, -2.9288, 0.7862)
(1.9697, -2.8454, 0.7056)
(-1.24, -1.6735, 1.8612)
(-0.8235, -2.2389, 1.8419)
(-0.3113, -2.7037, 1.7655)
(0.3055, -2.9805, 1.6309)
(0.978, -3.0453, 1.4769)
(1.6512, -3.0831, 1.3223)
(2.3824, -3.1784, 1.1332)
(-1.0154, -1.5156, 2.4089)
(-0.6001, -2.0721, 2.3873)
(-0.1169, -2.5587, 2.3235)
(0.4607, -2.889, 2.2053)
(2.8198, -3.7229, 1.1942)
(1.1131, -3.0025, 2.0492)
(1.7613, -3.1559, 1.8888)
(3.1198, -4.2108, 1.5853)
(2.3114, -3.486, 1.6943)
(3.3695, -4.6783, 2.0319)
(2.7105, -3.9889, 1.5161)
(-0.7764, -1.3482, 2.953)
(-0.3572, -1.8932, 2.9269)
(0.0868, -2.4219, 2.8801)
(3.595, -4.9226, 2.0872)
(0.6001, -2.8509, 2.7855)
(3.1269, -4.462, 1.4845)
(1.2007, -3.1021, 2.6242)
(1.8081, -3.355, 2.4486)
(3.5248, -4.8194, 1.7212)
(2.3234, -3.7345, 2.2408)
(3.8196, -5.0988, 1.9253)
(2.6768, -4.2628, 2.0025)
(-0.5218, -1.1623, 3.46)
(-0.0743, -1.6627, 3.4433)
(0.3623, -2.2247, 3.393)
(3.0687, -4.7807, 1.8049)
(0.7996, -2.7696, 3.3324)
(1.3015, -3.2021, 3.189)
(3.4932, -5.2067, 1.7044)
(1.8407, -3.5736, 3.0021)
(-0.3072, -1.0045, 3.8557)
(3.8911, -5.4352, 1.6766)
(2.3497, -3.9658, 2.8001)
(2.7187, -4.4811, 2.5654)
(0.7419, -1.9608, 3.7984)
(0.2823, -1.279, 3.9398)
(3.1252, -4.992, 2.3475)
(1.1452, -2.5553, 3.7561)
(1.565, -3.103, 3.6772)
(3.5486, -5.448, 2.1595)
(2.0074, -3.6069, 3.5321)
(3.9073, -5.7567, 2.0315)
(2.4542, -4.0893, 3.3405)
(2.8782, -4.5811, 3.1199)
(0.8826, -1.2566, 4.1224)
(1.2142, -1.7091, 4.0647)
(3.3102, -5.0755, 2.9107)
(1.6001, -2.2672, 4.016)
(2.0013, -2.8363, 3.9587)
(3.7283, -5.5386, 2.7272)
(2.4081, -3.3913, 3.8656)
(4.0296, -5.9111, 2.5961)
(2.8182, -3.9316, 3.7247)
(3.2301, -4.4589, 3.5516)
(1.3652, -1.0892, 4.3126)
(1.6806, -1.4493, 4.2417)
(3.6403, -4.9863, 3.3791)
(2.0638, -1.9724, 4.1654)
(2.4662, -2.5333, 4.0837)
(4.0244, -5.4904, 3.2343)
(2.8699, -3.0929, 3.9969)
(1.7119, -1.0339, 4.3345)
(4.302, -5.8878, 3.1245)
(3.2737, -3.647, 3.8855)
(2.0297, -1.1604, 4.2861)
(2.4194, -1.731, 4.2002)
(3.6774, -4.1931, 3.7462)
(2.8212, -2.2903, 4.1257)
(4.0758, -4.7412, 3.6085)
(3.2251, -2.8514, 4.0489)
(3.6288, -3.4086, 3.9448)
(4.4345, -5.2722, 3.5145)
(4.0345, -3.956, 3.8047)
(4.6661, -5.6879, 3.4645)
(4.4341, -4.5029, 3.6458)
(4.8483, -5.4074, 3.5249)
(4.8263, -5.0657, 3.5079)
(1.9064, 0.4349, -6.1425)
(2.067, -0.2302, -6.0624)
(1.9908, -0.9107, -5.987)
(1.758, -1.5598, -5.9157)
(1.4343, -2.1676, -5.8418)
(1.9233, 0.4803, -5.7082)
(2.0062, -0.1953, -5.6325)
(1.0512, -2.6903, -5.7653)
(1.9657, -0.8783, -5.5521)
(0.7882, -3.0017, -5.6436)
(1.7937, -1.5401, -5.4791)
(1.4993, -2.1589, -5.4064)
(1.1267, -2.6892, -5.3326)
(0.7899, -3.0604, -5.3085)
(1.9512, 0.5375, -5.1416)
(1.9447, -0.1423, -5.0672)
(1.9045, -0.8271, -4.985)
(1.8021, -1.503, -4.9079)
(1.5673, -2.1428, -4.8358)
(1.2246, -2.6897, -4.7644)
(0.9094, -3.0653, -4.7049)
(1.9622, 0.591, -4.5411)
(1.8632, -0.0813, -4.4714)
(1.7997, -0.7636, -4.3899)
(1.7509, -1.4473, -4.3063)
(1.6002, -2.1103, -4.2301)
(1.3166, -2.6854, -4.1609)
(1.0325, -3.0859, -4.1079)
(1.9949, 0.6352, -3.9395)
(1.8295, -0.0233, -3.8715)
(1.7069, -0.697, -3.7936)
(1.6573, -1.38, -3.709)
(1.5791, -2.0532, -3.6246)
(1.3794, -2.654, -3.5524)
(1.1466, -3.0874, -3.5055)
(2.0686, 0.6692, -3.3407)
(1.8891, 0.018, -3.2745)
(1.7021, -0.6411, -3.1944)
(1.589, -1.3072, -3.1094)
(1.522, -1.9653, -3.0182)
(1.4053, -2.5741, -2.9367)
(1.2269, -3.0201, -2.8866)
(2.1712, 0.6875, -2.7485)
(2.0675, 0.0252, -2.7006)
(1.8508, -0.6201, -2.6136)
(1.6497, -1.247, -2.5126)
(1.5096, -1.8693, -2.4122)
(1.4105, -2.4654, -2.3191)
(1.2879, -2.923, -2.2605)
(2.2265, 0.6833, -2.1526)
(2.2703, 0.0128, -2.1367)
(2.1082, -0.6372, -2.0658)
(1.8722, -1.2334, -1.9491)
(1.6599, -1.8145, -1.826)
(1.4743, -2.372, -1.7092)
(1.3499, -2.8194, -1.6381)
(2.2039, 0.6519, -1.5541)
(2.3927, 0.0008, -1.5538)
(2.3566, -0.6613, -1.5169)
(2.1581, -1.2626, -1.4141)
(1.901, -1.8146, -1.2684)
(1.6365, -2.3302, -1.1217)
(1.4431, -2.7434, -1.0255)
(2.1184, 0.5962, -0.9606)
(2.419, -0.0188, -0.9581)
(2.5319, -0.6723, -0.9453)
(2.4102, -1.2946, -0.8697)
(2.1474, -1.8478, -0.7212)
(1.843, -2.3439, -0.5554)
(1.5899, -2.7233, -0.4319)
(2.1034, 0.5921, -0.3659)
(2.4195, -0.0194, -0.3643)
(2.6268, -0.6567, -0.3574)
(2.5959, -1.3004, -0.3043)
(2.3654, -1.8825, -0.1684)
(2.0486, -2.3841, 0.004)
(1.7712, -2.754, 0.1431)
(2.2486, 0.6841, 0.2069)
(2.5326, 0.0594, 0.2119)
(2.6831, -0.6046, 0.2305)
(2.739, -1.2721, 0.2695)
(2.5737, -1.8944, 0.3861)
(2.2652, -2.4277, 0.555)
(1.9903, -2.8347, 0.7019)
(2.3706, 0.7625, 0.7949)
(2.6423, 0.1294, 0.8002)
(2.8255, -0.5326, 0.807)
(2.9219, -1.2029, 0.8336)
(2.7957, -1.8502, 0.9305)
(2.5585, -2.4554, 1.0521)
(2.4032, -3.1716, 1.1322)
(2.4201, 0.7934, 1.3985)
(2.7294, 0.1778, 1.3969)
(2.984, -0.4599, 1.3833)
(3.1395, -1.1145, 1.3844)
(2.8368, -3.7127, 1.1996)
(3.0811, -1.7731, 1.4277)
(2.9782, -2.4274, 1.4393)
(3.1312, -4.1981, 1.5966)
(2.956, -3.0717, 1.479)
(3.377, -4.6652, 2.0479)
(3.2178, -3.643, 1.372)
(2.3858, 0.7739, 2.0063)
(2.7499, 0.1958, 2.0072)
(3.0761, -0.4109, 1.9779)
(3.5757, -4.9231, 2.1397)
(3.3275, -1.039, 1.939)
(3.4792, -4.2242, 1.4555)
(3.3831, -1.6951, 1.9002)
(3.3376, -2.3379, 1.8739)
(3.7021, -4.7156, 1.7608)
(3.4127, -2.9816, 1.8482)
(3.8677, -5.074, 2.0258)
(3.6845, -3.5621, 1.6766)
(2.291, 0.7269, 2.5882)
(2.6865, 0.1913, 2.6322)
(3.0685, -0.4035, 2.5918)
(3.9781, -4.1509, 1.5579)
(3.3949, -1.0059, 2.529)
(3.5185, -1.6409, 2.4354)
(4.1828, -4.7364, 1.6123)
(3.686, -2.2403, 2.2803)
(2.1895, 0.6834, 3.0523)
(4.2838, -5.1864, 1.7569)
(3.8822, -2.8615, 2.1747)
(4.1389, -3.4712, 2.0601)
(2.9438, -0.4805, 3.1858)
(2.4738, 0.1881, 3.3328)
(4.4509, -4.0495, 1.9011)
(3.3384, -1.057, 3.1017)
(3.6151, -1.6565, 2.988)
(4.6804, -4.6468, 1.8465)
(3.8304, -2.2579, 2.8164)
(4.8109, -5.1225, 1.8662)
(4.1554, -2.8113, 2.6456)
(4.485, -3.3882, 2.5036)
(2.4455, -0.2179, 3.7768)
(2.7192, -0.697, 3.6836)
(4.8046, -3.9775, 2.37)
(3.0661, -1.2563, 3.5732)
(3.4521, -1.8132, 3.5)
(5.0751, -4.5597, 2.2865)
(3.7796, -2.3889, 3.3658)
(5.2603, -5.0175, 2.2454)
(4.1022, -2.9559, 3.1831)
(4.4911, -3.4989, 3.0483)
(2.2041, -0.5265, 4.1425)
(2.4009, -0.9605, 4.0592)
(4.8871, -4.0466, 2.9328)
(2.7311, -1.5081, 3.9569)
(3.1248, -2.0676, 3.8778)
(5.2448, -4.5798, 2.8356)
(3.5028, -2.6334, 3.7724)
(2.0467, -0.8085, 4.2771)
(5.509, -4.9932, 2.761)
(3.8622, -3.2002, 3.6278)
(2.0476, -1.1516, 4.2809)
(2.4373, -1.7226, 4.1945)
(4.2807, -3.7323, 3.5132)
(2.8435, -2.2866, 4.124)
(4.7102, -4.2613, 3.408)
(3.2474, -2.8489, 4.0527)
(3.6497, -3.4076, 3.953)
(5.1072, -4.767, 3.3155)
(4.0555, -3.9531, 3.8103)
(5.4086, -5.1359, 3.2432)
(4.4547, -4.498, 3.6489)
(5.1431, -5.1972, 3.4372)
(4.8429, -5.0542, 3.504)
(-3.609, -2.407, -4.875)
(-3.8197, -1.7783, -4.9136)
(-3.7524, -1.1124, -5.0319)
(-3.524, -0.4761, -5.1745)
(-3.2343, 0.1382, -5.3171)
(-2.9441, 0.7528, -5.4591)
(-3.4975, -2.3326, -4.4381)
(-3.7252, -1.7065, -4.4852)
(-3.6891, -1.0377, -4.6026)
(-2.7031, 1.3455, -5.5923)
(-3.4866, -0.3933, -4.7434)
(-2.5802, 1.7524, -5.6098)
(-3.2109, 0.2268, -4.8861)
(-2.9255, 0.8432, -5.0281)
(-2.6827, 1.4364, -5.1629)
(-2.5377, 1.8985, -5.3045)
(-3.3551, -2.2376, -3.8841)
(-3.6003, -1.6133, -3.9297)
(-3.6012, -0.9415, -4.0417)
(-3.4317, -0.2881, -4.1797)
(-3.1751, 0.3396, -4.322)
(-2.8968, 0.9591, -4.4642)
(-2.6533, 1.5517, -4.5986)
(-2.4965, 2.013, -4.702)
(-3.2026, -2.1359, -3.3015)
(-3.4649, -1.5137, -3.343)
(-3.5029, -0.8409, -3.4484)
(-3.3669, -0.1798, -3.5829)
(-3.1293, 0.4548, -3.7246)
(-2.8582, 1.077, -3.8666)
(-2.6174, 1.6695, -4.0001)
(-2.4665, 2.134, -4.1034)
(-3.0464, -2.0317, -2.7199)
(-3.3254, -1.4125, -2.7572)
(-3.3999, -0.7408, -2.8556)
(-3.2961, -0.0741, -2.9862)
(-3.0751, 0.5647, -3.1263)
(-2.8088, 1.1842, -3.2661)
(-2.5679, 1.7704, -3.3963)
(-2.4217, 2.2375, -3.4986)
(-2.8856, -1.9244, -2.1398)
(-3.1814, -1.3091, -2.1727)
(-3.2926, -0.6408, -2.2634)
(-3.2205, 0.0288, -2.3892)
(-3.0146, 0.6649, -2.5246)
(-2.7517, 1.2688, -2.6561)
(-2.5008, 1.8365, -2.7797)
(-2.3272, 2.2855, -2.8785)
(-2.7194, -1.8134, -1.5616)
(-3.0319, -1.2031, -1.5898)
(-3.181, -0.5406, -1.6719)
(-3.1415, 0.1279, -1.7912)
(-2.9502, 0.7524, -1.9176)
(-2.6879, 1.335, -2.0389)
(-2.4206, 1.8798, -2.156)
(-2.2126, 2.3034, -2.2524)
(-2.5464, -1.698, -0.986)
(-2.8757, -1.0937, -1.0091)
(-3.0647, -0.4401, -1.0812)
(-3.0602, 0.224, -1.1925)
(-2.8801, 0.8355, -1.3104)
(-2.6148, 1.3996, -1.4241)
(-2.3322, 1.9243, -1.5359)
(-2.0927, 2.3214, -1.6285)
(-2.3656, -1.5774, -0.4136)
(-2.7114, -0.9798, -0.4312)
(-2.9431, -0.3384, -0.4917)
(-2.9782, 0.3204, -0.5946)
(-2.8029, 0.9243, -0.7091)
(-2.532, 1.4792, -0.8202)
(-2.2422, 1.9953, -0.9286)
(-1.9868, 2.3776, -1.0162)
(-2.1798, -1.4535, 0.1566)
(-2.541, -0.8617, 0.1442)
(-2.8178, -0.2339, 0.0966)
(-2.9016, 0.4205, 0.0017)
(-2.7267, 1.0263, -0.1157)
(-2.4511, 1.5866, -0.2307)
(-2.1639, 2.1114, -0.3395)
(-1.9133, 2.5039, -0.426)
(-2.0003, -1.3338, 0.7285)
(-2.3767, -0.7441, 0.721)
(-2.6994, -0.1278, 0.6865)
(-2.8445, 0.5258, 0.5987)
(-2.6886, 1.1509, 0.4708)
(-2.4092, 1.7319, 0.3457)
(-2.1189, 2.2742, 0.2328)
(-1.8741, 2.6823, 0.1472)
(-1.8299, -1.2202, 1.3025)
(-2.2202, -0.6316, 1.2997)
(-2.576, -0.0229, 1.2759)
(-2.7753, 0.6366, 1.1913)
(-2.7053, 1.2998, 1.0504)
(-2.4353, 1.9116, 0.9098)
(-2.1378, 2.4837, 0.7849)
(-1.8688, 2.9128, 0.7041)
(-1.6302, -1.0871, 1.8623)
(-2.021, -0.501, 1.8611)
(-2.3822, 0.1011, 1.8417)
(-2.6142, 0.7528, 1.7652)
(-2.6327, 1.4289, 1.6304)
(-2.4351, 2.0751, 1.4757)
(-2.2118, 2.711, 1.32)
(-2.0208, 3.4225, 1.1296)
(-1.4032, -0.9359, 2.4103)
(-1.7887, -0.3546, 2.4088)
(-2.1421, 0.2432, 2.3871)
(-2.4043, 0.877, 2.3229)
(-2.4848, 1.5378, 2.2046)
(-2.3543, 4.036, 1.1923)
(-2.336, 2.1842, 2.0489)
(-2.2314, 2.8406, 1.8862)
(-2.6886, 4.5007, 1.5839)
(-2.3279, 3.4749, 1.6923)
(-3.0224, 4.9127, 2.0301)
(-1.1622, -0.7755, 2.9542)
(-2.6404, 4.0363, 1.5153)
(-1.5421, -0.1987, 2.953)
(-1.8834, 0.3983, 2.9268)
(-2.199, 1.0125, 2.8795)
(-3.1618, 5.2148, 2.0844)
(-2.3893, 1.6521, 2.7857)
(-2.9186, 4.6022, 1.4838)
(-2.3718, 2.302, 2.6276)
(-2.3899, 2.9587, 2.4476)
(-3.0955, 5.1081, 1.719)
(-2.55, 3.5806, 2.2399)
(-3.2402, 5.4884, 1.9214)
(-2.9033, 4.1103, 2.0032)
(-0.9192, -0.6138, 3.4543)
(-1.2725, -0.0359, 3.4603)
(-1.5616, 0.5699, 3.4435)
(-1.9113, 1.1894, 3.3931)
(-3.233, 4.6705, 1.8063)
(-2.2428, 1.8028, 3.3327)
(-2.4405, 2.4328, 3.1894)
(-3.4656, 5.2253, 1.7052)
(-2.5806, 3.0734, 3.0017)
(-0.7459, -0.4984, 3.8058)
(-1.0446, 0.101, 3.8564)
(-3.5257, 5.6803, 1.6746)
(-2.751, 3.6942, 2.8003)
(-3.0862, 4.2333, 2.5669)
(-1.5217, 1.4376, 3.7988)
(-1.0707, 0.7506, 3.9408)
(-3.4029, 4.8047, 2.3498)
(-1.9145, 2.0388, 3.7565)
(-2.2572, 2.6374, 3.678)
(-3.6624, 5.3704, 2.162)
(-2.5512, 3.2399, 3.5325)
(-3.8104, 5.8199, 2.0332)
(-2.8247, 3.8382, 3.3412)
(-3.1161, 4.4191, 3.1216)
(-0.8181, 1.2957, 4.1233)
(-1.1074, 1.7763, 4.0654)
(-3.4064, 5.0082, 2.9129)
(-1.4734, 2.3476, 4.0165)
(-1.844, 2.9371, 3.9596)
(-3.673, 5.5724, 2.7296)
(-2.1991, 3.5264, 3.8666)
(-3.9009, 5.994, 2.5987)
(-2.5394, 4.1132, 3.7259)
(-2.8673, 4.6966, 3.5532)
(-0.4775, 1.6765, 4.3133)
(-0.6877, 2.1064, 4.2423)
(-3.1958, 5.2786, 3.3809)
(-1.0225, 2.6617, 4.1658)
(-1.3849, 3.2491, 4.0841)
(-3.5123, 5.8275, 3.2359)
(-1.7456, 3.8373, 3.9974)
(-0.2927, 1.9752, 4.3352)
(-3.7718, 6.2373, 3.1264)
(-2.101, 4.4237, 3.8862)
(-0.2864, 2.3172, 4.2868)
(-0.6626, 2.8967, 4.2004)
(-2.4492, 5.0067, 3.747)
(-1.0237, 3.4832, 4.1256)
(-2.8011, 5.5857, 3.6094)
(-1.3859, 4.072, 4.0488)
(-1.7439, 4.6596, 3.9445)
(-3.1523, 6.1217, 3.5155)
(-2.0926, 5.2448, 3.8044)
(-3.4462, 6.4961, 3.4659)
(-2.4432, 5.8242, 3.6457)
(-3.1172, 6.556, 3.5245)
(-2.811, 6.4032, 3.5079)
(1.5581, 1.0397, -6.1795)
(1.1344, 1.5944, -6.1454)
(0.5819, 1.9983, -6.0677)
(-0.0756, 2.1895, -5.9919)
(-0.7642, 2.2239, -5.9191)
(-1.4498, 2.1601, -5.844)
(1.6471, 1.1004, -5.74)
(1.1852, 1.598, -5.711)
(0.5942, 1.9354, -5.6367)
(-2.0798, 2.0092, -5.7666)
(-0.0533, 2.1565, -5.5566)
(-2.4685, 1.8867, -5.6442)
(-0.7311, 2.2491, -5.4825)
(-1.4156, 2.2154, -5.4085)
(-2.0485, 2.0763, -5.3336)
(-2.5208, 1.9084, -5.3087)
(1.745, 1.1674, -5.1758)
(1.253, 1.6109, -5.1445)
(0.6249, 1.8696, -5.0704)
(-0.0259, 2.0873, -4.9886)
(-0.6916, 2.2447, -4.9111)
(-1.373, 2.2712, -4.8378)
(-2.0098, 2.1654, -4.7652)
(-2.4778, 2.0198, -4.7051)
(1.824, 1.2207, -4.5756)
(1.3099, 1.6067, -4.544)
(0.6533, 1.7772, -4.4738)
(-0.0038, 1.9726, -4.3923)
(-0.6572, 2.1805, -4.309)
(-1.3287, 2.29, -4.232)
(-1.9689, 2.2477, -4.1617)
(-2.448, 2.1404, -4.1081)
(1.8876, 1.26, -3.9714)
(1.3637, 1.6141, -3.9423)
(0.6943, 1.7209, -3.8739)
(0.0242, 1.8636, -3.7955)
(-0.6282, 2.0725, -3.7109)
(-1.2821, 2.251, -3.6263)
(-1.9143, 2.2935, -3.5532)
(-2.4041, 2.2453, -3.5055)
(1.9392, 1.294, -3.3659)
(1.4229, 1.6664, -3.3436)
(0.7549, 1.7565, -3.2767)
(0.0746, 1.8374, -3.1961)
(-0.5849, 1.9843, -3.1108)
(-1.2206, 2.168, -3.0195)
(-1.829, 2.2877, -2.9375)
(-2.3095, 2.2926, -2.8867)
(1.9672, 1.3139, -2.7606)
(1.4787, 1.754, -2.7516)
(0.83, 1.9169, -2.7025)
(0.1511, 1.9656, -2.6148)
(-0.5052, 2.0171, -2.5136)
(-1.1347, 2.1206, -2.4128)
(-1.725, 2.2518, -2.3198)
(-2.1952, 2.3105, -2.2609)
(1.9476, 1.3031, -2.1548)
(1.4942, 1.8086, -2.1562)
(0.896, 2.1113, -2.1397)
(0.2337, 2.2075, -2.0655)
(-0.4078, 2.214, -1.9482)
(-1.0266, 2.2336, -1.8249)
(-1.6136, 2.2739, -1.7096)
(-2.075, 2.327, -1.6385)
(1.872, 1.2569, -1.5557)
(1.4605, 1.8096, -1.5578)
(0.9377, 2.2363, -1.5578)
(0.3082, 2.4428, -1.5139)
(-0.3251, 2.4815, -1.4083)
(-0.9352, 2.4548, -1.2664)
(-1.5136, 2.407, -1.1219)
(-1.9692, 2.3834, -1.0258)
(1.7583, 1.187, -0.9672)
(1.3798, 1.7658, -0.9639)
(0.9426, 2.2867, -0.9636)
(0.3703, 2.6156, -0.9423)
(-0.2578, 2.7216, -0.86)
(-0.873, 2.6934, -0.718)
(-1.4491, 2.6033, -0.5557)
(-1.8959, 2.5119, -0.4324)
(1.7587, 1.1895, -0.3719)
(1.3692, 1.7586, -0.3691)
(0.9455, 2.2989, -0.3695)
(0.4251, 2.7171, -0.3561)
(-0.1932, 2.9054, -0.2953)
(-0.8237, 2.9079, -0.1649)
(-1.41, 2.8085, 0.0035)
(-1.8579, 2.6929, 0.1421)
(1.9036, 1.2838, 0.204)
(1.5088, 1.8522, 0.2049)
(1.0573, 2.3691, 0.2109)
(0.5022, 2.7629, 0.2335)
(-0.109, 3.0384, 0.2779)
(-0.7545, 3.1029, 0.3904)
(-1.3684, 3.0233, 0.5547)
(-1.8509, 2.9279, 0.7002)
(2.0237, 1.3615, 0.7926)
(1.6243, 1.9273, 0.7944)
(1.1617, 2.4378, 0.8017)
(0.6182, 2.8563, 0.8155)
(0.019, 3.1743, 0.8462)
(-0.6339, 3.2934, 0.9341)
(-1.2852, 3.3089, 1.0501)
(-2.0067, 3.4393, 1.1288)
(2.0498, 1.3758, 1.3962)
(1.6603, 1.9468, 1.3984)
(1.2328, 2.4872, 1.4004)
(0.7405, 2.9623, 1.3964)
(0.1655, 3.317, 1.4063)
(-2.3383, 4.0478, 1.1977)
(-0.4621, 3.5234, 1.4326)
(-1.1001, 3.6865, 1.4364)
(-2.6723, 4.5066, 1.5949)
(-1.7017, 3.9094, 1.4791)
(-3.0074, 4.9148, 2.0459)
(1.9752, 1.3208, 1.9964)
(-2.1259, 4.3708, 1.3724)
(1.6139, 1.9027, 2.0042)
(1.2481, 2.4814, 2.0107)
(0.8172, 3.0105, 1.9951)
(-3.1698, 5.1969, 2.1377)
(0.2803, 3.417, 1.9706)
(-2.5611, 4.8372, 1.4544)
(-0.2745, 3.7568, 1.9073)
(-0.8739, 3.9777, 1.8715)
(-2.931, 5.2326, 1.7576)
(-1.439, 4.2939, 1.8476)
(-3.1971, 5.5242, 2.0227)
(-1.8693, 4.7692, 1.6773)
(1.874, 1.2478, 2.5557)
(1.5435, 1.8274, 2.5872)
(1.2174, 2.409, 2.6346)
(0.8362, 3.0014, 2.6026)
(-2.2986, 5.2682, 1.5584)
(0.3789, 3.508, 2.5385)
(-0.1582, 3.8716, 2.4383)
(-2.7599, 5.6839, 1.6117)
(-0.6476, 4.2589, 2.2814)
(1.8038, 1.199, 2.9507)
(1.4768, 1.7535, 3.0538)
(-3.1356, 5.9522, 1.7549)
(-1.1452, 4.6799, 2.1737)
(-1.6077, 5.1534, 2.0592)
(0.7006, 2.9022, 3.1867)
(1.1308, 2.2078, 3.3341)
(-2.0208, 5.665, 1.9011)
(0.3167, 3.486, 3.1028)
(-0.1319, 3.9712, 2.9899)
(-2.4829, 6.1079, 1.8464)
(-0.6051, 4.4009, 2.8186)
(-2.871, 6.4128, 1.8653)
(-0.9922, 4.913, 2.6453)
(-1.3966, 5.4405, 2.5029)
(0.7447, 2.3385, 3.7772)
(0.4063, 2.7732, 3.6813)
(-1.8166, 5.9634, 2.3696)
(0.0251, 3.3106, 3.5733)
(-0.3392, 3.8822, 3.5021)
(-2.2494, 6.4378, 2.2863)
(-0.7444, 4.4062, 3.3679)
(-2.6003, 6.7855, 2.2455)
(-1.1438, 4.9217, 3.1836)
(-1.4951, 5.4896, 3.048)
(0.3666, 2.2349, 4.1428)
(0.0411, 2.5826, 4.0588)
(-1.8477, 6.0662, 2.9322)
(-0.337, 3.0983, 3.9566)
(-0.7007, 3.6779, 3.879)
(-2.202, 6.6019, 2.8353)
(-1.0775, 4.2443, 3.7728)
(0.0456, 2.1982, 4.2773)
(-2.4816, 7.0051, 2.761)
(-1.4624, 4.7937, 3.627)
(-0.2711, 2.3305, 4.2816)
(-0.6479, 2.91, 4.195)
(-1.7914, 5.3854, 3.5127)
(-1.0117, 3.5023, 4.1244)
(-2.1139, 5.9857, 3.4075)
(-1.3751, 4.0916, 4.0528)
(-1.7349, 4.6783, 3.953)
(-2.4276, 6.547, 3.3151)
(-2.0818, 5.2629, 3.8101)
(-2.6524, 6.9672, 3.2429)
(-2.4306, 5.8414, 3.6489)
(-2.8114, 6.7459, 3.4365)
(-2.7941, 6.4142, 3.504)
(1.5828, -2.7298, -0.4288)
(0.9027, -3.0727, -4.7034)
(2.0386, -1.156, 4.2835)
(1.2812, -2.9296, -2.2564)
(2.4284, -1.7268, 4.1974)
(2.8324, -2.2884, 4.1249)
(1.7631, -2.7595, 0.1455)
(3.2363, -2.8501, 4.0508)
(3.6393, -3.4081, 3.9489)
(4.045, -3.9546, 3.8075)
(4.4444, -4.5005, 3.6474)
(1.0259, -3.0932, -4.1056)
(4.8346, -5.06, 3.506)
(1.3439, -2.8265, -1.6331)
(1.437, -2.7504, -1.0207)
(2.8283, -3.7178, 1.1969)
(1.98, -2.84, 0.7038)
(2.3928, -3.175, 1.1327)
(3.1255, -4.2045, 1.591)
(3.3733, -4.6718, 2.0399)
(0.7821, -3.0664, -5.3064)
(1.1396, -3.094, -3.5021)
(1.2202, -3.0269, -2.8825)
(4.562, -5.4912, 3.4862)
(4.6172, -5.153, 3.5428)
(4.852, -5.2414, 3.5179)
(4.7879, -5.5555, 3.5192)
(3.4789, -4.8112, 2.0746)
(3.4658, -4.7109, 1.8404)
(3.6817, -4.9643, 1.8327)
(3.7182, -5.003, 2.0407)
(3.5183, -5.0064, 1.6599)
(3.6951, -5.3387, 1.6854)
(3.8734, -5.2515, 1.7601)
(3.5021, -5.353, 1.89)
(3.7344, -5.6159, 2.0901)
(3.8944, -5.6112, 1.7888)
(3.6251, -5.5086, 2.4446)
(3.8903, -5.7331, 2.657)
(3.9505, -5.8565, 2.3105)
(3.8585, -5.5364, 2.9984)
(4.1732, -5.6992, 3.1765)
(4.1462, -5.923, 2.8736)
(4.2276, -5.3943, 3.4105)
(4.4898, -5.8041, 3.329)
(1.0433, -1.4726, 4.0926)
(1.1429, -1.174, 4.2308)
(1.5166, -1.2539, 4.2776)
(1.4571, -1.5776, 4.1681)
(1.402, -1.9792, 4.0398)
(1.8656, -1.6958, 4.2044)
(1.8407, -2.1156, 4.105)
(1.8002, -2.5538, 3.9902)
(2.2647, -2.2531, 4.1249)
(2.2423, -2.6808, 4.0359)
(2.2041, -3.1155, 3.9179)
(2.668, -2.8134, 4.042)
(2.6462, -3.2403, 3.9496)
(2.6128, -3.6635, 3.8007)
(3.0717, -3.371, 3.9451)
(3.0511, -3.7908, 3.8278)
(3.0241, -4.1961, 3.6402)
(3.4758, -3.9206, 3.8182)
(3.4563, -4.3313, 3.6758)
(3.4353, -4.7221, 3.4634)
(3.8776, -4.4659, 3.6742)
(3.8579, -4.8724, 3.525)
(3.8422, -5.2481, 3.302)
(4.2676, -5.0166, 3.5549)
(0.5313, -1.6605, 3.8375)
(0.5909, -1.2998, 4.0197)
(0.9709, -1.8343, 3.9449)
(0.9436, -2.26, 3.7766)
(1.3639, -2.4162, 3.9031)
(1.352, -2.8361, 3.7246)
(1.7684, -2.983, 3.8435)
(1.784, -3.3592, 3.612)
(2.1851, -3.5227, 3.7283)
(2.2327, -3.8485, 3.4413)
(2.608, -4.0415, 3.56)
(2.6677, -4.3338, 3.2312)
(3.0317, -4.5473, 3.3611)
(3.0919, -4.8291, 3.0129)
(3.4558, -5.0551, 3.1673)
(3.5293, -5.3162, 2.8134)
(-0.7264, -0.8949, 3.457)
(-0.8256, -0.5514, 3.6438)
(-0.5445, -0.7703, 3.8221)
(-0.4101, -1.0801, 3.6681)
(-0.3009, -1.4111, 3.4566)
(-0.0252, -1.1786, 3.8903)
(0.0891, -1.5205, 3.6762)
(0.1469, -1.9373, 3.4195)
(0.5384, -2.0953, 3.6132)
(0.576, -2.5077, 3.3687)
(0.9542, -2.6771, 3.5646)
(1.0428, -2.9986, 3.2706)
(1.4084, -3.1796, 3.4525)
(1.5687, -3.3915, 3.0977)
(1.8967, -3.6222, 3.2806)
(2.1097, -3.7576, 2.9047)
(2.3778, -4.055, 3.0802)
(2.5423, -4.2143, 2.6841)
(2.7777, -4.5537, 2.8492)
(2.9136, -4.7408, 2.4532)
(3.2015, -5.0516, 2.6333)
(3.3419, -5.2345, 2.2472)
(-0.9714, -1.0639, 2.9551)
(-1.0356, -0.6912, 3.2187)
(-0.6472, -1.2546, 3.2177)
(-0.5705, -1.623, 2.943)
(-0.222, -1.7851, 3.1921)
(-0.1402, -2.1625, 2.907)
(0.2125, -2.3341, 3.1459)
(0.3318, -2.6577, 2.8414)
(0.6853, -2.8241, 3.0685)
(0.8934, -2.9902, 2.7098)
(1.2396, -3.1682, 2.9099)
(1.5091, -3.2183, 2.5381)
(1.8184, -3.4759, 2.7242)
(2.0862, -3.5238, 2.3501)
(2.3348, -3.8553, 2.5193)
(2.5088, -3.9893, 2.1218)
(2.6869, -4.3818, 2.2814)
(2.8637, -4.5284, 1.8938)
(3.0786, -4.9034, 2.0646)
(3.2819, -5.0147, 1.7424)
(-1.2103, -1.2266, 2.4105)
(-1.285, -0.8572, 2.6829)
(-0.8987, -1.4343, 2.6818)
(-0.8138, -1.7992, 2.4021)
(-0.482, -1.9864, 2.6577)
(-0.3692, -2.3282, 2.3618)
(-0.0194, -2.4925, 2.6036)
(0.16, -2.7522, 2.271)
(0.5295, -2.8657, 2.4956)
(0.7818, -2.9595, 2.1289)
(1.1619, -3.0357, 2.3367)
(1.4432, -3.0619, 1.9714)
(1.791, -3.2393, 2.1708)
(2.056, -3.2951, 1.7946)
(2.314, -3.6092, 1.9648)
(2.5197, -3.7273, 1.5974)
(2.6853, -4.1289, 1.7372)
(2.914, -4.2382, 1.4674)
(3.0961, -4.6233, 1.5958)
(3.336, -4.6544, 1.5866)
(-1.4355, -1.3805, 1.8623)
(-1.5189, -1.013, 2.1371)
(-1.1298, -1.596, 2.1358)
(-1.0396, -1.963, 1.8563)
(-0.7146, -2.1572, 2.1161)
(-0.5816, -2.4894, 1.812)
(-0.215, -2.6313, 2.0451)
(-0.0136, -2.871, 1.7033)
(0.3845, -2.9339, 1.9179)
(0.6387, -3.0293, 1.5543)
(1.05, -3.0208, 1.7624)
(1.3167, -3.0593, 1.4004)
(1.716, -3.118, 1.6032)
(1.9857, -3.1234, 1.2387)
(2.3229, -3.3627, 1.4287)
(2.6011, -3.4507, 1.1637)
(2.7518, -3.8511, 1.358)
(2.9698, -3.9669, 1.3898)
(3.1296, -4.3263, 1.5013)
(3.2447, -4.4446, 1.8086)
(-1.6344, -1.514, 1.3021)
(-1.7345, -1.1566, 1.5845)
(-1.3434, -1.7448, 1.5829)
(-1.2336, -2.0961, 1.2931)
(-0.9238, -2.3115, 1.5623)
(-0.7618, -2.6134, 1.2425)
(-0.4007, -2.7655, 1.4812)
(-0.1691, -2.9349, 1.1246)
(0.23, -3.0043, 1.3414)
(0.4927, -3.0057, 0.979)
(0.9036, -3.0292, 1.193)
(1.1593, -2.9554, 0.8458)
(1.5659, -3.0115, 1.0527)
(1.744, -2.9033, 0.735)
(2.1761, -3.0119, 0.9194)
(-1.8039, -1.6232, 0.7269)
(-1.9163, -1.2778, 1.0163)
(-1.5207, -1.8594, 1.0114)
(-1.3884, -2.1852, 0.7091)
(-1.0873, -2.411, 0.9828)
(-0.8968, -2.6674, 0.6497)
(-0.5478, -2.8246, 0.8967)
(-0.2958, -2.9069, 0.5372)
(0.0928, -2.963, 0.7613)
(0.3508, -2.916, 0.4074)
(0.7501, -2.9323, 0.6291)
(0.9905, -2.8637, 0.2873)
(1.3755, -2.869, 0.5132)
(1.535, -2.8028, 0.1875)
(1.8624, -2.8052, 0.4268)
(-1.9822, -1.7387, 0.1538)
(-2.0883, -1.3924, 0.442)
(-1.6853, -1.96, 0.4321)
(-1.5473, -2.2762, 0.1261)
(-1.2273, -2.4765, 0.3912)
(-1.0248, -2.7067, 0.0543)
(-0.6681, -2.8327, 0.3005)
(-0.4169, -2.9031, -0.0559)
(-0.0368, -2.9106, 0.1789)
(0.2108, -2.9017, -0.1733)
(0.5953, -2.8752, 0.0597)
(0.8311, -2.8479, -0.2863)
(1.1977, -2.8171, -0.0506)
(1.3612, -2.7799, -0.3852)
(1.6654, -2.7506, -0.1388)
(-2.1654, -1.8593, -0.4177)
(-2.2728, -1.5155, -0.1284)
(-1.8602, -2.0705, -0.1433)
(-1.7076, -2.3727, -0.4554)
(-1.3722, -2.5492, -0.1974)
(-1.1553, -2.7577, -0.5393)
(-0.7887, -2.8558, -0.2961)
(-0.5375, -2.932, -0.6515)
(-0.1645, -2.9282, -0.4111)
(0.0838, -2.9367, -0.7644)
(0.4536, -2.8914, -0.5233)
(0.697, -2.8807, -0.8753)
(1.0438, -2.8255, -0.6312)
(1.221, -2.8055, -0.9751)
(1.5034, -2.7468, -0.7207)
(-2.3429, -1.9766, -0.9916)
(-2.457, -1.6383, -0.6994)
(-2.0319, -2.1811, -0.7198)
(-1.8624, -2.4655, -1.0389)
(-1.515, -2.6245, -0.786)
(-1.2844, -2.8114, -1.1335)
(-0.9104, -2.8937, -0.8929)
(-0.653, -2.9675, -1.2513)
(-0.2824, -2.966, -1.0082)
(-0.0248, -2.979, -1.3668)
(0.3358, -2.9354, -1.1199)
(0.5942, -2.9317, -1.4808)
(0.9251, -2.8708, -1.2296)
(1.1228, -2.8693, -1.5843)
(1.3844, -2.7954, -1.322)
(-2.5128, -2.0884, -1.5686)
(-2.6338, -1.7563, -1.2734)
(-2.1964, -2.2862, -1.2991)
(-2.0118, -2.5528, -1.6245)
(-1.654, -2.6959, -1.3761)
(-1.4126, -2.8633, -1.7283)
(-1.0305, -2.9334, -1.4912)
(-0.7651, -3.0012, -1.8541)
(-0.3894, -3.0025, -1.6129)
(-0.1206, -3.0162, -1.9779)
(0.2405, -2.9815, -1.73)
(0.513, -2.984, -2.0987)
(0.8394, -2.9334, -1.8444)
(1.0519, -2.9497, -2.2061)
(1.3062, -2.8849, -1.9402)
(-2.6763, -2.1956, -2.1481)
(-2.8033, -1.8694, -1.8504)
(-2.3546, -2.3861, -1.8808)
(-2.1572, -2.6355, -2.2116)
(-1.7906, -2.7632, -1.9671)
(-1.5413, -2.9121, -2.3229)
(-1.1515, -2.9711, -2.0896)
(-0.8799, -3.03, -2.4561)
(-0.4929, -3.033, -2.2208)
(-0.2165, -3.0446, -2.5901)
(0.1557, -3.0206, -2.3473)
(0.4354, -3.0274, -2.7198)
(0.7688, -2.9958, -2.4677)
(0.985, -3.0241, -2.8309)
(1.2441, -2.985, -2.5653)
(-2.8346, -2.2989, -2.7294)
(-2.9667, -1.9785, -2.4296)
(-2.5078, -2.4817, -2.4645)
(-2.2993, -2.7144, -2.7999)
(-1.9255, -2.8266, -2.5587)
(-1.6696, -2.957, -2.9176)
(-1.275, -3.0049, -2.6869)
(-1.0009, -3.0525, -3.055)
(-0.6036, -3.0557, -2.8252)
(-0.3253, -3.0622, -3.1957)
(0.064, -3.0483, -2.9617)
(0.3426, -3.054, -3.3337)
(0.6918, -3.0439, -3.0891)
(0.9008, -3.0723, -3.449)
(1.1731, -3.0672, -3.1885)
(-2.9886, -2.399, -3.3121)
(-3.1251, -2.0841, -3.0105)
(-2.657, -2.5737, -3.0495)
(-2.4388, -2.7896, -3.3891)
(-2.0586, -2.8862, -3.151)
(-1.7973, -2.9973, -3.5127)
(-1.4, -3.0336, -3.2835)
(-1.1246, -3.0677, -3.6525)
(-0.7237, -3.0691, -3.4247)
(-0.4462, -3.0675, -3.7948)
(-0.0463, -3.0608, -3.5665)
(0.2273, -3.059, -3.9358)
(0.5913, -3.0647, -3.6991)
(0.7897, -3.0786, -4.054)
(1.076, -3.1006, -3.801)
(-3.1391, -2.4963, -3.8959)
(-3.2793, -2.187, -3.5927)
(-2.8027, -2.6625, -3.6356)
(-2.576, -2.8612, -3.9791)
(-2.1904, -2.9416, -3.7439)
(-1.9246, -3.0323, -4.1081)
(-1.5251, -3.0562, -3.8801)
(-1.2491, -3.0748, -4.2497)
(-0.8475, -3.0727, -4.0224)
(-0.5704, -3.0609, -4.3923)
(-0.1687, -3.0577, -4.1648)
(0.1038, -3.0473, -4.5336)
(0.4717, -3.0593, -4.2992)
(0.6675, -3.064, -4.6531)
(0.9577, -3.0903, -4.4026)
(-3.2796, -2.5867, -4.4501)
(-3.4293, -2.2871, -4.1721)
(-2.9449, -2.7477, -4.2185)
(-2.7041, -2.925, -4.537)
(-2.32, -2.9916, -4.3333)
(-2.0444, -3.0591, -4.6707)
(-1.6496, -3.0715, -4.4727)
(-1.3673, -3.0738, -4.8137)
(-0.9714, -3.0667, -4.6155)
(-0.6887, -3.0457, -4.9562)
(-0.2926, -3.0427, -4.7578)
(-0.0144, -3.028, -5.0976)
(0.3483, -3.0423, -4.8929)
(0.5493, -3.0493, -5.2208)
(0.8352, -3.0762, -5.003)
(-3.3886, -2.6566, -4.8835)
(-3.5561, -2.3717, -4.6675)
(-3.0634, -2.8176, -4.7104)
(-2.8014, -2.9711, -4.9645)
(-2.4282, -3.029, -4.8283)
(-2.1361, -3.0749, -5.1012)
(-1.7544, -3.0783, -4.9701)
(-1.4581, -3.0679, -5.2448)
(-1.076, -3.0551, -5.113)
(-0.7796, -3.0297, -5.3871)
(-0.3972, -3.024, -5.2552)
(-0.1052, -3.0094, -5.5285)
(0.2433, -3.0241, -5.3897)
(0.4477, -3.0337, -5.6328)
(0.7199, -3.0658, -5.4855)
(1.5493, -1.0377, 4.3418)
(1.8709, -1.0829, 4.3129)
(1.87, -1.3287, 4.2741)
(2.2245, -1.4457, 4.2432)
(2.2528, -1.8458, 4.1929)
(2.6203, -2.0106, 4.163)
(2.6547, -2.4057, 4.1101)
(3.0232, -2.5708, 4.0873)
(3.0584, -2.9654, 4.0253)
(3.427, -3.13, 3.9968)
(3.4622, -3.5211, 3.9185)
(3.8317, -3.6823, 3.8748)
(3.8661, -4.0692, 3.7827)
(4.2343, -4.2295, 3.7253)
(4.2643, -4.6191, 3.6418)
(4.6302, -4.7843, 3.5768)
(4.9765, -4.8849, 3.4414)
(5.2667, -4.9645, 3.2777)
(5.2852, -5.1909, 3.3715)
(4.9942, -5.1425, 3.4759)
(3.5214, -4.681, 1.8825)
(3.4697, -4.8047, 2.1076)
(3.7077, -5.0058, 2.1169)
(3.7901, -4.9055, 1.9017)
(3.9291, -4.739, 1.6532)
(4.058, -5.1441, 1.8746)
(4.2415, -4.9747, 1.6795)
(4.4381, -4.7003, 1.6869)
(4.5443, -5.1721, 1.7607)
(4.7531, -4.8976, 1.8519)
(4.8976, -4.5959, 2.0492)
(5.0529, -5.0669, 2.0329)
(5.1749, -4.8009, 2.263)
(5.1972, -4.5494, 2.5548)
(5.4228, -4.9852, 2.493)
(5.3854, -4.7981, 2.7965)
(5.2069, -4.6592, 3.1032)
(5.4951, -5.0555, 3.027)
(2.3322, -0.3814, 3.9843)
(2.5764, -0.4492, 3.7332)
(2.5642, -0.8302, 3.8915)
(2.2909, -0.7324, 4.1035)
(2.883, -0.9714, 3.6257)
(2.8963, -1.3836, 3.7807)
(2.5509, -1.2251, 4.0073)
(3.2616, -1.535, 3.5369)
(3.2927, -1.9378, 3.7086)
(2.9261, -1.7889, 3.9163)
(3.6226, -2.0993, 3.4434)
(3.6549, -2.506, 3.5897)
(3.3184, -2.3489, 3.8315)
(3.9349, -2.6756, 3.2733)
(3.9893, -3.0767, 3.4228)
(3.6791, -2.9195, 3.7002)
(4.2908, -3.229, 3.11)
(4.3978, -3.6108, 3.3017)
(4.0654, -3.4694, 3.5669)
(4.691, -3.7707, 2.9892)
(4.8202, -4.1433, 3.1961)
(4.4966, -3.9955, 3.4601)
(5.0757, -4.3234, 2.8812)
(4.9182, -4.5262, 3.3592)
(2.4998, -0.0287, 3.5466)
(2.7403, -0.181, 3.2322)
(2.8452, -0.5748, 3.4482)
(3.1481, -0.7683, 3.1448)
(3.2232, -1.1416, 3.349)
(3.4934, -1.3534, 3.0517)
(3.5682, -1.7166, 3.2552)
(3.7165, -1.9619, 2.9067)
(3.8343, -2.3073, 3.1018)
(3.9831, -2.5365, 2.7275)
(4.1657, -2.8612, 2.9172)
(4.3225, -3.0964, 2.5728)
(4.5296, -3.4185, 2.772)
(4.6472, -3.6807, 2.4336)
(4.8841, -3.9904, 2.648)
(4.95, -4.2784, 2.3211)
(1.8357, 1.2208, 2.7686)
(2.0774, 0.9825, 2.565)
(2.2398, 0.7043, 2.8313)
(1.9945, 0.9373, 2.9775)
(2.4933, 0.4663, 2.6167)
(2.6176, 0.1763, 2.9435)
(2.361, 0.4299, 3.1684)
(2.8775, -0.1024, 2.6202)
(3.0195, -0.4262, 2.8966)
(3.2529, -0.7017, 2.5613)
(3.3896, -1.0152, 2.8244)
(3.4685, -1.3239, 2.4905)
(3.5832, -1.6347, 2.7128)
(3.5934, -1.9424, 2.3583)
(3.7852, -2.2336, 2.5337)
(3.7805, -2.5482, 2.2217)
(4.0564, -2.8172, 2.3911)
(4.0002, -3.1715, 2.1248)
(4.3424, -3.4163, 2.269)
(4.2963, -3.7585, 1.9768)
(4.6523, -4.0029, 2.1213)
(4.5805, -4.355, 1.8591)
(1.9227, 1.2828, 2.2913)
(2.1798, 1.0466, 2.0002)
(2.3423, 0.7515, 2.308)
(2.5749, 0.4901, 2.0099)
(2.729, 0.1975, 2.3205)
(2.9172, -0.1051, 1.9954)
(3.0866, -0.4004, 2.2837)
(3.2202, -0.721, 1.9587)
(3.3756, -1.0155, 2.2309)
(3.3789, -1.3666, 1.9194)
(3.4626, -1.6631, 2.1609)
(3.359, -2.0167, 1.8829)
(3.5241, -2.2814, 2.0715)
(3.3497, -2.6643, 1.8731)
(3.656, -2.9214, 2.0057)
(3.5328, -3.2769, 1.7729)
(3.9165, -3.5198, 1.8634)
(3.8379, -3.852, 1.5981)
(4.2244, -4.1002, 1.7077)
(4.0948, -4.4544, 1.5665)
(2.0215, 1.3546, 1.6968)
(2.2398, 1.0874, 1.3971)
(2.413, 0.7891, 1.702)
(2.5827, 0.4895, 1.3991)
(2.7498, 0.19, 1.6994)
(2.8634, -0.1388, 1.391)
(3.041, -0.4314, 1.6777)
(3.0847, -0.7857, 1.378)
(3.2444, -1.0732, 1.6585)
(3.129, -1.4443, 1.4072)
(3.2456, -1.7327, 1.6605)
(3.0287, -2.0997, 1.4308)
(3.1623, -2.3891, 1.6555)
(2.9385, -2.7566, 1.4704)
(3.1815, -3.0312, 1.6675)
(3.0656, -3.3609, 1.4278)
(3.4468, -3.6041, 1.5048)
(3.356, -3.9357, 1.377)
(3.7189, -4.1974, 1.4708)
(3.5964, -4.4876, 1.5982)
(2.0503, 1.3779, 1.0939)
(2.2047, 1.0661, 0.7933)
(2.4052, 0.7844, 1.0956)
(2.5178, 0.4502, 0.7973)
(2.6908, 0.1569, 1.0976)
(2.7425, -0.199, 0.8032)
(2.9092, -0.4948, 1.0939)
(2.8939, -0.8683, 0.814)
(3.0292, -1.1591, 1.1103)
(2.8856, -1.5326, 0.8741)
(2.9287, -1.8135, 1.1858)
(2.6748, -2.1526, 0.9941)
(2.7654, -2.4497, 1.2483)
(2.4763, -2.779, 1.0946)
(2.718, -3.1089, 1.3033)
(2.62, -3.4421, 1.1659)
(3.0112, -3.676, 1.2918)
(2.984, -3.9554, 1.3981)
(3.2873, -4.2194, 1.5102)
(3.2541, -4.4316, 1.8222)
(1.9735, 1.3292, 0.4956)
(2.0817, 0.9872, 0.2053)
(2.3187, 0.729, 0.498)
(2.4041, 0.3761, 0.2083)
(2.5909, 0.0978, 0.5043)
(2.6211, -0.269, 0.2198)
(2.7448, -0.5699, 0.5199)
(2.7301, -0.9409, 0.2438)
(2.8239, -1.2418, 0.5534)
(2.6851, -1.5921, 0.3171)
(2.6798, -1.8788, 0.662)
(2.4218, -2.1735, 0.4711)
(2.3946, -2.4461, 0.8177)
(2.1322, -2.6553, 0.6247)
(2.1968, -3.0031, 0.9171)
(1.8228, 1.2314, -0.0829)
(1.9354, 0.8935, -0.3694)
(2.1658, 0.632, -0.0786)
(2.2674, 0.2886, -0.3644)
(2.4671, 0.0146, -0.0757)
(2.5466, -0.3346, -0.3636)
(2.6505, -0.6345, -0.0624)
(2.6418, -0.9824, -0.34)
(2.6672, -1.2912, -0.0172)
(2.4998, -1.6002, -0.2456)
(2.4697, -1.8939, 0.1089)
(2.2075, -2.1475, -0.081)
(2.1529, -2.4064, 0.2816)
(1.9066, -2.5832, 0.0765)
(1.8807, -2.7943, 0.4225)
(1.7373, 1.1748, -0.6686)
(1.9411, 0.8931, -0.9645)
(2.0915, 0.582, -0.6615)
(2.2838, 0.2938, -0.9586)
(2.4108, -0.0272, -0.6593)
(2.505, -0.3442, -0.9563)
(2.5891, -0.6688, -0.6525)
(2.4959, -0.9915, -0.9174)
(2.5115, -1.3014, -0.5892)
(2.2904, -1.5782, -0.8022)
(2.2593, -1.8662, -0.4455)
(1.9924, -2.1071, -0.6351)
(1.9463, -2.3624, -0.2752)
(1.7127, -2.5469, -0.4903)
(1.6806, -2.7387, -0.1444)
(1.8113, 1.2195, -1.2618)
(2.0499, 0.96, -1.5544)
(2.1626, 0.6235, -1.2576)
(2.3231, 0.3312, -1.5555)
(2.4162, -0.0081, -1.2568)
(2.4016, -0.334, -1.5427)
(2.4545, -0.6693, -1.234)
(2.2703, -0.9705, -1.473)
(2.2916, -1.2807, -1.1445)
(2.034, -1.5422, -1.3446)
(2.0269, -1.8291, -0.9949)
(1.7628, -2.0815, -1.1906)
(1.7381, -2.3316, -0.8368)
(1.5355, -2.5493, -1.0697)
(1.5165, -2.7333, -0.7287)
(1.918, 1.2851, -1.8536)
(2.1129, 1.0031, -2.1538)
(2.2258, 0.6718, -1.8529)
(2.2787, 0.3499, -2.1491)
(2.3443, 0.0071, -1.8478)
(2.2077, -0.3184, -2.1089)
(2.2391, -0.65, -1.7935)
(1.9912, -0.9402, -2.0104)
(2.0145, -1.2449, -1.6804)
(1.7627, -1.5239, -1.8878)
(1.7754, -1.8085, -1.5444)
(1.5607, -2.1029, -1.7637)
(1.5454, -2.3436, -1.4123)
(1.4081, -2.6076, -1.6698)
(1.3965, -2.7814, -1.3318)
(1.9639, 1.3127, -2.4575)
(2.1105, 1.0134, -2.7577)
(2.2077, 0.6884, -2.4513)
(2.1476, 0.3557, -2.7299)
(2.1737, 0.0198, -2.4195)
(1.9628, -0.3002, -2.6606)
(1.9732, -0.6256, -2.3372)
(1.7441, -0.9352, -2.5635)
(1.7453, -1.2336, -2.226)
(1.5717, -1.5576, -2.4623)
(1.566, -1.835, -2.1155)
(1.4596, -2.1797, -2.3625)
(1.4306, -2.4141, -2.0122)
(1.3523, -2.7071, -2.2867)
(1.3189, -2.8712, -1.9493)
(1.9578, 1.3069, -3.0633)
(2.0554, 0.9977, -3.3592)
(2.1209, 0.6808, -3.0444)
(1.9979, 0.3423, -3.3111)
(1.9674, 0.0256, -2.9847)
(1.787, -0.3098, -3.2351)
(1.7575, -0.6252, -2.9)
(1.6364, -0.9743, -3.1527)
(1.5985, -1.2732, -2.8087)
(1.5558, -1.6376, -3.0641)
(1.5007, -1.9152, -2.7141)
(1.4731, -2.2859, -2.9744)
(1.4061, -2.5208, -2.6277)
(1.3197, -2.8106, -2.9084)
(1.2574, -2.9715, -2.5735)
(1.9152, 1.2778, -3.6686)
(1.9933, 0.9661, -3.9622)
(2.0262, 0.6537, -3.6393)
(1.924, 0.3053, -3.9079)
(1.8445, 0.0008, -3.5711)
(1.7554, -0.3577, -3.8334)
(1.6881, -0.6661, -3.4934)
(1.6781, -1.0384, -3.7519)
(1.6133, -1.3436, -3.4097)
(1.6303, -1.7196, -3.6661)
(1.5519, -2.0125, -3.3217)
(1.491, -2.3723, -3.5859)
(1.3971, -2.6197, -3.2452)
(1.2616, -2.882, -3.5258)
(1.1868, -3.0537, -3.1961)
(1.8572, 1.2414, -4.2738)
(1.9392, 0.9236, -4.5654)
(1.974, 0.6143, -4.2403)
(1.9222, 0.255, -4.5087)
(1.8371, -0.0513, -4.172)
(1.8229, -0.4212, -4.4315)
(1.7473, -0.73, -4.0924)
(1.781, -1.1063, -4.3476)
(1.7062, -1.4148, -4.0075)
(1.694, -1.7838, -4.2674)
(1.5962, -2.0855, -3.9273)
(1.4671, -2.4176, -4.194)
(1.3523, -2.6749, -3.8575)
(1.1712, -2.9, -4.1326)
(1.0895, -3.0866, -3.8067)
(1.7872, 1.1963, -4.8764)
(1.8843, 0.8674, -5.166)
(1.9572, 0.5654, -4.8415)
(1.9614, 0.1991, -5.1071)
(1.9031, -0.112, -4.7693)
(1.9269, -0.4848, -5.0259)
(1.855, -0.7963, -4.687)
(1.8665, -1.1676, -4.9456)
(1.7841, -1.477, -4.6065)
(1.7029, -1.8295, -4.8718)
(1.59, -2.1291, -4.533)
(1.4001, -2.4354, -4.7991)
(1.2732, -2.6893, -4.463)
(1.0624, -2.8933, -4.7338)
(0.9709, -3.0756, -4.4064)
(1.6966, 1.1343, -5.4699)
(1.8107, 0.8013, -5.7314)
(1.9381, 0.5082, -5.4373)
(1.9843, 0.1459, -5.6733)
(1.9777, -0.1708, -5.3622)
(2.0008, -0.5379, -5.5914)
(1.9413, -0.855, -5.2805)
(1.8962, -1.2132, -5.515)
(1.8038, -1.5241, -5.206)
(1.661, -1.8563, -5.4433)
(1.535, -2.1523, -5.1339)
(1.314, -2.4421, -5.3686)
(1.174, -2.6894, -5.0613)
(0.9563, -2.8886, -5.3042)
(0.8497, -3.0629, -5.0067)
(1.6013, 1.0691, -5.9714)
(1.7466, 0.7433, -6.1692)
(1.9132, 0.4563, -5.9377)
(2.0164, 0.1084, -6.1044)
(2.0359, -0.2144, -5.8603)
(2.0548, -0.5722, -6.0234)
(1.9807, -0.8961, -5.7821)
(1.8884, -1.2401, -5.9514)
(1.7773, -1.5513, -5.7101)
(1.607, -1.8699, -5.8793)
(1.4659, -2.1637, -5.6368)
(1.2418, -2.4468, -5.8032)
(1.0867, -2.6895, -5.5617)
(0.8901, -2.8795, -5.7233)
(0.7667, -3.0507, -5.4957)
(2.1043, -0.6637, 4.2355)
(2.2445, -1.0749, 4.1792)
(2.0348, -0.9739, 4.2865)
(2.5806, -1.6192, 4.0895)
(2.2424, -1.4371, 4.2377)
(2.9769, -2.1823, 4.0108)
(2.6404, -2.0046, 4.1593)
(3.3678, -2.7463, 3.9201)
(3.0455, -2.5677, 4.0884)
(3.7503, -3.3083, 3.7975)
(3.4486, -3.1282, 4.0029)
(4.1657, -3.8459, 3.6749)
(3.8526, -3.6803, 3.8817)
(4.5846, -4.381, 3.55)
(4.2551, -4.2256, 3.7296)
(4.6488, -4.7761, 3.5765)
(-1.9046, 2.5079, -0.4292)
(-2.4872, 2.0164, -4.7035)
(-0.2787, 2.3238, 4.2842)
(-2.2039, 2.307, -2.2567)
(-0.6552, 2.9034, 4.1977)
(-1.0177, 3.4927, 4.125)
(-1.866, 2.6876, 0.1446)
(-1.3805, 4.0818, 4.0508)
(-1.7394, 4.6689, 3.9487)
(-2.0872, 5.2538, 3.8072)
(-2.4369, 5.8328, 3.6473)
(-2.4572, 2.1372, -4.1058)
(-2.8025, 6.4087, 3.5059)
(-2.0839, 2.3242, -1.6335)
(-1.978, 2.3805, -1.021)
(-2.3463, 4.0419, 1.195)
(-1.8598, 2.9203, 0.7022)
(-2.0138, 3.4309, 1.1292)
(-2.6805, 4.5036, 1.5894)
(-3.0149, 4.9138, 2.038)
(-2.5292, 1.9034, -5.3066)
(-2.4129, 2.2414, -3.502)
(-2.3184, 2.289, -2.8826)
(-3.3049, 6.324, 3.4874)
(-2.972, 6.2442, 3.5432)
(-2.9629, 6.4951, 3.5174)
(-3.2771, 6.5574, 3.5196)
(-3.1032, 5.0648, 2.0724)
(-3.0169, 5.013, 1.838)
(-3.1689, 5.3091, 1.8297)
(-3.1893, 5.359, 2.0371)
(-3.2713, 5.1725, 1.659)
(-3.5108, 5.4623, 1.685)
(-3.3623, 5.5948, 1.7568)
(-3.5952, 5.29, 1.892)
(-3.7465, 5.6063, 2.0923)
(-3.6846, 5.7511, 1.7888)
(-3.6867, 5.465, 2.4471)
(-3.7903, 5.7968, 2.6594)
(-3.8831, 5.8992, 2.3131)
(-3.6196, 5.6921, 3.0003)
(-3.6474, 6.0455, 3.1783)
(-3.8653, 6.1067, 2.8758)
(-3.3448, 5.978, 3.4119)
(-3.6216, 6.3782, 3.3307)
(-0.9552, 1.5274, 4.0934)
(-0.6414, 1.504, 4.2317)
(-0.5708, 1.8797, 4.2783)
(-0.8923, 1.9497, 4.1688)
(-1.2841, 2.0538, 4.0404)
(-0.8437, 2.3722, 4.2049)
(-1.2408, 2.511, 4.1055)
(-1.6608, 2.6426, 3.9909)
(-1.2041, 2.9552, 4.1253)
(-1.6074, 3.0995, 4.0366)
(-2.0234, 3.2318, 3.9189)
(-1.5656, 3.5433, 4.0425)
(-1.968, 3.6878, 3.9505)
(-2.3712, 3.8202, 3.8018)
(-1.9243, 4.1308, 3.9457)
(-2.3196, 4.2737, 3.8289)
(-2.7041, 4.4052, 3.6416)
(-2.2755, 4.7157, 3.8189)
(-2.6621, 4.856, 3.677)
(-3.0311, 4.9875, 3.4651)
(-2.6237, 5.2967, 3.675)
(-3.0065, 5.4354, 3.5264)
(-3.3593, 5.566, 3.3037)
(-2.9811, 5.869, 3.5558)
(-1.326, 1.1276, 3.8382)
(-0.9706, 1.0433, 4.0207)
(-1.3167, 1.6001, 3.9455)
(-1.7198, 1.7391, 3.7769)
(-1.7019, 2.1871, 3.9036)
(-2.0935, 2.3379, 3.7253)
(-2.0691, 2.7787, 3.8445)
(-2.4089, 2.9382, 3.6126)
(-2.406, 3.3714, 3.7291)
(-2.6874, 3.541, 3.4417)
(-2.7216, 3.9617, 3.5611)
(-2.9685, 4.1295, 3.2324)
(-3.0255, 4.5477, 3.3628)
(-3.2629, 4.7118, 3.015)
(-3.3308, 5.1349, 3.1694)
(-3.5444, 5.3031, 2.8157)
(-1.1045, -0.3276, 3.4572)
(-0.9197, -0.208, 3.8225)
(-1.1538, 0.0353, 3.6685)
(-1.417, 0.2637, 3.4569)
(-1.0966, 0.4282, 3.8912)
(-1.3676, 0.6656, 3.6768)
(-1.7294, 0.8798, 3.4197)
(-1.7242, 1.3018, 3.6135)
(-2.0896, 1.4956, 3.3688)
(-2.0998, 1.9096, 3.5648)
(-2.3557, 2.1156, 3.271)
(-2.3854, 2.5225, 3.4526)
(-2.5136, 2.7524, 3.0976)
(-2.606, 3.1438, 3.2806)
(-2.6496, 3.3925, 2.9044)
(-2.8222, 3.7546, 3.0807)
(-2.9072, 3.9677, 2.685)
(-3.1299, 4.3158, 2.8509)
(-3.2516, 4.513, 2.4553)
(-3.4272, 4.8984, 2.6356)
(-3.5442, 5.0977, 2.2497)
(-1.3549, -0.4882, 2.955)
(-1.4059, -0.1158, 3.2177)
(-1.7164, 0.0972, 2.943)
(-1.7315, 0.4811, 3.1922)
(-2.0478, 0.7026, 2.9067)
(-2.0696, 1.0941, 3.1457)
(-2.3205, 1.3299, 2.8407)
(-2.3337, 1.7194, 3.0689)
(-2.3936, 1.976, 2.7122)
(-2.4224, 2.3629, 2.912)
(-2.3672, 2.6306, 2.5397)
(-2.4973, 3.0149, 2.7236)
(-2.4449, 3.2804, 2.3485)
(-2.6558, 3.6376, 2.519)
(-2.7146, 3.85, 2.1218)
(-3.0079, 4.1656, 2.2827)
(-3.0777, 4.3847, 1.895)
(-3.3407, 4.7271, 2.0666)
(-3.3683, 4.9568, 1.7438)
(-1.5972, -0.6459, 2.4105)
(-1.6687, -0.2782, 2.6817)
(-1.9727, -0.0592, 2.402)
(-2.0175, 0.3192, 2.6575)
(-2.2892, 0.5551, 2.3614)
(-2.3052, 0.9418, 2.6029)
(-2.4755, 1.2073, 2.2703)
(-2.4327, 1.5928, 2.4954)
(-2.4247, 1.8617, 2.1287)
(-2.3346, 2.2415, 2.3387)
(-2.2649, 2.5114, 1.97)
(-2.2927, 2.8992, 2.169)
(-2.2484, 3.1658, 1.7919)
(-2.4392, 3.5241, 1.9633)
(-2.4716, 3.7598, 1.5961)
(-2.7781, 4.0667, 1.7372)
(-2.7932, 4.3198, 1.4668)
(-3.0786, 4.6353, 1.5961)
(-3.0159, 4.8697, 1.5853)
(-1.8259, -0.7944, 1.8623)
(-1.907, -0.4291, 2.1357)
(-2.2109, -0.2045, 1.8562)
(-2.2648, 0.1703, 2.1159)
(-2.5203, 0.4209, 1.8118)
(-2.5097, 0.8141, 2.0446)
(-2.6541, 1.092, 1.703)
(-2.5582, 1.4844, 1.9172)
(-2.5503, 1.7555, 1.5536)
(-2.3836, 2.1328, 1.7612)
(-2.3181, 2.3931, 1.3986)
(-2.2172, 2.7844, 1.6005)
(-2.1208, 3.0352, 1.2359)
(-2.2114, 3.4384, 1.4261)
(-2.1875, 3.7293, 1.161)
(-2.4983, 4.0219, 1.3565)
(-2.5215, 4.2684, 1.3881)
(-2.7921, 4.5534, 1.5)
(-2.8555, 4.7067, 1.807)
(-2.0257, -0.9266, 1.302)
(-2.1266, -0.569, 1.5829)
(-2.4086, -0.3326, 1.2931)
(-2.4881, 0.0363, 1.5622)
(-2.7047, 0.3019, 1.2424)
(-2.7059, 0.6938, 1.481)
(-2.7735, 0.9726, 1.1243)
(-2.6842, 1.3679, 1.341)
(-2.5846, 1.6108, 0.9785)
(-2.4488, 1.9997, 1.192)
(-2.2818, 2.2069, 0.8447)
(-2.1785, 2.6043, 1.0509)
(-2.009, 2.7266, 0.7335)
(-1.9448, 3.1677, 0.9169)
(-2.1918, -1.041, 0.7269)
(-2.3006, -0.6887, 1.0113)
(-2.5503, -0.4412, 0.709)
(-2.6429, -0.0764, 0.9827)
(-2.8064, 0.198, 0.6495)
(-2.8174, 0.5806, 0.8964)
(-2.7962, 0.8446, 0.5369)
(-2.6986, 1.225, 0.7609)
(-2.5551, 1.4447, 0.407)
(-2.417, 1.8198, 0.6285)
(-2.26, 2.0147, 0.2866)
(-2.1178, 2.3726, 0.5122)
(-1.9938, 2.4937, 0.1866)
(-1.8715, 2.7976, 0.4256)
(-2.3671, -1.1613, 0.1538)
(-2.4569, -0.8021, 0.432)
(-2.6957, -0.5531, 0.126)
(-2.7572, -0.1805, 0.391)
(-2.8919, 0.0948, 0.0541)
(-2.8709, 0.4725, 0.3002)
(-2.8385, 0.7311, -0.0562)
(-2.699, 1.0848, 0.1786)
(-2.5941, 1.3092, -0.1737)
(-2.4219, 1.654, 0.0593)
(-2.3044, 1.8603, -0.2869)
(-2.1356, 2.1872, -0.0513)
(-2.0368, 2.323, -0.3858)
(-1.8937, 2.5931, -0.1394)
(-2.5489, -1.2842, -0.4177)
(-2.6264, -0.9212, -0.1433)
(-2.8467, -0.6642, -0.4555)
(-2.8803, -0.2866, -0.1975)
(-2.989, -0.0063, -0.5396)
(-2.9381, 0.3699, -0.2965)
(-2.9106, 0.6306, -0.6519)
(-2.7631, 0.9732, -0.4115)
(-2.6738, 1.2051, -0.7648)
(-2.4895, 1.5287, -0.5237)
(-2.3846, 1.7486, -0.8758)
(-2.2004, 2.0473, -0.6318)
(-2.1127, 2.2028, -0.9756)
(-1.9501, 2.4408, -0.7211)
(-2.7254, -1.4031, -0.9916)
(-2.7946, -1.0373, -0.7198)
(-2.9916, -0.7715, -1.0391)
(-3.0046, -0.3895, -0.7862)
(-3.0876, -0.1049, -1.1339)
(-3.0192, 0.2719, -0.8933)
(-2.9868, 0.5375, -1.2519)
(-2.8423, 0.8787, -1.0087)
(-2.7536, 1.1209, -1.3674)
(-2.5743, 1.4366, -1.1205)
(-2.4705, 1.6733, -1.4813)
(-2.2868, 1.955, -1.2302)
(-2.2088, 2.1369, -1.5847)
(-2.0398, 2.3495, -1.3224)
(-2.8938, -1.517, -1.5687)
(-2.9548, -1.1489, -1.2991)
(-3.1292, -0.8759, -1.6248)
(-3.1234, -0.4905, -1.3764)
(-3.1839, -0.2034, -1.7288)
(-3.101, 0.1762, -1.4918)
(-3.0599, 0.4468, -1.8548)
(-2.916, 0.7938, -1.6136)
(-2.8239, 1.0467, -1.9786)
(-2.6526, 1.3664, -1.7306)
(-2.5495, 1.6187, -2.0992)
(-2.3771, 1.9003, -1.8449)
(-2.3106, 2.103, -2.2064)
(-2.1526, 2.3124, -1.9405)
(-3.0553, -1.6267, -2.1482)
(-3.1074, -1.2565, -1.881)
(-3.2609, -0.9782, -2.212)
(-3.2373, -0.5907, -1.9676)
(-3.2773, -0.3034, -2.3236)
(-3.1813, 0.0789, -2.0904)
(-3.1295, 0.3518, -2.4569)
(-2.983, 0.7099, -2.2215)
(-2.8862, 0.9692, -2.5908)
(-2.7207, 1.3032, -2.3478)
(-2.6191, 1.5641, -2.7203)
(-2.462, 1.8596, -2.4681)
(-2.4057, 2.0706, -2.8311)
(-2.2699, 2.2945, -2.5655)
(-3.2112, -1.7332, -2.7296)
(-3.254, -1.3611, -2.4648)
(-3.3875, -1.079, -2.8005)
(-3.3468, -0.6908, -2.5594)
(-3.367, -0.4047, -2.9185)
(-3.2588, -0.0223, -2.6878)
(-3.1957, 0.2488, -3.0559)
(-3.0454, 0.6164, -2.8261)
(-2.9435, 0.8756, -3.1964)
(-2.781, 1.2294, -2.9623)
(-2.6794, 1.4892, -3.3341)
(-2.5363, 1.8076, -3.0894)
(-2.4835, 2.0122, -3.4492)
(-2.3745, 2.2615, -3.1885)
(-3.3625, -1.8368, -3.3124)
(-3.3957, -1.4633, -3.05)
(-3.5097, -1.1788, -3.3899)
(-3.4519, -0.7908, -3.1519)
(-3.4522, -0.5071, -3.5137)
(-3.3322, -0.1266, -3.2845)
(-3.2563, 0.1403, -3.6535)
(-3.1031, 0.5106, -3.4256)
(-2.9943, 0.7662, -3.7957)
(-2.8347, 1.1328, -3.5671)
(-2.7286, 1.3851, -3.9363)
(-2.5948, 1.7235, -3.6995)
(-2.533, 1.9129, -4.0543)
(-2.4441, 2.1857, -3.801)
(-3.5099, -1.9383, -3.8963)
(-3.533, -1.5636, -3.6362)
(-3.6276, -1.2778, -3.98)
(-3.5527, -0.8911, -3.745)
(-3.5323, -0.6111, -4.1093)
(-3.4001, -0.2335, -3.8813)
(-3.3097, 0.0281, -4.2508)
(-3.1533, 0.3978, -4.0233)
(-3.0355, 0.6491, -4.3932)
(-2.8788, 1.0188, -4.1655)
(-2.7656, 1.2671, -4.5343)
(-2.6364, 1.6116, -4.2996)
(-2.5678, 1.7952, -4.6534)
(-2.4815, 2.0735, -4.4027)
(-3.647, -2.0331, -4.4505)
(-3.6658, -1.662, -4.2193)
(-3.735, -1.3714, -4.5382)
(-3.6477, -0.9916, -4.3345)
(-3.6022, -0.7116, -4.672)
(-3.4611, -0.3427, -4.474)
(-3.3533, -0.0815, -4.8148)
(-3.1946, 0.2811, -4.6165)
(-3.0666, 0.5343, -4.9571)
(-2.9125, 0.899, -4.7586)
(-2.7936, 1.1511, -5.0983)
(-2.669, 1.4919, -4.8934)
(-2.6009, 1.6812, -5.2212)
(-2.5171, 1.9557, -5.0032)
(-3.7531, -2.1068, -4.884)
(-3.7752, -1.7444, -4.7114)
(-3.8143, -1.4435, -4.9657)
(-3.723, -1.0771, -4.8296)
(-3.6512, -0.7902, -5.1026)
(-3.5068, -0.4369, -4.9714)
(-3.3823, -0.1676, -5.246)
(-3.2236, 0.1801, -5.1141)
(-3.0867, 0.4444, -5.3881)
(-2.9356, 0.7956, -5.256)
(-2.8122, 1.0606, -5.5293)
(-2.6937, 1.3886, -5.3903)
(-2.6273, 1.5822, -5.6333)
(-2.5539, 1.8462, -5.4856)
(-0.359, 1.8265, 4.3425)
(-0.2764, 2.1407, 4.3135)
(-0.5034, 2.2347, 4.2746)
(-0.4745, 2.6069, 4.2436)
(-0.8328, 2.7873, 4.1932)
(-0.8431, 3.1899, 4.163)
(-1.1945, 3.3739, 4.1102)
(-1.2048, 3.7776, 4.0872)
(-1.5553, 3.9621, 4.0255)
(-1.5649, 4.3658, 3.9966)
(-1.912, 4.5491, 3.9188)
(-1.9182, 4.9522, 3.8744)
(-2.262, 5.133, 3.7829)
(-2.2679, 5.5345, 3.7251)
(-2.6157, 5.7124, 3.6422)
(-2.6271, 6.1137, 3.5768)
(-2.5867, 6.4719, 3.4412)
(-2.5486, 6.7702, 3.2773)
(-2.7509, 6.8745, 3.3709)
(-2.8179, 6.5876, 3.4755)
(-2.9684, 5.053, 1.8795)
(-3.1008, 5.0537, 2.1058)
(-3.196, 5.3502, 2.1142)
(-3.0723, 5.3873, 1.8983)
(-2.863, 5.4509, 1.6512)
(-3.1863, 5.7272, 1.8718)
(-2.957, 5.8307, 1.6782)
(-2.6265, 5.9053, 1.6868)
(-3.0203, 6.1868, 1.7593)
(-2.686, 6.2722, 1.8515)
(-2.3516, 6.2882, 2.049)
(-2.726, 6.6139, 2.0327)
(-2.4334, 6.6231, 2.263)
(-2.1925, 6.5463, 2.5545)
(-2.5076, 6.9226, 2.4932)
(-2.3492, 6.8158, 2.7963)
(-2.2897, 6.5974, 3.1028)
(-2.5445, 7.0162, 3.0268)
(0.5499, 2.297, 3.9845)
(0.5805, 2.5468, 3.7318)
(0.2236, 2.6822, 3.89)
(0.2096, 2.3936, 4.1034)
(0.2166, 3.0307, 3.6242)
(-0.1583, 3.2028, 3.7805)
(-0.1455, 2.8228, 4.0067)
(-0.1562, 3.599, 3.5383)
(-0.5159, 3.7831, 3.7103)
(-0.5205, 3.3868, 3.9167)
(-0.5374, 4.1499, 3.4457)
(-0.9008, 4.336, 3.591)
(-0.8857, 3.9648, 3.8325)
(-0.9493, 4.6597, 3.2746)
(-1.2989, 4.8639, 3.4227)
(-1.2739, 4.5168, 3.6999)
(-1.3232, 5.2008, 3.11)
(-1.6341, 5.4467, 3.3013)
(-1.6321, 5.0851, 3.5662)
(-1.6688, 5.7789, 2.9887)
(-1.9626, 6.0418, 3.1955)
(-1.9509, 5.6861, 3.4596)
(-2.0305, 6.347, 2.8807)
(-2.2782, 6.2798, 3.3588)
(0.9407, 2.3156, 3.5475)
(0.8966, 2.5982, 3.2332)
(0.5694, 2.8434, 3.4465)
(0.5124, 3.2006, 3.1458)
(0.1923, 3.4114, 3.3495)
(0.1015, 3.7424, 3.0531)
(-0.2054, 3.9517, 3.2573)
(-0.3751, 4.1822, 2.909)
(-0.6482, 4.4247, 3.104)
(-0.8044, 4.6486, 2.7285)
(-1.0329, 4.9429, 2.9176)
(-1.1906, 5.1774, 2.572)
(-1.4067, 5.4937, 2.7715)
(-1.6036, 5.7034, 2.433)
(-1.7974, 6.0417, 2.6475)
(-2.0381, 6.2138, 2.3208)
(1.7003, 1.5333, 2.5643)
(1.5096, 1.7899, 2.8316)
(1.6356, 1.4756, 2.9784)
(1.3853, 2.1174, 2.6165)
(1.1765, 2.3473, 2.9453)
(1.3098, 2.01, 3.1701)
(1.0348, 2.7077, 2.6271)
(0.7905, 2.959, 2.9021)
(0.6199, 3.2735, 2.5728)
(0.3768, 3.5172, 2.8274)
(0.1113, 3.6978, 2.4965)
(-0.1245, 3.9325, 2.7147)
(-0.407, 4.059, 2.36)
(-0.6018, 4.3486, 2.5356)
(-0.8958, 4.4647, 2.2217)
(-1.0366, 4.8235, 2.3903)
(-1.3851, 4.9092, 2.1236)
(-1.478, 5.3198, 2.268)
(-1.8119, 5.4099, 1.9764)
(-1.8994, 5.8327, 2.121)
(-2.2525, 5.9027, 1.8592)
(1.7894, 1.6083, 1.9985)
(1.5789, 1.8664, 2.3061)
(1.4356, 2.1947, 2.0097)
(1.2399, 2.4526, 2.3235)
(1.0456, 2.7586, 2.0043)
(0.8396, 3.0162, 2.2989)
(0.5563, 3.225, 1.9865)
(0.3385, 3.4683, 2.253)
(0.0059, 3.6004, 1.9409)
(-0.2074, 3.8213, 2.1662)
(-0.5705, 3.8715, 1.8823)
(-0.7486, 4.1259, 2.0708)
(-1.1706, 4.1141, 1.8713)
(-1.2885, 4.4946, 2.0047)
(-1.665, 4.5187, 1.7732)
(-1.7394, 4.9669, 1.8633)
(-2.0772, 5.0231, 1.5988)
(-2.1558, 5.4757, 1.7081)
(-2.5337, 5.4934, 1.5665)
(1.8575, 1.6631, 1.3968)
(1.6442, 1.9313, 1.7009)
(1.4531, 2.2227, 1.4002)
(1.2468, 2.4928, 1.7032)
(0.9965, 2.7359, 1.3983)
(0.7845, 2.9936, 1.6936)
(0.4624, 3.1588, 1.3979)
(0.2246, 3.3696, 1.6881)
(-0.145, 3.4331, 1.4221)
(-0.3639, 3.6506, 1.667)
(-0.78, 3.6061, 1.4295)
(-0.9915, 3.8389, 1.6525)
(-1.4183, 3.7744, 1.4687)
(-1.5759, 4.1007, 1.6675)
(-1.9254, 4.1212, 1.4285)
(-2.0008, 4.5665, 1.5057)
(-2.3422, 4.6119, 1.3768)
(-2.4428, 5.0475, 1.4706)
(-2.7602, 5.0471, 1.596)
(1.8305, 1.6492, 0.7929)
(1.6533, 1.9449, 1.0957)
(1.4027, 2.1925, 0.7973)
(1.2029, 2.4668, 1.1002)
(0.8985, 2.6578, 0.8079)
(0.6826, 2.9134, 1.1047)
(0.3259, 3.0346, 0.8259)
(0.0944, 3.249, 1.1264)
(-0.3042, 3.258, 0.8829)
(-0.5537, 3.4023, 1.1896)
(-0.9605, 3.2985, 0.9939)
(-1.2023, 3.4991, 1.2457)
(-1.6159, 3.357, 1.0921)
(-1.828, 3.7051, 1.3022)
(-2.1725, 3.7435, 1.1633)
(-2.2367, 4.1938, 1.2911)
(-2.5053, 4.2772, 1.3963)
(-2.6314, 4.6587, 1.5087)
(-2.8399, 4.7107, 1.8204)
(1.7121, 1.5721, 0.2041)
(1.5759, 1.8964, 0.4968)
(1.2939, 2.1224, 0.2065)
(1.114, 2.4056, 0.5047)
(0.7907, 2.5806, 0.2204)
(0.5563, 2.803, 0.5256)
(0.2019, 2.9212, 0.2502)
(-0.0503, 3.1038, 0.5633)
(-0.4301, 3.0975, 0.3243)
(-0.7012, 3.1959, 0.666)
(-1.0722, 3.0685, 0.4727)
(-1.3374, 3.1515, 0.8167)
(-1.6304, 2.9892, 0.6235)
(-1.9288, 3.1836, 0.9145)
(1.5684, 1.4768, -0.3709)
(1.4295, 1.799, -0.0813)
(1.1649, 2.0362, -0.3693)
(0.9931, 2.3288, -0.079)
(0.6999, 2.532, -0.3666)
(0.459, 2.74, -0.0609)
(0.123, 2.8396, -0.3337)
(-0.1555, 2.9751, -0.0089)
(-0.5099, 2.9251, -0.2383)
(-0.794, 3.0074, 0.1129)
(-1.1301, 2.8641, -0.0801)
(-1.3911, 2.912, 0.2814)
(-1.6484, 2.7534, 0.0755)
(-1.8544, 2.8104, 0.4212)
(1.5721, 1.4787, -0.966)
(1.3561, 1.7504, -0.6648)
(1.175, 2.0418, -0.9639)
(0.9349, 2.2901, -0.6651)
(0.6706, 2.4804, -0.9584)
(0.397, 2.6761, -0.6504)
(0.0572, 2.6918, -0.9096)
(-0.2263, 2.8212, -0.5794)
(-0.5676, 2.7194, -0.795)
(-0.8486, 2.8038, -0.4421)
(-1.1728, 2.6509, -0.6344)
(-1.4281, 2.7061, -0.2757)
(-1.6864, 2.5595, -0.4909)
(-1.8769, 2.6024, -0.1451)
(1.6772, 1.5427, -1.5564)
(1.4207, 1.7896, -1.261)
(1.215, 2.0462, -1.5603)
(0.945, 2.2701, -1.2616)
(0.6301, 2.3666, -1.5435)
(0.3409, 2.5378, -1.2305)
(-0.0116, 2.476, -1.4676)
(-0.2902, 2.6079, -1.1363)
(-0.6318, 2.4732, -1.3404)
(-0.901, 2.5757, -0.9922)
(-1.2351, 2.4292, -1.1901)
(-1.4768, 2.5014, -0.837)
(-1.7547, 2.3963, -1.0701)
(-1.9326, 2.4477, -0.7291)
(1.7408, 1.5759, -2.1559)
(1.4847, 1.8162, -1.8566)
(1.2093, 1.9883, -2.153)
(0.9207, 2.1842, -1.8513)
(0.5664, 2.1793, -2.1101)
(0.2724, 2.3311, -1.7918)
(-0.0912, 2.2138, -2.0095)
(-0.3639, 2.3463, -1.6772)
(-0.7184, 2.2205, -1.8867)
(-0.9772, 2.337, -1.5429)
(-1.3314, 2.2512, -1.7633)
(-1.5603, 2.3282, -1.4125)
(-1.8569, 2.3017, -1.6703)
(-2.0221, 2.3552, -1.3322)
(1.7516, 1.5675, -2.7596)
(1.4923, 1.7877, -2.4547)
(1.1653, 1.8626, -2.7327)
(0.8653, 2.0178, -2.4219)
(0.4895, 1.946, -2.6621)
(0.1928, 2.0798, -2.3378)
(-0.1808, 1.9868, -2.5646)
(-0.4564, 2.099, -2.2263)
(-0.8223, 2.0614, -2.4631)
(-1.0812, 2.1572, -2.1153)
(-1.4415, 2.1903, -2.3632)
(-1.6693, 2.2504, -2.0127)
(-1.9709, 2.2888, -2.2873)
(-2.1351, 2.3188, -1.9497)
(1.717, 1.5215, -3.3609)
(1.4537, 1.71, -3.0473)
(1.0957, 1.7305, -3.3139)
(0.792, 1.8247, -2.9867)
(0.4131, 1.7889, -3.237)
(0.1106, 1.882, -2.9015)
(-0.2587, 1.903, -3.1542)
(-0.5493, 1.9803, -2.8099)
(-0.9038, 2.077, -3.0654)
(-1.1812, 2.1302, -2.7151)
(-1.5362, 2.2423, -2.9754)
(-1.7786, 2.2686, -2.6285)
(-2.0805, 2.2983, -2.9089)
(-2.2524, 2.3016, -2.5738)
(1.6642, 1.4779, -3.9639)
(1.3925, 1.6338, -3.6421)
(1.0337, 1.6801, -3.9108)
(0.7221, 1.7235, -3.5735)
(0.3568, 1.7804, -3.8354)
(0.0459, 1.8344, -3.4952)
(-0.3033, 1.9647, -3.7537)
(-0.6102, 2.0197, -3.4113)
(-0.9535, 2.1739, -3.668)
(-1.2539, 2.212, -3.3232)
(-1.6112, 2.2897, -3.5872)
(-1.8751, 2.2971, -3.246)
(-2.1702, 2.2721, -3.5262)
(-2.3568, 2.2689, -3.1961)
(1.6028, 1.4496, -4.5672)
(1.3364, 1.6064, -4.2431)
(0.9865, 1.7027, -4.5115)
(0.6714, 1.7407, -4.1743)
(0.3229, 1.8674, -4.4337)
(0.0083, 1.913, -4.0945)
(-0.3292, 2.0819, -4.3502)
(-0.6429, 2.129, -4.0097)
(-0.9908, 2.2536, -4.2698)
(-1.3064, 2.2778, -3.9291)
(-1.6637, 2.284, -4.1953)
(-1.9447, 2.2765, -3.8583)
(-2.2229, 2.1964, -4.1331)
(-2.426, 2.1928, -3.8068)
(1.5277, 1.4169, -5.1678)
(1.283, 1.6101, -4.8445)
(0.9464, 1.7537, -5.1104)
(0.639, 1.8239, -4.772)
(0.3006, 1.9814, -5.0292)
(-0.0145, 2.0334, -4.69)
(-0.3563, 2.1785, -4.9491)
(-0.6733, 2.2201, -4.6095)
(-1.0316, 2.2767, -4.8744)
(-1.3508, 2.2871, -4.535)
(-1.7075, 2.2293, -4.8005)
(-1.9899, 2.2095, -4.4639)
(-2.2601, 2.0944, -4.7343)
(-2.4629, 2.0801, -4.4066)
(1.4365, 1.3686, -5.7329)
(1.2187, 1.6052, -5.4402)
(0.9008, 1.7841, -5.677)
(0.6085, 1.9053, -5.3659)
(0.2752, 2.0604, -5.596)
(-0.0395, 2.128, -5.2846)
(-0.3897, 2.2191, -5.519)
(-0.7116, 2.2529, -5.2093)
(-1.0741, 2.2479, -5.446)
(-1.3951, 2.2453, -5.1359)
(-1.7483, 2.1537, -5.3701)
(-2.0297, 2.1192, -5.0622)
(-2.2981, 1.996, -5.3048)
(-2.4993, 1.9641, -5.0069)
(1.3575, 1.328, -6.1706)
(1.1578, 1.5948, -5.9406)
(0.8751, 1.8215, -6.1087)
(0.5861, 1.9663, -5.8651)
(0.2614, 2.1186, -6.0288)
(-0.0651, 2.1754, -5.7868)
(-0.4189, 2.2213, -5.9555)
(-0.7484, 2.2381, -5.7135)
(-1.1085, 2.2042, -5.8821)
(-1.4335, 2.1871, -5.6389)
(-1.7816, 2.0907, -5.8048)
(-2.0649, 2.0405, -5.5628)
(-2.3166, 1.9338, -5.7242)
(-2.5215, 1.8847, -5.4961)
(0.2015, 2.1957, 4.2357)
(-0.1244, 2.4828, 4.1795)
(-0.1118, 2.2507, 4.2869)
(-0.4975, 3.0023, 4.0895)
(-0.4595, 2.6203, 4.2383)
(-0.8638, 3.5853, 4.0115)
(-0.8298, 3.2062, 4.1597)
(-1.2339, 4.1631, 3.9202)
(-1.1934, 3.797, 4.0886)
(-1.6052, 4.7322, 3.7968)
(-1.555, 4.3849, 4.0029)
(-1.9405, 5.3231, 3.6745)
(-1.9084, 4.9706, 3.8815)
(-2.2727, 5.916, 3.5497)
(-2.2562, 5.5521, 3.7295)
(-2.6123, 6.1278, 3.5765)
(4.7187, -5.366, 3.5256)
(3.5989, -4.8638, 1.9573)
(3.7024, -5.1403, 1.7113)
(3.7016, -5.4997, 1.833)
(3.7973, -5.6925, 2.3726)
(4.0134, -5.7385, 2.9321)
(4.3687, -5.6099, 3.3674)
(1.2935, -1.363, 4.1994)
(1.6423, -1.8344, 4.1369)
(2.0413, -2.399, 4.0717)
(2.444, -2.9614, 3.9962)
(2.8485, -3.5169, 3.8935)
(3.2538, -4.0618, 3.754)
(3.6578, -4.6009, 3.5976)
(4.0532, -5.1432, 3.4626)
(0.781, -1.565, 3.9769)
(1.1653, -2.1215, 3.9227)
(1.5648, -2.7037, 3.8786)
(1.9755, -3.2557, 3.7933)
(2.3962, -3.7844, 3.6498)
(2.82, -4.2949, 3.4621)
(3.2432, -4.8011, 3.2623)
(3.6674, -5.3049, 3.0778)
(-0.629, -0.828, 3.6522)
(-0.1639, -1.2992, 3.6793)
(0.3228, -1.7981, 3.6449)
(0.745, -2.3926, 3.5912)
(1.1756, -2.9385, 3.5183)
(1.6495, -3.4062, 3.3714)
(2.1451, -3.8333, 3.1845)
(2.5825, -4.2989, 2.9658)
(2.9841, -4.8052, 2.7384)
(3.4215, -5.291, 2.5332)
(-0.8445, -0.9766, 3.2195)
(-0.4378, -1.5203, 3.2083)
(-0.0062, -2.0593, 3.171)
(0.44, -2.5949, 3.1153)
(0.9545, -3.0099, 2.997)
(1.5299, -3.3196, 2.8184)
(2.0953, -3.6482, 2.626)
(2.5202, -4.1083, 2.4014)
(2.8734, -4.6476, 2.1688)
(3.2918, -5.1473, 1.9691)
(-1.0933, -1.1471, 2.6836)
(-0.6951, -1.7144, 2.6731)
(-0.2588, -2.2487, 2.6357)
(0.2427, -2.7049, 2.5574)
(0.8396, -2.9642, 2.4191)
(1.4831, -3.1212, 2.256)
(2.0732, -3.4008, 2.0735)
(2.507, -3.8607, 1.8491)
(2.8827, -4.3865, 1.6439)
(3.3128, -4.8328, 1.6105)
(-1.325, -1.3049, 2.1372)
(-0.9292, -1.8828, 2.1304)
(-0.4775, -2.4098, 2.0881)
(0.0734, -2.8113, 1.9873)
(0.7131, -2.9924, 1.8412)
(1.3862, -3.0576, 1.6848)
(2.0339, -3.2127, 1.5135)
(2.5522, -3.5919, 1.3752)
(2.9425, -4.0987, 1.3989)
(3.3069, -4.5303, 1.6671)
(-1.5394, -1.4508, 1.5844)
(-1.1421, -2.0354, 1.5777)
(-0.6775, -2.5597, 1.5306)
(-0.0952, -2.9156, 1.4156)
(0.5649, -3.0335, 1.2664)
(1.2404, -3.0187, 1.1218)
(1.8745, -3.0109, 0.9856)
(-1.7204, -1.5698, 1.0153)
(-1.3132, -2.1435, 1.0024)
(-0.8328, -2.6465, 0.9478)
(-0.2347, -2.9255, 0.8317)
(0.4216, -2.9586, 0.6934)
(1.0751, -2.9005, 0.5682)
(1.6331, -2.8385, 0.4666)
(-1.8914, -1.6796, 0.4398)
(-1.4666, -2.2293, 0.4171)
(-0.9604, -2.6861, 0.3517)
(-0.3563, -2.8991, 0.2411)
(0.28, -2.8984, 0.1185)
(0.9084, -2.8473, 0.0024)
(1.4447, -2.7849, -0.0969)
(-2.074, -1.799, -0.1318)
(-1.6279, -2.3245, -0.1645)
(-1.09, -2.7311, -0.2426)
(-0.4776, -2.9154, -0.3533)
(0.1451, -2.9165, -0.4675)
(0.7602, -2.8604, -0.5788)
(1.2864, -2.7876, -0.6779)
(-2.2551, -1.9186, -0.7043)
(-1.7857, -2.4198, -0.7469)
(-1.2201, -2.7847, -0.8363)
(-0.596, -2.9498, -0.9508)
(0.0274, -2.9581, -1.0642)
(0.642, -2.9052, -1.1761)
(1.1675, -2.8341, -1.2777)
(-2.4287, -2.0332, -1.2798)
(-1.9377, -2.5098, -1.3315)
(-1.3485, -2.8377, -1.4309)
(-0.7091, -2.9848, -1.5525)
(-0.0736, -2.9985, -1.6717)
(0.5519, -2.9584, -1.7887)
(1.0855, -2.909, -1.8942)
(-2.5953, -2.1425, -1.8581)
(-2.0849, -2.5947, -1.9179)
(-1.4769, -2.8881, -2.0256)
(-0.8218, -3.0163, -2.1554)
(-0.1676, -3.0316, -2.2845)
(0.475, -3.0073, -2.4096)
(1.0193, -2.9888, -2.5187)
(-2.756, -2.2477, -2.4385)
(-2.2286, -2.6754, -2.5056)
(-1.6055, -2.935, -2.6202)
(-0.9398, -3.0421, -2.7558)
(-0.2691, -3.0549, -2.8939)
(0.3919, -3.0432, -3.0282)
(0.9459, -3.0526, -3.1413)
(-2.9121, -2.3493, -3.0206)
(-2.3693, -2.7524, -3.0944)
(-1.7335, -2.9778, -3.2151)
(-1.0626, -3.0611, -3.3538)
(-0.3848, -3.0664, -3.4957)
(0.287, -3.0591, -3.6358)
(0.8477, -3.0795, -3.7528)
(-3.0642, -2.448, -3.6039)
(-2.5076, -2.8259, -3.684)
(-1.861, -3.0156, -3.8103)
(-1.1868, -3.0723, -3.9511)
(-0.5082, -3.0656, -4.0936)
(0.1659, -3.0547, -4.2349)
(0.7291, -3.0723, -4.3538)
(-3.2124, -2.5436, -4.1843)
(-2.643, -2.895, -4.2702)
(-1.9872, -3.0471, -4.4018)
(-1.3107, -3.0752, -4.5442)
(-0.632, -3.0539, -4.6867)
(0.0422, -3.0379, -4.8281)
(0.6063, -3.0565, -4.9492)
(-3.337, -2.6235, -4.6781)
(-2.7556, -2.9497, -4.763)
(-2.0929, -3.0679, -4.8984)
(-1.4152, -3.0711, -5.0417)
(-0.7367, -3.0376, -5.1841)
(-0.0624, -3.0185, -5.3255)
(0.4988, -3.0418, -5.4424)
(1.7044, -1.1632, 4.3092)
(2.0557, -1.5693, 4.2345)
(2.4532, -2.126, 4.1514)
(2.8565, -2.6857, 4.069)
(3.2603, -3.2441, 3.9754)
(3.6644, -3.7957, 3.8531)
(4.0662, -4.343, 3.7101)
(4.4558, -4.8961, 3.5841)
(5.138, -5.0558, 3.404)
(3.6179, -4.8546, 2.0149)
(4.0004, -4.9536, 1.7645)
(4.4993, -4.9497, 1.7178)
(4.9824, -4.844, 2.0377)
(5.3177, -4.7793, 2.5215)
(5.36, -4.8688, 3.0637)
(2.44, -0.5953, 3.941)
(2.7172, -1.0994, 3.8336)
(3.0931, -1.6619, 3.7437)
(3.481, -2.2193, 3.6585)
(3.8178, -2.7943, 3.5055)
(4.186, -3.3469, 3.3569)
(4.6105, -3.8754, 3.2481)
(5.0235, -4.4116, 3.1474)
(2.6714, -0.302, 3.4962)
(3.0317, -0.8558, 3.3977)
(3.4066, -1.427, 3.3054)
(3.7021, -2.0137, 3.1866)
(3.9907, -2.5874, 3.0079)
(4.3472, -3.1379, 2.84)
(4.7093, -3.7022, 2.7074)
(5.0501, -4.2803, 2.5968)
(2.0334, 0.9577, 2.7855)
(2.4329, 0.4479, 2.895)
(2.8172, -0.1241, 2.9312)
(3.2207, -0.7195, 2.8618)
(3.5006, -1.3233, 2.7777)
(3.6746, -1.9382, 2.6255)
(3.916, -2.5243, 2.4558)
(4.1966, -3.1171, 2.3328)
(4.4988, -3.708, 2.1924)
(4.7873, -4.3075, 2.0744)
(2.1289, 1.0139, 2.2968)
(2.5417, 0.4808, 2.3188)
(2.9103, -0.0983, 2.3068)
(3.2515, -0.7039, 2.2583)
(3.4366, -1.3399, 2.1996)
(3.4882, -1.9728, 2.1142)
(3.5762, -2.6015, 2.0416)
(3.7722, -3.2271, 1.9446)
(4.0744, -3.8063, 1.7761)
(4.3471, -4.408, 1.6796)
(2.2195, 1.0731, 1.6989)
(2.5889, 0.4939, 1.7029)
(2.9009, -0.1185, 1.6903)
(3.163, -0.7494, 1.6653)
(3.2668, -1.4023, 1.6599)
(3.2038, -2.061, 1.6535)
(3.1438, -2.7172, 1.6753)
(3.2956, -3.3209, 1.5946)
(3.5902, -3.8991, 1.4575)
(3.8338, -4.4832, 1.5455)
(2.2346, 1.0849, 1.0944)
(2.5572, 0.4745, 1.0972)
(2.8076, -0.1666, 1.096)
(2.9918, -0.8265, 1.0953)
(3.0004, -1.4895, 1.1453)
(2.8448, -2.13, 1.2175)
(2.7083, -2.7816, 1.2844)
(2.8429, -3.4002, 1.29)
(3.1577, -3.9515, 1.3689)
(3.4092, -4.4658, 1.6973)
(2.1528, 1.0328, 0.4965)
(2.4685, 0.418, 0.5002)
(2.678, -0.233, 0.5112)
(2.8023, -0.9075, 0.5307)
(2.7815, -1.5682, 0.5972)
(2.5372, -2.1684, 0.742)
(2.2859, -2.7232, 0.8731)
(1.9993, 0.9347, -0.081)
(2.3256, 0.3263, -0.0774)
(2.5769, -0.3063, -0.0711)
(2.6839, -0.9659, -0.0474)
(2.5929, -1.6017, 0.0357)
(2.3134, -2.165, 0.1956)
(2.0115, -2.6123, 0.3553)
(1.9172, 0.8802, -0.6657)
(2.26, 0.2808, -0.6593)
(2.5275, -0.3452, -0.6594)
(2.58, -0.991, -0.6308)
(2.4003, -1.5919, -0.5254)
(2.1016, -2.1272, -0.3581)
(1.8082, -2.5617, -0.2058)
(1.9931, 0.9245, -1.2597)
(2.31, 0.3133, -1.2574)
(2.4645, -0.3398, -1.2514)
(2.3922, -0.9839, -1.1984)
(2.1674, -1.5604, -1.0748)
(1.878, -2.0903, -0.9118)
(1.6208, -2.5422, -0.778)
(2.0905, 0.9865, -1.8527)
(2.3133, 0.343, -1.8535)
(2.3152, -0.3272, -1.8287)
(2.1334, -0.9544, -1.7422)
(1.8955, -1.5283, -1.614)
(1.6537, -2.085, -1.474)
(1.4634, -2.572, -1.3672)
(2.1195, 1.0119, -2.4559)
(2.2211, 0.3545, -2.4408)
(2.0848, -0.3079, -2.3842)
(1.8561, -0.9326, -2.2828)
(1.6488, -1.5335, -2.1705)
(1.494, -2.1353, -2.0604)
(1.3734, -2.6544, -1.9769)
(2.0868, 1.0082, -3.0585)
(2.0681, 0.352, -3.0191)
(1.8591, -0.3, -2.944)
(1.6696, -0.9499, -2.8548)
(1.5445, -1.5944, -2.7616)
(1.4582, -2.2322, -2.6678)
(1.3368, -2.7606, -2.5976)
(2.0236, 0.9834, -3.6604)
(1.9501, 0.3262, -3.608)
(1.7545, -0.3301, -3.5328)
(1.6432, -1.0048, -3.4524)
(1.5891, -1.6803, -3.3656)
(1.4861, -2.3338, -3.2805)
(1.2948, -2.8521, -3.2181)
(1.9653, 0.9463, -4.264)
(1.9153, 0.2812, -4.2085)
(1.7805, -0.3887, -4.1332)
(1.7275, -1.0726, -4.05)
(1.6674, -1.7541, -3.9665)
(1.4849, -2.3997, -3.8903)
(1.2196, -2.8961, -3.8303)
(1.9136, 0.8974, -4.8662)
(1.9411, 0.2274, -4.808)
(1.8754, -0.4536, -4.7285)
(1.8294, -1.1383, -4.646)
(1.7061, -1.809, -4.5692)
(1.438, -2.4288, -4.4969)
(1.1181, -2.8976, -4.4334)
(1.8483, 0.8343, -5.4609)
(1.974, 0.171, -5.4027)
(1.9682, -0.5136, -5.3208)
(1.888, -1.1929, -5.2425)
(1.6859, -1.8451, -5.1702)
(1.3568, -2.4394, -5.0966)
(1.0068, -2.8904, -5.0312)
(1.7772, 0.7713, -5.9622)
(1.9988, 0.1257, -5.9015)
(2.0289, -0.5567, -5.8201)
(1.8947, -1.2282, -5.7458)
(1.6342, -1.864, -5.674)
(1.2762, -2.4444, -5.5985)
(0.918, -2.8861, -5.5283)
(2.1577, -0.8574, 4.2111)
(2.3952, -1.3368, 4.1354)
(2.7773, -1.9015, 4.0492)
(3.1745, -2.4637, 3.9692)
(3.557, -3.0293, 3.8605)
(3.9548, -3.5792, 3.7357)
(4.3761, -4.1125, 3.6122)
(4.7882, -4.6481, 3.4918)
(-3.1291, 6.4202, 3.526)
(-3.1066, 5.1951, 1.9543)
(-3.3247, 5.394, 1.7092)
(-3.6549, 5.5304, 1.8341)
(-3.7905, 5.6947, 2.3752)
(-3.7463, 5.9129, 2.9342)
(-3.4892, 6.1915, 3.3689)
(-0.7576, 1.7159, 4.2002)
(-1.0578, 2.2197, 4.1374)
(-1.4249, 2.8054, 4.0723)
(-1.7886, 3.3937, 3.997)
(-2.1451, 3.9812, 3.8944)
(-2.4915, 4.5653, 3.7551)
(-2.8333, 5.146, 3.5989)
(-3.1807, 5.7201, 3.4639)
(-1.1417, 1.3211, 3.9777)
(-1.5067, 1.8903, 3.9231)
(-1.8899, 2.4832, 3.8795)
(-2.2407, 3.0749, 3.7943)
(-2.566, 3.6671, 3.6506)
(-2.8739, 4.255, 3.4634)
(-3.1783, 4.8406, 3.2643)
(-3.4797, 5.4264, 3.0798)
(-1.0054, -0.2637, 3.6524)
(-1.2611, 0.3469, 3.6799)
(-1.5333, 0.9883, 3.6454)
(-1.9186, 1.6069, 3.5914)
(-2.2541, 2.2147, 3.5185)
(-2.5013, 2.8324, 3.3714)
(-2.7063, 3.4544, 3.1846)
(-2.9693, 4.0375, 2.9669)
(-3.283, 4.6031, 2.7405)
(-3.5639, 5.1935, 2.5357)
(-1.2254, -0.405, 3.2196)
(-1.5704, 0.1799, 3.2084)
(-1.9009, 0.7861, 3.1709)
(-2.2215, 1.4047, 3.1151)
(-2.392, 2.0392, 2.9986)
(-2.4552, 2.6887, 2.8193)
(-2.5549, 3.3367, 2.6251)
(-2.8188, 3.9064, 2.4019)
(-3.1824, 4.4397, 2.1706)
(-3.485, 5.0172, 1.9713)
(-1.4786, -0.5685, 2.6835)
(-1.8487, 0.0176, 2.673)
(-2.1732, 0.6265, 2.6353)
(-2.3988, 1.2659, 2.5566)
(-2.3968, 1.9169, 2.4204)
(-2.2945, 2.5701, 2.2563)
(-2.3377, 3.2216, 2.0712)
(-2.5981, 3.799, 1.8485)
(-2.941, 4.3476, 1.6443)
(-3.1895, 4.9159, 1.6104)
(-1.7136, -0.7214, 2.1371)
(-2.0943, -0.1335, 2.1303)
(-2.4065, 0.4865, 2.0877)
(-2.5646, 1.1497, 1.9867)
(-2.4864, 1.8106, 1.8404)
(-2.2883, 2.4571, 1.6828)
(-2.1831, 3.1141, 1.5106)
(-2.3354, 3.7381, 1.3732)
(-2.6539, 4.293, 1.3977)
(-2.9118, 4.7961, 1.6653)
(-1.9308, -0.8631, 1.5843)
(-2.3173, -0.2713, 1.5776)
(-2.6225, 0.3592, 1.5305)
(-2.7271, 1.0336, 1.4153)
(-2.5827, 1.6885, 1.2658)
(-2.3099, 2.3065, 1.1204)
(-2.0595, 2.8889, 0.9834)
(-2.1102, -0.9845, 1.0153)
(-2.4829, -0.3878, 1.0023)
(-2.7626, 0.249, 0.9476)
(-2.7901, 0.9083, 0.8314)
(-2.5679, 1.5268, 0.6929)
(-2.2626, 2.1075, 0.5673)
(-1.9904, 2.5987, 0.4655)
(-2.2775, -1.1002, 0.4397)
(-2.6212, -0.4965, 0.4169)
(-2.848, 0.1464, 0.3514)
(-2.8119, 0.7857, 0.2408)
(-2.5653, 1.3722, 0.1181)
(-2.2753, 1.932, 0.0018)
(-2.0106, 2.4027, -0.0976)
(-2.4581, -1.223, -0.1318)
(-2.7714, -0.6091, -0.1646)
(-2.9394, 0.0439, -0.2428)
(-2.8727, 0.6797, -0.3537)
(-2.6322, 1.254, -0.468)
(-2.3422, 1.7993, -0.5794)
(-2.0716, 2.2565, -0.6785)
(-2.6381, -1.3443, -0.7043)
(-2.9201, -0.7183, -0.747)
(-3.0385, -0.0558, -0.8366)
(-2.949, 0.5834, -0.9514)
(-2.7147, 1.1611, -1.0647)
(-2.4279, 1.7072, -1.1766)
(-2.1593, 2.1644, -1.2782)
(-2.8105, -1.4606, -1.2798)
(-3.0613, -0.824, -1.3317)
(-3.1361, -0.154, -1.4314)
(-3.0238, 0.4922, -1.5532)
(-2.7899, 1.0833, -1.6723)
(-2.5111, 1.6447, -1.7892)
(-2.2598, 2.118, -1.8946)
(-2.9753, -1.5723, -1.8582)
(-3.1957, -0.9273, -1.9182)
(-3.231, -0.2532, -2.0263)
(-3.0951, 0.4002, -2.1562)
(-2.8558, 1.0093, -2.2851)
(-2.5854, 1.5928, -2.41)
(-2.3595, 2.0883, -2.5189)
(-3.1339, -1.6803, -2.4387)
(-3.3248, -1.0288, -2.5061)
(-3.3227, -0.3539, -2.621)
(-3.1632, 0.3012, -2.7567)
(-2.9155, 0.9246, -2.8946)
(-2.6505, 1.5302, -3.0286)
(-2.4475, 2.0458, -3.1415)
(-3.2874, -1.7853, -3.0209)
(-3.4491, -1.129, -3.0951)
(-3.4102, -0.4557, -3.2161)
(-3.2268, 0.195, -3.3548)
(-2.9699, 0.8223, -3.4965)
(-2.7056, 1.44, -3.6363)
(-2.5111, 1.9664, -3.753)
(-3.4366, -1.8878, -3.6042)
(-3.5692, -1.2283, -3.6849)
(-3.493, -0.5589, -3.8115)
(-3.284, 0.0847, -3.9522)
(-3.0161, 0.7083, -4.0945)
(-2.7483, 1.3271, -4.2355)
(-2.5511, 1.8549, -4.3541)
(-3.5815, -1.9877, -4.1847)
(-3.6841, -1.3267, -4.2713)
(-3.5695, -0.6633, -4.403)
(-3.3333, -0.0287, -4.5453)
(-3.0525, 0.5896, -4.6876)
(-2.7808, 1.2069, -4.8288)
(-2.5849, 1.7362, -4.9496)
(-3.7029, -2.0719, -4.6786)
(-3.7772, -1.4095, -4.7642)
(-3.6286, -0.753, -4.8997)
(-3.3691, -0.1268, -5.0429)
(-3.0775, 0.4869, -5.185)
(-2.8037, 1.1034, -5.3263)
(-2.6143, 1.6322, -5.4428)
(-0.4148, 2.0181, 4.3099)
(-0.6537, 2.4988, 4.235)
(-1.0141, 3.0802, 4.1516)
(-1.375, 3.668, 4.0691)
(-1.7345, 4.2559, 3.9757)
(-2.0874, 4.8415, 3.8533)
(-2.4374, 5.4232, 3.7104)
(-2.7973, 5.9961, 3.5846)
(-2.6825, 6.6868, 3.4036)
(-3.0914, 5.209, 2.0119)
(-3.0334, 5.6, 1.762)
(-2.8327, 6.0587, 1.7172)
(-2.5477, 6.4625, 2.0375)
(-2.3581, 6.7463, 2.5214)
(-2.4243, 6.8195, 3.0635)
(0.3931, 2.4777, 3.9401)
(0.0344, 2.9274, 3.8324)
(-0.3385, 3.4923, 3.7446)
(-0.703, 4.0653, 3.6602)
(-1.1043, 4.5971, 3.506)
(-1.4724, 5.1495, 3.3565)
(-1.7962, 5.7449, 3.2476)
(-2.1319, 6.3328, 3.1469)
(0.7543, 2.5784, 3.4953)
(0.382, 3.1241, 3.3968)
(-0.0004, 3.6909, 3.3069)
(-0.4279, 4.1898, 3.189)
(-0.8471, 4.6765, 3.0092)
(-1.2183, 5.217, 2.8397)
(-1.5989, 5.7692, 2.7068)
(-2.0009, 6.3068, 2.5963)
(1.6655, 1.5026, 2.7857)
(1.3495, 2.0683, 2.8957)
(0.9859, 2.6531, 2.9352)
(0.5926, 3.2535, 2.8665)
(0.1317, 3.7361, 2.7797)
(-0.3705, 4.1334, 2.6277)
(-0.8204, 4.5809, 2.4564)
(-1.2588, 5.0692, 2.3316)
(-1.6866, 5.5771, 2.1918)
(-2.1282, 6.075, 2.0743)
(1.7431, 1.57, 2.2953)
(1.4138, 2.1604, 2.3183)
(1.0512, 2.743, 2.3154)
(0.5996, 3.2572, 2.2796)
(0.0665, 3.6551, 2.2143)
(-0.4774, 3.9728, 2.1147)
(-1.0243, 4.2973, 2.0406)
(-1.5253, 4.7203, 1.944)
(-1.9427, 5.2235, 1.7763)
(-2.3922, 5.7081, 1.6799)
(1.8315, 1.642, 1.6979)
(1.4508, 2.2162, 1.7035)
(1.0275, 2.756, 1.6987)
(0.5125, 3.1958, 1.6912)
(-0.066, 3.5231, 1.6801)
(-0.6747, 3.7491, 1.6524)
(-1.3009, 3.9468, 1.6735)
(-1.7986, 4.3172, 1.5955)
(-2.2172, 4.8132, 1.458)
(-2.663, 5.2641, 1.5443)
(1.857, 1.6653, 1.0943)
(1.4362, 2.2136, 1.0979)
(0.9514, 2.7005, 1.1021)
(0.3975, 3.1016, 1.1106)
(-0.2264, 3.3435, 1.1563)
(-0.8774, 3.4486, 1.2167)
(-1.5302, 3.5725, 1.2822)
(-2.0479, 3.9319, 1.2894)
(-2.434, 4.4356, 1.368)
(-2.8124, 4.8664, 1.695)
(1.7812, 1.6174, 0.4957)
(1.356, 2.1627, 0.4994)
(0.8445, 2.6162, 0.5139)
(0.2587, 2.9722, 0.5395)
(-0.3729, 3.1773, 0.6049)
(-1.025, 3.1747, 0.7429)
(-1.6358, 3.1584, 0.8711)
(1.6315, 1.5187, -0.0824)
(1.2199, 2.0729, -0.0809)
(0.739, 2.5535, -0.0727)
(0.1583, 2.8825, -0.0416)
(-0.4747, 3.0143, 0.0428)
(-1.1056, 2.9664, 0.197)
(-1.6359, 2.8612, 0.3543)
(1.5498, 1.4645, -0.6672)
(1.1556, 2.0307, -0.6647)
(0.6812, 2.5107, -0.6624)
(0.09, 2.7758, -0.6234)
(-0.5396, 2.8273, -0.5179)
(-1.1509, 2.7594, -0.3574)
(-1.6649, 2.654, -0.2066)
(1.6222, 1.5096, -1.2615)
(1.1986, 2.0498, -1.2625)
(0.654, 2.4328, -1.2527)
(0.0237, 2.5916, -1.1912)
(-0.5976, 2.6006, -1.0689)
(-1.2, 2.5389, -0.9112)
(-1.7163, 2.4724, -0.7784)
(1.7169, 1.565, -1.8548)
(1.218, 2.0265, -1.8578)
(0.6005, 2.2821, -1.8296)
(-0.0498, 2.347, -1.7392)
(-0.6718, 2.3425, -1.6114)
(-1.2797, 2.3297, -1.4735)
(-1.8029, 2.3387, -1.3676)
(1.7524, 1.5771, -2.4579)
(1.1916, 1.9315, -2.444)
(0.5289, 2.0617, -2.3856)
(-0.1358, 2.0882, -2.2833)
(-0.7706, 2.1215, -2.1705)
(-1.3869, 2.2036, -2.0605)
(-1.9137, 2.2879, -1.9775)
(1.7384, 1.547, -3.0604)
(1.1316, 1.7908, -3.0218)
(0.4499, 1.8508, -2.9457)
(-0.2231, 1.9242, -2.8562)
(-0.8673, 2.0508, -2.7627)
(-1.4914, 2.2091, -2.6688)
(-2.027, 2.2949, -2.5981)
(1.6918, 1.4977, -3.6622)
(1.0627, 1.694, -3.6108)
(0.3819, 1.7678, -3.5348)
(-0.2848, 1.9205, -3.4541)
(-0.9316, 2.1226, -3.3672)
(-1.5765, 2.2715, -3.2817)
(-2.1291, 2.2911, -3.2185)
(1.6346, 1.4627, -4.2657)
(1.0084, 1.6846, -4.2113)
(0.3374, 1.8162, -4.1352)
(-0.3172, 2.0219, -4.0522)
(-0.9724, 2.2194, -3.9686)
(-1.6396, 2.2938, -3.8917)
(-2.2, 2.2391, -3.8307)
(1.5677, 1.4352, -4.868)
(0.967, 1.7288, -4.811)
(0.3116, 1.9259, -4.7312)
(-0.3419, 2.136, -4.6491)
(-1.0105, 2.2728, -4.5718)
(-1.686, 2.2614, -4.4982)
(-2.2419, 2.1469, -4.4339)
(1.4822, 1.3932, -5.4625)
(0.9227, 1.7704, -5.4062)
(0.2874, 2.0255, -5.3247)
(-0.3729, 2.2055, -5.2463)
(-1.0534, 2.2666, -5.1729)
(-1.7286, 2.1915, -5.098)
(-2.2797, 2.0425, -5.0317)
(1.3954, 1.3472, -5.9636)
(0.8858, 1.8015, -5.9056)
(0.267, 2.0906, -5.8251)
(-0.4049, 2.2228, -5.7499)
(-1.0921, 2.2265, -5.6767)
(-1.7656, 2.1206, -5.6001)
(-2.3113, 1.9608, -5.529)
(0.0431, 2.3192, 4.2114)
(-0.3083, 2.7225, 4.1355)
(-0.6819, 3.2928, 4.0495)
(-1.0474, 3.876, 3.9697)
(-1.4223, 4.4465, 3.8602)
(-1.776, 5.0255, 3.7351)
(-2.1052, 5.6201, 3.6119)
(-2.4407, 6.2069, 3.4916)
