(1.3323, 1.304, -5.7631)
(1.5335, 1.6072, -5.265)
(2.0863, 1.6969, -5.0293)
(2.5277, 2.0184, -4.7282)
(2.6198, 2.6149, -4.4665)
(1.4101, 0.956, -5.512)
(1.4982, 1.2692, -5.0088)
(2.6449, 3.2008, -4.1755)
(1.9548, 1.4692, -4.7059)
(2.6501, 3.5378, -3.9116)
(2.3497, 1.8711, -4.3858)
(2.5579, 2.45, -4.1035)
(2.6018, 3.01, -3.7942)
(2.6443, 3.4638, -3.5763)
(1.5097, 0.523, -5.1649)
(1.4867, 0.8711, -4.6724)
(1.734, 1.273, -4.2952)
(2.0361, 1.7561, -4.0021)
(2.3366, 2.2925, -3.6967)
(2.4954, 2.7628, -3.3201)
(2.7725, 3.0761, -3.1153)
(1.628, 0.1029, -4.7701)
(1.7287, 0.5361, -4.3017)
(1.8808, 1.0147, -3.8576)
(2.1586, 1.5139, -3.5882)
(2.392, 2.0403, -3.3191)
(2.458, 2.4765, -2.9633)
(2.8731, 2.652, -2.687)
(1.7483, -0.3078, -4.3766)
(2.0488, 0.1571, -4.0202)
(2.2297, 0.6615, -3.5917)
(2.387, 1.1617, -3.2455)
(2.2941, 1.7106, -3.1301)
(2.3194, 2.2265, -3.0358)
(2.3392, 2.7023, -2.9965)
(1.7821, -0.6609, -3.9019)
(2.1996, -0.2356, -3.6177)
(2.3761, 0.2728, -3.2092)
(2.4337, 0.7872, -2.8328)
(2.2852, 1.3366, -2.7118)
(2.2626, 1.8957, -2.6364)
(2.2637, 2.2207, -2.5525)
(1.7789, -0.9692, -3.3834)
(2.241, -0.5905, -3.1416)
(2.3607, -0.075, -2.7686)
(2.4171, 0.46, -2.4266)
(2.4727, 1.0041, -2.2815)
(2.3157, 1.5113, -2.0788)
(2.068, 1.8478, -1.8837)
(1.7541, -1.2246, -2.8348)
(2.2895, -0.8882, -2.6363)
(2.5701, -0.3734, -2.3545)
(2.6783, 0.1778, -2.0582)
(2.6446, 0.7174, -1.7944)
(2.5222, 1.2315, -1.5315)
(2.4197, 1.635, -1.3212)
(1.709, -1.4405, -2.2682)
(2.2776, -1.1296, -2.0874)
(2.6367, -0.6337, -1.8347)
(2.7908, -0.0834, -1.5504)
(2.7938, 0.4642, -1.2586)
(2.758, 0.9928, -0.9876)
(2.7151, 1.4035, -0.7777)
(1.662, -1.6504, -1.6998)
(2.2567, -1.37, -1.5335)
(2.6361, -0.8853, -1.2881)
(2.8183, -0.3278, -1.0036)
(2.9219, 0.2297, -0.7155)
(2.9832, 0.7681, -0.4463)
(3.0048, 1.1851, -0.2346)
(1.6363, -1.8975, -1.1487)
(2.2781, -1.6394, -0.9944)
(2.7339, -1.1774, -0.7715)
(2.9538, -0.5923, -0.4878)
(3.0993, -0.0025, -0.1937)
(3.2147, 0.5565, 0.0864)
(3.2865, 0.9805, 0.3083)
(1.6094, -2.1427, -0.6107)
(2.2889, -1.895, -0.4525)
(2.8351, -1.4695, -0.2527)
(3.1325, -0.8642, 0.0091)
(3.3116, -0.2357, 0.3051)
(3.4588, 0.3577, 0.6086)
(3.5583, 0.8129, 0.8725)
(1.4936, -2.2073, -0.0347)
(2.1703, -1.9792, 0.1253)
(2.7792, -1.6365, 0.3099)
(3.1858, -1.0911, 0.5452)
(3.4622, -0.4796, 0.8141)
(3.7053, 0.1336, 1.105)
(3.9419, 0.7968, 1.4985)
(1.3566, -2.2336, 0.5554)
(2.007, -1.9966, 0.707)
(2.5975, -1.6552, 0.881)
(3.0808, -1.1888, 1.0964)
(4.4322, 0.9257, 2.0642)
(3.5034, -0.6669, 1.3194)
(3.8877, -0.1098, 1.5337)
(5.0281, 1.0336, 2.468)
(4.2671, 0.4418, 1.7656)
(5.4455, 1.0597, 3.0337)
(4.6382, 0.8867, 2.0695)
(1.2226, -2.2714, 1.1527)
(1.8504, -2.0183, 1.2883)
(2.4156, -1.6517, 1.4272)
(5.605, 1.3076, 3.1645)
(2.8938, -1.1822, 1.5855)
(4.8905, 1.1537, 2.5106)
(3.3503, -0.6917, 1.7653)
(3.7937, -0.1898, 1.9568)
(5.2337, 1.3436, 2.9644)
(4.2332, 0.3135, 2.1554)
(5.5566, 1.5919, 3.1945)
(4.6732, 0.7734, 2.3279)
(1.1064, -2.3141, 1.7349)
(1.7424, -2.0864, 1.8882)
(2.3992, -1.7897, 1.9744)
(5.0753, 1.1235, 2.4084)
(2.9957, -1.3989, 2.0337)
(3.5383, -0.9623, 2.1132)
(5.374, 1.5141, 2.6759)
(4.0436, -0.4918, 2.2132)
(1.0133, -2.3399, 2.2013)
(5.6118, 1.8701, 2.887)
(4.5226, 0.0039, 2.3252)
(4.9601, 0.5024, 2.4835)
(2.3412, -1.7616, 2.5591)
(1.5465, -2.0973, 2.5649)
(5.3338, 0.9563, 2.6917)
(3.0073, -1.4441, 2.5973)
(3.6322, -1.1008, 2.6444)
(5.759, 1.3675, 2.7695)
(4.2151, -0.7084, 2.6944)
(6.0413, 1.7456, 2.7846)
(4.7453, -0.2525, 2.7587)
(5.2103, 0.2601, 2.89)
(1.8215, -1.8871, 3.0796)
(2.3443, -1.669, 3.1297)
(5.6487, 0.7292, 3.0758)
(2.969, -1.3806, 3.1818)
(3.6066, -1.0642, 3.2316)
(6.0997, 1.1483, 3.1483)
(4.233, -0.7269, 3.2771)
(6.4571, 1.4589, 3.0689)
(4.8403, -0.3409, 3.3263)
(5.4178, 0.1255, 3.3989)
(1.8399, -1.6984, 3.5772)
(2.2645, -1.4647, 3.6271)
(5.9729, 0.5071, 3.457)
(2.8568, -1.1856, 3.6912)
(3.4891, -0.883, 3.749)
(6.463, 0.8649, 3.4708)
(4.1253, -0.5789, 3.8057)
(1.8713, -1.4771, 3.8397)
(6.8307, 1.1675, 3.4399)
(4.7678, -0.2604, 3.8676)
(2.0902, -1.2544, 3.9656)
(2.7242, -0.9683, 4.0366)
(5.4167, 0.1034, 3.9123)
(3.3564, -0.6821, 4.1072)
(6.0483, 0.3967, 3.9398)
(3.9853, -0.3886, 4.1608)
(4.6264, -0.1433, 4.2594)
(6.5881, 0.674, 3.9406)
(5.2219, 0.2153, 4.2659)
(6.9678, 0.9168, 3.8907)
(5.8732, 0.4764, 4.303)
(6.8102, 0.7655, 4.1619)
(6.5249, 0.7332, 4.3715)
(-0.201, 4.6396, -2.698)
(0.4575, 4.4732, -2.6021)
(1.0874, 4.3066, -2.4973)
(1.702, 4.349, -2.7142)
(2.2442, 4.4133, -3.0543)
(-0.2037, 4.4562, -2.3798)
(0.4764, 4.4833, -2.3433)
(2.5337, 4.1072, -3.4818)
(1.1562, 4.4553, -2.325)
(2.6466, 3.7778, -3.7263)
(1.8088, 4.381, -2.4406)
(2.3331, 4.1825, -2.7405)
(2.5753, 3.804, -3.1753)
(2.65, 3.4786, -3.5629)
(-0.1537, 3.9515, -2.2887)
(0.5135, 4.0305, -2.3268)
(1.1665, 4.062, -2.2386)
(1.8174, 3.9769, -2.1902)
(2.3945, 3.7844, -2.3646)
(2.6896, 3.4259, -2.7666)
(2.7882, 3.0884, -3.1084)
(-0.0623, 3.4695, -2.1132)
(0.5757, 3.6214, -2.0753)
(1.1238, 3.7042, -1.901)
(1.7138, 3.5456, -1.8561)
(2.273, 3.3705, -2.0697)
(2.6417, 3.0551, -2.4441)
(2.8752, 2.6692, -2.6721)
(-0.0982, 3.4111, -1.6415)
(0.4796, 3.545, -1.6675)
(0.9798, 3.3121, -1.702)
(1.4847, 3.0767, -1.692)
(1.9133, 3.0639, -2.0539)
(2.2542, 2.8375, -2.4381)
(2.3438, 2.7053, -2.9641)
(-0.2693, 3.5666, -1.1907)
(0.2987, 3.3938, -1.2724)
(0.8345, 3.0137, -1.3652)
(1.3132, 2.6958, -1.3853)
(1.7213, 2.6847, -1.7522)
(2.0807, 2.4907, -2.1351)
(2.257, 2.294, -2.5158)
(-0.2493, 3.5303, -0.6445)
(0.3897, 3.385, -0.7515)
(0.9563, 3.064, -0.8658)
(1.3561, 2.644, -0.9154)
(1.6683, 2.3663, -1.2613)
(2.0347, 2.104, -1.6029)
(2.1157, 1.8125, -1.9052)
(-0.1892, 3.2844, -0.1084)
(0.4887, 3.207, -0.2076)
(1.127, 3.0342, -0.3476)
(1.6301, 2.7392, -0.5112)
(1.9317, 2.3157, -0.7771)
(2.2694, 1.9496, -1.0721)
(2.4423, 1.632, -1.3379)
(-0.1611, 2.8927, 0.3485)
(0.5226, 2.8396, 0.266)
(1.1828, 2.7196, 0.1341)
(1.7634, 2.5204, -0.035)
(2.1925, 2.1689, -0.2724)
(2.5266, 1.7616, -0.5418)
(2.7353, 1.4129, -0.7754)
(-0.1483, 2.4671, 0.7812)
(0.528, 2.3994, 0.6833)
(1.1876, 2.2775, 0.5455)
(1.8073, 2.1283, 0.4092)
(2.3462, 1.8868, 0.2231)
(2.7546, 1.5321, -0.0177)
(3.0169, 1.2012, -0.2277)
(-0.1485, 2.0263, 1.195)
(0.5095, 1.9102, 1.04)
(1.167, 1.7773, 0.8858)
(1.8179, 1.6634, 0.7837)
(2.4336, 1.5182, 0.6711)
(2.954, 1.2804, 0.4953)
(3.2947, 0.9972, 0.3207)
(-0.1612, 1.557, 1.5735)
(0.486, 1.4212, 1.388)
(1.1519, 1.317, 1.2549)
(1.8263, 1.2262, 1.1747)
(2.4894, 1.1417, 1.1061)
(3.1073, 1.0395, 1.0185)
(3.5619, 0.8405, 0.9052)
(-0.1671, 1.1075, 1.9704)
(0.496, 1.057, 1.8465)
(1.1753, 1.0663, 1.7818)
(1.8572, 1.0023, 1.7148)
(2.5406, 0.9541, 1.6559)
(3.2192, 0.9466, 1.6035)
(3.9567, 0.8433, 1.5582)
(-0.1358, 0.7318, 2.4341)
(0.5263, 0.8276, 2.3939)
(1.2035, 0.928, 2.3683)
(1.8871, 0.9169, 2.3115)
(4.4411, 0.9245, 2.1098)
(2.5709, 0.9015, 2.2566)
(3.2487, 0.9873, 2.2171)
(5.1037, 1.0209, 2.5423)
(3.9186, 1.0659, 2.2421)
(5.5279, 1.0202, 3.0793)
(4.5172, 1.1623, 2.4717)
(-0.0837, 0.3944, 2.9339)
(0.5634, 0.5763, 2.9477)
(1.2297, 0.7506, 2.9465)
(5.8022, 1.1317, 3.1646)
(1.9078, 0.8404, 2.9096)
(5.0907, 1.0759, 2.8872)
(2.5827, 0.9018, 2.8632)
(3.2428, 1.0604, 2.8319)
(5.6358, 1.1672, 3.1402)
(3.8969, 1.207, 2.8525)
(6.0319, 1.3762, 3.1625)
(4.4975, 1.4135, 2.9716)
(-0.0354, 0.0438, 3.3966)
(0.604, 0.2304, 3.4649)
(1.2698, 0.4792, 3.4927)
(5.1231, 1.4173, 3.2364)
(1.9384, 0.6946, 3.486)
(2.5971, 0.8778, 3.4574)
(5.6503, 1.5226, 3.3296)
(3.2479, 1.0735, 3.4409)
(0.0209, -0.3064, 3.7057)
(6.0483, 1.8619, 3.2637)
(3.8865, 1.2729, 3.4791)
(4.5162, 1.4775, 3.5773)
(1.3946, 0.0815, 3.9274)
(0.6542, -0.326, 3.9092)
(5.1558, 1.6306, 3.7103)
(2.0525, 0.3754, 3.9625)
(2.7016, 0.6321, 3.9706)
(5.7011, 1.7938, 3.7581)
(3.3382, 0.8907, 3.9857)
(6.1526, 2.121, 3.7527)
(3.9608, 1.1679, 4.0586)
(4.6292, 1.3577, 4.1739)
(1.1487, -0.6334, 4.0846)
(1.6537, -0.3842, 4.136)
(5.2403, 1.5587, 4.2752)
(2.2685, -0.0999, 4.2022)
(2.9064, 0.18, 4.2588)
(5.8212, 1.8032, 4.3556)
(3.5414, 0.4624, 4.3014)
(6.2421, 2.1059, 4.3772)
(4.1818, 0.7352, 4.3608)
(4.8413, 0.938, 4.5155)
(1.4781, -1.0517, 4.0951)
(1.9248, -0.8584, 4.1083)
(5.4221, 1.2016, 4.6287)
(2.5178, -0.5951, 4.1766)
(3.147, -0.3177, 4.2602)
(6.0217, 1.4991, 4.7403)
(3.7741, -0.0367, 4.3164)
(1.7449, -1.2577, 4.0162)
(6.4302, 1.7622, 4.7787)
(4.3992, 0.2273, 4.3484)
(2.0801, -1.2448, 3.9805)
(2.7092, -0.9579, 4.0485)
(5.0236, 0.4575, 4.4519)
(3.3402, -0.6748, 4.1217)
(5.6493, 0.7421, 4.5247)
(3.9656, -0.3759, 4.1667)
(4.6057, -0.1298, 4.2596)
(6.2589, 1.0378, 4.6491)
(5.2021, 0.2168, 4.2424)
(6.6403, 1.2609, 4.7827)
(5.8018, 0.4774, 4.2884)
(6.6332, 0.9145, 4.6885)
(6.5186, 0.7447, 4.3964)
(1.1122, 0.9937, -6.1594)
(0.654, 1.1095, -5.9476)
(0.2926, 1.3734, -5.4903)
(-0.3009, 1.5179, -5.3215)
(-0.9757, 1.5945, -5.363)
(-1.6376, 1.7601, -5.3032)
(1.1375, 0.6394, -5.88)
(0.6212, 0.7313, -5.7249)
(0.2212, 0.9941, -5.2904)
(-2.2149, 1.9827, -5.1077)
(-0.3495, 1.1755, -5.0549)
(-2.5261, 2.1264, -4.8598)
(-1.0078, 1.2854, -5.0597)
(-1.6698, 1.4299, -5.0202)
(-2.2266, 1.6672, -4.8082)
(-2.5816, 1.9434, -4.576)
(1.1732, 0.2132, -5.4951)
(0.5883, 0.2665, -5.4022)
(0.0982, 0.523, -5.0218)
(-0.4214, 0.7594, -4.6784)
(-1.0123, 0.9245, -4.6364)
(-1.6829, 1.0074, -4.6387)
(-2.2419, 1.232, -4.439)
(-2.5888, 1.472, -4.1805)
(1.1974, -0.2134, -5.0645)
(0.582, -0.2053, -5.0319)
(0.0684, 0.0426, -4.7035)
(-0.426, 0.2874, -4.3451)
(-0.9608, 0.4886, -4.276)
(-1.6292, 0.6052, -4.2335)
(-2.192, 0.8846, -4.099)
(-2.5575, 1.0249, -3.7688)
(1.1995, -0.5916, -4.5982)
(0.544, -0.6453, -4.6625)
(-0.043, -0.463, -4.5118)
(-0.4723, -0.209, -4.1399)
(-0.9189, 0.1519, -3.929)
(-1.4339, 0.4619, -3.7705)
(-1.8798, 0.9439, -3.8241)
(-2.1569, 1.4906, -3.9386)
(1.1683, -0.8822, -4.0699)
(0.4885, -0.9287, -4.1524)
(-0.1808, -0.8227, -4.1512)
(-0.7712, -0.5735, -4.0347)
(-1.2258, -0.1647, -3.8247)
(-1.4785, 0.2198, -3.4907)
(-1.7456, 0.6853, -3.4585)
(-1.9875, 1.1323, -3.5373)
(1.1356, -1.1365, -3.5193)
(0.4512, -1.1612, -3.5957)
(-0.2336, -1.0981, -3.6393)
(-0.8894, -0.9363, -3.6438)
(-1.434, -0.6145, -3.5463)
(-1.7632, -0.1767, -3.297)
(-1.8639, 0.3278, -3.019)
(-1.9036, 0.7114, -2.8072)
(1.0969, -1.3674, -2.9578)
(0.4125, -1.3965, -3.0383)
(-0.2723, -1.3672, -3.1005)
(-0.9347, -1.2536, -3.1293)
(-1.5076, -0.9926, -3.0642)
(-1.9034, -0.5846, -2.8588)
(-2.0592, -0.1008, -2.554)
(-2.2162, 0.2704, -2.3475)
(1.0481, -1.5846, -2.3906)
(0.3662, -1.6457, -2.487)
(-0.3168, -1.6609, -2.5728)
(-0.979, -1.5717, -2.6122)
(-1.5514, -1.3209, -2.5408)
(-1.9862, -0.939, -2.3488)
(-2.2675, -0.4939, -2.0891)
(-2.498, -0.1388, -1.9009)
(0.9965, -1.8128, -1.8295)
(0.319, -1.9296, -1.9538)
(-0.3625, -1.994, -2.0682)
(-1.0292, -1.906, -2.1073)
(-1.6059, -1.6358, -2.0206)
(-2.0857, -1.265, -1.8418)
(-2.4786, -0.8598, -1.628)
(-2.7727, -0.5343, -1.4617)
(0.9578, -2.0874, -1.2928)
(0.2762, -2.2594, -1.448)
(-0.4154, -2.3785, -1.597)
(-1.1036, -2.29, -1.6403)
(-1.6999, -1.9775, -1.5357)
(-2.229, -1.5994, -1.365)
(-2.7025, -1.2186, -1.1794)
(-3.0495, -0.9138, -1.0223)
(0.918, -2.347, -0.7662)
(0.2257, -2.5426, -0.93)
(-0.4793, -2.7083, -1.0948)
(-1.1962, -2.6796, -1.1785)
(-1.8442, -2.3706, -1.107)
(-2.4174, -1.9705, -0.9434)
(-2.9474, -1.5825, -0.7563)
(-3.3502, -1.2754, -0.5761)
(0.8133, -2.4124, -0.1905)
(0.1325, -2.6125, -0.3483)
(-0.5541, -2.8011, -0.5084)
(-1.2557, -2.8796, -0.6273)
(-1.935, -2.6547, -0.6094)
(-2.5618, -2.3093, -0.4977)
(-3.1687, -1.961, -0.356)
(-3.8496, -1.5868, -0.1351)
(0.6935, -2.4378, 0.4053)
(0.0314, -2.6352, 0.2516)
(-0.6277, -2.8231, 0.0952)
(-1.2922, -2.9187, -0.0336)
(-1.9505, -2.7698, -0.0652)
(-4.4734, -1.884, 0.1973)
(-2.61, -2.5771, -0.036)
(-3.2706, -2.387, -0.0376)
(-5.0471, -2.2319, 0.5473)
(-3.9246, -2.2166, -0.1132)
(-5.7334, -2.2577, 0.6651)
(0.5712, -2.4746, 1.0085)
(-4.5671, -2.1145, -0.041)
(-0.0826, -2.6682, 0.8563)
(-0.7317, -2.8636, 0.6969)
(-1.3859, -3.0319, 0.5282)
(-5.8291, -1.9719, 0.7071)
(-2.0486, -3.0668, 0.3616)
(-5.1254, -2.0499, 0.2803)
(-2.7166, -3.0143, 0.2138)
(-3.384, -2.9018, 0.0743)
(-5.6091, -1.9961, 0.6343)
(-4.048, -2.7664, -0.073)
(-5.9815, -1.8166, 0.7756)
(-4.7042, -2.5953, -0.1249)
(0.4597, -2.5133, 1.5767)
(-0.1959, -2.6979, 1.4414)
(-0.8562, -2.8542, 1.3111)
(-1.5408, -3.0046, 1.1102)
(-5.2996, -2.3499, 0.027)
(-2.2193, -3.131, 0.8951)
(-2.888, -3.2047, 0.6864)
(-5.7961, -2.0832, 0.2908)
(-3.5547, -3.208, 0.4773)
(0.3838, -2.55, 1.9759)
(-0.2834, -2.7448, 1.9087)
(-6.1947, -1.8476, 0.4401)
(-4.2195, -3.151, 0.2696)
(-4.8795, -3.0411, 0.1084)
(-1.7287, -2.9433, 1.6881)
(-0.9457, -2.8581, 2.0217)
(-5.5104, -2.8404, 0.1042)
(-2.4176, -3.038, 1.4545)
(-3.0885, -3.1429, 1.2418)
(-6.0592, -2.5421, 0.2406)
(-3.7535, -3.2223, 1.0298)
(-6.4683, -2.2952, 0.3775)
(-4.4186, -3.227, 0.8096)
(-5.0831, -3.1814, 0.5967)
(-1.446, -2.8818, 2.3903)
(-1.9834, -2.931, 2.2162)
(-5.7186, -3.2038, 0.4403)
(-2.6333, -2.9869, 2.0093)
(-3.3017, -3.0667, 1.8004)
(-6.3022, -3.0419, 0.4354)
(-3.9657, -3.1711, 1.5933)
(-6.7415, -2.8363, 0.4712)
(-4.6335, -3.248, 1.3758)
(-5.3119, -3.2379, 1.1417)
(-1.7428, -2.7815, 2.8244)
(-2.2118, -2.8227, 2.7009)
(-5.9464, -3.3096, 0.9275)
(-2.8368, -2.9014, 2.5254)
(-3.5, -2.9836, 2.326)
(-6.5366, -3.3902, 0.796)
(-4.1629, -3.0829, 2.1236)
(-1.9839, -2.6428, 3.0297)
(-6.9932, -3.31, 0.6944)
(-4.8278, -3.1836, 1.9108)
(-2.3161, -2.5954, 3.048)
(-2.9791, -2.7338, 2.8914)
(-5.49, -3.2259, 1.6508)
(-3.6409, -2.8614, 2.7149)
(-6.1203, -3.3349, 1.4301)
(-4.3029, -2.9738, 2.5188)
(-4.9652, -3.1263, 2.3504)
(-6.7147, -3.4666, 1.2878)
(-5.5419, -3.0101, 1.9824)
(-7.1552, -3.5011, 1.1414)
(-6.1879, -3.1687, 1.7895)
(-7.0949, -3.4349, 1.4639)
(-6.8701, -3.2639, 1.6582)
(-0.8786, 4.5984, -2.7748)
(-1.5193, 4.3771, -2.8962)
(-2.1058, 4.0651, -3.0874)
(-2.6496, 3.7078, -3.3162)
(-3.0805, 3.29, -3.6307)
(-3.2216, 2.8214, -4.0547)
(-0.8717, 4.3339, -2.4235)
(-1.5124, 4.1201, -2.5368)
(-2.0938, 3.8076, -2.7319)
(-2.9879, 2.4573, -4.5041)
(-2.6096, 3.4256, -2.981)
(-2.7378, 2.2041, -4.7372)
(-3.0154, 2.9962, -3.3097)
(-3.1213, 2.5253, -3.7454)
(-2.8836, 2.1623, -4.2005)
(-2.5944, 1.9488, -4.5604)
(-0.8139, 3.8579, -2.1747)
(-1.4732, 3.7179, -2.1623)
(-2.0641, 3.4472, -2.2938)
(-2.5228, 3.0472, -2.5702)
(-2.8664, 2.632, -2.9385)
(-2.9718, 2.1497, -3.3522)
(-2.8038, 1.7565, -3.8085)
(-2.5992, 1.4785, -4.1634)
(-0.7232, 3.33, -2.0475)
(-1.3821, 3.1959, -1.9485)
(-1.9797, 3.0029, -1.9202)
(-2.3096, 2.6374, -2.244)
(-2.4593, 2.3727, -2.7271)
(-2.661, 1.9071, -3.0444)
(-2.6603, 1.4688, -3.4674)
(-2.5693, 1.0321, -3.7531)
(-0.6987, 3.1056, -1.6455)
(-1.3003, 2.8167, -1.6338)
(-1.8019, 2.5705, -1.6344)
(-1.9707, 2.2992, -2.046)
(-1.9996, 2.2302, -2.5336)
(-2.2302, 1.9441, -2.9356)
(-2.3029, 1.5739, -3.3794)
(-2.1212, 1.4384, -3.8387)
(-0.8492, 3.3064, -1.1875)
(-1.3186, 2.8705, -1.1939)
(-1.4958, 2.4344, -1.333)
(-1.6256, 2.2761, -1.788)
(-1.7837, 1.976, -2.1575)
(-2.0097, 1.6791, -2.5614)
(-2.0867, 1.3347, -3.0038)
(-1.9897, 1.1014, -3.4026)
(-0.8562, 3.3508, -0.6302)
(-1.1706, 2.8617, -0.7023)
(-1.1932, 2.4189, -1.014)
(-1.4997, 2.1331, -1.3693)
(-1.7176, 1.721, -1.7229)
(-1.9295, 1.3496, -2.0929)
(-2.0205, 0.9646, -2.4904)
(-1.9418, 0.674, -2.8344)
(-0.7965, 3.1661, -0.0993)
(-1.0675, 2.6802, -0.2534)
(-1.2459, 2.1784, -0.6122)
(-1.5766, 1.7692, -0.9875)
(-1.9561, 1.4285, -1.3329)
(-2.2355, 1.0558, -1.7042)
(-2.3004, 0.6146, -2.0715)
(-2.2378, 0.2639, -2.3647)
(-0.8219, 2.8079, 0.3215)
(-1.3202, 2.4936, 0.1247)
(-1.5961, 1.995, -0.207)
(-1.8353, 1.483, -0.5656)
(-2.1498, 1.0684, -0.9246)
(-2.461, 0.6936, -1.2841)
(-2.5584, 0.245, -1.6364)
(-2.5168, -0.1319, -1.9073)
(-0.8237, 2.3945, 0.7482)
(-1.4231, 2.1553, 0.5606)
(-1.846, 1.7434, 0.2437)
(-2.1449, 1.2593, -0.1255)
(-2.4151, 0.791, -0.4903)
(-2.6586, 0.3368, -0.8461)
(-2.7813, -0.1322, -1.1942)
(-2.7883, -0.521, -1.4592)
(-0.8184, 1.9991, 1.2053)
(-1.418, 1.7626, 1.0192)
(-1.8722, 1.3668, 0.6983)
(-2.2228, 0.906, 0.3262)
(-2.5297, 0.4374, -0.0431)
(-2.7954, -0.0354, -0.4039)
(-2.9896, -0.5044, -0.7504)
(-3.0643, -0.9022, -1.0125)
(-0.8154, 1.6003, 1.6592)
(-1.3984, 1.3731, 1.4834)
(-1.8031, 0.954, 1.1365)
(-2.1416, 0.4887, 0.7519)
(-2.4973, 0.0304, 0.3869)
(-2.861, -0.4159, 0.0409)
(-3.1936, -0.8455, -0.2914)
(-3.3776, -1.2525, -0.5492)
(-0.8044, 1.1882, 2.103)
(-1.3781, 0.9833, 1.948)
(-1.7493, 0.5572, 1.5877)
(-2.1184, 0.1196, 1.2123)
(-2.5416, -0.302, 0.87)
(-2.9856, -0.7048, 0.5387)
(-3.4529, -1.0637, 0.2118)
(-3.9084, -1.5623, -0.0952)
(-0.7786, 0.7763, 2.5502)
(-1.3718, 0.601, 2.4167)
(-1.7941, 0.2291, 2.0748)
(-2.272, -0.1059, 1.7309)
(-2.7446, -0.4796, 1.4012)
(-4.5053, -1.8581, 0.2042)
(-3.2055, -0.865, 1.0762)
(-3.7378, -1.1318, 0.753)
(-5.1142, -2.2974, 0.6402)
(-4.2879, -1.4057, 0.5076)
(-5.8142, -2.3402, 0.6927)
(-0.7412, 0.3556, 2.9869)
(-4.8345, -1.768, 0.5284)
(-1.3767, 0.2154, 2.8696)
(-1.9291, -0.0256, 2.5841)
(-2.4814, -0.2825, 2.2652)
(-5.782, -2.2994, 0.2884)
(-2.9957, -0.5991, 1.9393)
(-5.3684, -2.0951, 0.7152)
(-3.4772, -0.9528, 1.6161)
(-4.0314, -1.1628, 1.2973)
(-5.7396, -2.2399, 0.6432)
(-4.6098, -1.2921, 1.0401)
(-5.7831, -2.0628, 0.2873)
(-5.1405, -1.6109, 0.9694)
(-0.6868, -0.087, 3.3358)
(-1.3265, -0.2506, 3.2113)
(-1.945, -0.4341, 3.024)
(-2.5869, -0.5993, 2.7598)
(-5.7199, -1.915, 0.9402)
(-3.1904, -0.8037, 2.4571)
(-3.7456, -1.0566, 2.1389)
(-6.175, -2.0612, 0.7584)
(-4.3214, -1.2534, 1.8275)
(-0.6315, -0.4278, 3.5422)
(-1.2591, -0.665, 3.4321)
(-6.2094, -1.793, 0.474)
(-4.9347, -1.3761, 1.5695)
(-5.5312, -1.6203, 1.4291)
(-2.597, -1.0901, 3.1043)
(-1.7994, -1.0321, 3.3859)
(-6.0856, -1.8172, 1.2938)
(-3.2667, -1.2163, 2.8549)
(-3.8972, -1.3777, 2.5861)
(-6.6339, -1.913, 1.0654)
(-4.5153, -1.5461, 2.3012)
(-6.7886, -1.7488, 0.7345)
(-5.1618, -1.6914, 2.0438)
(-5.8432, -1.8525, 1.8578)
(-2.0475, -1.5749, 3.406)
(-2.5832, -1.6551, 3.2385)
(-6.4779, -1.9824, 1.6834)
(-3.2247, -1.7683, 3.0359)
(-3.8798, -1.9008, 2.8249)
(-7.0171, -2.0017, 1.4783)
(-4.5291, -2.0434, 2.6147)
(-7.2296, -1.9918, 1.1447)
(-5.1896, -2.1843, 2.4185)
(-5.8761, -2.2852, 2.1926)
(-2.041, -2.1014, 3.3534)
(-2.4906, -2.1952, 3.1851)
(-6.5437, -2.3692, 2.0159)
(-3.1074, -2.317, 3.0051)
(-3.7672, -2.449, 2.8335)
(-7.1103, -2.3683, 1.8408)
(-4.4286, -2.5868, 2.6782)
(-2.0884, -2.4149, 3.2193)
(-7.4755, -2.3129, 1.6286)
(-5.0695, -2.7172, 2.5037)
(-2.332, -2.5836, 3.0588)
(-2.9953, -2.7233, 2.9035)
(-5.6561, -2.7619, 2.174)
(-3.6562, -2.8541, 2.7293)
(-6.3452, -2.8316, 1.9821)
(-4.3132, -2.9696, 2.536)
(-4.9689, -3.1122, 2.379)
(-6.9705, -2.8524, 1.8859)
(-5.5088, -2.9932, 1.9576)
(-7.4053, -2.7578, 1.8752)
(-6.1346, -3.1703, 1.7384)
(-7.1569, -3.015, 1.8097)
(-6.8835, -3.2355, 1.6798)
(6.917, 0.8254, 4.047)
(5.5954, 1.4398, 3.2164)
(5.542, 1.7608, 3.057)
(5.8014, 1.8521, 2.7835)
(6.2572, 1.6075, 2.898)
(6.6582, 1.3107, 3.2443)
(6.9384, 1.0336, 3.672)
(1.1236, 0.8236, -6.0292)
(1.1552, 0.4322, -5.6985)
(1.1874, -0.0036, -5.283)
(1.2025, -0.4122, -4.8383)
(1.1862, -0.7454, -4.3399)
(1.1517, -1.0122, -3.796)
(1.1176, -1.2546, -3.2397)
(1.0735, -1.4766, -2.6744)
(1.0216, -1.6947, -2.1081)
(0.9749, -1.944, -1.5576)
(0.9431, -2.2338, -1.0327)
(0.8718, -2.3979, -0.4838)
(0.7534, -2.4234, 0.1064)
(0.6324, -2.4553, 0.7059)
(0.5119, -2.4941, 1.308)
(0.4185, -2.5319, 1.7923)
(1.319, 0.7663, -5.7459)
(1.3972, 0.3414, -5.3725)
(1.4559, -0.0842, -4.9509)
(1.4998, -0.4765, -4.5059)
(1.4911, -0.7971, -3.9982)
(1.4679, -1.0766, -3.4613)
(1.4327, -1.3159, -2.9037)
(1.3839, -1.5281, -2.3346)
(1.3322, -1.7402, -1.7666)
(1.2973, -1.9954, -1.2198)
(1.263, -2.2463, -0.6877)
(1.1532, -2.3107, -0.1126)
(1.0253, -2.3372, 0.4807)
(0.8982, -2.3759, 1.0818)
(0.7853, -2.4156, 1.6536)
(0.7046, -2.4478, 2.0707)
(1.2534, 1.1139, -6.017)
(1.4002, 1.4845, -5.4884)
(1.785, 1.654, -5.1335)
(2.3493, 1.8142, -4.8853)
(2.6021, 2.2986, -4.5947)
(2.6327, 2.9247, -4.3214)
(2.6502, 3.4174, -4.0453)
(6.6739, 0.7401, 4.2674)
(6.199, 0.6048, 4.3372)
(5.5476, 0.3458, 4.2844)
(4.9241, 0.036, 4.2626)
(4.3058, -0.266, 4.2101)
(3.6708, -0.5354, 4.134)
(3.0403, -0.8252, 4.0719)
(2.4072, -1.1113, 4.0011)
(1.9641, -1.365, 3.9102)
(2.6269, 3.2345, -3.6695)
(2.5885, 2.7446, -3.9468)
(2.4784, 2.15, -4.2437)
(2.1768, 1.6387, -4.5476)
(1.6969, 1.3637, -4.8435)
(1.433, 1.1327, -5.2453)
(2.6168, 2.9313, -3.2004)
(2.4193, 2.5458, -3.5006)
(2.199, 2.0234, -3.8605)
(1.8846, 1.5048, -4.1433)
(1.5794, 1.0617, -4.4669)
(1.5003, 0.6977, -4.9166)
(2.593, 2.6128, -2.854)
(2.4191, 2.2796, -3.1324)
(2.2988, 1.7787, -3.4679)
(2.0111, 1.2603, -3.7072)
(1.7853, 0.772, -4.0624)
(1.6985, 0.3124, -4.5458)
(2.359, 2.4391, -2.97)
(2.2866, 1.9818, -3.0909)
(2.3524, 1.4323, -3.1684)
(2.3309, 0.9081, -3.3936)
(2.1401, 0.4104, -3.8076)
(1.9264, -0.0896, -4.2128)
(2.2592, 2.0874, -2.583)
(2.2594, 1.632, -2.679)
(2.3645, 1.054, -2.7487)
(2.4292, 0.5289, -2.9974)
(2.3075, 0.0154, -3.4238)
(2.0229, -0.468, -3.7766)
(2.2241, 1.7041, -1.9832)
(2.4112, 1.2714, -2.1868)
(2.4621, 0.7313, -2.3447)
(2.3832, 0.1921, -2.576)
(2.3306, -0.3412, -2.9657)
(2.0489, -0.8044, -3.2796)
(2.4644, 1.4428, -1.4219)
(2.5873, 0.9847, -1.6595)
(2.6775, 0.4483, -1.9248)
(2.6425, -0.0969, -2.2032)
(2.4587, -0.6446, -2.5025)
(2.0481, -1.0829, -2.7468)
(2.7367, 1.2102, -0.8771)
(2.7773, 0.7384, -1.1169)
(2.8039, 0.1902, -1.4043)
(2.7373, -0.3593, -1.6945)
(2.4852, -0.8977, -1.968)
(2.0132, -1.3101, -2.187)
(2.9967, 0.9891, -0.3351)
(2.9581, 0.509, -0.5752)
(2.8758, -0.0494, -0.859)
(2.7442, -0.6084, -1.1479)
(2.4762, -1.1474, -1.4193)
(1.978, -1.5333, -1.6248)
(3.2538, 0.7833, 0.2039)
(3.1623, 0.2887, -0.0485)
(3.0299, -0.2963, -0.3406)
(2.8643, -0.891, -0.6339)
(2.5372, -1.4329, -0.8927)
(1.9702, -1.7871, -1.0767)
(3.5188, 0.6063, 0.7478)
(3.3886, 0.0718, 0.4588)
(3.2288, -0.5484, 0.1543)
(3.0096, -1.1795, -0.1282)
(2.5896, -1.7092, -0.36)
(1.956, -2.0325, -0.5341)
(5.5456, 1.1825, 3.0994)
(5.2368, 1.0466, 2.7508)
(4.7301, 0.9797, 2.2661)
(4.187, 0.8613, 1.7813)
(3.8269, 0.4388, 1.2697)
(3.5846, -0.1717, 0.9559)
(3.3331, -0.7873, 0.6768)
(3.0067, -1.3826, 0.4217)
(2.4935, -1.8311, 0.2123)
(1.834, -2.1001, 0.0439)
(5.4005, 1.4609, 3.1014)
(5.0537, 1.2473, 2.7555)
(4.766, 1.0394, 2.2752)
(4.4648, 0.6846, 1.9028)
(4.0747, 0.1722, 1.6449)
(3.6989, -0.3915, 1.4266)
(3.2977, -0.9327, 1.2089)
(2.8505, -1.4336, 0.9851)
(2.3142, -1.8424, 0.7892)
(1.6856, -2.1235, 0.6301)
(5.4965, 1.6974, 2.7928)
(5.2366, 1.316, 2.5294)
(4.8842, 0.9524, 2.359)
(4.4543, 0.5566, 2.2553)
(4.0132, 0.0628, 2.0547)
(3.5734, -0.442, 1.8602)
(3.1232, -0.9378, 1.6732)
(2.6619, -1.4244, 1.5034)
(2.144, -1.8507, 1.3562)
(1.5415, -2.1555, 1.2211)
(5.9163, 1.5591, 2.7795)
(5.5516, 1.1668, 2.7466)
(5.1444, 0.7356, 2.5936)
(4.7512, 0.2561, 2.3945)
(4.2861, -0.2463, 2.2666)
(3.7949, -0.7309, 2.1616)
(3.2724, -1.1848, 2.0702)
(2.7063, -1.6035, 2.0036)
(2.0728, -1.9496, 1.9388)
(1.4224, -2.206, 1.8169)
(6.2882, 1.3136, 3.1205)
(5.8798, 0.9496, 3.1332)
(5.4277, 0.5008, 2.9859)
(4.9849, 0.0034, 2.8134)
(4.4881, -0.4899, 2.7217)
(3.9292, -0.9117, 2.6692)
(3.3254, -1.277, 2.6199)
(2.6776, -1.6057, 2.5777)
(1.9938, -1.9147, 2.5424)
(1.3021, -2.2193, 2.3636)
(6.6575, 1.0218, 3.4588)
(6.2318, 0.6897, 3.4703)
(5.6993, 0.3252, 3.4322)
(5.1321, -0.1066, 3.3613)
(4.5401, -0.5455, 3.2994)
(3.9214, -0.8987, 3.2549)
(3.2894, -1.2244, 3.2072)
(2.648, -1.5319, 3.1557)
(2.0731, -1.7845, 3.1044)
(6.7917, 0.799, 3.9201)
(6.337, 0.5374, 3.9458)
(5.7381, 0.2571, 3.9282)
(5.0921, -0.0763, 3.8925)
(4.4456, -0.4258, 3.8373)
(3.8065, -0.7306, 3.7765)
(3.1728, -1.0354, 3.7211)
(2.5451, -1.3303, 3.6586)
(2.0364, -1.5855, 3.6006)
(1.8487, -1.7944, 3.3483)
(2.3153, -1.5769, 3.3959)
(2.9203, -1.2944, 3.4544)
(3.555, -0.9842, 3.5078)
(4.1893, -0.6655, 3.5586)
(4.8214, -0.3154, 3.6122)
(5.4474, 0.0986, 3.6672)
(6.049, 0.4292, 3.6986)
(6.5639, 0.7452, 3.6979)
(1.7223, -1.9865, 2.8097)
(2.342, -1.7246, 2.8488)
(2.9939, -1.4259, 2.8932)
(3.6316, -1.1029, 2.9402)
(4.2416, -0.7425, 2.9845)
(4.811, -0.3199, 3.0378)
(5.3279, 0.1791, 3.1392)
(5.8259, 0.6119, 3.2562)
(6.2915, 1.0086, 3.3042)
(1.058, -2.3288, 1.9793)
(1.6787, -2.0917, 2.192)
(2.3704, -1.7946, 2.2643)
(3.0176, -1.4462, 2.3035)
(3.6085, -1.059, 2.3575)
(4.154, -0.6249, 2.4241)
(4.6548, -0.1431, 2.5053)
(5.0942, 0.3693, 2.6563)
(5.4821, 0.8464, 2.8875)
(5.9308, 1.2633, 2.9539)
(1.1614, -2.2938, 1.4537)
(1.7937, -2.0546, 1.5874)
(2.3998, -1.7221, 1.6971)
(2.9273, -1.2833, 1.803)
(3.4191, -0.8119, 1.9326)
(3.8895, -0.3231, 2.0829)
(4.3496, 0.1742, 2.2425)
(4.7967, 0.6483, 2.4003)
(5.2013, 1.052, 2.5086)
(5.5585, 1.4685, 2.662)
(1.2884, -2.2511, 0.8525)
(1.9238, -2.0014, 0.9959)
(2.4903, -1.6382, 1.1568)
(2.9665, -1.1703, 1.3515)
(3.4118, -0.6694, 1.5581)
(3.833, -0.1445, 1.7618)
(4.2466, 0.3823, 1.9719)
(4.6458, 0.8486, 2.1953)
(4.9563, 1.1605, 2.4394)
(5.2593, 1.459, 2.8175)
(1.4249, -2.219, 0.2598)
(2.0902, -1.9908, 0.417)
(2.699, -1.6606, 0.5974)
(3.1562, -1.1631, 0.824)
(3.5131, -0.5966, 1.069)
(3.831, -0.0051, 1.32)
(4.1624, 0.5635, 1.6207)
(4.565, 0.9083, 2.0285)
(4.9192, 1.1012, 2.5219)
(5.3006, 1.2164, 3.0062)
(1.5601, -2.1923, -0.327)
(2.2428, -1.9552, -0.1668)
(2.828, -1.5729, 0.0242)
(3.1784, -0.9877, 0.2717)
(3.3947, -0.3563, 0.5582)
(3.5792, 0.2542, 0.8651)
(3.7501, 0.8049, 1.1855)
(1.6299, -2.0345, -0.8818)
(2.2946, -1.7811, -0.7267)
(2.7964, -1.3315, -0.516)
(3.0497, -0.73, -0.2411)
(3.208, -0.1183, 0.0563)
(3.3365, 0.4566, 0.3484)
(3.4224, 0.8967, 0.5904)
(1.6458, -1.7676, -1.4211)
(2.2626, -1.5004, -1.2623)
(2.674, -1.0262, -1.0269)
(2.8715, -0.4571, -0.741)
(3.0024, 0.1136, -0.4509)
(3.0971, 0.6604, -0.1785)
(3.1456, 1.0828, 0.0368)
(1.6841, -1.5433, -1.983)
(2.2635, -1.2472, -1.809)
(2.6303, -0.7569, -1.5589)
(2.7994, -0.2054, -1.2751)
(2.8565, 0.3458, -0.9859)
(2.8711, 0.8788, -0.7162)
(2.8599, 1.2943, -0.5061)
(1.7332, -1.3357, -2.5528)
(2.2903, -1.0129, -2.3656)
(2.6273, -0.5072, -2.1063)
(2.761, 0.0446, -1.8195)
(2.7222, 0.5874, -1.5297)
(2.6415, 1.1104, -1.2594)
(2.5674, 1.5192, -1.0495)
(1.7694, -1.1033, -3.1124)
(2.2678, -0.7474, -2.8938)
(2.4549, -0.2298, -2.5668)
(2.5348, 0.3152, -2.2502)
(2.5643, 0.8559, -2.0474)
(2.4059, 1.3595, -1.804)
(2.2439, 1.7414, -1.6025)
(1.7829, -0.8208, -3.6463)
(2.2236, -0.4193, -3.3838)
(2.356, 0.0921, -2.986)
(2.4021, 0.6166, -2.6216)
(2.3675, 1.1634, -2.4952)
(2.2714, 1.6983, -2.3571)
(2.1659, 2.0342, -2.2181)
(1.7746, -0.4916, -4.1488)
(2.147, -0.0416, -3.8359)
(2.3393, 0.466, -3.4191)
(2.4359, 0.9717, -3.0473)
(2.2617, 1.5236, -2.9429)
(2.2763, 2.0747, -2.8946)
(2.3015, 2.4615, -2.7745)
(1.6944, -0.1063, -4.5784)
(1.8987, 0.3534, -4.1617)
(2.0587, 0.8476, -3.7186)
(2.2856, 1.3462, -3.4161)
(2.3591, 1.8838, -3.2287)
(2.3935, 2.3528, -3.0025)
(2.6062, 2.6772, -2.8418)
(1.566, 0.3105, -4.9677)
(1.579, 0.7005, -4.4789)
(1.7576, 1.156, -4.0611)
(2.0488, 1.6537, -3.7896)
(2.3522, 2.1791, -3.4849)
(2.4794, 2.6175, -3.0875)
(2.8228, 2.8641, -2.9012)
(1.4573, 0.7446, -5.3498)
(1.4727, 1.0686, -4.8518)
(1.8265, 1.372, -4.5134)
(2.1707, 1.8193, -4.2014)
(2.4331, 2.377, -3.9064)
(2.5452, 2.8948, -3.5663)
(2.7084, 3.27, -3.3458)
(1.3694, 1.1389, -5.6458)
(1.5195, 1.4462, -5.1432)
(2.0377, 1.5788, -4.8742)
(2.463, 1.9388, -4.5597)
(2.6135, 2.5296, -4.2884)
(2.6324, 3.1096, -3.9934)
(2.6477, 3.5348, -3.752)
(1.837, -1.5907, 3.7362)
(2.2035, -1.3538, 3.8087)
(2.7905, -1.0759, 3.8784)
(3.4221, -0.7811, 3.9413)
(4.0566, -0.4872, 4.0014)
(4.6976, -0.196, 4.0726)
(5.3362, 0.1431, 4.1067)
(5.9793, 0.4201, 4.1378)
(6.5503, 0.6683, 4.1501)
(6.6619, 1.0607, 4.7504)
(5.9397, 1.2211, 3.1689)
(6.0483, 1.6163, 3.1761)
(6.092, 2.0296, 3.4668)
(6.1953, 2.1513, 4.0713)
(6.3215, 1.9707, 4.6269)
(6.5509, 1.5094, 4.8112)
(-0.8793, 4.4847, -2.594)
(-0.8494, 4.1196, -2.2759)
(-0.7693, 3.5794, -2.1247)
(-0.6889, 3.1578, -1.8726)
(-0.7711, 3.1872, -1.4224)
(-0.8746, 3.3631, -0.9175)
(-0.8205, 3.2838, -0.3517)
(-0.8037, 3.0021, 0.1188)
(-0.8272, 2.6014, 0.5299)
(-0.8204, 2.1949, 0.975)
(-0.8172, 1.8015, 1.4338)
(-0.8116, 1.3952, 1.8815)
(-0.7931, 0.9817, 2.3259)
(-0.7619, 0.5705, 2.7736)
(-0.7153, 0.1284, 3.1787)
(-0.6589, -0.2682, 3.4511)
(-0.5398, 4.4071, -2.3969)
(-0.4839, 3.9071, -2.2293)
(-0.3932, 3.3982, -2.0877)
(-0.3978, 3.2647, -1.6415)
(-0.5616, 3.4787, -1.1842)
(-0.5713, 3.4877, -0.629)
(-0.5228, 3.2675, -0.0889)
(-0.502, 2.8745, 0.3535)
(-0.4892, 2.4508, 0.784)
(-0.4855, 2.0372, 1.2243)
(-0.4897, 1.6042, 1.6424)
(-0.4883, 1.1652, 2.0558)
(-0.4585, 0.7566, 2.502)
(-0.4112, 0.3698, 2.9651)
(-0.3599, -0.0225, 3.369)
(-0.3073, -0.3538, 3.6177)
(-0.5408, 4.647, -2.7339)
(0.1323, 4.5733, -2.6591)
(0.775, 4.3724, -2.5263)
(1.3967, 4.3027, -2.5728)
(1.9955, 4.4123, -2.8727)
(2.4193, 4.2915, -3.2685)
(2.6072, 3.9344, -3.6497)
(6.5808, 0.817, 4.5615)
(6.1602, 0.611, 4.3424)
(5.5019, 0.3471, 4.2654)
(4.9039, 0.0435, 4.251)
(4.2857, -0.2528, 4.2131)
(3.6529, -0.5253, 4.1442)
(3.0247, -0.8163, 4.0851)
(2.3947, -1.1014, 4.0145)
(1.9051, -1.2667, 3.9929)
(2.631, 3.627, -3.3659)
(2.4848, 4.0025, -2.9562)
(2.1, 4.3058, -2.5664)
(1.4895, 4.427, -2.3613)
(0.8174, 4.4741, -2.325)
(0.1355, 4.4796, -2.3626)
(2.7489, 3.2496, -2.9492)
(2.5783, 3.6157, -2.5558)
(2.1301, 3.9004, -2.2421)
(1.4927, 4.0327, -2.1966)
(0.8412, 4.0578, -2.2909)
(0.1803, 3.9934, -2.3253)
(2.7347, 2.8891, -2.614)
(2.4892, 3.2247, -2.2504)
(2.0076, 3.4658, -1.9326)
(1.4134, 3.6408, -1.849)
(0.8531, 3.6881, -1.9912)
(0.2665, 3.5448, -2.1141)
(2.3459, 2.7312, -2.6457)
(2.1021, 2.9709, -2.2511)
(1.709, 3.0717, -1.8411)
(1.2355, 3.1656, -1.6715)
(0.7337, 3.4602, -1.6959)
(0.199, 3.5191, -1.6486)
(2.1835, 2.382, -2.3149)
(1.9178, 2.6096, -1.9524)
(1.5218, 2.682, -1.5379)
(1.0834, 2.8196, -1.3538)
(0.5717, 3.2145, -1.3326)
(0.0181, 3.527, -1.2209)
(2.1304, 1.9763, -1.7579)
(1.8613, 2.2359, -1.4416)
(1.5076, 2.4916, -1.0633)
(1.1772, 2.8485, -0.872)
(0.6891, 3.2441, -0.8213)
(0.0746, 3.4879, -0.6876)
(2.3729, 1.7862, -1.2083)
(2.1066, 2.1227, -0.9264)
(1.788, 2.5317, -0.6335)
(1.4061, 2.9061, -0.4207)
(0.8168, 3.1328, -0.2758)
(0.1521, 3.2594, -0.1499)
(2.6414, 1.5812, -0.6634)
(2.3738, 1.9625, -0.4083)
(1.9934, 2.3609, -0.1457)
(1.4896, 2.636, 0.0565)
(0.8579, 2.7865, 0.2041)
(0.1822, 2.8776, 0.3165)
(2.8973, 1.3623, -0.1268)
(2.5702, 1.7149, 0.1037)
(2.0898, 2.0239, 0.3251)
(1.5048, 2.2093, 0.4795)
(0.8609, 2.3414, 0.6146)
(0.1913, 2.4457, 0.7434)
(3.1395, 1.1436, 0.4083)
(2.7141, 1.4088, 0.5873)
(2.1323, 1.6002, 0.7343)
(1.4948, 1.7197, 0.8307)
(0.8379, 1.8413, 0.9568)
(0.1823, 1.9778, 1.1265)
(3.3566, 0.9576, 0.9675)
(2.8122, 1.0973, 1.0649)
(2.1595, 1.1836, 1.1414)
(1.4896, 1.2709, 1.2107)
(0.8163, 1.365, 1.3125)
(0.1623, 1.4895, 1.4809)
(5.6631, 1.0705, 3.1307)
(5.3158, 1.0205, 2.8108)
(4.7724, 0.9727, 2.326)
(4.1989, 0.8839, 1.834)
(3.5595, 0.9171, 1.5813)
(2.8811, 0.9523, 1.6289)
(2.1989, 0.9708, 1.684)
(1.516, 1.0408, 1.7488)
(0.8347, 1.0646, 1.8113)
(0.1614, 1.0687, 1.898)
(5.8481, 1.266, 3.1692)
(5.3763, 1.0944, 3.0467)
(4.8038, 1.1224, 2.677)
(4.2256, 1.1296, 2.3251)
(3.5893, 1.0231, 2.2131)
(2.9095, 0.9391, 2.2339)
(2.2297, 0.8988, 2.2826)
(1.5448, 0.933, 2.342)
(0.8637, 0.8895, 2.3852)
(0.1926, 0.7625, 2.4021)
(5.8593, 1.6731, 3.3071)
(5.405, 1.4397, 3.3112)
(4.8124, 1.4296, 3.1047)
(4.198, 1.3217, 2.8909)
(3.5752, 1.1275, 2.8345)
(2.9129, 0.9766, 2.8433)
(2.247, 0.8632, 2.8863)
(1.5682, 0.8056, 2.9309)
(0.8939, 0.673, 2.9531)
(0.2393, 0.4716, 2.9333)
(5.9336, 1.9416, 3.7583)
(5.4432, 1.6982, 3.7455)
(4.8407, 1.5607, 3.6477)
(4.1996, 1.3782, 3.5203)
(3.5694, 1.1719, 3.4524)
(2.9236, 0.9743, 3.4445)
(2.2689, 0.7868, 3.4729)
(1.6052, 0.5933, 3.4928)
(0.9341, 0.3531, 3.4847)
(0.2834, 0.1267, 3.4317)
(6.0475, 1.9496, 4.3719)
(5.5434, 1.6739, 4.3209)
(4.9396, 1.4531, 4.2267)
(4.2959, 1.2698, 4.115)
(3.6455, 1.035, 4.0142)
(3.0231, 0.7572, 3.9735)
(2.3783, 0.5069, 3.9688)
(1.7233, 0.2331, 3.9482)
(1.0623, -0.0831, 3.9049)
(0.3474, -0.2874, 3.8045)
(6.2462, 1.6345, 4.7673)
(5.7326, 1.3519, 4.6886)
(5.1331, 1.0602, 4.576)
(4.5178, 0.838, 4.4347)
(3.8576, 0.6063, 4.321)
(3.2246, 0.3197, 4.2819)
(2.5879, 0.0412, 4.2324)
(1.9511, -0.2443, 4.1685)
(1.3908, -0.5124, 4.1086)
(6.4721, 1.1565, 4.7168)
(5.9722, 0.8958, 4.5809)
(5.3332, 0.5925, 4.4885)
(4.7122, 0.341, 4.3976)
(4.0866, 0.1005, 4.3271)
(3.4609, -0.1772, 4.2942)
(2.8326, -0.4566, 4.2195)
(2.2076, -0.733, 4.1369)
(1.6877, -0.9617, 4.0967)
(1.3299, -0.8517, 4.11)
(1.7959, -0.6308, 4.1432)
(2.3965, -0.3581, 4.2137)
(3.029, -0.0789, 4.2889)
(3.6602, 0.2032, 4.3401)
(4.2948, 0.4688, 4.3812)
(4.9368, 0.6803, 4.5211)
(5.5379, 0.9609, 4.6177)
(6.1443, 1.2649, 4.7369)
(0.9234, -0.4472, 4.0107)
(1.5129, -0.145, 4.0644)
(2.1503, 0.151, 4.118)
(2.7942, 0.4243, 4.1506)
(3.4295, 0.7008, 4.181)
(4.0613, 0.9835, 4.2536)
(4.7314, 1.1781, 4.3936)
(5.3199, 1.4098, 4.5036)
(5.9118, 1.6865, 4.6022)
(-0.0082, -0.1318, 3.5654)
(0.639, 0.0085, 3.6848)
(1.3158, 0.2933, 3.7316)
(1.982, 0.5586, 3.7454)
(2.6354, 0.7865, 3.7327)
(3.2785, 1.0134, 3.7309)
(3.9057, 1.2561, 3.7886)
(4.558, 1.4494, 3.8903)
(5.1875, 1.6325, 3.9958)
(5.7519, 1.837, 4.0557)
(-0.0596, 0.2206, 3.18)
(0.5805, 0.4168, 3.2163)
(1.2446, 0.63, 3.2271)
(1.9174, 0.7834, 3.2037)
(2.5841, 0.906, 3.1644)
(3.2396, 1.0827, 3.1385)
(3.8867, 1.2521, 3.1645)
(4.4973, 1.4695, 3.2659)
(5.1371, 1.5568, 3.4547)
(5.6664, 1.6845, 3.5107)
(-0.1102, 0.5625, 2.6824)
(0.545, 0.7115, 2.6726)
(1.2167, 0.8488, 2.6597)
(1.8985, 0.8823, 2.6114)
(2.579, 0.8975, 2.56)
(3.2474, 1.0251, 2.5247)
(3.9096, 1.1443, 2.5443)
(4.5106, 1.2994, 2.7051)
(5.1071, 1.2323, 3.0527)
(5.65, 1.3311, 3.2156)
(-0.156, 0.911, 2.1947)
(0.5096, 0.9344, 2.1147)
(1.1899, 0.9941, 2.0738)
(1.8732, 0.9515, 2.0113)
(2.5585, 0.9173, 1.9541)
(3.2426, 0.9563, 1.9092)
(3.9225, 0.9715, 1.9391)
(4.4988, 1.0386, 2.2732)
(5.0798, 1.0126, 2.7223)
(5.5837, 1.077, 3.0793)
(-0.1673, 1.3252, 1.7653)
(0.4869, 1.2187, 1.6017)
(1.1604, 1.1668, 1.502)
(1.84, 1.0876, 1.4291)
(2.5163, 1.0234, 1.3679)
(3.1715, 0.9719, 1.3041)
(3.7593, 0.8419, 1.2317)
(-0.154, 1.7934, 1.3864)
(0.4954, 1.6578, 1.2067)
(1.1557, 1.529, 1.0557)
(1.82, 1.4275, 0.9661)
(2.4631, 1.3169, 0.8807)
(3.0355, 1.1496, 0.7516)
(3.4283, 0.9188, 0.613)
(-0.1466, 2.2501, 0.9923)
(0.5213, 2.1597, 0.8682)
(1.1792, 2.0313, 0.7207)
(1.8151, 1.9014, 0.6023)
(2.3959, 1.7114, 0.4537)
(2.8594, 1.4093, 0.2399)
(3.1558, 1.0992, 0.0465)
(-0.1533, 2.6809, 0.5661)
(0.5282, 2.6259, 0.4818)
(1.1889, 2.508, 0.3501)
(1.7909, 2.3364, 0.1968)
(2.2807, 2.041, -0.0204)
(2.6433, 1.6495, -0.2783)
(2.8761, 1.3071, -0.5016)
(-0.172, 3.0994, 0.1271)
(0.5112, 3.0386, 0.0378)
(1.1671, 2.9049, -0.1)
(1.7181, 2.6684, -0.2796)
(2.0758, 2.2643, -0.5271)
(2.4039, 1.8661, -0.8074)
(2.5888, 1.5225, -1.0567)
(-0.2156, 3.4301, -0.3673)
(0.4493, 3.327, -0.4738)
(1.0515, 3.0824, -0.6041)
(1.4883, 2.7079, -0.7118)
(1.7749, 2.3268, -1.0182)
(2.1286, 2.0104, -1.3347)
(2.279, 1.7223, -1.6215)
(-0.2804, 3.5797, -0.9278)
(0.3199, 3.3846, -1.0257)
(0.8686, 3.0146, -1.1262)
(1.2986, 2.6286, -1.1523)
(1.6638, 2.496, -1.5133)
(2.0322, 2.278, -1.8791)
(2.1864, 2.0533, -2.2105)
(-0.19, 3.4918, -1.4163)
(0.3713, 3.4676, -1.4764)
(0.8857, 3.1259, -1.5614)
(1.3808, 2.8567, -1.5688)
(1.7955, 2.8834, -1.9463)
(2.14, 2.6857, -2.3344)
(2.3004, 2.4997, -2.7399)
(-0.0551, 3.3889, -1.8942)
(0.553, 3.5699, -1.8741)
(1.0643, 3.5145, -1.7924)
(1.6058, 3.3146, -1.766)
(2.0962, 3.2147, -2.0603)
(2.4552, 2.9428, -2.437)
(2.6095, 2.6872, -2.8181)
(-0.104, 3.6741, -2.2365)
(0.5522, 3.7844, -2.2377)
(1.1547, 3.8723, -2.0782)
(1.7829, 3.7581, -2.0148)
(2.3698, 3.5655, -2.1824)
(2.7111, 3.2242, -2.5664)
(2.8317, 2.8788, -2.8902)
(-0.1876, 4.2334, -2.3177)
(0.4891, 4.2953, -2.3326)
(1.1681, 4.295, -2.2993)
(1.8266, 4.2124, -2.3247)
(2.3746, 3.9998, -2.5579)
(2.6317, 3.6238, -2.9798)
(2.7191, 3.2835, -3.3356)
(-0.2059, 4.5782, -2.516)
(0.4667, 4.5233, -2.4432)
(1.1268, 4.4366, -2.3946)
(1.7632, 4.4084, -2.5714)
(2.2885, 4.3134, -2.9034)
(2.5456, 3.962, -3.3384)
(2.656, 3.6272, -3.679)
(1.6089, -1.1884, 4.0565)
(2.028, -1.0481, 4.0542)
(2.6198, -0.7898, 4.1175)
(3.2485, -0.5097, 4.1973)
(3.8749, -0.2256, 4.2541)
(4.5002, 0.039, 4.2993)
(5.1121, 0.3087, 4.356)
(5.7399, 0.5894, 4.4124)
(6.356, 0.865, 4.5403)
(2.2604, 2.2573, -2.5342)
(2.3415, 2.7038, -2.9803)
(2.6472, 3.4712, -3.5696)
(5.4867, 1.0399, 3.0565)
(5.0659, 1.0273, 2.5051)
(3.9493, 0.82, 1.5283)
(3.5601, 0.8267, 0.8889)
(4.4366, 0.9251, 2.087)
(2.7252, 1.4082, -0.7766)
(2.431, 1.6335, -1.3296)
(6.5217, 0.7389, 4.3839)
(2.8741, 2.6606, -2.6796)
(5.8375, 0.4769, 4.2957)
(5.212, 0.216, 4.2541)
(4.6161, -0.1365, 4.2595)
(3.9754, -0.3823, 4.1637)
(3.2906, 0.9888, 0.3145)
(3.3483, -0.6785, 4.1144)
(2.7167, -0.9631, 4.0425)
(2.0919, 1.8302, -1.8944)
(2.0852, -1.2496, 3.973)
(2.7804, 3.0823, -3.1118)
(3.0108, 1.1932, -0.2311)
(-7.153, -3.4906, 1.3261)
(-5.8976, -1.8784, 0.7775)
(-6.0797, -1.7889, 0.6214)
(-6.3275, -2.0341, 0.3675)
(-6.6068, -2.567, 0.4151)
(-6.872, -3.0958, 0.554)
(-7.0952, -3.4448, 0.9099)
(0.8803, 0.6389, -5.8648)
(0.8834, 0.1954, -5.5002)
(0.8896, -0.2518, -5.0918)
(0.8736, -0.651, -4.6518)
(0.8311, -0.9255, -4.1205)
(0.7949, -1.1621, -3.5628)
(0.7557, -1.3913, -3.0013)
(0.7079, -1.6214, -2.4403)
(0.6584, -1.8752, -1.8915)
(0.6176, -2.1753, -1.3686)
(0.5726, -2.445, -0.8465)
(0.4731, -2.5128, -0.2688)
(0.3619, -2.5369, 0.329)
(0.2438, -2.5715, 0.9332)
(0.132, -2.6087, 1.5056)
(0.0543, -2.6529, 1.9224)
(0.8874, 1.0054, -6.1222)
(0.4779, 1.246, -5.7085)
(0.024, 1.4629, -5.3629)
(-0.638, 1.553, -5.3376)
(-1.3102, 1.665, -5.3536)
(-1.9487, 1.8689, -5.2168)
(-2.4086, 2.0849, -4.9884)
(-6.9933, -3.3548, 1.5689)
(-6.529, -3.2163, 1.7239)
(-5.8649, -3.0894, 1.886)
(-5.2536, -3.0682, 2.1664)
(-4.6341, -3.0501, 2.4346)
(-3.9719, -2.9176, 2.6168)
(-3.31, -2.7976, 2.8032)
(-2.6476, -2.6646, 2.9697)
(-2.1408, -2.6099, 3.0511)
(-2.4217, 1.7925, -4.6846)
(-1.9715, 1.5418, -4.9289)
(-1.3435, 1.3467, -5.0601)
(-0.6748, 1.2332, -5.0434)
(-0.0406, 1.0985, -5.1346)
(0.4202, 0.8625, -5.5091)
(-2.4311, 1.356, -4.3096)
(-1.9889, 1.1054, -4.559)
(-1.3469, 0.9605, -4.6547)
(-0.705, 0.856, -4.628)
(-0.1528, 0.6482, -4.8213)
(0.3343, 0.3869, -5.2298)
(-2.3714, 1.0218, -3.982)
(-1.9409, 0.7291, -4.1798)
(-1.2884, 0.5403, -4.2639)
(-0.6791, 0.4005, -4.2847)
(-0.1775, 0.1694, -4.5)
(0.3136, -0.094, -4.8934)
(-2.0452, 1.1725, -3.8509)
(-1.6731, 0.6926, -3.7827)
(-1.175, 0.2981, -3.8326)
(-0.6852, -0.0285, -4.0186)
(-0.2687, -0.3483, -4.3266)
(0.2316, -0.5718, -4.6224)
(-1.8752, 0.91, -3.4783)
(-1.608, 0.4469, -3.4438)
(-1.3644, 0.0253, -3.6434)
(-1.0241, -0.3756, -3.951)
(-0.4883, -0.7206, -4.1038)
(0.1479, -0.8928, -4.1654)
(-1.906, 0.5319, -2.9208)
(-1.8275, 0.081, -3.1494)
(-1.6316, -0.4096, -3.4362)
(-1.1821, -0.7935, -3.6132)
(-0.5693, -1.0344, -3.6493)
(0.1077, -1.1395, -3.6209)
(-2.1306, 0.099, -2.4398)
(-1.9976, -0.3385, -2.7045)
(-1.7366, -0.8056, -2.9806)
(-1.2367, -1.1427, -3.112)
(-0.6099, -1.3254, -3.1225)
(0.0694, -1.3892, -3.0715)
(-2.3842, -0.3055, -1.987)
(-2.1406, -0.713, -2.217)
(-1.789, -1.1442, -2.4591)
(-1.2798, -1.4657, -2.5921)
(-0.6545, -1.6344, -2.6027)
(0.0243, -1.6614, -2.5323)
(-2.6339, -0.6877, -1.5396)
(-2.2948, -1.0582, -1.7328)
(-1.8566, -1.4596, -1.9399)
(-1.3307, -1.7892, -2.0787)
(-0.7025, -1.9737, -2.1018)
(-0.0213, -1.9741, -2.0155)
(-2.8887, -1.0577, -1.0975)
(-2.4783, -1.4034, -1.2707)
(-1.9699, -1.7917, -1.4548)
(-1.4137, -2.1521, -1.6023)
(-0.7659, -2.3661, -1.6373)
(-0.0675, -2.3349, -1.5288)
(-3.1713, -1.4187, -0.6655)
(-2.6916, -1.7696, -0.85)
(-2.1367, -2.1733, -1.0317)
(-1.5313, -2.5504, -1.1601)
(-0.8411, -2.7291, -1.1535)
(-0.1238, -2.6376, -1.0161)
(-5.7769, -2.1043, 0.6713)
(-5.3902, -2.2448, 0.6062)
(-4.7602, -2.0579, 0.3723)
(-4.1615, -1.7354, 0.0311)
(-3.4784, -1.7941, -0.2762)
(-2.8658, -2.1325, -0.4283)
(-2.2536, -2.4865, -0.5606)
(-1.6011, -2.7983, -0.6352)
(-0.9046, -2.8704, -0.5802)
(-0.209, -2.7106, -0.429)
(-5.8051, -1.9191, 0.7257)
(-5.3797, -2.0318, 0.4747)
(-4.8564, -2.0773, 0.0966)
(-4.2523, -2.1585, -0.1081)
(-3.5976, -2.2954, -0.0774)
(-2.941, -2.4819, -0.0258)
(-2.2797, -2.6721, -0.0531)
(-1.622, -2.8653, -0.0614)
(-0.9599, -2.8965, 0.0221)
(-0.2978, -2.7322, 0.1731)
(-6.003, -1.9621, 0.3787)
(-5.5618, -2.2146, 0.1621)
(-5.0125, -2.4801, -0.0741)
(-4.3799, -2.6888, -0.1199)
(-3.716, -2.8364, -0.0027)
(-3.0508, -2.9631, 0.1455)
(-2.3823, -3.0492, 0.2852)
(-1.7163, -3.0651, 0.4434)
(-1.0577, -2.959, 0.6134)
(-0.4072, -2.7654, 0.7778)
(-6.2758, -2.4114, 0.3118)
(-5.8011, -2.6936, 0.1641)
(-5.2009, -2.9558, 0.0837)
(-4.5512, -3.1042, 0.1759)
(-3.8872, -3.1859, 0.3722)
(-3.2215, -3.215, 0.5822)
(-2.5543, -3.176, 0.7903)
(-1.8818, -3.0727, 1.0018)
(-1.197, -2.9304, 1.2175)
(-0.5238, -2.7783, 1.3815)
(-6.5352, -2.938, 0.4529)
(-6.0246, -3.1426, 0.4238)
(-5.4044, -3.2002, 0.5031)
(-4.7529, -3.1977, 0.7009)
(-4.0856, -3.2364, 0.92)
(-3.4212, -3.1889, 1.1368)
(-2.7549, -3.091, 1.3464)
(-2.0745, -2.9879, 1.5692)
(-1.3764, -2.9042, 1.8154)
(-0.6245, -2.8126, 1.9358)
(-6.7774, -3.3658, 0.7442)
(-6.2539, -3.3633, 0.8534)
(-5.6337, -3.2617, 1.0268)
(-4.9752, -3.2437, 1.2598)
(-4.2976, -3.2205, 1.4867)
(-3.634, -3.1174, 1.6973)
(-2.9685, -3.0231, 1.9041)
(-2.2985, -2.9571, 2.1154)
(-1.7039, -2.9062, 2.3064)
(-6.9497, -3.4937, 1.2168)
(-6.4311, -3.4078, 1.3541)
(-5.8074, -3.2702, 1.5301)
(-5.1617, -3.205, 1.7829)
(-4.4947, -3.1393, 2.0222)
(-3.8314, -3.0301, 2.2245)
(-3.1685, -2.9421, 2.4269)
(-2.5098, -2.8592, 2.6189)
(-1.9627, -2.7983, 2.7673)
(-1.6133, -2.8448, 2.6211)
(-2.1064, -2.8924, 2.4729)
(-2.7408, -2.9545, 2.2817)
(-3.4064, -3.0295, 2.0762)
(-4.0699, -3.131, 1.8706)
(-4.7377, -3.2258, 1.6552)
(-5.4139, -3.2489, 1.4102)
(-6.0455, -3.3389, 1.1896)
(-6.6371, -3.4668, 1.0435)
(-1.2229, -2.8839, 2.1797)
(-1.8519, -2.9392, 1.9561)
(-2.5241, -3.0085, 1.7321)
(-3.1945, -3.102, 1.5209)
(-3.859, -3.1996, 1.312)
(-4.5254, -3.2423, 1.0931)
(-5.1976, -3.2127, 0.8685)
(-5.8331, -3.2764, 0.6717)
(-6.4221, -3.2435, 0.5928)
(-0.2421, -2.7195, 1.6863)
(-0.9177, -2.854, 1.6209)
(-1.6277, -2.9677, 1.404)
(-2.3159, -3.0872, 1.1761)
(-2.9858, -3.1887, 0.9633)
(-3.6518, -3.2379, 0.748)
(-4.3164, -3.2126, 0.5281)
(-4.9772, -3.1394, 0.3338)
(-5.6128, -3.0537, 0.2479)
(-6.1828, -2.8028, 0.3169)
(-0.1415, -2.6823, 1.1592)
(-0.7927, -2.8623, 1.0042)
(-1.4586, -3.0358, 0.8161)
(-2.1284, -3.1354, 0.6151)
(-2.7968, -3.1527, 0.4214)
(-3.4637, -3.095, 0.2372)
(-4.1289, -2.9961, 0.0601)
(-4.788, -2.8487, -0.0492)
(-5.4052, -2.5933, 0.0214)
(-5.9274, -2.2838, 0.2192)
(-0.024, -2.6516, 0.5528)
(-0.6756, -2.8458, 0.3948)
(-1.3297, -2.9771, 0.2488)
(-1.9865, -2.9159, 0.1502)
(-2.6523, -2.7953, 0.0899)
(-3.32, -2.6489, 0.0131)
(-3.9798, -2.4961, -0.116)
(-4.6304, -2.3326, -0.1149)
(-5.2009, -2.1517, 0.1336)
(-5.6805, -1.9896, 0.4679)
(0.0826, -2.6224, -0.0487)
(-0.5892, -2.8104, -0.2059)
(-1.2717, -2.8994, -0.3291)
(-1.9422, -2.7047, -0.3278)
(-2.589, -2.4307, -0.2462)
(-3.2287, -2.1606, -0.169)
(-3.8805, -1.943, -0.1146)
(-4.5141, -1.9779, 0.0704)
(-5.0836, -2.0811, 0.4075)
(-5.6105, -2.0835, 0.6814)
(0.1827, -2.5972, -0.6452)
(-0.5167, -2.7784, -0.809)
(-1.2315, -2.8095, -0.914)
(-1.902, -2.5405, -0.8714)
(-2.5024, -2.1534, -0.7304)
(-3.0697, -1.7696, -0.5541)
(-3.5999, -1.4311, -0.3556)
(0.2549, -2.4213, -1.1952)
(-0.4456, -2.5657, -1.3552)
(-1.1508, -2.4963, -1.4157)
(-1.7711, -2.1743, -1.3213)
(-2.3216, -1.7821, -1.1505)
(-2.8229, -1.3992, -0.9644)
(-3.1998, -1.0946, -0.7992)
(0.297, -2.091, -1.6988)
(-0.3878, -2.1826, -1.8312)
(-1.0626, -2.0909, -1.869)
(-1.6455, -1.7993, -1.77)
(-2.1504, -1.4284, -1.5967)
(-2.588, -1.0393, -1.4012)
(-2.9111, -0.724, -1.242)
(0.3423, -1.7817, -2.217)
(-0.3392, -1.8208, -2.3161)
(-1.0023, -1.7349, -2.3565)
(-1.5758, -1.4782, -2.279)
(-2.0321, -1.1033, -2.0938)
(-2.3723, -0.6784, -1.8577)
(-2.6353, -0.3365, -1.6813)
(0.39, -1.5183, -2.7613)
(-0.2942, -1.5102, -2.8347)
(-0.9567, -1.4109, -2.8698)
(-1.5298, -1.1597, -2.8029)
(-1.9447, -0.7678, -2.6042)
(-2.1628, -0.3037, -2.3211)
(-2.3571, 0.0658, -2.1242)
(0.433, -1.2778, -3.3166)
(-0.2518, -1.2308, -3.3694)
(-0.9127, -1.0993, -3.3902)
(-1.4798, -0.8156, -3.3195)
(-1.853, -0.3857, -3.1036)
(-1.9584, 0.1171, -2.7876)
(-2.0599, 0.4909, -2.5773)
(0.4683, -1.0458, -3.8748)
(-0.2151, -0.9647, -3.9051)
(-0.8554, -0.7557, -3.8731)
(-1.355, -0.384, -3.7198)
(-1.6178, 0.0322, -3.4091)
(-1.7841, 0.5118, -3.2444)
(-1.9455, 0.9219, -3.1722)
(0.5154, -0.8029, -4.4224)
(-0.1185, -0.6615, -4.3591)
(-0.6159, -0.4012, -4.1018)
(-1.0504, 0.0063, -3.8671)
(-1.4128, 0.3657, -3.6032)
(-1.7749, 0.8539, -3.655)
(-2.0722, 1.3115, -3.7379)
(0.5679, -0.4388, -4.8568)
(0.0252, -0.2177, -4.6072)
(-0.4209, 0.0297, -4.2206)
(-0.9091, 0.3063, -4.0816)
(-1.5283, 0.5186, -3.9952)
(-2.0461, 0.908, -3.9631)
(-2.3572, 1.2578, -3.8537)
(0.5851, 0.03, -5.216)
(0.0804, 0.2863, -4.8524)
(-0.4324, 0.5311, -4.4996)
(-0.9975, 0.7048, -4.4537)
(-1.6757, 0.7811, -4.4436)
(-2.2454, 1.0104, -4.2586)
(-2.5731, 1.2485, -3.9747)
(0.602, 0.5057, -5.5755)
(0.1545, 0.7648, -5.1686)
(-0.3884, 0.9761, -4.873)
(-1.0147, 1.1166, -4.8505)
(-1.6791, 1.2298, -4.8365)
(-2.2329, 1.4618, -4.6282)
(-2.5852, 1.7077, -4.3783)
(0.6385, 0.9289, -5.8448)
(0.2651, 1.1932, -5.3947)
(-0.3214, 1.3531, -5.1998)
(-0.9936, 1.4425, -5.2255)
(-1.6552, 1.6028, -5.1717)
(-2.2208, 1.8358, -4.9651)
(-2.5724, 2.0645, -4.7207)
(-1.8579, -2.7064, 2.9591)
(-2.2914, -2.7266, 2.88)
(-2.9136, -2.8239, 2.7214)
(-3.5758, -2.9253, 2.5322)
(-4.2382, -3.0316, 2.3353)
(-4.8971, -3.1377, 2.1289)
(-5.5308, -3.1512, 1.8426)
(-6.1651, -3.2671, 1.6271)
(-6.7706, -3.3918, 1.4856)
(-7.2914, -2.9069, 1.8671)
(-5.7495, -2.2011, 0.2448)
(-5.9491, -1.9148, 0.3703)
(-6.504, -1.7313, 0.5909)
(-7.0307, -1.8497, 0.9196)
(-7.3863, -2.1374, 1.3962)
(-7.4757, -2.54, 1.7948)
(-1.1976, 4.239, -2.4691)
(-1.1464, 3.7989, -2.1507)
(-1.053, 3.2629, -2.0)
(-1.0014, 2.9529, -1.6484)
(-1.1149, 3.1011, -1.188)
(-1.0654, 3.1251, -0.6431)
(-0.9672, 2.9513, -0.1494)
(-1.0999, 2.6802, 0.2446)
(-1.1409, 2.2975, 0.6732)
(-1.1336, 1.9058, 1.1344)
(-1.1254, 1.5202, 1.6024)
(-1.1115, 1.1258, 2.0639)
(-1.0935, 0.7254, 2.5211)
(-1.0678, 0.3044, 2.9559)
(-1.0103, -0.1633, 3.2825)
(-0.9493, -0.5321, 3.4804)
(-1.2059, 4.5043, -2.827)
(-1.818, 4.2282, -2.9855)
(-2.3851, 3.8921, -3.1953)
(-2.8886, 3.5087, -3.4596)
(-3.2006, 3.0527, -3.8312)
(-3.1323, 2.6215, -4.2884)
(-2.8499, 2.3243, -4.6674)
(-7.0199, -3.123, 1.7446)
(-6.509, -3.2029, 1.7091)
(-5.8217, -3.0817, 1.848)
(-5.2389, -3.0527, 2.1683)
(-4.6411, -3.0409, 2.4575)
(-3.9847, -2.9118, 2.6327)
(-3.3258, -2.7887, 2.8164)
(-2.6636, -2.6535, 2.9811)
(-2.1938, -2.5082, 3.1401)
(-2.7435, 2.0327, -4.3832)
(-3.0265, 2.3259, -3.9819)
(-3.1166, 2.7571, -3.5167)
(-2.8368, 3.2186, -3.1324)
(-2.36, 3.6228, -2.8492)
(-1.8114, 3.975, -2.6262)
(-2.6975, 1.6101, -3.9964)
(-2.9084, 1.9357, -3.5852)
(-2.9569, 2.3918, -3.1377)
(-2.7146, 2.8453, -2.7474)
(-2.308, 3.2544, -2.4162)
(-1.7831, 3.6024, -2.2093)
(-2.5958, 1.2977, -3.6544)
(-2.6906, 1.67, -3.2474)
(-2.5664, 2.1596, -2.891)
(-2.3858, 2.5095, -2.4956)
(-2.1809, 2.8203, -2.0389)
(-1.7026, 3.121, -1.905)
(-2.2485, 1.4431, -3.5817)
(-2.2989, 1.7518, -3.1577)
(-2.1061, 2.1177, -2.736)
(-1.9715, 2.2628, -2.3004)
(-1.9265, 2.4175, -1.7998)
(-1.5811, 2.6984, -1.6023)
(-2.0556, 1.2004, -3.2011)
(-2.0733, 1.505, -2.786)
(-1.9003, 1.8283, -2.349)
(-1.6952, 2.1413, -1.9839)
(-1.5587, 2.3454, -1.5455)
(-1.4317, 2.6257, -1.2258)
(-2.0127, 0.8098, -2.6736)
(-1.994, 1.1528, -2.2925)
(-1.8275, 1.5316, -1.9038)
(-1.6214, 1.9357, -1.5454)
(-1.3268, 2.277, -1.1932)
(-1.1746, 2.6163, -0.837)
(-2.276, 0.4294, -2.2259)
(-2.2927, 0.8329, -1.8942)
(-2.1182, 1.253, -1.5149)
(-1.7698, 1.5956, -1.1602)
(-1.3941, 1.9624, -0.805)
(-1.1466, 2.4179, -0.4175)
(-2.5455, 0.0476, -1.7803)
(-2.5368, 0.4702, -1.4667)
(-2.3213, 0.887, -1.1033)
(-1.9833, 1.2634, -0.7453)
(-1.7098, 1.7309, -0.3861)
(-1.4768, 2.2575, -0.0314)
(-2.7936, -0.3347, -1.3349)
(-2.7376, 0.0976, -1.0267)
(-2.5461, 0.5661, -0.6676)
(-2.2807, 1.0213, -0.3098)
(-2.0042, 1.5034, 0.0611)
(-1.6562, 1.9661, 0.414)
(-3.0393, -0.7087, -0.8887)
(-2.9058, -0.2759, -0.5846)
(-2.6687, 0.2026, -0.2234)
(-2.3806, 0.6716, 0.14)
(-2.0559, 1.1397, 0.5144)
(-1.6625, 1.5786, 0.8701)
(-3.3111, -1.0488, -0.428)
(-3.0381, -0.634, -0.1314)
(-2.6792, -0.1943, 0.2132)
(-2.3169, 0.258, 0.566)
(-1.973, 0.722, 0.9437)
(-1.6188, 1.1773, 1.3219)
(-5.8047, -2.337, 0.4558)
(-5.4642, -2.3188, 0.6664)
(-4.8097, -2.0777, 0.4222)
(-4.2068, -1.7102, 0.0545)
(-3.6753, -1.2723, 0.063)
(-3.2201, -0.8831, 0.3723)
(-2.7603, -0.5093, 0.7044)
(-2.3257, -0.0921, 1.038)
(-1.926, 0.335, 1.3961)
(-1.5797, 0.7829, 1.7799)
(-5.79, -2.1792, 0.4861)
(-5.591, -2.2047, 0.7231)
(-5.1088, -1.944, 0.6286)
(-4.5608, -1.5813, 0.4814)
(-4.0134, -1.2585, 0.6077)
(-3.4643, -1.0091, 0.9128)
(-2.9701, -0.6816, 1.2388)
(-2.5132, -0.2848, 1.5652)
(-2.0251, 0.0582, 1.8991)
(-1.5912, 0.4217, 2.257)
(-6.2306, -1.965, 0.6225)
(-5.9898, -2.0298, 0.8691)
(-5.4268, -1.7727, 0.9651)
(-4.8747, -1.4356, 0.9853)
(-4.3253, -1.2157, 1.1507)
(-3.7449, -1.0801, 1.4551)
(-3.2332, -0.7829, 1.7774)
(-2.7459, -0.4308, 2.1025)
(-2.2056, -0.1508, 2.4254)
(-1.6584, 0.1003, 2.7387)
(-6.7509, -1.8549, 0.908)
(-6.3884, -1.8906, 1.1942)
(-5.8039, -1.7282, 1.3685)
(-5.2402, -1.4904, 1.4892)
(-4.6256, -1.3088, 1.6856)
(-4.0281, -1.1689, 1.9806)
(-3.47, -0.9294, 2.2987)
(-2.8964, -0.6935, 2.6113)
(-2.2657, -0.5164, 2.8998)
(-1.6347, -0.3437, 3.1265)
(-7.1541, -1.997, 1.3236)
(-6.7781, -2.0023, 1.5927)
(-6.1659, -1.9285, 1.7709)
(-5.5038, -1.7705, 1.9449)
(-4.8326, -1.6193, 2.1646)
(-4.2052, -1.4641, 2.4439)
(-3.586, -1.2937, 2.723)
(-2.9357, -1.1484, 2.9827)
(-2.2464, -1.0426, 3.2224)
(-1.5534, -0.827, 3.3985)
(-7.3106, -2.3438, 1.738)
(-6.8494, -2.3794, 1.9322)
(-6.2159, -2.3334, 2.0988)
(-5.5314, -2.2377, 2.3045)
(-4.8562, -2.1173, 2.5188)
(-4.2044, -1.9708, 2.7177)
(-3.5538, -1.8331, 2.9309)
(-2.895, -1.7079, 3.1404)
(-2.3051, -1.6121, 3.3256)
(-7.2045, -2.8151, 1.8733)
(-6.6796, -2.8554, 1.9238)
(-5.9928, -2.7945, 2.0581)
(-5.3582, -2.7438, 2.3413)
(-4.7573, -2.6601, 2.6075)
(-4.0977, -2.5161, 2.7523)
(-3.4371, -2.3827, 2.9178)
(-2.7832, -2.2533, 3.0955)
(-2.2501, -2.1458, 3.2706)
(-2.0582, -1.8566, 3.3925)
(-2.5434, -1.9392, 3.2285)
(-3.1698, -2.0555, 3.039)
(-3.8281, -2.1867, 2.8522)
(-4.4859, -2.3262, 2.6781)
(-5.1377, -2.4637, 2.5013)
(-5.7747, -2.5378, 2.222)
(-6.4579, -2.6081, 2.0408)
(-7.0552, -2.6166, 1.9037)
(-1.9652, -1.2893, 3.396)
(-2.5968, -1.3685, 3.1985)
(-3.2589, -1.4826, 2.9754)
(-3.907, -1.6228, 2.7364)
(-4.5432, -1.7758, 2.4853)
(-5.201, -1.9208, 2.2557)
(-5.9013, -2.0493, 2.0567)
(-6.5583, -2.1545, 1.8796)
(-7.1034, -2.1555, 1.6855)
(-1.293, -0.4652, 3.3309)
(-1.9117, -0.6923, 3.1953)
(-2.5975, -0.8284, 2.9561)
(-3.2444, -0.9851, 2.6782)
(-3.8417, -1.1858, 2.3804)
(-4.4378, -1.3706, 2.077)
(-5.0689, -1.5073, 1.8139)
(-5.7116, -1.7086, 1.6464)
(-6.2996, -1.8657, 1.4857)
(-6.8482, -1.921, 1.2656)
(-1.3575, -0.015, 3.058)
(-1.9538, -0.2084, 2.8191)
(-2.5502, -0.4172, 2.5241)
(-3.1051, -0.6805, 2.2058)
(-3.6185, -0.9892, 1.8815)
(-4.1812, -1.1911, 1.5656)
(-4.7757, -1.3036, 1.3092)
(-5.3306, -1.5877, 1.2027)
(-5.8963, -1.8419, 1.1063)
(-6.4114, -1.9692, 0.8903)
(-1.3777, 0.416, 2.6509)
(-1.8642, 0.1073, 2.3314)
(-2.3818, -0.1875, 1.9987)
(-2.8716, -0.5381, 1.6704)
(-3.3375, -0.9147, 1.3472)
(-3.8832, -1.1463, 1.026)
(-4.4499, -1.3363, 0.7711)
(-4.9817, -1.683, 0.7365)
(-5.5368, -2.0062, 0.8116)
(-5.9263, -2.158, 0.6821)
(-1.3719, 0.7898, 2.1815)
(-1.7552, 0.3796, 1.8262)
(-2.1769, -0.0093, 1.4664)
(-2.6282, -0.4067, 1.1325)
(-3.0858, -0.7982, 0.805)
(-3.594, -1.1106, 0.4799)
(-4.112, -1.472, 0.2449)
(-4.6753, -1.8305, 0.3625)
(-5.236, -2.1738, 0.6457)
(-5.6887, -2.2955, 0.6268)
(-1.3876, 1.1782, 1.7156)
(-1.7686, 0.7509, 1.3586)
(-2.1109, 0.29, 0.9745)
(-2.4999, -0.1531, 0.6201)
(-2.9109, -0.5765, 0.2826)
(-3.3169, -0.9747, -0.0459)
(-3.643, -1.4074, -0.3222)
(-1.4086, 1.5674, 1.251)
(-1.8416, 1.1607, 0.9181)
(-2.1885, 0.6983, 0.5397)
(-2.5183, 0.2329, 0.1702)
(-2.8295, -0.2304, -0.185)
(-3.0878, -0.6841, -0.5248)
(-3.221, -1.0774, -0.7808)
(-1.4252, 1.9596, 0.7892)
(-1.881, 1.5658, 0.4732)
(-2.2154, 1.0989, 0.102)
(-2.499, 0.6274, -0.2651)
(-2.7387, 0.1545, -0.6246)
(-2.8879, -0.3194, -0.973)
(-2.9263, -0.7116, -1.2359)
(-1.3988, 2.3414, 0.3352)
(-1.7491, 1.8863, 0.0137)
(-2.004, 1.3776, -0.3473)
(-2.2828, 0.9267, -0.7105)
(-2.5614, 0.5138, -1.0659)
(-2.6711, 0.0562, -1.4149)
(-2.6525, -0.3265, -1.6833)
(-1.1774, 2.5954, -0.0639)
(-1.4085, 2.0801, -0.4116)
(-1.6866, 1.6091, -0.7823)
(-2.0545, 1.245, -1.1328)
(-2.3638, 0.8801, -1.4997)
(-2.4405, 0.4325, -1.858)
(-2.3773, 0.066, -2.136)
(-1.0806, 2.7786, -0.4671)
(-1.1675, 2.3121, -0.8188)
(-1.5144, 1.9602, -1.1755)
(-1.8202, 1.5859, -1.5251)
(-2.0596, 1.2062, -1.8942)
(-2.1362, 0.7891, -2.2736)
(-2.0898, 0.4689, -2.5996)
(-1.2645, 2.8936, -0.9488)
(-1.3204, 2.4425, -1.1809)
(-1.5329, 2.239, -1.5858)
(-1.7182, 1.8467, -1.9373)
(-1.9312, 1.5073, -2.3211)
(-2.0181, 1.1487, -2.7428)
(-1.9657, 0.8877, -3.1185)
(-1.3139, 2.8139, -1.4252)
(-1.6628, 2.4649, -1.4859)
(-1.7827, 2.2687, -1.9376)
(-1.8675, 2.1135, -2.365)
(-2.0991, 1.8469, -2.7825)
(-2.175, 1.5, -3.2323)
(-2.0554, 1.2699, -3.6207)
(-1.3284, 2.9586, -1.8113)
(-1.9058, 2.765, -1.7735)
(-2.1519, 2.4363, -2.1381)
(-2.2106, 2.3037, -2.6455)
(-2.436, 1.9289, -2.995)
(-2.4871, 1.5177, -3.4242)
(-2.3452, 1.2353, -3.7959)
(-1.4333, 3.4614, -2.0481)
(-2.0309, 3.2339, -2.0929)
(-2.4341, 2.8442, -2.3885)
(-2.6905, 2.4811, -2.8143)
(-2.842, 1.9882, -3.1691)
(-2.7572, 1.5635, -3.6069)
(-2.5842, 1.2553, -3.9582)
(-1.4988, 3.9399, -2.3361)
(-2.0833, 3.6406, -2.5157)
(-2.5774, 3.2456, -2.7772)
(-2.9654, 2.814, -3.1162)
(-3.0594, 2.3403, -3.5538)
(-2.8417, 1.9683, -4.0138)
(-2.5968, 1.7137, -4.3619)
(-1.5179, 4.2598, -2.7228)
(-2.1006, 3.9448, -2.9191)
(-2.6317, 3.5756, -3.1575)
(-3.0502, 3.1519, -3.4791)
(-3.1733, 2.6824, -3.9089)
(-2.9333, 2.3207, -4.3603)
(-2.6574, 2.0788, -4.6831)
(-2.0424, -2.2846, 3.293)
(-2.4356, -2.4035, 3.1259)
(-3.0493, -2.5333, 2.9561)
(-3.7098, -2.6647, 2.7869)
(-4.3704, -2.7959, 2.624)
(-5.0084, -2.9149, 2.4413)
(-5.5747, -2.9179, 2.0874)
(-6.2429, -3.0083, 1.8804)
(-6.8923, -3.0403, 1.8099)
(-1.9886, 1.1169, -3.4699)
(-2.139, 1.4645, -3.8887)
(-2.588, 1.9461, -4.5682)
(-5.7738, -2.299, 0.6789)
(-5.0806, -2.2646, 0.5937)
(-3.879, -1.5745, -0.1152)
(-3.3639, -1.264, -0.5626)
(-4.4893, -1.871, 0.2007)
(-2.5074, -0.1353, -1.9041)
(-2.227, 0.2671, -2.3561)
(-6.8768, -3.2497, 1.669)
(-2.5634, 1.0285, -3.7609)
(-6.1613, -3.1695, 1.7639)
(-5.5254, -3.0016, 1.97)
(-4.967, -3.1192, 2.3647)
(-4.3081, -2.9717, 2.5274)
(-3.0569, -0.908, -1.0174)
(-3.6486, -2.8578, 2.7221)
(-2.9872, -2.7286, 2.8974)
(-1.9227, 0.6927, -2.8208)
(-2.324, -2.5895, 3.0534)
(-2.594, 1.4753, -4.172)
(-2.7805, -0.5276, -1.4605)
(1.2845, 0.9477, -5.8905)
(1.4162, 1.3185, -5.3739)
(1.7513, 1.5108, -4.9951)
(2.2847, 1.72, -4.7213)
(2.5663, 2.2195, -4.4213)
(2.6288, 2.8348, -4.1404)
(1.3588, 0.5599, -5.5704)
(1.4549, 0.9168, -5.092)
(2.6392, 3.338, -3.8663)
(1.6182, 1.2113, -4.6677)
(2.0108, 1.5755, -4.356)
(2.3189, 2.0927, -4.058)
(2.4962, 2.6516, -3.7318)
(2.6185, 3.0939, -3.4423)
(1.4285, 0.1258, -5.1642)
(1.585, 0.5011, -4.728)
(1.6415, 0.9205, -4.251)
(1.8937, 1.3998, -3.9153)
(2.2184, 1.918, -3.6543)
(2.4151, 2.4192, -3.2756)
(2.6214, 2.7597, -2.9748)
(1.4824, -0.2876, -4.7342)
(1.8217, 0.113, -4.3829)
(1.9689, 0.6005, -3.9316)
(2.1777, 1.0929, -3.546)
(2.3424, 1.6144, -3.3205)
(2.3629, 2.1354, -3.1156)
(2.4812, 2.5271, -2.9139)
(1.5003, -0.6445, -4.2586)
(1.9902, -0.2838, -4.008)
(2.2541, 0.2118, -3.6353)
(2.4178, 0.7166, -3.2085)
(2.3545, 1.2405, -2.969)
(2.2469, 1.8129, -2.9264)
(2.2963, 2.2822, -2.8367)
(1.4803, -0.9414, -3.7322)
(2.0402, -0.6424, -3.5328)
(2.316, -0.1694, -3.196)
(2.3854, 0.3536, -2.7797)
(2.3957, 0.8852, -2.5417)
(2.3228, 1.4465, -2.4322)
(2.2206, 1.887, -2.2852)
(1.4522, -1.2008, -3.1847)
(2.0524, -0.9514, -3.0174)
(2.3914, -0.4999, -2.7391)
(2.4975, 0.0431, -2.3957)
(2.5678, 0.5864, -2.1445)
(2.4989, 1.1194, -1.9279)
(2.3229, 1.5624, -1.6978)
(1.4096, -1.4241, -2.62)
(2.0335, -1.2003, -2.4689)
(2.4869, -0.7751, -2.2425)
(2.7189, -0.2311, -1.9642)
(2.7555, 0.3162, -1.6742)
(2.682, 0.8587, -1.3885)
(2.6033, 1.3258, -1.149)
(1.3572, -1.6313, -2.0492)
(1.9933, -1.4196, -1.9049)
(2.4756, -1.0197, -1.6916)
(2.7346, -0.4824, -1.4188)
(2.8366, 0.0698, -1.1302)
(2.8676, 0.6223, -0.8451)
(2.8674, 1.098, -0.6057)
(1.3119, -1.861, -1.4896)
(1.9704, -1.6551, -1.3486)
(2.4991, -1.2855, -1.1541)
(2.7904, -0.7453, -0.8869)
(2.9407, -0.1715, -0.5954)
(3.0556, 0.3978, -0.3092)
(3.1251, 0.8838, -0.0655)
(1.2861, -2.136, -0.9561)
(1.9722, -1.9242, -0.8079)
(2.5757, -1.5825, -0.6303)
(2.9465, -1.0398, -0.3841)
(3.1335, -0.4224, -0.0936)
(3.2768, 0.1814, 0.2065)
(3.3837, 0.6903, 0.4747)
(1.2154, -2.2962, -0.4051)
(1.9053, -2.0836, -0.2486)
(2.5589, -1.79, -0.0774)
(3.0298, -1.2972, 0.1414)
(3.2951, -0.6718, 0.4114)
(3.4886, -0.0446, 0.7102)
(3.6665, 0.5338, 1.0226)
(1.0892, -2.3222, 0.1831)
(1.7598, -2.1115, 0.3371)
(2.409, -1.8452, 0.5022)
(2.9456, -1.4281, 0.706)
(3.3427, -0.8841, 0.9459)
(3.6741, -0.3029, 1.1923)
(3.9894, 0.2922, 1.4589)
(4.3652, 0.7607, 1.8114)
(0.9612, -2.3556, 0.78)
(1.6114, -2.1366, 0.9236)
(2.2187, -1.8356, 1.0725)
(2.7362, -1.4125, 1.2508)
(4.7432, 1.0205, 2.2661)
(3.1918, -0.9226, 1.4547)
(3.6249, -0.4092, 1.6602)
(5.1103, 1.1554, 2.7856)
(4.0392, 0.1208, 1.8647)
(5.4586, 1.3174, 3.1348)
(4.4543, 0.6321, 2.0846)
(0.8383, -2.3964, 1.3816)
(1.4794, -2.1824, 1.5231)
(2.1041, -1.9028, 1.6446)
(4.808, 1.0167, 2.3027)
(2.6717, -1.5116, 1.7484)
(3.176, -1.0496, 1.8644)
(5.1081, 1.3076, 2.6282)
(3.6564, -0.5694, 2.0062)
(4.1202, -0.0746, 2.161)
(5.4031, 1.6102, 2.9547)
(0.7421, -2.4324, 1.8768)
(4.577, 0.4192, 2.3267)
(1.3651, -2.2162, 2.0928)
(5.0036, 0.8535, 2.4541)
(2.0252, -1.9493, 2.2395)
(2.7014, -1.6262, 2.2836)
(3.3194, -1.2577, 2.3282)
(5.3913, 1.2602, 2.5829)
(3.8866, -0.8481, 2.3898)
(5.6904, 1.6644, 2.7275)
(4.4105, -0.3899, 2.4606)
(4.8846, 0.1133, 2.5664)
(5.284, 0.6144, 2.7776)
(2.0321, -1.8577, 2.8274)
(2.6652, -1.5796, 2.8707)
(3.3164, -1.2677, 2.9166)
(5.7098, 1.0642, 2.9444)
(3.9404, -0.9284, 2.9628)
(6.1082, 1.4414, 2.9333)
(4.5328, -0.5428, 3.0071)
(5.0742, -0.0703, 3.0827)
(5.5781, 0.403, 3.2007)
(2.0689, -1.6915, 3.3709)
(2.6052, -1.4425, 3.4247)
(3.238, -1.1407, 3.482)
(6.0685, 0.8184, 3.2938)
(3.8722, -0.826, 3.5332)
(6.484, 1.1688, 3.2833)
(4.5058, -0.4996, 3.5847)
(5.1357, -0.1063, 3.6409)
(2.0004, -1.4754, 3.773)
(2.4793, -1.2189, 3.8439)
(5.7541, 0.2723, 3.6868)
(3.1063, -0.9293, 3.9109)
(3.7386, -0.6328, 3.97)
(6.3233, 0.5883, 3.7022)
(4.3769, -0.346, 4.0387)
(6.7631, 0.8925, 3.6868)
(5.0163, -0.0254, 4.0928)
(5.6599, 0.2877, 4.1218)
(6.284, 0.551, 4.1529)
(6.7504, 0.7533, 4.1078)
(6.5359, 0.9688, 4.642)
(5.7737, 1.1447, 3.1456)
(5.8622, 1.4611, 3.2101)
(5.8863, 1.8373, 3.4947)
(5.9842, 1.9836, 4.0667)
(6.1357, 1.8287, 4.622)
(6.3681, 1.3932, 4.7797)
(1.5502, -0.7463, 4.1231)
(2.0837, -0.4987, 4.1751)
(2.7129, -0.2182, 4.2527)
(3.3449, 0.0616, 4.3195)
(3.9755, 0.3429, 4.3521)
(4.6197, 0.5738, 4.4474)
(5.2364, 0.8111, 4.5723)
(5.8545, 1.1172, 4.6773)
(1.2163, -0.2935, 4.036)
(1.8267, 0.0044, 4.093)
(2.4732, 0.29, 4.1366)
(3.114, 0.5593, 4.1638)
(3.7405, 0.8494, 4.208)
(4.4008, 1.0858, 4.3216)
(5.0291, 1.2857, 4.4516)
(5.627, 1.5453, 4.5583)
(-0.3337, -0.1946, 3.5073)
(0.3141, -0.0713, 3.629)
(0.9782, 0.1447, 3.7144)
(1.6504, 0.4317, 3.7422)
(2.3099, 0.6754, 3.7409)
(2.9594, 0.8972, 3.7266)
(3.5909, 1.1374, 3.7522)
(4.2306, 1.3576, 3.8361)
(4.8779, 1.5411, 3.9461)
(5.4832, 1.725, 4.0326)
(-0.3858, 0.1699, 3.1834)
(0.26, 0.3073, 3.1948)
(0.9096, 0.5282, 3.2273)
(1.5811, 0.7149, 3.2186)
(2.2523, 0.841, 3.1846)
(2.9122, 0.9921, 3.147)
(3.5676, 1.1628, 3.1443)
(4.1907, 1.3665, 3.201)
(4.8208, 1.5257, 3.3632)
(5.4191, 1.5983, 3.5023)
(-0.436, 0.5638, 2.7345)
(0.216, 0.621, 2.6671)
(0.8789, 0.7922, 2.6717)
(1.5569, 0.8765, 2.638)
(2.2401, 0.8798, 2.5849)
(2.9133, 0.9554, 2.5386)
(3.5836, 1.0795, 2.524)
(4.2148, 1.2384, 2.597)
(4.8092, 1.2751, 2.8774)
(5.3938, 1.2495, 3.1672)
(-0.4768, 0.9563, 2.2746)
(0.1735, 0.906, 2.1424)
(0.849, 0.9723, 2.0953)
(1.5313, 0.9819, 2.0442)
(2.2161, 0.925, 1.9812)
(2.8999, 0.9348, 1.9296)
(3.588, 0.9625, 1.9001)
(4.2178, 1.0101, 2.0759)
(4.7903, 1.0279, 2.4963)
(5.3473, 1.0294, 2.9277)
(-0.4914, 1.3829, 1.8469)
(0.1581, 1.265, 1.6778)
(0.8217, 1.1912, 1.5452)
(1.5003, 1.1298, 1.4637)
(2.1786, 1.0511, 1.3979)
(2.8509, 1.0024, 1.3369)
(3.4702, 0.9167, 1.2689)
(-0.4871, 1.8234, 1.4362)
(0.1719, 1.7315, 1.3019)
(0.8236, 1.5892, 1.1227)
(1.489, 1.4765, 1.0059)
(2.1453, 1.3767, 0.9274)
(2.7676, 1.2419, 0.82)
(3.2488, 1.0402, 0.6826)
(-0.4861, 2.2445, 1.0051)
(0.1891, 2.2166, 0.9411)
(0.8517, 2.0957, 0.7915)
(1.5016, 1.9687, 0.6602)
(2.1153, 1.8199, 0.5365)
(2.6484, 1.5686, 0.3497)
(3.0215, 1.2527, 0.1398)
(-0.4951, 2.6612, 0.5667)
(0.1888, 2.6656, 0.5343)
(0.8629, 2.5721, 0.4185)
(1.501, 2.4332, 0.2787)
(2.051, 2.2061, 0.0968)
(2.4797, 1.8469, -0.1499)
(2.77, 1.4716, -0.3941)
(-0.5095, 3.0841, 0.1403)
(0.1712, 3.0801, 0.0907)
(0.8454, 2.9804, -0.0264)
(1.4659, 2.8068, -0.1826)
(1.9097, 2.4783, -0.3955)
(2.2492, 2.0576, -0.6681)
(2.5109, 1.6898, -0.9357)
(-0.5456, 3.403, -0.3478)
(0.1205, 3.3993, -0.4114)
(0.7643, 3.2225, -0.5445)
(1.2961, 2.905, -0.6444)
(1.6312, 2.5113, -0.8474)
(1.9582, 2.1613, -1.1822)
(2.2289, 1.8664, -1.4801)
(-0.5867, 3.5195, -0.9166)
(0.0235, 3.5217, -0.9662)
(0.6056, 3.2132, -1.0905)
(1.0984, 2.7993, -1.1185)
(1.4798, 2.549, -1.3037)
(1.8621, 2.3995, -1.7062)
(2.1332, 2.1633, -2.0453)
(-0.4801, 3.3642, -1.4149)
(0.096, 3.5291, -1.4356)
(0.6318, 3.3171, -1.5322)
(1.1397, 2.9524, -1.5423)
(1.5964, 2.8671, -1.7256)
(1.9847, 2.8082, -2.1481)
(2.2392, 2.5811, -2.5285)
(-0.372, 3.2721, -1.8872)
(0.2594, 3.4985, -1.8914)
(0.8128, 3.5743, -1.8393)
(1.3332, 3.4097, -1.75)
(1.8625, 3.2688, -1.8828)
(2.3002, 3.0941, -2.2482)
(2.549, 2.8079, -2.6271)
(-0.4368, 3.6267, -2.1843)
(0.2295, 3.7256, -2.2601)
(0.8557, 3.8457, -2.1643)
(1.465, 3.8337, -2.0226)
(2.0952, 3.6757, -2.0651)
(2.5764, 3.4059, -2.3644)
(2.7841, 3.0501, -2.7424)
(-0.5196, 4.1828, -2.2919)
(0.1492, 4.2713, -2.333)
(0.8294, 4.3039, -2.3173)
(1.5024, 4.2658, -2.2945)
(2.1285, 4.1285, -2.41)
(2.5367, 3.8201, -2.7629)
(2.6859, 3.4459, -3.1671)
(-0.5445, 4.551, -2.5513)
(0.1316, 4.5639, -2.4821)
(0.7984, 4.4754, -2.4016)
(1.4505, 4.4177, -2.456)
(2.0526, 4.3879, -2.7199)
(2.4468, 4.1556, -3.1211)
(2.6105, 3.7861, -3.5221)
(1.8033, -1.1293, 4.0495)
(2.3096, -0.9279, 4.08)
(2.9343, -0.6501, 4.1585)
(3.5618, -0.3668, 4.2291)
(4.1886, -0.0916, 4.2755)
(4.8066, 0.1726, 4.3274)
(5.4209, 0.4468, 4.3811)
(6.0699, 0.7336, 4.4651)
(0.883, 0.8297, -6.0032)
(0.4541, 1.0636, -5.6145)
(-0.001, 1.2891, -5.256)
(-0.6561, 1.3968, -5.2046)
(-1.3291, 1.5105, -5.2192)
(-1.9607, 1.7151, -5.081)
(0.8805, 0.4235, -5.6938)
(0.3728, 0.6312, -5.3823)
(-2.4171, 1.9533, -4.8432)
(-0.1008, 0.8804, -4.988)
(-0.6935, 1.0551, -4.8389)
(-1.3496, 1.1651, -4.8622)
(-1.9804, 1.3352, -4.7501)
(-2.426, 1.5858, -4.502)
(0.8876, -0.0308, -5.298)
(0.3228, 0.1477, -5.0558)
(-0.1712, 0.4152, -4.648)
(-0.7017, 0.6334, -4.4477)
(-1.3321, 0.7379, -4.464)
(-1.99, 0.8795, -4.3707)
(-2.428, 1.1378, -4.1249)
(0.8856, -0.464, -4.8806)
(0.28, -0.3436, -4.7649)
(-0.2028, -0.097, -4.4013)
(-0.6488, 0.1742, -4.1271)
(-1.2134, 0.4036, -4.0341)
(-1.8133, 0.7002, -3.98)
(-2.2182, 1.0926, -3.9178)
(0.8535, -0.8001, -4.3948)
(0.1848, -0.7506, -4.417)
(-0.3804, -0.5509, -4.239)
(-0.8415, -0.2007, -3.9881)
(-1.2355, 0.1813, -3.7142)
(-1.5968, 0.6012, -3.6017)
(-1.9321, 1.0855, -3.6978)
(0.8122, -1.0449, -3.8423)
(0.1245, -1.0188, -3.8962)
(-0.5452, -0.881, -3.8989)
(-1.1321, -0.5824, -3.82)
(-1.5102, -0.183, -3.5649)
(-1.704, 0.2723, -3.3055)
(-1.8665, 0.725, -3.2036)
(0.7764, -1.2773, -3.2824)
(0.0898, -1.2622, -3.3454)
(-0.5889, -1.1803, -3.3869)
(-1.2129, -0.9774, -3.3703)
(-1.7011, -0.6177, -3.2314)
(-1.9234, -0.1283, -2.9428)
(-2.0053, 0.3182, -2.6714)
(0.7326, -1.5052, -2.7202)
(0.0473, -1.5216, -2.8001)
(-0.6319, -1.4767, -2.861)
(-1.2583, -1.3047, -2.8519)
(-1.763, -0.9797, -2.7204)
(-2.0685, -0.5324, -2.4608)
(-2.2579, -0.1081, -2.2126)
(0.6827, -1.7432, -2.1632)
(0.0015, -1.8111, -2.2698)
(-0.6773, -1.7984, -2.3482)
(-1.303, -1.6255, -2.3331)
(-1.8191, -1.3027, -2.1979)
(-2.2152, -0.8871, -1.9737)
(-2.5091, -0.4982, -1.7628)
(0.6365, -2.0204, -1.6271)
(-0.0442, -2.1515, -1.7708)
(-0.732, -2.1646, -1.8668)
(-1.3665, -1.9629, -1.8337)
(-1.9053, -1.6197, -1.6893)
(-2.3819, -1.2291, -1.4971)
(-2.7598, -0.8739, -1.3176)
(0.5997, -2.3284, -1.112)
(-0.0926, -2.5087, -1.2806)
(-0.8034, -2.5657, -1.404)
(-1.4729, -2.3564, -1.3843)
(-2.0516, -1.9804, -1.2409)
(-2.584, -1.5839, -1.0563)
(-3.0239, -1.239, -0.8796)
(0.5278, -2.4977, -0.5634)
(-0.1644, -2.6953, -0.729)
(-0.8752, -2.8268, -0.876)
(-1.5756, -2.7049, -0.9103)
(-2.2085, -2.3515, -0.8084)
(-2.7906, -1.9565, -0.6447)
(-3.3369, -1.5975, -0.4588)
(0.4178, -2.5234, 0.0293)
(-0.2522, -2.7195, -0.1277)
(-0.9301, -2.8833, -0.2784)
(-1.6098, -2.8288, -0.3438)
(-2.2678, -2.5684, -0.2917)
(-2.9087, -2.2943, -0.202)
(-3.5517, -2.0339, -0.1489)
(-4.2038, -1.9388, -0.044)
(0.3036, -2.5535, 0.6302)
(-0.35, -2.75, 0.474)
(-1.0023, -2.9306, 0.3178)
(-1.6573, -2.9646, 0.193)
(-4.8034, -2.031, 0.23)
(-2.3184, -2.8585, 0.1177)
(-2.987, -2.7243, 0.0591)
(-5.365, -2.1032, 0.5638)
(-3.65, -2.5729, -0.0536)
(-5.7727, -1.9966, 0.7433)
(-4.3105, -2.4172, -0.1436)
(0.1847, -2.5895, 1.2336)
(-0.4662, -2.7721, 1.0844)
(-1.1241, -2.9539, 0.9138)
(-4.9274, -2.2411, -0.0176)
(-1.7936, -3.0965, 0.7156)
(-2.4628, -3.1542, 0.5168)
(-5.4523, -2.0717, 0.3116)
(-3.1305, -3.1312, 0.3288)
(-3.7964, -3.0495, 0.1459)
(-5.8863, -1.8937, 0.5636)
(0.09, -2.6301, 1.7288)
(-4.4609, -2.9328, -0.0112)
(-0.5769, -2.7927, 1.6603)
(-5.1049, -2.7342, -0.0378)
(-1.2743, -2.9109, 1.5218)
(-1.9746, -3.0274, 1.2879)
(-2.6522, -3.1424, 1.0688)
(-5.6821, -2.4364, 0.1172)
(-3.3189, -3.2217, 0.8566)
(-6.1375, -2.1521, 0.3006)
(-3.9841, -3.2346, 0.6377)
(-4.6485, -3.1759, 0.4234)
(-5.2992, -3.1102, 0.2712)
(-1.5358, -2.9111, 2.0656)
(-2.184, -2.971, 1.844)
(-2.861, -3.0527, 1.6249)
(-5.9133, -2.9404, 0.2699)
(-3.527, -3.1531, 1.4173)
(-6.4079, -2.6789, 0.3665)
(-4.1908, -3.2334, 1.2037)
(-4.8638, -3.2232, 0.9811)
(-5.5193, -3.2412, 0.7593)
(-1.8465, -2.8673, 2.551)
(-2.4107, -2.9218, 2.3817)
(-3.0741, -2.9895, 2.1792)
(-6.1408, -3.2785, 0.6204)
(-3.7383, -3.0771, 1.9735)
(-6.6601, -3.1778, 0.5723)
(-4.4019, -3.1861, 1.7662)
(-5.0786, -3.239, 1.5344)
(-2.0581, -2.7092, 2.9269)
(-2.587, -2.7701, 2.8078)
(-5.7339, -3.2812, 1.2918)
(-3.2447, -2.8754, 2.6286)
(-3.9069, -2.976, 2.4334)
(-6.3534, -3.4126, 1.1103)
(-4.5693, -3.0926, 2.2391)
(-6.8788, -3.4712, 0.9772)
(-5.216, -3.144, 1.9877)
(-5.8467, -3.1993, 1.7231)
(-6.4846, -3.3327, 1.5532)
(-6.9814, -3.4445, 1.4094)
(-7.1123, -2.9862, 1.829)
(-5.7513, -2.2662, 0.458)
(-5.9698, -2.072, 0.5386)
(-6.4986, -1.8841, 0.7459)
(-6.9756, -1.8958, 1.1038)
(-7.2685, -2.1457, 1.5499)
(-7.2806, -2.5851, 1.8467)
(-2.2875, -1.8949, 3.3131)
(-2.8436, -1.9938, 3.1355)
(-3.4993, -2.1202, 2.9446)
(-4.1568, -2.2547, 2.7619)
(-4.8147, -2.4004, 2.6001)
(-5.4527, -2.5051, 2.3627)
(-6.1157, -2.5751, 2.1185)
(-6.7776, -2.6239, 1.9693)
(-2.2809, -1.3249, 3.2978)
(-2.9254, -1.4215, 3.0903)
(-3.5861, -1.5501, 2.8578)
(-4.2249, -1.6989, 2.6105)
(-4.8663, -1.8505, 2.3666)
(-5.5507, -1.9859, 2.1527)
(-6.2377, -2.1113, 1.9664)
(-6.858, -2.1644, 1.7912)
(-0.9794, -0.3588, 3.3916)
(-1.5995, -0.5825, 3.2703)
(-2.255, -0.7648, 3.0839)
(-2.9279, -0.9005, 2.8203)
(-3.5468, -1.0825, 2.5311)
(-4.1369, -1.2855, 2.2276)
(-4.7484, -1.4366, 1.9349)
(-5.3955, -1.604, 1.7223)
(-6.0059, -1.7978, 1.5696)
(-6.6028, -1.9095, 1.3894)
(-1.0417, 0.0666, 3.1369)
(-1.6583, -0.109, 2.9491)
(-2.2533, -0.3093, 2.676)
(-2.8353, -0.5396, 2.3666)
(-3.3612, -0.8379, 2.0436)
(-3.892, -1.1102, 1.7211)
(-4.4802, -1.238, 1.4218)
(-5.0569, -1.4324, 1.2424)
(-5.6073, -1.724, 1.1644)
(-6.1895, -1.941, 1.0135)
(-1.0836, 0.5221, 2.7462)
(-1.6276, 0.2676, 2.5029)
(-2.1193, -0.0401, 2.163)
(-2.6337, -0.3528, 1.8342)
(-3.0999, -0.7355, 1.5086)
(-3.6011, -1.0488, 1.1851)
(-4.1703, -1.229, 0.8791)
(-4.7151, -1.4975, 0.7257)
(-5.2625, -1.8555, 0.7822)
(-5.7726, -2.1236, 0.778)
(-1.1027, 0.926, 2.2929)
(-1.5756, 0.5942, 2.0154)
(-1.9566, 0.1807, 1.6419)
(-2.4026, -0.2047, 1.2975)
(-2.8526, -0.6105, 0.969)
(-3.3361, -0.9575, 0.6403)
(-3.8499, -1.2831, 0.335)
(-4.3904, -1.6512, 0.2641)
(-4.9591, -2.0154, 0.513)
(-5.4968, -2.2653, 0.6856)
(-1.1193, 1.3241, 1.834)
(-1.5961, 0.9784, 1.5493)
(-1.9358, 0.519, 1.1642)
(-2.3004, 0.0662, 0.7936)
(-2.7034, -0.3684, 0.451)
(-3.1203, -0.7756, 0.1138)
(-3.4882, -1.1845, -0.1887)
(-1.1298, 1.7134, 1.3686)
(-1.6426, 1.3777, 1.096)
(-2.02, 0.9318, 0.73)
(-2.3547, 0.465, 0.3526)
(-2.6771, 0.0017, -0.0078)
(-2.9713, -0.4625, -0.3621)
(-3.1669, -0.8862, -0.6609)
(-1.1378, 2.0997, 0.9018)
(-1.6721, 1.7779, 0.6431)
(-2.0586, 1.3361, 0.2899)
(-2.3616, 0.8623, -0.0833)
(-2.6267, 0.3929, -0.4444)
(-2.8279, -0.0885, -0.8059)
(-2.9163, -0.5235, -1.1127)
(-1.1363, 2.4973, 0.4521)
(-1.5972, 2.1313, 0.1848)
(-1.8788, 1.6295, -0.1652)
(-2.1377, 1.143, -0.5299)
(-2.4336, 0.7235, -0.8877)
(-2.6391, 0.2836, -1.2466)
(-2.6702, -0.1439, -1.5571)
(-1.0216, 2.8292, 0.0519)
(-1.2973, 2.3392, -0.2256)
(-1.535, 1.8324, -0.5996)
(-1.8653, 1.4176, -0.9579)
(-2.2309, 1.0727, -1.3137)
(-2.4296, 0.6564, -1.6859)
(-2.4171, 0.2391, -2.0048)
(-0.9959, 3.0544, -0.3822)
(-1.1096, 2.5263, -0.626)
(-1.3211, 2.1316, -1.002)
(-1.679, 1.7758, -1.3488)
(-1.9532, 1.4004, -1.7064)
(-2.1188, 0.9936, -2.0872)
(-2.1228, 0.6184, -2.4427)
(-1.1155, 3.1455, -0.9195)
(-1.3013, 2.6394, -1.0344)
(-1.4115, 2.3387, -1.3784)
(-1.6285, 2.0576, -1.7669)
(-1.828, 1.6709, -2.1209)
(-1.9955, 1.3251, -2.5335)
(-2.0042, 1.0067, -2.9357)
(-1.0566, 3.0018, -1.4289)
(-1.5192, 2.6266, -1.4193)
(-1.7435, 2.3502, -1.6835)
(-1.8102, 2.1976, -2.1631)
(-1.9805, 1.9974, -2.5679)
(-2.1665, 1.6702, -3.0109)
(-2.1316, 1.3679, -3.4302)
(-1.0074, 3.0509, -1.8501)
(-1.6433, 2.8782, -1.762)
(-2.0729, 2.591, -1.9094)
(-2.1736, 2.3693, -2.4034)
(-2.3178, 2.1459, -2.8262)
(-2.4942, 1.71, -3.2038)
(-2.429, 1.3653, -3.6191)
(-1.1032, 3.5273, -2.077)
(-1.75, 3.37, -2.0454)
(-2.2571, 3.0447, -2.2107)
(-2.574, 2.6687, -2.6036)
(-2.7892, 2.2435, -2.9908)
(-2.8242, 1.7572, -3.385)
(-2.6716, 1.4048, -3.7965)
(-1.1783, 4.0417, -2.2896)
(-1.8021, 3.8057, -2.4134)
(-2.3401, 3.45, -2.6376)
(-2.7951, 3.0361, -2.9351)
(-3.058, 2.5743, -3.3245)
(-2.9717, 2.1369, -3.7922)
(-2.7159, 1.8313, -4.1984)
(-1.205, 4.386, -2.6499)
(-1.8158, 4.1109, -2.8145)
(-2.3739, 3.766, -3.0315)
(-2.865, 3.3726, -3.3048)
(-3.161, 2.9136, -3.683)
(-3.0795, 2.4835, -4.1435)
(-2.791, 2.19, -4.5366)
(-2.2193, -2.3437, 3.2099)
(-2.7245, -2.4671, 3.0411)
(-3.3794, -2.5994, 2.8712)
(-4.04, -2.7289, 2.7029)
(-4.6982, -2.8659, 2.5491)
(-5.2891, -2.9182, 2.2675)
(-5.8979, -2.957, 1.9624)
(-6.5885, -3.0413, 1.83)
