(1.6751, 1.5313, -5.826)
(1.9858, 1.9632, -5.4634)
(2.1736, 2.4555, -5.0119)
(2.3382, 2.9534, -4.5537)
(2.4631, 3.4477, -4.0762)
(1.7576, 1.2049, -5.5409)
(2.0883, 1.6482, -5.1757)
(2.5172, 3.894, -3.5957)
(2.2891, 2.142, -4.7296)
(2.4887, 4.1153, -3.227)
(2.4342, 2.6403, -4.266)
(2.4961, 3.1338, -3.7843)
(2.4792, 3.5767, -3.3066)
(2.4253, 3.9385, -2.9342)
(1.8076, 0.7935, -5.1545)
(2.1222, 1.2582, -4.7774)
(2.3018, 1.7651, -4.3353)
(2.4637, 2.2647, -3.8902)
(2.5665, 2.757, -3.4261)
(2.5213, 3.1598, -2.9698)
(2.3996, 3.4359, -2.5829)
(1.7631, 0.3991, -4.7099)
(1.9938, 0.91, -4.3274)
(2.0929, 1.4537, -3.907)
(2.2208, 1.9486, -3.5076)
(2.4065, 2.4415, -3.0651)
(2.6335, 2.835, -2.6913)
(2.7729, 3.082, -2.2534)
(1.7179, 0.0171, -4.2498)
(1.9837, 0.5127, -3.8903)
(2.0348, 1.0475, -3.4758)
(2.1681, 1.5269, -3.0653)
(2.3054, 2.0395, -2.7018)
(2.3568, 2.5648, -2.5193)
(2.1821, 2.9774, -2.3154)
(1.6826, -0.3625, -3.7839)
(1.9655, 0.1195, -3.4481)
(1.989, 0.6488, -3.067)
(2.1872, 1.0947, -2.6629)
(2.305, 1.5919, -2.2998)
(2.2475, 2.1204, -2.1482)
(2.136, 2.4703, -1.9044)
(1.6442, -0.7236, -3.3032)
(2.0064, -0.2616, -3.0)
(2.1744, 0.2769, -2.6725)
(2.486, 0.7442, -2.38)
(2.5573, 1.2283, -2.0232)
(2.3034, 1.6566, -1.7336)
(2.0668, 1.9649, -1.485)
(1.5906, -1.0579, -2.8035)
(2.0067, -0.6128, -2.5228)
(2.2915, -0.0948, -2.2181)
(2.6173, 0.3689, -1.9483)
(2.6571, 0.8456, -1.5974)
(2.4421, 1.2797, -1.2644)
(2.3627, 1.6585, -0.9973)
(1.5358, -1.3681, -2.2887)
(2.0227, -0.9655, -2.0445)
(2.3918, -0.4828, -1.7657)
(2.6899, -0.0172, -1.4786)
(2.7059, 0.4627, -1.1229)
(2.5661, 0.921, -0.7782)
(2.5239, 1.2985, -0.504)
(1.4691, -1.6404, -1.7541)
(2.0243, -1.2946, -1.5497)
(2.4818, -0.8686, -1.3127)
(2.7501, -0.3938, -1.0093)
(2.7439, 0.0988, -0.6465)
(2.677, 0.5774, -0.2945)
(2.6854, 0.9587, -0.0184)
(1.3936, -1.8778, -1.2025)
(1.9941, -1.5815, -1.0263)
(2.5368, -1.2322, -0.8335)
(2.8314, -0.7586, -0.5389)
(2.8429, -0.2435, -0.1758)
(2.8422, 0.2567, 0.1772)
(2.8762, 0.641, 0.458)
(1.333, -2.1056, -0.647)
(1.9741, -1.8617, -0.4975)
(2.5819, -1.5775, -0.3391)
(2.9585, -1.1185, -0.0755)
(3.0369, -0.569, 0.2757)
(3.0695, -0.0401, 0.6343)
(3.0736, 0.3424, 0.9399)
(1.2256, -2.2238, -0.0647)
(1.8764, -2.0284, 0.0698)
(2.5105, -1.8331, 0.2029)
(2.966, -1.4277, 0.4254)
(3.1589, -0.877, 0.749)
(3.3306, -0.3199, 1.0636)
(3.5271, 0.3035, 1.4308)
(1.1003, -2.2803, 0.531)
(1.7605, -2.1519, 0.6496)
(2.3926, -2.065, 0.7469)
(2.8313, -1.6645, 0.9234)
(4.1803, 0.3113, 1.6542)
(3.1465, -1.1571, 1.1876)
(3.5207, -0.6678, 1.3697)
(4.6748, 0.7461, 1.8452)
(3.9165, -0.1888, 1.3292)
(5.3012, 0.5088, 1.8736)
(4.38, 0.1697, 1.4206)
(0.9876, -2.3399, 1.1356)
(1.6456, -2.2287, 1.2476)
(2.305, -2.2178, 1.3124)
(5.5397, 0.4285, 1.8739)
(2.8845, -1.955, 1.3649)
(4.7419, 0.3432, 1.7913)
(3.3739, -1.5302, 1.4038)
(3.8446, -1.067, 1.4289)
(5.1801, 0.3893, 1.8938)
(4.3049, -0.5927, 1.4028)
(5.4595, 0.6117, 1.8472)
(4.7705, -0.1899, 1.3983)
(0.8899, -2.4124, 1.7226)
(1.5296, -2.261, 1.8674)
(2.2264, -2.1712, 1.9173)
(5.0765, 0.1361, 1.7116)
(2.9012, -1.9937, 1.9207)
(3.5137, -1.7025, 1.8625)
(5.2859, 0.5637, 1.7171)
(4.0835, -1.3478, 1.7701)
(0.8227, -2.4741, 2.1938)
(5.5551, 0.902, 1.615)
(4.6168, -0.9428, 1.6757)
(5.0971, -0.4973, 1.6305)
(2.1613, -2.0047, 2.5147)
(1.3656, -2.2546, 2.5742)
(5.3974, -0.0299, 1.7094)
(2.8475, -1.7948, 2.486)
(3.4967, -1.5552, 2.4185)
(5.4641, 0.4284, 1.4945)
(4.128, -1.305, 2.3216)
(5.6809, 0.7676, 1.2971)
(4.7082, -1.006, 2.208)
(5.0748, -0.5262, 2.0906)
(1.6988, -2.0584, 3.1053)
(2.1891, -1.7979, 3.0835)
(5.2915, 0.0027, 1.9528)
(2.821, -1.5663, 3.0524)
(3.4837, -1.3675, 2.9915)
(5.6459, 0.3943, 1.7423)
(4.1459, -1.1965, 2.9052)
(6.0006, 0.6001, 1.5151)
(4.7003, -0.951, 2.7668)
(4.9295, -0.5143, 2.5016)
(1.8384, -1.8587, 3.6008)
(2.2332, -1.5999, 3.6173)
(5.3694, -0.1752, 2.2436)
(2.822, -1.3405, 3.5897)
(3.4695, -1.1153, 3.5065)
(5.9113, 0.0828, 1.9718)
(4.1258, -0.9411, 3.3964)
(1.9756, -1.6403, 3.8579)
(6.2953, 0.2091, 1.6968)
(4.725, -0.7528, 3.2242)
(2.1813, -1.4175, 4.042)
(2.8323, -1.1695, 4.0285)
(5.1413, -0.4771, 2.8666)
(3.4672, -0.8964, 3.9043)
(5.6822, -0.2178, 2.5878)
(4.0796, -0.6313, 3.6887)
(4.6915, -0.4185, 3.4251)
(6.2552, -0.0028, 2.33)
(5.2829, -0.2444, 3.0918)
(6.6259, 0.0824, 2.05)
(5.8583, -0.0772, 2.8492)
(6.7184, 0.1242, 2.3744)
(6.5566, 0.136, 2.6628)
(-0.736, 4.0598, -2.6048)
(-0.1704, 4.2607, -2.3657)
(0.3832, 4.4779, -2.1604)
(0.9655, 4.3024, -2.1669)
(1.6013, 4.3279, -2.3384)
(-0.5342, 4.2453, -2.4873)
(0.0138, 4.1021, -2.2759)
(2.2152, 4.3374, -2.461)
(0.5562, 4.2245, -2.121)
(2.4795, 4.2471, -2.7397)
(1.1121, 4.2701, -1.9942)
(1.626, 4.0901, -2.1533)
(2.1266, 4.0159, -2.4833)
(2.4223, 3.9484, -2.9169)
(-0.4425, 4.3833, -2.0537)
(0.1754, 4.2416, -1.9633)
(0.6857, 3.9875, -1.8823)
(1.2662, 3.9366, -1.8957)
(1.8056, 3.7859, -1.8975)
(2.2699, 3.6463, -2.1884)
(2.3984, 3.4474, -2.5663)
(-0.4431, 4.2291, -1.5123)
(0.2157, 4.1961, -1.4673)
(0.8312, 3.9458, -1.4864)
(1.3816, 3.6376, -1.6278)
(1.8432, 3.3336, -1.8244)
(2.3452, 3.2634, -1.9741)
(2.7622, 3.0909, -2.2371)
(-0.5126, 3.922, -1.0593)
(0.1167, 3.8112, -1.1155)
(0.7326, 3.5291, -1.2454)
(1.2432, 3.1343, -1.3938)
(1.6826, 2.8652, -1.5937)
(2.0061, 3.0374, -1.9261)
(2.196, 2.9881, -2.2857)
(-0.6498, 3.5543, -0.795)
(-0.027, 3.3442, -0.9738)
(0.5718, 3.0704, -1.1535)
(1.0592, 2.693, -1.1426)
(1.5147, 2.4287, -1.1753)
(1.832, 2.5877, -1.5778)
(2.11, 2.5901, -1.9734)
(-0.5841, 3.3782, -0.2938)
(0.0261, 3.1433, -0.4929)
(0.6102, 2.8828, -0.6837)
(1.083, 2.4904, -0.7109)
(1.5259, 2.1977, -0.7528)
(1.8404, 2.1164, -1.1247)
(2.0942, 1.9596, -1.4426)
(-0.4692, 3.1855, 0.2683)
(0.1525, 2.9834, 0.0778)
(0.7482, 2.7449, -0.1307)
(1.3189, 2.529, -0.2687)
(1.812, 2.2707, -0.4261)
(2.0982, 1.9087, -0.6985)
(2.3769, 1.6714, -0.981)
(-0.3809, 2.8962, 0.7964)
(0.2566, 2.7305, 0.6165)
(0.8628, 2.5032, 0.4031)
(1.4412, 2.2851, 0.2159)
(1.9618, 2.0214, 0.0119)
(2.3397, 1.6587, -0.239)
(2.5241, 1.316, -0.4936)
(-0.3337, 2.5226, 1.2778)
(0.299, 2.3575, 1.0885)
(0.9077, 2.1315, 0.8706)
(1.4877, 1.9006, 0.6748)
(2.0261, 1.6404, 0.471)
(2.4617, 1.3138, 0.2292)
(2.6843, 0.9779, -0.0109)
(-0.3254, 2.088, 1.7057)
(0.2867, 1.8973, 1.4821)
(0.8958, 1.675, 1.2634)
(1.4963, 1.4572, 1.0772)
(2.0706, 1.2233, 0.8939)
(2.5685, 0.946, 0.6818)
(2.8761, 0.6601, 0.4655)
(-0.3177, 1.6243, 2.0984)
(0.2963, 1.4528, 1.878)
(0.9242, 1.2966, 1.7047)
(1.5306, 1.0779, 1.5189)
(2.1178, 0.8353, 1.3287)
(2.6671, 0.594, 1.1286)
(3.0676, 0.3587, 0.951)
(-0.2507, 1.1884, 2.5117)
(0.4014, 1.1491, 2.3642)
(1.0506, 1.1553, 2.2551)
(1.6494, 0.9313, 2.0733)
(2.2334, 0.6536, 1.8684)
(2.8434, 0.4789, 1.6551)
(3.5299, 0.3236, 1.4387)
(-0.1332, 0.8012, 2.9625)
(0.5269, 0.905, 2.8956)
(1.1782, 1.0177, 2.832)
(1.7975, 0.8725, 2.6568)
(4.1666, 0.3132, 1.6914)
(2.3962, 0.659, 2.4418)
(3.0186, 0.615, 2.2014)
(4.6659, 0.7736, 1.8743)
(3.6368, 0.6778, 1.9506)
(5.2722, 0.465, 1.92)
(4.2414, 0.667, 1.8247)
(0.0051, 0.4038, 3.4054)
(0.6568, 0.5873, 3.3995)
(1.3031, 0.7868, 3.3799)
(5.2129, 0.7875, 1.7689)
(1.9486, 0.8067, 3.2315)
(4.8387, 0.6659, 1.9358)
(2.5762, 0.7737, 3.002)
(3.1948, 0.8317, 2.7396)
(5.3556, 0.7872, 1.8792)
(3.7854, 0.9689, 2.4551)
(5.3218, 1.1062, 1.7154)
(4.3943, 0.9445, 2.2352)
(0.133, -0.0271, 3.7837)
(0.7818, 0.1787, 3.8555)
(1.4575, 0.4304, 3.8569)
(5.055, 0.9932, 2.1523)
(2.1282, 0.6276, 3.7674)
(2.7726, 0.7653, 3.5562)
(5.6052, 1.1561, 2.0269)
(3.3961, 0.9034, 3.2857)
(0.2386, -0.4216, 4.022)
(5.5916, 1.4965, 1.95)
(4.0051, 1.0606, 2.9997)
(4.627, 1.1211, 2.7283)
(1.6587, -0.0172, 4.2322)
(0.8933, -0.4108, 4.2272)
(5.2758, 1.2195, 2.5621)
(2.3447, 0.2622, 4.1907)
(3.0056, 0.482, 4.0149)
(5.8603, 1.3903, 2.4507)
(3.6466, 0.6623, 3.7541)
(6.061, 1.6828, 2.257)
(4.2867, 0.8491, 3.4827)
(4.9303, 1.0478, 3.2053)
(1.3958, -0.7021, 4.3812)
(1.9299, -0.5042, 4.4183)
(5.5629, 1.1956, 3.0095)
(2.5782, -0.2528, 4.3859)
(3.2378, -0.0036, 4.2437)
(6.166, 1.393, 2.8833)
(3.8863, 0.2172, 4.0222)
(6.5089, 1.5681, 2.646)
(4.5394, 0.4366, 3.7986)
(5.1829, 0.6696, 3.5316)
(1.6723, -1.1425, 4.3484)
(2.1396, -1.0061, 4.332)
(5.7886, 0.8398, 3.3002)
(2.7596, -0.7831, 4.2961)
(3.4074, -0.5319, 4.1624)
(6.4141, 1.0215, 3.1133)
(4.0387, -0.2904, 3.933)
(1.8856, -1.3777, 4.2153)
(6.8284, 1.1894, 2.9238)
(4.6695, -0.0704, 3.6659)
(2.1914, -1.3938, 4.0761)
(2.8434, -1.1555, 4.064)
(5.3156, 0.1306, 3.3781)
(3.474, -0.8887, 3.9243)
(5.9226, 0.3479, 3.1644)
(4.0879, -0.641, 3.7055)
(4.7023, -0.4297, 3.4424)
(6.535, 0.506, 2.9827)
(5.3211, -0.2816, 3.0921)
(6.9588, 0.6782, 2.8738)
(6.0504, -0.0171, 2.8231)
(6.8831, 0.3443, 2.7908)
(6.6396, 0.1509, 2.7073)
(1.1222, 1.3659, -5.8092)
(0.6681, 1.4267, -5.3732)
(0.1493, 1.3484, -5.1133)
(-0.3054, 1.0459, -5.3025)
(-0.9314, 1.0625, -5.3759)
(-1.565, 1.3146, -5.3022)
(1.2228, 0.9866, -5.5846)
(0.7698, 1.054, -5.1635)
(0.2608, 1.0475, -4.8304)
(-2.1061, 1.62, -5.0973)
(-0.2886, 0.8368, -4.9293)
(-2.4486, 1.7601, -4.8761)
(-0.9348, 0.8891, -4.9881)
(-1.5723, 1.1258, -4.9275)
(-2.1504, 1.3401, -4.7837)
(-2.5249, 1.5996, -4.5779)
(1.3112, 0.5088, -5.2988)
(0.8245, 0.5491, -4.9558)
(0.3467, 0.6235, -4.535)
(-0.2388, 0.575, -4.4561)
(-0.878, 0.7625, -4.4766)
(-1.5249, 0.9488, -4.4536)
(-2.1344, 0.9861, -4.3677)
(-2.5361, 1.1463, -4.1621)
(1.3087, 0.0443, -4.96)
(0.7244, 0.0014, -4.8756)
(0.2098, 0.0985, -4.508)
(-0.3203, 0.1708, -4.193)
(-0.8975, 0.4008, -4.1554)
(-1.4595, 0.5915, -4.1468)
(-2.0395, 0.6821, -4.009)
(-2.4267, 0.743, -3.7212)
(1.2393, -0.3506, -4.5266)
(0.6232, -0.4947, -4.6448)
(-0.0022, -0.4062, -4.5347)
(-0.59, -0.2285, -4.3191)
(-1.0795, 0.0544, -4.1404)
(-1.3348, 0.3887, -3.8025)
(-1.7519, 0.7504, -3.6882)
(-2.0781, 1.2963, -3.7953)
(1.1594, -0.6968, -4.0363)
(0.5265, -0.8641, -4.1971)
(-0.1458, -0.8436, -4.236)
(-0.7605, -0.6643, -4.1405)
(-1.1365, -0.2961, -3.8356)
(-1.3487, 0.1026, -3.4133)
(-1.648, 0.4848, -3.2418)
(-1.7905, 0.8683, -3.5163)
(1.0858, -1.0279, -3.53)
(0.4421, -1.1844, -3.684)
(-0.2339, -1.1656, -3.7401)
(-0.8733, -0.9674, -3.6772)
(-1.3811, -0.6303, -3.4816)
(-1.6914, -0.196, -3.1528)
(-1.8399, 0.2305, -2.8201)
(-2.0328, 0.5676, -2.8269)
(1.0157, -1.3481, -3.0148)
(0.368, -1.5025, -3.1646)
(-0.3071, -1.4912, -3.2273)
(-0.9504, -1.2969, -3.1752)
(-1.5045, -0.9931, -3.0307)
(-1.9218, -0.5953, -2.804)
(-2.1529, -0.1428, -2.5147)
(-2.2908, 0.2405, -2.3335)
(0.9428, -1.6457, -2.4857)
(0.2956, -1.8105, -2.6375)
(-0.3768, -1.8187, -2.712)
(-1.0093, -1.6169, -2.6579)
(-1.5381, -1.2897, -2.5001)
(-1.9842, -0.9059, -2.2952)
(-2.3169, -0.481, -2.0562)
(-2.5099, -0.114, -1.8562)
(0.8625, -1.9095, -1.9397)
(0.2197, -2.0954, -2.0973)
(-0.4473, -2.1321, -2.1865)
(-1.0681, -1.9177, -2.1311)
(-1.5613, -1.5433, -1.9516)
(-2.0138, -1.1511, -1.7456)
(-2.4196, -0.7614, -1.535)
(-2.6913, -0.423, -1.3575)
(0.7762, -2.1394, -1.3792)
(0.1369, -2.3498, -1.543)
(-0.5252, -2.4366, -1.6559)
(-1.1539, -2.2432, -1.6234)
(-1.647, -1.8414, -1.439)
(-2.1059, -1.4239, -1.2253)
(-2.5437, -1.0337, -1.0212)
(-2.8712, -0.7248, -0.8625)
(0.6918, -2.3381, -0.8085)
(0.0461, -2.5603, -0.9737)
(-0.6128, -2.7235, -1.1209)
(-1.2654, -2.6054, -1.1457)
(-1.7883, -2.1955, -0.9754)
(-2.2599, -1.7436, -0.7511)
(-2.7154, -1.3231, -0.535)
(-3.0597, -0.9981, -0.3562)
(0.5827, -2.4452, -0.2172)
(-0.0557, -2.6767, -0.3784)
(-0.7004, -2.8856, -0.536)
(-1.3549, -2.8807, -0.614)
(-1.9112, -2.5208, -0.4883)
(-2.4235, -2.0877, -0.297)
(-2.9326, -1.66, -0.1186)
(-3.4856, -1.1851, 0.1365)
(0.4637, -2.5021, 0.3843)
(-0.1633, -2.7454, 0.2251)
(-0.7942, -2.9741, 0.0647)
(-1.4302, -3.0555, -0.0453)
(-2.0072, -2.7914, 0.0044)
(-4.1639, -1.0561, 0.0128)
(-2.5935, -2.4646, 0.0611)
(-3.1682, -2.107, 0.0407)
(-4.5746, -1.3009, 0.5305)
(-3.7142, -1.7246, -0.0949)
(-5.1949, -1.4712, 0.3002)
(0.3532, -2.5597, 0.9908)
(-4.2766, -1.441, -0.1469)
(-0.2748, -2.7936, 0.8322)
(-0.9102, -2.9965, 0.6684)
(-1.5655, -3.1071, 0.5031)
(-5.356, -1.2757, 0.1329)
(-2.2106, -3.0458, 0.3509)
(-4.8122, -1.3573, 0.1237)
(-2.8262, -2.8377, 0.1727)
(-3.3973, -2.5126, -0.0222)
(-5.3386, -1.24, 0.1941)
(-3.9461, -2.1499, -0.2376)
(-5.6015, -1.2666, -0.0137)
(-4.4901, -1.7897, -0.3784)
(0.2594, -2.6203, 1.5607)
(-0.379, -2.8155, 1.4195)
(-1.0278, -2.9395, 1.2797)
(-1.704, -2.9625, 1.0586)
(-5.0142, -1.4473, -0.2932)
(-2.3679, -2.8999, 0.8247)
(-3.0084, -2.7753, 0.6093)
(-5.5486, -1.167, -0.2175)
(-3.6114, -2.5427, 0.3732)
(0.1959, -2.6725, 1.9612)
(-0.4671, -2.8489, 1.8894)
(-5.9587, -1.0358, -0.1845)
(-4.1949, -2.2596, 0.1233)
(-4.7759, -1.9764, -0.1189)
(-1.8886, -2.9694, 1.6336)
(-1.128, -2.9634, 1.9933)
(-5.3291, -1.6724, -0.334)
(-2.5408, -2.8384, 1.3716)
(-3.1485, -2.6151, 1.1212)
(-5.8072, -1.3635, -0.5275)
(-3.7336, -2.3547, 0.8507)
(-6.2219, -1.1653, -0.5467)
(-4.3251, -2.0964, 0.5739)
(-4.9481, -1.8883, 0.31)
(-1.6411, -3.015, 2.3446)
(-2.1697, -3.0371, 2.149)
(-5.5606, -1.729, 0.0383)
(-2.7934, -2.9559, 1.8878)
(-3.4042, -2.7666, 1.5945)
(-6.0893, -1.6483, -0.2858)
(-3.9905, -2.54, 1.2822)
(-6.504, -1.586, -0.5062)
(-4.5836, -2.3453, 0.9395)
(-5.2118, -2.1885, 0.5973)
(-1.9521, -2.9595, 2.7816)
(-2.4167, -2.9621, 2.6401)
(-5.8195, -2.0672, 0.3242)
(-3.0282, -2.9379, 2.3991)
(-3.6526, -2.8286, 2.0898)
(-6.3955, -1.9682, 0.0881)
(-4.2546, -2.7017, 1.7427)
(-2.204, -2.8779, 3.0136)
(-6.8299, -1.8548, -0.1064)
(-4.8532, -2.5753, 1.3696)
(-2.5228, -2.7585, 3.0309)
(-3.1831, -2.8073, 2.7999)
(-5.4608, -2.3854, 1.0049)
(-3.8182, -2.7523, 2.4931)
(-6.0703, -2.2595, 0.7273)
(-4.4147, -2.6795, 2.1296)
(-5.0067, -2.6035, 1.7684)
(-6.6488, -2.1668, 0.5321)
(-5.4775, -2.3135, 1.3548)
(-7.0637, -2.0302, 0.3603)
(-6.1155, -2.1855, 1.1169)
(-7.027, -2.0711, 0.6982)
(-6.7919, -2.1292, 0.9455)
(-1.1641, 4.1141, -2.874)
(-1.4846, 3.7819, -2.7107)
(-2.0394, 3.5164, -2.7898)
(-2.4206, 3.0992, -3.0161)
(-2.3931, 2.5736, -3.1773)
(-2.606, 2.3362, -3.6758)
(-1.0948, 4.3245, -2.6443)
(-1.5074, 3.9284, -2.7404)
(-1.842, 3.3892, -2.7852)
(-2.8353, 2.0409, -4.1986)
(-2.2438, 2.902, -2.8104)
(-2.805, 1.8218, -4.5518)
(-2.4626, 2.3814, -3.0086)
(-2.501, 2.0441, -3.5144)
(-2.5939, 1.795, -4.0786)
(-2.5389, 1.6038, -4.5621)
(-1.0803, 4.2634, -2.1517)
(-1.578, 3.8865, -2.2942)
(-1.8082, 3.3026, -2.3861)
(-2.0364, 2.7105, -2.5589)
(-2.2561, 2.1575, -2.8757)
(-2.4278, 1.6838, -3.2851)
(-2.6125, 1.4096, -3.7717)
(-2.5476, 1.1524, -4.1453)
(-1.0577, 3.9842, -1.6363)
(-1.6169, 3.6354, -1.8146)
(-2.0354, 3.1894, -2.0345)
(-2.2594, 2.6388, -2.327)
(-2.4486, 2.0761, -2.6016)
(-2.5465, 1.5743, -2.961)
(-2.5323, 1.1614, -3.4169)
(-2.444, 0.7448, -3.7066)
(-1.0524, 3.6736, -1.1874)
(-1.5347, 3.2834, -1.4293)
(-1.8716, 2.8654, -1.7617)
(-1.9999, 2.3769, -2.1489)
(-2.1968, 1.9035, -2.3135)
(-2.2054, 1.6371, -2.7668)
(-2.1465, 1.2609, -3.227)
(-1.9948, 1.1844, -3.6779)
(-1.2267, 3.5657, -0.7466)
(-1.5613, 3.1657, -0.9625)
(-1.5497, 2.7101, -1.3797)
(-1.6069, 2.1905, -1.7766)
(-1.8032, 1.7155, -1.9906)
(-1.9544, 1.4248, -2.4115)
(-1.946, 1.0497, -2.8704)
(-1.7893, 0.8155, -3.3269)
(-1.1617, 3.3814, -0.2321)
(-1.3695, 2.9394, -0.4943)
(-1.3143, 2.463, -0.9307)
(-1.442, 1.9581, -1.3261)
(-1.72, 1.4913, -1.5927)
(-1.9186, 1.1512, -1.9954)
(-1.9733, 0.7722, -2.3916)
(-2.0069, 0.5451, -2.7808)
(-1.0345, 3.1311, 0.2898)
(-1.2029, 2.6849, -0.0266)
(-1.3692, 2.202, -0.4454)
(-1.6825, 1.7924, -0.8626)
(-2.0456, 1.4182, -1.2287)
(-2.262, 1.0105, -1.6421)
(-2.3295, 0.5757, -2.0109)
(-2.2928, 0.2503, -2.3115)
(-0.9872, 2.8265, 0.7943)
(-1.3183, 2.4295, 0.4649)
(-1.5933, 1.9686, 0.0471)
(-1.8921, 1.5421, -0.375)
(-2.1446, 1.1302, -0.7799)
(-2.282, 0.6903, -1.1917)
(-2.4124, 0.2481, -1.5568)
(-2.5156, -0.0997, -1.841)
(-0.9652, 2.4539, 1.2687)
(-1.4037, 2.0994, 0.9576)
(-1.6925, 1.6479, 0.536)
(-1.9002, 1.191, 0.0903)
(-2.0213, 0.7418, -0.3503)
(-2.1814, 0.2922, -0.7496)
(-2.4275, -0.1256, -1.0933)
(-2.7005, -0.4095, -1.3432)
(-0.9523, 2.0605, 1.7353)
(-1.3962, 1.7216, 1.434)
(-1.6282, 1.2672, 0.9911)
(-1.7489, 0.804, 0.5126)
(-1.9124, 0.3492, 0.0739)
(-2.1924, -0.0848, -0.299)
(-2.551, -0.4523, -0.622)
(-2.8869, -0.7137, -0.8511)
(-0.9233, 1.6492, 2.1903)
(-1.3257, 1.3204, 1.8877)
(-1.4878, 0.8729, 1.4183)
(-1.6822, 0.4435, 0.9558)
(-1.996, 0.0258, 0.5482)
(-2.3477, -0.3797, 0.183)
(-2.788, -0.6509, -0.1303)
(-3.0773, -0.9846, -0.3378)
(-0.8482, 1.2138, 2.6257)
(-1.2358, 0.8975, 2.3203)
(-1.4408, 0.4906, 1.8556)
(-1.8363, 0.185, 1.4465)
(-2.2215, -0.2067, 1.0539)
(-2.5889, -0.579, 0.6851)
(-3.0836, -0.6936, 0.3806)
(-3.5045, -1.172, 0.162)
(-0.747, 0.7635, 3.0443)
(-1.1911, 0.4702, 2.7488)
(-1.536, 0.1293, 2.3169)
(-2.0337, -0.0836, 1.9527)
(-2.454, -0.4344, 1.5663)
(-4.1819, -1.0216, -0.0098)
(-2.8649, -0.726, 1.2008)
(-3.3631, -0.6724, 0.9297)
(-4.5057, -1.2962, 0.5724)
(-3.8361, -0.9291, 0.703)
(-5.2474, -1.4273, 0.3344)
(-0.6312, 0.2776, 3.413)
(-4.3845, -0.9895, 0.47)
(-1.1594, 0.016, 3.1519)
(-1.6409, -0.2417, 2.7856)
(-2.1969, -0.3894, 2.4556)
(-5.4608, -1.3861, 0.1177)
(-2.6797, -0.6505, 2.0797)
(-4.9357, -1.1719, 0.4787)
(-3.1523, -0.825, 1.7209)
(-3.6481, -0.6768, 1.4647)
(-5.3841, -1.294, 0.295)
(-4.1538, -0.7999, 1.2227)
(-5.7284, -1.2162, -0.0222)
(-4.6812, -0.8802, 0.907)
(-0.5099, -0.2188, 3.685)
(-1.1101, -0.4606, 3.4936)
(-1.6877, -0.6712, 3.2356)
(-2.3041, -0.7729, 2.9241)
(-5.2499, -0.9448, 0.6722)
(-2.8768, -0.8958, 2.5759)
(-3.4254, -0.9386, 2.2163)
(-5.7469, -0.9674, 0.37)
(-3.9775, -0.871, 1.9009)
(-0.4265, -0.5829, 3.8502)
(-1.0653, -0.8729, 3.7266)
(-6.1061, -0.8293, 0.0335)
(-4.5592, -0.801, 1.6635)
(-5.1245, -0.8326, 1.2861)
(-2.4097, -1.2702, 3.2581)
(-1.6523, -1.2667, 3.6365)
(-5.6615, -0.8241, 0.9767)
(-3.0578, -1.2959, 2.9585)
(-3.6602, -1.2815, 2.6172)
(-6.2045, -0.7446, 0.6658)
(-4.2536, -1.2273, 2.2909)
(-6.5215, -0.5309, 0.3551)
(-4.874, -1.1281, 2.0397)
(-5.497, -1.07, 1.6489)
(-2.0248, -1.7964, 3.5737)
(-2.547, -1.8293, 3.361)
(-6.1005, -0.948, 1.2934)
(-3.1796, -1.8446, 3.1099)
(-3.8073, -1.8115, 2.7984)
(-6.6346, -0.7608, 1.0326)
(-4.4142, -1.7545, 2.4655)
(-6.9722, -0.6408, 0.7365)
(-5.0274, -1.6954, 2.158)
(-5.6516, -1.5635, 1.8037)
(-2.1674, -2.313, 3.4514)
(-2.6072, -2.3688, 3.2608)
(-6.2932, -1.3827, 1.4905)
(-3.214, -2.3966, 3.0205)
(-3.8359, -2.359, 2.7088)
(-6.8673, -1.1893, 1.2406)
(-4.4247, -2.2973, 2.3521)
(-2.2915, -2.594, 3.2656)
(-7.2436, -1.0865, 0.9957)
(-5.0133, -2.2584, 2.0289)
(-2.5202, -2.7469, 3.0514)
(-3.1784, -2.795, 2.8215)
(-5.5434, -2.0934, 1.6325)
(-3.8114, -2.7524, 2.5212)
(-6.1641, -1.9047, 1.3756)
(-4.4062, -2.672, 2.1563)
(-4.9941, -2.5918, 1.7946)
(-6.8024, -1.7508, 1.2006)
(-5.4234, -2.3192, 1.2971)
(-7.2382, -1.6319, 1.0509)
(-6.0523, -2.1782, 1.0868)
(-7.1, -1.9605, 1.0206)
(-6.8093, -2.1069, 0.9707)
(2.6848, 0.9683, -0.0147)
(2.399, 3.4417, -2.5746)
(2.1864, -1.4057, 4.059)
(2.0805, 1.9623, -1.4638)
(2.8378, -1.1625, 4.0463)
(3.4706, -0.8926, 3.9143)
(2.8761, 0.6506, 0.4617)
(4.0837, -0.6362, 3.6971)
(4.6969, -0.4241, 3.4337)
(5.302, -0.263, 3.0919)
(5.9544, -0.0471, 2.8361)
(2.7675, 3.0864, -2.2453)
(6.5981, 0.1435, 2.6851)
(2.3698, 1.665, -0.9891)
(2.524, 1.3073, -0.4988)
(4.1735, 0.3122, 1.6728)
(3.0706, 0.3506, 0.9454)
(3.5285, 0.3135, 1.4347)
(4.6704, 0.7598, 1.8598)
(5.2867, 0.4869, 1.8968)
(2.4238, 3.9435, -2.9256)
(2.1891, 2.9827, -2.3005)
(2.123, 2.5302, -1.9389)
(6.4605, 0.0519, 2.1919)
(6.386, 0.0414, 2.4982)
(6.6557, 0.1351, 2.5198)
(6.7109, 0.0989, 2.2219)
(5.4563, 0.4488, 1.8727)
(5.2045, 0.4153, 1.8971)
(5.3387, 0.4804, 1.8766)
(5.5075, 0.4831, 1.8741)
(5.2138, 0.4827, 1.8346)
(5.4131, 0.745, 1.6664)
(5.4894, 0.7881, 1.7654)
(5.3737, 0.5116, 1.567)
(5.5523, 0.6096, 1.3853)
(5.6046, 0.866, 1.4144)
(5.551, 0.4209, 1.5856)
(5.8277, 0.5121, 1.6286)
(5.8283, 0.6995, 1.3696)
(5.7633, 0.2508, 1.8576)
(6.1199, 0.158, 1.834)
(6.1477, 0.4068, 1.6064)
(6.0879, 0.0006, 2.1405)
(6.4699, 0.1057, 1.8575)
(1.9306, -1.9259, 3.0947)
(1.7815, -1.9608, 3.3758)
(2.0178, -1.7299, 3.6122)
(2.2136, -1.6969, 3.3631)
(2.4922, -1.678, 3.0706)
(2.5088, -1.4685, 3.6107)
(2.8196, -1.4498, 3.3321)
(3.1525, -1.4623, 3.0258)
(3.1442, -1.2214, 3.5536)
(3.4768, -1.2447, 3.2637)
(3.8154, -1.2817, 2.9512)
(3.7972, -1.0241, 3.4532)
(4.1412, -1.0843, 3.1735)
(4.4611, -1.0971, 2.85)
(4.4467, -0.8561, 3.3311)
(4.7135, -0.872, 3.0228)
(4.8247, -0.7394, 2.6424)
(4.9383, -0.6203, 3.0532)
(5.0111, -0.5126, 2.6949)
(5.1152, -0.3296, 2.3706)
(5.3918, -0.3435, 2.7152)
(5.5217, -0.2272, 2.4165)
(5.65, -0.0331, 2.1099)
(5.9846, -0.098, 2.4615)
(1.8096, -2.1131, 2.5246)
(1.5621, -2.1542, 2.8284)
(2.1664, -1.9025, 2.801)
(2.5068, -1.9017, 2.5042)
(2.8291, -1.6801, 2.7686)
(3.1763, -1.6781, 2.457)
(3.4877, -1.4649, 2.706)
(3.8136, -1.4308, 2.373)
(4.1381, -1.2605, 2.6166)
(4.4349, -1.172, 2.266)
(4.7042, -0.9908, 2.4926)
(4.9222, -0.7852, 2.1495)
(4.9755, -0.5162, 2.3049)
(5.1799, -0.2549, 2.0287)
(5.2864, -0.0724, 2.0935)
(5.4555, 0.2233, 1.8542)
(0.5757, -2.5135, 1.64)
(0.2249, -2.6473, 1.777)
(0.5149, -2.5761, 2.0587)
(0.8535, -2.4446, 1.9693)
(1.2042, -2.3261, 1.8035)
(1.1128, -2.364, 2.3635)
(1.4746, -2.2576, 2.1815)
(1.8743, -2.2173, 1.902)
(2.1859, -2.0969, 2.2195)
(2.5709, -2.0983, 1.925)
(2.8763, -1.9095, 2.2053)
(3.2144, -1.8592, 1.8988)
(3.5138, -1.6511, 2.1373)
(3.8032, -1.5316, 1.8179)
(4.1199, -1.3517, 2.033)
(4.3543, -1.1513, 1.723)
(4.6868, -1.0029, 1.9218)
(4.8691, -0.7237, 1.6331)
(5.1291, -0.5357, 1.8503)
(5.282, -0.2663, 1.6846)
(5.3674, -0.0104, 1.8113)
(5.4349, 0.209, 1.6268)
(0.6683, -2.443, 1.0658)
(0.3029, -2.5905, 1.2912)
(0.9356, -2.3761, 1.4392)
(1.3136, -2.2636, 1.1975)
(1.5863, -2.251, 1.5569)
(1.9801, -2.2342, 1.2838)
(2.2665, -2.2173, 1.6122)
(2.6078, -2.12, 1.3397)
(2.9064, -2.014, 1.6319)
(3.1357, -1.7522, 1.3859)
(3.469, -1.6593, 1.6023)
(3.611, -1.3016, 1.4195)
(3.9891, -1.2425, 1.5568)
(4.0724, -0.8271, 1.4264)
(4.4836, -0.7931, 1.5067)
(4.5473, -0.3768, 1.3667)
(4.965, -0.3717, 1.4793)
(4.9451, -0.0322, 1.5526)
(5.28, 0.0308, 1.6844)
(5.1811, 0.347, 1.7538)
(0.7796, -2.3846, 0.46)
(0.407, -2.5298, 0.6868)
(1.0423, -2.3079, 0.8318)
(1.4277, -2.1998, 0.5951)
(1.7036, -2.1963, 0.9453)
(2.0916, -2.1295, 0.6951)
(2.3451, -2.1612, 1.0246)
(2.6376, -1.8989, 0.8212)
(2.842, -1.8193, 1.1395)
(2.9899, -1.4108, 1.0519)
(3.2425, -1.345, 1.2952)
(3.3278, -0.9115, 1.3051)
(3.6732, -0.8676, 1.3983)
(3.7104, -0.4214, 1.3618)
(4.1068, -0.3885, 1.3442)
(4.1534, 0.011, 1.3333)
(4.562, 0.0022, 1.3789)
(4.5613, 0.2821, 1.6059)
(4.8791, 0.2358, 1.7543)
(4.9639, 0.3602, 1.8802)
(0.9034, -2.3328, -0.1393)
(0.5229, -2.4759, 0.0829)
(1.1624, -2.2547, 0.2322)
(1.5494, -2.1205, 0.0053)
(1.818, -2.0941, 0.3586)
(2.2037, -1.9449, 0.1312)
(2.4506, -1.9518, 0.4749)
(2.7724, -1.6582, 0.2993)
(2.8919, -1.5425, 0.6824)
(3.0814, -1.1601, 0.5806)
(3.1414, -1.0091, 0.9939)
(3.2413, -0.5965, 0.9132)
(3.4204, -0.4835, 1.2503)
(3.4227, -0.0399, 1.2055)
(3.7465, 0.0153, 1.3575)
(3.8537, 0.3074, 1.5425)
(4.253, 0.2844, 1.5196)
(4.4276, 0.5287, 1.7497)
(4.6913, 0.4888, 1.8127)
(4.988, 0.6275, 1.8594)
(1.0128, -2.2235, -0.7268)
(0.6402, -2.4023, -0.515)
(1.285, -2.1782, -0.3589)
(1.6528, -1.9843, -0.5703)
(1.9333, -1.9567, -0.2176)
(2.2929, -1.7346, -0.4258)
(2.5597, -1.7134, -0.0716)
(2.8104, -1.3681, -0.2219)
(2.9879, -1.285, 0.1702)
(3.0205, -0.8479, 0.0937)
(3.1213, -0.729, 0.507)
(3.0507, -0.2943, 0.4595)
(3.2071, -0.1769, 0.8541)
(3.0884, 0.1786, 0.7927)
(3.3003, 0.3229, 1.1853)
(1.0872, -2.0136, -1.2915)
(0.7354, -2.2468, -1.0959)
(1.3652, -1.9993, -0.9267)
(1.6957, -1.7334, -1.1137)
(1.9885, -1.7297, -0.7646)
(2.2835, -1.4195, -0.9379)
(2.5675, -1.4127, -0.5908)
(2.7246, -1.0073, -0.6991)
(2.8972, -0.9406, -0.3092)
(2.8563, -0.503, -0.3613)
(2.9352, -0.4073, 0.0505)
(2.8361, 0.0164, 0.0077)
(2.9471, 0.1044, 0.408)
(2.8573, 0.461, 0.3246)
(2.9749, 0.4917, 0.699)
(1.1708, -1.7842, -1.8494)
(0.819, -2.0273, -1.6608)
(1.4297, -1.7599, -1.4791)
(1.7554, -1.4777, -1.6545)
(2.0089, -1.4391, -1.2896)
(2.2695, -1.0902, -1.4376)
(2.5104, -1.0516, -1.0753)
(2.6492, -0.6349, -1.1702)
(2.7837, -0.5768, -0.7729)
(2.7716, -0.149, -0.832)
(2.7803, -0.075, -0.4088)
(2.7044, 0.3463, -0.463)
(2.7516, 0.4143, -0.057)
(2.6752, 0.7785, -0.15)
(2.7808, 0.7999, 0.2198)
(1.249, -1.5216, -2.3927)
(0.9038, -1.7823, -2.2148)
(1.5047, -1.51, -2.0241)
(1.7958, -1.1817, -2.1727)
(2.0284, -1.1359, -1.8009)
(2.2152, -0.7266, -1.9062)
(2.4411, -0.678, -1.5417)
(2.563, -0.2487, -1.6275)
(2.7208, -0.2072, -1.2446)
(2.7335, 0.2211, -1.3067)
(2.7232, 0.2781, -0.8849)
(2.6356, 0.6998, -0.9429)
(2.6186, 0.7464, -0.5354)
(2.5329, 1.1182, -0.6352)
(2.6047, 1.1286, -0.2612)
(1.3175, -1.2215, -2.9174)
(0.9799, -1.5005, -2.7523)
(1.5636, -1.2166, -2.5482)
(1.8223, -0.8525, -2.6709)
(2.0124, -0.7893, -2.2838)
(2.1488, -0.3521, -2.3666)
(2.3401, -0.2873, -1.9899)
(2.4659, 0.1406, -2.0867)
(2.6542, 0.1752, -1.7126)
(2.6836, 0.6069, -1.78)
(2.6825, 0.6521, -1.3602)
(2.5553, 1.0715, -1.4227)
(2.5084, 1.0998, -1.0214)
(2.377, 1.4705, -1.1251)
(2.4433, 1.4785, -0.7507)
(1.3814, -0.895, -3.4261)
(1.0507, -1.19, -3.2738)
(1.6184, -0.8938, -3.0555)
(1.8585, -0.5105, -3.1597)
(2.01, -0.4391, -2.7636)
(2.0875, 0.0105, -2.8324)
(2.2449, 0.0926, -2.4502)
(2.3275, 0.515, -2.5297)
(2.5753, 0.5611, -2.1812)
(2.5718, 0.9859, -2.2028)
(2.6279, 1.0406, -1.8288)
(2.4446, 1.4542, -1.8691)
(2.3688, 1.4607, -1.505)
(2.1959, 1.8315, -1.6039)
(2.2148, 1.8117, -1.2411)
(1.4413, -0.5497, -3.921)
(1.1218, -0.8634, -3.7842)
(1.665, -0.5462, -3.5459)
(1.8655, -0.1362, -3.6244)
(1.9838, -0.074, -3.2266)
(1.9786, 0.3901, -3.2611)
(2.0676, 0.4612, -2.8739)
(2.073, 0.8762, -2.8679)
(2.3266, 0.9152, -2.5241)
(2.27, 1.3314, -2.4592)
(2.4237, 1.4045, -2.1616)
(2.2916, 1.8684, -2.2148)
(2.2615, 1.8796, -1.9436)
(2.1923, 2.3137, -2.0405)
(2.1014, 2.2176, -1.6947)
(1.501, -0.1888, -4.402)
(1.1988, -0.5273, -4.2853)
(1.6999, -0.1738, -4.018)
(1.8835, 0.2539, -4.0789)
(1.9729, 0.3141, -3.6699)
(2.0164, 0.7836, -3.6858)
(1.9955, 0.8431, -3.2672)
(2.0899, 1.2905, -3.27)
(2.152, 1.302, -2.8472)
(2.2432, 1.7747, -2.8639)
(2.2768, 1.81, -2.4909)
(2.3473, 2.3154, -2.6042)
(2.2691, 2.3603, -2.3538)
(2.3188, 2.7612, -2.3991)
(2.1591, 2.7238, -2.1099)
(1.5625, 0.189, -4.865)
(1.2783, -0.1614, -4.7542)
(1.738, 0.208, -4.4806)
(1.9039, 0.6442, -4.5274)
(1.9785, 0.7163, -4.1078)
(2.0482, 1.1853, -4.1159)
(2.0521, 1.2598, -3.6904)
(2.1504, 1.7038, -3.7101)
(2.1751, 1.7503, -3.2917)
(2.302, 2.1999, -3.285)
(2.3444, 2.2545, -2.8904)
(2.5359, 2.6543, -2.8715)
(2.5168, 2.711, -2.6135)
(2.662, 2.9835, -2.5016)
(2.4775, 3.0297, -2.2844)
(1.571, 0.6138, -5.2789)
(1.3219, 0.269, -5.1387)
(1.7924, 0.5923, -4.9359)
(1.9897, 1.0145, -4.9802)
(2.0594, 1.0833, -4.5532)
(2.2197, 1.5112, -4.559)
(2.1997, 1.6105, -4.1222)
(2.3839, 2.015, -4.1135)
(2.347, 2.1084, -3.7024)
(2.5314, 2.5163, -3.6606)
(2.5012, 2.5986, -3.243)
(2.5552, 2.9731, -3.1915)
(2.607, 2.9804, -2.8125)
(2.4856, 3.316, -2.7708)
(2.5862, 3.2589, -2.4182)
(1.4962, 1.0563, -5.6228)
(1.2739, 0.7551, -5.4487)
(1.7925, 1.0044, -5.3595)
(1.9506, 1.4109, -5.3802)
(2.1261, 1.4543, -4.9892)
(2.1972, 1.8939, -4.956)
(2.3245, 1.9509, -4.5433)
(2.3697, 2.391, -4.4996)
(2.48, 2.4502, -4.0838)
(2.4765, 2.8891, -4.0279)
(2.5482, 2.9436, -3.6107)
(2.4946, 3.3681, -3.5379)
(2.4796, 3.3703, -3.1404)
(2.4566, 3.752, -3.1063)
(2.4124, 3.6872, -2.7585)
(1.4055, 1.4095, -5.8801)
(1.1717, 1.1861, -5.7022)
(1.7171, 1.377, -5.6922)
(1.8616, 1.7266, -5.6726)
(2.0387, 1.8147, -5.3292)
(2.0849, 2.2084, -5.2394)
(2.2346, 2.3076, -4.8811)
(2.2588, 2.7041, -4.7839)
(2.3841, 2.8054, -4.419)
(2.4077, 3.202, -4.3186)
(2.4693, 3.2992, -3.9367)
(2.5008, 3.6846, -3.8284)
(2.4951, 3.7471, -3.4564)
(2.5108, 4.0503, -3.3969)
(2.4587, 4.0602, -3.0761)
(1.8993, -1.7511, 3.7525)
(2.0727, -1.5289, 3.9513)
(2.2393, -1.5062, 3.8296)
(2.5068, -1.2935, 4.0353)
(2.8258, -1.2482, 3.8123)
(3.1497, -1.033, 3.9664)
(3.4657, -1.001, 3.7107)
(3.7734, -0.7639, 3.7965)
(4.1042, -0.7904, 3.5575)
(4.3856, -0.5249, 3.5569)
(4.7142, -0.5978, 3.3442)
(4.9872, -0.3314, 3.2585)
(5.2282, -0.3799, 2.9975)
(5.5706, -0.1608, 2.9705)
(5.7947, -0.1579, 2.7313)
(6.2075, 0.0294, 2.756)
(6.5695, 0.3109, 2.8618)
(6.7663, 0.589, 2.9212)
(6.9462, 0.4851, 2.8287)
(6.7734, 0.2391, 2.7503)
(5.2599, 0.6526, 1.8771)
(5.229, 0.6295, 1.8421)
(5.2466, 0.9382, 1.7129)
(5.3919, 0.9299, 1.8021)
(5.4776, 0.9681, 1.9202)
(5.4315, 1.3067, 1.8081)
(5.6517, 1.3107, 1.9816)
(5.7287, 1.2983, 2.217)
(5.8128, 1.6266, 2.0963)
(5.9973, 1.5258, 2.3629)
(6.0113, 1.4321, 2.6804)
(6.2973, 1.6618, 2.4471)
(6.3629, 1.4845, 2.7771)
(6.3044, 1.2475, 3.0395)
(6.6889, 1.4081, 2.8207)
(6.6432, 1.1076, 3.0197)
(6.4883, 0.7565, 3.0812)
(6.9193, 0.9289, 2.9246)
(1.5556, -0.9282, 4.3862)
(1.6517, -0.6084, 4.4044)
(2.0486, -0.7655, 4.4045)
(1.8914, -1.0822, 4.3402)
(2.2444, -0.3828, 4.4143)
(2.6807, -0.531, 4.3717)
(2.4358, -0.9034, 4.3215)
(2.9103, -0.1249, 4.3286)
(3.3352, -0.2797, 4.2362)
(3.0855, -0.6576, 4.2436)
(3.5623, 0.1095, 4.1364)
(3.9766, -0.0455, 4.0133)
(3.7248, -0.4092, 4.0555)
(4.2119, 0.324, 3.9134)
(4.6206, 0.1777, 3.773)
(4.3515, -0.1768, 3.8041)
(4.8666, 0.5574, 3.667)
(5.2655, 0.397, 3.4992)
(4.9956, 0.0286, 3.5177)
(5.4828, 0.7588, 3.4085)
(5.8634, 0.5907, 3.2767)
(5.6183, 0.2426, 3.264)
(6.1145, 0.9293, 3.2044)
(6.2413, 0.4312, 3.0673)
(1.1723, -0.5201, 4.3214)
(1.3115, -0.1721, 4.2248)
(1.7923, -0.2548, 4.357)
(2.0027, 0.1276, 4.2254)
(2.4628, 0.0176, 4.3234)
(2.6789, 0.3796, 4.1188)
(3.1253, 0.2569, 4.1667)
(3.3274, 0.5742, 3.8892)
(3.773, 0.4581, 3.9277)
(3.9657, 0.7523, 3.6198)
(4.4241, 0.6635, 3.6858)
(4.6099, 0.953, 3.3401)
(5.0691, 0.8938, 3.4155)
(5.2448, 1.1216, 3.0931)
(5.6888, 1.0526, 3.1973)
(5.8857, 1.2908, 2.9508)
(-0.4643, -0.4142, 3.7761)
(-0.191, -0.1189, 3.7415)
(0.1877, -0.2288, 3.9153)
(-0.0971, -0.487, 3.93)
(0.4555, 0.0692, 3.8243)
(0.85, -0.0648, 4.0402)
(0.575, -0.3867, 4.1235)
(1.1174, 0.3046, 3.8666)
(1.5487, 0.2136, 4.0613)
(1.7956, 0.5386, 3.8264)
(2.2322, 0.468, 4.0001)
(2.4536, 0.7008, 3.6743)
(2.8858, 0.6567, 3.8056)
(3.0869, 0.8297, 3.4245)
(3.5175, 0.8184, 3.5354)
(3.7008, 0.9889, 3.1439)
(4.1425, 0.9881, 3.2509)
(4.3133, 1.0967, 2.8559)
(4.7765, 1.1221, 2.9708)
(4.9471, 1.1618, 2.6312)
(5.417, 1.2464, 2.7906)
(5.602, 1.2915, 2.5102)
(-0.568, 0.0198, 3.5637)
(-0.3214, 0.3474, 3.4282)
(0.0718, 0.1879, 3.6097)
(0.3321, 0.4837, 3.396)
(0.7184, 0.3939, 3.6387)
(0.9799, 0.7005, 3.4008)
(1.376, 0.6235, 3.6287)
(1.6272, 0.8162, 3.3211)
(2.0337, 0.7377, 3.5078)
(2.2639, 0.7861, 3.1227)
(2.6706, 0.7988, 3.2835)
(2.8882, 0.7853, 2.8746)
(3.2899, 0.9007, 3.0156)
(3.4917, 0.9099, 2.5968)
(3.8853, 1.05, 2.7294)
(4.0844, 0.9663, 2.3277)
(4.4993, 1.0553, 2.4811)
(4.7187, 0.9538, 2.1887)
(5.1601, 1.1341, 2.3405)
(5.3814, 1.055, 2.0921)
(-0.6911, 0.5266, 3.2379)
(-0.4542, 0.797, 3.0295)
(-0.0646, 0.6076, 3.1875)
(0.1962, 0.8374, 2.9183)
(0.5922, 0.7583, 3.1518)
(0.8555, 0.9816, 2.8739)
(1.2386, 0.9166, 3.1125)
(1.4923, 0.9733, 2.7555)
(1.8714, 0.8466, 2.9465)
(2.0959, 0.7551, 2.5517)
(2.4849, 0.7155, 2.7224)
(2.7054, 0.6136, 2.3253)
(3.1052, 0.7268, 2.4695)
(3.3292, 0.6471, 2.0723)
(3.7043, 0.8375, 2.1934)
(3.9417, 0.6803, 1.8559)
(4.309, 0.8098, 2.0036)
(4.5359, 0.658, 1.8752)
(4.9436, 0.8114, 2.0199)
(5.1441, 0.7029, 1.9333)
(-0.7996, 0.9913, 2.8385)
(-0.5653, 1.2288, 2.6021)
(-0.1965, 0.9916, 2.7347)
(0.0734, 1.1553, 2.4282)
(0.4639, 1.0294, 2.6299)
(0.7301, 1.1667, 2.3134)
(1.1168, 1.0959, 2.5446)
(1.3555, 1.0681, 2.1721)
(1.723, 0.8985, 2.3651)
(1.9399, 0.7853, 1.9716)
(2.3113, 0.6357, 2.1557)
(2.535, 0.5516, 1.7625)
(2.933, 0.524, 1.9295)
(3.1606, 0.4239, 1.5483)
(3.5771, 0.5091, 1.7216)
(3.8483, 0.3184, 1.5651)
(4.1905, 0.5212, 1.7288)
(4.4163, 0.5434, 1.7829)
(4.7532, 0.634, 1.887)
(4.9691, 0.6193, 1.8971)
(-0.8908, 1.4337, 2.41)
(-0.6318, 1.6744, 2.1833)
(-0.2923, 1.3999, 2.2999)
(-0.0099, 1.5409, 1.9869)
(0.3405, 1.2846, 2.1103)
(0.6099, 1.3767, 1.7879)
(0.9804, 1.2074, 1.9702)
(1.2308, 1.1945, 1.614)
(1.5816, 0.9811, 1.7859)
(1.8261, 0.9579, 1.4248)
(2.1669, 0.7167, 1.5877)
(2.4029, 0.7107, 1.2278)
(2.7489, 0.5003, 1.3836)
(2.8956, 0.4898, 1.0373)
(3.2988, 0.3411, 1.1948)
(-0.9424, 1.8579, 1.965)
(-0.6484, 2.1132, 1.7592)
(-0.3259, 1.8564, 1.903)
(-0.0151, 2.0066, 1.6032)
(0.2818, 1.6629, 1.6725)
(0.5907, 1.7852, 1.3676)
(0.8982, 1.46, 1.471)
(1.1984, 1.5662, 1.1677)
(1.5047, 1.2448, 1.2857)
(1.7876, 1.3449, 0.988)
(2.0893, 1.0133, 1.1022)
(2.3393, 1.0882, 0.7903)
(2.6125, 0.7546, 0.8995)
(2.7395, 0.8037, 0.5738)
(2.9718, 0.5094, 0.7082)
(-0.9586, 2.2586, 1.5026)
(-0.6624, 2.5261, 1.31)
(-0.3262, 2.3114, 1.4982)
(-0.0126, 2.4578, 1.1957)
(0.2962, 2.1336, 1.2917)
(0.606, 2.246, 0.9774)
(0.9038, 1.9065, 1.0699)
(1.2019, 2.0171, 0.7709)
(1.4939, 1.6819, 0.8787)
(1.7637, 1.7779, 0.577)
(2.0502, 1.4353, 0.686)
(2.2667, 1.4822, 0.3528)
(2.5165, 1.1328, 0.4587)
(2.5936, 1.1463, 0.1077)
(2.7802, 0.819, 0.2273)
(-0.975, 2.646, 1.0341)
(-0.7075, 2.903, 0.833)
(-0.3517, 2.7185, 1.0436)
(-0.057, 2.8306, 0.7176)
(0.2864, 2.5582, 0.863)
(0.5629, 2.6173, 0.5082)
(0.8948, 2.3326, 0.6482)
(1.1563, 2.3944, 0.3077)
(1.4702, 2.1018, 0.4532)
(1.7131, 2.1654, 0.1194)
(1.9978, 1.8356, 0.2452)
(2.1753, 1.8453, -0.11)
(2.4092, 1.4926, -0.0041)
(2.4486, 1.484, -0.3673)
(2.6042, 1.147, -0.2522)
(-1.003, 2.9875, 0.5455)
(-0.7875, 3.2076, 0.3164)
(-0.4206, 3.0525, 0.5375)
(-0.153, 3.1002, 0.1827)
(0.2105, 2.8714, 0.3532)
(0.4529, 2.8618, -0.0322)
(0.8126, 2.6403, 0.1407)
(1.0372, 2.6358, -0.2061)
(1.3975, 2.4432, -0.0297)
(1.5868, 2.4141, -0.3355)
(1.909, 2.1867, -0.2202)
(1.9725, 2.0887, -0.5534)
(2.2343, 1.7996, -0.4729)
(2.2261, 1.7715, -0.8402)
(2.4505, 1.4937, -0.7373)
(-1.0911, 3.2617, 0.0306)
(-0.8983, 3.4331, -0.2307)
(-0.5245, 3.2936, -0.0096)
(-0.2758, 3.2688, -0.386)
(0.0885, 3.0712, -0.205)
(0.3282, 3.024, -0.6016)
(0.6762, 2.8212, -0.4046)
(0.8549, 2.6938, -0.7157)
(1.196, 2.5147, -0.4906)
(1.3144, 2.3163, -0.7005)
(1.6598, 2.2372, -0.5907)
(1.6943, 2.1442, -0.9164)
(1.9507, 1.9941, -0.9115)
(1.9857, 2.0683, -1.3012)
(2.2356, 1.8155, -1.2118)
(-1.2233, 3.4883, -0.4959)
(-0.9534, 3.6067, -0.7446)
(-0.6385, 3.4498, -0.572)
(-0.3394, 3.4594, -0.8748)
(-0.0224, 3.2178, -0.7713)
(0.2833, 3.2183, -1.079)
(0.5673, 2.9511, -0.9574)
(0.8235, 2.8901, -1.1673)
(1.0362, 2.551, -0.9401)
(1.2976, 2.5127, -1.1215)
(1.4826, 2.2672, -0.9518)
(1.6865, 2.4914, -1.3519)
(1.808, 2.3268, -1.3497)
(1.975, 2.6028, -1.774)
(2.1021, 2.2748, -1.708)
(-1.143, 3.6086, -0.9732)
(-0.7921, 3.8342, -1.1024)
(-0.5918, 3.7262, -0.9316)
(-0.2052, 3.9034, -1.0694)
(0.0321, 3.5586, -1.0566)
(0.4348, 3.6856, -1.1767)
(0.6382, 3.274, -1.2196)
(0.999, 3.3396, -1.3177)
(1.1382, 2.8914, -1.2856)
(1.4746, 2.9478, -1.4788)
(1.5883, 2.6367, -1.3978)
(1.8567, 2.9388, -1.7527)
(1.8887, 2.841, -1.7875)
(2.137, 3.0302, -2.0874)
(2.153, 2.7891, -2.1295)
(-1.0344, 3.8108, -1.4054)
(-0.7571, 4.131, -1.565)
(-0.4644, 4.0906, -1.2586)
(-0.1138, 4.2491, -1.4816)
(0.1821, 4.0368, -1.2539)
(0.5304, 4.086, -1.4652)
(0.8104, 3.7799, -1.332)
(1.1196, 3.798, -1.5421)
(1.3383, 3.4029, -1.5017)
(1.6104, 3.4653, -1.7313)
(1.7774, 3.0976, -1.7399)
(2.107, 3.2842, -1.8906)
(2.1953, 3.1536, -1.9617)
(2.5149, 3.207, -2.1126)
(2.4791, 3.0395, -2.2614)
(-1.0744, 4.1428, -1.8859)
(-0.768, 4.3565, -2.0968)
(-0.4347, 4.3381, -1.7835)
(-0.1203, 4.3427, -2.0109)
(0.2137, 4.2631, -1.7202)
(0.4319, 4.1007, -1.9127)
(0.7735, 3.979, -1.6857)
(0.9715, 3.953, -1.8884)
(1.3454, 3.7951, -1.7746)
(1.5418, 3.8722, -1.8785)
(1.8536, 3.5715, -1.8539)
(2.0623, 3.7144, -2.0121)
(2.3532, 3.4383, -2.0497)
(2.3868, 3.5619, -2.3778)
(2.5803, 3.2692, -2.4017)
(-1.0832, 4.3296, -2.4205)
(-0.8233, 4.3299, -2.5755)
(-0.4736, 4.3388, -2.3029)
(-0.2556, 4.1484, -2.3796)
(0.1036, 4.1584, -2.1522)
(0.2823, 4.144, -2.196)
(0.6182, 4.0815, -2.031)
(0.8372, 4.279, -2.0377)
(1.1867, 4.1182, -1.9537)
(1.3699, 4.1863, -2.0382)
(1.7117, 3.9545, -2.0134)
(1.8903, 4.0418, -2.309)
(2.1769, 3.8403, -2.3579)
(2.2999, 3.9776, -2.6665)
(2.4104, 3.6979, -2.7416)
(-1.1241, 4.2414, -2.7845)
(-0.9751, 4.1022, -2.7752)
(-0.6263, 4.1503, -2.5748)
(-0.4591, 4.1205, -2.4733)
(-0.0784, 4.1486, -2.3378)
(0.1079, 4.4112, -2.251)
(0.476, 4.3573, -2.1559)
(0.6681, 4.4036, -2.1315)
(1.0386, 4.319, -2.0683)
(1.276, 4.2916, -2.2518)
(1.5956, 4.2118, -2.2587)
(1.9323, 4.3442, -2.3917)
(2.149, 4.1796, -2.5045)
(2.398, 4.3131, -2.5931)
(2.4733, 4.1161, -2.8428)
(1.7734, -1.2941, 4.2867)
(2.1962, -1.2005, 4.2215)
(2.0292, -1.4012, 4.1449)
(2.8087, -0.9833, 4.1814)
(2.5174, -1.2747, 4.07)
(3.4486, -0.7287, 4.0481)
(3.1587, -1.0221, 3.9942)
(4.0715, -0.4842, 3.8225)
(3.7809, -0.7649, 3.8149)
(4.6929, -0.2698, 3.5476)
(4.3951, -0.5354, 3.5739)
(5.3342, -0.0847, 3.2408)
(5.0117, -0.3556, 3.2672)
(5.9778, 0.1459, 3.0121)
(5.6858, -0.1493, 2.9576)
(6.345, 0.0669, 2.7652)
(-2.6959, -0.4162, -1.3503)
(-2.5418, 1.1494, -4.1537)
(-2.5215, -2.7527, 3.0412)
(-2.0199, 0.5564, -2.8039)
(-3.1808, -2.8012, 2.8107)
(-3.8148, -2.7524, 2.5071)
(-2.8791, -0.7193, -0.8568)
(-4.4104, -2.6758, 2.143)
(-5.0004, -2.5977, 1.7815)
(-5.4504, -2.3164, 1.326)
(-6.0839, -2.1818, 1.1019)
(-2.4353, 0.7439, -3.7139)
(-6.8006, -2.1181, 0.9581)
(-2.2918, 0.2454, -2.3225)
(-2.5127, -0.1068, -1.8486)
(-4.1729, -1.0389, 0.0015)
(-3.0685, -0.9914, -0.347)
(-3.4951, -1.1785, 0.1492)
(-4.5402, -1.2985, 0.5515)
(-5.2211, -1.4493, 0.3173)
(-2.5319, 1.6017, -4.57)
(-2.0364, 1.2403, -3.7366)
(-1.7899, 0.8419, -3.4216)
(-6.8719, -2.1032, 0.4455)
(-6.7084, -2.1675, 0.7406)
(-6.9224, -2.0952, 0.8273)
(-7.0793, -2.0595, 0.5462)
(-5.2708, -1.3476, 0.2158)
(-5.2364, -1.3235, 0.28)
(-5.4965, -1.2367, 0.1106)
(-5.4616, -1.2819, 0.0541)
(-5.4409, -1.1771, 0.0131)
(-5.7666, -1.088, -0.1985)
(-5.7805, -1.1506, -0.0749)
(-5.6725, -1.2398, -0.4278)
(-6.0191, -1.2533, -0.5542)
(-6.0993, -1.0404, -0.3759)
(-5.9454, -1.5001, -0.4554)
(-6.306, -1.6171, -0.4078)
(-6.3548, -1.3725, -0.5887)
(-6.2414, -1.8108, -0.105)
(-6.6263, -1.9134, -0.0128)
(-6.6672, -1.7406, -0.3328)
(-6.54, -2.0955, 0.3074)
(-6.9723, -1.9567, 0.1351)
(-1.8957, -3.0339, 2.2526)
(-1.8155, -2.996, 2.5728)
(-2.1701, -2.9614, 2.7192)
(-2.3042, -3.0186, 2.405)
(-2.4751, -3.0119, 2.0255)
(-2.7102, -2.9583, 2.5318)
(-2.9199, -2.9701, 2.1521)
(-3.1036, -2.8712, 1.7434)
(-3.3439, -2.8913, 2.2504)
(-3.5382, -2.8219, 1.8472)
(-3.6989, -2.6527, 1.4416)
(-3.9553, -2.7632, 1.9202)
(-4.1331, -2.6451, 1.5148)
(-4.2829, -2.4374, 1.1142)
(-4.5531, -2.6447, 1.5584)
(-4.731, -2.4893, 1.1507)
(-4.8969, -2.2624, 0.7629)
(-5.1564, -2.4812, 1.1809)
(-5.3553, -2.3228, 0.7902)
(-5.5176, -2.1236, 0.4534)
(-5.7649, -2.3125, 0.8534)
(-5.9615, -2.2011, 0.5128)
(-6.1198, -2.0175, 0.2016)
(-6.3741, -2.2155, 0.6231)
(-1.5474, -2.9815, 1.7735)
(-1.4105, -3.0011, 2.1423)
(-2.0235, -3.012, 1.8956)
(-2.219, -2.9198, 1.501)
(-2.6613, -2.8951, 1.6307)
(-2.8497, -2.7343, 1.247)
(-3.2655, -2.6708, 1.3566)
(-3.4421, -2.4872, 0.9884)
(-3.8468, -2.4133, 1.0652)
(-4.0262, -2.2216, 0.7115)
(-4.438, -2.1809, 0.7567)
(-4.6339, -1.9863, 0.4399)
(-5.0671, -2.0061, 0.4557)
(-5.2602, -1.8, 0.1812)
(-5.6822, -1.8779, 0.1853)
(-5.8397, -1.6817, -0.1274)
(-0.0592, -2.7236, 1.4868)
(-0.1317, -2.766, 1.9055)
(-0.4245, -2.8305, 1.6657)
(-0.7004, -2.8891, 1.3559)
(-0.8061, -2.9136, 1.9133)
(-1.0905, -2.9391, 1.5902)
(-1.3646, -2.9636, 1.177)
(-1.7844, -2.943, 1.3498)
(-2.0386, -2.9391, 0.9391)
(-2.4453, -2.8377, 1.0989)
(-2.6922, -2.8486, 0.7171)
(-3.0716, -2.6679, 0.8715)
(-3.3141, -2.6707, 0.4943)
(-3.6696, -2.4293, 0.6207)
(-3.904, -2.4029, 0.2489)
(-4.2604, -2.1615, 0.3603)
(-4.4863, -2.1185, -0.0012)
(-4.8657, -1.9189, 0.1062)
(-5.0594, -1.8288, -0.2267)
(-5.4526, -1.6928, -0.1626)
(-5.5783, -1.5098, -0.4448)
(0.0392, -2.6782, 0.9124)
(-0.3288, -2.8055, 1.1362)
(-0.5902, -2.9018, 0.7511)
(-0.9683, -2.9679, 0.9743)
(-1.2368, -3.0696, 0.5843)
(-1.6342, -3.0381, 0.7769)
(-1.8907, -3.0976, 0.4278)
(-2.2957, -3.0022, 0.5681)
(-2.5234, -2.9588, 0.265)
(-2.9283, -2.8555, 0.3535)
(-3.1166, -2.6851, 0.0779)
(-3.5154, -2.5811, 0.1281)
(-3.6724, -2.3324, -0.1296)
(-4.0815, -2.2586, -0.1055)
(-4.2206, -1.9685, -0.3322)
(-4.6391, -1.9267, -0.3039)
(-4.7504, -1.6152, -0.3521)
(-5.1697, -1.5694, -0.3812)
(-5.2893, -1.2915, -0.247)
(0.1497, -2.6232, 0.3056)
(-0.219, -2.7729, 0.5277)
(-0.4766, -2.8657, 0.1442)
(-0.8507, -2.9974, 0.3656)
(-1.1168, -3.0523, -0.0065)
(-1.4931, -3.1077, 0.2312)
(-1.7227, -2.9523, -0.0336)
(-2.1035, -2.9513, 0.1809)
(-2.2984, -2.6281, 0.0391)
(-2.7075, -2.6827, 0.1106)
(-2.8851, -2.2914, 0.0652)
(-3.282, -2.3382, -0.0125)
(-3.4409, -1.9138, -0.0185)
(-3.8239, -1.959, -0.2068)
(-3.9969, -1.5573, -0.1579)
(-4.3705, -1.6182, -0.3002)
(-4.5426, -1.3909, -0.0245)
(-4.9022, -1.3844, -0.0956)
(-5.0948, -1.2945, 0.2019)
(0.263, -2.5596, -0.297)
(-0.1088, -2.7141, -0.0769)
(-0.3749, -2.7929, -0.46)
(-0.745, -2.9363, -0.2359)
(-1.0339, -2.9261, -0.596)
(-1.3883, -2.9789, -0.3298)
(-1.6443, -2.7303, -0.5709)
(-1.9512, -2.6522, -0.2278)
(-2.1691, -2.3035, -0.3938)
(-2.5023, -2.266, -0.0846)
(-2.6772, -1.8728, -0.2033)
(-3.0506, -1.8728, 0.0068)
(-3.194, -1.4463, -0.0375)
(-3.6066, -1.4783, 0.0054)
(-3.8248, -1.1206, 0.0746)
(-4.199, -1.2703, -0.0143)
(-4.3692, -1.1785, 0.2717)
(-4.7117, -1.3272, 0.2957)
(-4.8847, -1.386, 0.4154)
(0.3698, -2.4501, -0.8908)
(-0.0037, -2.6287, -0.6785)
(-0.2804, -2.6628, -1.0547)
(-0.6568, -2.8191, -0.8336)
(-0.949, -2.7077, -1.1569)
(-1.3147, -2.7572, -0.888)
(-1.5411, -2.4215, -1.0777)
(-1.8567, -2.3676, -0.7387)
(-2.0254, -1.9673, -0.8642)
(-2.3429, -1.914, -0.5226)
(-2.4938, -1.5252, -0.6393)
(-2.8195, -1.4802, -0.3086)
(-2.9109, -1.1472, -0.4429)
(-3.2727, -1.0916, -0.1099)
(0.4598, -2.253, -1.4639)
(0.0928, -2.4645, -1.2612)
(-0.1927, -2.4199, -1.6117)
(-0.5684, -2.5898, -1.3923)
(-0.8526, -2.3758, -1.6616)
(-1.2093, -2.4271, -1.386)
(-1.4132, -2.0549, -1.5427)
(-1.7148, -2.0157, -1.2049)
(-1.876, -1.6303, -1.3321)
(-2.1783, -1.579, -0.9838)
(-2.3345, -1.2214, -1.1193)
(-2.6232, -1.1755, -0.7742)
(-2.7185, -0.8701, -0.9369)
(-2.9655, -0.8615, -0.6093)
(0.5455, -2.0152, -2.0235)
(0.1792, -2.2263, -1.8217)
(-0.1136, -2.1407, -2.1558)
(-0.485, -2.2839, -1.9208)
(-0.771, -2.0543, -2.1783)
(-1.1065, -2.0739, -1.8723)
(-1.3267, -1.7398, -2.0503)
(-1.5948, -1.6837, -1.6883)
(-1.7894, -1.3472, -1.8498)
(-2.0503, -1.2813, -1.4797)
(-2.2302, -0.9526, -1.6381)
(-2.4767, -0.8965, -1.2755)
(-2.5677, -0.5867, -1.443)
(-2.7813, -0.5739, -1.11)
(0.6243, -1.7434, -2.5683)
(0.2583, -1.9565, -2.3692)
(-0.0407, -1.8394, -2.6883)
(-0.4115, -1.9773, -2.4505)
(-0.7034, -1.7406, -2.7012)
(-1.0369, -1.7674, -2.3943)
(-1.2859, -1.4629, -2.5877)
(-1.5459, -1.416, -2.2244)
(-1.7718, -1.1049, -2.4032)
(-1.9954, -1.0298, -2.0195)
(-2.1692, -0.6923, -2.1752)
(-2.3687, -0.6251, -1.7966)
(-2.4228, -0.2884, -1.9504)
(-2.6006, -0.2685, -1.6069)
(0.6976, -1.443, -3.0982)
(0.3319, -1.6587, -2.9024)
(0.0306, -1.5204, -3.2094)
(-0.3422, -1.6563, -2.9708)
(-0.6367, -1.4127, -3.2148)
(-0.9811, -1.4607, -2.9189)
(-1.2412, -1.1564, -3.1128)
(-1.5263, -1.1514, -2.7713)
(-1.735, -0.8059, -2.9295)
(-1.9659, -0.7655, -2.5633)
(-2.0572, -0.3664, -2.6548)
(-2.2531, -0.3222, -2.3047)
(-2.225, 0.0553, -2.4128)
(-2.4004, 0.0633, -2.0949)
(0.7707, -1.1258, -3.6172)
(0.4043, -1.3437, -3.4247)
(0.1046, -1.1983, -3.7258)
(-0.2712, -1.3256, -3.4827)
(-0.5641, -1.0867, -3.7245)
(-0.9156, -1.1272, -3.4264)
(-1.1487, -0.8143, -3.5963)
(-1.4639, -0.8131, -3.2706)
(-1.5631, -0.42, -3.3332)
(-1.834, -0.3927, -3.0)
(-1.7717, 0.0263, -2.9572)
(-2.0022, 0.0543, -2.6702)
(-1.9296, 0.4059, -2.8004)
(-2.1618, 0.404, -2.5802)
(0.8515, -0.8035, -4.1302)
(0.4824, -1.0258, -3.9425)
(0.1914, -0.8747, -4.2318)
(-0.1938, -1.0123, -3.9982)
(-0.473, -0.7775, -4.2099)
(-0.821, -0.8252, -3.9258)
(-0.9813, -0.4956, -4.015)
(-1.2483, -0.4617, -3.6611)
(-1.2426, -0.0941, -3.6176)
(-1.5029, -0.0392, -3.2763)
(-1.4941, 0.2931, -3.278)
(-1.713, 0.3575, -3.0142)
(-1.7661, 0.6827, -3.3199)
(-1.9117, 0.7179, -3.1716)
(0.9404, -0.455, -4.6121)
(0.5745, -0.6922, -4.4393)
(0.3066, -0.4699, -4.6152)
(-0.0839, -0.6386, -4.426)
(-0.3005, -0.328, -4.4239)
(-0.6902, -0.4538, -4.2827)
(-0.8642, -0.0981, -4.2422)
(-1.1038, -0.121, -4.0185)
(-1.2094, 0.2177, -3.9707)
(-1.302, 0.255, -3.5983)
(-1.5317, 0.5664, -3.7116)
(-1.6616, 0.6481, -3.4766)
(-1.9332, 0.9537, -3.7082)
(-1.9343, 1.0823, -3.6558)
(1.0173, -0.0114, -4.9638)
(0.6707, -0.26, -4.7906)
(0.4599, 0.05, -4.7092)
(0.1009, -0.1598, -4.5445)
(-0.0476, 0.1255, -4.3213)
(-0.45, -0.0261, -4.2485)
(-0.6089, 0.2727, -4.1498)
(-0.992, 0.2221, -4.1507)
(-1.1745, 0.5133, -4.1631)
(-1.3981, 0.481, -3.9883)
(-1.7646, 0.6335, -4.0923)
(-1.9004, 0.7156, -3.8569)
(-2.2405, 0.7638, -3.9041)
(-2.2524, 1.0196, -3.7582)
(1.0613, 0.5002, -5.1741)
(0.7858, 0.2743, -4.9134)
(0.5933, 0.604, -4.7177)
(0.3025, 0.3657, -4.49)
(0.0666, 0.5904, -4.4606)
(-0.2518, 0.3811, -4.2702)
(-0.5562, 0.6439, -4.4683)
(-0.8638, 0.5997, -4.2683)
(-1.1998, 0.8757, -4.4713)
(-1.4982, 0.7704, -4.2863)
(-1.8495, 0.9683, -4.4238)
(-2.1097, 0.7918, -4.1762)
(-2.3487, 1.053, -4.2742)
(-2.4814, 0.9447, -3.9417)
(0.9903, 1.0025, -5.4068)
(0.813, 0.8152, -5.0471)
(0.5235, 1.0822, -4.9473)
(0.3217, 0.8529, -4.6647)
(-0.0049, 0.9387, -4.8507)
(-0.2601, 0.7218, -4.6929)
(-0.6049, 0.8235, -4.9781)
(-0.9092, 0.8418, -4.7343)
(-1.2568, 1.0013, -4.9692)
(-1.5525, 1.0549, -4.684)
(-1.8805, 1.2364, -4.8663)
(-2.1483, 1.1746, -4.5801)
(-2.3563, 1.452, -4.6803)
(-2.5305, 1.373, -4.37)
(0.8903, 1.3884, -5.6129)
(0.7195, 1.2523, -5.2723)
(0.4085, 1.4252, -5.185)
(0.2022, 1.2076, -4.9794)
(-0.0723, 1.1903, -5.1847)
(-0.3024, 0.9427, -5.1284)
(-0.601, 1.0082, -5.3653)
(-0.9397, 0.9647, -5.1968)
(-1.2562, 1.1715, -5.3566)
(-1.5742, 1.2129, -5.1294)
(-1.8525, 1.4732, -5.208)
(-2.1338, 1.4855, -4.9518)
(-2.3107, 1.7253, -4.9911)
(-2.5081, 1.7047, -4.7348)
(-2.0745, -2.9215, 2.9302)
(-2.3565, -2.8219, 3.0376)
(-2.4994, -2.8787, 2.8345)
(-2.853, -2.7829, 2.9154)
(-3.1114, -2.8739, 2.6068)
(-3.5006, -2.7798, 2.6465)
(-3.7406, -2.7988, 2.2985)
(-4.1164, -2.7159, 2.3114)
(-4.3439, -2.7053, 1.9447)
(-4.7107, -2.6415, 1.949)
(-4.9344, -2.5945, 1.5716)
(-5.2421, -2.4585, 1.5616)
(-5.5, -2.3789, 1.1992)
(-5.7965, -2.2495, 1.2359)
(-6.115, -2.2467, 0.9313)
(-6.4537, -2.1573, 1.0312)
(-6.7692, -1.9482, 1.1081)
(-7.0403, -1.6887, 1.1242)
(-7.1859, -1.8276, 1.0404)
(-6.9676, -2.0456, 0.9966)
(-5.2673, -1.3737, 0.309)
(-5.3516, -1.4136, 0.2219)
(-5.5822, -1.328, 0.0317)
(-5.5641, -1.2721, 0.1428)
(-5.5479, -1.1415, 0.3083)
(-5.908, -1.0373, -0.0277)
(-5.9382, -0.9132, 0.2027)
(-5.9706, -0.8323, 0.4949)
(-6.3077, -0.6431, 0.1707)
(-6.386, -0.6498, 0.5096)
(-6.4324, -0.7084, 0.8558)
(-6.7532, -0.5329, 0.5515)
(-6.8214, -0.6929, 0.8901)
(-6.7891, -0.9319, 1.166)
(-7.1427, -0.8334, 0.8903)
(-7.0734, -1.1287, 1.1189)
(-6.8548, -1.4827, 1.249)
(-7.2664, -1.3699, 1.0433)
(-2.1135, -2.0742, 3.5222)
(-2.2748, -1.8135, 3.4699)
(-2.5898, -2.1143, 3.3313)
(-2.3712, -2.3422, 3.3597)
(-2.8551, -1.8416, 3.2425)
(-3.2081, -2.1352, 3.0892)
(-2.8962, -2.3892, 3.1487)
(-3.4977, -1.8337, 2.9606)
(-3.8338, -2.0984, 2.7792)
(-3.5301, -2.3855, 2.8742)
(-4.1113, -1.7828, 2.6294)
(-4.4317, -2.04, 2.4336)
(-4.1307, -2.3245, 2.5279)
(-4.7196, -1.7298, 2.3139)
(-5.0333, -2.0, 2.1176)
(-4.7247, -2.2852, 2.1956)
(-5.337, -1.6383, 1.9832)
(-5.613, -1.8503, 1.7484)
(-5.2774, -2.1889, 1.828)
(-5.9726, -1.4782, 1.6378)
(-6.2465, -1.6596, 1.4674)
(-5.8399, -1.9961, 1.4853)
(-6.6005, -1.2797, 1.3613)
(-6.499, -1.8226, 1.2831)
(-1.8718, -1.5191, 3.607)
(-2.0734, -1.2548, 3.414)
(-2.4806, -1.5449, 3.339)
(-2.7376, -1.2864, 3.1111)
(-3.1286, -1.558, 3.0668)
(-3.3637, -1.2936, 2.7924)
(-3.7482, -1.5318, 2.7425)
(-3.9547, -1.2614, 2.443)
(-4.3529, -1.4752, 2.416)
(-4.5612, -1.1765, 2.1712)
(-4.9737, -1.394, 2.1354)
(-5.187, -1.0983, 1.8562)
(-5.6104, -1.2937, 1.7663)
(-5.8018, -1.0216, 1.4569)
(-6.2425, -1.1336, 1.4228)
(-6.3872, -0.8531, 1.1596)
(-0.8162, -0.3357, 3.6007)
(-1.0868, -0.6736, 3.6196)
(-0.7485, -0.7139, 3.7835)
(-1.3959, -0.5788, 3.3715)
(-1.6949, -0.926, 3.4238)
(-1.3748, -1.0539, 3.6766)
(-1.9956, -0.727, 3.0857)
(-2.3523, -1.0096, 3.1156)
(-2.5966, -0.8348, 2.7531)
(-2.9712, -1.0735, 2.7897)
(-3.1522, -0.9327, 2.3955)
(-3.5503, -1.0788, 2.436)
(-3.6985, -0.9141, 2.0455)
(-4.1268, -1.0278, 2.109)
(-4.2665, -0.8257, 1.7896)
(-4.7348, -0.9238, 1.8711)
(-4.8473, -0.8116, 1.4819)
(-5.3309, -0.912, 1.4774)
(-5.3898, -0.8366, 1.1228)
(-5.8937, -0.8481, 1.1394)
(-5.9487, -0.7986, 0.8237)
(-0.9092, 0.161, 3.3131)
(-1.1359, -0.2258, 3.3352)
(-1.3943, -0.1273, 2.9676)
(-1.6706, -0.4463, 3.0194)
(-1.9181, -0.3148, 2.6205)
(-2.2554, -0.5677, 2.6992)
(-2.447, -0.5073, 2.2728)
(-2.7809, -0.7611, 2.3344)
(-2.9131, -0.7791, 1.8904)
(-3.2919, -0.8653, 1.9748)
(-3.3981, -0.7515, 1.5821)
(-3.8122, -0.75, 1.6908)
(-3.9, -0.7138, 1.3525)
(-4.355, -0.7689, 1.4498)
(-4.4118, -0.8521, 1.0628)
(-4.8945, -0.8336, 1.1013)
(-4.9656, -0.9109, 0.7863)
(-5.4416, -0.8599, 0.8167)
(-5.5151, -0.9718, 0.5313)
(-0.993, 0.6453, 2.939)
(-1.1767, 0.2483, 2.9551)
(-1.3545, 0.285, 2.5298)
(-1.5941, -0.052, 2.5506)
(-1.7769, 0.0228, 2.1304)
(-2.122, -0.2303, 2.2054)
(-2.2564, -0.2407, 1.7629)
(-2.5691, -0.5439, 1.8229)
(-2.6498, -0.6238, 1.3749)
(-3.0088, -0.7814, 1.4615)
(-3.1111, -0.6949, 1.0532)
(-3.5004, -0.6595, 1.2068)
(-3.5978, -0.7877, 0.8212)
(-3.984, -0.8604, 0.9704)
(-4.1015, -0.9734, 0.565)
(-4.5178, -0.9352, 0.6875)
(-4.6678, -1.0654, 0.4675)
(-5.0899, -1.0628, 0.556)
(-5.1754, -1.2569, 0.4175)
(-1.076, 1.0916, 2.519)
(-1.2083, 0.6851, 2.5358)
(-1.3336, 0.6848, 2.0878)
(-1.4775, 0.3085, 2.0842)
(-1.6202, 0.3351, 1.6445)
(-1.9372, 0.0553, 1.6992)
(-2.0391, 0.0037, 1.2493)
(-2.3391, -0.3202, 1.3099)
(-2.3932, -0.4232, 0.8644)
(-2.7242, -0.6581, 0.9415)
(-2.8329, -0.6332, 0.5209)
(-3.2261, -0.6868, 0.6515)
(-3.2993, -0.8705, 0.2679)
(-3.6899, -1.0015, 0.4336)
(-3.8432, -1.0968, 0.0761)
(-4.2593, -1.0358, 0.2725)
(-4.3438, -1.1589, 0.2813)
(-4.7565, -1.2385, 0.4563)
(-4.8766, -1.3618, 0.4534)
(-1.1596, 1.5192, 2.0803)
(-1.2782, 1.1103, 2.1052)
(-1.4215, 1.0983, 1.659)
(-1.4452, 0.6791, 1.6339)
(-1.5692, 0.6545, 1.1813)
(-1.7403, 0.3071, 1.1968)
(-1.8308, 0.2364, 0.7454)
(-2.1007, -0.0964, 0.7991)
(-2.1617, -0.1894, 0.3612)
(-2.4614, -0.4887, 0.4321)
(-2.5691, -0.5223, 0.0152)
(-2.9341, -0.6869, 0.1212)
(-2.9626, -0.8035, -0.2442)
(-3.2909, -1.0783, -0.0879)
(-1.2034, 1.9202, 1.6171)
(-1.3669, 1.524, 1.664)
(-1.5342, 1.4989, 1.2212)
(-1.557, 1.0698, 1.2058)
(-1.6926, 1.0348, 0.7513)
(-1.6899, 0.6131, 0.7283)
(-1.8184, 0.5752, 0.285)
(-1.929, 0.1749, 0.3048)
(-2.0378, 0.1277, -0.1189)
(-2.2549, -0.2449, -0.0614)
(-2.3691, -0.2817, -0.4705)
(-2.6577, -0.5718, -0.3783)
(-2.7228, -0.5903, -0.7439)
(-2.9821, -0.8492, -0.5944)
(-1.2103, 2.3022, 1.1413)
(-1.4096, 1.9141, 1.1983)
(-1.5604, 1.8771, 0.7521)
(-1.6774, 1.4615, 0.7685)
(-1.808, 1.4185, 0.3144)
(-1.8313, 0.9989, 0.3035)
(-1.965, 0.9659, -0.1333)
(-1.9505, 0.5416, -0.1421)
(-2.0905, 0.5173, -0.5556)
(-2.1681, 0.0969, -0.528)
(-2.2968, 0.0708, -0.932)
(-2.4735, -0.3, -0.8601)
(-2.5633, -0.2798, -1.2267)
(-2.7937, -0.5616, -1.0971)
(-1.1788, 2.655, 0.6587)
(-1.375, 2.2737, 0.7126)
(-1.4524, 2.1961, 0.2578)
(-1.666, 1.82, 0.2939)
(-1.7424, 1.7512, -0.1655)
(-1.9227, 1.3751, -0.1365)
(-2.0316, 1.3373, -0.5777)
(-2.096, 0.9397, -0.5601)
(-2.2212, 0.9147, -0.9868)
(-2.2263, 0.4925, -0.9677)
(-2.348, 0.4613, -1.3846)
(-2.4114, 0.0599, -1.3238)
(-2.4653, 0.067, -1.7043)
(-2.608, -0.2546, -1.5921)
(-1.1517, 2.9381, 0.1628)
(-1.241, 2.5627, 0.2171)
(-1.2682, 2.4345, -0.2329)
(-1.4804, 2.0894, -0.1994)
(-1.5099, 1.9893, -0.6598)
(-1.8095, 1.6831, -0.6198)
(-1.8717, 1.6053, -1.0452)
(-2.137, 1.3023, -1.0109)
(-2.1752, 1.2215, -1.4328)
(-2.316, 0.8736, -1.4253)
(-2.3129, 0.7871, -1.8365)
(-2.4058, 0.4279, -1.7928)
(-2.3154, 0.3986, -2.1663)
(-2.4042, 0.0753, -2.0763)
(-1.318, 3.1928, -0.3266)
(-1.2562, 2.8094, -0.2628)
(-1.344, 2.698, -0.7046)
(-1.3055, 2.3267, -0.6906)
(-1.3474, 2.2144, -1.1468)
(-1.534, 1.873, -1.097)
(-1.5773, 1.7091, -1.4572)
(-1.8703, 1.4569, -1.4137)
(-1.8387, 1.3182, -1.7815)
(-2.0862, 1.0833, -1.8215)
(-1.956, 0.9564, -2.1972)
(-2.1484, 0.6777, -2.1977)
(-1.9927, 0.6403, -2.5896)
(-2.1498, 0.3977, -2.5462)
(-1.4403, 3.3975, -0.8211)
(-1.4896, 3.069, -0.7259)
(-1.5755, 2.9394, -1.1567)
(-1.4054, 2.6006, -1.1607)
(-1.5556, 2.4573, -1.6013)
(-1.4751, 2.0743, -1.5536)
(-1.6977, 1.9307, -1.8815)
(-1.7013, 1.5907, -1.7921)
(-1.8955, 1.5666, -2.1774)
(-1.8882, 1.2725, -2.1969)
(-1.9673, 1.2361, -2.6459)
(-1.9157, 0.899, -2.627)
(-1.9011, 0.9202, -3.0878)
(-1.8981, 0.6803, -3.0538)
(-1.3027, 3.4839, -1.2986)
(-1.5533, 3.2127, -1.2041)
(-1.7329, 3.08, -1.5791)
(-1.7118, 2.7768, -1.5848)
(-1.9402, 2.6305, -1.9761)
(-1.7917, 2.2784, -1.9852)
(-2.103, 2.118, -2.2272)
(-1.9842, 1.815, -2.1625)
(-2.2228, 1.7665, -2.5105)
(-2.0546, 1.5634, -2.6118)
(-2.1805, 1.45, -3.0085)
(-2.0164, 1.194, -3.0776)
(-2.0926, 1.1456, -3.434)
(-1.892, 0.9999, -3.5024)
(-1.3477, 3.8189, -1.7211)
(-1.5715, 3.4433, -1.6227)
(-1.8515, 3.427, -1.9156)
(-2.0021, 3.0282, -1.9024)
(-2.1613, 2.9225, -2.1782)
(-2.1902, 2.518, -2.2481)
(-2.3589, 2.353, -2.4629)
(-2.383, 1.9995, -2.4563)
(-2.5112, 1.8163, -2.7643)
(-2.4111, 1.6172, -2.8629)
(-2.5561, 1.3518, -3.1904)
(-2.348, 1.2098, -3.3188)
(-2.475, 1.0001, -3.602)
(-2.2194, 0.9646, -3.6923)
(-1.3611, 4.1068, -2.2247)
(-1.614, 3.7873, -2.0385)
(-1.7118, 3.608, -2.3413)
(-1.932, 3.2697, -2.1905)
(-1.9167, 3.0014, -2.4547)
(-2.1481, 2.6824, -2.4325)
(-2.1537, 2.4294, -2.7028)
(-2.3466, 2.1124, -2.7514)
(-2.3389, 1.8997, -3.0672)
(-2.5105, 1.589, -3.116)
(-2.5379, 1.5303, -3.5321)
(-2.6128, 1.2383, -3.5786)
(-2.5998, 1.2864, -3.9703)
(-2.4958, 0.9486, -3.926)
(-1.3214, 4.1741, -2.6988)
(-1.5382, 3.9345, -2.5575)
(-1.6696, 3.655, -2.7696)
(-1.7845, 3.3394, -2.6131)
(-2.047, 3.147, -2.7908)
(-2.0981, 2.7915, -2.6886)
(-2.3853, 2.6329, -2.8732)
(-2.3389, 2.2583, -2.9507)
(-2.4856, 2.1906, -3.2335)
(-2.4362, 1.8539, -3.416)
(-2.5473, 1.9152, -3.8076)
(-2.5845, 1.6107, -3.947)
(-2.6005, 1.6826, -4.3098)
(-2.5433, 1.3781, -4.3537)
(-1.3103, 3.9758, -2.8121)
(-1.4916, 3.8697, -2.7717)
(-1.7458, 3.6424, -2.7068)
(-1.9338, 3.4499, -2.8277)
(-2.2862, 3.3389, -2.911)
(-2.35, 3.0048, -2.9177)
(-2.4165, 2.8162, -3.0772)
(-2.4692, 2.4852, -3.0857)
(-2.4677, 2.4371, -3.3944)
(-2.5589, 2.2021, -3.5982)
(-2.7423, 2.1936, -3.9497)
(-2.6883, 1.9326, -4.1547)
(-2.8565, 1.922, -4.4119)
(-2.6887, 1.7156, -4.5865)
(-2.2197, -2.4808, 3.3643)
(-2.5975, -2.5687, 3.1624)
(-2.3964, -2.6771, 3.1601)
(-3.2, -2.6058, 2.9233)
(-2.8493, -2.771, 2.9365)
(-3.8243, -2.5687, 2.6156)
(-3.4949, -2.7737, 2.6714)
(-4.4147, -2.5009, 2.2564)
(-4.1088, -2.7122, 2.3388)
(-4.9923, -2.4367, 1.9103)
(-4.7001, -2.6319, 1.9755)
(-5.4893, -2.2435, 1.4892)
(-5.2087, -2.4555, 1.5459)
(-6.1064, -2.0706, 1.2461)
(-5.7378, -2.2487, 1.192)
(-6.4308, -2.1426, 1.0288)
(6.5732, 0.0827, 2.3638)
(5.3804, 0.4285, 1.8901)
(5.3591, 0.6308, 1.8049)
(5.4706, 0.7037, 1.4839)
(5.68, 0.5728, 1.4715)
(5.9685, 0.343, 1.7329)
(6.2969, 0.0647, 1.9991)
(1.9814, -1.828, 3.3704)
(2.4998, -1.5697, 3.3516)
(3.1469, -1.3406, 3.302)
(3.809, -1.1624, 3.2204)
(4.4605, -0.9961, 3.1177)
(4.8674, -0.6974, 2.8678)
(5.2361, -0.3591, 2.548)
(5.8199, -0.102, 2.2808)
(1.8616, -2.0244, 2.8131)
(2.4926, -1.7892, 2.7875)
(3.1607, -1.5714, 2.7412)
(3.8136, -1.3626, 2.6644)
(4.4509, -1.1475, 2.5616)
(4.8623, -0.7676, 2.4046)
(5.1071, -0.2817, 2.2015)
(5.5207, 0.1095, 1.9784)
(0.5425, -2.5458, 1.864)
(1.1587, -2.3472, 2.0853)
(1.8276, -2.1753, 2.2144)
(2.537, -2.011, 2.2176)
(3.2008, -1.7879, 2.1778)
(3.8199, -1.5051, 2.0879)
(4.412, -1.1885, 1.9761)
(4.9316, -0.7836, 1.8764)
(5.2682, -0.2709, 1.844)
(5.453, 0.2247, 1.7133)
(0.6185, -2.4782, 1.367)
(1.2567, -2.2967, 1.5047)
(1.9262, -2.2393, 1.5908)
(2.5955, -2.1414, 1.6272)
(3.1956, -1.8488, 1.6221)
(3.7333, -1.4566, 1.5789)
(4.2368, -1.0184, 1.537)
(4.7327, -0.5759, 1.4661)
(5.1557, -0.1784, 1.5887)
(5.3311, 0.274, 1.6592)
(0.7221, -2.4115, 0.7619)
(1.3702, -2.232, 0.894)
(2.0356, -2.1964, 0.9852)
(2.6128, -2.0261, 1.0752)
(3.0443, -1.5858, 1.2159)
(3.4552, -1.1067, 1.3635)
(3.8859, -0.6247, 1.3841)
(4.3441, -0.1736, 1.3191)
(4.7295, 0.1297, 1.5626)
(5.0463, 0.351, 1.8359)
(0.8411, -2.361, 0.1595)
(1.488, -2.1636, 0.2991)
(2.1474, -2.0412, 0.4122)
(2.7017, -1.7784, 0.5628)
(3.0256, -1.2791, 0.8327)
(3.2754, -0.7454, 1.1413)
(3.5669, -0.2198, 1.31)
(3.9952, 0.1667, 1.4171)
(4.4709, 0.4112, 1.6712)
(4.9539, 0.4605, 1.8811)
(0.9624, -2.2905, -0.4356)
(1.608, -2.0657, -0.2861)
(2.258, -1.8488, -0.151)
(2.8113, -1.5233, 0.0347)
(3.0779, -1.0141, 0.3317)
(3.162, -0.4468, 0.6835)
(3.2541, 0.0767, 1.0178)
(1.0516, -2.1263, -1.0111)
(1.677, -1.8666, -0.8442)
(2.2952, -1.5856, -0.6858)
(2.7736, -1.1927, -0.4641)
(2.9367, -0.6764, -0.1345)
(2.9368, -0.1405, 0.2354)
(2.9616, 0.3111, 0.5598)
(1.1279, -1.9006, -1.5714)
(1.7242, -1.6063, -1.3851)
(2.2777, -1.2562, -1.19)
(2.6847, -0.8218, -0.9353)
(2.8027, -0.3276, -0.5945)
(2.7589, 0.1784, -0.2255)
(2.7615, 0.6173, 0.0883)
(1.2114, -1.6581, -2.1234)
(1.7793, -1.3359, -1.917)
(2.2476, -0.9126, -1.6753)
(2.6088, -0.4434, -1.4003)
(2.7519, 0.0339, -1.0697)
(2.6674, 0.5202, -0.7026)
(2.6016, 0.9458, -0.3915)
(1.2841, -1.3756, -2.6573)
(1.8081, -1.0192, -2.4231)
(2.1797, -0.5382, -2.1353)
(2.5141, -0.0534, -1.8554)
(2.7093, 0.4124, -1.5431)
(2.5978, 0.8841, -1.183)
(2.4609, 1.295, -0.8801)
(1.3499, -1.061, -3.1735)
(1.8422, -0.6843, -2.9175)
(2.125, -0.1711, -2.6019)
(2.4149, 0.3309, -2.319)
(2.653, 0.8018, -2.0115)
(2.5087, 1.261, -1.6582)
(2.2762, 1.642, -1.3682)
(1.4118, -0.7245, -3.6753)
(1.8632, -0.3268, -3.3945)
(2.0242, 0.1983, -3.0502)
(2.1867, 0.6928, -2.7027)
(2.4134, 1.1536, -2.332)
(2.3581, 1.6543, -2.0429)
(2.1775, 2.0626, -1.8259)
(1.4703, -0.3708, -4.163)
(1.8748, 0.0575, -3.8527)
(1.9892, 0.5835, -3.4729)
(2.0592, 1.0764, -3.0579)
(2.2296, 1.5433, -2.6442)
(2.2886, 2.0975, -2.4146)
(2.2239, 2.5595, -2.2456)
(1.5341, -0.0039, -4.6376)
(1.8864, 0.4517, -4.3026)
(2.0215, 0.9915, -3.8991)
(2.1047, 1.5082, -3.492)
(2.2532, 2.0011, -3.081)
(2.4471, 2.4976, -2.7456)
(2.5163, 2.8819, -2.4572)
(1.5772, 0.3948, -5.0793)
(1.9504, 0.8272, -4.7554)
(2.1354, 1.3485, -4.3379)
(2.2703, 1.8608, -3.9144)
(2.4253, 2.3601, -3.4748)
(2.5682, 2.8053, -3.0211)
(2.6053, 3.129, -2.6148)
(1.5404, 0.8411, -5.4619)
(1.9854, 1.2161, -5.1925)
(2.234, 1.7013, -4.7698)
(2.4079, 2.2003, -4.3146)
(2.5316, 2.7004, -3.8498)
(2.5224, 3.1704, -3.3687)
(2.4449, 3.5376, -2.9405)
(1.4506, 1.242, -5.7586)
(1.9073, 1.5777, -5.5357)
(2.1437, 2.0601, -5.1077)
(2.316, 2.5563, -4.6518)
(2.4346, 3.0538, -4.181)
(2.4902, 3.5362, -3.6888)
(2.4823, 3.9175, -3.2557)
(2.0484, -1.6299, 3.7976)
(2.5121, -1.3777, 3.8324)
(3.1456, -1.121, 3.7694)
(3.785, -0.8914, 3.6381)
(4.4197, -0.6957, 3.4664)
(4.9754, -0.4914, 3.1749)
(5.4997, -0.269, 2.853)
(6.1076, -0.0469, 2.6173)
(6.7773, 0.3946, 2.8361)
(5.2983, 0.7718, 1.8039)
(5.5099, 1.1228, 1.861)
(5.8166, 1.4474, 2.1561)
(6.184, 1.5442, 2.5773)
(6.5199, 1.3328, 2.9374)
(6.7243, 0.8415, 2.9993)
(1.7888, -0.8535, 4.3983)
(2.3524, -0.6552, 4.3983)
(3.0099, -0.4041, 4.3179)
(3.6569, -0.1604, 4.1302)
(4.2967, 0.0666, 3.8968)
(4.9484, 0.289, 3.6351)
(5.5622, 0.4982, 3.3818)
(6.1869, 0.6748, 3.1752)
(1.4797, -0.3859, 4.3429)
(2.1234, -0.1181, 4.3536)
(2.7971, 0.1431, 4.26)
(3.4497, 0.3604, 4.0509)
(4.0977, 0.5561, 3.8087)
(4.7503, 0.7835, 3.5506)
(5.3765, 0.9758, 3.2956)
(6.0134, 1.148, 3.1193)
(-0.1405, -0.3131, 3.8462)
(0.5162, -0.1527, 3.985)
(1.1998, 0.07, 4.0614)
(1.8935, 0.3483, 4.0446)
(2.5627, 0.5692, 3.9179)
(3.2036, 0.7372, 3.6748)
(3.8295, 0.9047, 3.3945)
(4.4589, 1.06, 3.1047)
(5.094, 1.1803, 2.8649)
(5.7406, 1.3311, 2.741)
(-0.2531, 0.1079, 3.6003)
(0.395, 0.2823, 3.6234)
(1.0457, 0.516, 3.6441)
(1.7065, 0.6945, 3.5835)
(2.3546, 0.7687, 3.4047)
(2.9833, 0.8389, 3.153)
(3.5886, 0.9853, 2.8726)
(4.1873, 1.0599, 2.5938)
(4.8242, 1.0821, 2.4018)
(5.4884, 1.1997, 2.2792)
(-0.3894, 0.5772, 3.2355)
(0.2645, 0.6686, 3.1601)
(0.9168, 0.8556, 3.1433)
(1.5576, 0.9063, 3.0431)
(2.1784, 0.7728, 2.8382)
(2.7959, 0.699, 2.6)
(3.4066, 0.7883, 2.331)
(4.0043, 0.8359, 2.0726)
(4.6207, 0.7964, 2.0062)
(5.262, 0.8654, 1.9843)
(-0.5138, 1.0123, 2.8162)
(0.1319, 0.9943, 2.6713)
(0.7945, 1.0816, 2.5947)
(1.4253, 1.0259, 2.4643)
(2.0154, 0.7569, 2.2618)
(2.6178, 0.5596, 2.045)
(3.2535, 0.514, 1.813)
(3.8909, 0.507, 1.696)
(4.4703, 0.5799, 1.8091)
(5.0464, 0.6315, 1.9079)
(-0.6054, 1.4505, 2.3917)
(0.0232, 1.3359, 2.1988)
(0.6625, 1.2539, 2.04)
(1.2856, 1.1105, 1.8834)
(1.8742, 0.8462, 1.6875)
(2.4605, 0.5994, 1.485)
(3.0266, 0.4195, 1.2876)
(-0.644, 1.8963, 1.9735)
(-0.0193, 1.7689, 1.7922)
(0.5888, 1.5607, 1.5666)
(1.204, 1.3544, 1.3775)
(1.8001, 1.1325, 1.1956)
(2.3671, 0.8845, 1.0016)
(2.8085, 0.6313, 0.8022)
(-0.6529, 2.3231, 1.5379)
(-0.0103, 2.2392, 1.4068)
(0.6011, 2.0202, 1.177)
(1.202, 1.7945, 0.9717)
(1.7775, 1.5646, 0.7857)
(2.3049, 1.2889, 0.5753)
(2.6666, 0.9759, 0.3425)
(-0.6805, 2.7214, 1.0758)
(-0.0279, 2.6561, 0.9654)
(0.5941, 2.4473, 0.7543)
(1.1872, 2.2183, 0.5492)
(1.7422, 1.9775, 0.3539)
(2.2279, 1.6696, 0.1234)
(2.5258, 1.3184, -0.1293)
(-0.7431, 3.0654, 0.5795)
(-0.0996, 2.979, 0.4558)
(0.5137, 2.7534, 0.2438)
(1.1085, 2.5404, 0.0524)
(1.6713, 2.3323, -0.1178)
(2.0933, 1.9963, -0.3414)
(2.3482, 1.6352, -0.6053)
(-0.8402, 3.3301, 0.0457)
(-0.2134, 3.1947, -0.0989)
(0.3885, 2.9503, -0.3141)
(0.9421, 2.6707, -0.4599)
(1.4446, 2.3711, -0.5194)
(1.8186, 2.1087, -0.7357)
(2.0901, 1.9003, -1.0696)
(-0.9504, 3.52, -0.505)
(-0.3288, 3.3395, -0.6644)
(0.2837, 3.0966, -0.881)
(0.8102, 2.7599, -0.9703)
(1.2678, 2.3679, -0.9082)
(1.6569, 2.2806, -1.1245)
(1.9566, 2.3207, -1.5419)
(-0.8795, 3.7096, -0.9281)
(-0.2847, 3.6665, -0.9794)
(0.3458, 3.4286, -1.1448)
(0.8968, 3.0902, -1.2629)
(1.3765, 2.7107, -1.3129)
(1.7519, 2.7247, -1.5762)
(2.0233, 2.8495, -1.9674)
(-0.7572, 3.9799, -1.3172)
(-0.1469, 4.1022, -1.2413)
(0.5052, 3.9266, -1.2835)
(1.0889, 3.6012, -1.4044)
(1.5618, 3.2108, -1.6198)
(1.9972, 3.1111, -1.8474)
(2.3484, 3.1225, -2.103)
(-0.7611, 4.2664, -1.8271)
(-0.1024, 4.3385, -1.7504)
(0.4979, 4.1232, -1.6908)
(1.063, 3.8812, -1.7232)
(1.6004, 3.6817, -1.8116)
(2.1234, 3.4979, -1.9294)
(2.4918, 3.3623, -2.2153)
(-0.7849, 4.3765, -2.3616)
(-0.1741, 4.252, -2.2293)
(0.3595, 4.096, -2.0862)
(0.9005, 4.1107, -1.9848)
(1.4544, 4.0494, -1.9515)
(1.9642, 3.8907, -2.1632)
(2.3181, 3.7748, -2.5503)
(-0.8907, 4.2301, -2.7018)
(-0.3534, 4.1115, -2.4495)
(0.1974, 4.2584, -2.2415)
(0.7583, 4.3682, -2.0843)
(1.3137, 4.2583, -2.1405)
(1.8886, 4.1919, -2.3762)
(2.3364, 4.1537, -2.6628)
(1.968, -1.2585, 4.2507)
(2.4875, -1.1026, 4.2054)
(3.1306, -0.8565, 4.128)
(3.7616, -0.6041, 3.9432)
(4.3803, -0.3719, 3.6908)
(5.0125, -0.1801, 3.3908)
(5.6565, 0.032, 3.1169)
(6.2911, 0.2337, 2.9253)
(-6.9136, -2.1165, 0.6451)
(-5.3759, -1.2987, 0.1795)
(-5.631, -1.1457, -0.0157)
(-5.893, -1.1279, -0.4117)
(-6.1561, -1.4306, -0.5386)
(-6.4663, -1.7774, -0.2259)
(-6.7702, -2.0295, 0.2193)
(-2.0473, -3.012, 2.4962)
(-2.602, -3.0069, 2.2886)
(-3.2331, -2.9053, 2.0036)
(-3.8373, -2.7319, 1.6847)
(-4.429, -2.5671, 1.336)
(-5.0428, -2.4043, 0.9643)
(-5.6596, -2.2561, 0.6401)
(-6.2632, -2.1505, 0.4036)
(-1.7165, -3.0171, 2.0179)
(-2.342, -2.9707, 1.7658)
(-2.9686, -2.7918, 1.4948)
(-3.5572, -2.5421, 1.2136)
(-4.1382, -2.2909, 0.9122)
(-4.7504, -2.0871, 0.6021)
(-5.3782, -1.9345, 0.3211)
(-5.9756, -1.8403, 0.0378)
(-0.0977, -2.7449, 1.7109)
(-0.7545, -2.8962, 1.636)
(-1.4402, -2.9555, 1.4804)
(-2.1193, -2.9011, 1.2208)
(-2.7626, -2.7608, 0.9853)
(-3.3731, -2.556, 0.7492)
(-3.964, -2.2947, 0.4902)
(-4.5618, -2.037, 0.2325)
(-5.1667, -1.8038, -0.0218)
(-5.7122, -1.5891, -0.3191)
(-0.0128, -2.7019, 1.2138)
(-0.6458, -2.8961, 1.0583)
(-1.2993, -3.0159, 0.8791)
(-1.9673, -3.0332, 0.6729)
(-2.6173, -2.9449, 0.4618)
(-3.2265, -2.7303, 0.2423)
(-3.7994, -2.4217, 0.0115)
(-4.3627, -2.0949, -0.2171)
(-4.9071, -1.7504, -0.3518)
(-5.4284, -1.3923, -0.4118)
(0.0938, -2.6516, 0.6083)
(-0.5328, -2.8906, 0.4464)
(-1.1737, -3.0803, 0.2893)
(-1.8011, -3.0558, 0.2009)
(-2.4068, -2.8261, 0.1515)
(-3.0, -2.5183, 0.0584)
(-3.5539, -2.1493, -0.1063)
(-4.0987, -1.7763, -0.2874)
(-4.6333, -1.4952, -0.2154)
(-5.1853, -1.2673, -0.0133)
(0.2065, -2.5939, 0.0038)
(-0.4243, -2.8333, -0.1579)
(-1.0723, -2.9995, -0.3024)
(-1.6772, -2.8458, -0.2968)
(-2.226, -2.4571, -0.1534)
(-2.7775, -2.072, -0.0282)
(-3.3231, -1.6689, 0.0161)
(-3.9071, -1.3407, -0.0335)
(-4.4557, -1.2871, 0.136)
(-4.9928, -1.3356, 0.332)
(0.3182, -2.5146, -0.596)
(-0.327, -2.7402, -0.7609)
(-0.9936, -2.8319, -0.8833)
(-1.5993, -2.5885, -0.8326)
(-2.1021, -2.1397, -0.6326)
(-2.5831, -1.6919, -0.4128)
(-3.0485, -1.2831, -0.2115)
(0.4162, -2.3602, -1.1797)
(-0.2356, -2.5517, -1.3368)
(-0.9006, -2.5486, -1.4123)
(-1.4757, -2.2377, -1.3097)
(-1.9467, -1.7947, -1.0945)
(-2.4093, -1.3686, -0.8747)
(-2.8054, -1.0096, -0.6876)
(0.5031, -2.1379, -1.7453)
(-0.1522, -2.2825, -1.8847)
(-0.8094, -2.2114, -1.9173)
(-1.3628, -1.8892, -1.7901)
(-1.8224, -1.4808, -1.5842)
(-2.2748, -1.0834, -1.3745)
(-2.6405, -0.7291, -1.189)
(0.5858, -1.8835, -2.2979)
(-0.0766, -1.9929, -2.4237)
(-0.7363, -1.8985, -2.4403)
(-1.3035, -1.6009, -2.318)
(-1.7764, -1.2262, -2.1251)
(-2.198, -0.8253, -1.9068)
(-2.4969, -0.4412, -1.6979)
(0.6613, -1.5962, -2.835)
(-0.0051, -1.6814, -2.95)
(-0.6706, -1.5787, -2.9595)
(-1.2662, -1.3163, -2.854)
(-1.7619, -0.9686, -2.6755)
(-2.1304, -0.543, -2.4336)
(-2.3369, -0.1225, -2.1938)
(0.7337, -1.2856, -3.3586)
(0.0668, -1.3583, -3.4674)
(-0.6012, -1.2449, -3.468)
(-1.2065, -0.9837, -3.3609)
(-1.677, -0.6137, -3.1523)
(-1.9317, -0.1623, -2.8199)
(-2.0785, 0.2388, -2.6012)
(0.8096, -0.9652, -3.8745)
(0.1455, -1.0408, -3.984)
(-0.5242, -0.9421, -3.9829)
(-1.0621, -0.6596, -3.8164)
(-1.3889, -0.2507, -3.4732)
(-1.6089, 0.1642, -3.1031)
(-1.8159, 0.541, -3.0535)
(0.8963, -0.6375, -4.3807)
(0.2447, -0.6869, -4.4529)
(-0.4011, -0.5637, -4.3666)
(-0.932, -0.3006, -4.1754)
(-1.202, 0.0654, -3.8008)
(-1.4706, 0.4487, -3.4895)
(-1.8151, 0.8573, -3.5412)
(0.9803, -0.2452, -4.8095)
(0.3783, -0.2209, -4.694)
(-0.1717, -0.1013, -4.3785)
(-0.7353, 0.0872, -4.1897)
(-1.1951, 0.3564, -4.077)
(-1.65, 0.5948, -3.9149)
(-2.0942, 0.86, -3.8068)
(1.0501, 0.2393, -5.0753)
(0.544, 0.3296, -4.6975)
(0.0365, 0.3636, -4.3457)
(-0.5541, 0.4725, -4.2532)
(-1.1769, 0.7084, -4.2869)
(-1.8243, 0.7796, -4.2495)
(-2.3172, 0.8566, -4.0705)
(1.0366, 0.7616, -5.2883)
(0.5775, 0.8593, -4.8137)
(0.0422, 0.7815, -4.6462)
(-0.5815, 0.7491, -4.7272)
(-1.2318, 0.9559, -4.7167)
(-1.8698, 1.1171, -4.6429)
(-2.3591, 1.2624, -4.4842)
(0.9403, 1.2066, -5.5139)
(0.4653, 1.2652, -5.0714)
(-0.0429, 1.0709, -5.0278)
(-0.6092, 0.91, -5.1857)
(-1.2626, 1.075, -5.1779)
(-1.8723, 1.3538, -5.0505)
(-2.3395, 1.601, -4.8451)
(-2.2704, -2.8962, 2.8937)
(-2.7913, -2.8789, 2.7344)
(-3.4293, -2.8435, 2.4595)
(-4.0442, -2.7512, 2.1252)
(-4.6418, -2.6598, 1.7603)
(-5.2158, -2.489, 1.379)
(-5.8024, -2.3008, 1.0523)
(-6.4287, -2.2073, 0.8318)
(-7.0005, -1.8893, 1.0697)
(-5.4406, -1.3655, 0.1741)
(-5.7345, -1.1056, 0.1449)
(-6.1579, -0.7527, 0.3314)
(-6.6142, -0.6228, 0.7065)
(-6.9831, -0.8716, 1.032)
(-7.0793, -1.4203, 1.1458)
(-2.3378, -2.0949, 3.4304)
(-2.8872, -2.1301, 3.2184)
(-3.5256, -2.1236, 2.9424)
(-4.1333, -2.0662, 2.6042)
(-4.7345, -2.0262, 2.2785)
(-5.3214, -1.9374, 1.9322)
(-5.9231, -1.7559, 1.5949)
(-6.5685, -1.5651, 1.3544)
(-2.1746, -1.5315, 3.47)
(-2.8027, -1.5553, 3.2077)
(-3.4431, -1.5496, 2.9102)
(-4.0499, -1.507, 2.5729)
(-4.6608, -1.4368, 2.2793)
(-5.2907, -1.3483, 1.9587)
(-5.93, -1.2234, 1.5832)
(-6.5367, -1.0273, 1.2899)
(-0.7796, -0.5368, 3.7007)
(-1.3882, -0.8124, 3.5317)
(-2.025, -0.9786, 3.2755)
(-2.6677, -1.0445, 2.955)
(-3.264, -1.0838, 2.6157)
(-3.8356, -1.0628, 2.2592)
(-4.4285, -0.9711, 1.9969)
(-5.0377, -0.9124, 1.6851)
(-5.6121, -0.8917, 1.2955)
(-6.1804, -0.7853, 0.9969)
(-0.8615, -0.0958, 3.4707)
(-1.3992, -0.3493, 3.1798)
(-1.9631, -0.5077, 2.8621)
(-2.5252, -0.6586, 2.5212)
(-3.0357, -0.8423, 2.1489)
(-3.5495, -0.8132, 1.821)
(-4.0822, -0.7404, 1.5785)
(-4.6254, -0.8043, 1.2787)
(-5.1649, -0.8508, 0.9544)
(-5.7219, -0.8615, 0.6611)
(-0.9526, 0.4092, 3.1341)
(-1.3777, 0.0831, 2.7499)
(-1.8545, -0.1403, 2.3755)
(-2.3563, -0.3703, 2.0189)
(-2.7827, -0.7083, 1.6318)
(-3.2523, -0.7178, 1.323)
(-3.7411, -0.7386, 1.0966)
(-4.2415, -0.9123, 0.8185)
(-4.809, -0.99, 0.6162)
(-5.3358, -1.122, 0.4515)
(-1.0335, 0.8715, 2.7324)
(-1.3341, 0.4838, 2.3079)
(-1.6937, 0.1806, 1.886)
(-2.1515, -0.1146, 1.5061)
(-2.5199, -0.5274, 1.1191)
(-2.9714, -0.6676, 0.7843)
(-3.455, -0.8356, 0.5416)
(-3.9707, -1.0336, 0.3212)
(-4.512, -1.1204, 0.3611)
(-5.0235, -1.328, 0.4208)
(-1.1203, 1.3081, 2.3022)
(-1.3663, 0.8911, 1.8725)
(-1.5731, 0.4894, 1.4087)
(-1.9219, 0.1134, 0.9941)
(-2.2704, -0.3134, 0.6113)
(-2.6969, -0.5893, 0.2651)
(-3.1277, -0.8562, 0.0081)
(-1.187, 1.7228, 1.8514)
(-1.4828, 1.301, 1.4431)
(-1.617, 0.8392, 0.9639)
(-1.796, 0.393, 0.5083)
(-2.0798, -0.0424, 0.1164)
(-2.4567, -0.4194, -0.2303)
(-2.8306, -0.7125, -0.4954)
(-1.211, 2.1132, 1.38)
(-1.5619, 1.6923, 0.9908)
(-1.7649, 1.2298, 0.5371)
(-1.886, 0.7692, 0.0747)
(-2.0445, 0.3173, -0.3416)
(-2.3148, -0.1152, -0.7042)
(-2.6338, -0.443, -0.987)
(-1.2005, 2.4856, 0.9017)
(-1.5258, 2.0477, 0.5064)
(-1.8014, 1.5955, 0.0787)
(-2.0201, 1.1576, -0.3496)
(-2.1588, 0.7184, -0.7673)
(-2.3131, 0.266, -1.1561)
(-2.51, -0.1085, -1.4654)
(-1.1497, 2.8038, 0.4111)
(-1.3472, 2.319, 0.0107)
(-1.6371, 1.8788, -0.4124)
(-1.9852, 1.4949, -0.8153)
(-2.243, 1.0951, -1.2176)
(-2.3719, 0.6442, -1.6197)
(-2.4123, 0.2421, -1.9414)
(-1.2167, 3.0664, -0.0823)
(-1.2704, 2.5611, -0.4715)
(-1.395, 2.0972, -0.9059)
(-1.7041, 1.6575, -1.2539)
(-2.0, 1.2724, -1.6106)
(-2.1312, 0.8747, -2.0165)
(-2.1521, 0.5236, -2.3734)
(-1.4113, 3.3135, -0.573)
(-1.4598, 2.8345, -0.932)
(-1.41, 2.344, -1.3788)
(-1.5805, 1.8124, -1.6709)
(-1.8118, 1.4272, -1.9764)
(-1.916, 1.082, -2.4147)
(-1.91, 0.7719, -2.8394)
(-1.3753, 3.4292, -1.0671)
(-1.6591, 2.9978, -1.3779)
(-1.7423, 2.5355, -1.809)
(-1.8864, 2.0224, -2.0704)
(-2.0387, 1.686, -2.3586)
(-2.0463, 1.3807, -2.8544)
(-1.9643, 1.0713, -3.2896)
(-1.307, 3.6299, -1.5087)
(-1.8151, 3.2458, -1.7492)
(-2.1098, 2.7836, -2.0858)
(-2.2932, 2.2455, -2.35)
(-2.4173, 1.803, -2.6352)
(-2.388, 1.4064, -3.098)
(-2.2887, 1.0695, -3.5138)
(-1.3668, 3.9846, -1.9606)
(-1.7965, 3.5449, -2.1098)
(-2.0446, 2.9775, -2.2983)
(-2.2504, 2.3948, -2.5868)
(-2.4316, 1.8355, -2.9213)
(-2.5827, 1.3947, -3.3479)
(-2.5727, 1.096, -3.7682)
(-1.3413, 4.1752, -2.4927)
(-1.6686, 3.6418, -2.5938)
(-1.9346, 3.06, -2.6363)
(-2.2401, 2.5185, -2.7918)
(-2.3891, 2.0331, -3.1632)
(-2.5174, 1.7216, -3.6893)
(-2.5862, 1.4958, -4.1617)
(-1.3123, 4.0966, -2.7902)
(-1.7003, 3.6527, -2.7868)
(-2.1687, 3.2419, -2.8733)
(-2.4358, 2.7312, -2.9698)
(-2.5049, 2.3234, -3.3104)
(-2.63, 2.0681, -3.8888)
(-2.7051, 1.8165, -4.3826)
(-2.3888, -2.5283, 3.2659)
(-2.8816, -2.5951, 3.0495)
(-3.5168, -2.5948, 2.7784)
(-4.1206, -2.5332, 2.4355)
(-4.7113, -2.4775, 2.0897)
(-5.2396, -2.3494, 1.6945)
(-5.7809, -2.1502, 1.3467)
(-6.4532, -2.0059, 1.1684)
