(-0.1188, -2.6815, -5.647)
(0.4849, -2.4629, -5.5987)
(1.0622, -2.0878, -5.5124)
(1.6275, -1.6909, -5.4238)
(2.1684, -1.2618, -5.3174)
(-0.1245, -2.8134, -5.226)
(0.5014, -2.5999, -5.1822)
(2.6312, -0.8144, -5.1809)
(1.0872, -2.2346, -5.1011)
(2.8684, -0.4997, -5.0065)
(1.6401, -1.8224, -5.0084)
(2.1347, -1.3505, -4.898)
(2.5412, -0.8598, -4.762)
(2.8363, -0.4401, -4.6653)
(-0.1621, -2.9325, -4.6733)
(0.4676, -2.6899, -4.6321)
(1.043, -2.3044, -4.5618)
(1.6024, -1.9104, -4.4849)
(2.1204, -1.4738, -4.3884)
(2.4759, -0.9984, -4.2466)
(2.6792, -0.5807, -4.0889)
(-0.2397, -2.9536, -4.0828)
(0.3537, -2.6251, -4.0637)
(0.8802, -2.1734, -4.0324)
(1.394, -1.7797, -3.9902)
(1.9667, -1.4066, -3.9116)
(2.4908, -1.1518, -3.832)
(2.8944, -0.9017, -3.6158)
(-0.3053, -2.9601, -3.4867)
(0.2977, -2.674, -3.4776)
(0.7809, -2.1986, -3.446)
(1.2946, -1.8133, -3.3858)
(1.8116, -1.4305, -3.3832)
(2.2022, -1.0616, -3.536)
(2.3699, -0.6042, -3.6064)
(-0.3599, -2.9689, -2.8873)
(0.2396, -2.7127, -2.8897)
(0.6864, -2.2372, -2.8823)
(1.2287, -1.9179, -2.808)
(1.7225, -1.5319, -2.7969)
(2.0211, -1.1028, -2.9768)
(2.2177, -0.7083, -2.9786)
(-0.4014, -2.958, -2.2864)
(0.2348, -2.7804, -2.304)
(0.7752, -2.4175, -2.3457)
(1.372, -2.2079, -2.3751)
(1.8214, -1.8021, -2.3615)
(1.9703, -1.2458, -2.3709)
(2.0522, -0.7925, -2.3448)
(-0.4326, -2.9123, -1.6853)
(0.2265, -2.7903, -1.7116)
(0.8352, -2.5267, -1.7602)
(1.4322, -2.3387, -1.8061)
(1.8515, -1.9192, -1.7931)
(2.0494, -1.3661, -1.7704)
(2.2946, -0.9648, -1.7696)
(-0.4461, -2.8445, -1.0858)
(0.2297, -2.811, -1.1175)
(0.873, -2.6358, -1.1669)
(1.4567, -2.4208, -1.1998)
(1.8617, -1.9818, -1.1848)
(2.1336, -1.4581, -1.1663)
(2.4088, -1.0791, -1.1591)
(-0.4406, -2.7368, -0.4918)
(0.2409, -2.8006, -0.5235)
(0.9045, -2.7366, -0.5745)
(1.4769, -2.4893, -0.5993)
(1.8747, -2.0246, -0.5857)
(2.2151, -1.5334, -0.573)
(2.5313, -1.1845, -0.5664)
(-0.4166, -2.5945, 0.096)
(0.2618, -2.7308, 0.0698)
(0.9314, -2.7893, 0.0266)
(1.5197, -2.5638, -0.0046)
(1.9431, -2.0968, -0.0038)
(2.3454, -1.6354, -0.0027)
(2.6841, -1.2994, 0.0061)
(-0.3746, -2.4544, 0.6814)
(0.296, -2.6613, 0.6635)
(0.9665, -2.8176, 0.6297)
(1.597, -2.6685, 0.5814)
(2.0848, -2.2296, 0.5527)
(2.5297, -1.7699, 0.542)
(2.8543, -1.4046, 0.5721)
(-0.2988, -2.2044, 1.2258)
(0.3474, -2.4541, 1.2235)
(0.9803, -2.6934, 1.2201)
(1.6258, -2.647, 1.169)
(2.1899, -2.2946, 1.1171)
(2.7381, -1.9282, 1.0541)
(3.3606, -1.5144, 0.996)
(-0.1982, -1.8989, 1.7456)
(0.413, -2.2029, 1.7689)
(0.9725, -2.5231, 1.7985)
(1.5852, -2.4886, 1.7126)
(3.9412, -1.8427, 1.1744)
(2.1957, -2.2691, 1.637)
(2.8098, -2.1351, 1.5046)
(4.62, -1.8176, 1.0806)
(3.3504, -2.1179, 1.196)
(4.9746, -2.3636, 1.2403)
(3.927, -2.1625, 1.0646)
(-0.0863, -1.5997, 2.2745)
(0.5114, -1.9156, 2.3023)
(1.0382, -2.3148, 2.349)
(5.1111, -2.5699, 1.2867)
(1.636, -2.5114, 2.2408)
(4.4331, -2.1332, 1.2682)
(2.2479, -2.555, 2.0284)
(2.8612, -2.5685, 1.7826)
(4.8268, -2.3488, 1.3255)
(3.4533, -2.5904, 1.4885)
(5.1392, -2.4159, 1.1595)
(4.019, -2.6507, 1.2532)
(0.0232, -1.3258, 2.7965)
(0.6411, -1.5909, 2.8279)
(1.2331, -1.9724, 2.8171)
(4.5435, -2.5156, 1.3221)
(1.8381, -2.3056, 2.7179)
(2.434, -2.5545, 2.5028)
(4.9335, -2.3876, 1.0807)
(3.019, -2.7509, 2.2232)
(0.1177, -1.1156, 3.2175)
(5.2797, -2.4005, 0.8026)
(3.6029, -2.8932, 1.9131)
(4.1873, -2.9544, 1.6199)
(1.4998, -1.5683, 3.2101)
(0.7886, -1.1729, 3.4025)
(4.6949, -2.8299, 1.4157)
(2.1186, -1.903, 3.066)
(2.7109, -2.2118, 2.873)
(4.9105, -2.6845, 0.9764)
(3.2843, -2.515, 2.6498)
(5.1818, -2.7037, 0.6198)
(3.8391, -2.7618, 2.3849)
(4.3291, -2.7583, 2.0129)
(1.346, -1.0413, 3.7242)
(1.8473, -1.213, 3.5566)
(4.7248, -2.6347, 1.5961)
(2.4359, -1.4995, 3.3979)
(3.0189, -1.8395, 3.2338)
(5.1229, -2.7179, 1.1987)
(3.577, -2.2073, 3.0648)
(5.4147, -2.9229, 0.8945)
(4.0742, -2.4808, 2.8105)
(4.3816, -2.4774, 2.3424)
(1.7462, -0.7957, 4.0147)
(2.189, -0.8888, 3.8794)
(4.7977, -2.6697, 1.9363)
(2.7616, -1.1285, 3.7076)
(3.3389, -1.4518, 3.5101)
(5.2419, -2.9851, 1.5656)
(3.8852, -1.824, 3.3199)
(2.0644, -0.6401, 4.0995)
(5.495, -3.279, 1.268)
(4.3726, -2.1769, 3.0707)
(2.4088, -0.5584, 4.122)
(3.0274, -0.8399, 3.9684)
(4.6992, -2.4358, 2.6196)
(3.6055, -1.1432, 3.7097)
(5.1406, -2.7527, 2.2424)
(4.1278, -1.4763, 3.3809)
(4.6034, -1.8619, 3.0428)
(5.5902, -3.109, 1.9078)
(5.0163, -2.2881, 2.67)
(5.8093, -3.4217, 1.6298)
(5.4478, -2.6688, 2.3754)
(6.0242, -3.3163, 1.8711)
(6.0179, -3.0777, 2.1003)
(0.6457, 1.8575, -4.4655)
(1.2703, 1.7126, -4.3855)
(1.8818, 1.571, -4.3424)
(2.2233, 1.0769, -4.2468)
(2.6509, 0.5999, -4.4018)
(0.9421, 1.8898, -4.4761)
(1.3576, 1.5325, -4.2208)
(3.0719, 0.1488, -4.5076)
(1.8905, 1.3181, -4.1645)
(3.1168, -0.2014, -4.6836)
(2.3816, 1.0354, -4.087)
(2.6115, 0.5174, -4.1136)
(2.8236, -0.0007, -4.341)
(2.8459, -0.4246, -4.6569)
(1.2495, 2.1023, -4.2007)
(1.6726, 1.6475, -4.0453)
(1.9508, 1.1902, -3.8329)
(2.3554, 0.7711, -3.8146)
(2.6797, 0.3226, -3.7294)
(2.8442, -0.1949, -3.8871)
(2.6909, -0.5656, -4.082)
(1.3708, 2.2421, -3.6691)
(1.8662, 1.8077, -3.6133)
(2.1877, 1.2402, -3.485)
(2.3827, 0.6269, -3.4235)
(2.4922, 0.0508, -3.4096)
(2.7758, -0.3876, -3.4916)
(2.8974, -0.8821, -3.6076)
(1.3246, 2.2948, -3.1219)
(1.7176, 1.7881, -3.1042)
(1.9803, 1.1528, -3.0482)
(2.0961, 0.5093, -2.9426)
(2.2065, -0.0321, -2.9514)
(2.417, -0.283, -3.3224)
(2.3974, -0.594, -3.5883)
(1.1233, 2.2729, -2.6943)
(1.4115, 1.6563, -2.7197)
(1.6471, 1.0158, -2.7093)
(1.815, 0.4673, -2.4833)
(2.0033, -0.0094, -2.3582)
(2.1756, -0.2946, -2.7789)
(2.2365, -0.6473, -3.1039)
(1.2677, 2.3383, -2.1829)
(1.5253, 1.7059, -2.2108)
(1.7528, 1.0784, -2.217)
(1.8872, 0.5137, -2.0137)
(2.0473, 0.0238, -1.8796)
(2.0996, -0.3942, -2.1371)
(2.086, -0.7955, -2.307)
(1.4631, 2.3873, -1.6123)
(1.7504, 1.7713, -1.6519)
(1.9916, 1.142, -1.6853)
(2.2529, 0.5737, -1.6741)
(2.4256, 0.022, -1.6544)
(2.3432, -0.5073, -1.669)
(2.3184, -0.9592, -1.7637)
(1.5737, 2.3796, -1.0139)
(1.8965, 1.7801, -1.0657)
(2.1498, 1.1488, -1.1096)
(2.3971, 0.5529, -1.1374)
(2.5699, -0.0405, -1.1526)
(2.5643, -0.6213, -1.1494)
(2.4224, -1.0639, -1.1606)
(1.5903, 2.3269, -0.4052)
(1.9062, 1.7269, -0.4651)
(2.1604, 1.0928, -0.5134)
(2.3988, 0.4841, -0.5409)
(2.5869, -0.1188, -0.558)
(2.6477, -0.7113, -0.568)
(2.5435, -1.1686, -0.5713)
(1.5245, 2.239, 0.1948)
(1.7982, 1.6219, 0.1215)
(2.0543, 0.9895, 0.0705)
(2.3188, 0.3795, 0.0434)
(2.556, -0.2219, 0.0278)
(2.7013, -0.8122, 0.0138)
(2.6971, -1.2843, 0.0012)
(1.4292, 2.1183, 0.7827)
(1.7158, 1.5132, 0.7011)
(2.0389, 0.9287, 0.6491)
(2.3075, 0.3145, 0.6228)
(2.5472, -0.3037, 0.6068)
(2.7551, -0.9005, 0.5818)
(2.8629, -1.3858, 0.5717)
(1.4014, 1.9846, 1.3715)
(1.8155, 1.4674, 1.2734)
(2.2664, 0.9968, 1.1807)
(2.5279, 0.3861, 1.1606)
(2.7406, -0.258, 1.1527)
(3.0251, -0.8594, 1.0787)
(3.3766, -1.5005, 0.991)
(1.452, 1.864, 1.963)
(1.9797, 1.4646, 1.8486)
(2.5067, 1.0779, 1.7318)
(2.8285, 0.505, 1.6719)
(3.9461, -1.8164, 1.2037)
(3.083, -0.1135, 1.6187)
(3.4371, -0.6543, 1.4474)
(4.6391, -1.7822, 1.0886)
(3.8414, -1.1309, 1.2061)
(4.9468, -2.3515, 1.3034)
(4.2432, -1.59, 1.1093)
(1.5098, 1.7199, 2.5538)
(2.0971, 1.4016, 2.4435)
(2.6837, 1.0907, 2.3128)
(5.0186, -2.1792, 0.9944)
(3.1243, 0.614, 2.1799)
(4.7345, -1.9356, 1.2008)
(3.4923, 0.0812, 2.0112)
(3.8901, -0.4037, 1.7631)
(5.1676, -2.2255, 1.0848)
(4.301, -0.831, 1.4515)
(5.2519, -2.0777, 0.7674)
(4.6631, -1.3419, 1.2856)
(1.5173, 1.5341, 3.1112)
(2.1438, 1.2651, 3.0515)
(2.7886, 0.9761, 2.908)
(5.1555, -1.7825, 1.1898)
(3.366, 0.6175, 2.7213)
(3.8454, 0.1868, 2.4693)
(5.61, -2.0985, 0.9935)
(4.2868, -0.2555, 2.1686)
(1.4746, 1.3248, 3.533)
(5.7539, -1.9131, 0.7348)
(4.7218, -0.6832, 1.8443)
(5.1199, -1.1727, 1.5874)
(2.8412, 0.7305, 3.4724)
(2.051, 0.9895, 3.6947)
(5.5986, -1.611, 1.3949)
(3.4924, 0.4332, 3.2778)
(4.0419, 0.0576, 3.0076)
(6.0886, -1.9386, 1.2056)
(4.5229, -0.366, 2.6905)
(6.3238, -1.9743, 0.8788)
(5.0027, -0.7897, 2.361)
(5.4895, -1.2109, 2.0198)
(2.3308, 0.546, 3.9881)
(2.8536, 0.3326, 3.9047)
(5.9713, -1.6209, 1.7747)
(3.4648, 0.0468, 3.7336)
(4.0419, -0.2952, 3.474)
(6.4839, -1.9508, 1.5579)
(4.5652, -0.6819, 3.1658)
(6.7466, -2.1714, 1.2631)
(5.0905, -1.0733, 2.8567)
(5.5995, -1.4688, 2.5043)
(2.2895, 0.0786, 4.2146)
(2.7086, -0.152, 4.1227)
(6.0597, -1.8627, 2.2171)
(3.282, -0.4381, 3.9651)
(3.8544, -0.7676, 3.7113)
(6.5577, -2.2433, 1.9597)
(4.3729, -1.1335, 3.3847)
(2.2732, -0.2643, 4.2409)
(6.8884, -2.4946, 1.7081)
(4.8653, -1.5288, 3.0397)
(2.4421, -0.5358, 4.1363)
(3.0567, -0.8232, 3.9893)
(5.3511, -1.9546, 2.6887)
(3.6224, -1.1343, 3.7217)
(5.8443, -2.3127, 2.3888)
(4.1352, -1.4804, 3.4002)
(4.612, -1.8684, 3.0634)
(6.3218, -2.697, 2.1492)
(5.0252, -2.336, 2.6916)
(6.6925, -2.9169, 1.9612)
(5.615, -2.7695, 2.3195)
(6.4243, -3.1088, 2.0852)
(6.1052, -3.1038, 2.1282)
(-0.6178, -2.4124, -5.5381)
(-0.7621, -1.8873, -5.2163)
(-1.0965, -1.4816, -4.9587)
(-1.6733, -1.4506, -4.9395)
(-2.1635, -1.0603, -5.0092)
(-2.477, -0.4562, -5.0938)
(-0.6612, -2.6149, -5.1363)
(-0.8067, -2.093, -4.8305)
(-1.0675, -1.6178, -4.5542)
(-2.6425, 0.1768, -5.1018)
(-1.632, -1.4289, -4.514)
(-2.7412, 0.5842, -5.0014)
(-2.1127, -0.9969, -4.5922)
(-2.4423, -0.4054, -4.6787)
(-2.7079, 0.1693, -4.6843)
(-2.7724, 0.6647, -4.6652)
(-0.7437, -2.8437, -4.6276)
(-0.9588, -2.3501, -4.3702)
(-1.1193, -1.8077, -4.0687)
(-1.5564, -1.4181, -3.9763)
(-1.9445, -0.8908, -4.1009)
(-2.3226, -0.3404, -4.1892)
(-2.729, 0.1208, -4.1404)
(-2.8674, 0.5728, -4.0643)
(-0.8675, -2.9815, -4.0834)
(-1.2986, -2.5869, -3.9897)
(-1.4947, -2.0293, -3.7448)
(-1.7358, -1.4995, -3.5287)
(-2.0324, -0.9617, -3.6302)
(-2.3497, -0.4708, -3.7328)
(-2.6855, 0.0264, -3.6721)
(-2.8353, 0.4433, -3.4717)
(-0.9684, -2.9914, -3.5017)
(-1.5546, -2.7261, -3.5156)
(-1.9362, -2.2123, -3.4764)
(-2.2016, -1.6227, -3.4022)
(-2.3502, -1.0489, -3.4187)
(-2.2346, -0.5287, -3.3344)
(-2.3107, 0.0181, -3.4489)
(-2.303, 0.5227, -3.8505)
(-1.0294, -2.9399, -2.9015)
(-1.6569, -2.6961, -2.9369)
(-2.1668, -2.2579, -2.9805)
(-2.497, -1.7016, -3.0054)
(-2.4665, -1.0954, -2.9678)
(-2.2519, -0.5272, -2.8515)
(-2.2066, -0.0206, -2.931)
(-2.2113, 0.1906, -3.376)
(-1.0715, -2.8762, -2.2969)
(-1.6987, -2.6156, -2.3329)
(-2.2188, -2.1836, -2.3896)
(-2.5698, -1.6135, -2.4521)
(-2.6967, -0.987, -2.4859)
(-2.5722, -0.3729, -2.4667)
(-2.3285, 0.1316, -2.4398)
(-2.2948, 0.4633, -2.6392)
(-1.1017, -2.8042, -1.6913)
(-1.7292, -2.538, -1.7251)
(-2.2552, -2.1139, -1.7829)
(-2.6153, -1.5483, -1.852)
(-2.8142, -0.934, -1.9084)
(-2.8286, -0.3163, -1.9517)
(-2.6495, 0.2399, -1.9752)
(-2.4785, 0.6452, -2.0474)
(-1.1166, -2.7105, -1.0873)
(-1.7501, -2.4518, -1.1167)
(-2.289, -2.0468, -1.173)
(-2.6362, -1.4828, -1.2448)
(-2.7985, -0.8649, -1.3038)
(-2.8502, -0.2463, -1.3569)
(-2.7816, 0.338, -1.4056)
(-2.6537, 0.7776, -1.4531)
(-1.1125, -2.5838, -0.4889)
(-1.7562, -2.3436, -0.511)
(-2.312, -1.9659, -0.5628)
(-2.643, -1.4013, -0.6408)
(-2.745, -0.7683, -0.7092)
(-2.7966, -0.1398, -0.7662)
(-2.8127, 0.4585, -0.818)
(-2.7679, 0.9226, -0.8674)
(-1.0892, -2.4259, 0.1018)
(-1.7458, -2.2057, 0.0888)
(-2.3338, -1.8724, 0.0464)
(-2.6907, -1.3255, -0.0382)
(-2.776, -0.6737, -0.1184)
(-2.816, -0.022, -0.1836)
(-2.8583, 0.5949, -0.2411)
(-2.8786, 1.0694, -0.2888)
(-1.0437, -2.2456, 0.683)
(-1.7121, -2.0292, 0.6756)
(-2.3518, -1.7599, 0.649)
(-2.789, -1.2684, 0.5609)
(-2.8976, -0.5981, 0.4645)
(-2.9246, 0.0877, 0.3881)
(-2.9594, 0.74, 0.3231)
(-2.9761, 1.2443, 0.2825)
(-0.9598, -1.9838, 1.2284)
(-1.6262, -1.7762, 1.2296)
(-2.2837, -1.5488, 1.2208)
(-2.8034, -1.149, 1.1541)
(-2.9809, -0.5067, 1.05)
(-3.0612, 0.18, 0.9575)
(-3.1467, 0.8557, 0.8575)
(-3.211, 1.6227, 0.7931)
(-0.8525, -1.6801, 1.7532)
(-1.5157, -1.4864, 1.7629)
(-2.1747, -1.2816, 1.7632)
(-2.739, -0.9608, 1.72)
(-3.0125, -0.397, 1.6088)
(-3.6991, 2.0949, 0.6178)
(-3.2565, 0.2147, 1.4672)
(-3.5045, 0.8044, 1.2449)
(-3.9442, 2.4386, 1.1821)
(-3.7611, 1.3405, 0.9141)
(-4.5901, 2.642, 1.0916)
(-0.7372, -1.3803, 2.2825)
(-4.0516, 1.8629, 0.7084)
(-1.3959, -1.1798, 2.2873)
(-2.0456, -0.9576, 2.27)
(-2.6611, -0.6661, 2.1983)
(-4.6695, 2.7961, 0.8423)
(-3.1715, -0.2698, 2.0385)
(-4.3074, 2.384, 0.8817)
(-3.5905, 0.1864, 1.7731)
(-3.9192, 0.6781, 1.4267)
(-4.614, 2.833, 0.8718)
(-4.2187, 1.1693, 1.0419)
(-4.9049, 2.8998, 0.7172)
(-4.4877, 1.6882, 0.7195)
(-0.6248, -1.1091, 2.7836)
(-1.264, -0.8704, 2.7803)
(-1.8722, -0.5804, 2.7373)
(-2.4774, -0.2454, 2.5695)
(-4.6657, 2.281, 0.5923)
(-3.0322, 0.1288, 2.3423)
(-3.5289, 0.5337, 2.0944)
(-4.8886, 2.838, 0.4931)
(-3.9471, 0.9716, 1.7675)
(-0.5491, -0.9261, 3.1413)
(-1.1705, -0.6296, 3.184)
(-5.1144, 3.203, 0.4447)
(-4.3285, 1.4217, 1.4003)
(-4.7052, 1.8736, 1.0392)
(-2.4026, 0.1208, 3.044)
(-1.6905, -0.2202, 3.3349)
(-5.0395, 2.3318, 0.6885)
(-2.9223, 0.5172, 2.7543)
(-3.3544, 0.9463, 2.421)
(-5.3064, 2.7529, 0.3525)
(-3.7571, 1.3746, 2.05)
(-5.5192, 3.1396, 0.2228)
(-4.1682, 1.803, 1.675)
(-4.6252, 2.2269, 1.3395)
(-1.9717, 0.2378, 3.6519)
(-2.4557, 0.4872, 3.5046)
(-5.1034, 2.6105, 1.0256)
(-2.9804, 0.8346, 3.2442)
(-3.4494, 1.2262, 2.8954)
(-5.5807, 2.8678, 0.714)
(-3.8871, 1.6163, 2.5096)
(-5.9428, 3.0836, 0.4978)
(-4.3585, 1.9782, 2.1173)
(-4.8766, 2.3399, 1.7472)
(-2.0106, 0.6657, 3.9775)
(-2.4154, 0.9086, 3.8632)
(-5.3722, 2.6963, 1.454)
(-2.954, 1.2216, 3.6522)
(-3.4824, 1.5658, 3.3363)
(-5.842, 3.0341, 1.2038)
(-3.9988, 1.8899, 2.9794)
(-2.0686, 0.9822, 4.1204)
(-6.1817, 3.3056, 0.9796)
(-4.5226, 2.2001, 2.6014)
(-2.2379, 1.2731, 4.0659)
(-2.8488, 1.5775, 3.905)
(-5.0159, 2.559, 2.1938)
(-3.4134, 1.8964, 3.6224)
(-5.5122, 2.9174, 1.8943)
(-3.9609, 2.1764, 3.2831)
(-4.5024, 2.4564, 2.9439)
(-5.9716, 3.2707, 1.6813)
(-4.8574, 2.7658, 2.4388)
(-6.2756, 3.5535, 1.4623)
(-5.3588, 3.1614, 2.1705)
(-6.1421, 3.6504, 1.7621)
(-5.9027, 3.567, 1.9979)
(0.2507, 2.0561, -4.717)
(-0.1076, 2.133, -4.3924)
(-0.6982, 2.3002, -4.3044)
(-1.2955, 2.1961, -4.2497)
(-1.6188, 1.7844, -4.0794)
(-2.0955, 1.5625, -4.3507)
(0.5031, 2.2396, -4.6502)
(-0.0572, 2.2254, -4.501)
(-0.6163, 2.094, -4.2276)
(-2.625, 1.305, -4.6086)
(-1.1907, 2.0474, -3.968)
(-2.8538, 0.9972, -4.7716)
(-1.7107, 1.7848, -3.8309)
(-2.1126, 1.3833, -4.0507)
(-2.5301, 1.0467, -4.369)
(-2.7746, 0.6833, -4.6546)
(0.6676, 2.4056, -4.212)
(0.0359, 2.4393, -4.1118)
(-0.4865, 2.1912, -3.8512)
(-1.0424, 1.9018, -3.6521)
(-1.6254, 1.5685, -3.5933)
(-2.1647, 1.2124, -3.6559)
(-2.6355, 0.9543, -3.8963)
(-2.8665, 0.5914, -4.0541)
(0.7293, 2.4419, -3.6298)
(0.053, 2.5178, -3.5751)
(-0.5854, 2.4233, -3.4985)
(-1.1612, 2.1048, -3.4211)
(-1.7105, 1.7638, -3.3223)
(-2.1904, 1.3634, -3.3277)
(-2.5745, 0.9023, -3.4633)
(-2.8419, 0.4621, -3.4608)
(0.7359, 2.4414, -3.0839)
(0.0712, 2.4137, -3.0575)
(-0.5333, 2.234, -3.089)
(-1.0394, 1.8498, -3.1249)
(-1.5048, 1.6165, -2.9873)
(-1.8262, 1.2617, -3.2049)
(-2.1585, 0.792, -3.3652)
(-2.2561, 0.4497, -3.69)
(0.7134, 2.6806, -2.6612)
(0.1645, 2.5608, -2.6078)
(-0.23, 2.0918, -2.6871)
(-0.703, 1.6376, -2.7131)
(-1.1875, 1.3814, -2.615)
(-1.6171, 1.1196, -2.7922)
(-1.9864, 0.6843, -2.952)
(-2.1671, 0.2393, -3.1907)
(0.8578, 2.747, -2.1343)
(0.3642, 2.4979, -2.0947)
(-0.0159, 1.9792, -2.1777)
(-0.5334, 1.581, -2.2109)
(-1.095, 1.3609, -2.1606)
(-1.58, 1.1077, -2.2945)
(-1.9751, 0.7386, -2.4007)
(-2.2699, 0.4524, -2.5885)
(1.0164, 2.7351, -1.5634)
(0.5296, 2.4341, -1.5657)
(-0.014, 2.0647, -1.6306)
(-0.6284, 1.8379, -1.7364)
(-1.2417, 1.6877, -1.8207)
(-1.7806, 1.3999, -1.9246)
(-2.2051, 1.0169, -1.9762)
(-2.4664, 0.662, -2.035)
(1.0789, 2.7348, -0.9755)
(0.4912, 2.5655, -1.0167)
(-0.1222, 2.2816, -1.0934)
(-0.7364, 2.0327, -1.1936)
(-1.3015, 1.7698, -1.2879)
(-1.7976, 1.4108, -1.3719)
(-2.272, 1.0662, -1.4163)
(-2.6445, 0.7967, -1.4489)
(1.0744, 2.6962, -0.3731)
(0.4356, 2.6316, -0.4238)
(-0.1845, 2.361, -0.509)
(-0.7555, 2.0232, -0.611)
(-1.2552, 1.6354, -0.7131)
(-1.769, 1.2909, -0.7813)
(-2.3092, 1.0467, -0.8223)
(-2.7621, 0.9431, -0.8634)
(1.0488, 2.6474, 0.2348)
(0.4181, 2.6002, 0.1832)
(-0.1689, 2.2812, 0.0822)
(-0.6901, 1.8681, -0.043)
(-1.2241, 1.5056, -0.1404)
(-1.8096, 1.261, -0.1959)
(-2.3997, 1.1306, -0.2488)
(-2.8801, 1.0915, -0.2859)
(1.0214, 2.5719, 0.8436)
(0.4268, 2.5031, 0.7851)
(-0.1138, 2.1309, 0.6584)
(-0.6662, 1.794, 0.5269)
(-1.2817, 1.5667, 0.4337)
(-1.903, 1.3902, 0.3681)
(-2.499, 1.3772, 0.2677)
(-2.9751, 1.2721, 0.2898)
(1.0083, 2.4428, 1.4502)
(0.4306, 2.3708, 1.3822)
(-0.1186, 2.0538, 1.236)
(-0.7357, 1.9486, 1.077)
(-1.3853, 1.7908, 0.9811)
(-2.0019, 1.6435, 0.8934)
(-2.5513, 1.7666, 0.7102)
(-3.2085, 1.6542, 0.8065)
(1.0005, 2.2801, 2.0516)
(0.3963, 2.2637, 1.9785)
(-0.2103, 2.0935, 1.8212)
(-0.8375, 2.1322, 1.6456)
(-1.489, 2.0254, 1.5313)
(-3.7026, 2.1182, 0.5794)
(-2.0938, 1.9579, 1.3999)
(-2.5426, 2.2013, 1.1473)
(-3.874, 2.4142, 1.2137)
(-3.1228, 2.2563, 1.1095)
(-4.5931, 2.7184, 1.0943)
(0.9656, 2.0642, 2.6327)
(-3.6564, 2.4791, 0.9535)
(0.3282, 2.1376, 2.5695)
(-0.3117, 2.137, 2.418)
(-0.9347, 2.269, 2.2329)
(-4.8136, 2.7904, 0.8933)
(-1.581, 2.2631, 2.0755)
(-4.1663, 2.7332, 1.0655)
(-2.1667, 2.3112, 1.8823)
(-2.5571, 2.6179, 1.5875)
(-4.6392, 2.8735, 0.9854)
(-3.0958, 2.77, 1.4603)
(-4.9766, 3.0105, 0.6812)
(-3.6555, 2.9309, 1.2481)
(0.8926, 1.7964, 3.1406)
(0.2381, 1.9595, 3.1231)
(-0.4079, 2.098, 3.0331)
(-1.0446, 2.3061, 2.8367)
(-4.2074, 3.1637, 1.0933)
(-1.6738, 2.4565, 2.6225)
(-2.246, 2.6354, 2.353)
(-4.7082, 3.3459, 0.859)
(-2.7446, 2.9039, 2.056)
(0.8219, 1.5887, 3.4852)
(0.138, 1.7769, 3.5508)
(-5.0316, 3.5217, 0.5043)
(-3.2348, 3.2269, 1.8216)
(-3.8203, 3.416, 1.531)
(-1.2655, 2.2139, 3.3959)
(-0.5501, 1.8815, 3.7036)
(-4.3372, 3.6407, 1.273)
(-1.8807, 2.4948, 3.1657)
(-2.4557, 2.7523, 2.8781)
(-4.8209, 3.9123, 0.9729)
(-2.9968, 3.0349, 2.58)
(-5.062, 4.118, 0.5958)
(-3.5056, 3.3954, 2.3175)
(-4.0913, 3.672, 1.9643)
(-1.1394, 1.7731, 3.9567)
(-1.6309, 2.0044, 3.8017)
(-4.6146, 3.9903, 1.6033)
(-2.2105, 2.3024, 3.605)
(-2.7832, 2.601, 3.3311)
(-5.0147, 4.3442, 1.2823)
(-3.3354, 2.8914, 3.026)
(-5.3163, 4.512, 0.971)
(-3.8817, 3.1982, 2.7404)
(-4.4148, 3.5367, 2.3747)
(-1.5713, 1.4958, 4.1538)
(-2.0046, 1.6683, 4.0299)
(-4.9191, 3.9347, 2.0145)
(-2.5674, 1.9463, 3.8493)
(-3.1334, 2.2438, 3.5727)
(-5.3419, 4.3233, 1.6989)
(-3.6785, 2.5148, 3.2453)
(-1.8863, 1.3239, 4.1633)
(-5.6625, 4.5283, 1.4394)
(-4.2231, 2.7862, 2.9586)
(-2.2218, 1.2874, 4.076)
(-2.8304, 1.5913, 3.9156)
(-4.6834, 3.0649, 2.5394)
(-3.3977, 1.9041, 3.6454)
(-5.1464, 3.4784, 2.2207)
(-3.9404, 2.187, 3.3007)
(-4.4768, 2.4667, 2.9586)
(-5.6104, 3.9174, 1.989)
(-4.8415, 2.7017, 2.3948)
(-5.9312, 4.2127, 1.7982)
(-5.3187, 3.1113, 2.1417)
(-6.0155, 3.9062, 1.9624)
(-5.8943, 3.6031, 2.0057)
(2.5374, -1.1766, -0.5688)
(2.685, -0.5732, -4.0854)
(2.4255, -0.5471, 4.1291)
(2.0691, -0.794, -2.3259)
(3.0421, -0.8315, 3.9789)
(3.6139, -1.1387, 3.7157)
(2.6906, -1.2919, 0.0037)
(4.1315, -1.4783, 3.3905)
(4.6077, -1.8652, 3.0531)
(5.0208, -2.3121, 2.6808)
(5.5314, -2.7192, 2.3474)
(2.8959, -0.8919, -3.6117)
(6.0616, -3.0908, 2.1142)
(2.3065, -0.962, -1.7667)
(2.4156, -1.0715, -1.1598)
(3.9437, -1.8296, 1.189)
(2.8586, -1.3952, 0.5719)
(3.3686, -1.5075, 0.9935)
(4.6295, -1.7999, 1.0846)
(4.9607, -2.3575, 1.2718)
(2.8411, -0.4323, -4.6611)
(2.3836, -0.5991, -3.5973)
(2.2271, -0.6778, -3.0412)
(5.722, -3.2702, 1.7634)
(5.7762, -3.095, 2.0201)
(6.0379, -3.2053, 1.9838)
(5.9472, -3.393, 1.7609)
(5.0588, -2.503, 1.274)
(4.8604, -2.3474, 1.3133)
(4.9887, -2.4045, 1.259)
(5.1163, -2.515, 1.2555)
(4.88, -2.3392, 1.2234)
(5.1076, -2.3815, 0.9349)
(5.2257, -2.3622, 0.9912)
(4.9147, -2.5424, 0.9878)
(5.0332, -2.6782, 0.7828)
(5.2217, -2.5421, 0.6592)
(5.0064, -2.7068, 1.0552)
(5.2801, -2.8141, 1.0379)
(5.2835, -2.8113, 0.7182)
(5.1776, -2.8336, 1.3755)
(5.3872, -3.1356, 1.4096)
(5.456, -3.0992, 1.0803)
(5.3944, -3.0788, 1.7508)
(5.6315, -3.388, 1.4589)
(1.5879, -1.1168, 3.6393)
(1.5632, -0.9185, 3.8894)
(1.9549, -0.8294, 3.95)
(2.0258, -1.0458, 3.7272)
(2.1351, -1.3441, 3.477)
(2.4647, -0.9921, 3.7985)
(2.6035, -1.3057, 3.5598)
(2.7315, -1.6652, 3.3163)
(3.0547, -1.2827, 3.6096)
(3.1829, -1.6415, 3.3859)
(3.2996, -2.0224, 3.1515)
(3.6146, -1.6344, 3.4141)
(3.7354, -2.0189, 3.2198)
(3.847, -2.3773, 2.9625)
(4.1479, -2.0111, 3.2176)
(4.2236, -2.33, 2.9744)
(4.2348, -2.4861, 2.587)
(4.5398, -2.3096, 2.8546)
(4.5171, -2.4463, 2.4996)
(4.5713, -2.5426, 2.129)
(4.9025, -2.5839, 2.4189)
(4.9499, -2.727, 2.1077)
(5.0349, -2.8247, 1.7452)
(5.385, -2.9326, 2.0702)
(1.1803, -1.3994, 3.2806)
(1.0868, -1.1303, 3.5527)
(1.6669, -1.3848, 3.3856)
(1.8114, -1.7368, 3.1423)
(2.2733, -1.6979, 3.2312)
(2.418, -2.0601, 2.9751)
(2.8616, -2.0258, 3.0562)
(2.9992, -2.3634, 2.7641)
(3.4275, -2.3665, 2.8655)
(3.5659, -2.6592, 2.5278)
(3.952, -2.6266, 2.609)
(4.097, -2.7919, 2.2101)
(4.3407, -2.594, 2.1825)
(4.5308, -2.6872, 1.8063)
(4.7338, -2.6168, 1.7543)
(4.9298, -2.6494, 1.3886)
(-0.2991, -1.2172, 2.787)
(-0.5834, -1.0095, 2.9761)
(-0.2201, -1.0344, 3.1656)
(0.0718, -1.2149, 3.0168)
(0.3369, -1.4444, 2.813)
(0.4596, -1.1652, 3.2931)
(0.7204, -1.4165, 3.083)
(0.9374, -1.7758, 2.8311)
(1.3569, -1.7692, 3.0217)
(1.5347, -2.1509, 2.7814)
(1.9723, -2.1141, 2.9022)
(2.138, -2.4383, 2.6225)
(2.5658, -2.4039, 2.698)
(2.7271, -2.659, 2.368)
(3.1438, -2.6634, 2.4405)
(3.3109, -2.8284, 2.0717)
(3.7164, -2.8697, 2.149)
(3.8947, -2.9427, 1.7523)
(4.2739, -2.9039, 1.8218)
(4.4713, -2.9103, 1.5314)
(4.7214, -2.754, 1.4878)
(4.8205, -2.7432, 1.2107)
(-0.4087, -1.4833, 2.2768)
(-0.678, -1.2361, 2.546)
(-0.0302, -1.4563, 2.5438)
(0.2236, -1.7404, 2.2813)
(0.5717, -1.7565, 2.5681)
(0.774, -2.1235, 2.3351)
(1.123, -2.1593, 2.594)
(1.3293, -2.442, 2.3152)
(1.7217, -2.4466, 2.4932)
(1.9423, -2.5428, 2.1414)
(2.3251, -2.6111, 2.265)
(2.5555, -2.5633, 1.9098)
(2.9239, -2.7163, 1.9882)
(3.1609, -2.5717, 1.6426)
(3.5192, -2.7865, 1.6888)
(3.7384, -2.6326, 1.3348)
(4.0983, -2.8556, 1.424)
(4.2938, -2.6016, 1.2887)
(4.6297, -2.7261, 1.3604)
(4.7518, -2.4362, 1.2354)
(-0.5226, -1.7829, 1.7476)
(-0.7956, -1.5289, 2.0166)
(-0.1429, -1.7475, 2.0076)
(0.1159, -2.037, 1.7519)
(0.4581, -2.0647, 2.0363)
(0.6916, -2.3872, 1.7932)
(0.9901, -2.4309, 2.081)
(1.2746, -2.5499, 1.7638)
(1.5917, -2.4975, 1.9784)
(1.8899, -2.3811, 1.6719)
(2.2075, -2.4014, 1.8331)
(2.5089, -2.1863, 1.5919)
(2.8279, -2.3461, 1.6429)
(3.0823, -2.1115, 1.3564)
(3.3919, -2.3597, 1.3231)
(3.6379, -2.149, 1.0845)
(3.9581, -2.4035, 1.1268)
(4.1941, -2.1323, 1.1516)
(4.4646, -2.3058, 1.2996)
(4.6432, -2.2304, 1.3311)
(-0.6283, -2.0919, 1.2275)
(-0.9078, -1.8335, 1.4915)
(-0.2507, -2.0534, 1.4865)
(0.0271, -2.3236, 1.2237)
(0.3772, -2.3311, 1.4976)
(0.6619, -2.5914, 1.2257)
(0.9743, -2.6093, 1.5108)
(1.3081, -2.7163, 1.1984)
(1.6054, -2.5578, 1.4452)
(1.9154, -2.4909, 1.1421)
(2.1982, -2.2584, 1.3934)
(2.4651, -2.1049, 1.0901)
(2.7884, -2.0072, 1.3009)
(3.0119, -1.7549, 1.0093)
(3.3429, -1.8681, 1.1018)
(3.6509, -1.6786, 1.0852)
(3.9306, -1.9654, 1.0797)
(4.2806, -1.8302, 1.1275)
(4.4816, -2.0011, 1.2019)
(4.7973, -2.0906, 1.1605)
(-0.7094, -2.3509, 0.6839)
(-1.0061, -2.1242, 0.9601)
(-0.3409, -2.3428, 0.9589)
(-0.0395, -2.557, 0.6745)
(0.32, -2.5718, 0.9471)
(0.6316, -2.7618, 0.6491)
(0.9779, -2.7708, 0.9267)
(1.2957, -2.7882, 0.6052)
(1.6225, -2.6841, 0.8782)
(1.8534, -2.4694, 0.5642)
(2.1497, -2.2834, 0.834)
(2.3126, -1.9898, 0.5452)
(2.6429, -1.8495, 0.8005)
(2.7216, -1.579, 0.5458)
(3.1075, -1.4595, 0.7841)
(-0.7541, -2.5151, 0.1012)
(-1.0705, -2.3426, 0.3954)
(-0.399, -2.5313, 0.3915)
(-0.0778, -2.666, 0.0856)
(0.2768, -2.7051, 0.369)
(0.6004, -2.7832, 0.0489)
(0.9493, -2.8156, 0.329)
(1.2447, -2.7161, 0.0072)
(1.5582, -2.6198, 0.288)
(1.7433, -2.3458, -0.0063)
(2.01, -2.1605, 0.2755)
(2.1473, -1.8528, -0.0031)
(2.4297, -1.6983, 0.2738)
(2.5225, -1.4556, 0.0004)
(2.7692, -1.352, 0.2891)
(-0.7787, -2.6703, -0.4871)
(-1.1031, -2.507, -0.193)
(-0.4306, -2.6654, -0.1981)
(-0.0998, -2.7818, -0.5039)
(0.25, -2.7668, -0.2275)
(0.578, -2.7874, -0.5492)
(0.9173, -2.7653, -0.275)
(1.2102, -2.6411, -0.5923)
(1.4932, -2.5218, -0.3007)
(1.692, -2.2758, -0.595)
(1.8985, -2.0528, -0.2913)
(2.0477, -1.7668, -0.5779)
(2.2734, -1.5801, -0.2849)
(2.3768, -1.3457, -0.5704)
(2.6077, -1.2419, -0.2801)
(-0.7841, -2.7953, -1.0826)
(-1.117, -2.6517, -0.7872)
(-0.4458, -2.7968, -0.7877)
(-0.1061, -2.8505, -1.098)
(0.2344, -2.8143, -0.8202)
(0.5555, -2.7307, -1.1417)
(0.8898, -2.6916, -0.8714)
(1.1802, -2.5445, -1.1885)
(1.4663, -2.4569, -0.8991)
(1.6829, -2.2283, -1.1962)
(1.8654, -2.0038, -0.8839)
(2.0045, -1.7115, -1.1738)
(2.171, -1.4951, -0.8672)
(2.2689, -1.2529, -1.1627)
(2.4701, -1.1318, -0.8627)
(-0.7695, -2.8827, -1.6844)
(-1.1113, -2.7609, -1.3889)
(-0.4418, -2.8818, -1.3852)
(-0.0973, -2.8808, -1.6949)
(0.2263, -2.7994, -1.4146)
(0.5329, -2.6556, -1.7337)
(0.8545, -2.5785, -1.4628)
(1.1429, -2.4396, -1.788)
(1.4449, -2.3801, -1.5019)
(1.674, -2.1627, -1.8052)
(1.8563, -1.9525, -1.4878)
(1.9626, -1.6374, -1.7801)
(2.0945, -1.4153, -1.4681)
(2.1558, -1.1454, -1.7661)
(2.3517, -1.022, -1.4643)
(-0.7381, -2.9438, -2.2883)
(-1.0883, -2.842, -1.9941)
(-0.4187, -2.9386, -1.9858)
(-0.0709, -2.9055, -2.2915)
(0.2314, -2.7897, -2.0085)
(0.5058, -2.5936, -2.3233)
(0.8131, -2.4811, -2.0578)
(1.0727, -2.3096, -2.3658)
(1.4159, -2.2934, -2.1072)
(1.6338, -2.0388, -2.369)
(1.847, -1.88, -2.0946)
(1.9164, -1.5221, -2.3654)
(2.0005, -1.3106, -2.0712)
(2.0326, -1.0112, -2.3654)
(2.1734, -0.8787, -2.0572)
(-0.6943, -2.9848, -2.8918)
(-1.052, -2.9086, -2.5995)
(-0.3821, -2.9675, -2.5869)
(-0.0401, -2.8808, -2.8869)
(0.233, -2.7481, -2.5973)
(0.4659, -2.4737, -2.8924)
(0.7177, -2.3208, -2.6164)
(0.9474, -2.0661, -2.8502)
(1.2895, -2.0602, -2.5913)
(1.4955, -1.7384, -2.7776)
(1.7633, -1.6656, -2.5761)
(1.8934, -1.3159, -2.8864)
(1.9794, -1.1717, -2.6709)
(2.1243, -0.9008, -2.9998)
(2.135, -0.7504, -2.6617)
(-0.6371, -3.0101, -3.4928)
(-1.0027, -2.9692, -3.2027)
(-0.334, -2.9654, -3.1873)
(0.0116, -2.8492, -3.483)
(0.2661, -2.6938, -3.1831)
(0.5455, -2.44, -3.466)
(0.7202, -2.2084, -3.1578)
(1.0311, -1.9961, -3.4174)
(1.244, -1.8468, -3.078)
(1.5609, -1.6229, -3.3635)
(1.7463, -1.4617, -3.0787)
(2.0287, -1.2458, -3.462)
(2.0886, -1.0583, -3.2829)
(2.3248, -0.8636, -3.5506)
(2.2938, -0.6563, -3.2925)
(-0.5626, -3.0182, -4.0889)
(-0.9232, -2.9992, -3.7967)
(-0.2748, -2.9556, -3.7853)
(0.0673, -2.8163, -4.0744)
(0.321, -2.6393, -3.7726)
(0.623, -2.3998, -4.0489)
(0.827, -2.1721, -3.7436)
(1.1327, -1.9719, -4.0151)
(1.3346, -1.7783, -3.6995)
(1.6747, -1.5819, -3.9525)
(1.8853, -1.4054, -3.6611)
(2.2519, -1.2769, -3.8755)
(2.3657, -1.1177, -3.6971)
(2.664, -0.9968, -3.7623)
(2.6322, -0.753, -3.6111)
(-0.4841, -2.9413, -4.6718)
(-0.8042, -2.9292, -4.3588)
(-0.1992, -2.9518, -4.3788)
(0.16, -2.8407, -4.6578)
(0.4111, -2.6593, -4.348)
(0.7599, -2.5037, -4.5989)
(0.9635, -2.2402, -4.2986)
(1.3234, -2.1085, -4.5241)
(1.5014, -1.8487, -4.2414)
(1.8756, -1.7006, -4.4418)
(2.0553, -1.4492, -4.1475)
(2.317, -1.2318, -4.3207)
(2.5034, -1.0973, -4.0148)
(2.6084, -0.7925, -4.1737)
(2.7868, -0.7412, -3.8524)
(-0.4323, -2.7685, -5.2076)
(-0.696, -2.7323, -4.892)
(-0.1375, -2.8815, -4.9623)
(0.1926, -2.744, -5.213)
(0.496, -2.6634, -4.9181)
(0.7988, -2.425, -5.1437)
(1.0814, -2.295, -4.8388)
(1.369, -2.0347, -5.0562)
(1.6413, -1.8908, -4.7501)
(1.896, -1.5939, -4.9566)
(2.1372, -1.4269, -4.6467)
(2.3529, -1.0986, -4.8312)
(2.4932, -0.9152, -4.5073)
(2.6943, -0.6502, -4.6989)
(2.7578, -0.5104, -4.3771)
(-0.4078, -2.6026, -5.6212)
(-0.6368, -2.5094, -5.3472)
(-0.1196, -2.7462, -5.4488)
(0.1849, -2.6175, -5.6338)
(0.4956, -2.5311, -5.4035)
(0.7763, -2.2801, -5.5564)
(1.0779, -2.1623, -5.3203)
(1.3464, -1.8919, -5.4688)
(1.6335, -1.754, -5.2285)
(1.9026, -1.4817, -5.3745)
(2.1459, -1.2969, -5.1178)
(2.4181, -1.0334, -5.2509)
(2.5882, -0.8301, -4.9825)
(2.7858, -0.6279, -5.1081)
(2.8732, -0.4486, -4.8514)
(1.9073, -0.7037, 4.0769)
(2.2328, -0.5949, 4.1119)
(2.3244, -0.7432, 3.9992)
(2.7181, -0.6992, 4.0452)
(2.8984, -0.9777, 3.8367)
(3.3165, -0.9915, 3.839)
(3.4748, -1.2905, 3.6115)
(3.8667, -1.3097, 3.5453)
(4.011, -1.6472, 3.365)
(4.3656, -1.6691, 3.2119)
(4.4934, -2.0223, 3.0798)
(4.8099, -2.075, 2.8564)
(4.8665, -2.3764, 2.6708)
(5.2321, -2.4785, 2.5227)
(5.3118, -2.7277, 2.3254)
(5.7329, -2.8733, 2.2378)
(6.1971, -2.8922, 2.1626)
(6.5174, -2.8247, 2.0513)
(6.5619, -3.0471, 2.0353)
(6.2697, -3.119, 2.1126)
(5.0223, -2.2464, 1.1605)
(4.9733, -2.2554, 1.1451)
(5.1039, -2.1328, 0.8618)
(5.2426, -2.1948, 0.9396)
(5.3724, -2.1765, 1.0143)
(5.4775, -1.9862, 0.7279)
(5.7111, -2.0536, 0.8675)
(5.8515, -2.0099, 1.0672)
(6.0459, -1.9152, 0.7797)
(6.2314, -1.9833, 1.0558)
(6.3116, -1.9128, 1.3694)
(6.5624, -2.0605, 1.0464)
(6.6412, -2.07, 1.4184)
(6.5689, -2.0639, 1.7693)
(6.8621, -2.3127, 1.498)
(6.7412, -2.3816, 1.8336)
(6.4588, -2.4693, 2.0858)
(6.8168, -2.7145, 1.8586)
(2.3314, 0.3038, 4.1222)
(2.5828, 0.4454, 3.9532)
(2.7971, 0.0875, 4.0436)
(2.4839, -0.0321, 4.1731)
(3.1543, 0.1986, 3.8316)
(3.3869, -0.1982, 3.882)
(2.983, -0.2882, 4.055)
(3.7621, -0.1177, 3.6132)
(3.9638, -0.5327, 3.6266)
(3.5751, -0.598, 3.8499)
(4.3065, -0.4856, 3.3211)
(4.4885, -0.907, 3.3096)
(4.119, -0.9471, 3.5532)
(4.8267, -0.8775, 3.0153)
(5.0026, -1.2973, 2.9846)
(4.6209, -1.3252, 3.2139)
(5.3521, -1.2712, 2.6795)
(5.5027, -1.7051, 2.6345)
(5.1081, -1.7465, 2.8615)
(5.8267, -1.6645, 2.3523)
(5.973, -2.0756, 2.3411)
(5.5962, -2.1343, 2.5309)
(6.317, -2.0635, 2.0873)
(6.0924, -2.5132, 2.2615)
(2.2379, 0.7793, 3.8346)
(2.4935, 0.8603, 3.5554)
(2.8611, 0.5502, 3.7111)
(3.1755, 0.5904, 3.3835)
(3.4999, 0.2623, 3.527)
(3.78, 0.2545, 3.1514)
(4.0683, -0.0941, 3.2611)
(4.2862, -0.1517, 2.8517)
(4.5739, -0.4999, 2.9499)
(4.7608, -0.5788, 2.5288)
(5.0832, -0.9065, 2.6339)
(5.2481, -1.0001, 2.1847)
(5.5905, -1.3061, 2.2804)
(5.7235, -1.421, 1.8856)
(6.0601, -1.7105, 2.0105)
(6.2434, -1.8001, 1.6719)
(0.8562, 1.6854, 3.3275)
(1.2079, 1.6725, 3.1295)
(1.4997, 1.4309, 3.3348)
(1.1518, 1.4655, 3.4952)
(1.8273, 1.3988, 3.089)
(2.1339, 1.1502, 3.3427)
(1.7851, 1.1689, 3.596)
(2.4684, 1.1266, 2.9882)
(2.8179, 0.8711, 3.1998)
(3.0898, 0.8071, 2.8208)
(3.4464, 0.5515, 3.0035)
(3.6151, 0.4082, 2.6031)
(3.9666, 0.1534, 2.7359)
(4.0669, -0.0373, 2.3246)
(4.427, -0.2796, 2.4218)
(4.5087, -0.4647, 2.0035)
(4.8813, -0.7096, 2.0914)
(4.919, -0.9261, 1.7059)
(5.3249, -1.1655, 1.7853)
(5.3462, -1.4003, 1.4846)
(5.8059, -1.5884, 1.5663)
(5.8634, -1.8037, 1.3111)
(0.9314, 1.929, 2.9042)
(1.2422, 1.9099, 2.6049)
(1.5211, 1.6315, 2.8451)
(1.7955, 1.5499, 2.5002)
(2.1298, 1.3455, 2.7504)
(2.4018, 1.2592, 2.3795)
(2.7448, 1.0499, 2.6102)
(2.9214, 0.8701, 2.2478)
(3.2559, 0.6351, 2.4456)
(3.3095, 0.3466, 2.1027)
(3.6834, 0.1564, 2.227)
(3.6853, -0.172, 1.9002)
(4.1032, -0.3042, 1.9492)
(4.1017, -0.6127, 1.6012)
(4.5237, -0.728, 1.6292)
(4.4765, -1.0845, 1.3487)
(4.8948, -1.2363, 1.423)
(4.8948, -1.5697, 1.2422)
(5.3817, -1.6835, 1.2627)
(5.4117, -1.9854, 1.1049)
(0.9883, 2.1812, 2.3462)
(1.2334, 2.1016, 2.0202)
(1.4846, 1.797, 2.2585)
(1.7028, 1.6504, 1.906)
(2.0468, 1.4421, 2.1426)
(2.26, 1.2862, 1.7868)
(2.6038, 1.0973, 2.0193)
(2.6903, 0.8107, 1.6947)
(2.9798, 0.5659, 1.9238)
(2.9503, 0.1908, 1.6534)
(3.2864, -0.0156, 1.8159)
(3.2473, -0.3954, 1.5496)
(3.6639, -0.5263, 1.6024)
(3.6394, -0.8948, 1.3233)
(4.0701, -0.9719, 1.3129)
(4.0366, -1.371, 1.1272)
(4.4388, -1.469, 1.1735)
(4.4793, -1.7674, 1.1558)
(4.9236, -1.8786, 1.1859)
(4.9834, -2.1148, 1.1775)
(1.0056, 2.366, 1.7522)
(1.2205, 2.2557, 1.4222)
(1.4206, 1.9243, 1.6672)
(1.596, 1.7148, 1.3223)
(1.8986, 1.4677, 1.5596)
(2.0532, 1.24, 1.2217)
(2.3938, 1.0421, 1.4517)
(2.4176, 0.7065, 1.1628)
(2.676, 0.4438, 1.4183)
(2.6295, 0.061, 1.1615)
(2.8983, -0.1959, 1.3981)
(2.8727, -0.5652, 1.1247)
(3.2207, -0.7717, 1.2772)
(3.194, -1.1483, 1.0229)
(3.619, -1.2948, 1.1158)
(3.6613, -1.6585, 1.0973)
(4.0901, -1.6878, 1.1147)
(4.2926, -1.7993, 1.1462)
(4.6345, -1.92, 1.1793)
(4.7929, -2.0668, 1.196)
(1.013, 2.5129, 1.1473)
(1.2519, 2.3926, 0.8234)
(1.4038, 2.0506, 1.0766)
(1.5739, 1.8161, 0.7395)
(1.7465, 1.481, 0.9878)
(1.8769, 1.2209, 0.6711)
(2.1338, 0.9518, 0.9176)
(2.1805, 0.6248, 0.6336)
(2.3949, 0.3369, 0.8969)
(2.4298, 0.0054, 0.6149)
(2.6183, -0.2969, 0.8868)
(2.6566, -0.6117, 0.5959)
(2.8627, -0.9016, 0.8443)
(2.8366, -1.1545, 0.567)
(3.1197, -1.4432, 0.7814)
(1.0341, 2.6155, 0.5393)
(1.315, 2.4902, 0.2241)
(1.4741, 2.1821, 0.4895)
(1.6755, 1.9403, 0.1577)
(1.7402, 1.5632, 0.4121)
(1.9233, 1.3032, 0.0923)
(2.019, 0.9453, 0.3639)
(2.1875, 0.6819, 0.0547)
(2.2897, 0.3334, 0.336)
(2.4439, 0.08, 0.0349)
(2.5358, -0.2733, 0.319)
(2.6463, -0.5267, 0.0208)
(2.7138, -0.8648, 0.302)
(2.7126, -1.0591, 0.0073)
(2.78, -1.3351, 0.2865)
(1.0627, 2.6728, -0.0695)
(1.3569, 2.5593, -0.3809)
(1.5656, 2.2873, -0.1035)
(1.7661, 2.0402, -0.435)
(1.8605, 1.6787, -0.1701)
(2.0353, 1.408, -0.4918)
(2.1118, 1.043, -0.221)
(2.2826, 0.7855, -0.5292)
(2.3629, 0.4336, -0.2482)
(2.5035, 0.1846, -0.5503)
(2.5761, -0.1678, -0.2641)
(2.6383, -0.4257, -0.5637)
(2.6783, -0.7595, -0.2761)
(2.6108, -0.9538, -0.571)
(2.6203, -1.2265, -0.285)
(1.0817, 2.7194, -0.6755)
(1.3453, 2.6147, -0.9878)
(1.5936, 2.358, -0.7095)
(1.7525, 2.092, -1.0406)
(1.9194, 1.7612, -0.765)
(2.0252, 1.462, -1.0893)
(2.1748, 1.1288, -0.811)
(2.2762, 0.8474, -1.1251)
(2.4101, 0.5236, -0.8378)
(2.5009, 0.2585, -1.1475)
(2.5853, -0.0777, -0.8549)
(2.5897, -0.3422, -1.1511)
(2.6161, -0.6676, -0.8616)
(2.5037, -0.8561, -1.1538)
(2.483, -1.1163, -0.8659)
(1.0595, 2.7366, -1.2716)
(1.2536, 2.6312, -1.5856)
(1.53, 2.39, -1.3156)
(1.6229, 2.0896, -1.6332)
(1.838, 1.7833, -1.3622)
(1.8695, 1.4511, -1.672)
(2.0865, 1.1527, -1.4031)
(2.122, 0.8521, -1.6843)
(2.3564, 0.5726, -1.4293)
(2.3675, 0.2977, -1.6626)
(2.5313, -0.0044, -1.4375)
(2.4003, -0.2508, -1.6538)
(2.4722, -0.5664, -1.4217)
(2.3121, -0.7373, -1.7061)
(2.3704, -1.0115, -1.4621)
(0.9459, 2.7405, -1.8506)
(1.0845, 2.6062, -2.1629)
(1.3745, 2.37, -1.9018)
(1.4061, 2.0281, -2.1955)
(1.6424, 1.745, -1.9337)
(1.6474, 1.3865, -2.2311)
(1.8749, 1.1178, -1.9533)
(1.8231, 0.7871, -2.1346)
(2.0687, 0.5497, -1.8474)
(1.9717, 0.2587, -1.9051)
(2.2308, 0.0303, -1.7698)
(2.0834, -0.1907, -1.9828)
(2.1975, -0.4498, -1.8924)
(2.1163, -0.5958, -2.2539)
(2.2022, -0.8773, -2.0354)
(0.7691, 2.7392, -2.4116)
(0.942, 2.5269, -2.6832)
(1.1601, 2.2977, -2.4517)
(1.2758, 1.9757, -2.705)
(1.4236, 1.6631, -2.4813)
(1.5377, 1.329, -2.7334)
(1.6536, 1.0302, -2.4802)
(1.7343, 0.7331, -2.6169)
(1.7979, 0.4827, -2.236)
(1.9054, 0.2085, -2.3624)
(1.9768, 0.009, -2.0825)
(2.0996, -0.1603, -2.5387)
(2.1033, -0.3407, -2.4422)
(2.2171, -0.4643, -2.9481)
(2.1613, -0.7214, -2.7054)
(0.7138, 2.5538, -2.8713)
(1.0506, 2.406, -3.1067)
(1.2078, 2.2816, -2.9049)
(1.5423, 2.0766, -3.1194)
(1.5401, 1.7136, -2.9108)
(1.8663, 1.4749, -3.0821)
(1.7816, 1.0689, -2.8805)
(2.0515, 0.8295, -2.9984)
(1.9272, 0.4756, -2.7145)
(2.1377, 0.2053, -2.9049)
(2.0865, -0.0261, -2.6598)
(2.317, -0.1702, -3.1238)
(2.2753, -0.2666, -3.096)
(2.4506, -0.4433, -3.4503)
(2.317, -0.6206, -3.3461)
(0.7409, 2.4198, -3.3411)
(1.0617, 2.3655, -3.6558)
(1.3763, 2.2806, -3.3819)
(1.6412, 2.051, -3.6556)
(1.8359, 1.8241, -3.3472)
(2.0447, 1.5338, -3.5483)
(2.1411, 1.2186, -3.2633)
(2.3042, 0.9353, -3.4457)
(2.2715, 0.5654, -3.1853)
(2.4231, 0.3254, -3.4091)
(2.3476, -0.0147, -3.2046)
(2.6392, -0.1819, -3.4353)
(2.6085, -0.3512, -3.4184)
(2.8208, -0.594, -3.5725)
(2.6474, -0.738, -3.5979)
(0.7076, 2.4425, -3.9252)
(0.9737, 2.2812, -4.2205)
(1.3332, 2.1863, -3.9537)
(1.4864, 1.8838, -4.1424)
(1.8051, 1.7408, -3.8588)
(1.8091, 1.4139, -3.9229)
(2.0866, 1.2124, -3.6672)
(2.1451, 0.9783, -3.8181)
(2.3847, 0.6842, -3.6341)
(2.5348, 0.5576, -3.7635)
(2.617, 0.1777, -3.5705)
(2.7912, 0.0599, -3.7821)
(2.8474, -0.3179, -3.654)
(2.8151, -0.4059, -3.9935)
(2.7941, -0.7239, -3.8448)
(0.5993, 2.3319, -4.4699)
(0.7365, 2.094, -4.597)
(1.1078, 1.9873, -4.379)
(1.1404, 1.6934, -4.3323)
(1.5023, 1.5617, -4.152)
(1.6126, 1.4162, -4.1796)
(1.8943, 1.2282, -4.0086)
(2.163, 1.2028, -4.1276)
(2.3713, 0.9101, -3.9665)
(2.514, 0.7949, -4.0747)
(2.656, 0.438, -3.9212)
(2.7256, 0.2463, -4.2132)
(2.8145, -0.0876, -4.1373)
(2.8642, -0.2176, -4.4688)
(2.7684, -0.4951, -4.3694)
(0.3833, 2.1469, -4.7171)
(0.4241, 1.9672, -4.6293)
(0.7885, 1.854, -4.4931)
(0.9367, 1.7696, -4.3929)
(1.2898, 1.5951, -4.2982)
(1.6043, 1.6718, -4.3782)
(1.8885, 1.4376, -4.2694)
(2.0672, 1.3502, -4.276)
(2.3246, 1.0817, -4.1757)
(2.4191, 0.8291, -4.3101)
(2.6143, 0.5667, -4.2698)
(2.8887, 0.3691, -4.4547)
(2.9206, 0.0763, -4.4524)
(3.1464, -0.0437, -4.6017)
(3.0026, -0.3227, -4.6927)
(2.2607, -0.1081, 4.2513)
(2.6048, -0.3568, 4.1441)
(2.342, -0.4037, 4.1968)
(3.1678, -0.6434, 3.9864)
(2.7494, -0.6795, 4.0628)
(3.7362, -0.9654, 3.7309)
(3.3396, -0.9787, 3.8555)
(4.2515, -1.3223, 3.4057)
(3.8788, -1.3073, 3.5609)
(4.7308, -1.7182, 3.0576)
(4.3736, -1.6744, 3.2318)
(5.1973, -2.1589, 2.7001)
(4.8186, -2.1022, 2.8775)
(5.7196, -2.5395, 2.3804)
(5.3201, -2.5528, 2.5056)
(5.8601, -2.9367, 2.2238)
(-2.765, 0.9328, -0.8654)
(-2.867, 0.5821, -4.0592)
(-2.2299, 1.2802, 4.071)
(-2.2824, 0.4578, -2.6138)
(-2.8396, 1.5844, 3.9103)
(-3.4056, 1.9002, 3.6339)
(-2.8793, 1.0805, -0.2874)
(-3.9506, 2.1817, 3.2919)
(-4.4896, 2.4615, 2.9513)
(-4.8494, 2.7337, 2.4168)
(-5.3388, 3.1364, 2.1561)
(-2.8386, 0.4527, -3.4662)
(-5.8985, 3.585, 2.0018)
(-2.4724, 0.6536, -2.0412)
(-2.6491, 0.7872, -1.451)
(-3.7009, 2.1066, 0.5986)
(-2.9756, 1.2582, 0.2862)
(-3.2098, 1.6385, 0.7998)
(-3.9091, 2.4264, 1.1979)
(-4.5916, 2.6802, 1.0929)
(-2.7735, 0.674, -4.6599)
(-2.2796, 0.4862, -3.7703)
(-2.1892, 0.2149, -3.2834)
(-6.1382, 3.4191, 1.5739)
(-5.938, 3.3997, 1.8523)
(-6.0275, 3.6226, 1.8817)
(-6.2327, 3.6262, 1.6312)
(-4.6126, 2.7316, 0.9515)
(-4.5495, 2.7516, 0.9902)
(-4.7627, 2.9029, 0.8017)
(-4.7821, 2.8276, 0.7814)
(-4.7257, 2.8608, 0.6875)
(-5.003, 3.0384, 0.4632)
(-5.0005, 3.0625, 0.6003)
(-5.1007, 2.7837, 0.363)
(-5.4168, 2.9487, 0.2673)
(-5.2951, 3.2098, 0.2908)
(-5.4567, 2.791, 0.49)
(-5.7732, 2.9768, 0.5963)
(-5.7467, 3.0812, 0.3076)
(-5.7142, 2.946, 0.9554)
(-6.0245, 3.176, 1.0897)
(-6.0833, 3.1708, 0.7287)
(-5.9363, 3.1457, 1.4565)
(-6.2523, 3.4411, 1.2357)
(-2.2084, 0.3538, 3.5875)
(-2.0065, 0.4629, 3.8277)
(-2.1994, 0.7811, 3.9275)
(-2.4501, 0.698, 3.7034)
(-2.7188, 0.6503, 3.3891)
(-2.6754, 1.0571, 3.7725)
(-2.9833, 1.0235, 3.4686)
(-3.223, 1.0283, 3.0773)
(-3.223, 1.3936, 3.5037)
(-3.4844, 1.3896, 3.1339)
(-3.6678, 1.424, 2.7048)
(-3.7393, 1.7319, 3.1599)
(-3.963, 1.7461, 2.7604)
(-4.1156, 1.7992, 2.3132)
(-4.2626, 2.0416, 2.7957)
(-4.4671, 2.0779, 2.3728)
(-4.6166, 2.1589, 1.9251)
(-4.7716, 2.3758, 2.3929)
(-4.984, 2.4351, 1.9822)
(-5.1265, 2.5188, 1.592)
(-5.2629, 2.7383, 2.028)
(-5.4799, 2.7889, 1.6853)
(-5.618, 2.8714, 1.325)
(-5.7566, 3.0993, 1.7838)
(-2.0992, -0.0506, 3.1654)
(-1.8671, 0.007, 3.4784)
(-2.4279, 0.2968, 3.2828)
(-2.6748, 0.3114, 2.907)
(-2.9455, 0.6738, 2.9989)
(-3.146, 0.7306, 2.5925)
(-3.3834, 1.0909, 2.6456)
(-3.5569, 1.1608, 2.2389)
(-3.7928, 1.5058, 2.2593)
(-3.9584, 1.5888, 1.8596)
(-4.2295, 1.9045, 1.8731)
(-4.3922, 2.0161, 1.502)
(-4.723, 2.2957, 1.5264)
(-4.8613, 2.4309, 1.1833)
(-5.2195, 2.6624, 1.2315)
(-5.3508, 2.7516, 0.8628)
(-0.9482, -0.9952, 2.7826)
(-0.8673, -0.7922, 3.1495)
(-1.2132, -0.7431, 2.9903)
(-1.5697, -0.7318, 2.7706)
(-1.4516, -0.436, 3.2407)
(-1.8017, -0.4045, 2.9911)
(-2.1776, -0.4181, 2.6671)
(-2.4173, -0.0544, 2.7966)
(-2.762, -0.0625, 2.4584)
(-2.9532, 0.3368, 2.5308)
(-3.2894, 0.3271, 2.2247)
(-3.4194, 0.755, 2.2471)
(-3.7462, 0.7495, 1.9401)
(-3.8361, 1.1869, 1.9047)
(-4.1391, 1.1964, 1.5854)
(-4.2354, 1.6279, 1.5377)
(-4.5191, 1.6466, 1.2172)
(-4.6567, 2.0656, 1.1903)
(-4.88, 2.1044, 0.8662)
(-5.0786, 2.4747, 0.8404)
(-5.1815, 2.548, 0.5043)
(-1.067, -1.2806, 2.2865)
(-1.328, -1.02, 2.5428)
(-1.7224, -1.074, 2.2831)
(-1.9582, -0.7693, 2.5037)
(-2.3627, -0.8241, 2.2432)
(-2.5722, -0.4598, 2.3826)
(-2.9294, -0.4789, 2.1313)
(-3.13, -0.0929, 2.1911)
(-3.3927, -0.0475, 1.9182)
(-3.6085, 0.3209, 1.9312)
(-3.7629, 0.4304, 1.6078)
(-3.9881, 0.7786, 1.589)
(-4.07, 0.9236, 1.2352)
(-4.3292, 1.2486, 1.2125)
(-4.3635, 1.4208, 0.8602)
(-4.6455, 1.7342, 0.8593)
(-4.5799, 1.9784, 0.6407)
(-4.8819, 2.2699, 0.5906)
(-4.7715, 2.5779, 0.5405)
(-1.1839, -1.5822, 1.7585)
(-1.458, -1.3356, 2.0262)
(-1.8471, -1.3893, 1.7658)
(-2.1159, -1.1284, 2.0227)
(-2.4867, -1.1483, 1.7499)
(-2.7099, -0.8318, 1.9762)
(-2.8993, -0.6997, 1.6702)
(-3.1043, -0.3557, 1.8451)
(-3.1308, -0.0897, 1.5432)
(-3.4411, 0.1769, 1.6331)
(-3.3814, 0.5151, 1.371)
(-3.7348, 0.7138, 1.3343)
(-3.6283, 1.0772, 1.0854)
(-4.0123, 1.2199, 0.9573)
(-3.9078, 1.6023, 0.7663)
(-4.2757, 1.749, 0.6849)
(-4.1786, 2.1217, 0.7798)
(-4.4728, 2.3316, 0.7179)
(-4.4568, 2.6424, 0.9096)
(-1.2923, -1.8785, 1.2289)
(-1.5722, -1.6337, 1.4978)
(-1.9599, -1.673, 1.2297)
(-2.231, -1.4208, 1.4955)
(-2.5793, -1.3803, 1.195)
(-2.7739, -1.0644, 1.4432)
(-2.924, -0.8472, 1.1029)
(-2.9833, -0.4486, 1.3387)
(-3.0224, -0.1622, 1.0024)
(-3.1361, 0.214, 1.2338)
(-3.1011, 0.52, 0.9106)
(-3.3027, 0.8566, 1.0825)
(-3.1979, 1.1945, 0.801)
(-3.5095, 1.4649, 0.8545)
(-3.4551, 1.8588, 0.7055)
(-3.8511, 1.9743, 0.7187)
(-3.8217, 2.2667, 0.8999)
(-4.1505, 2.4108, 1.0051)
(-4.2672, 2.5403, 1.1368)
(-1.3777, -2.1384, 0.6801)
(-1.6747, -1.9108, 0.9565)
(-2.0437, -1.9125, 0.6683)
(-2.3276, -1.6654, 0.9391)
(-2.6101, -1.5445, 0.6105)
(-2.8103, -1.218, 0.859)
(-2.8718, -0.9443, 0.5107)
(-2.9522, -0.5566, 0.7571)
(-2.9112, -0.2534, 0.4242)
(-2.9923, 0.1363, 0.6731)
(-2.9408, 0.4246, 0.354)
(-3.0367, 0.8098, 0.5986)
(-2.9771, 1.017, 0.2973)
(-3.0935, 1.4335, 0.5378)
(-1.4206, -2.3243, 0.0979)
(-1.7341, -2.1254, 0.3853)
(-2.0577, -2.0618, 0.073)
(-2.3491, -1.8243, 0.3501)
(-2.5497, -1.6221, 0.0068)
(-2.7416, -1.2996, 0.2618)
(-2.7541, -1.004, -0.0805)
(-2.8323, -0.6351, 0.1734)
(-2.7944, -0.3466, -0.1524)
(-2.8626, 0.0347, 0.1031)
(-2.839, 0.2991, -0.2134)
(-2.901, 0.6668, 0.0425)
(-2.87, 0.8471, -0.2662)
(-2.9273, 1.1568, -0.0031)
(-1.4398, -2.4765, -0.4967)
(-1.7529, -2.2782, -0.2102)
(-2.0537, -2.1774, -0.5327)
(-2.3215, -1.9195, -0.2582)
(-2.5108, -1.7014, -0.6008)
(-2.6582, -1.3602, -0.3392)
(-2.7114, -1.0865, -0.677)
(-2.7461, -0.7189, -0.413)
(-2.7726, -0.4534, -0.7387)
(-2.7935, -0.0809, -0.4737)
(-2.812, 0.1714, -0.7924)
(-2.8302, 0.5252, -0.528)
(-2.7953, 0.7034, -0.8432)
(-2.8232, 0.996, -0.5781)
(-1.4404, -2.5969, -1.0987)
(-1.7552, -2.4011, -0.8133)
(-2.0381, -2.2704, -1.1417)
(-2.3016, -2.0084, -0.8678)
(-2.4888, -1.7791, -1.209)
(-2.6383, -1.4432, -0.9425)
(-2.735, -1.1755, -1.2759)
(-2.7681, -0.8182, -1.0056)
(-2.8383, -0.5553, -1.3308)
(-2.8211, -0.1958, -1.06)
(-2.8292, 0.059, -1.3815)
(-2.7999, 0.3957, -1.1104)
(-2.7176, 0.5721, -1.4299)
(-2.7108, 0.8501, -1.1603)
(-1.4239, -2.6895, -1.7049)
(-1.7412, -2.497, -1.4208)
(-2.0099, -2.3464, -1.7514)
(-2.2734, -2.0815, -1.4781)
(-2.4564, -1.8433, -1.8178)
(-2.6296, -1.5182, -1.5481)
(-2.735, -1.2435, -1.8817)
(-2.8178, -0.9049, -1.6052)
(-2.8488, -0.6233, -1.9333)
(-2.8623, -0.2879, -1.6569)
(-2.7509, -0.0215, -1.9613)
(-2.7421, 0.2862, -1.7002)
(-2.5586, 0.4535, -2.0058)
(-2.5661, 0.7114, -1.7503)
(-1.3944, -2.7669, -2.312)
(-1.7148, -2.5767, -2.0292)
(-1.9761, -2.4203, -2.3592)
(-2.2357, -2.1462, -2.0871)
(-2.4191, -1.911, -2.4223)
(-2.5928, -1.5755, -2.155)
(-2.6642, -1.3029, -2.474)
(-2.7776, -0.9537, -2.2082)
(-2.6643, -0.6734, -2.4855)
(-2.7276, -0.3341, -2.2285)
(-2.4389, -0.0984, -2.4345)
(-2.4888, 0.1948, -2.2158)
(-2.2941, 0.3072, -2.5245)
(-2.3866, 0.5543, -2.3433)
(-1.3542, -2.8437, -2.917)
(-1.6808, -2.6565, -2.6356)
(-1.928, -2.4972, -2.9592)
(-2.2038, -2.2273, -2.6889)
(-2.3677, -1.9906, -2.9972)
(-2.548, -1.668, -2.7373)
(-2.5249, -1.3981, -2.9998)
(-2.5738, -1.0482, -2.7298)
(-2.3552, -0.8066, -2.9056)
(-2.3924, -0.4538, -2.6579)
(-2.2076, -0.2556, -2.8504)
(-2.238, 0.0423, -2.6715)
(-2.2185, 0.1452, -3.1087)
(-2.2531, 0.3269, -3.0076)
(-1.2821, -2.8962, -3.5117)
(-1.6199, -2.7267, -3.2339)
(-1.7684, -2.4896, -3.5056)
(-2.0817, -2.2546, -3.2538)
(-2.0768, -1.9198, -3.4307)
(-2.3846, -1.6798, -3.2428)
(-2.3088, -1.3286, -3.4142)
(-2.4169, -1.0882, -3.218)
(-2.296, -0.7893, -3.3738)
(-2.2046, -0.5442, -3.0905)
(-2.2528, -0.2503, -3.3622)
(-2.2178, -0.0127, -3.2169)
(-2.3454, 0.254, -3.5822)
(-2.2572, 0.3566, -3.6133)
(-1.1183, -2.8257, -4.0545)
(-1.4476, -2.6758, -3.7699)
(-1.4087, -2.3109, -3.8815)
(-1.7297, -2.1326, -3.6261)
(-1.6034, -1.7625, -3.6076)
(-1.9605, -1.5596, -3.4608)
(-1.8819, -1.2282, -3.5519)
(-2.198, -1.0076, -3.5235)
(-2.1833, -0.7135, -3.7011)
(-2.3029, -0.5106, -3.5395)
(-2.5362, -0.2205, -3.7123)
(-2.5052, 0.0214, -3.567)
(-2.7531, 0.2544, -3.6333)
(-2.5692, 0.483, -3.6611)
(-0.8894, -2.6306, -4.5207)
(-1.1198, -2.4756, -4.1775)
(-1.0132, -2.0611, -4.207)
(-1.2744, -1.9179, -3.8837)
(-1.3198, -1.6116, -3.9889)
(-1.6002, -1.4485, -3.7128)
(-1.7629, -1.1721, -4.0259)
(-1.9427, -0.9103, -3.8368)
(-2.1239, -0.607, -4.1617)
(-2.3353, -0.3954, -3.9498)
(-2.5453, -0.102, -4.176)
(-2.7426, 0.0678, -3.872)
(-2.819, 0.3435, -4.1024)
(-2.8514, 0.508, -3.768)
(-0.7605, -2.3752, -4.9999)
(-0.8587, -2.2182, -4.598)
(-0.8952, -1.82, -4.6698)
(-1.0637, -1.706, -4.3068)
(-1.3337, -1.5188, -4.5083)
(-1.583, -1.4162, -4.2544)
(-1.8958, -1.2502, -4.5462)
(-2.0229, -0.9331, -4.3573)
(-2.2876, -0.7077, -4.6413)
(-2.3735, -0.3567, -4.4387)
(-2.5917, -0.108, -4.6922)
(-2.7184, 0.1541, -4.4226)
(-2.7635, 0.4185, -4.6641)
(-2.8199, 0.6188, -4.3648)
(-0.706, -2.1608, -5.3905)
(-0.779, -1.9848, -5.0336)
(-0.8871, -1.6359, -5.0616)
(-1.0818, -1.5452, -4.7682)
(-1.3755, -1.4641, -4.9262)
(-1.6607, -1.4409, -4.7377)
(-1.94, -1.3065, -4.9692)
(-2.1546, -1.0376, -4.8064)
(-2.3421, -0.771, -5.056)
(-2.4733, -0.438, -4.894)
(-2.5725, -0.1285, -5.108)
(-2.6807, 0.1751, -4.9054)
(-2.6997, 0.4222, -5.0755)
(-2.7624, 0.6504, -4.854)
(-2.0261, 0.8341, 4.0772)
(-2.1442, 1.1275, 4.1079)
(-2.3593, 1.0986, 3.9743)
(-2.5433, 1.4253, 3.9854)
(-2.9037, 1.4056, 3.7853)
(-3.1311, 1.7369, 3.7637)
(-3.4536, 1.7324, 3.4899)
(-3.6872, 2.0364, 3.4527)
(-3.9915, 2.0339, 3.1467)
(-4.2317, 2.3164, 3.1135)
(-4.5176, 2.3291, 2.7778)
(-4.6799, 2.6111, 2.6914)
(-4.9684, 2.6729, 2.3491)
(-5.1081, 2.9636, 2.3046)
(-5.4617, 3.043, 2.0538)
(-5.6308, 3.3642, 2.0842)
(-5.7267, 3.734, 2.0268)
(-5.785, 4.0792, 1.8908)
(-6.0011, 4.0531, 1.9021)
(-5.9707, 3.7562, 1.9916)
(-4.5889, 2.7536, 1.0427)
(-4.7067, 2.7468, 0.9944)
(-4.9063, 2.8688, 0.7895)
(-4.8205, 2.9395, 0.8484)
(-4.6754, 3.0809, 0.9086)
(-5.0176, 3.2366, 0.5738)
(-4.8863, 3.4327, 0.691)
(-4.7566, 3.6304, 0.8835)
(-5.0312, 3.8284, 0.5095)
(-4.9656, 4.0225, 0.7906)
(-4.9011, 4.1668, 1.1075)
(-5.1633, 4.3543, 0.7577)
(-5.1727, 4.4473, 1.1266)
(-5.1727, 4.3982, 1.4898)
(-5.4902, 4.5722, 1.2076)
(-5.5104, 4.4437, 1.5645)
(-5.4873, 4.138, 1.8744)
(-5.8143, 4.3893, 1.6412)
(-1.3754, 1.638, 4.0744)
(-1.3763, 1.8821, 3.8816)
(-1.8279, 1.844, 3.9412)
(-1.7752, 1.5721, 4.0955)
(-1.9144, 2.1482, 3.7117)
(-2.3962, 2.1332, 3.7551)
(-2.2756, 1.7973, 3.95)
(-2.5007, 2.4539, 3.4767)
(-2.9649, 2.4335, 3.4804)
(-2.8548, 2.0979, 3.7232)
(-3.0606, 2.7456, 3.1764)
(-3.5144, 2.7132, 3.164)
(-3.4053, 2.3807, 3.4048)
(-3.6095, 3.0419, 2.8877)
(-4.0655, 2.9969, 2.8825)
(-3.9571, 2.6519, 3.1103)
(-4.1503, 3.3613, 2.5646)
(-4.5611, 3.3108, 2.4944)
(-4.4605, 2.9157, 2.7542)
(-4.6734, 3.7287, 2.1899)
(-5.0418, 3.7233, 2.1548)
(-4.91, 3.2563, 2.363)
(-5.144, 4.1444, 1.8496)
(-5.3894, 3.7093, 2.0978)
(-0.8624, 1.8577, 3.8245)
(-0.9449, 2.0696, 3.5146)
(-1.4361, 2.1263, 3.6202)
(-1.5768, 2.3561, 3.285)
(-2.0341, 2.4269, 3.405)
(-2.1727, 2.6256, 3.0284)
(-2.6093, 2.7102, 3.1246)
(-2.7326, 2.883, 2.7241)
(-3.1577, 3.0017, 2.8249)
(-3.2464, 3.2167, 2.4528)
(-3.6876, 3.3386, 2.5486)
(-3.7946, 3.5403, 2.1502)
(-4.2527, 3.6597, 2.189)
(-4.3674, 3.8192, 1.7794)
(-4.7724, 4.0255, 1.8159)
(-4.83, 4.1796, 1.4393)
(0.5671, 1.8894, 3.1389)
(0.1886, 1.8674, 3.3486)
(0.4837, 1.691, 3.5059)
(-0.087, 2.0218, 3.0912)
(-0.4792, 2.0273, 3.3336)
(-0.2114, 1.8474, 3.614)
(-0.7264, 2.2014, 2.9426)
(-1.1359, 2.275, 3.1296)
(-1.3629, 2.3865, 2.7325)
(-1.7596, 2.5018, 2.8997)
(-1.9693, 2.5369, 2.4962)
(-2.3324, 2.7263, 2.6133)
(-2.5031, 2.7563, 2.1991)
(-2.8627, 2.9956, 2.3165)
(-2.98, 3.0737, 1.9389)
(-3.3546, 3.3567, 2.062)
(-3.5262, 3.3313, 1.6791)
(-3.9461, 3.5857, 1.7331)
(-4.084, 3.5175, 1.3996)
(-4.4633, 3.8491, 1.4199)
(-4.5975, 3.7791, 1.1331)
(0.6557, 2.132, 2.6179)
(0.2852, 2.0524, 2.8584)
(0.0045, 2.1241, 2.5011)
(-0.3557, 2.1317, 2.7269)
(-0.6222, 2.2029, 2.3249)
(-0.9826, 2.3031, 2.5348)
(-1.2557, 2.2818, 2.1512)
(-1.6204, 2.3718, 2.3476)
(-1.8977, 2.2555, 1.9947)
(-2.1973, 2.4881, 2.1132)
(-2.3647, 2.4581, 1.7266)
(-2.6345, 2.7786, 1.8145)
(-2.8091, 2.7122, 1.517)
(-3.1446, 3.0198, 1.6283)
(-3.3786, 2.8384, 1.3594)
(-3.7176, 3.184, 1.3803)
(-3.932, 3.0468, 1.1671)
(-4.2514, 3.4046, 1.1627)
(-4.475, 3.2605, 0.9935)
(0.7117, 2.3235, 2.0334)
(0.3657, 2.2068, 2.2749)
(0.0908, 2.1623, 1.9058)
(-0.2632, 2.1214, 2.1166)
(-0.5195, 2.1058, 1.7298)
(-0.8873, 2.2094, 1.9367)
(-1.1616, 2.0998, 1.5807)
(-1.5376, 2.1448, 1.8041)
(-1.8108, 1.9547, 1.4836)
(-2.1333, 2.1313, 1.645)
(-2.3182, 2.0751, 1.2612)
(-2.5342, 2.4196, 1.3665)
(-2.8224, 2.2378, 1.1248)
(-3.0959, 2.5117, 1.2887)
(-3.3987, 2.3439, 1.022)
(-3.6451, 2.6944, 1.1002)
(-3.9115, 2.6176, 0.9951)
(-4.1944, 2.9353, 1.066)
(-4.4157, 2.8121, 1.0643)
(0.7306, 2.4712, 1.4332)
(0.4185, 2.3152, 1.6807)
(0.1544, 2.2034, 1.3143)
(-0.1578, 2.0647, 1.5277)
(-0.4173, 1.9847, 1.1528)
(-0.7859, 2.0446, 1.3583)
(-1.0607, 1.885, 1.02)
(-1.4381, 1.9091, 1.2558)
(-1.7028, 1.6884, 0.9506)
(-2.0494, 1.7949, 1.1488)
(-2.2769, 1.6996, 0.7903)
(-2.5524, 1.9819, 0.9279)
(-2.8516, 1.7508, 0.7197)
(-3.1536, 1.9989, 0.9307)
(-3.4556, 1.8862, 0.6929)
(-3.6617, 2.2827, 0.8185)
(-3.7883, 2.2662, 0.8965)
(-4.0757, 2.5645, 1.0855)
(-4.2336, 2.5663, 1.154)
(0.7319, 2.5997, 0.8284)
(0.4319, 2.4366, 1.0839)
(0.1487, 2.3304, 0.7257)
(-0.1044, 2.0768, 0.9463)
(-0.3822, 1.9473, 0.5901)
(-0.6922, 1.8526, 0.8025)
(-0.9693, 1.6731, 0.4739)
(-1.3314, 1.669, 0.7091)
(-1.5931, 1.4622, 0.4044)
(-1.953, 1.5057, 0.6345)
(-2.21, 1.3754, 0.3128)
(-2.5332, 1.5601, 0.4942)
(-2.7558, 1.3487, 0.2623)
(-3.0918, 1.4632, 0.5482)
(0.7395, 2.675, 0.2188)
(0.4208, 2.5588, 0.485)
(0.1138, 2.4617, 0.1371)
(-0.1402, 2.2057, 0.3714)
(-0.4331, 2.0766, 0.0196)
(-0.6669, 1.8051, 0.2433)
(-0.9517, 1.6743, -0.0976)
(-1.243, 1.5091, 0.1488)
(-1.5107, 1.3682, -0.1707)
(-1.853, 1.3063, 0.0906)
(-2.1136, 1.1816, -0.223)
(-2.4522, 1.2328, 0.0194)
(-2.6495, 1.1059, -0.2692)
(-2.9276, 1.1818, 0.002)
(0.76, 2.7089, -0.3901)
(0.4225, 2.6256, -0.1203)
(0.1201, 2.5088, -0.4641)
(-0.1855, 2.3369, -0.2117)
(-0.4788, 2.1997, -0.5584)
(-0.7264, 1.9518, -0.3261)
(-1.0101, 1.8303, -0.6644)
(-1.2309, 1.5556, -0.4277)
(-1.5059, 1.4537, -0.752)
(-1.7802, 1.2577, -0.4877)
(-2.044, 1.1515, -0.8032)
(-2.3495, 1.0705, -0.5312)
(-2.5449, 0.9832, -0.8427)
(-2.8211, 1.0173, -0.5746)
(0.791, 2.6965, -0.9878)
(0.4583, 2.614, -0.7245)
(0.1861, 2.4203, -1.0519)
(-0.1634, 2.3447, -0.8061)
(-0.4319, 2.1537, -1.1424)
(-0.7592, 2.0532, -0.9024)
(-1.0284, 1.9105, -1.2417)
(-1.2843, 1.7156, -0.9986)
(-1.5535, 1.5979, -1.3334)
(-1.7774, 1.3493, -1.0749)
(-2.0436, 1.2297, -1.398)
(-2.2844, 1.0505, -1.1175)
(-2.4651, 0.9255, -1.4328)
(-2.7033, 0.8699, -1.1561)
(0.7762, 2.6383, -1.5563)
(0.5273, 2.4893, -1.2961)
(0.2676, 2.2334, -1.5905)
(-0.0653, 2.175, -1.3646)
(-0.3157, 1.9334, -1.6837)
(-0.691, 1.9592, -1.4749)
(-0.9406, 1.7681, -1.7782)
(-1.2906, 1.7708, -1.5759)
(-1.5225, 1.5635, -1.8746)
(-1.8129, 1.445, -1.6684)
(-2.0128, 1.2117, -1.9551)
(-2.2596, 1.0704, -1.7128)
(-2.3486, 0.8312, -2.0016)
(-2.5554, 0.7294, -1.742)
(0.6028, 2.6928, -2.1032)
(0.4671, 2.4436, -1.8305)
(0.1739, 2.2414, -2.1279)
(0.0082, 1.9934, -1.903)
(-0.2564, 1.7542, -2.2115)
(-0.5618, 1.6883, -1.9745)
(-0.819, 1.4598, -2.175)
(-1.1589, 1.5161, -1.9943)
(-1.349, 1.2506, -2.2155)
(-1.6769, 1.2514, -2.1132)
(-1.7894, 0.925, -2.3476)
(-2.0845, 0.8796, -2.1877)
(-2.1356, 0.5844, -2.4868)
(-2.3682, 0.5572, -2.3118)
(0.4338, 2.6853, -2.6254)
(0.2559, 2.5566, -2.3587)
(-0.0416, 2.3467, -2.6366)
(-0.0974, 2.0243, -2.445)
(-0.4544, 1.8441, -2.7231)
(-0.5819, 1.5758, -2.4638)
(-0.9509, 1.4919, -2.6495)
(-1.1028, 1.3234, -2.3809)
(-1.4079, 1.2696, -2.6822)
(-1.568, 1.0751, -2.5291)
(-1.8171, 0.9104, -2.8755)
(-1.9525, 0.6769, -2.6662)
(-2.1045, 0.4808, -3.0554)
(-2.2185, 0.3458, -2.8896)
(0.4033, 2.4412, -3.0658)
(0.1043, 2.4799, -2.8326)
(-0.2443, 2.354, -3.063)
(-0.3937, 2.1509, -2.8933)
(-0.7926, 2.0416, -3.1294)
(-0.8737, 1.723, -2.9343)
(-1.2861, 1.7242, -3.0401)
(-1.3352, 1.4874, -2.8129)
(-1.6727, 1.4638, -3.0697)
(-1.6937, 1.1842, -3.0358)
(-1.9997, 1.0254, -3.2952)
(-2.0401, 0.7298, -3.2045)
(-2.2584, 0.5958, -3.4682)
(-2.2116, 0.3445, -3.4404)
(0.3899, 2.4942, -3.6041)
(0.0564, 2.4527, -3.3076)
(-0.2741, 2.5, -3.5378)
(-0.5972, 2.3592, -3.2977)
(-0.8783, 2.2795, -3.4626)
(-1.1443, 2.019, -3.2872)
(-1.4414, 1.9354, -3.368)
(-1.6474, 1.7363, -3.1594)
(-1.9591, 1.5744, -3.306)
(-2.0282, 1.3432, -3.2722)
(-2.4042, 1.1333, -3.3875)
(-2.3725, 0.8534, -3.4109)
(-2.6882, 0.6851, -3.522)
(-2.549, 0.4559, -3.5754)
(0.3442, 2.4623, -4.1817)
(0.0522, 2.5125, -3.8455)
(-0.2325, 2.3353, -3.9902)
(-0.5234, 2.3371, -3.6723)
(-0.7563, 2.0474, -3.7342)
(-1.0939, 2.0127, -3.5326)
(-1.3365, 1.7435, -3.6083)
(-1.6709, 1.6541, -3.4657)
(-1.899, 1.3813, -3.6018)
(-2.214, 1.2817, -3.463)
(-2.4237, 1.0834, -3.7697)
(-2.6549, 0.9326, -3.6398)
(-2.7674, 0.7841, -3.988)
(-2.8542, 0.5268, -3.7574)
(0.2309, 2.2724, -4.6082)
(-0.0079, 2.3286, -4.3549)
(-0.3375, 2.1511, -4.3677)
(-0.5347, 2.1, -4.0581)
(-0.9032, 2.0773, -4.0929)
(-1.0944, 1.9362, -3.8048)
(-1.4659, 1.9475, -3.8646)
(-1.6619, 1.6526, -3.7126)
(-1.9158, 1.585, -3.9051)
(-2.129, 1.266, -3.8608)
(-2.3278, 1.2074, -4.2164)
(-2.5725, 0.9839, -4.1554)
(-2.6831, 0.8817, -4.4936)
(-2.8206, 0.6373, -4.3543)
(0.0897, 2.0939, -4.5869)
(-0.0887, 2.1653, -4.4928)
(-0.3779, 2.2206, -4.309)
(-0.6688, 2.1734, -4.2972)
(-1.0255, 2.3008, -4.3016)
(-1.2559, 2.1342, -4.1149)
(-1.4679, 1.9926, -4.137)
(-1.6889, 1.8197, -3.9536)
(-1.8305, 1.6554, -4.1785)
(-2.1029, 1.4824, -4.21)
(-2.3785, 1.4457, -4.4928)
(-2.5559, 1.1606, -4.5104)
(-2.7856, 1.1534, -4.7147)
(-2.8364, 0.8402, -4.7389)
(-1.734, 1.3891, 4.179)
(-2.1421, 1.4961, 4.0644)
(-2.0499, 1.296, 4.1248)
(-2.7062, 1.7662, 3.89)
(-2.5261, 1.4394, 3.9958)
(-3.2729, 2.0666, 3.617)
(-3.114, 1.7477, 3.7805)
(-3.8168, 2.3413, 3.2842)
(-3.669, 2.0455, 3.473)
(-4.3482, 2.6111, 2.9641)
(-4.2086, 2.3268, 3.1296)
(-4.7777, 2.8749, 2.5084)
(-4.6591, 2.5842, 2.6767)
(-5.2413, 3.2821, 2.2101)
(-5.0801, 2.9065, 2.2683)
(-5.6065, 3.3572, 2.0737)
(5.8885, -3.2509, 1.8864)
(4.9973, -2.458, 1.2999)
(5.0579, -2.3563, 1.1139)
(5.0596, -2.5238, 0.8094)
(5.1422, -2.7476, 0.8745)
(5.3345, -2.9658, 1.2205)
(5.5327, -3.2381, 1.5983)
(1.7832, -0.9705, 3.8086)
(2.3055, -1.1608, 3.6447)
(2.8974, -1.4669, 3.4724)
(3.4609, -1.8281, 3.3031)
(4.0022, -2.1988, 3.1235)
(4.3748, -2.3907, 2.7473)
(4.7136, -2.5635, 2.2911)
(5.1905, -2.9049, 1.9246)
(1.3764, -1.254, 3.4656)
(1.9684, -1.5354, 3.3094)
(2.5712, -1.8609, 3.1462)
(3.1462, -2.1952, 2.9633)
(3.703, -2.5266, 2.7556)
(4.1579, -2.6312, 2.4086)
(4.527, -2.5809, 1.9631)
(4.9646, -2.7087, 1.5556)
(-0.2567, -1.1182, 2.9889)
(0.3979, -1.3055, 3.0558)
(1.043, -1.5839, 3.0625)
(1.6668, -1.9481, 2.9707)
(2.2717, -2.2646, 2.8098)
(2.8561, -2.5368, 2.5737)
(3.4301, -2.7798, 2.3001)
(4.0016, -2.9154, 1.9857)
(4.5188, -2.8351, 1.6644)
(4.8753, -2.7079, 1.2725)
(-0.3512, -1.3417, 2.5434)
(0.2792, -1.5903, 2.5517)
(0.8468, -1.9582, 2.5891)
(1.4173, -2.3226, 2.5627)
(2.0247, -2.5394, 2.3902)
(2.6245, -2.6703, 2.1293)
(3.2235, -2.7498, 1.8431)
(3.8084, -2.8342, 1.5306)
(4.3873, -2.8146, 1.4023)
(4.7896, -2.6208, 1.1999)
(-0.4662, -1.6308, 2.0101)
(0.1684, -1.8895, 2.0149)
(0.7232, -2.266, 2.069)
(1.2835, -2.5019, 2.0447)
(1.8987, -2.4536, 1.9067)
(2.5219, -2.365, 1.7519)
(3.1135, -2.3426, 1.4915)
(3.6768, -2.3944, 1.179)
(4.2223, -2.3557, 1.2038)
(4.6834, -2.3095, 1.3002)
(-0.5773, -1.9389, 1.4882)
(0.0688, -2.1824, 1.4889)
(0.674, -2.492, 1.5109)
(1.2899, -2.6297, 1.4831)
(1.9047, -2.4184, 1.4168)
(2.497, -2.1203, 1.3624)
(3.0632, -1.9153, 1.1981)
(3.6344, -1.9127, 1.0635)
(4.2203, -1.965, 1.1308)
(4.6899, -2.1616, 1.2741)
(-0.6732, -2.233, 0.9607)
(-0.0095, -2.4546, 0.9538)
(0.6478, -2.6902, 0.9396)
(1.31, -2.7733, 0.9043)
(1.8971, -2.5065, 0.8545)
(2.399, -2.06, 0.8161)
(2.8768, -1.6533, 0.7886)
(-0.7354, -2.4397, 0.3955)
(-0.0615, -2.6189, 0.3827)
(0.6151, -2.784, 0.3507)
(1.2708, -2.7608, 0.3062)
(1.7963, -2.4074, 0.2789)
(2.2248, -1.9171, 0.2734)
(2.6094, -1.5148, 0.2791)
(-0.7685, -2.5934, -0.1927)
(-0.0906, -2.7239, -0.2095)
(0.5885, -2.7879, -0.2512)
(1.2252, -2.6779, -0.2927)
(1.7091, -2.3035, -0.2981)
(2.0881, -1.8032, -0.2871)
(2.4451, -1.3986, -0.2827)
(-0.784, -2.738, -0.7837)
(-0.1048, -2.8238, -0.8002)
(0.5672, -2.7666, -0.8459)
(1.1958, -2.5961, -0.8906)
(1.6856, -2.2532, -0.8947)
(2.0228, -1.739, -0.8739)
(2.32, -1.2987, -0.8642)
(-0.7791, -2.843, -1.383)
(-0.104, -2.8668, -1.3964)
(0.5436, -2.6904, -1.4375)
(1.1623, -2.4906, -1.4873)
(1.6782, -2.1969, -1.4996)
(1.9844, -1.677, -1.4762)
(2.2172, -1.2027, -1.4647)
(-0.7555, -2.916, -1.9863)
(-0.0852, -2.897, -1.9934)
(0.5234, -2.6303, -2.0303)
(1.1191, -2.3893, -2.0875)
(1.6683, -2.1228, -2.1067)
(1.9404, -1.592, -2.0817)
(2.0802, -1.0787, -2.0635)
(-0.7177, -2.9668, -2.5902)
(-0.0574, -2.8971, -2.5892)
(0.4768, -2.5305, -2.6094)
(0.9969, -2.1823, -2.6095)
(1.556, -1.8871, -2.5712)
(1.8932, -1.4171, -2.6227)
(2.0592, -0.9528, -2.6798)
(-0.6678, -2.9985, -3.1927)
(-0.0151, -2.8664, -3.1851)
(0.4979, -2.4533, -3.1768)
(0.9729, -2.0159, -3.1208)
(1.5091, -1.6613, -3.0508)
(1.9389, -1.2593, -3.1816)
(2.2028, -0.859, -3.309)
(-0.6017, -3.0199, -3.7919)
(0.0355, -2.826, -3.7799)
(0.5805, -2.4077, -3.7602)
(1.0754, -1.9678, -3.7242)
(1.6082, -1.5839, -3.6713)
(2.1483, -1.2605, -3.6825)
(2.5164, -0.9443, -3.6675)
(-0.5218, -2.9939, -4.3826)
(0.1146, -2.8329, -4.3662)
(0.6925, -2.4527, -4.3244)
(1.2301, -2.0425, -4.2725)
(1.7819, -1.6465, -4.2)
(2.3009, -1.2699, -4.0848)
(2.6569, -0.919, -3.9385)
(-0.454, -2.8604, -4.9522)
(0.1849, -2.8056, -4.9474)
(0.7933, -2.4873, -4.8806)
(1.3651, -2.0972, -4.7951)
(1.9034, -1.6692, -4.7024)
(2.3315, -1.1653, -4.5791)
(2.6328, -0.7027, -4.44)
(-0.418, -2.6828, -5.4255)
(0.1909, -2.6801, -5.4362)
(0.7906, -2.3532, -5.3634)
(1.3599, -1.9634, -5.2758)
(1.8952, -1.5311, -5.1766)
(2.383, -1.0574, -5.0514)
(2.7462, -0.6298, -4.9163)
(2.1019, -0.7077, 4.0442)
(2.6001, -0.8423, 3.9276)
(3.1914, -1.1283, 3.7284)
(3.7468, -1.4646, 3.489)
(4.2651, -1.836, 3.236)
(4.6832, -2.2019, 2.8801)
(5.0759, -2.5493, 2.4888)
(5.5641, -2.9146, 2.1683)
(6.3889, -2.9886, 2.0934)
(5.0876, -2.2299, 1.032)
(5.4576, -2.1282, 0.8769)
(5.9749, -2.0022, 0.9317)
(6.463, -2.002, 1.2206)
(6.7385, -2.1974, 1.6368)
(6.6513, -2.6077, 1.97)
(2.5518, 0.2016, 4.0892)
(3.0829, -0.0471, 3.9751)
(3.6827, -0.36, 3.765)
(4.2301, -0.7168, 3.4712)
(4.7457, -1.099, 3.1499)
(5.2571, -1.5042, 2.8078)
(5.7361, -1.8889, 2.4803)
(6.2235, -2.2806, 2.2097)
(2.5498, 0.669, 3.775)
(3.1827, 0.4151, 3.6298)
(3.7952, 0.0922, 3.403)
(4.3244, -0.294, 3.1069)
(4.8261, -0.7047, 2.7962)
(5.3423, -1.1058, 2.4543)
(5.8208, -1.5098, 2.1351)
(6.3264, -1.8991, 1.8918)
(1.181, 1.565, 3.3268)
(1.8144, 1.2917, 3.3481)
(2.4779, 1.0122, 3.2825)
(3.1437, 0.7199, 3.1088)
(3.7186, 0.3608, 2.878)
(4.1997, -0.0627, 2.5826)
(4.655, -0.4928, 2.2569)
(5.1029, -0.9368, 1.9305)
(5.5552, -1.3844, 1.6652)
(6.0764, -1.7706, 1.4771)
(1.2298, 1.7919, 2.8834)
(1.8205, 1.4829, 2.8021)
(2.4441, 1.2077, 2.6847)
(3.0149, 0.8565, 2.5324)
(3.4751, 0.3984, 2.3435)
(3.891, -0.0811, 2.0972)
(4.3196, -0.5106, 1.7836)
(4.7051, -0.9793, 1.5126)
(5.124, -1.4679, 1.3427)
(5.641, -1.8855, 1.1748)
(1.2418, 2.0128, 2.3152)
(1.7549, 1.6062, 2.2009)
(2.3404, 1.2848, 2.0797)
(2.8123, 0.851, 1.9685)
(3.1303, 0.2715, 1.8777)
(3.4654, -0.2833, 1.7252)
(3.8715, -0.7467, 1.4538)
(4.2494, -1.2226, 1.215)
(4.6672, -1.6813, 1.1834)
(5.1789, -2.0702, 1.1257)
(1.2237, 2.1812, 1.7219)
(1.6454, 1.6824, 1.6137)
(2.1623, 1.267, 1.5008)
(2.558, 0.7611, 1.4262)
(2.7809, 0.1195, 1.4152)
(3.0463, -0.4924, 1.3513)
(3.4127, -1.0392, 1.1877)
(3.8445, -1.5136, 1.096)
(4.3628, -1.801, 1.1466)
(4.8618, -2.1056, 1.1978)
(1.23, 2.3276, 1.1226)
(1.5686, 1.7598, 1.0307)
(1.9458, 1.2198, 0.9479)
(2.2786, 0.6536, 0.9022)
(2.5054, 0.0186, 0.894)
(2.7374, -0.6068, 0.8702)
(2.992, -1.1756, 0.8122)
(1.2827, 2.4465, 0.5242)
(1.6159, 1.8785, 0.4491)
(1.8763, 1.2523, 0.3842)
(2.157, 0.6386, 0.3481)
(2.4176, 0.0308, 0.3269)
(2.6375, -0.5791, 0.3108)
(2.7582, -1.1117, 0.2933)
(1.341, 2.5267, -0.0777)
(1.7301, 1.9954, -0.1366)
(1.9856, 1.3586, -0.1987)
(2.2389, 0.7352, -0.2369)
(2.4781, 0.1344, -0.2569)
(2.6471, -0.4736, -0.2705)
(2.6629, -1.0052, -0.2809)
(1.3597, 2.5901, -0.6847)
(1.7742, 2.0726, -0.7375)
(2.0503, 1.4433, -0.7902)
(2.296, 0.8232, -0.8263)
(2.5104, 0.2251, -0.8476)
(2.6231, -0.384, -0.8591)
(2.5628, -0.9058, -0.8639)
(1.31, 2.6283, -1.2886)
(1.7012, 2.0981, -1.3401)
(1.9613, 1.4638, -1.3838)
(2.2222, 0.8582, -1.4179)
(2.4695, 0.2861, -1.4375)
(2.5218, -0.2955, -1.4272)
(2.4195, -0.7999, -1.4355)
(1.1774, 2.6242, -1.8775)
(1.5217, 2.0657, -1.9179)
(1.762, 1.4259, -1.9535)
(1.9731, 0.8262, -1.9121)
(2.1677, 0.2852, -1.7884)
(2.2262, -0.2161, -1.8145)
(2.1922, -0.6678, -1.9677)
(0.9883, 2.5752, -2.4372)
(1.2988, 1.986, -2.4638)
(1.5473, 1.3395, -2.5014)
(1.7288, 0.7469, -2.3809)
(1.8858, 0.2313, -2.1047)
(2.05, -0.1722, -2.2314)
(2.1393, -0.5255, -2.596)
(0.9836, 2.4621, -2.8925)
(1.3889, 2.022, -2.9096)
(1.673, 1.389, -2.9081)
(1.8611, 0.7667, -2.8102)
(1.999, 0.1956, -2.6329)
(2.1896, -0.1568, -2.8563)
(2.3131, -0.4278, -3.2482)
(1.074, 2.3797, -3.3662)
(1.6281, 2.0863, -3.3744)
(2.0086, 1.5308, -3.308)
(2.2272, 0.8939, -3.2198)
(2.2917, 0.2489, -3.1716)
(2.4797, -0.1976, -3.3003)
(2.6536, -0.5323, -3.5161)
(1.0324, 2.338, -3.9481)
(1.5962, 1.9822, -3.9268)
(1.9549, 1.4804, -3.7543)
(2.2378, 0.9454, -3.6416)
(2.5017, 0.4306, -3.5992)
(2.752, -0.0778, -3.5899)
(2.8481, -0.5276, -3.7458)
(0.8715, 2.19, -4.4487)
(1.3145, 1.7687, -4.2689)
(1.6864, 1.3835, -4.0621)
(2.1401, 1.0804, -3.9876)
(2.5368, 0.6926, -3.9252)
(2.755, 0.1677, -4.0071)
(2.8127, -0.3042, -4.2571)
(0.5843, 2.0222, -4.6428)
(1.0204, 1.7048, -4.3682)
(1.5931, 1.5229, -4.2825)
(2.134, 1.2895, -4.2171)
(2.4717, 0.832, -4.1999)
(2.7797, 0.3108, -4.3546)
(2.9878, -0.1315, -4.567)
(2.4128, -0.2298, 4.2013)
(2.8708, -0.4952, 4.0746)
(3.4582, -0.8003, 3.8697)
(3.9993, -1.1401, 3.5734)
(4.4947, -1.5134, 3.2334)
(4.9605, -1.9411, 2.8777)
(5.456, -2.3528, 2.5316)
(5.9698, -2.7291, 2.2589)
(-6.1012, 3.5248, 1.7448)
(-4.6792, 2.8152, 0.8937)
(-4.8628, 2.9928, 0.646)
(-5.2004, 3.0046, 0.3118)
(-5.6095, 2.9364, 0.382)
(-5.9114, 3.0623, 0.8373)
(-6.1075, 3.2997, 1.3464)
(-2.2186, 0.5725, 3.7742)
(-2.7121, 0.8508, 3.6014)
(-3.2404, 1.2052, 3.3099)
(-3.7227, 1.5716, 2.9493)
(-4.2115, 1.9114, 2.5692)
(-4.7267, 2.2547, 2.1715)
(-5.234, 2.6115, 1.821)
(-5.7211, 2.9713, 1.5668)
(-2.1532, 0.1446, 3.3858)
(-2.6946, 0.4756, 3.1529)
(-3.1727, 0.8808, 2.8283)
(-3.5879, 1.3001, 2.4547)
(-4.0042, 1.7067, 2.0637)
(-4.4728, 2.1009, 1.6928)
(-4.9697, 2.4863, 1.3751)
(-5.476, 2.8147, 1.0892)
(-0.9039, -0.8858, 2.9782)
(-1.5083, -0.5794, 3.0039)
(-2.1153, -0.232, 2.9107)
(-2.6957, 0.136, 2.667)
(-3.1937, 0.5437, 2.3936)
(-3.6324, 0.9694, 2.0827)
(-4.0347, 1.407, 1.7206)
(-4.4437, 1.8476, 1.3615)
(-4.8698, 2.2792, 1.0194)
(-5.2775, 2.6417, 0.6527)
(-1.0049, -1.1305, 2.5467)
(-1.645, -0.9009, 2.5312)
(-2.2694, -0.6223, 2.4535)
(-2.8597, -0.2827, 2.2947)
(-3.3814, 0.108, 2.0713)
(-3.8077, 0.5461, 1.7682)
(-4.1603, 1.0132, 1.4019)
(-4.495, 1.4863, 1.027)
(-4.7705, 1.9984, 0.7187)
(-4.9929, 2.536, 0.4637)
(-1.1267, -1.4318, 2.0224)
(-1.7885, -1.2368, 2.0274)
(-2.4327, -1.0, 2.008)
(-2.9253, -0.6104, 1.9215)
(-3.2764, -0.0916, 1.749)
(-3.5926, 0.448, 1.4959)
(-3.8734, 0.9684, 1.149)
(-4.1513, 1.4783, 0.7863)
(-4.3753, 2.0345, 0.6836)
(-4.5918, 2.6256, 0.7179)
(-1.2396, -1.7322, 1.4947)
(-1.9046, -1.5346, 1.5001)
(-2.5367, -1.2731, 1.4774)
(-2.9073, -0.778, 1.3936)
(-3.057, -0.1153, 1.2874)
(-3.2176, 0.539, 1.1684)
(-3.3946, 1.1655, 0.9729)
(-3.6764, 1.7305, 0.7436)
(-3.9966, 2.198, 0.8514)
(-4.3529, 2.6064, 1.0396)
(-1.3396, -2.0166, 0.9584)
(-2.0093, -1.8024, 0.9532)
(-2.607, -1.4733, 0.9058)
(-2.9128, -0.9027, 0.8073)
(-2.9741, -0.2089, 0.7129)
(-3.0121, 0.4787, 0.6352)
(-3.0663, 1.124, 0.5648)
(-1.4036, -2.2386, 0.3921)
(-2.0569, -1.9958, 0.3736)
(-2.5846, -1.589, 0.31)
(-2.8114, -0.9746, 0.2153)
(-2.8462, -0.2985, 0.1366)
(-2.8819, 0.3635, 0.0714)
(-2.9162, 0.9263, 0.018)
(-1.4325, -2.4038, -0.1985)
(-2.0565, -2.1221, -0.2294)
(-2.5255, -1.6599, -0.297)
(-2.7206, -1.0421, -0.3782)
(-2.7689, -0.399, -0.4445)
(-2.8162, 0.2343, -0.5015)
(-2.8307, 0.7735, -0.5535)
(-1.4424, -2.5408, -0.7969)
(-2.0477, -2.2267, -0.8369)
(-2.4999, -1.7417, -0.9048)
(-2.7205, -1.1322, -0.9759)
(-2.8018, -0.5066, -1.0335)
(-2.8208, 0.1123, -1.0854)
(-2.7601, 0.636, -1.1354)
(-1.434, -2.646, -1.4015)
(-2.0253, -2.3098, -1.4466)
(-2.4747, -1.8128, -1.5135)
(-2.742, -1.2135, -1.578)
(-2.8606, -0.5958, -1.6319)
(-2.8173, 0.0136, -1.6787)
(-2.6557, 0.5124, -1.7244)
(-1.4105, -2.7291, -2.0086)
(-1.993, -2.3821, -2.0557)
(-2.4352, -1.8729, -2.1215)
(-2.7098, -1.2673, -2.184)
(-2.7859, -0.6395, -2.2261)
(-2.6089, -0.0498, -2.2137)
(-2.4208, 0.3885, -2.2655)
(-1.3761, -2.805, -2.6148)
(-1.9583, -2.462, -2.6609)
(-2.409, -1.9601, -2.7168)
(-2.5989, -1.3599, -2.743)
(-2.495, -0.7444, -2.6974)
(-2.2973, -0.1838, -2.6332)
(-2.2315, 0.206, -2.8093)
(-1.3259, -2.8794, -3.2174)
(-1.8704, -2.5122, -3.248)
(-2.2578, -1.974, -3.2483)
(-2.4435, -1.3798, -3.2432)
(-2.3081, -0.8145, -3.1471)
(-2.1862, -0.2669, -3.1129)
(-2.2452, 0.1892, -3.3901)
(-1.2137, -2.8785, -3.7938)
(-1.6102, -2.4175, -3.7133)
(-1.8407, -1.8453, -3.5239)
(-2.0921, -1.2766, -3.4778)
(-2.2507, -0.7594, -3.5405)
(-2.4036, -0.243, -3.5449)
(-2.5544, 0.2595, -3.609)
(-1.0009, -2.7412, -4.2899)
(-1.1904, -2.1889, -4.0327)
(-1.4211, -1.6817, -3.7644)
(-1.7722, -1.1859, -3.7513)
(-2.1269, -0.6454, -3.9146)
(-2.5619, -0.1593, -3.925)
(-2.8239, 0.29, -3.8228)
(-0.8105, -2.5027, -4.7644)
(-0.9239, -1.9349, -4.4324)
(-1.3055, -1.5581, -4.2506)
(-1.8234, -1.2027, -4.2982)
(-2.1977, -0.6428, -4.4085)
(-2.5634, -0.0918, -4.4409)
(-2.7936, 0.3884, -4.3946)
(-0.7288, -2.2629, -5.2049)
(-0.8875, -1.7227, -4.8766)
(-1.3582, -1.4891, -4.7293)
(-1.931, -1.2839, -4.7659)
(-2.3312, -0.7489, -4.8544)
(-2.592, -0.1208, -4.9104)
(-2.733, 0.4278, -4.8845)
(-2.1739, 0.9627, 4.0329)
(-2.617, 1.2471, 3.8925)
(-3.1824, 1.5698, 3.6473)
(-3.7222, 1.8865, 3.3207)
(-4.261, 2.1781, 2.9696)
(-4.7456, 2.4959, 2.5594)
(-5.2096, 2.8564, 2.184)
(-5.7144, 3.2306, 1.9498)
(-5.8836, 3.9058, 1.9616)
(-4.766, 2.8143, 0.9276)
(-4.8585, 3.1551, 0.7543)
(-4.9167, 3.7318, 0.704)
(-5.0484, 4.2746, 0.9361)
(-5.3369, 4.505, 1.3455)
(-5.6617, 4.2795, 1.7541)
(-1.5902, 1.7331, 4.0112)
(-2.103, 1.9812, 3.8579)
(-2.6846, 2.2858, 3.6284)
(-3.2393, 2.5746, 3.3187)
(-3.7937, 2.8538, 3.0292)
(-4.3188, 3.1447, 2.6949)
(-4.8018, 3.5064, 2.3145)
(-5.2761, 3.9445, 2.0081)
(-1.1489, 1.9899, 3.7196)
(-1.734, 2.275, 3.5187)
(-2.3257, 2.5711, 3.272)
(-2.8873, 2.8506, 2.9715)
(-3.4206, 3.1688, 2.691)
(-3.9686, 3.499, 2.3777)
(-4.5248, 3.834, 1.9987)
(-4.9871, 4.227, 1.646)
(0.5243, 1.7847, 3.3363)
(-0.1463, 1.9423, 3.3565)
(-0.8123, 2.1479, 3.2425)
(-1.4529, 2.3915, 3.0182)
(-2.0515, 2.6127, 2.7632)
(-2.6055, 2.8474, 2.4595)
(-3.1018, 3.1805, 2.1922)
(-3.6469, 3.4825, 1.9033)
(-4.2157, 3.7045, 1.5726)
(-4.6993, 4.0148, 1.2672)
(0.613, 2.0107, 2.8945)
(-0.0384, 2.0824, 2.8024)
(-0.6685, 2.2183, 2.6336)
(-1.302, 2.3476, 2.4414)
(-1.9262, 2.4092, 2.2424)
(-2.4215, 2.6233, 1.9574)
(-2.8752, 2.9135, 1.7172)
(-3.4321, 3.1019, 1.5087)
(-3.986, 3.2878, 1.2701)
(-4.5222, 3.5207, 1.0363)
(0.6889, 2.236, 2.3288)
(0.0479, 2.1485, 2.202)
(-0.5731, 2.1625, 2.0242)
(-1.2097, 2.1965, 1.8647)
(-1.8592, 2.1013, 1.7424)
(-2.3348, 2.2708, 1.4951)
(-2.7997, 2.4816, 1.3219)
(-3.3752, 2.5835, 1.1942)
(-3.921, 2.8214, 1.0734)
(-4.451, 3.0154, 1.0146)
(0.7249, 2.4001, 1.7343)
(0.1292, 2.1752, 1.6099)
(-0.4645, 2.0424, 1.4391)
(-1.1119, 1.9972, 1.2981)
(-1.758, 1.8179, 1.2188)
(-2.3001, 1.8836, 1.0256)
(-2.8465, 1.9932, 0.9235)
(-3.4248, 2.1151, 0.8572)
(-3.864, 2.4351, 0.9397)
(-4.3384, 2.6697, 1.108)
(0.7317, 2.5399, 1.1313)
(0.1595, 2.2588, 1.0195)
(-0.3881, 1.9466, 0.8711)
(-1.01, 1.765, 0.748)
(-1.647, 1.5656, 0.6803)
(-2.2477, 1.5264, 0.5557)
(-2.813, 1.5342, 0.4989)
(0.7342, 2.6441, 0.524)
(0.1299, 2.402, 0.4325)
(-0.4011, 1.9984, 0.306)
(-0.9485, 1.644, 0.1899)
(-1.5449, 1.3929, 0.1196)
(-2.1628, 1.2585, 0.0527)
(-2.7025, 1.2092, 0.0044)
(0.748, 2.6962, -0.0862)
(0.1098, 2.4993, -0.1625)
(-0.4637, 2.1515, -0.2677)
(-0.9778, 1.7472, -0.3812)
(-1.498, 1.3929, -0.4619)
(-2.0715, 1.1474, -0.5099)
(-2.5952, 1.0329, -0.5528)
(0.7753, 2.7116, -0.6916)
(0.1451, 2.4847, -0.7632)
(-0.4677, 2.2024, -0.8531)
(-1.0302, 1.891, -0.9517)
(-1.5292, 1.5308, -1.0408)
(-2.036, 1.1854, -1.0988)
(-2.5029, 0.9503, -1.1365)
(0.7993, 2.6618, -1.276)
(0.2381, 2.3197, -1.3247)
(-0.3773, 2.0561, -1.4178)
(-0.9985, 1.8742, -1.5266)
(-1.5602, 1.6234, -1.6259)
(-2.0521, 1.2563, -1.6956)
(-2.4207, 0.8959, -1.7275)
(0.7035, 2.654, -1.8307)
(0.2438, 2.2095, -1.8585)
(-0.2641, 1.8176, -1.9471)
(-0.8653, 1.5995, -1.979)
(-1.4304, 1.4025, -2.0494)
(-1.897, 1.0681, -2.1528)
(-2.2368, 0.711, -2.2428)
(0.5043, 2.7218, -2.3742)
(0.0741, 2.3032, -2.3925)
(-0.3216, 1.7748, -2.4759)
(-0.8466, 1.4331, -2.4092)
(-1.3437, 1.2157, -2.4377)
(-1.7739, 0.8817, -2.5977)
(-2.097, 0.5029, -2.7668)
(0.4068, 2.5555, -2.8449)
(-0.1568, 2.3418, -2.8511)
(-0.6315, 1.9252, -2.938)
(-1.1151, 1.5907, -2.8569)
(-1.5199, 1.3589, -2.8991)
(-1.8776, 0.9611, -3.1292)
(-2.1471, 0.5281, -3.3074)
(0.3992, 2.443, -3.3216)
(-0.2813, 2.4365, -3.2975)
(-0.8793, 2.1999, -3.3071)
(-1.4071, 1.8748, -3.2138)
(-1.8467, 1.5604, -3.1927)
(-2.2132, 1.0964, -3.3433)
(-2.4772, 0.6434, -3.4898)
(0.374, 2.5052, -3.8954)
(-0.2426, 2.4525, -3.7645)
(-0.8063, 2.1845, -3.5925)
(-1.3841, 1.8361, -3.4935)
(-1.9482, 1.4659, -3.4455)
(-2.4608, 1.109, -3.541)
(-2.773, 0.7365, -3.7131)
(0.2945, 2.3754, -4.4402)
(-0.2773, 2.2184, -4.2162)
(-0.8069, 2.0166, -3.9164)
(-1.3873, 1.8167, -3.7323)
(-1.9013, 1.4549, -3.757)
(-2.3647, 1.1196, -4.0083)
(-2.7168, 0.8213, -4.265)
(0.1615, 2.1791, -4.6384)
(-0.3683, 2.1624, -4.3804)
(-0.975, 2.1801, -4.215)
(-1.4875, 1.9995, -4.0002)
(-1.888, 1.6463, -4.0444)
(-2.3385, 1.3208, -4.3708)
(-2.7173, 1.0014, -4.6301)
(-1.9241, 1.4285, 4.1258)
(-2.413, 1.6178, 3.9872)
(-2.9937, 1.9186, 3.7652)
(-3.545, 2.2055, 3.4493)
(-4.0906, 2.4787, 3.1343)
(-4.569, 2.7342, 2.7374)
(-5.0009, 3.0625, 2.3382)
(-5.497, 3.5166, 2.1093)
