(1.9101, 3.0588, -4.8665)
(1.9531, 3.2441, -4.2798)
(2.4248, 3.3633, -3.916)
(2.7258, 3.6633, -3.4596)
(2.6348, 4.1711, -3.0513)
(2.0243, 2.675, -4.6937)
(1.9555, 2.848, -4.1242)
(2.4771, 4.6487, -2.6323)
(2.2987, 3.0355, -3.6914)
(2.362, 4.8952, -2.3018)
(2.5336, 3.3979, -3.2083)
(2.5546, 3.9042, -2.7595)
(2.418, 4.3557, -2.3252)
(2.3193, 4.7319, -2.0027)
(2.1633, 2.1884, -4.4452)
(1.9815, 2.3773, -3.9015)
(2.0655, 2.6974, -3.3961)
(2.197, 3.1272, -2.9394)
(2.3127, 3.6036, -2.4589)
(2.2961, 3.9725, -1.9571)
(2.4569, 4.2618, -1.6294)
(2.3096, 1.7042, -4.1444)
(2.2309, 2.0023, -3.5769)
(2.1951, 2.3593, -3.0105)
(2.3034, 2.8064, -2.5778)
(2.3628, 3.2714, -2.1485)
(2.2684, 3.5971, -1.6944)
(2.5818, 3.7614, -1.3017)
(2.4559, 1.2296, -3.8423)
(2.5798, 1.6245, -3.3301)
(2.5682, 2.0152, -2.7663)
(2.5482, 2.4205, -2.2866)
(2.3142, 2.8904, -2.0681)
(2.2046, 3.3561, -1.8519)
(2.1078, 3.7982, -1.6984)
(2.4928, 0.7714, -3.4681)
(2.7497, 1.1698, -3.0086)
(2.7362, 1.5692, -2.4638)
(2.6124, 1.9615, -1.9736)
(2.324, 2.4203, -1.7616)
(2.1616, 2.9234, -1.5636)
(2.0744, 3.2074, -1.4073)
(2.4768, 0.3369, -3.0501)
(2.7942, 0.711, -2.632)
(2.7303, 1.1165, -2.1314)
(2.6061, 1.5377, -1.6693)
(2.5109, 2.0215, -1.3917)
(2.2108, 2.4163, -1.1141)
(1.8642, 2.6359, -0.9035)
(2.4231, -0.0599, -2.5957)
(2.8275, 0.2993, -2.2128)
(2.9329, 0.7583, -1.764)
(2.8621, 1.2167, -1.3301)
(2.663, 1.6475, -0.9604)
(2.3849, 2.0385, -0.6168)
(2.1598, 2.3432, -0.3447)
(2.3379, -0.428, -2.1193)
(2.7829, -0.082, -1.7521)
(2.9727, 0.3813, -1.3183)
(2.9481, 0.8503, -0.8861)
(2.7779, 1.2876, -0.4801)
(2.5782, 1.7056, -0.1066)
(2.4087, 2.0279, 0.1797)
(2.2492, -0.7913, -1.6402)
(2.7286, -0.4653, -1.2882)
(2.9416, -0.007, -0.8597)
(2.9423, 0.4738, -0.4195)
(2.8669, 0.9395, 0.007)
(2.7584, 1.3848, 0.4021)
(2.6491, 1.7242, 0.7055)
(2.1922, -1.1811, -1.1817)
(2.724, -0.8644, -0.8361)
(3.0191, -0.4076, -0.4178)
(3.0498, 0.1063, 0.0363)
(3.0063, 0.6085, 0.4852)
(2.9432, 1.0799, 0.9071)
(2.8787, 1.4321, 1.2326)
(2.1359, -1.5657, -0.7354)
(2.7055, -1.2531, -0.3804)
(3.0995, -0.8082, 0.027)
(3.2035, -0.2552, 0.4817)
(3.183, 0.289, 0.9488)
(3.1388, 0.7922, 1.4078)
(3.0869, 1.1672, 1.7866)
(1.9465, -1.8062, -0.2298)
(2.5177, -1.5132, 0.1216)
(2.9934, -1.1309, 0.5087)
(3.2202, -0.6075, 0.9479)
(3.3014, -0.0545, 1.4062)
(3.3467, 0.4881, 1.8787)
(3.3576, 1.0486, 2.4588)
(1.7257, -2.0183, 0.2936)
(2.271, -1.7193, 0.6335)
(2.731, -1.3386, 1.0063)
(3.0528, -0.8706, 1.4246)
(3.7071, 1.1026, 3.1311)
(3.3023, -0.3632, 1.8499)
(3.5084, 0.173, 2.2671)
(4.1889, 1.2004, 3.6678)
(3.7082, 0.6982, 2.6985)
(4.4921, 1.1442, 4.3002)
(3.9129, 1.1014, 3.1715)
(1.5093, -2.2427, 0.8218)
(2.0316, -1.928, 1.1454)
(2.4674, -1.5185, 1.4854)
(4.567, 1.371, 4.5169)
(2.7927, -1.0327, 1.8492)
(4.0223, 1.2774, 3.7067)
(3.089, -0.5369, 2.2335)
(3.3682, -0.0361, 2.6289)
(4.2348, 1.3933, 4.2556)
(3.6422, 0.4636, 3.0304)
(4.4503, 1.6225, 4.6018)
(3.9308, 0.9294, 3.3972)
(1.3135, -2.4643, 1.3383)
(1.8468, -2.177, 1.6745)
(2.3949, -1.8025, 1.9679)
(4.2232, 1.3102, 3.6427)
(2.8679, -1.3426, 2.2449)
(3.2755, -0.8546, 2.5402)
(4.3768, 1.6591, 4.0526)
(3.636, -0.3469, 2.8548)
(1.1547, -2.6338, 1.7541)
(4.4891, 1.9799, 4.3879)
(3.9637, 0.1764, 3.181)
(4.2433, 0.6823, 3.5428)
(2.2383, -1.9475, 2.516)
(1.5519, -2.409, 2.271)
(4.4639, 1.1207, 3.9277)
(2.7984, -1.5384, 2.7708)
(3.3116, -1.1148, 3.0312)
(4.7649, 1.5641, 4.1899)
(3.7727, -0.6532, 3.2968)
(4.9465, 1.9678, 4.3543)
(4.1663, -0.145, 3.5796)
(4.4735, 0.3865, 3.9251)
(1.6843, -2.3029, 2.8676)
(2.1278, -2.0167, 3.0792)
(4.7563, 0.8571, 4.3062)
(2.6526, -1.6464, 3.3314)
(3.1837, -1.2466, 3.5907)
(5.081, 1.314, 4.5709)
(3.7, -0.828, 3.8485)
(5.3654, 1.6935, 4.646)
(4.1861, -0.3678, 4.1171)
(4.6213, 0.1564, 4.4204)
(1.5782, -2.2585, 3.3875)
(1.9238, -1.9752, 3.5815)
(5.0569, 0.6006, 4.6851)
(2.4177, -1.6228, 3.8358)
(2.9456, -1.2392, 4.0983)
(5.4427, 1.0228, 4.8883)
(3.4771, -0.8532, 4.361)
(1.5149, -2.1162, 3.695)
(5.731, 1.3832, 5.0096)
(4.0104, -0.454, 4.6334)
(1.6535, -1.9012, 3.914)
(2.1847, -1.5365, 4.1856)
(4.5424, -0.0061, 4.9015)
(2.7142, -1.1721, 4.4563)
(5.0766, 0.3769, 5.133)
(3.2416, -0.7966, 4.712)
(3.7845, -0.4768, 5.0016)
(5.5308, 0.7357, 5.3156)
(4.2725, -0.0329, 5.2208)
(5.8473, 1.047, 5.4074)
(4.8315, 0.3206, 5.4581)
(5.687, 0.8011, 5.5947)
(5.3868, 0.6615, 5.7241)
(-0.8236, 5.0885, -1.5082)
(-0.169, 5.0233, -1.3142)
(0.4569, 4.9504, -1.1181)
(1.0721, 5.1607, -1.1809)
(1.6326, 5.4127, -1.371)
(-0.8355, 4.8271, -1.2504)
(-0.1949, 4.965, -1.0625)
(2.0499, 5.2935, -1.7856)
(0.4609, 5.0558, -0.905)
(2.2735, 5.0701, -2.0705)
(1.1229, 5.1348, -0.8911)
(1.7203, 5.1243, -1.1088)
(2.11, 4.9302, -1.5576)
(2.3192, 4.7432, -1.9853)
(-0.6862, 4.3344, -1.2721)
(-0.0579, 4.5395, -1.1455)
(0.5472, 4.6624, -0.9134)
(1.1837, 4.6858, -0.7471)
(1.81, 4.6558, -0.8329)
(2.2406, 4.4811, -1.2346)
(2.4681, 4.2743, -1.6165)
(-0.5161, 3.8473, -1.1994)
(0.0552, 4.0951, -0.99)
(0.534, 4.2238, -0.687)
(1.1295, 4.1678, -0.5543)
(1.7409, 4.1619, -0.6771)
(2.2278, 4.0335, -1.0266)
(2.5774, 3.7739, -1.283)
(-0.6132, 3.6558, -0.774)
(-0.0853, 3.8933, -0.6422)
(0.4538, 3.7728, -0.6218)
(0.9909, 3.6386, -0.5586)
(1.4636, 3.8033, -0.812)
(1.9049, 3.7567, -1.1558)
(2.1063, 3.7929, -1.666)
(-0.8861, 3.6477, -0.3471)
(-0.2881, 3.6091, -0.3425)
(0.3285, 3.3721, -0.4042)
(0.8643, 3.1636, -0.3947)
(1.3178, 3.3275, -0.6569)
(1.7692, 3.3145, -0.9878)
(2.0451, 3.2654, -1.3567)
(-0.9468, 3.4665, 0.1662)
(-0.2829, 3.4737, 0.1687)
(0.3532, 3.304, 0.1071)
(0.8415, 2.993, 0.0477)
(1.2608, 2.8821, -0.278)
(1.728, 2.7944, -0.5843)
(1.9216, 2.617, -0.9219)
(-0.9192, 3.0973, 0.6294)
(-0.2348, 3.1736, 0.6636)
(0.4401, 3.1638, 0.628)
(1.0172, 3.0207, 0.5123)
(1.447, 2.7483, 0.2258)
(1.903, 2.5446, -0.067)
(2.1848, 2.349, -0.3563)
(-0.876, 2.6066, 0.9762)
(-0.1943, 2.7022, 1.0332)
(0.4881, 2.744, 1.0226)
(1.1185, 2.7069, 0.9409)
(1.6495, 2.5176, 0.7258)
(2.1073, 2.2672, 0.4468)
(2.4255, 2.0398, 0.1884)
(-0.8358, 2.0878, 1.2889)
(-0.1554, 2.1725, 1.3262)
(0.528, 2.214, 1.3094)
(1.179, 2.2221, 1.2789)
(1.7818, 2.1423, 1.1621)
(2.2942, 1.9471, 0.9387)
(2.6559, 1.7397, 0.7185)
(-0.8015, 1.5576, 1.5772)
(-0.1183, 1.6089, 1.5451)
(0.5682, 1.6442, 1.5097)
(1.2355, 1.6818, 1.5267)
(1.878, 1.6865, 1.5188)
(2.4605, 1.6039, 1.4087)
(2.8808, 1.4458, 1.2501)
(-0.767, 1.0078, 1.8227)
(-0.0847, 1.0471, 1.7547)
(0.5999, 1.1051, 1.7479)
(1.2809, 1.1628, 1.7961)
(1.9478, 1.2211, 1.8544)
(2.5785, 1.2599, 1.8808)
(3.0788, 1.1849, 1.8248)
(-0.7334, 0.473, 2.0917)
(-0.0654, 0.5786, 2.1057)
(0.5948, 0.7274, 2.1932)
(1.2747, 0.808, 2.2619)
(1.9512, 0.9017, 2.3423)
(2.6127, 1.0311, 2.4375)
(3.3515, 1.0786, 2.5295)
(-0.692, -0.004, 2.4495)
(-0.0721, 0.2166, 2.5769)
(0.5589, 0.4403, 2.7226)
(1.2266, 0.5684, 2.8137)
(3.7086, 1.0905, 3.176)
(1.8953, 0.6919, 2.9058)
(2.5325, 0.9058, 3.0349)
(4.2524, 1.1816, 3.7516)
(3.1533, 1.0936, 3.2218)
(4.5728, 1.1092, 4.3519)
(3.6685, 1.229, 3.5913)
(-0.6452, -0.451, 2.855)
(-0.0682, -0.1666, 3.0506)
(0.5314, 0.1182, 3.2344)
(4.7967, 1.2404, 4.5182)
(1.1674, 0.3351, 3.367)
(4.1715, 1.1361, 4.0885)
(1.8085, 0.5272, 3.4832)
(2.4106, 0.8043, 3.6335)
(4.6328, 1.2507, 4.4675)
(3.0013, 1.0548, 3.8287)
(4.9613, 1.5131, 4.6234)
(3.511, 1.325, 4.1199)
(-0.593, -0.9008, 3.2213)
(-0.0333, -0.6284, 3.4681)
(0.544, -0.2814, 3.6967)
(4.0677, 1.3681, 4.5068)
(1.1372, 0.0441, 3.8854)
(1.7318, 0.3435, 4.0438)
(4.5344, 1.5367, 4.7338)
(2.3141, 0.6498, 4.2147)
(-0.5083, -1.3066, 3.444)
(4.849, 1.9468, 4.8371)
(2.8749, 0.9425, 4.4358)
(3.4163, 1.2219, 4.713)
(0.685, -0.7542, 4.042)
(0.071, -1.2672, 3.769)
(3.9735, 1.4449, 5.0132)
(1.2431, -0.3681, 4.2865)
(1.8057, -0.0112, 4.4948)
(4.4515, 1.6838, 5.2146)
(2.3547, 0.3433, 4.7074)
(4.8104, 2.0755, 5.384)
(2.8767, 0.697, 4.9762)
(3.4559, 0.9647, 5.2745)
(0.588, -1.5169, 3.9696)
(1.007, -1.2049, 4.186)
(3.9798, 1.2365, 5.5497)
(1.5209, -0.8441, 4.4485)
(2.0596, -0.4806, 4.7057)
(4.4681, 1.5497, 5.809)
(2.5972, -0.1115, 4.9497)
(4.7989, 1.9054, 5.9915)
(3.1395, 0.2449, 5.2085)
(3.7007, 0.5124, 5.5453)
(0.9985, -1.8555, 3.9523)
(1.3806, -1.5963, 4.1067)
(4.1792, 0.8346, 5.84)
(1.8782, -1.2599, 4.3615)
(2.4047, -0.9078, 4.6419)
(4.6682, 1.1927, 6.1452)
(2.9329, -0.5451, 4.8967)
(1.3147, -1.9803, 3.8867)
(4.9936, 1.504, 6.3317)
(3.4668, -0.1922, 5.1241)
(1.6392, -1.8981, 3.9282)
(2.166, -1.5327, 4.1961)
(3.9965, 0.1089, 5.4113)
(2.6946, -1.1721, 4.4683)
(4.5198, 0.4702, 5.6824)
(3.2188, -0.7897, 4.7164)
(3.7616, -0.4678, 5.0005)
(5.0167, 0.8248, 6.0015)
(4.257, -0.0285, 5.1946)
(5.3098, 1.0673, 6.263)
(4.7652, 0.3127, 5.429)
(5.3978, 0.7649, 6.0907)
(5.3742, 0.6643, 5.7491)
(1.8343, 2.8354, -5.3627)
(1.3337, 2.804, -5.2337)
(0.8522, 2.8622, -4.8162)
(0.2222, 2.8454, -4.7505)
(-0.4363, 2.8078, -4.9175)
(-1.1193, 2.8287, -4.9649)
(1.8949, 2.4284, -5.1758)
(1.3532, 2.3795, -5.1187)
(0.8387, 2.4361, -4.7315)
(-1.756, 2.8812, -4.8518)
(0.2112, 2.4399, -4.5889)
(-2.1278, 2.8927, -4.6503)
(-0.445, 2.4266, -4.7098)
(-1.12, 2.4331, -4.7813)
(-1.7432, 2.4986, -4.6448)
(-2.1849, 2.6316, -4.4364)
(1.9649, 1.9263, -4.9037)
(1.3763, 1.8459, -4.9295)
(0.7856, 1.8951, -4.6144)
(0.1771, 1.9303, -4.3456)
(-0.4348, 1.9684, -4.3946)
(-1.0971, 1.9267, -4.522)
(-1.7174, 1.9832, -4.4007)
(-2.1473, 2.0762, -4.1742)
(2.0166, 1.4092, -4.5909)
(1.4189, 1.2972, -4.6909)
(0.816, 1.3484, -4.4323)
(0.2273, 1.3919, -4.1419)
(-0.3434, 1.4666, -4.1446)
(-1.0185, 1.4448, -4.2211)
(-1.6446, 1.5704, -4.1494)
(-2.081, 1.5462, -3.8824)
(2.0303, 0.924, -4.2375)
(1.424, 0.773, -4.4526)
(0.7943, 0.7981, -4.3937)
(0.2638, 0.8583, -4.0743)
(-0.2819, 1.0606, -3.8859)
(-0.8729, 1.2171, -3.774)
(-1.403, 1.6068, -3.8076)
(-1.7762, 2.1048, -3.8473)
(1.9818, 0.4983, -3.812)
(1.3534, 0.3549, -4.0479)
(0.6865, 0.3342, -4.1664)
(0.0438, 0.4313, -4.1249)
(-0.5204, 0.6777, -3.9278)
(-0.9054, 0.9034, -3.5754)
(-1.2739, 1.2861, -3.4931)
(-1.5961, 1.6864, -3.5147)
(1.9199, 0.1007, -3.3572)
(1.2811, -0.0248, -3.5832)
(0.6164, -0.0763, -3.7575)
(-0.0494, -0.0402, -3.8653)
(-0.6617, 0.1388, -3.8148)
(-1.1187, 0.4244, -3.5467)
(-1.3762, 0.8061, -3.1862)
(-1.5368, 1.1028, -2.9038)
(1.8451, -0.2791, -2.8877)
(1.208, -0.4075, -3.1187)
(0.5541, -0.4859, -3.3187)
(-0.103, -0.4897, -3.4623)
(-0.7234, -0.3643, -3.4629)
(-1.2303, -0.1067, -3.2577)
(-1.5403, 0.2381, -2.8887)
(-1.8096, 0.5035, -2.6395)
(1.7565, -0.6492, -2.412)
(1.1318, -0.8031, -2.6649)
(0.4937, -0.9166, -2.8973)
(-0.156, -0.9406, -3.0567)
(-0.7746, -0.8264, -3.0536)
(-1.3106, -0.5968, -2.8757)
(-1.725, -0.2986, -2.5856)
(-2.0582, -0.0566, -2.3735)
(1.6688, -1.0286, -1.9451)
(1.0656, -1.2265, -2.2366)
(0.4448, -1.3783, -2.5074)
(-0.2089, -1.4044, -2.6678)
(-0.8385, -1.2769, -2.6466)
(-1.4132, -1.0623, -2.4934)
(-1.9179, -0.8092, -2.2804)
(-2.3019, -0.6005, -2.1097)
(1.6081, -1.4427, -1.5094)
(1.0185, -1.685, -1.8443)
(0.4063, -1.8808, -2.1628)
(-0.2675, -1.909, -2.3316)
(-0.9285, -1.7501, -2.2878)
(-1.5508, -1.5352, -2.1513)
(-2.1227, -1.3118, -1.988)
(-2.5512, -1.1297, -1.8423)
(1.5445, -1.8401, -1.0802)
(0.9515, -2.1042, -1.431)
(0.3397, -2.3421, -1.7784)
(-0.3414, -2.4209, -2.0057)
(-1.0459, -2.2652, -2.0052)
(-1.7144, -2.0357, -1.8798)
(-2.3425, -1.8161, -1.7256)
(-2.8288, -1.6482, -1.5696)
(1.366, -2.0793, -0.5726)
(0.7841, -2.3472, -0.9162)
(0.1944, -2.6047, -1.2606)
(-0.4416, -2.7723, -1.5433)
(-1.1481, -2.687, -1.6201)
(-1.8471, -2.5044, -1.5683)
(-2.5326, -2.3237, -1.4832)
(-3.3077, -2.1535, -1.3328)
(1.1606, -2.289, -0.0399)
(0.5954, -2.5522, -0.375)
(0.0313, -2.805, -0.7098)
(-0.5636, -2.9793, -0.9978)
(-1.2245, -2.9485, -1.1349)
(-3.8918, -2.638, -1.2225)
(-1.9064, -2.8931, -1.2042)
(-2.5839, -2.832, -1.3037)
(-4.4189, -3.1661, -1.0966)
(-3.2385, -2.7679, -1.4765)
(-5.0907, -3.3464, -1.1393)
(0.9542, -2.5119, 0.4966)
(-3.8902, -2.8069, -1.5228)
(0.3959, -2.7704, 0.1657)
(-0.1564, -3.0277, -0.1715)
(-0.7183, -3.2579, -0.5123)
(-5.255, -3.1053, -1.0529)
(-1.3193, -3.3641, -0.8215)
(-4.4928, -2.9348, -1.3237)
(-1.9486, -3.394, -1.0935)
(-2.5924, -3.3693, -1.3433)
(-5.0266, -3.0685, -1.0801)
(-3.237, -3.3203, -1.5945)
(-5.448, -3.005, -0.9844)
(-3.8977, -3.2625, -1.7451)
(0.7642, -2.7251, 1.0019)
(0.1994, -2.9801, 0.6886)
(-0.3773, -3.2105, 0.3857)
(-0.9673, -3.4204, 0.0122)
(-4.55, -3.1797, -1.672)
(-1.5546, -3.6024, -0.3679)
(-2.1456, -3.7348, -0.7275)
(-5.1305, -3.0897, -1.4664)
(-2.7509, -3.8002, -1.0704)
(0.6354, -2.8833, 1.3552)
(0.0507, -3.1688, 1.1015)
(-5.5914, -2.9801, -1.3556)
(-3.3685, -3.8087, -1.3973)
(-4.0011, -3.7793, -1.6668)
(-1.2551, -3.5554, 0.5337)
(-0.5772, -3.4261, 1.0389)
(-4.6521, -3.702, -1.7598)
(-1.8567, -3.7044, 0.1413)
(-2.4421, -3.8655, -0.2299)
(-5.2694, -3.5566, -1.6788)
(-3.0278, -4.0017, -0.5931)
(-5.7409, -3.4348, -1.5793)
(-3.6294, -4.0651, -0.9466)
(-4.2431, -4.0829, -1.281)
(-1.1114, -3.6399, 1.2746)
(-1.5877, -3.7351, 0.982)
(-4.8226, -4.1753, -1.5717)
(-2.1651, -3.8478, 0.6324)
(-2.7545, -3.9858, 0.2714)
(-5.4191, -4.126, -1.6643)
(-3.3343, -4.1468, -0.0929)
(-5.8938, -4.0207, -1.6769)
(-3.9222, -4.2796, -0.4613)
(-4.5378, -4.3275, -0.8273)
(-1.4894, -3.7182, 1.6454)
(-1.9101, -3.8075, 1.4175)
(-5.0956, -4.4504, -1.1841)
(-2.4635, -3.9458, 1.0976)
(-3.0488, -4.0878, 0.7461)
(-5.6223, -4.5964, -1.4552)
(-3.6295, -4.245, 0.3878)
(-1.7859, -3.6872, 1.8206)
(-6.0625, -4.5747, -1.6312)
(-4.21, -4.4011, 0.0189)
(-2.1186, -3.7073, 1.7774)
(-2.6978, -3.914, 1.4532)
(-4.7937, -4.4885, -0.3805)
(-3.275, -4.105, 1.113)
(-5.338, -4.6439, -0.7514)
(-3.8528, -4.2761, 0.7577)
(-4.4261, -4.4928, 0.4193)
(-5.8551, -4.8361, -1.0456)
(-4.9468, -4.3854, -0.0267)
(-6.2463, -4.9075, -1.2876)
(-5.4991, -4.5982, -0.3863)
(-6.2557, -4.923, -0.9534)
(-6.1107, -4.7746, -0.6804)
(-1.4521, 4.9489, -1.737)
(-1.9964, 4.6581, -2.0425)
(-2.4567, 4.3106, -2.4238)
(-2.8594, 3.9385, -2.8421)
(-3.126, 3.5531, -3.3315)
(-3.0852, 3.2021, -3.874)
(-1.4414, 4.6035, -1.4648)
(-1.9888, 4.3176, -1.7609)
(-2.4433, 3.9717, -2.1449)
(-2.7045, 3.024, -4.3351)
(-2.8103, 3.5868, -2.5822)
(-2.3687, 2.8941, -4.5616)
(-3.0479, 3.1989, -3.0824)
(-2.9709, 2.8552, -3.629)
(-2.5857, 2.6806, -4.0944)
(-2.2009, 2.6302, -4.4231)
(-1.3167, 4.0959, -1.3286)
(-1.9193, 3.8416, -1.4922)
(-2.4028, 3.516, -1.8081)
(-2.7064, 3.1319, -2.2633)
(-2.8811, 2.7795, -2.7842)
(-2.8046, 2.4192, -3.3125)
(-2.4792, 2.2038, -3.8011)
(-2.1615, 2.0758, -4.1586)
(-1.1288, 3.5786, -1.3127)
(-1.7463, 3.3062, -1.3928)
(-2.2801, 3.0086, -1.5404)
(-2.4603, 2.6934, -2.0045)
(-2.465, 2.5497, -2.557)
(-2.5003, 2.1611, -3.0107)
(-2.3304, 1.8639, -3.5146)
(-2.0966, 1.5465, -3.8685)
(-1.1187, 3.2604, -0.9793)
(-1.6315, 2.8762, -1.1662)
(-2.0561, 2.5536, -1.333)
(-2.0893, 2.3804, -1.8233)
(-2.0223, 2.4445, -2.3078)
(-2.1129, 2.2436, -2.806)
(-2.0259, 2.0032, -3.3293)
(-1.746, 2.0345, -3.7572)
(-1.3833, 3.2968, -0.5306)
(-1.7325, 2.8024, -0.7406)
(-1.7798, 2.3971, -1.0133)
(-1.7945, 2.3496, -1.5097)
(-1.8174, 2.1396, -1.9646)
(-1.9008, 1.9298, -2.4661)
(-1.824, 1.7127, -2.9829)
(-1.6128, 1.6197, -3.3948)
(-1.4903, 3.1838, 0.0065)
(-1.6679, 2.6853, -0.2448)
(-1.5374, 2.349, -0.6492)
(-1.7084, 2.1219, -1.1195)
(-1.7656, 1.791, -1.5986)
(-1.8238, 1.504, -2.0823)
(-1.7584, 1.2336, -2.5692)
(-1.5605, 1.0681, -2.9466)
(-1.4763, 2.8739, 0.479)
(-1.5998, 2.4088, 0.1601)
(-1.5976, 2.0018, -0.3366)
(-1.7603, 1.6592, -0.8599)
(-1.9903, 1.3644, -1.3493)
(-2.1127, 1.0645, -1.8493)
(-2.0142, 0.7373, -2.3151)
(-1.8261, 0.4982, -2.6621)
(-1.4863, 2.4152, 0.788)
(-1.8605, 2.083, 0.4199)
(-1.9571, 1.6539, -0.0713)
(-2.0109, 1.2262, -0.5833)
(-2.1594, 0.877, -1.089)
(-2.3138, 0.5661, -1.5851)
(-2.2471, 0.2221, -2.0455)
(-2.0767, -0.0518, -2.382)
(-1.462, 1.9069, 1.0947)
(-1.9519, 1.6249, 0.7311)
(-2.2119, 1.2472, 0.2426)
(-2.3278, 0.838, -0.2858)
(-2.4204, 0.4477, -0.8)
(-2.4922, 0.073, -1.2967)
(-2.4458, -0.2961, -1.7634)
(-2.3203, -0.5914, -2.1076)
(-1.4399, 1.4085, 1.4359)
(-1.9309, 1.1286, 1.0744)
(-2.2239, 0.7615, 0.5791)
(-2.3942, 0.3659, 0.0423)
(-2.5214, -0.03, -0.4842)
(-2.6093, -0.4249, -0.9948)
(-2.6319, -0.8073, -1.4755)
(-2.5698, -1.1241, -1.8335)
(-1.4186, 0.9074, 1.7728)
(-1.8975, 0.6364, 1.4269)
(-2.1334, 0.2634, 0.9121)
(-2.2891, -0.1308, 0.365)
(-2.4661, -0.527, -0.1656)
(-2.6566, -0.9186, -0.6769)
(-2.8233, -1.2925, -1.1648)
(-2.8647, -1.639, -1.5446)
(-1.3851, 0.398, 2.0988)
(-1.8634, 0.144, 1.7797)
(-2.0635, -0.2259, 1.2579)
(-2.2564, -0.6021, 0.7195)
(-2.5103, -0.9819, 0.2045)
(-2.7902, -1.3509, -0.3002)
(-3.1033, -1.6839, -0.7954)
(-3.3762, -2.152, -1.302)
(-1.3379, -0.1095, 2.4312)
(-1.8453, -0.345, 2.1353)
(-2.1098, -0.6779, 1.6326)
(-2.4359, -0.9855, 1.1247)
(-2.7502, -1.3325, 0.6222)
(-3.9295, -2.6212, -1.2167)
(-3.0513, -1.6898, 0.124)
(-3.4486, -1.9485, -0.36)
(-4.4833, -3.2657, -1.0385)
(-3.8739, -2.2385, -0.7758)
(-5.1537, -3.4464, -1.15)
(-1.2758, -0.6204, 2.754)
(-4.3185, -2.6846, -0.9595)
(-1.8345, -0.8348, 2.4727)
(-2.263, -1.0831, 2.0261)
(-2.6825, -1.3372, 1.5442)
(-5.0668, -3.2907, -1.5166)
(-3.0506, -1.6388, 1.0497)
(-4.7859, -3.141, -0.9747)
(-3.3792, -1.9704, 0.5563)
(-3.8112, -2.1806, 0.085)
(-5.0972, -3.3246, -1.1572)
(-4.295, -2.3358, -0.314)
(-5.1222, -3.0673, -1.4621)
(-4.7195, -2.7128, -0.5707)
(-1.1782, -1.1248, 2.9923)
(-1.7344, -1.36, 2.6976)
(-2.2555, -1.5929, 2.3434)
(-2.7909, -1.7916, 1.9155)
(-5.201, -3.0961, -0.795)
(-3.2742, -2.0097, 1.4502)
(-3.6973, -2.2607, 0.9693)
(-5.5747, -3.2659, -1.0999)
(-4.1544, -2.4643, 0.5035)
(-1.0801, -1.4935, 3.1196)
(-1.6101, -1.8, 2.8239)
(-5.6234, -2.9406, -1.3137)
(-4.673, -2.6194, 0.0977)
(-5.1666, -2.9186, -0.2216)
(-2.7434, -2.3518, 2.1243)
(-2.0368, -2.2311, 2.5771)
(-5.6316, -3.1669, -0.5159)
(-3.3167, -2.5227, 1.7136)
(-3.8412, -2.7144, 1.2848)
(-6.0989, -3.2932, -0.8733)
(-4.3497, -2.9061, 0.8417)
(-6.2316, -3.0748, -1.1816)
(-4.8951, -3.0887, 0.4239)
(-5.482, -3.3121, 0.0627)
(-2.1533, -2.7939, 2.4147)
(-2.6219, -2.9198, 2.1215)
(-6.033, -3.5009, -0.2703)
(-3.1788, -3.0863, 1.7643)
(-3.7429, -3.271, 1.3917)
(-6.513, -3.5596, -0.5857)
(-4.2993, -3.4646, 1.0187)
(-6.6653, -3.4965, -0.9453)
(-4.869, -3.6623, 0.657)
(-5.4682, -3.8189, 0.2709)
(-2.0175, -3.2754, 2.2424)
(-2.4002, -3.3985, 1.9637)
(-6.061, -3.9696, -0.0605)
(-2.935, -3.5748, 1.6313)
(-3.5102, -3.7708, 1.2951)
(-6.5767, -4.0224, -0.3486)
(-4.0881, -3.9771, 0.9727)
(-1.9693, -3.543, 2.0313)
(-6.9056, -3.9773, -0.6155)
(-4.645, -4.1675, 0.6382)
(-2.1382, -3.7019, 1.7869)
(-2.7176, -3.9104, 1.4636)
(-5.1444, -4.2243, 0.1886)
(-3.2937, -4.1047, 1.125)
(-5.7588, -4.3612, -0.1584)
(-3.8664, -4.2787, 0.7728)
(-4.4375, -4.488, 0.4489)
(-6.3385, -4.4668, -0.3896)
(-4.915, -4.3566, -0.039)
(-6.7758, -4.4528, -0.4713)
(-5.4393, -4.576, -0.4236)
(-6.4677, -4.6329, -0.5402)
(-6.1335, -4.7561, -0.6562)
(5.7943, 0.9085, 5.5231)
(4.519, 1.4798, 4.5952)
(4.4198, 1.8172, 4.5081)
(4.6918, 2.0254, 4.3264)
(5.167, 1.8449, 4.4758)
(5.5642, 1.5413, 4.8207)
(5.8277, 1.2122, 5.2213)
(1.8633, 2.641, -5.2769)
(1.9302, 2.1859, -5.0488)
(1.9942, 1.6656, -4.7506)
(2.0307, 1.1601, -4.4222)
(2.0111, 0.7051, -4.0318)
(1.9515, 0.2972, -3.5866)
(1.8845, -0.0911, -3.1239)
(1.802, -0.4645, -2.6499)
(1.7108, -0.8358, -2.1758)
(1.6343, -1.2313, -1.723)
(1.5856, -1.6553, -1.3006)
(1.4662, -1.9743, -0.8345)
(1.2631, -2.1823, -0.3068)
(1.0574, -2.3993, 0.2276)
(0.8533, -2.6236, 0.763)
(0.6941, -2.8094, 1.1929)
(2.0183, 2.5439, -4.9797)
(2.1307, 2.0539, -4.709)
(2.2167, 1.5464, -4.397)
(2.2771, 1.0612, -4.0581)
(2.2604, 0.617, -3.6544)
(2.2157, 0.201, -3.2163)
(2.1468, -0.1849, -2.7519)
(2.0568, -0.5509, -2.2731)
(1.9641, -0.917, -1.7959)
(1.901, -1.3149, -1.3453)
(1.8397, -1.7046, -0.9076)
(1.6562, -1.9436, -0.4015)
(1.4437, -2.1551, 0.1269)
(1.2334, -2.3801, 0.66)
(1.0419, -2.5954, 1.1681)
(0.9044, -2.7553, 1.5383)
(1.9192, 2.9351, -5.1689)
(1.8894, 3.1658, -4.5492)
(2.1624, 3.2972, -4.0898)
(2.627, 3.4817, -3.6951)
(2.7113, 3.9045, -3.2511)
(2.5525, 4.4259, -2.8382)
(2.4113, 4.8184, -2.4568)
(5.5451, 0.7235, 5.6594)
(5.1092, 0.4911, 5.5911)
(4.552, 0.1439, 5.3394)
(4.0285, -0.2548, 5.1112)
(3.513, -0.6367, 4.8568)
(2.9779, -0.9844, 4.5842)
(2.4494, -1.3543, 4.321)
(1.9191, -1.7189, 4.0498)
(1.5669, -2.0131, 3.8083)
(2.3704, 4.5379, -2.1487)
(2.491, 4.1447, -2.5351)
(2.57, 3.6452, -2.9802)
(2.4472, 3.1919, -3.4536)
(2.0977, 2.9274, -3.9023)
(1.9625, 2.7725, -4.3945)
(2.3545, 4.1205, -1.7778)
(2.3021, 3.8036, -2.1956)
(2.269, 3.3699, -2.7072)
(2.1322, 2.9015, -3.1652)
(1.9935, 2.5173, -3.6419)
(2.074, 2.2832, -4.1709)
(2.349, 3.72, -1.5296)
(2.3037, 3.4508, -1.9094)
(2.3576, 3.0486, -2.3712)
(2.2394, 2.5732, -2.7821)
(2.1923, 2.1694, -3.2824)
(2.2929, 1.8529, -3.8674)
(2.183, 3.5459, -1.731)
(2.2383, 3.1343, -1.9687)
(2.4403, 2.6485, -2.1573)
(2.5766, 2.2117, -2.4988)
(2.5748, 1.8215, -3.0494)
(2.5501, 1.4225, -3.5972)
(2.1056, 3.0892, -1.4685)
(2.226, 2.6856, -1.6666)
(2.4711, 2.1779, -1.8461)
(2.694, 1.7622, -2.1913)
(2.7642, 1.3729, -2.7425)
(2.6594, 0.9624, -3.2521)
(2.0632, 2.5556, -0.998)
(2.3751, 2.2368, -1.2523)
(2.5736, 1.7794, -1.5181)
(2.6593, 1.3197, -1.8811)
(2.7944, 0.9141, -2.3873)
(2.6813, 0.5125, -2.8546)
(2.2631, 2.1974, -0.4756)
(2.5248, 1.8524, -0.782)
(2.7776, 1.4352, -1.1402)
(2.9143, 0.9908, -1.5399)
(2.9123, 0.523, -1.9921)
(2.6584, 0.1025, -2.4155)
(2.4899, 1.8767, 0.0447)
(2.676, 1.5045, -0.2848)
(2.8741, 1.0708, -0.6805)
(2.9834, 0.6198, -1.0992)
(2.9095, 0.1415, -1.5395)
(2.5868, -0.2726, -1.946)
(2.7026, 1.5653, 0.5623)
(2.8148, 1.1712, 0.2136)
(2.91, 0.7073, -0.2046)
(2.959, 0.2353, -0.6383)
(2.8696, -0.2471, -1.0803)
(2.5134, -0.6446, -1.4734)
(2.9096, 1.2687, 1.0803)
(2.9763, 0.8547, 0.7049)
(3.031, 0.359, 0.2618)
(3.0562, -0.1516, -0.1918)
(2.9087, -0.6508, -0.6352)
(2.4757, -1.0366, -1.0154)
(3.1167, 0.9994, 1.6113)
(3.1613, 0.5509, 1.1835)
(3.1998, 0.0204, 0.7144)
(3.1802, -0.5372, 0.2508)
(2.9364, -1.049, -0.1842)
(2.4308, -1.4204, -0.562)
(4.5493, 1.2601, 4.4129)
(4.3405, 1.1723, 3.984)
(3.948, 1.1515, 3.3994)
(3.5324, 1.0756, 2.7949)
(3.3666, 0.7529, 2.133)
(3.3251, 0.2192, 1.6395)
(3.2704, -0.3305, 1.1759)
(3.1353, -0.8811, 0.7235)
(2.7797, -1.3392, 0.3087)
(2.2359, -1.6655, -0.0566)
(4.3457, 1.4963, 4.449)
(4.1179, 1.3276, 3.9961)
(3.9672, 1.2119, 3.4299)
(3.8199, 0.9252, 2.9285)
(3.6051, 0.4423, 2.4792)
(3.4092, -0.0975, 2.0586)
(3.1839, -0.6207, 1.6382)
(2.906, -1.1125, 1.2117)
(2.517, -1.5411, 0.814)
(2.0041, -1.8757, 0.4613)
(4.4333, 1.822, 4.233)
(4.3142, 1.4876, 3.8375)
(4.0872, 1.1278, 3.5144)
(3.7823, 0.7053, 3.2301)
(3.5049, 0.215, 2.8285)
(3.2304, -0.2872, 2.4304)
(2.9425, -0.7848, 2.0393)
(2.6391, -1.2805, 1.6643)
(2.2639, -1.7357, 1.3126)
(1.7776, -2.0947, 0.9827)
(4.8702, 1.7705, 4.2785)
(4.6157, 1.3436, 4.0762)
(4.3487, 0.9052, 3.7419)
(4.1138, 0.4366, 3.3554)
(3.8036, -0.0862, 3.0155)
(3.4606, -0.6033, 2.6959)
(3.0784, -1.1007, 2.3896)
(2.6421, -1.5795, 2.1057)
(2.1242, -2.0024, 1.8261)
(1.5786, -2.328, 1.5098)
(5.2284, 1.5116, 4.6242)
(4.9181, 1.0909, 4.4623)
(4.6112, 0.6264, 4.1195)
(4.3285, 0.1246, 3.7434)
(3.98, -0.4052, 3.4331)
(3.5491, -0.8897, 3.1634)
(3.0615, -1.3296, 2.9003)
(2.5223, -1.7449, 2.643)
(1.9428, -2.15, 2.3892)
(1.3779, -2.5127, 1.9987)
(5.5952, 1.2094, 4.9559)
(5.2612, 0.816, 4.7967)
(4.8401, 0.3865, 4.5597)
(4.4066, -0.1038, 4.2685)
(3.9493, -0.6076, 3.9786)
(3.444, -1.0401, 3.7197)
(2.92, -1.4483, 3.4614)
(2.3835, -1.8398, 3.2017)
(1.8982, -2.1676, 2.9695)
(5.7007, 0.896, 5.3696)
(5.3204, 0.5601, 5.2342)
(4.8129, 0.1925, 5.0221)
(4.2753, -0.2287, 4.7703)
(3.7441, -0.6598, 4.4962)
(3.2108, -1.0458, 4.2288)
(2.6817, -1.4323, 3.9678)
(2.1572, -1.8065, 3.7035)
(1.737, -2.123, 3.4786)
(1.6457, -2.2845, 3.1498)
(2.0358, -2.0083, 3.3469)
(2.5419, -1.6488, 3.5995)
(3.0711, -1.2565, 3.8602)
(3.5984, -0.8554, 4.1203)
(4.1159, -0.4259, 4.39)
(4.6125, 0.0625, 4.6747)
(5.1088, 0.4742, 4.9122)
(5.5304, 0.8654, 5.0971)
(1.6555, -2.3403, 2.5669)
(2.1838, -1.9922, 2.7994)
(2.7335, -1.6051, 3.0526)
(3.2637, -1.1984, 3.3109)
(3.759, -0.7606, 3.5694)
(4.1997, -0.2737, 3.8423)
(4.5646, 0.2625, 4.1675)
(4.9242, 0.7285, 4.4878)
(5.2721, 1.1737, 4.7272)
(1.2309, -2.5541, 1.556)
(1.7378, -2.2772, 1.9474)
(2.3216, -1.8922, 2.2353)
(2.8562, -1.4576, 2.4941)
(3.3256, -1.0006, 2.7641)
(3.7385, -0.5108, 3.0471)
(4.0952, 0.0118, 3.3456)
(4.3747, 0.5331, 3.7042)
(4.5999, 0.9897, 4.1194)
(4.9239, 1.4458, 4.3773)
(1.407, -2.3577, 1.0885)
(1.9373, -2.0549, 1.4081)
(2.4248, -1.6621, 1.7212)
(2.813, -1.1821, 2.0387)
(3.1557, -0.6843, 2.3787)
(3.4704, -0.1794, 2.7377)
(3.7718, 0.329, 3.1053)
(4.0664, 0.8136, 3.463)
(4.3444, 1.2377, 3.748)
(4.5666, 1.653, 4.0686)
(1.6163, -2.1289, 0.5563)
(2.1455, -1.8184, 0.8882)
(2.5797, -1.4178, 1.2485)
(2.8976, -0.944, 1.6459)
(3.1764, -0.4478, 2.0558)
(3.427, 0.0675, 2.4633)
(3.6688, 0.5815, 2.8757)
(3.9087, 1.0321, 3.2833)
(4.0955, 1.3152, 3.6551)
(4.2565, 1.5474, 4.1491)
(1.8357, -1.9108, 0.0317)
(2.3963, -1.6189, 0.378)
(2.8755, -1.2473, 0.7582)
(3.1633, -0.7577, 1.1887)
(3.3359, -0.2261, 1.6313)
(3.4644, 0.3206, 2.077)
(3.6031, 0.8342, 2.5673)
(3.8443, 1.1199, 3.1218)
(4.0601, 1.2298, 3.7113)
(4.3214, 1.2737, 4.2797)
(2.0541, -1.6996, -0.4889)
(2.6289, -1.3971, -0.1338)
(3.0718, -0.9834, 0.2635)
(3.2335, -0.4359, 0.7114)
(3.2496, 0.1203, 1.1782)
(3.2367, 0.6454, 1.6526)
(3.2223, 1.1079, 2.1227)
(2.1745, -1.3851, -0.9624)
(2.729, -1.069, -0.6122)
(3.0732, -0.6123, -0.1984)
(3.1335, -0.0744, 0.2584)
(3.0968, 0.4497, 0.7183)
(3.0407, 0.9353, 1.1582)
(2.9828, 1.2996, 1.5096)
(2.2156, -0.9816, -1.4072)
(2.7204, -0.6621, -1.0607)
(2.9682, -0.2053, -0.6371)
(2.9807, 0.289, -0.1897)
(2.9281, 0.7715, 0.2478)
(2.8493, 1.2299, 0.6551)
(2.7639, 1.5781, 0.9691)
(2.2915, -0.6082, -1.8786)
(2.7514, -0.2723, -1.5189)
(2.9503, 0.1878, -1.0874)
(2.9399, 0.6608, -0.652)
(2.8212, 1.1119, -0.236)
(2.6691, 1.5436, 0.1482)
(2.5289, 1.876, 0.4426)
(2.3831, -0.2463, -2.3591)
(2.8132, 0.1071, -1.9854)
(2.9784, 0.5739, -1.548)
(2.9335, 1.0399, -1.1175)
(2.7246, 1.4658, -0.7234)
(2.4833, 1.8706, -0.3617)
(2.2842, 2.1855, -0.0825)
(2.4547, 0.1338, -2.8269)
(2.8159, 0.4994, -2.4283)
(2.8236, 0.9317, -1.9563)
(2.7238, 1.3735, -1.5107)
(2.595, 1.8335, -1.1849)
(2.2879, 2.2135, -0.87)
(2.012, 2.4895, -0.6241)
(2.489, 0.5502, -3.2634)
(2.7772, 0.9362, -2.8251)
(2.7224, 1.3334, -2.299)
(2.5872, 1.7365, -1.8204)
(2.4079, 2.2119, -1.5794)
(2.1703, 2.6616, -1.3434)
(1.9693, 2.9216, -1.1554)
(2.4866, 0.998, -3.6639)
(2.6899, 1.4037, -3.1811)
(2.6904, 1.8027, -2.6251)
(2.6068, 2.1953, -2.1329)
(2.2959, 2.6563, -1.9417)
(2.1753, 3.166, -1.7631)
(2.0911, 3.5028, -1.5529)
(2.3905, 1.4658, -3.9977)
(2.4135, 1.8218, -3.4505)
(2.3818, 2.1952, -2.8798)
(2.4361, 2.6235, -2.4267)
(2.3526, 3.0927, -2.1067)
(2.2413, 3.4795, -1.7746)
(2.3448, 3.7798, -1.5)
(2.2343, 1.9436, -4.2962)
(2.0781, 2.1795, -3.7384)
(2.0773, 2.5266, -3.1967)
(2.1984, 2.9742, -2.7595)
(2.3196, 3.4409, -2.2816)
(2.2766, 3.7683, -1.7743)
(2.5194, 4.0116, -1.4655)
(2.092, 2.4392, -4.5796)
(1.9517, 2.6107, -4.0281)
(2.1668, 2.8676, -3.5596)
(2.3439, 3.266, -3.0843)
(2.4198, 3.7585, -2.6169)
(2.3533, 4.174, -2.1486)
(2.3881, 4.4969, -1.8161)
(1.9647, 2.8773, -4.7862)
(1.9569, 3.056, -4.2053)
(2.3803, 3.2003, -3.8072)
(2.6549, 3.5301, -3.3326)
(2.6196, 4.0403, -2.904)
(2.4567, 4.5102, -2.4839)
(2.3346, 4.8479, -2.1517)
(1.5249, -2.2012, 3.5628)
(1.8105, -1.9315, 3.7665)
(2.2986, -1.5827, 4.0247)
(2.8268, -1.208, 4.29)
(3.3584, -0.8329, 4.5532)
(3.8952, -0.4623, 4.8277)
(4.4245, -0.0366, 5.0777)
(4.973, 0.3321, 5.3112)
(5.4619, 0.6658, 5.5046)
(5.3818, 0.891, 6.1899)
(4.9075, 1.3483, 4.573)
(4.9196, 1.7391, 4.6963)
(4.8196, 2.0571, 5.0785)
(4.793, 2.0241, 5.7022)
(4.8658, 1.7232, 6.2135)
(5.1623, 1.278, 6.3291)
(-1.4558, 4.7916, -1.5926)
(-1.3946, 4.3645, -1.3706)
(-1.2179, 3.8272, -1.3371)
(-1.0846, 3.3741, -1.1801)
(-1.243, 3.263, -0.7643)
(-1.4644, 3.2713, -0.2668)
(-1.4856, 3.0503, 0.2623)
(-1.4808, 2.6576, 0.6455)
(-1.4777, 2.1618, 0.9358)
(-1.4496, 1.6565, 1.2634)
(-1.4302, 1.1592, 1.6062)
(-1.4037, 0.6531, 1.936)
(-1.3627, 0.1436, 2.2638)
(-1.3106, -0.3625, 2.598)
(-1.2297, -0.8832, 2.8879)
(-1.1284, -1.3226, 3.0649)
(-1.144, 4.725, -1.3507)
(-1.0025, 4.2167, -1.2975)
(-0.8213, 3.7135, -1.2635)
(-0.8671, 3.4637, -0.8731)
(-1.1475, 3.5103, -0.4247)
(-1.2486, 3.3641, 0.1014)
(-1.2386, 3.0161, 0.5719)
(-1.1998, 2.5268, 0.903)
(-1.1597, 2.0103, 1.214)
(-1.1322, 1.4991, 1.5347)
(-1.1042, 0.9743, 1.8282)
(-1.0688, 0.4461, 2.1169)
(-1.0183, -0.0573, 2.45)
(-0.9589, -0.5416, 2.808)
(-0.8847, -1.0142, 3.1095)
(-0.7982, -1.3861, 3.2785)
(-1.1456, 5.0442, -1.6138)
(-0.4948, 5.0751, -1.415)
(0.1467, 4.9643, -1.1976)
(0.7668, 5.0232, -1.1238)
(1.3648, 5.317, -1.2528)
(1.8633, 5.3881, -1.5648)
(2.1873, 5.1898, -1.9695)
(5.3905, 0.6983, 5.936)
(5.0697, 0.4885, 5.589)
(4.5111, 0.1421, 5.3118)
(4.0093, -0.2482, 5.0976)
(3.4902, -0.6287, 4.8585)
(2.9567, -0.9809, 4.5923)
(2.4303, -1.3524, 4.3322)
(1.9026, -1.7154, 4.0621)
(1.4743, -1.9537, 3.897)
(2.2349, 4.8256, -1.7678)
(1.9421, 5.0411, -1.3227)
(1.4401, 5.1508, -0.9651)
(0.7932, 5.0989, -0.874)
(0.1314, 5.0126, -0.9737)
(-0.5181, 4.9055, -1.1553)
(2.3675, 4.3756, -1.4363)
(2.0561, 4.5822, -1.0142)
(1.5097, 4.6841, -0.7467)
(0.8603, 4.6818, -0.8101)
(0.2445, 4.6143, -1.0342)
(-0.3694, 4.4441, -1.2247)
(2.3826, 3.9403, -1.2065)
(2.0111, 4.1128, -0.836)
(1.4421, 4.1663, -0.5821)
(0.8181, 4.2017, -0.5901)
(0.2926, 4.1848, -0.8347)
(-0.2176, 3.9779, -1.1116)
(2.0509, 3.7299, -1.3577)
(1.698, 3.8037, -0.9801)
(1.2314, 3.7153, -0.6527)
(0.7279, 3.672, -0.5721)
(0.1826, 3.8667, -0.6343)
(-0.3517, 3.8131, -0.6911)
(1.9219, 3.2798, -1.1615)
(1.556, 3.3472, -0.8218)
(1.0923, 3.2301, -0.4975)
(0.6102, 3.2304, -0.3854)
(0.0249, 3.5055, -0.3828)
(-0.5963, 3.6703, -0.323)
(1.8742, 2.7338, -0.7406)
(1.5052, 2.8433, -0.4379)
(1.0458, 2.917, -0.0956)
(0.6157, 3.1419, 0.0982)
(0.0481, 3.4137, 0.1341)
(-0.6193, 3.4966, 0.1854)
(2.0618, 2.4464, -0.2122)
(1.6833, 2.6387, 0.0766)
(1.2362, 2.8869, 0.3816)
(0.7493, 3.1131, 0.5889)
(0.1081, 3.1812, 0.6523)
(-0.5792, 3.1466, 0.6578)
(2.2786, 2.151, 0.3139)
(1.8928, 2.3926, 0.5876)
(1.3937, 2.6281, 0.848)
(0.8144, 2.7415, 0.9956)
(0.1497, 2.7294, 1.0345)
(-0.5379, 2.6629, 1.0165)
(2.4878, 1.8424, 0.8261)
(2.0556, 2.0531, 1.057)
(1.4877, 2.1975, 1.2357)
(0.8586, 2.2248, 1.2993)
(0.1885, 2.1965, 1.3194)
(-0.4989, 2.1392, 1.3213)
(2.684, 1.5321, 1.334)
(2.1859, 1.6567, 1.4742)
(1.5598, 1.6923, 1.5329)
(0.9049, 1.664, 1.5147)
(0.2261, 1.6259, 1.5209)
(-0.4619, 1.5901, 1.5723)
(2.8448, 1.2414, 1.8671)
(2.2744, 1.2486, 1.8747)
(1.6159, 1.1916, 1.8266)
(0.9417, 1.1345, 1.7681)
(0.2574, 1.0742, 1.7413)
(-0.426, 1.0277, 1.7889)
(4.6828, 1.1669, 4.4417)
(4.4126, 1.1454, 4.0517)
(3.9805, 1.136, 3.4638)
(3.53, 1.0846, 2.8527)
(2.9496, 1.0705, 2.483)
(2.2827, 0.9687, 2.3899)
(1.615, 0.8482, 2.2991)
(0.933, 0.7737, 2.2295)
(0.2635, 0.6564, 2.1473)
(-0.3975, 0.5153, 2.0849)
(4.8091, 1.3742, 4.5641)
(4.4156, 1.161, 4.3057)
(3.9194, 1.1864, 3.8383)
(3.4198, 1.1861, 3.3817)
(2.8517, 1.0019, 3.1131)
(2.2153, 0.7946, 2.9662)
(1.5642, 0.6209, 2.8561)
(0.8895, 0.5136, 2.7725)
(0.2389, 0.3381, 2.6561)
(-0.3787, 0.0929, 2.4973)
(4.704, 1.7226, 4.793)
(4.321, 1.4194, 4.6439)
(3.788, 1.3601, 4.3178)
(3.2577, 1.2066, 3.9571)
(2.7138, 0.9268, 3.7234)
(2.1115, 0.6628, 3.5532)
(1.4915, 0.424, 3.4235)
(0.846, 0.2353, 3.3056)
(0.2259, -0.0173, 3.1498)
(-0.3528, -0.3198, 2.9424)
(4.6407, 1.8652, 5.2998)
(4.2281, 1.5507, 5.1245)
(3.6972, 1.3394, 4.8694)
(3.1445, 1.0869, 4.5672)
(2.5981, 0.7974, 4.3182)
(2.0251, 0.4969, 4.1247)
(1.4353, 0.1942, 3.9661)
(0.8396, -0.1133, 3.7961)
(0.2521, -0.4586, 3.587)
(-0.3118, -0.7748, 3.3429)
(4.6489, 1.7242, 5.9077)
(4.2368, 1.3872, 5.6857)
(3.7233, 1.0961, 5.414)
(3.1658, 0.838, 5.126)
(2.6118, 0.5271, 4.8348)
(2.085, 0.164, 4.5964)
(1.5245, -0.187, 4.3938)
(0.9622, -0.5577, 4.1684)
(0.4076, -0.9633, 3.9102)
(-0.2154, -1.2571, 3.6126)
(4.8482, 1.3534, 6.2511)
(4.433, 1.0159, 5.9991)
(3.9429, 0.6636, 5.6944)
(3.4264, 0.382, 5.3752)
(2.8644, 0.0758, 5.0704)
(2.3291, -0.2978, 4.8292)
(1.7901, -0.6617, 4.5792)
(1.255, -1.0283, 4.314)
(0.7886, -1.3657, 4.0731)
(5.183, 0.9566, 6.1396)
(4.7852, 0.6579, 5.8416)
(4.2566, 0.2821, 5.5446)
(3.7332, -0.0421, 5.2651)
(3.1995, -0.3623, 5.0066)
(2.6682, -0.728, 4.775)
(2.1415, -1.0842, 4.5028)
(1.6186, -1.4349, 4.2244)
(1.1787, -1.7333, 4.0202)
(0.8079, -1.6974, 3.9815)
(1.199, -1.4142, 4.1655)
(1.7012, -1.0681, 4.4263)
(2.232, -0.7114, 4.6998)
(2.7646, -0.3456, 4.9511)
(3.3059, 0.0081, 5.1896)
(3.8507, 0.2847, 5.5105)
(4.3475, 0.6312, 5.7979)
(4.8403, 0.9945, 6.1134)
(0.3408, -1.3612, 3.8947)
(0.8285, -0.9846, 4.144)
(1.3634, -0.6052, 4.4022)
(1.9132, -0.2403, 4.6365)
(2.4544, 0.1266, 4.8675)
(2.9841, 0.4872, 5.1393)
(3.5598, 0.7529, 5.4625)
(4.0535, 1.0473, 5.7484)
(4.542, 1.3879, 6.0348)
(-0.5538, -1.1083, 3.3459)
(0.0158, -0.8922, 3.6318)
(0.5923, -0.5145, 3.8893)
(1.1684, -0.148, 4.1087)
(1.7451, 0.1883, 4.2914)
(2.3104, 0.5187, 4.482)
(2.8472, 0.8448, 4.7293)
(3.4123, 1.1166, 5.012)
(3.9573, 1.3737, 5.291)
(4.4422, 1.6518, 5.5177)
(-0.6218, -0.6785, 3.0525)
(-0.0585, -0.3881, 3.2713)
(0.5281, -0.0704, 3.4751)
(1.1422, 0.202, 3.6343)
(1.7603, 0.4485, 3.7699)
(2.3529, 0.7404, 3.9286)
(2.9308, 1.0096, 4.1328)
(3.4504, 1.2967, 4.4119)
(4.0138, 1.4422, 4.7495)
(4.4833, 1.6426, 4.9469)
(-0.6686, -0.2277, 2.6504)
(-0.0724, 0.0336, 2.8177)
(0.5427, 0.2875, 2.9828)
(1.197, 0.4552, 3.0923)
(1.855, 0.606, 3.1941)
(2.4727, 0.8565, 3.335)
(3.0777, 1.0828, 3.5246)
(3.5928, 1.293, 3.8433)
(4.1245, 1.2411, 4.2857)
(4.5966, 1.3872, 4.5806)
(-0.7138, 0.2276, 2.2604)
(-0.0676, 0.3914, 2.3339)
(0.5782, 0.5814, 2.4561)
(1.2539, 0.6812, 2.5344)
(1.9287, 0.788, 2.6202)
(2.5834, 0.9603, 2.7345)
(3.2276, 1.0886, 2.9133)
(3.7112, 1.1636, 3.3701)
(4.2023, 1.1198, 3.9151)
(4.6133, 1.1729, 4.3773)
(-0.7506, 0.735, 1.9486)
(-0.0717, 0.7971, 1.9098)
(0.6026, 0.8967, 1.9485)
(1.2848, 0.9643, 2.0076)
(1.9585, 1.0421, 2.0805)
(2.6095, 1.1289, 2.1494)
(3.2152, 1.1318, 2.1772)
(-0.7842, 1.2839, 1.7026)
(-0.1007, 1.3222, 1.6406)
(0.5869, 1.3609, 1.6098)
(1.2623, 1.4092, 1.6445)
(1.9187, 1.444, 1.6764)
(2.5274, 1.4245, 1.6383)
(2.9798, 1.3154, 1.5375)
(-0.8184, 1.8251, 1.4382)
(-0.1366, 1.894, 1.4436)
(0.5482, 1.9317, 1.4157)
(1.2074, 1.956, 1.4102)
(1.8325, 1.922, 1.3501)
(2.3814, 1.779, 1.1765)
(2.7683, 1.5927, 0.9843)
(-0.855, 2.3481, 1.1342)
(-0.1747, 2.4419, 1.1886)
(0.5077, 2.4857, 1.1788)
(1.1497, 2.4742, 1.1231)
(1.7228, 2.3431, 0.9535)
(2.2025, 2.1097, 0.6954)
(2.5407, 1.8897, 0.4534)
(-0.8982, 2.8609, 0.8128)
(-0.2142, 2.9509, 0.8614)
(0.4683, 2.9806, 0.841)
(1.0805, 2.9059, 0.7341)
(1.5567, 2.6568, 0.4817)
(2.0084, 2.417, 0.1932)
(2.3052, 2.1944, -0.0839)
(-0.9362, 3.3016, 0.4126)
(-0.2573, 3.3531, 0.431)
(0.398, 3.2663, 0.3801)
(0.9207, 3.0209, 0.2842)
(1.3329, 2.797, -0.034)
(1.7962, 2.649, -0.3319)
(2.0532, 2.483, -0.6391)
(-0.9422, 3.5856, -0.0973)
(-0.3055, 3.5363, -0.1063)
(0.3225, 3.3133, -0.1702)
(0.8281, 3.0333, -0.1929)
(1.2674, 3.0732, -0.4873)
(1.7302, 3.0344, -0.8057)
(1.9834, 2.9412, -1.1393)
(-0.7563, 3.6535, -0.5614)
(-0.2023, 3.7481, -0.5028)
(0.3836, 3.5413, -0.5526)
(0.9218, 3.3782, -0.5161)
(1.3747, 3.582, -0.778)
(1.8135, 3.5642, -1.1179)
(2.0757, 3.5291, -1.5113)
(-0.5259, 3.7121, -1.0093)
(0.0128, 3.9869, -0.8163)
(0.503, 4.0041, -0.6415)
(1.0644, 3.9055, -0.5466)
(1.6055, 3.9803, -0.7431)
(2.0735, 3.8919, -1.0866)
(2.3419, 3.7834, -1.4745)
(-0.5832, 4.067, -1.2772)
(0.0215, 4.2896, -1.1106)
(0.5537, 4.437, -0.8087)
(1.1726, 4.4246, -0.6397)
(1.8072, 4.3944, -0.7172)
(2.2752, 4.2393, -1.0877)
(2.5227, 4.0241, -1.4498)
(-0.7789, 4.6025, -1.2405)
(-0.1413, 4.7868, -1.0939)
(0.5051, 4.8994, -0.9158)
(1.1601, 4.9468, -0.8171)
(1.7726, 4.9089, -0.9698)
(2.174, 4.7163, -1.4025)
(2.3936, 4.5088, -1.8009)
(-0.8437, 4.9795, -1.3513)
(-0.1974, 5.0285, -1.1499)
(0.4483, 5.052, -0.9817)
(1.094, 5.1885, -1.0184)
(1.6737, 5.2848, -1.2419)
(2.0716, 5.119, -1.6813)
(2.3095, 4.9166, -2.0591)
(1.1617, -1.9505, 3.9118)
(1.5321, -1.742, 4.0331)
(2.0303, -1.409, 4.2818)
(2.5564, -1.0535, 4.559)
(3.0831, -0.6882, 4.815)
(3.6151, -0.3383, 5.0551)
(4.1311, 0.0108, 5.3045)
(4.6599, 0.3732, 5.5596)
(5.1671, 0.7091, 5.8787)
(2.0598, 3.2364, -1.382)
(2.1071, 3.7955, -1.6822)
(2.3192, 4.7376, -1.994)
(4.5325, 1.1267, 4.326)
(4.2207, 1.191, 3.7097)
(3.3546, 1.0636, 2.4941)
(3.0829, 1.1761, 1.8057)
(3.7078, 1.0966, 3.1535)
(2.4171, 2.0339, 0.1841)
(2.1723, 2.3461, -0.3505)
(5.3805, 0.6629, 5.7366)
(2.5796, 3.7676, -1.2924)
(4.7984, 0.3167, 5.4435)
(4.2647, -0.0307, 5.2077)
(3.773, -0.4723, 5.0011)
(3.2302, -0.7931, 4.7142)
(2.8798, 1.4389, 1.2414)
(2.7044, -1.1721, 4.4623)
(2.1754, -1.5346, 4.1908)
(1.8929, 2.6264, -0.9127)
(1.6464, -1.8997, 3.9211)
(2.4625, 4.2681, -1.623)
(2.6525, 1.7319, 0.712)
(-6.2764, -4.9481, -1.1096)
(-5.3536, -3.0487, -0.979)
(-5.5237, -2.954, -1.1451)
(-5.6642, -3.1601, -1.497)
(-5.8174, -3.7267, -1.6376)
(-5.9728, -4.312, -1.6877)
(-6.1642, -4.7798, -1.4808)
(1.6457, 2.3775, -5.2171)
(1.6918, 1.8588, -4.9753)
(1.7345, 1.3251, -4.6922)
(1.7398, 0.824, -4.3727)
(1.6764, 0.4108, -3.943)
(1.6058, 0.0272, -3.478)
(1.5302, -0.351, -3.0083)
(1.4466, -0.7314, -2.5412)
(1.3687, -1.1312, -2.0915)
(1.3141, -1.566, -1.6755)
(1.2485, -1.9727, -1.2539)
(1.0752, -2.2138, -0.7439)
(0.8775, -2.4212, -0.2071)
(0.6744, -2.6416, 0.3318)
(0.4832, -2.8545, 0.8413)
(0.3514, -3.0251, 1.2091)
(1.6099, 2.7958, -5.3732)
(1.0946, 2.8354, -5.013)
(0.5533, 2.8633, -4.7325)
(-0.1068, 2.8224, -4.8303)
(-0.7751, 2.8117, -4.9643)
(-1.4568, 2.8517, -4.9245)
(-1.9847, 2.91, -4.7566)
(-6.1936, -4.858, -0.813)
(-5.8049, -4.6864, -0.5334)
(-5.223, -4.4918, -0.2065)
(-4.6864, -4.4391, 0.1963)
(-4.1394, -4.3845, 0.5885)
(-3.5639, -4.1905, 0.9353)
(-2.9864, -4.0095, 1.2831)
(-2.4082, -3.8106, 1.6153)
(-1.9475, -3.6903, 1.8147)
(-1.9791, 2.5478, -4.5404)
(-1.4499, 2.4593, -4.7336)
(-0.7812, 2.4242, -4.7682)
(-0.1161, 2.4327, -4.6347)
(0.5382, 2.4447, -4.6158)
(1.0953, 2.4079, -4.9268)
(-1.9485, 2.0306, -4.2898)
(-1.4261, 1.9422, -4.4896)
(-0.7612, 1.9472, -4.4757)
(-0.1255, 1.9566, -4.3363)
(0.4835, 1.9129, -4.4492)
(1.077, 1.8664, -4.7926)
(-1.8672, 1.6355, -4.0451)
(-1.3548, 1.491, -4.2084)
(-0.6717, 1.4533, -4.1916)
(-0.0513, 1.4366, -4.1127)
(0.518, 1.3678, -4.2628)
(1.1134, 1.3158, -4.5914)
(-1.61, 1.8003, -3.8149)
(-1.1536, 1.3953, -3.7828)
(-0.5768, 1.1261, -3.8155)
(-0.0016, 0.957, -3.9627)
(0.5214, 0.8148, -4.24)
(1.1008, 0.7753, -4.4648)
(-1.4467, 1.4804, -3.4869)
(-1.0894, 1.0816, -3.5055)
(-0.7264, 0.7823, -3.7412)
(-0.2579, 0.5497, -4.0536)
(0.3603, 0.3623, -4.1639)
(1.0204, 0.3311, -4.1254)
(-1.4794, 0.9642, -3.0542)
(-1.2635, 0.6155, -3.36)
(-0.9163, 0.2665, -3.7049)
(-0.3681, 0.0336, -3.866)
(0.2813, -0.0738, -3.8245)
(0.9506, -0.0591, -3.6762)
(-1.6732, 0.3825, -2.7488)
(-1.4022, 0.0662, -3.0739)
(-0.9997, -0.2519, -3.3891)
(-0.4212, -0.4441, -3.485)
(0.2241, -0.501, -3.4026)
(0.8824, -0.4531, -3.2226)
(-1.8967, -0.1699, -2.4698)
(-1.5321, -0.4475, -2.731)
(-1.0564, -0.7247, -2.9859)
(-0.4724, -0.9001, -3.0776)
(0.1683, -0.944, -2.9924)
(0.8146, -0.8668, -2.7854)
(-2.1207, -0.699, -2.1896)
(-1.679, -0.9346, -2.3867)
(-1.1327, -1.1777, -2.5828)
(-0.5298, -1.3562, -2.6783)
(0.1193, -1.4111, -2.6079)
(0.7592, -1.3127, -2.3791)
(-2.3518, -1.2159, -1.9127)
(-1.8504, -1.4209, -2.0696)
(-1.2434, -1.6454, -2.2256)
(-0.6029, -1.8451, -2.3302)
(0.0736, -1.921, -2.2737)
(0.7191, -1.7959, -2.0128)
(-2.6097, -1.7267, -1.6494)
(-2.0389, -1.921, -1.8032)
(-1.3842, -2.1524, -1.9506)
(-0.6957, -2.3642, -2.0302)
(0.0068, -2.4106, -1.917)
(0.6518, -2.2331, -1.6104)
(-5.1687, -3.211, -1.1067)
(-4.7548, -3.2563, -1.118)
(-4.1554, -2.902, -1.1596)
(-3.5998, -2.3958, -1.2777)
(-2.8811, -2.2437, -1.4351)
(-2.1908, -2.4112, -1.5266)
(-1.5004, -2.5989, -1.6031)
(-0.7905, -2.7555, -1.6062)
(-0.1144, -2.7134, -1.4206)
(0.492, -2.479, -1.0896)
(-5.2471, -3.0563, -1.0176)
(-4.7724, -3.017, -1.1901)
(-4.1987, -2.8617, -1.4461)
(-3.5671, -2.7733, -1.5287)
(-2.9123, -2.7933, -1.3904)
(-2.2476, -2.8655, -1.2437)
(-1.5649, -2.9187, -1.1715)
(-0.8879, -2.9805, -1.0828)
(-0.2589, -2.9139, -0.868)
(0.3145, -2.6813, -0.5433)
(-5.3711, -3.0369, -1.3993)
(-4.8546, -3.1362, -1.5687)
(-4.2282, -3.2231, -1.7364)
(-3.5658, -3.2938, -1.6923)
(-2.9136, -3.346, -1.4726)
(-2.27, -3.3869, -1.2183)
(-1.6313, -3.3865, -0.9618)
(-1.014, -3.3253, -0.6718)
(-0.4338, -3.1534, -0.3436)
(0.1194, -2.899, -0.0017)
(-5.5188, -3.4918, -1.6274)
(-4.9745, -3.6322, -1.7312)
(-4.3252, -3.7497, -1.7395)
(-3.6824, -3.7983, -1.5467)
(-3.0582, -3.8102, -1.2366)
(-2.4465, -3.7758, -0.9007)
(-1.8488, -3.6763, -0.5502)
(-1.2613, -3.5161, -0.1802)
(-0.6717, -3.318, 0.2055)
(-0.0871, -3.0984, 0.5422)
(-5.6694, -4.0746, -1.6736)
(-5.1277, -4.168, -1.639)
(-4.5321, -4.1326, -1.4435)
(-3.9393, -4.0676, -1.1148)
(-3.3254, -4.0445, -0.7722)
(-2.7338, -3.9399, -0.412)
(-2.1508, -3.7853, -0.0465)
(-1.5574, -3.627, 0.3358)
(-0.9465, -3.4902, 0.7396)
(-0.2654, -3.3017, 1.0376)
(-5.8507, -4.6024, -1.5505)
(-5.3664, -4.5359, -1.3334)
(-4.8226, -4.3762, -1.0113)
(-4.2324, -4.305, -0.644)
(-3.6241, -4.2237, -0.2772)
(-3.0451, -4.065, 0.09)
(-2.4615, -3.9133, 0.4518)
(-1.8678, -3.7886, 0.8123)
(-1.3398, -3.6863, 1.1337)
(-6.0629, -4.8843, -1.17)
(-5.6071, -4.7478, -0.9077)
(-5.0687, -4.5541, -0.5738)
(-4.5049, -4.4461, -0.1795)
(-3.9185, -4.33, 0.2068)
(-3.3398, -4.1634, 0.5674)
(-2.7565, -4.0167, 0.9231)
(-2.1744, -3.873, 1.2668)
(-1.6873, -3.7579, 1.5399)
(-1.3178, -3.6987, 1.4659)
(-1.7562, -3.7915, 1.2078)
(-2.3198, -3.9116, 0.875)
(-2.9081, -4.0455, 0.5188)
(-3.4883, -4.204, 0.1569)
(-4.0726, -4.3543, -0.2138)
(-4.6766, -4.4302, -0.5975)
(-5.2264, -4.568, -0.9641)
(-5.7411, -4.7549, -1.2604)
(-0.8628, -3.5438, 1.1228)
(-1.4175, -3.6476, 0.762)
(-2.0106, -3.7722, 0.3882)
(-2.5983, -3.9228, 0.0213)
(-3.1798, -4.077, -0.3432)
(-3.7741, -4.1768, -0.7046)
(-4.3898, -4.2079, -1.0556)
(-4.9532, -4.3281, -1.3943)
(-5.5133, -4.3813, -1.5885)
(0.1204, -3.0762, 0.9057)
(-0.4865, -3.3067, 0.6661)
(-1.1066, -3.482, 0.2805)
(-1.7028, -3.6559, -0.1122)
(-2.288, -3.8136, -0.4825)
(-2.881, -3.9205, -0.8418)
(-3.4891, -3.9555, -1.1878)
(-4.1087, -3.9517, -1.4974)
(-4.7245, -3.9614, -1.6959)
(-5.3404, -3.846, -1.6946)
(0.2936, -2.8777, 0.4366)
(-0.2649, -3.1222, 0.1067)
(-0.8337, -3.3539, -0.2561)
(-1.4211, -3.5131, -0.6147)
(-2.0273, -3.5963, -0.9466)
(-2.6508, -3.611, -1.2517)
(-3.2833, -3.5884, -1.5399)
(-3.932, -3.5377, -1.7511)
(-4.5945, -3.427, -1.7573)
(-5.1988, -3.2831, -1.6098)
(0.4973, -2.6606, -0.1054)
(-0.0579, -2.9177, -0.4415)
(-0.6318, -3.119, -0.752)
(-1.2603, -3.1522, -0.9729)
(-1.9172, -3.1415, -1.1454)
(-2.5793, -3.1022, -1.328)
(-3.2267, -3.041, -1.5569)
(-3.8889, -3.0038, -1.6579)
(-4.5181, -3.0041, -1.503)
(-5.0697, -3.0294, -1.2516)
(0.6901, -2.4481, -0.6455)
(0.114, -2.7032, -0.9838)
(-0.5006, -2.876, -1.2688)
(-1.1891, -2.8131, -1.3666)
(-1.8859, -2.6932, -1.3645)
(-2.5745, -2.5745, -1.3659)
(-3.2588, -2.5012, -1.4039)
(-3.8888, -2.699, -1.3737)
(-4.4661, -2.9917, -1.2015)
(-5.0154, -3.1643, -1.0563)
(0.8768, -2.242, -1.1832)
(0.2737, -2.4937, -1.532)
(-0.3882, -2.6228, -1.7933)
(-1.1004, -2.5011, -1.8344)
(-1.7883, -2.2824, -1.7393)
(-2.4496, -2.0705, -1.6045)
(-3.0683, -1.9009, -1.4512)
(0.9945, -1.9114, -1.6474)
(0.3813, -2.1296, -1.9843)
(-0.3017, -2.1743, -2.1775)
(-0.9863, -2.0077, -2.1463)
(-1.6323, -1.7835, -2.011)
(-2.2315, -1.5633, -1.8528)
(-2.69, -1.389, -1.7059)
(1.0403, -1.4531, -2.0378)
(0.4256, -1.6263, -2.3326)
(-0.237, -1.6507, -2.4927)
(-0.8794, -1.5074, -2.4561)
(-1.4773, -1.2957, -2.3136)
(-2.0183, -1.0609, -2.1313)
(-2.4266, -0.8651, -1.976)
(1.0964, -1.0101, -2.4462)
(0.4674, -1.1423, -2.6965)
(-0.1821, -1.1693, -2.8578)
(-0.8041, -1.0514, -2.8478)
(-1.3581, -0.8305, -2.6826)
(-1.8205, -0.5555, -2.4324)
(-2.18, -0.3285, -2.2416)
(1.1696, -0.6029, -2.8898)
(0.523, -0.6981, -3.1052)
(-0.1299, -0.7138, -3.2581)
(-0.7485, -0.598, -3.2594)
(-1.2689, -0.3573, -3.0685)
(-1.6307, -0.0363, -2.7381)
(-1.9339, 0.2235, -2.5065)
(1.2453, -0.215, -3.3501)
(0.5859, -0.2793, -3.5369)
(-0.0753, -0.2682, -3.6684)
(-0.6962, -0.1218, -3.6572)
(-1.1881, 0.1576, -3.432)
(-1.4559, 0.5264, -3.0369)
(-1.6732, 0.8032, -2.7717)
(1.316, 0.1642, -3.8168)
(0.6465, 0.1262, -3.9741)
(-0.0212, 0.1996, -4.0328)
(-0.6109, 0.4185, -3.9079)
(-1.0091, 0.6787, -3.5723)
(-1.3055, 1.0563, -3.3393)
(-1.5664, 1.3946, -3.2092)
(1.3939, 0.5529, -4.2684)
(0.7428, 0.555, -4.312)
(0.1641, 0.6405, -4.1143)
(-0.3845, 0.8824, -3.8899)
(-0.8576, 1.084, -3.6335)
(-1.309, 1.4941, -3.6458)
(-1.6861, 1.8956, -3.681)
(1.4308, 1.0259, -4.583)
(0.8188, 1.0683, -4.4117)
(0.2714, 1.1151, -4.0834)
(-0.2832, 1.2503, -3.992)
(-0.9402, 1.3156, -3.9939)
(-1.5319, 1.5814, -3.9837)
(-1.9286, 1.8255, -3.8648)
(1.3976, 1.5706, -4.8094)
(0.7955, 1.6217, -4.5134)
(0.1901, 1.6635, -4.2323)
(-0.3996, 1.7133, -4.2699)
(-1.0697, 1.6605, -4.3889)
(-1.699, 1.7236, -4.2826)
(-2.1141, 1.8112, -4.0283)
(1.3626, 2.1219, -5.0344)
(0.8077, 2.174, -4.6845)
(0.1904, 2.1945, -4.4719)
(-0.4466, 2.2083, -4.5528)
(-1.1126, 2.1918, -4.6564)
(-1.7311, 2.254, -4.5239)
(-2.1661, 2.3539, -4.3053)
(1.3438, 2.6024, -5.1821)
(0.8519, 2.6607, -4.7741)
(0.2208, 2.6525, -4.6784)
(-0.4408, 2.6232, -4.8269)
(-1.1212, 2.6408, -4.881)
(-1.751, 2.7022, -4.7526)
(-2.1804, 2.7875, -4.5431)
(-1.6389, -3.7052, 1.766)
(-2.0376, -3.7804, 1.5926)
(-2.5867, -3.9405, 1.285)
(-3.1683, -4.1032, 0.9389)
(-3.7477, -4.2685, 0.5843)
(-4.3223, -4.4303, 0.2214)
(-4.8811, -4.4781, -0.1899)
(-5.4284, -4.6422, -0.5584)
(-5.9579, -4.8299, -0.8526)
(-6.6309, -4.5708, -0.4895)
(-5.0513, -3.18, -1.5277)
(-5.3289, -2.9802, -1.3845)
(-5.9393, -2.9675, -1.2521)
(-6.4707, -3.2646, -1.0822)
(-6.8227, -3.7315, -0.7751)
(-6.8805, -4.2376, -0.5114)
(-1.725, 4.4679, -1.6008)
(-1.6261, 3.9738, -1.3916)
(-1.4376, 3.4429, -1.3547)
(-1.3736, 3.0625, -1.0834)
(-1.591, 3.0552, -0.6368)
(-1.6371, 2.9367, -0.104)
(-1.5827, 2.6542, 0.3441)
(-1.7113, 2.2658, 0.625)
(-1.732, 1.7789, 0.9323)
(-1.7094, 1.2832, 1.2787)
(-1.6886, 0.7917, 1.6331)
(-1.6591, 0.2945, 1.9807)
(-1.6237, -0.2062, 2.3236)
(-1.5724, -0.7189, 2.6421)
(-1.4625, -1.2403, 2.8539)
(-1.3511, -1.6321, 2.9678)
(-1.7361, 4.8156, -1.8793)
(-2.2345, 4.4884, -2.2266)
(-2.6675, 4.1268, -2.627)
(-3.0198, 3.747, -3.0765)
(-3.1543, 3.3627, -3.6033)
(-2.9157, 3.0937, -4.1232)
(-2.5152, 2.9683, -4.4914)
(-6.3008, -4.6924, -0.5978)
(-5.7864, -4.6661, -0.5399)
(-5.1772, -4.4663, -0.2313)
(-4.6762, -4.4223, 0.2049)
(-4.152, -4.3833, 0.6108)
(-3.5801, -4.1917, 0.9489)
(-3.0057, -4.0075, 1.2943)
(-2.4279, -3.8061, 1.6253)
(-2.0361, -3.6282, 1.9116)
(-2.3919, 2.6337, -4.2677)
(-2.7958, 2.7492, -3.8795)
(-3.0566, 3.0119, -3.3567)
(-2.9562, 3.3922, -2.8235)
(-2.6374, 3.7816, -2.357)
(-2.2279, 4.1515, -1.9443)
(-2.3132, 2.1364, -3.9906)
(-2.6568, 2.2926, -3.5699)
(-2.8806, 2.5913, -3.049)
(-2.8154, 2.9556, -2.5201)
(-2.5728, 3.3238, -2.0222)
(-2.1825, 3.6898, -1.6309)
(-2.199, 1.7654, -3.7181)
(-2.4413, 1.9878, -3.2653)
(-2.4923, 2.3742, -2.7855)
(-2.4633, 2.6283, -2.2895)
(-2.4119, 2.8328, -1.7394)
(-2.0437, 3.1659, -1.4384)
(-1.9109, 1.9452, -3.54)
(-2.0987, 2.1108, -3.0765)
(-2.066, 2.3748, -2.5491)
(-2.0405, 2.416, -2.0732)
(-2.1138, 2.4323, -1.5527)
(-1.8789, 2.7053, -1.2248)
(-1.7315, 1.6458, -3.1948)
(-1.8856, 1.8159, -2.7336)
(-1.8645, 2.0319, -2.206)
(-1.7986, 2.2638, -1.7421)
(-1.7854, 2.3603, -1.2492)
(-1.7797, 2.5598, -0.8528)
(-1.6857, 1.1393, -2.7776)
(-1.8082, 1.3616, -2.3317)
(-1.7984, 1.6422, -1.8382)
(-1.7514, 1.9621, -1.3591)
(-1.604, 2.2403, -0.8813)
(-1.5935, 2.49, -0.4311)
(-1.9233, 0.6094, -2.4997)
(-2.0857, 0.8961, -2.0941)
(-2.0761, 1.2196, -1.5981)
(-1.8779, 1.5081, -1.1061)
(-1.659, 1.8242, -0.602)
(-1.5889, 2.1921, -0.0742)
(-2.1662, 0.0776, -2.2256)
(-2.3056, 0.3919, -1.827)
(-2.2534, 0.7241, -1.338)
(-2.0734, 1.0417, -0.8373)
(-1.9765, 1.4334, -0.3277)
(-1.9312, 1.8748, 0.1826)
(-2.3883, -0.4507, -1.9471)
(-2.4838, -0.1173, -1.5412)
(-2.4657, 0.2606, -1.0493)
(-2.3735, 0.6396, -0.5457)
(-2.279, 1.0424, -0.0211)
(-2.1084, 1.4447, 0.4973)
(-2.6102, -0.971, -1.6653)
(-2.6308, -0.6221, -1.2465)
(-2.5716, -0.2271, -0.7403)
(-2.4617, 0.1675, -0.2234)
(-2.3182, 0.5648, 0.3117)
(-2.0991, 0.952, 0.837)
(-2.8674, -1.4679, -1.3675)
(-2.7486, -1.1089, -0.9299)
(-2.561, -0.7241, -0.4223)
(-2.3743, -0.329, 0.0967)
(-2.212, 0.0669, 0.6381)
(-2.0379, 0.4564, 1.1801)
(-5.107, -3.3764, -1.3716)
(-4.8185, -3.3561, -1.0942)
(-4.2064, -2.9434, -1.1276)
(-3.6529, -2.3866, -1.2593)
(-3.2448, -1.8799, -1.0335)
(-2.9474, -1.5157, -0.5505)
(-2.6458, -1.1714, -0.0485)
(-2.3786, -0.7913, 0.4596)
(-2.151, -0.4147, 0.9859)
(-1.9837, -0.0352, 1.5297)
(-5.1341, -3.2331, -1.3027)
(-4.9756, -3.2867, -1.041)
(-4.5574, -2.9278, -0.9651)
(-4.0912, -2.4462, -0.9009)
(-3.6605, -2.0777, -0.5871)
(-3.2402, -1.8275, -0.1206)
(-2.8938, -1.5191, 0.3721)
(-2.5994, -1.1522, 0.8735)
(-2.2638, -0.8325, 1.376)
(-1.9887, -0.5098, 1.8944)
(-5.6283, -3.1476, -1.2182)
(-5.4221, -3.2335, -0.9477)
(-4.9564, -2.9159, -0.6746)
(-4.5074, -2.5039, -0.4569)
(-4.0574, -2.2429, -0.1297)
(-3.5808, -2.0944, 0.3159)
(-3.2102, -1.8105, 0.8018)
(-2.876, -1.48, 1.298)
(-2.474, -1.2073, 1.7865)
(-2.0572, -0.9581, 2.2607)
(-6.199, -3.216, -1.0341)
(-5.8892, -3.2633, -0.693)
(-5.3938, -3.0529, -0.3633)
(-4.9269, -2.7602, -0.0712)
(-4.4107, -2.5322, 0.2904)
(-3.9171, -2.3739, 0.7318)
(-3.488, -2.135, 1.2102)
(-3.0422, -1.8953, 1.6858)
(-2.5243, -1.6941, 2.137)
(-1.9951, -1.48, 2.5288)
(-6.6205, -3.5371, -0.7607)
(-6.3019, -3.5487, -0.4258)
(-5.7601, -3.418, -0.1073)
(-5.1892, -3.1976, 0.2378)
(-4.6153, -2.9947, 0.6265)
(-4.094, -2.8123, 1.0632)
(-3.5841, -2.6168, 1.5014)
(-3.0354, -2.4343, 1.9222)
(-2.437, -2.2764, 2.3231)
(-1.8499, -1.9967, 2.6904)
(-6.7579, -4.007, -0.4834)
(-6.3385, -4.0112, -0.2082)
(-5.768, -3.8996, 0.0973)
(-5.1664, -3.7429, 0.4626)
(-4.5807, -3.5668, 0.8398)
(-4.021, -3.366, 1.2036)
(-3.4628, -3.1777, 1.5785)
(-2.8931, -2.9987, 1.9487)
(-2.379, -2.8532, 2.2742)
(-6.5696, -4.4702, -0.4433)
(-6.0647, -4.4278, -0.2915)
(-5.4413, -4.2838, -0.0016)
(-4.8898, -4.1997, 0.4158)
(-4.3753, -4.086, 0.8175)
(-3.7988, -3.8713, 1.1311)
(-3.2223, -3.672, 1.4619)
(-2.6532, -3.4812, 1.8019)
(-2.1946, -3.3321, 2.1083)
(-2.0966, -3.0581, 2.3334)
(-2.5167, -3.1782, 2.0537)
(-3.0606, -3.3484, 1.7115)
(-3.632, -3.5393, 1.3615)
(-4.203, -3.7413, 1.0216)
(-4.7684, -3.9397, 0.6809)
(-5.3175, -4.0473, 0.2613)
(-5.9278, -4.1867, -0.0746)
(-6.4769, -4.2643, -0.3355)
(-2.1383, -2.5066, 2.4902)
(-2.6943, -2.6406, 2.1481)
(-3.2676, -2.8059, 1.7668)
(-3.8186, -2.989, 1.3674)
(-4.3534, -3.1788, 0.956)
(-4.9143, -3.3708, 0.5623)
(-5.5246, -3.5633, 0.1923)
(-6.1024, -3.7319, -0.1423)
(-6.5939, -3.7774, -0.4441)
(-1.6722, -1.5895, 2.7677)
(-2.1919, -1.8779, 2.4522)
(-2.7801, -2.0639, 2.0454)
(-3.32, -2.2516, 1.6054)
(-3.7989, -2.4666, 1.147)
(-4.2794, -2.6647, 0.6873)
(-4.8112, -2.8348, 0.2695)
(-5.3547, -3.0943, -0.0754)
(-5.8568, -3.3042, -0.3916)
(-6.335, -3.3944, -0.7317)
(-1.7935, -1.1009, 2.6011)
(-2.2828, -1.3249, 2.2004)
(-2.7594, -1.5481, 1.7429)
(-3.18, -1.8087, 1.2595)
(-3.5493, -2.1033, 0.7687)
(-3.9919, -2.3081, 0.3003)
(-4.495, -2.4507, -0.0976)
(-4.9451, -2.7894, -0.3851)
(-5.4139, -3.1046, -0.6585)
(-5.8441, -3.258, -1.0044)
(-1.8462, -0.5853, 2.3125)
(-2.1905, -0.8762, 1.8319)
(-2.5657, -1.1561, 1.3355)
(-2.9021, -1.4848, 0.8361)
(-3.2103, -1.8352, 0.3406)
(-3.629, -2.0636, -0.1361)
(-4.0879, -2.2747, -0.5448)
(-4.5129, -2.6882, -0.774)
(-4.9835, -3.1139, -0.8988)
(-5.3015, -3.2917, -1.1414)
(-1.8507, -0.102, 1.9569)
(-2.0669, -0.4603, 1.4408)
(-2.324, -0.8043, 0.9173)
(-2.6118, -1.1688, 0.4098)
(-2.908, -1.5306, -0.0914)
(-3.2713, -1.8273, -0.5828)
(-3.6474, -2.1971, -1.0024)
(-4.1245, -2.6693, -1.097)
(-4.6295, -3.1724, -1.0305)
(-5.0329, -3.3635, -1.1748)
(-1.8799, 0.3904, 1.6033)
(-2.0896, 0.0167, 1.0822)
(-2.25, -0.3743, 0.5358)
(-2.4641, -0.765, 0.0117)
(-2.7067, -1.1458, -0.4965)
(-2.9517, -1.5044, -0.9893)
(-3.1205, -1.8955, -1.4233)
(-1.9144, 0.8821, 1.2501)
(-2.1826, 0.5119, 0.7454)
(-2.3481, 0.1171, 0.2032)
(-2.4979, -0.2798, -0.3278)
(-2.6326, -0.6755, -0.8406)
(-2.7212, -1.0568, -1.3252)
(-2.7173, -1.3815, -1.6891)
(-1.9458, 1.3767, 0.9012)
(-2.2417, 1.01, 0.4107)
(-2.3953, 0.6112, -0.1232)
(-2.4997, 0.2161, -0.6432)
(-2.5629, -0.1746, -1.147)
(-2.5408, -0.5529, -1.6209)
(-2.445, -0.8578, -1.9706)
(-1.935, 1.8672, 0.5666)
(-2.1145, 1.4629, 0.0792)
(-2.1839, 1.0362, -0.4377)
(-2.2891, 0.6602, -0.9482)
(-2.404, 0.3182, -1.4423)
(-2.3477, -0.0375, -1.9044)
(-2.1985, -0.3216, -2.2448)
(-1.7163, 2.2568, 0.296)
(-1.7635, 1.8244, -0.2047)
(-1.8622, 1.4317, -0.7269)
(-2.0749, 1.1183, -1.2242)
(-2.2285, 0.8191, -1.7245)
(-2.1413, 0.4814, -2.186)
(-1.9514, 0.2232, -2.522)
(-1.6004, 2.5582, -0.0221)
(-1.5198, 2.199, -0.4839)
(-1.7141, 1.9026, -0.9796)
(-1.865, 1.5905, -1.4651)
(-1.9478, 1.2905, -1.9559)
(-1.8641, 0.9874, -2.4302)
(-1.6933, 0.7832, -2.8043)
(-1.7255, 2.7665, -0.4912)
(-1.6379, 2.3944, -0.8293)
(-1.7296, 2.2756, -1.3069)
(-1.7605, 1.9686, -1.7723)
(-1.8248, 1.7156, -2.2618)
(-1.7576, 1.4775, -2.7646)
(-1.5866, 1.3439, -3.1707)
(-1.6776, 2.8136, -0.9721)
(-1.9224, 2.438, -1.1871)
(-1.9194, 2.3556, -1.6872)
(-1.896, 2.3116, -2.1471)
(-1.9894, 2.1332, -2.6554)
(-1.9099, 1.9159, -3.1797)
(-1.6794, 1.8271, -3.576)
(-1.6624, 3.054, -1.307)
(-2.1781, 2.7569, -1.4414)
(-2.2798, 2.5027, -1.9175)
(-2.2237, 2.5068, -2.4422)
(-2.2973, 2.2086, -2.9102)
(-2.1824, 1.9293, -3.4248)
(-1.9213, 1.7905, -3.8128)
(-1.8405, 3.5752, -1.4357)
(-2.3544, 3.2652, -1.6608)
(-2.6039, 2.9061, -2.1197)
(-2.6977, 2.6344, -2.664)
(-2.6724, 2.2395, -3.149)
(-2.4227, 1.9743, -3.6455)
(-2.129, 1.8112, -4.0136)
(-1.9668, 4.0946, -1.6102)
(-2.4298, 3.7563, -1.977)
(-2.771, 3.3665, -2.4245)
(-2.9893, 2.9825, -2.9312)
(-2.8999, 2.6389, -3.4775)
(-2.531, 2.4535, -3.954)
(-2.1812, 2.353, -4.2909)
(-1.9961, 4.4998, -1.9055)
(-2.4512, 4.1516, -2.2914)
(-2.8375, 3.7732, -2.719)
(-3.0898, 3.3864, -3.2138)
(-3.0305, 3.0392, -3.7581)
(-2.644, 2.8652, -4.2192)
(-2.2714, 2.7753, -4.5224)
(-1.9669, -3.432, 2.1418)
(-2.29, -3.5689, 1.8705)
(-2.8216, -3.7551, 1.5465)
(-3.3979, -3.9514, 1.2126)
(-3.9754, -4.1492, 0.8847)
(-4.5309, -4.326, 0.5458)
(-5.0165, -4.3331, 0.0875)
(-5.6035, -4.4817, -0.2743)
(-6.208, -4.6093, -0.4889)
(-1.6045, 1.6531, -3.4548)
(-1.7611, 2.0696, -3.8022)
(-2.1929, 2.6309, -4.4298)
(-5.1222, -3.3964, -1.1447)
(-4.4511, -3.2159, -1.0675)
(-3.342, -2.1528, -1.3174)
(-2.8468, -1.6436, -1.5571)
(-3.9106, -2.6296, -1.2196)
(-2.0675, -0.0542, -2.3777)
(-1.8179, 0.5009, -2.6508)
(-6.1221, -4.7654, -0.6683)
(-2.0888, 1.5464, -3.8755)
(-5.4692, -4.5871, -0.405)
(-4.9309, -4.371, -0.0328)
(-4.4318, -4.4904, 0.4341)
(-3.8596, -4.2774, 0.7652)
(-2.5605, -1.1269, -1.8379)
(-3.2844, -4.1048, 1.119)
(-2.7077, -3.9122, 1.4584)
(-1.5486, 1.0855, -2.9252)
(-2.1284, -3.7046, 1.7821)
(-2.1544, 2.076, -4.1664)
(-2.3111, -0.5959, -2.1086)
(1.9667, 2.7489, -5.0815)
(1.9244, 2.9804, -4.4762)
(2.1406, 3.1179, -3.9997)
(2.5601, 3.3359, -3.5758)
(2.6671, 3.7756, -3.1131)
(2.5402, 4.2905, -2.6886)
(2.0755, 2.3079, -4.8534)
(2.0083, 2.5304, -4.2953)
(2.3902, 4.692, -2.3082)
(2.0289, 2.7209, -3.7886)
(2.2715, 3.0495, -3.3228)
(2.4, 3.5113, -2.8521)
(2.389, 3.9811, -2.3732)
(2.3579, 4.341, -1.9684)
(2.1766, 1.7985, -4.5555)
(2.17, 2.0609, -4.0201)
(2.0507, 2.3357, -3.4572)
(2.1283, 2.7412, -2.9718)
(2.2786, 3.217, -2.5324)
(2.2909, 3.6213, -2.0131)
(2.362, 3.8971, -1.6034)
(2.2539, 1.2994, -4.2338)
(2.4306, 1.6419, -3.7333)
(2.3869, 2.0044, -3.1591)
(2.4117, 2.4007, -2.6327)
(2.4134, 2.8607, -2.2608)
(2.2802, 3.2999, -1.9396)
(2.2711, 3.6355, -1.6307)
(2.2763, 0.8345, -3.8632)
(2.623, 1.1942, -3.435)
(2.702, 1.607, -2.9082)
(2.6741, 1.9955, -2.3496)
(2.4542, 2.4129, -2.0131)
(2.2125, 2.9224, -1.8612)
(2.1375, 3.3497, -1.6551)
(2.2402, 0.4055, -3.4386)
(2.6766, 0.7336, -3.0583)
(2.7781, 1.1371, -2.5683)
(2.6572, 1.5288, -2.0357)
(2.5064, 1.9671, -1.6829)
(2.2897, 2.4538, -1.4627)
(2.0665, 2.811, -1.2419)
(2.1844, 0.0046, -2.9869)
(2.6761, 0.3021, -2.64)
(2.8526, 0.7127, -2.1968)
(2.7741, 1.1499, -1.7207)
(2.676, 1.6064, -1.3396)
(2.4524, 2.0376, -1.0239)
(2.1444, 2.3609, -0.7395)
(2.1037, -0.3695, -2.5135)
(2.6265, -0.0875, -2.1829)
(2.9273, 0.3332, -1.7704)
(2.9799, 0.8119, -1.3286)
(2.8423, 1.2554, -0.917)
(2.6008, 1.6758, -0.5345)
(2.3792, 2.0368, -0.2146)
(2.0087, -0.7318, -2.0327)
(2.5472, -0.4572, -1.7087)
(2.8836, -0.0516, -1.3083)
(2.9646, 0.4272, -0.8675)
(2.8889, 0.8874, -0.442)
(2.7455, 1.3362, -0.0351)
(2.5973, 1.7195, 0.3037)
(1.9277, -1.1111, -1.5662)
(2.4895, -0.837, -1.2419)
(2.8805, -0.4465, -0.8564)
(2.9927, 0.0424, -0.4132)
(2.9578, 0.531, 0.0306)
(2.8909, 1.0104, 0.4605)
(2.8065, 1.4147, 0.8209)
(1.8799, -1.5223, -1.1309)
(2.4657, -1.2398, -0.7925)
(2.9376, -0.8575, -0.4134)
(3.1289, -0.3461, 0.0276)
(3.1195, 0.1905, 0.4886)
(3.0697, 0.7037, 0.9461)
(3.0119, 1.1296, 1.343)
(1.7599, -1.8381, -0.6618)
(2.3478, -1.5564, -0.3145)
(2.8799, -1.2088, 0.058)
(3.1831, -0.719, 0.483)
(3.2502, -0.1551, 0.9434)
(3.2435, 0.3897, 1.4159)
(3.2307, 0.8818, 1.8864)
(1.5496, -2.0474, -0.1377)
(2.1199, -1.7704, 0.2026)
(2.6551, -1.4476, 0.5619)
(3.0411, -1.0133, 0.9691)
(3.2584, -0.4943, 1.4102)
(3.403, 0.0463, 1.852)
(3.5256, 0.5915, 2.3128)
(3.7216, 1.0043, 2.8383)
(1.338, -2.2665, 0.3924)
(1.8884, -1.9823, 0.7204)
(2.378, -1.6298, 1.0635)
(2.7486, -1.1864, 1.4438)
(3.9511, 1.1924, 3.4119)
(3.0402, -0.698, 1.8507)
(3.3046, -0.1918, 2.2598)
(4.1884, 1.2427, 4.0152)
(3.5473, 0.3268, 2.6678)
(4.4291, 1.3621, 4.4595)
(3.7925, 0.8237, 3.0862)
(1.1322, -2.4928, 0.9263)
(1.6754, -2.2144, 1.2492)
(2.191, -1.8715, 1.5651)
(4.0083, 1.1904, 3.4597)
(2.629, -1.4286, 1.8781)
(2.988, -0.9336, 2.2057)
(4.1768, 1.4294, 3.9014)
(3.3158, -0.4328, 2.5567)
(3.6221, 0.0752, 2.9201)
(4.3376, 1.6782, 4.3457)
(0.9682, -2.6806, 1.3663)
(3.9201, 0.578, 3.2919)
(1.4815, -2.4239, 1.7564)
(4.2091, 1.0298, 3.607)
(2.0299, -2.0936, 2.1008)
(2.5974, -1.6789, 2.3647)
(3.0985, -1.2321, 2.6271)
(4.4668, 1.448, 3.9085)
(3.5388, -0.7603, 2.9044)
(4.6376, 1.8437, 4.2053)
(3.9247, -0.2529, 3.1925)
(4.2469, 0.2785, 3.5135)
(4.4808, 0.7653, 3.9178)
(1.9204, -2.1677, 2.681)
(2.4571, -1.8033, 2.9242)
(3.0029, -1.4042, 3.1817)
(4.7591, 1.2206, 4.2737)
(3.5163, -0.9843, 3.44)
(5.0565, 1.6515, 4.438)
(3.989, -0.5258, 3.7007)
(4.3876, -0.0032, 4.0005)
(4.7433, 0.502, 4.3325)
(1.8297, -2.1539, 3.243)
(2.2784, -1.8372, 3.4685)
(2.807, -1.4542, 3.7304)
(5.1034, 0.9567, 4.6244)
(3.335, -1.057, 3.9899)
(5.4233, 1.3653, 4.7866)
(3.8598, -0.649, 4.2524)
(4.3648, -0.1799, 4.5343)
(1.6493, -2.073, 3.6601)
(2.0384, -1.7642, 3.8911)
(4.8637, 0.2763, 4.8004)
(2.5627, -1.3964, 4.1582)
(3.0918, -1.019, 4.4205)
(5.3349, 0.6728, 5.0123)
(3.6273, -0.6523, 4.691)
(5.6895, 1.0434, 5.1643)
(4.1585, -0.2494, 4.9557)
(4.6995, 0.154, 5.1959)
(5.2328, 0.5063, 5.4221)
(5.6412, 0.7937, 5.5277)
(5.2995, 0.8114, 6.0384)
(4.7695, 1.2527, 4.4972)
(4.7711, 1.5497, 4.6518)
(4.6619, 1.8309, 5.0153)
(4.6297, 1.829, 5.6129)
(4.721, 1.5569, 6.1353)
(5.0187, 1.1441, 6.2324)
(0.993, -1.5619, 4.0662)
(1.4396, -1.2465, 4.289)
(1.9665, -0.8898, 4.5645)
(2.4979, -0.5303, 4.8301)
(3.0331, -0.1602, 5.0634)
(3.5828, 0.1474, 5.3471)
(4.0999, 0.448, 5.6545)
(4.6057, 0.8193, 5.9595)
(0.5825, -1.1704, 4.0182)
(1.0906, -0.795, 4.2741)
(1.6383, -0.421, 4.5222)
(2.1869, -0.059, 4.7498)
(2.7144, 0.3154, 4.9952)
(3.2753, 0.6262, 5.3012)
(3.8113, 0.8921, 5.6071)
(4.3082, 1.2154, 5.8984)
(-0.8423, -1.21, 3.2057)
(-0.2686, -1.0107, 3.4899)
(0.3052, -0.7108, 3.7652)
(0.8798, -0.3265, 4.0042)
(1.4569, 0.0225, 4.2027)
(2.0316, 0.3528, 4.3817)
(2.5783, 0.6861, 4.5988)
(3.128, 0.986, 4.8683)
(3.6892, 1.2454, 5.1555)
(4.2138, 1.5041, 5.4115)
(-0.9238, -0.786, 2.9733)
(-0.3375, -0.5433, 3.1559)
(0.2299, -0.2268, 3.379)
(0.8329, 0.0727, 3.5597)
(1.4535, 0.3219, 3.7021)
(2.0582, 0.5936, 3.8446)
(2.6483, 0.8734, 4.0237)
(3.1903, 1.1622, 4.26)
(3.7322, 1.3812, 4.5872)
(4.2672, 1.519, 4.8653)
(-0.9899, -0.2994, 2.6298)
(-0.3665, -0.1095, 2.7202)
(0.2295, 0.1701, 2.908)
(0.8663, 0.3809, 3.0423)
(1.5298, 0.5216, 3.1403)
(2.1659, 0.7267, 3.2596)
(2.783, 0.9685, 3.4197)
(3.3405, 1.212, 3.6626)
(3.8572, 1.2763, 4.0653)
(4.3772, 1.2774, 4.4602)
(-1.045, 0.1907, 2.2775)
(-0.388, 0.2965, 2.2809)
(0.2526, 0.4936, 2.3977)
(0.9134, 0.6394, 2.4989)
(1.5939, 0.7262, 2.5737)
(2.2562, 0.8727, 2.6748)
(2.915, 1.0307, 2.8019)
(3.48, 1.1405, 3.1157)
(3.9574, 1.1444, 3.642)
(4.4219, 1.1272, 4.1714)
(-1.0881, 0.7087, 1.9695)
(-0.4103, 0.7607, 1.9217)
(0.2649, 0.847, 1.9221)
(0.9434, 0.9335, 1.977)
(1.6232, 0.9993, 2.0425)
(2.2895, 1.091, 2.1185)
(2.9145, 1.1402, 2.1676)
(-1.1188, 1.2385, 1.6849)
(-0.4436, 1.3073, 1.6783)
(0.2436, 1.3395, 1.6157)
(0.927, 1.3849, 1.6223)
(1.5924, 1.4303, 1.6661)
(2.238, 1.4446, 1.667)
(2.7683, 1.3785, 1.5933)
(-1.145, 1.7552, 1.3757)
(-0.4803, 1.8679, 1.4543)
(0.2076, 1.9141, 1.4272)
(0.8817, 1.9472, 1.4132)
(1.5249, 1.9512, 1.3935)
(2.1245, 1.8612, 1.2725)
(2.5891, 1.6879, 1.0799)
(-1.1786, 2.2678, 1.0564)
(-0.518, 2.4039, 1.1745)
(0.169, 2.4688, 1.1882)
(0.836, 2.4909, 1.1609)
(1.4455, 2.4255, 1.0539)
(1.9794, 2.2314, 0.8281)
(2.3836, 1.9964, 0.5711)
(-1.2208, 2.7821, 0.7488)
(-0.5585, 2.9144, 0.8478)
(0.1303, 2.9738, 0.8589)
(0.7909, 2.9645, 0.8041)
(1.3268, 2.7928, 0.6209)
(1.7934, 2.5317, 0.3369)
(2.1724, 2.3051, 0.0533)
(-1.2498, 3.2112, 0.3534)
(-0.5995, 3.345, 0.4362)
(0.0805, 3.3306, 0.4074)
(0.6801, 3.154, 0.3529)
(1.125, 2.8983, 0.1403)
(1.5734, 2.7189, -0.1887)
(1.9492, 2.5711, -0.482)
(-1.2241, 3.4706, -0.167)
(-0.6311, 3.5961, -0.0817)
(0.0186, 3.4437, -0.1464)
(0.5912, 3.1492, -0.1639)
(1.0447, 3.0324, -0.3159)
(1.511, 3.0709, -0.65)
(1.8803, 2.99, -0.9683)
(-1.0056, 3.4803, -0.6527)
(-0.4873, 3.7454, -0.5091)
(0.0913, 3.6682, -0.5348)
(0.6642, 3.4179, -0.5206)
(1.1517, 3.4701, -0.6157)
(1.6061, 3.6007, -0.9461)
(1.9642, 3.5367, -1.305)
(-0.8043, 3.543, -1.0986)
(-0.2498, 3.8715, -0.9129)
(0.2554, 4.0283, -0.7262)
(0.7783, 3.9417, -0.568)
(1.3401, 3.9405, -0.6126)
(1.8594, 3.9549, -0.9055)
(2.2252, 3.8338, -1.2782)
(-0.9001, 3.948, -1.3106)
(-0.2712, 4.1821, -1.2153)
(0.2868, 4.3818, -0.961)
(0.8514, 4.441, -0.6981)
(1.4993, 4.4168, -0.6394)
(2.0716, 4.3311, -0.8826)
(2.4137, 4.1366, -1.2797)
(-1.0901, 4.4879, -1.2997)
(-0.4619, 4.7031, -1.1734)
(0.1809, 4.8519, -1.0039)
(0.8319, 4.9306, -0.8459)
(1.4829, 4.9454, -0.8525)
(2.0026, 4.8248, -1.1713)
(2.2972, 4.6097, -1.6102)
(-1.1567, 4.9026, -1.4642)
(-0.5219, 5.0174, -1.2496)
(0.1254, 5.0315, -1.0501)
(0.7732, 5.1092, -0.9744)
(1.4005, 5.2621, -1.1014)
(1.8971, 5.2242, -1.4512)
(2.2039, 5.0152, -1.8828)
(1.3359, -1.8578, 3.961)
(1.7705, -1.5849, 4.1466)
(2.2935, -1.2319, 4.4213)
(2.8191, -0.871, 4.6904)
(3.3499, -0.5111, 4.9346)
(3.8739, -0.1648, 5.1793)
(4.3917, 0.1898, 5.4274)
(4.935, 0.5543, 5.7148)
(1.6268, 2.5962, -5.3028)
(1.0986, 2.6329, -4.972)
(0.552, 2.6653, -4.6775)
(-0.1097, 2.635, -4.7449)
(-0.7794, 2.6253, -4.8774)
(-1.4549, 2.6669, -4.8346)
(1.6678, 2.127, -5.1057)
(1.0825, 2.146, -4.8713)
(-1.9861, 2.7442, -4.6518)
(0.5069, 2.1875, -4.5413)
(-0.1261, 2.2048, -4.4869)
(-0.7773, 2.1971, -4.6248)
(-1.4399, 2.2134, -4.6148)
(-1.9652, 2.3015, -4.4169)
(1.7151, 1.5902, -4.836)
(1.0929, 1.5905, -4.6865)
(0.4914, 1.6419, -4.3438)
(-0.1003, 1.6973, -4.2172)
(-0.7267, 1.6872, -4.3442)
(-1.4057, 1.6768, -4.3646)
(-1.9251, 1.7743, -4.1654)
(1.7453, 1.0658, -4.5429)
(1.1178, 1.0387, -4.5357)
(0.5389, 1.0846, -4.2374)
(0.0043, 1.1849, -4.0101)
(-0.6053, 1.2743, -3.9899)
(-1.258, 1.4316, -3.9983)
(-1.7469, 1.7123, -3.9345)
(1.7133, 0.6088, -4.1686)
(1.0638, 0.5414, -4.3224)
(0.4467, 0.5793, -4.2287)
(-0.1169, 0.7579, -4.0082)
(-0.6272, 0.9724, -3.7438)
(-1.0886, 1.2729, -3.6164)
(-1.5062, 1.6964, -3.6658)
(1.6406, 0.2179, -3.7115)
(0.9834, 0.1337, -3.905)
(0.3094, 0.1442, -4.0197)
(-0.3353, 0.2989, -4.0014)
(-0.8311, 0.5378, -3.7474)
(-1.1637, 0.8614, -3.4362)
(-1.4402, 1.2316, -3.2682)
(1.5693, -0.1622, -3.2434)
(0.917, -0.2541, -3.4479)
(0.2536, -0.2874, -3.6144)
(-0.3946, -0.2125, -3.6857)
(-0.9683, 0.001, -3.5749)
(-1.3408, 0.3437, -3.2342)
(-1.5659, 0.6758, -2.8896)
(1.4888, -0.5401, -2.7737)
(0.8477, -0.6569, -3.0013)
(0.1954, -0.7199, -3.1951)
(-0.4467, -0.6727, -3.2813)
(-1.027, -0.4927, -3.1892)
(-1.465, -0.1968, -2.9039)
(-1.7844, 0.1015, -2.6097)
(1.4056, -0.9274, -2.3127)
(0.7847, -1.0846, -2.5768)
(0.143, -1.1731, -2.7947)
(-0.4997, -1.1266, -2.8748)
(-1.091, -0.9518, -2.7822)
(-1.603, -0.6923, -2.5575)
(-2.0086, -0.4361, -2.3296)
(1.3384, -1.3452, -1.8799)
(0.7385, -1.5518, -2.1939)
(0.0969, -1.6614, -2.4365)
(-0.5637, -1.5942, -2.4947)
(-1.1831, -1.4068, -2.3935)
(-1.7613, -1.1766, -2.2223)
(-2.2347, -0.9586, -2.0503)
(1.2906, -1.7846, -1.4722)
(0.6949, -2.0329, -1.824)
(0.0458, -2.1805, -2.1078)
(-0.648, -2.1087, -2.1844)
(-1.313, -1.8972, -2.085)
(-1.945, -1.6694, -1.9318)
(-2.475, -1.4716, -1.7782)
(1.1719, -2.1085, -1.0078)
(0.5798, -2.374, -1.3606)
(-0.0484, -2.5855, -1.6843)
(-0.7431, -2.5869, -1.8395)
(-1.4481, -2.3951, -1.7965)
(-2.1241, -2.1718, -1.674)
(-2.761, -1.9823, -1.5314)
(0.9764, -2.3159, -0.4759)
(0.4039, -2.5783, -0.8155)
(-0.1846, -2.8134, -1.1433)
(-0.839, -2.8661, -1.3391)
(-1.5387, -2.7529, -1.3707)
(-2.2313, -2.634, -1.3595)
(-2.9168, -2.5184, -1.3868)
(-3.5814, -2.5748, -1.4059)
(0.7767, -2.5303, 0.0618)
(0.2198, -2.7905, -0.2737)
(-0.3394, -3.0352, -0.6049)
(-0.9401, -3.1508, -0.8727)
(-4.18, -2.8452, -1.2974)
(-1.5867, -3.1487, -1.0618)
(-2.2498, -3.1261, -1.2302)
(-4.7563, -3.1063, -1.1193)
(-2.9026, -3.0713, -1.4446)
(-5.2011, -3.1285, -1.0122)
(-3.5578, -3.0183, -1.6359)
(0.5733, -2.752, 0.5994)
(0.0147, -3.0004, 0.2746)
(-0.5473, -3.2434, -0.072)
(-4.2107, -2.9977, -1.6082)
(-1.125, -3.4438, -0.438)
(-1.7218, -3.5639, -0.7845)
(-4.8066, -3.0228, -1.3697)
(-2.3375, -3.6105, -1.1014)
(-2.9658, -3.6027, -1.3993)
(-5.3047, -3.0022, -1.1828)
(0.4117, -2.9438, 1.0387)
(-3.6049, -3.5687, -1.6642)
(-0.1798, -3.1984, 0.7915)
(-4.2643, -3.4897, -1.7817)
(-0.7996, -3.3973, 0.4818)
(-1.4071, -3.5688, 0.0815)
(-1.9955, -3.7389, -0.2995)
(-4.9118, -3.355, -1.6894)
(-2.5828, -3.8753, -0.6632)
(-5.4438, -3.219, -1.5471)
(-3.1828, -3.9468, -1.0173)
(-3.7993, -3.9517, -1.3501)
(-4.4143, -3.9648, -1.6194)
(-1.1383, -3.5943, 0.9406)
(-1.7108, -3.7065, 0.5766)
(-2.3064, -3.845, 0.2035)
(-5.0425, -3.9145, -1.7132)
(-2.8889, -4.0024, -0.1607)
(-5.5929, -3.7832, -1.667)
(-3.473, -4.1387, -0.5254)
(-4.0852, -4.1888, -0.8793)
(-4.6743, -4.2626, -1.2352)
(-1.5251, -3.7426, 1.3438)
(-2.0266, -3.8489, 1.0487)
(-2.615, -3.9763, 0.6976)
(-5.2397, -4.3714, -1.5098)
(-3.1991, -4.1218, 0.3386)
(-5.7534, -4.3564, -1.6439)
(-3.7773, -4.287, -0.0268)
(-4.3772, -4.3948, -0.405)
(-1.8252, -3.7349, 1.6915)
(-2.2996, -3.8548, 1.4501)
(-4.9571, -4.4856, -0.7864)
(-2.8776, -4.023, 1.1135)
(-3.4584, -4.1834, 0.7618)
(-5.4921, -4.6712, -1.1231)
(-4.0359, -4.3591, 0.4072)
(-5.9614, -4.7844, -1.3765)
(-4.6041, -4.4547, 0.0172)
(-5.1539, -4.5474, -0.3828)
(-5.708, -4.7413, -0.7129)
(-6.1358, -4.8966, -0.9828)
(-6.4346, -4.603, -0.5055)
(-5.0724, -3.3006, -1.3413)
(-5.3399, -3.1787, -1.2665)
(-5.924, -3.1535, -1.14)
(-6.4369, -3.3489, -0.9066)
(-6.7327, -3.7605, -0.606)
(-6.6912, -4.2594, -0.4307)
(-2.295, -3.1136, 2.1996)
(-2.7773, -3.258, 1.8879)
(-3.3467, -3.4428, 1.5356)
(-3.9172, -3.6377, 1.1889)
(-4.4889, -3.8491, 0.8592)
(-5.0388, -3.9972, 0.4718)
(-5.6194, -4.1154, 0.0808)
(-6.2194, -4.2393, -0.2151)
(-2.4173, -2.57, 2.3206)
(-2.9801, -2.72, 1.9621)
(-3.547, -2.8962, 1.5688)
(-4.0858, -3.0834, 1.1615)
(-4.6271, -3.2747, 0.7562)
(-5.2183, -3.4668, 0.3739)
(-5.8186, -3.6574, 0.0194)
(-6.3734, -3.7708, -0.293)
(-1.4055, -1.4494, 2.918)
(-1.9296, -1.7387, 2.6165)
(-2.4866, -1.9774, 2.2554)
(-3.0587, -2.154, 1.8284)
(-3.564, -2.3575, 1.3778)
(-4.0346, -2.5717, 0.915)
(-4.5394, -2.7437, 0.47)
(-5.0876, -2.9596, 0.0894)
(-5.6041, -3.2103, -0.2328)
(-6.1221, -3.3735, -0.5587)
(-1.522, -0.9887, 2.7633)
(-2.043, -1.2137, 2.4109)
(-2.5239, -1.4346, 1.9764)
(-2.9794, -1.6715, 1.5033)
(-3.3633, -1.9588, 1.0135)
(-3.758, -2.2225, 0.5292)
(-4.2448, -2.3665, 0.0884)
(-4.7245, -2.6045, -0.2519)
(-5.1731, -2.9573, -0.5133)
(-5.6575, -3.2253, -0.8331)
(-1.6038, -0.4585, 2.4912)
(-2.028, -0.7296, 2.0832)
(-2.3742, -1.015, 1.5826)
(-2.7428, -1.3122, 1.0863)
(-3.0496, -1.6676, 0.587)
(-3.4063, -1.9646, 0.0985)
(-3.8618, -2.1528, -0.3568)
(-4.298, -2.4621, -0.6831)
(-4.7501, -2.9142, -0.832)
(-5.1774, -3.2579, -1.0092)
(-1.6417, 0.0444, 2.1526)
(-1.9744, -0.2775, 1.7094)
(-2.1847, -0.6336, 1.1759)
(-2.4684, -0.9829, 0.6625)
(-2.7539, -1.3565, 0.1585)
(-3.0849, -1.6806, -0.339)
(-3.4539, -1.9964, -0.816)
(-3.8764, -2.4217, -1.0865)
(-4.3787, -2.9365, -1.0592)
(-4.8652, -3.3167, -1.0705)
(-1.675, 0.5438, 1.8078)
(-2.0071, 0.21, 1.3537)
(-2.1652, -0.1788, 0.8073)
(-2.3512, -0.5699, 0.2708)
(-2.5826, -0.9584, -0.2432)
(-2.8346, -1.3249, -0.7485)
(-3.0447, -1.6939, -1.2109)
(-1.6994, 1.0378, 1.4562)
(-2.0702, 0.7036, 1.0081)
(-2.2708, 0.3154, 0.4748)
(-2.4237, -0.0815, -0.065)
(-2.5683, -0.4778, -0.5851)
(-2.6867, -0.8714, -1.0937)
(-2.7287, -1.2244, -1.5187)
(-1.7205, 1.5297, 1.103)
(-2.1174, 1.201, 0.6667)
(-2.3296, 0.8116, 0.1446)
(-2.4512, 0.4125, -0.386)
(-2.5393, 0.021, -0.8959)
(-2.5633, -0.3702, -1.3952)
(-2.4985, -0.7123, -1.8074)
(-1.7378, 2.0293, 0.7707)
(-2.0528, 1.6745, 0.3317)
(-2.1511, 1.2464, -0.1788)
(-2.2287, 0.8409, -0.6948)
(-2.3585, 0.4901, -1.1965)
(-2.3965, 0.1366, -1.6845)
(-2.2778, -0.1872, -2.0861)
(-1.6393, 2.4736, 0.4944)
(-1.7464, 2.0378, 0.0566)
(-1.7976, 1.6195, -0.4685)
(-1.9613, 1.2671, -0.9769)
(-2.1753, 0.9737, -1.4742)
(-2.2101, 0.6474, -1.9678)
(-2.0507, 0.3435, -2.3655)
(-1.5963, 2.8106, 0.1416)
(-1.5446, 2.3585, -0.2383)
(-1.5961, 2.0514, -0.7332)
(-1.8016, 1.7465, -1.2228)
(-1.9207, 1.4413, -1.7093)
(-1.9246, 1.1323, -2.2016)
(-1.7847, 0.8751, -2.6276)
(-1.6452, 3.0231, -0.372)
(-1.6886, 2.5434, -0.6401)
(-1.6696, 2.3344, -1.0607)
(-1.7504, 2.137, -1.5417)
(-1.7957, 1.8334, -2.0114)
(-1.8103, 1.5905, -2.5199)
(-1.6805, 1.399, -2.9778)
(-1.4733, 3.0383, -0.8758)
(-1.8326, 2.5982, -1.0549)
(-1.9415, 2.3696, -1.4188)
(-1.8929, 2.3457, -1.9235)
(-1.9449, 2.2374, -2.391)
(-1.9766, 2.0171, -2.9279)
(-1.8058, 1.8534, -3.389)
(-1.3693, 3.2096, -1.2528)
(-1.9541, 2.9078, -1.3473)
(-2.2765, 2.6, -1.6472)
(-2.2423, 2.5087, -2.1893)
(-2.261, 2.3883, -2.6736)
(-2.2691, 2.0489, -3.1722)
(-2.0601, 1.8495, -3.6327)
(-1.5341, 3.7048, -1.3763)
(-2.1238, 3.4312, -1.5231)
(-2.5089, 3.0783, -1.8658)
(-2.6631, 2.7745, -2.395)
(-2.7093, 2.441, -2.9085)
(-2.5673, 2.0841, -3.404)
(-2.2734, 1.8921, -3.844)
(-1.6901, 4.2356, -1.473)
(-2.2145, 3.9346, -1.7805)
(-2.6128, 3.5638, -2.1928)
(-2.9062, 3.173, -2.6704)
(-2.9894, 2.7969, -3.2049)
(-2.7305, 2.5283, -3.7324)
(-2.349, 2.3976, -4.134)
(-1.7366, 4.6551, -1.7391)
(-2.233, 4.3309, -2.0917)
(-2.6542, 3.9646, -2.4991)
(-2.9909, 3.5801, -2.9567)
(-3.1083, 3.1976, -3.487)
(-2.8568, 2.933, -4.007)
(-2.4489, 2.816, -4.3863)
(-2.1097, -3.4967, 2.0109)
(-2.5389, -3.6576, 1.7128)
(-3.1096, -3.8535, 1.3792)
(-3.6865, -4.0483, 1.0466)
(-4.2618, -4.2536, 0.7264)
(-4.7713, -4.3317, 0.3197)
(-5.2974, -4.3937, -0.11)
(-5.9194, -4.5611, -0.4045)
