(0.6436, -4.1675, -4.9127)
(1.1622, -3.7444, -5.0305)
(1.5667, -3.2028, -5.1732)
(1.9175, -2.6213, -5.3161)
(2.2656, -2.0376, -5.4583)
(0.6506, -4.0486, -4.4844)
(1.1888, -3.6497, -4.6013)
(2.6205, -1.5052, -5.5917)
(1.6143, -3.1253, -4.7421)
(2.8872, -1.1741, -5.6096)
(1.978, -2.5524, -4.885)
(2.3309, -1.972, -5.0273)
(2.6861, -1.4385, -5.1624)
(2.9863, -1.0586, -5.3043)
(0.6586, -3.8924, -3.929)
(1.2194, -3.5224, -4.0406)
(1.6708, -3.0204, -4.1785)
(2.0516, -2.4594, -4.3211)
(2.4117, -1.8836, -4.4634)
(2.7668, -1.3504, -4.5982)
(3.0602, -0.9615, -4.7018)
(0.666, -3.7238, -3.3424)
(1.2479, -3.3839, -3.4474)
(1.7242, -2.9056, -3.5818)
(2.1215, -2.3567, -3.7236)
(2.4884, -1.7859, -3.8659)
(2.8457, -1.2554, -3.9998)
(3.1457, -0.8703, -4.1033)
(0.6725, -3.5511, -2.7568)
(1.2734, -3.2418, -2.8548)
(1.7722, -2.7871, -2.9852)
(2.1824, -2.2499, -3.1254)
(2.5503, -1.6849, -3.2654)
(2.9031, -1.1584, -3.396)
(3.2085, -0.7761, -3.4986)
(0.6782, -3.3734, -2.1725)
(1.2965, -3.0962, -2.2628)
(1.815, -2.6662, -2.3884)
(2.2317, -2.1432, -2.5238)
(2.589, -1.5899, -2.6555)
(2.9216, -1.0658, -2.7793)
(3.1976, -0.6716, -2.8784)
(0.6831, -3.1898, -1.5897)
(1.3174, -2.947, -1.6715)
(1.8529, -2.5445, -1.7905)
(2.2681, -2.0402, -1.9169)
(2.6084, -1.4995, -2.0383)
(2.9137, -0.975, -2.1556)
(3.1504, -0.5668, -2.2523)
(0.6873, -2.9989, -1.0091)
(1.3361, -2.794, -1.0809)
(1.8871, -2.4228, -1.1919)
(2.2975, -1.935, -1.3098)
(2.6212, -1.4022, -1.4236)
(2.9019, -0.8765, -1.5354)
(3.0999, -0.4572, -1.6281)
(0.6906, -2.7991, -0.4312)
(1.3529, -2.6361, -0.4915)
(1.9211, -2.3005, -0.5943)
(2.3278, -1.8207, -0.7086)
(2.6409, -1.2885, -0.8197)
(2.9107, -0.7616, -0.928)
(3.0882, -0.3374, -1.0158)
(0.6942, -2.592, 0.1442)
(1.3701, -2.4741, 0.0967)
(1.9613, -2.1808, 0.002)
(2.3694, -1.7, -0.1154)
(2.684, -1.1605, -0.2302)
(2.9624, -0.631, -0.3389)
(3.1509, -0.2052, -0.4256)
(0.7007, -2.3904, 0.7211)
(1.3927, -2.3171, 0.6866)
(2.0169, -2.0746, 0.599)
(2.4508, -1.5983, 0.4712)
(2.7798, -1.0439, 0.3462)
(3.0704, -0.5018, 0.2336)
(3.2742, -0.0719, 0.1479)
(0.7074, -2.1979, 1.2998)
(1.4113, -2.156, 1.276)
(2.0705, -1.9557, 1.1915)
(2.5832, -1.5291, 1.0509)
(2.9421, -0.965, 0.9106)
(3.2527, -0.3998, 0.7862)
(3.46, 0.0622, 0.7056)
(0.7055, -1.9597, 1.8612)
(1.4069, -1.9265, 1.8419)
(2.0778, -1.7578, 1.7655)
(2.65, -1.3979, 1.6309)
(3.0768, -0.874, 1.4769)
(3.4814, -0.3347, 1.3223)
(3.966, 0.2211, 1.1332)
(0.6986, -1.6853, 2.4089)
(1.3919, -1.6481, 2.3873)
(2.0649, -1.5156, 2.3235)
(2.6599, -1.218, 2.2053)
(4.6617, 0.2833, 1.1942)
(3.116, -0.7379, 2.0492)
(3.603, -0.2835, 1.8888)
(5.2341, 0.2625, 1.5853)
(4.1827, -0.0086, 1.6943)
(5.7616, 0.2112, 2.0319)
(4.8224, 0.0449, 1.5161)
(0.6918, -1.3935, 2.953)
(1.3777, -1.3468, 2.9269)
(2.0639, -1.2703, 2.8801)
(6.0899, 0.2634, 2.0872)
(2.7055, -1.0808, 2.7855)
(5.447, 0.1292, 1.4845)
(3.2475, -0.7202, 2.6242)
(3.7946, -0.3548, 2.4486)
(5.9651, 0.2622, 1.7212)
(4.3961, -0.1363, 2.2408)
(6.361, 0.3527, 1.9253)
(5.0318, -0.135, 2.0025)
(0.6781, -1.0786, 3.46)
(1.3427, -0.9835, 3.4433)
(2.0525, -0.9317, 3.393)
(5.68, -0.0959, 1.8049)
(2.7484, -0.8697, 3.3324)
(3.3866, -0.6917, 3.189)
(6.2699, 0.0212, 1.7044)
(3.9946, -0.4489, 3.0021)
(0.6657, -0.8125, 3.8557)
(6.6806, 0.2257, 1.6766)
(4.6032, -0.2426, 2.8001)
(5.2366, -0.2212, 2.5654)
(2.0432, -0.4694, 3.7984)
(1.221, -0.474, 3.9398)
(5.8872, -0.166, 2.3475)
(2.7616, -0.4633, 3.7561)
(3.4501, -0.4175, 3.6772)
(6.5014, -0.0664, 2.1595)
(4.1148, -0.3286, 3.5321)
(6.9572, 0.061, 2.0315)
(4.7639, -0.2241, 3.3405)
(5.4083, -0.1439, 3.1199)
(1.5351, 0.038, 4.1224)
(2.0955, 0.0632, 4.0647)
(6.0593, -0.0584, 2.9107)
(2.774, 0.075, 4.016)
(3.4701, 0.0935, 3.9587)
(6.6765, 0.033, 2.7272)
(4.1575, 0.1244, 3.8656)
(7.1535, 0.0773, 2.5961)
(4.8345, 0.1662, 3.7247)
(5.5016, 0.2168, 3.5516)
(1.6633, 0.5325, 4.3126)
(2.1378, 0.5954, 4.2417)
(6.168, 0.2659, 3.3791)
(2.7856, 0.6244, 4.1654)
(3.4755, 0.6484, 4.0837)
(6.8004, 0.3061, 3.2342)
(4.165, 0.6742, 3.9969)
(1.8094, 0.8518, 4.3345)
(7.2851, 0.3169, 3.1245)
(4.8501, 0.7031, 3.8855)
(2.0909, 1.0461, 4.2861)
(2.7818, 1.0542, 4.2002)
(5.5283, 0.7364, 3.7462)
(3.4701, 1.0786, 4.1257)
(6.2054, 0.7642, 3.6085)
(4.161, 1.1037, 4.0489)
(4.8486, 1.1309, 3.9448)
(6.8462, 0.7684, 3.5145)
(5.529, 1.1651, 3.8047)
(7.3206, 0.7308, 3.4645)
(6.2057, 1.1944, 3.6458)
(7.1881, 1.0379, 3.5249)
(6.8915, 1.209, 3.5079)
(0.6948, 1.8278, -6.1425)
(1.3374, 1.5928, -6.0625)
(1.8615, 1.1521, -5.987)
(2.2727, 0.5986, -5.9157)
(2.5992, -0.0078, -5.8418)
(0.6664, 1.867, -5.7082)
(1.2746, 1.5615, -5.6325)
(2.8218, -0.6163, -5.7653)
(1.8206, 1.1492, -5.5521)
(2.9353, -1.0079, -5.6436)
(2.2761, 0.6392, -5.4791)
(2.628, 0.0512, -5.4064)
(2.8627, -0.5529, -5.3326)
(2.9851, -1.039, -5.3085)
(0.6342, 1.9219, -5.1416)
(1.1964, 1.5397, -5.0672)
(1.7441, 1.1267, -4.985)
(2.2499, 0.6668, -4.9079)
(2.6522, 0.1167, -4.8358)
(2.9175, -0.4717, -4.7644)
(3.0554, -0.9422, -4.7049)
(0.5958, 1.9607, -4.5411)
(1.1005, 1.5057, -4.4714)
(1.6331, 1.0746, -4.3899)
(2.1751, 0.6551, -4.3063)
(2.6435, 0.1621, -4.2301)
(2.9649, -0.3928, -4.1609)
(3.1407, -0.8512, -4.1079)
(0.5771, 2.0125, -3.9395)
(1.0335, 1.5098, -3.8715)
(1.5263, 1.0344, -3.7936)
(2.0673, 0.6144, -3.709)
(2.5842, 0.1762, -3.6246)
(2.9735, -0.3231, -3.5524)
(3.2053, -0.7571, -3.5055)
(0.5897, 2.0927, -3.3407)
(1.0322, 1.5823, -3.2745)
(1.4771, 1.0613, -3.1944)
(1.9688, 0.5979, -3.1094)
(2.4794, 0.1774, -3.0182)
(2.9214, -0.2572, -2.9367)
(3.1937, -0.6529, -2.8866)
(0.6313, 2.1882, -2.7485)
(1.1251, 1.7348, -2.7006)
(1.542, 1.1967, -2.6136)
(1.9523, 0.6818, -2.5126)
(2.3927, 0.2203, -2.4122)
(2.8338, -0.1926, -2.3191)
(3.1467, -0.5483, -2.2605)
(0.6655, 2.2319, -2.1526)
(1.2478, 1.8967, -2.1367)
(1.699, 1.4015, -2.0658)
(2.0644, 0.8746, -1.9491)
(2.4303, 0.3757, -1.826)
(2.7915, -0.0878, -1.7092)
(3.0949, -0.4393, -1.6381)
(0.6791, 2.1957, -1.5541)
(1.3257, 1.9919, -1.5538)
(1.8568, 1.5948, -1.5169)
(2.2472, 1.0963, -1.4141)
(2.564, 0.5764, -1.2684)
(2.8466, 0.0704, -1.1217)
(3.0833, -0.3196, -1.0255)
(0.678, 2.0936, -0.9606)
(1.3566, 2.0029, -0.9581)
(1.963, 1.7346, -0.9453)
(2.4135, 1.2884, -0.8697)
(2.7282, 0.7631, -0.7212)
(2.9724, 0.2347, -0.5554)
(3.148, -0.1863, -0.4319)
(0.6731, 2.0789, -0.3659)
(1.3573, 2.0031, -0.3643)
(2.0027, 1.8223, -0.3574)
(2.5213, 1.4398, -0.3043)
(2.878, 0.9253, -0.1684)
(3.1199, 0.3835, 0.004)
(3.274, -0.0524, 0.1431)
(0.677, 2.2507, 0.2069)
(1.3544, 2.1408, 0.212)
(1.9905, 1.898, 0.2305)
(2.577, 1.5745, 0.2695)
(3.0034, 1.092, 0.3861)
(3.2763, 0.5396, 0.555)
(3.4626, 0.0852, 0.7019)
(0.6794, 2.3958, 0.7949)
(1.357, 2.271, 0.8002)
(2.0095, 2.0565, 0.807)
(2.6209, 1.7651, 0.8336)
(3.0896, 1.3012, 0.9305)
(3.4619, 0.7684, 1.0521)
(3.9718, 0.2422, 1.1322)
(0.6811, 2.454, 1.3985)
(1.365, 2.3703, 1.3969)
(2.0369, 2.2287, 1.3833)
(2.6679, 1.9952, 1.3844)
(4.6626, 0.3031, 1.1996)
(3.1836, 1.5816, 1.4277)
(3.6713, 1.1332, 1.4393)
(5.2298, 0.2791, 1.5966)
(4.1951, 0.7576, 1.479)
(5.7548, 0.2247, 2.0479)
(4.8157, 0.6588, 1.372)
(0.6784, 2.4147, 2.0063)
(1.3613, 2.3973, 2.0072)
(2.0471, 2.3325, 1.9779)
(6.0796, 0.2472, 2.1397)
(2.7093, 2.1936, 1.939)
(5.4444, 0.5542, 1.4555)
(3.2862, 1.8761, 1.9002)
(3.796, 1.482, 1.8739)
(5.9769, 0.4673, 1.7608)
(4.3733, 1.1877, 1.8482)
(6.3671, 0.4065, 2.0258)
(5.0071, 1.0921, 1.6766)
(0.6649, 2.3097, 2.5882)
(1.3299, 2.3421, 2.6322)
(2.0368, 2.3302, 2.5918)
(5.6599, 1.0101, 1.5579)
(2.719, 2.268, 2.529)
(3.3161, 2.0189, 2.4354)
(6.2607, 0.8559, 1.6123)
(3.9079, 1.826, 2.2803)
(0.6449, 2.2012, 3.0523)
(6.6913, 0.6906, 1.7569)
(4.5336, 1.645, 2.1747)
(5.1834, 1.5207, 2.0601)
(2.0317, 2.1838, 3.1858)
(1.2147, 2.1632, 3.3328)
(5.8376, 1.4598, 1.9011)
(2.7303, 2.1927, 3.1017)
(3.3827, 2.0907, 2.988)
(6.462, 1.3198, 1.8465)
(4.0025, 1.9365, 2.8164)
(6.9303, 1.1646, 1.8662)
(4.6432, 1.9002, 2.6456)
(5.3061, 1.8547, 2.5036)
(1.537, 1.9146, 3.7768)
(2.0874, 1.8768, 3.6836)
(5.9738, 1.7941, 2.37)
(2.7453, 1.8555, 3.5732)
(3.4227, 1.8681, 3.5)
(6.6083, 1.6965, 2.2865)
(4.0834, 1.8216, 3.3658)
(7.092, 1.5969, 2.2454)
(4.7342, 1.7758, 3.1831)
(5.4017, 1.7985, 3.0483)
(1.66, 1.5426, 4.1425)
(2.1303, 1.4659, 4.0592)
(6.077, 1.8245, 2.9328)
(2.7691, 1.4371, 3.9569)
(3.453, 1.4547, 3.8778)
(6.7191, 1.8267, 2.8356)
(4.1335, 1.4557, 3.7724)
(1.8074, 1.2553, 4.2771)
(7.2096, 1.8173, 2.761)
(4.8044, 1.4406, 3.6278)
(2.0935, 1.0658, 4.2809)
(2.7847, 1.0737, 4.1945)
(5.4793, 1.494, 3.5132)
(3.4794, 1.0992, 4.124)
(6.1577, 1.5582, 3.408)
(4.1712, 1.1236, 4.0527)
(4.8592, 1.1488, 3.953)
(6.7986, 1.6083, 3.3155)
(5.5382, 1.1841, 3.8103)
(7.2727, 1.6547, 3.2432)
(6.213, 1.2144, 3.6489)
(7.1766, 1.3998, 3.4372)
(6.8912, 1.2291, 3.504)
(0.0028, -4.338, -4.875)
(-0.6372, -4.1649, -4.9136)
(-1.1542, -3.7398, -5.0319)
(-1.5571, -3.1969, -5.1745)
(-1.9079, -2.6153, -5.3171)
(-2.2586, -2.0331, -5.4591)
(0.0027, -4.204, -4.4381)
(-0.6446, -4.0465, -4.4852)
(-1.1813, -3.6456, -4.6026)
(-2.6183, -1.504, -5.5923)
(-1.6053, -3.1199, -4.7434)
(-2.8888, -1.1761, -5.6098)
(-1.9686, -2.5468, -4.8861)
(-2.3235, -1.9675, -5.0281)
(-2.6826, -1.4366, -5.1629)
(-2.9868, -1.0598, -5.3045)
(0.0026, -4.0328, -3.8841)
(-0.653, -3.8908, -3.9297)
(-1.2126, -3.5192, -4.0417)
(-1.6625, -3.0159, -4.1797)
(-2.0426, -2.4544, -4.322)
(-2.404, -1.8794, -4.4642)
(-2.7623, -1.3482, -4.5986)
(-3.0593, -0.962, -4.702)
(0.0025, -3.8495, -3.3015)
(-0.6608, -3.7229, -3.343)
(-1.2418, -3.3816, -3.4484)
(-1.7167, -2.9019, -3.5829)
(-2.1132, -2.3524, -3.7246)
(-2.4807, -1.7819, -3.8666)
(-2.8404, -1.253, -4.0001)
(-3.1433, -0.87, -4.1034)
(0.0023, -3.6618, -2.7199)
(-0.6677, -3.5507, -2.7572)
(-1.268, -3.2404, -2.8556)
(-1.7654, -2.7845, -2.9862)
(-2.1746, -2.2464, -3.1263)
(-2.5426, -1.6814, -3.2661)
(-2.897, -1.1559, -3.3963)
(-3.2047, -0.7754, -3.4986)
(0.0021, -3.4685, -2.1398)
(-0.6739, -3.3736, -2.1727)
(-1.2918, -3.0957, -2.2634)
(-1.8091, -2.6645, -2.3892)
(-2.2245, -2.1405, -2.5246)
(-2.5813, -1.5869, -2.6561)
(-2.9148, -1.0634, -2.7797)
(-3.1922, -0.67, -2.8785)
(0.0019, -3.2686, -1.5616)
(-0.6793, -3.1904, -1.5898)
(-1.3133, -2.9472, -1.6719)
(-1.8478, -2.5437, -1.7912)
(-2.2616, -2.0384, -1.9176)
(-2.601, -1.4971, -2.0389)
(-2.9064, -0.9727, -2.156)
(-3.1436, -0.5647, -2.2524)
(0.0018, -3.0606, -0.986)
(-0.6838, -2.9997, -1.0091)
(-1.3325, -2.7948, -1.0812)
(-1.8828, -2.4229, -1.1925)
(-2.2919, -1.934, -1.3104)
(-2.6143, -1.4005, -1.4241)
(-2.8944, -0.8744, -1.5359)
(-3.0922, -0.455, -1.6285)
(0.0016, -2.8433, -0.4136)
(-0.6874, -2.7998, -0.4312)
(-1.3497, -2.6371, -0.4917)
(-1.9176, -2.3012, -0.5946)
(-2.323, -1.8205, -0.7091)
(-2.6347, -1.2875, -0.8202)
(-2.9036, -0.7602, -0.9286)
(-3.0802, -0.3357, -1.0162)
(0.0014, -2.62, 0.1566)
(-0.6914, -2.5926, 0.1442)
(-1.3673, -2.4749, 0.0966)
(-1.9584, -2.1819, 0.0017)
(-2.3656, -1.7006, -0.1157)
(-2.6792, -1.1606, -0.2307)
(-2.9569, -0.6307, -0.3395)
(-3.1446, -0.2045, -0.426)
(0.0013, -2.4042, 0.7285)
(-0.6981, -2.3906, 0.721)
(-1.39, -2.3176, 0.6865)
(-2.0144, -2.076, 0.5987)
(-2.4482, -1.5998, 0.4708)
(-2.777, -1.0452, 0.3457)
(-3.0674, -0.503, 0.2328)
(-3.2714, -0.073, 0.1472)
(0.0012, -2.1994, 1.3025)
(-0.7049, -2.198, 1.2997)
(-1.4088, -2.1567, 1.2759)
(-2.0682, -1.9571, 1.1913)
(-2.5814, -1.5311, 1.0504)
(-2.941, -0.9673, 0.9098)
(-3.2522, -0.4026, 0.7849)
(-3.4602, 0.0592, 0.7041)
(0.0011, -1.9594, 1.8623)
(-0.7032, -1.9598, 1.8611)
(-1.4046, -1.9267, 1.8417)
(-2.0756, -1.7585, 1.7652)
(-2.6486, -1.3992, 1.6304)
(-3.077, -0.8765, 1.4757)
(-3.4824, -0.3381, 1.32)
(-3.9688, 0.2153, 1.1296)
(0.0011, -1.6867, 2.4103)
(-0.6964, -1.6853, 2.4088)
(-1.3898, -1.648, 2.3871)
(-2.0627, -1.5149, 2.3229)
(-2.6573, -1.2157, 2.2046)
(-4.6642, 0.2777, 1.1923)
(-3.1128, -0.7335, 2.0489)
(-3.6011, -0.2826, 1.8862)
(-5.2363, 0.257, 1.5839)
(-4.1825, -0.0114, 1.6923)
(-5.7643, 0.2076, 2.0301)
(0.0012, -1.3972, 2.9542)
(-4.8231, 0.0397, 1.5153)
(-0.6895, -1.3936, 2.953)
(-1.3755, -1.3468, 2.9268)
(-2.0617, -1.269, 2.8795)
(-6.0929, 0.2591, 2.0844)
(-2.6995, -1.0729, 2.7857)
(-5.4483, 0.1219, 1.4838)
(-3.2308, -0.698, 2.6276)
(-3.7873, -0.349, 2.4476)
(-5.9673, 0.2551, 1.719)
(-4.3936, -0.1376, 2.2399)
(-6.3641, 0.3455, 1.9214)
(-5.0304, -0.138, 2.0032)
(0.0013, -1.1053, 3.4543)
(-0.6755, -1.079, 3.4603)
(-1.3399, -0.9839, 3.4435)
(-2.0494, -0.9315, 3.3931)
(-5.6793, -0.1019, 1.8063)
(-2.7437, -0.8674, 3.3327)
(-3.3777, -0.6827, 3.1894)
(-6.2701, 0.0121, 1.7052)
(-3.9885, -0.4442, 3.0017)
(0.0013, -0.8971, 3.8058)
(-0.6631, -0.8134, 3.8564)
(-6.6821, 0.2143, 1.6746)
(-4.5997, -0.2419, 2.8003)
(-5.2341, -0.2221, 2.5669)
(-2.0401, -0.4696, 3.7988)
(-1.2182, -0.4751, 3.9408)
(-5.8852, -0.169, 2.3498)
(-2.7582, -0.4633, 3.7565)
(-3.4463, -0.4168, 3.678)
(-6.4999, -0.0714, 2.162)
(-4.1108, -0.3274, 3.5325)
(-6.9561, 0.0546, 2.0332)
(-4.7603, -0.2234, 3.3412)
(-5.4053, -0.1439, 3.1216)
(-1.532, 0.0373, 4.1233)
(-2.0922, 0.0629, 4.0654)
(-6.0566, -0.0591, 2.9129)
(-2.7706, 0.075, 4.0165)
(-3.4667, 0.0933, 3.9596)
(-6.674, 0.0318, 2.7296)
(-4.1541, 0.1244, 3.8666)
(-7.1512, 0.0758, 2.5987)
(-4.831, 0.1664, 3.7259)
(-5.4984, 0.2169, 3.5532)
(-1.66, 0.5319, 4.3133)
(-2.1344, 0.5952, 4.2423)
(-6.1648, 0.2661, 3.3809)
(-2.7821, 0.6244, 4.1658)
(-3.472, 0.6484, 4.0841)
(-6.7972, 0.307, 3.2359)
(-4.1614, 0.6742, 3.9974)
(-1.8062, 0.8513, 4.3352)
(-7.2821, 0.3181, 3.1264)
(-4.8465, 0.7034, 3.8862)
(-2.0874, 1.046, 4.2868)
(-2.7782, 1.0543, 4.2004)
(-5.5247, 0.7368, 3.747)
(-3.4665, 1.0788, 4.1256)
(-6.2017, 0.7649, 3.6094)
(-4.1574, 1.1037, 4.0488)
(-4.8449, 1.1314, 3.9445)
(-6.8425, 0.7697, 3.5155)
(-5.5252, 1.1656, 3.8044)
(-7.317, 0.7326, 3.4659)
(-6.2018, 1.195, 3.6457)
(-7.1846, 1.0396, 3.5245)
(-6.8876, 1.2098, 3.5079)
(-0.0017, 1.8731, -6.1795)
(-0.6982, 1.8279, -6.1454)
(-1.3407, 1.592, -6.0677)
(-1.8642, 1.1507, -5.9919)
(-2.2745, 0.5967, -5.9191)
(-2.6015, -0.0092, -5.844)
(-0.0028, 1.9808, -5.74)
(-0.673, 1.8723, -5.711)
(-1.2815, 1.5674, -5.6367)
(-2.8251, -0.6173, -5.7666)
(-1.8244, 1.151, -5.5566)
(-2.9386, -1.0087, -5.6442)
(-2.2772, 0.6382, -5.4825)
(-2.6286, 0.0499, -5.4085)
(-2.8636, -0.554, -5.3336)
(-2.9857, -1.0402, -5.3087)
(-0.0044, 2.0995, -5.1758)
(-0.6462, 1.9358, -5.1445)
(-1.2097, 1.5564, -5.0704)
(-1.7516, 1.1355, -4.9886)
(-2.2516, 0.6686, -4.9111)
(-2.6514, 0.1162, -4.8378)
(-2.9163, -0.4724, -4.7652)
(-3.0546, -0.9427, -4.7051)
(-0.0049, 2.1947, -4.5756)
(-0.6112, 1.9808, -4.544)
(-1.117, 1.5289, -4.4738)
(-1.6439, 1.0903, -4.3923)
(-2.1791, 0.6617, -4.309)
(-2.6425, 0.1635, -4.232)
(-2.9621, -0.3928, -4.1617)
(-3.1384, -0.851, -4.1081)
(-0.0024, 2.2695, -3.9714)
(-0.5875, 2.0298, -3.9423)
(-1.0475, 1.5318, -3.8739)
(-1.5377, 1.0532, -3.7955)
(-2.0732, 0.626, -3.7109)
(-2.5843, 0.1807, -3.6263)
(-2.97, -0.3219, -3.5532)
(-3.2014, -0.7563, -3.5055)
(-0.0021, 2.3313, -3.3659)
(-0.5982, 2.1081, -3.3435)
(-1.0436, 1.602, -3.2767)
(-1.4879, 1.0806, -3.1961)
(-1.9758, 0.6131, -3.1108)
(-2.481, 0.1859, -3.0195)
(-2.9179, -0.2542, -2.9375)
(-3.1883, -0.6514, -2.8867)
(-0.0032, 2.3656, -2.7606)
(-0.6402, 2.203, -2.7516)
(-1.1354, 1.7534, -2.7025)
(-1.5522, 1.2153, -2.6148)
(-1.9589, 0.6976, -2.5136)
(-2.394, 0.231, -2.4128)
(-2.8304, -0.1875, -2.3198)
(-3.1399, -0.5463, -2.2609)
(-0.005, 2.3433, -2.1548)
(-0.677, 2.2462, -2.1562)
(-1.2606, 1.9161, -2.1397)
(-1.7078, 1.4181, -2.0655)
(-2.0688, 0.8879, -1.9482)
(-2.4281, 0.3837, -1.8249)
(-2.787, -0.0825, -1.7096)
(-3.087, -0.4371, -1.6385)
(-0.0084, 2.2548, -1.5557)
(-0.6966, 2.2186, -1.5578)
(-1.3415, 2.02, -1.5578)
(-1.8623, 1.6106, -1.5139)
(-2.2456, 1.105, -1.4083)
(-2.5615, 0.5824, -1.2664)
(-2.8424, 0.0745, -1.1219)
(-3.0753, -0.3178, -1.0258)
(-0.0133, 2.1214, -0.9672)
(-0.7048, 2.1272, -0.9639)
(-1.3808, 2.0521, -0.9636)
(-1.9717, 1.7581, -0.9423)
(-2.4081, 1.294, -0.86)
(-2.7256, 0.7664, -0.718)
(-2.97, 0.237, -0.5557)
(-3.1416, -0.1856, -0.4324)
(-0.0151, 2.1232, -0.3719)
(-0.7047, 2.1144, -0.3691)
(-1.3893, 2.0613, -0.3695)
(-2.0258, 1.8599, -0.3561)
(-2.5253, 1.4497, -0.2953)
(-2.8768, 0.9263, -0.1649)
(-3.1191, 0.3832, 0.0035)
(-3.2712, -0.0536, 0.1421)
(-0.0133, 2.2961, 0.204)
(-0.7052, 2.2825, 0.2049)
(-1.3857, 2.1932, 0.2109)
(-2.0212, 1.9495, 0.2335)
(-2.5893, 1.5935, 0.2779)
(-3.0008, 1.092, 0.3904)
(-3.2749, 0.5369, 0.5547)
(-3.4629, 0.0825, 0.7002)
(-0.0114, 2.4391, 0.7926)
(-0.7038, 2.4202, 0.7944)
(-1.385, 2.3182, 0.8017)
(-2.0346, 2.0978, 0.8155)
(-2.6314, 1.7754, 0.8462)
(-3.0925, 1.298, 0.9341)
(-3.4665, 0.7645, 1.0501)
(-3.9749, 0.2362, 1.1288)
(-0.0089, 2.4687, 1.3962)
(-0.7, 2.461, 1.3984)
(-1.3868, 2.4048, 1.4004)
(-2.055, 2.2584, 1.3964)
(-2.669, 1.9764, 1.4063)
(-4.6652, 0.2976, 1.1977)
(-3.1887, 1.5685, 1.4326)
(-3.6781, 1.1279, 1.4364)
(-5.2322, 0.2739, 1.5949)
(-4.1971, 0.7507, 1.4791)
(-5.7577, 0.2213, 2.0459)
(-0.0044, 2.3761, 1.9964)
(-4.8163, 0.6534, 1.3724)
(-0.689, 2.398, 2.0042)
(-1.3734, 2.4143, 2.0107)
(-2.0527, 2.3489, 1.9951)
(-6.0824, 0.2425, 2.1377)
(-2.6887, 2.1274, 1.9706)
(-5.4457, 0.5498, 1.4544)
(-3.279, 1.854, 1.9073)
(-3.7951, 1.4775, 1.8715)
(-5.9798, 0.461, 1.7576)
(-4.3715, 1.1825, 1.8476)
(-6.37, 0.4011, 2.0227)
(-5.0056, 1.0878, 1.6773)
(0.0003, 2.2514, 2.5557)
(-0.6654, 2.2976, 2.5872)
(-1.3301, 2.3486, 2.6346)
(-2.0345, 2.3597, 2.6026)
(-5.6589, 1.0071, 1.5584)
(-2.7097, 2.2599, 2.5385)
(-3.31, 2.0144, 2.4383)
(-6.2606, 0.8536, 1.6117)
(-3.9037, 1.8217, 2.2814)
(0.002, 2.1659, 2.9507)
(-0.6408, 2.2011, 3.0538)
(-6.6922, 0.6896, 1.7549)
(-4.5299, 1.641, 2.1737)
(-5.1804, 1.5185, 2.0592)
(-2.0272, 2.1918, 3.1867)
(-1.2108, 2.165, 3.3341)
(-5.8351, 1.4583, 1.9011)
(-2.7259, 2.1959, 3.1028)
(-3.3784, 2.0915, 2.9899)
(-6.46, 1.3192, 1.8464)
(-3.9984, 1.9359, 2.8186)
(-6.9288, 1.1652, 1.8653)
(-4.6391, 1.8975, 2.6453)
(-5.3023, 1.8533, 2.5029)
(-1.5335, 1.916, 3.7772)
(-2.083, 1.8754, 3.6813)
(-5.9703, 1.7936, 2.3696)
(-2.7415, 1.856, 3.5733)
(-3.4192, 1.8696, 3.5021)
(-6.6051, 1.6964, 2.2863)
(-4.08, 1.8229, 3.3679)
(-7.089, 1.5971, 2.2455)
(-4.7304, 1.7761, 3.1836)
(-5.3978, 1.7986, 3.048)
(-1.6569, 1.544, 4.1428)
(-2.1268, 1.4657, 4.0588)
(-6.0732, 1.8247, 2.9322)
(-2.7655, 1.4369, 3.9566)
(-3.4495, 1.4555, 3.879)
(-6.7154, 1.8268, 2.8353)
(-4.1298, 1.4559, 3.7728)
(-1.8043, 1.2564, 4.2773)
(-7.206, 1.8176, 2.761)
(-4.8004, 1.4401, 3.627)
(-2.0899, 1.0662, 4.2816)
(-2.7812, 1.0738, 4.195)
(-5.4753, 1.4942, 3.5127)
(-3.4758, 1.0994, 4.1244)
(-6.1537, 1.5586, 3.4075)
(-4.1677, 1.1235, 4.0528)
(-4.8555, 1.1492, 3.953)
(-6.7947, 1.6086, 3.3151)
(-5.5343, 1.1846, 3.8101)
(-7.2691, 1.6545, 3.2429)
(-6.2091, 1.215, 3.6489)
(-7.1731, 1.3994, 3.4365)
(-6.8874, 1.23, 3.504)
(3.1494, -0.1957, -0.4288)
(3.0578, -0.9519, -4.7034)
(2.0922, 1.0559, 4.2835)
(3.1486, -0.5576, -2.2564)
(2.7833, 1.064, 4.1974)
(3.4747, 1.0889, 4.1249)
(3.2741, -0.0621, 0.1455)
(4.1661, 1.1137, 4.0508)
(4.8539, 1.1398, 3.9489)
(5.5336, 1.1746, 3.8075)
(6.2094, 1.2044, 3.6474)
(3.1432, -0.8608, -4.1056)
(6.8913, 1.219, 3.506)
(3.0974, -0.4482, -1.6331)
(3.0857, -0.3285, -1.0207)
(4.6621, 0.2932, 1.1969)
(3.4613, 0.0737, 0.7038)
(3.9689, 0.2316, 1.1327)
(5.2319, 0.2708, 1.591)
(5.7582, 0.218, 2.0399)
(2.9857, -1.0488, -5.3064)
(3.2069, -0.7666, -3.5021)
(3.1957, -0.6622, -2.8825)
(7.0991, 0.7532, 3.4862)
(6.8483, 0.9865, 3.5427)
(7.052, 1.133, 3.5179)
(7.2779, 0.9055, 3.5192)
(5.9327, 0.2286, 2.0746)
(5.842, 0.2733, 1.8404)
(6.1727, 0.3125, 1.8327)
(6.225, 0.3214, 2.0407)
(6.1172, 0.1532, 1.6599)
(6.4917, 0.1162, 1.6854)
(6.5179, 0.3128, 1.7601)
(6.3966, -0.0524, 1.89)
(6.7442, -0.0048, 2.0901)
(6.829, 0.1309, 1.7888)
(6.5942, -0.0363, 2.4446)
(6.9282, 0.0599, 2.657)
(7.0642, 0.0417, 2.3105)
(6.7468, 0.1426, 2.9984)
(7.0567, 0.3142, 3.1765)
(7.228, 0.1677, 2.8736)
(6.8331, 0.5285, 3.4105)
(7.3195, 0.5195, 3.329)
(1.804, 0.052, 4.0926)
(1.6106, 0.3005, 4.2308)
(1.8843, 0.5672, 4.2776)
(2.1207, 0.3383, 4.1681)
(2.4245, 0.0698, 4.0398)
(2.4456, 0.6128, 4.2044)
(2.7811, 0.3593, 4.105)
(3.1235, 0.0827, 3.9902)
(3.1306, 0.636, 4.1249)
(3.4742, 0.3803, 4.0359)
(3.8148, 0.1075, 3.9179)
(3.8205, 0.6611, 4.042)
(4.1637, 0.4063, 3.9496)
(4.4974, 0.1439, 3.8007)
(4.5084, 0.6881, 3.9451)
(4.8464, 0.4381, 3.8278)
(5.1688, 0.1911, 3.6402)
(5.1899, 0.7196, 3.8182)
(5.5208, 0.4758, 3.6758)
(5.8345, 0.2417, 3.4634)
(5.8664, 0.7519, 3.6742)
(6.1939, 0.5101, 3.525)
(6.4979, 0.2888, 3.302)
(6.541, 0.7711, 3.5549)
(1.6765, -0.4782, 3.8375)
(1.4094, -0.2287, 4.0197)
(2.0649, -0.2087, 3.9449)
(2.404, -0.4674, 3.7766)
(2.767, -0.2041, 3.9031)
(3.1099, -0.4468, 3.7246)
(3.463, -0.1817, 3.8434)
(3.7848, -0.3773, 3.612)
(4.1432, -0.134, 3.7283)
(4.4408, -0.275, 3.4413)
(4.8094, -0.0696, 3.56)
(5.0858, -0.182, 3.2312)
(5.4653, 0.0026, 3.3611)
(5.7331, -0.1035, 3.0129)
(6.123, 0.0742, 3.1673)
(6.3811, -0.0094, 2.8134)
(0.3422, -1.1007, 3.457)
(0.0013, -0.9928, 3.6438)
(0.3393, -0.8802, 3.8221)
(0.6716, -0.94, 3.6681)
(1.0077, -1.0327, 3.4566)
(0.9669, -0.6743, 3.8903)
(1.3149, -0.7686, 3.6762)
(1.6938, -0.9516, 3.4195)
(2.0424, -0.7134, 3.6132)
(2.4065, -0.9107, 3.3687)
(2.7571, -0.6897, 3.5646)
(3.0738, -0.7942, 3.2706)
(3.4271, -0.5903, 3.4525)
(3.6923, -0.5743, 3.0977)
(4.0661, -0.4292, 3.2806)
(4.2969, -0.3269, 2.9047)
(4.693, -0.2687, 3.0802)
(4.9168, -0.2201, 2.6841)
(5.3298, -0.2123, 2.8492)
(5.5608, -0.2029, 2.4532)
(5.9791, -0.1356, 2.6333)
(6.2092, -0.1201, 2.2472)
(0.3471, -1.3982, 2.9551)
(0.0012, -1.245, 3.2187)
(0.6854, -1.2341, 3.2177)
(1.0346, -1.3745, 2.943)
(1.3627, -1.1743, 3.1921)
(1.7221, -1.3154, 2.907)
(2.0605, -1.1169, 3.1459)
(2.396, -1.1971, 2.8414)
(2.7304, -0.9951, 3.0685)
(2.984, -0.914, 2.7098)
(3.324, -0.7244, 2.9099)
(3.5151, -0.5279, 2.5381)
(3.901, -0.4132, 2.7242)
(4.0893, -0.2169, 2.3501)
(4.5029, -0.1938, 2.5193)
(4.7109, -0.1232, 2.1218)
(5.1364, -0.1926, 2.2814)
(5.3564, -0.1267, 1.8938)
(5.7877, -0.1557, 2.0646)
(5.993, -0.0482, 1.7424)
(0.35, -1.6873, 2.4105)
(0.0011, -1.5446, 2.6829)
(0.6957, -1.5431, 2.6818)
(1.0463, -1.6746, 2.4021)
(1.3861, -1.5022, 2.6577)
(1.7331, -1.5978, 2.3618)
(2.0638, -1.3978, 2.6036)
(2.3793, -1.3924, 2.271)
(2.6786, -1.1478, 2.4956)
(2.8966, -0.9898, 2.1289)
(3.1707, -0.7157, 2.3367)
(3.3484, -0.4961, 1.9714)
(3.6889, -0.3049, 2.1708)
(3.8822, -0.1153, 1.7946)
(4.2866, -0.0747, 1.9648)
(4.499, 0.031, 1.5974)
(4.925, -0.0538, 1.7372)
(5.1428, 0.0761, 1.4674)
(5.5642, 0.0141, 1.5958)
(5.7231, 0.1966, 1.5866)
(0.3533, -1.96, 1.8623)
(0.0011, -1.8257, 2.1371)
(0.7021, -1.825, 2.1358)
(1.0576, -1.9534, 1.8563)
(1.3994, -1.7905, 2.1161)
(1.7496, -1.864, 1.812)
(2.0709, -1.6375, 2.0451)
(2.382, -1.6028, 1.7033)
(2.6551, -1.3063, 1.9179)
(2.8753, -1.1476, 1.5543)
(3.0963, -0.8005, 1.7624)
(3.2761, -0.5999, 1.4004)
(3.5463, -0.3002, 1.6032)
(3.7004, -0.0786, 1.2387)
(4.0864, 0.0694, 1.4287)
(4.3138, 0.2522, 1.1637)
(4.7307, 0.1556, 1.358)
(4.9479, 0.2729, 1.3898)
(5.3357, 0.2066, 1.5013)
(5.4978, 0.2369, 1.8086)
(0.3541, -2.1996, 1.3021)
(0.0012, -2.0848, 1.5845)
(0.7076, -2.0853, 1.5829)
(1.0608, -2.1886, 1.2931)
(1.4118, -2.0502, 1.5623)
(1.7529, -2.0827, 1.2425)
(2.0796, -1.8665, 1.4812)
(2.349, -1.7675, 1.1246)
(2.6279, -1.4739, 1.3414)
(2.7748, -1.256, 0.979)
(3.0221, -0.927, 1.193)
(3.1024, -0.6733, 0.8458)
(3.3745, -0.3661, 1.0527)
(3.3832, -0.1578, 0.735)
(3.713, 0.1416, 0.9194)
(0.3511, -2.4011, 0.7269)
(0.0013, -2.3033, 1.0163)
(0.7047, -2.2964, 1.0114)
(1.0492, -2.3669, 0.7091)
(1.404, -2.2414, 0.9828)
(1.723, -2.225, 0.6497)
(2.0473, -2.0216, 0.8967)
(2.2554, -1.8575, 0.5372)
(2.5175, -1.5652, 0.7613)
(2.6214, -1.3244, 0.4074)
(2.8563, -1.0011, 0.6291)
(2.9325, -0.763, 0.2873)
(3.1503, -0.4455, 0.5132)
(3.1837, -0.276, 0.1875)
(3.3671, -0.0049, 0.4268)
(0.3484, -2.6136, 0.1538)
(0.0014, -2.5099, 0.442)
(0.6971, -2.4892, 0.4321)
(1.0368, -2.5495, 0.1261)
(1.3809, -2.3942, 0.3912)
(1.6847, -2.3533, 0.0543)
(1.9873, -2.1263, 0.3005)
(2.1852, -1.9563, -0.0559)
(2.4021, -1.644, 0.1789)
(2.532, -1.4331, -0.1733)
(2.723, -1.0983, 0.0597)
(2.831, -0.8869, -0.2863)
(3.0085, -0.5647, -0.0506)
(3.0683, -0.408, -0.3852)
(3.2125, -0.1385, -0.1388)
(0.3472, -2.8329, -0.4177)
(0.0015, -2.7318, -0.1284)
(0.6922, -2.6959, -0.1433)
(1.0283, -2.7365, -0.4555)
(1.3611, -2.5552, -0.1974)
(1.6548, -2.4903, -0.5393)
(1.9397, -2.2394, -0.2961)
(2.1424, -2.0727, -0.6515)
(2.346, -1.7601, -0.4111)
(2.4907, -1.5581, -0.7644)
(2.658, -1.2252, -0.5233)
(2.784, -1.0167, -0.8753)
(2.9303, -0.6975, -0.6312)
(3.0119, -0.5389, -0.9751)
(3.1195, -0.2713, -0.7207)
(0.3464, -3.0456, -0.9916)
(0.0017, -2.9531, -0.6994)
(0.689, -2.9002, -0.7198)
(1.0197, -2.9167, -1.039)
(1.3447, -2.7158, -0.786)
(1.628, -2.6275, -1.1335)
(1.9038, -2.3618, -0.8929)
(2.1079, -2.1885, -1.2513)
(2.3121, -1.8792, -1.0082)
(2.4657, -1.672, -1.3668)
(2.6294, -1.3476, -1.1199)
(2.7695, -1.1306, -1.4808)
(2.9022, -0.8214, -1.2296)
(3.0105, -0.656, -1.5843)
(3.0941, -0.3973, -1.322)
(0.3453, -3.2491, -1.5686)
(0.0018, -3.1657, -1.2734)
(0.6853, -3.0954, -1.2991)
(1.0095, -3.0895, -1.6245)
(1.327, -2.871, -1.3761)
(1.6001, -2.7629, -1.7283)
(1.8703, -2.4837, -1.4912)
(2.0737, -2.3004, -1.8541)
(2.2832, -1.9884, -1.6129)
(2.4435, -1.7723, -1.9779)
(2.6148, -1.4525, -1.73)
(2.7679, -1.2271, -2.0987)
(2.9068, -0.9274, -1.8444)
(3.0382, -0.7596, -2.2061)
(3.1252, -0.512, -1.9402)
(0.3439, -3.4445, -2.1481)
(0.002, -3.3694, -1.8504)
(0.6808, -3.2824, -1.8808)
(0.9978, -3.2563, -2.2116)
(1.3073, -3.022, -1.9671)
(1.5694, -2.897, -2.3229)
(1.8346, -2.6053, -2.0896)
(2.0341, -2.4119, -2.4561)
(2.2512, -2.0915, -2.2208)
(2.4141, -1.8679, -2.5901)
(2.6004, -1.5448, -2.3473)
(2.7611, -1.3157, -2.7198)
(2.9196, -1.0208, -2.4677)
(3.063, -0.8565, -2.8309)
(3.174, -0.6192, -2.5653)
(0.3421, -3.6336, -2.7294)
(0.0022, -3.5659, -2.4296)
(0.6754, -3.4629, -2.4645)
(0.9846, -3.4183, -2.7999)
(1.2853, -3.1694, -2.5587)
(1.5356, -3.0287, -2.9176)
(1.7942, -2.7269, -2.6869)
(1.9858, -2.5251, -3.055)
(2.2087, -2.1962, -2.8252)
(2.3683, -1.9682, -3.1957)
(2.5726, -1.6364, -2.9617)
(2.7318, -1.4077, -3.3337)
(2.917, -1.1115, -3.0891)
(3.0564, -0.9533, -3.449)
(3.2031, -0.7238, -3.1885)
(0.3401, -3.8172, -3.3121)
(0.0024, -3.7563, -3.0105)
(0.6693, -3.638, -3.0495)
(0.97, -3.5761, -3.3891)
(1.261, -3.3133, -3.151)
(1.4984, -3.1574, -3.5127)
(1.7488, -2.8467, -3.2835)
(1.9299, -2.6365, -3.6525)
(2.1532, -2.3036, -3.4247)
(2.3058, -2.0717, -3.7948)
(2.5219, -1.7352, -3.5665)
(2.672, -1.5065, -3.9358)
(2.8785, -1.2067, -3.6991)
(3.0001, -1.0492, -4.054)
(3.1771, -0.8232, -3.801)
(0.3377, -3.9965, -3.8959)
(0.0025, -3.9417, -3.5927)
(0.6624, -3.8086, -3.6356)
(0.9535, -3.73, -3.9791)
(1.2341, -3.4536, -3.7439)
(1.457, -3.2827, -4.1081)
(1.6983, -2.9635, -3.8801)
(1.8668, -2.7441, -4.2497)
(2.0876, -2.4087, -4.0224)
(2.2314, -2.1715, -4.3923)
(2.4514, -1.8354, -4.1648)
(2.5938, -1.6028, -4.5336)
(2.8077, -1.3032, -4.2992)
(2.9202, -1.1429, -4.6531)
(3.1029, -0.9159, -4.4026)
(0.335, -4.1635, -4.4501)
(0.0027, -4.122, -4.1721)
(0.6546, -3.9742, -4.2185)
(0.9356, -3.872, -4.537)
(1.2039, -3.5893, -4.3333)
(1.4129, -3.3973, -4.6707)
(1.642, -3.0756, -4.4727)
(1.8004, -2.8418, -4.8137)
(2.0139, -2.5084, -4.6155)
(2.1532, -2.2615, -4.9562)
(2.3702, -1.9301, -4.7578)
(2.5122, -1.6904, -5.0976)
(2.7252, -1.3965, -4.8929)
(2.8424, -1.2331, -5.2208)
(3.0232, -1.0101, -5.003)
(0.3327, -4.2929, -4.8835)
(0.0028, -4.2744, -4.6675)
(0.647, -4.1115, -4.7104)
(0.92, -3.9785, -4.9645)
(1.1751, -3.7, -4.8283)
(1.3752, -3.4823, -5.1012)
(1.5896, -3.1665, -4.9701)
(1.7452, -2.9141, -5.2448)
(1.9463, -2.589, -5.113)
(2.0896, -2.3283, -5.3871)
(2.2967, -2.0068, -5.2552)
(2.4464, -1.7557, -5.5286)
(2.6518, -1.4738, -5.3897)
(2.7731, -1.309, -5.6328)
(2.9507, -1.1003, -5.4855)
(1.7224, 0.7143, 4.3418)
(1.9383, 0.9569, 4.3129)
(2.1425, 0.8199, 4.2741)
(2.4364, 1.0501, 4.2432)
(2.7851, 0.8518, 4.1929)
(3.1259, 1.0664, 4.163)
(3.4738, 0.876, 4.1101)
(3.8155, 1.0912, 4.0873)
(4.1634, 0.9018, 4.0253)
(4.5048, 1.1173, 3.9968)
(4.8498, 0.9298, 3.9185)
(5.1888, 1.148, 3.8748)
(5.5298, 0.9621, 3.7827)
(5.8674, 1.1798, 3.7253)
(6.2082, 0.9888, 3.6418)
(6.5486, 1.2017, 3.5768)
(6.8243, 1.4341, 3.4414)
(7.0514, 1.6316, 3.2777)
(7.2501, 1.5215, 3.3715)
(7.0485, 1.3062, 3.4759)
(5.8479, 0.3361, 1.8825)
(5.9223, 0.2245, 2.1076)
(6.2216, 0.3111, 2.1169)
(6.1838, 0.4353, 1.9017)
(6.1222, 0.6433, 1.6532)
(6.5309, 0.5261, 1.8746)
(6.4916, 0.7726, 1.6795)
(6.3722, 1.0884, 1.6869)
(6.8238, 0.9153, 1.7607)
(6.711, 1.2412, 1.8519)
(6.54, 1.5287, 2.0492)
(7.0181, 1.3969, 2.0329)
(6.8644, 1.6459, 2.263)
(6.6674, 1.8038, 2.5548)
(7.1551, 1.75, 2.493)
(6.9786, 1.8226, 2.7965)
(6.7641, 1.7511, 3.1032)
(7.2537, 1.7713, 3.027)
(1.6102, 1.7297, 3.9843)
(1.802, 1.8954, 3.7332)
(2.1124, 1.674, 3.8915)
(1.8794, 1.5007, 4.1035)
(2.4065, 1.8611, 3.6257)
(2.7571, 1.6436, 3.7807)
(2.4337, 1.4441, 4.0073)
(3.0856, 1.8638, 3.5369)
(3.4381, 1.6663, 3.7086)
(3.1109, 1.4438, 3.9163)
(3.7553, 1.8515, 3.4434)
(4.1117, 1.6529, 3.5897)
(3.7944, 1.4599, 3.8315)
(4.4081, 1.7919, 3.2733)
(4.772, 1.6149, 3.4228)
(4.4693, 1.4438, 3.7002)
(5.0659, 1.7814, 3.11)
(5.443, 1.6588, 3.3017)
(5.1411, 1.4605, 3.5669)
(5.7387, 1.8142, 2.9892)
(6.1204, 1.7152, 3.1961)
(5.818, 1.5278, 3.4601)
(6.4119, 1.8281, 2.8812)
(6.4934, 1.5845, 3.3592)
(1.4095, 2.0647, 3.5466)
(1.6697, 2.1804, 3.2322)
(2.0556, 2.0495, 3.4482)
(2.3845, 2.1943, 3.1448)
(2.7368, 2.0499, 3.349)
(3.0629, 2.1574, 3.0517)
(3.4067, 2.0183, 3.2552)
(3.693, 2.0058, 2.9067)
(4.0458, 1.9123, 3.1018)
(4.3191, 1.9091, 2.7275)
(4.6905, 1.8811, 2.9172)
(4.9732, 1.8812, 2.5728)
(5.3561, 1.8751, 2.772)
(5.6395, 1.8276, 2.4336)
(6.0286, 1.8531, 2.648)
(6.3048, 1.7484, 2.3211)
(0.0014, 2.2046, 2.7686)
(0.3338, 2.2736, 2.565)
(0.6553, 2.2546, 2.8313)
(0.3255, 2.1796, 2.9775)
(0.9939, 2.3337, 2.6167)
(1.3042, 2.2764, 2.9435)
(0.9509, 2.2034, 3.1684)
(1.6803, 2.3382, 2.6202)
(2.0285, 2.2769, 2.8966)
(2.3872, 2.3185, 2.5613)
(2.7239, 2.2585, 2.8244)
(3.0246, 2.1529, 2.4905)
(3.3468, 2.0762, 2.7128)
(3.6086, 1.9141, 2.3583)
(3.9573, 1.9123, 2.5337)
(4.2165, 1.734, 2.2217)
(4.5933, 1.8146, 2.3911)
(4.8571, 1.5714, 2.1248)
(5.2504, 1.7205, 2.269)
(5.5098, 1.4925, 1.9768)
(5.9105, 1.6533, 2.1213)
(6.1637, 1.3983, 1.8591)
(-0.0019, 2.3114, 2.2913)
(0.3372, 2.3944, 2.0002)
(0.6729, 2.3661, 2.308)
(1.0194, 2.4148, 2.0099)
(1.3483, 2.3808, 2.3205)
(1.7045, 2.3697, 1.9954)
(2.0442, 2.347, 2.2837)
(2.3851, 2.2806, 1.9587)
(2.7164, 2.2466, 2.2309)
(3.0104, 2.0547, 1.9194)
(3.3035, 1.96, 2.1609)
(3.5405, 1.6778, 1.8829)
(3.8523, 1.6686, 2.0715)
(4.0743, 1.3111, 1.8731)
(4.4581, 1.4235, 2.0057)
(4.6857, 1.1239, 1.7729)
(5.1005, 1.3086, 1.8634)
(5.3335, 1.0591, 1.5981)
(5.7543, 1.2432, 1.7077)
(5.9773, 0.939, 1.5665)
(-0.0069, 2.4334, 1.6968)
(0.3365, 2.467, 1.3971)
(0.6808, 2.4458, 1.702)
(1.0242, 2.4209, 1.3991)
(1.3662, 2.394, 1.6994)
(1.7027, 2.3063, 1.391)
(2.0447, 2.2919, 1.6777)
(2.3639, 2.1319, 1.378)
(2.6916, 2.1054, 1.6585)
(2.9366, 1.8037, 1.4072)
(3.2413, 1.7409, 1.6605)
(3.4265, 1.3569, 1.4308)
(3.7414, 1.3077, 1.6555)
(3.9232, 0.9177, 1.4704)
(4.2864, 0.9677, 1.6675)
(4.4966, 0.6885, 1.4278)
(4.9103, 0.871, 1.5048)
(5.136, 0.6116, 1.377)
(5.5549, 0.7686, 1.4708)
(5.7286, 0.5058, 1.5982)
(-0.0103, 2.4703, 1.0939)
(0.3348, 2.4259, 0.7933)
(0.6804, 2.4366, 1.0956)
(1.0209, 2.3451, 0.7973)
(1.361, 2.3265, 1.0976)
(1.6858, 2.1723, 0.8032)
(2.0244, 2.147, 1.0939)
(2.3268, 1.9273, 0.814)
(2.6439, 1.8787, 1.1103)
(2.8751, 1.5521, 0.8741)
(3.1328, 1.4323, 1.1858)
(3.2743, 1.033, 0.9941)
(3.5718, 0.9438, 1.2483)
(3.6856, 0.5205, 1.0946)
(4.0941, 0.5389, 1.3033)
(4.3172, 0.2726, 1.1659)
(4.7287, 0.4686, 1.2918)
(4.9462, 0.2911, 1.3981)
(5.334, 0.3971, 1.5102)
(5.4923, 0.2519, 1.8222)
(-0.0123, 2.3794, 0.4956)
(0.3323, 2.2798, 0.2053)
(0.6786, 2.3339, 0.498)
(1.0196, 2.2094, 0.2083)
(1.3547, 2.2106, 0.5043)
(1.6768, 2.0324, 0.2198)
(1.9958, 1.9686, 0.5199)
(2.2965, 1.7507, 0.2438)
(2.5989, 1.662, 0.5534)
(2.8135, 1.3523, 0.3171)
(3.0492, 1.189, 0.662)
(3.1514, 0.8108, 0.4711)
(3.3633, 0.6371, 0.8177)
(3.392, 0.3028, 0.6247)
(3.7172, 0.1637, 0.9171)
(-0.0144, 2.1997, -0.0829)
(0.3291, 2.1061, -0.3694)
(0.6745, 2.1529, -0.0786)
(1.0167, 2.0472, -0.3644)
(1.3554, 2.0614, -0.0757)
(1.6901, 1.9341, -0.3636)
(1.9973, 1.8543, -0.0624)
(2.282, 1.6543, -0.34)
(2.5532, 1.5042, -0.0172)
(2.7175, 1.1935, -0.2456)
(2.9453, 1.0057, 0.1089)
(3.0111, 0.6469, -0.081)
(3.1962, 0.458, 0.2816)
(3.2069, 0.155, 0.0765)
(3.3683, 0.0164, 0.4225)
(-0.0148, 2.0972, -0.6686)
(0.3326, 2.1106, -0.9645)
(0.6749, 2.0633, -0.6615)
(1.0214, 2.0637, -0.9586)
(1.359, 1.9914, -0.6593)
(1.675, 1.8942, -0.9563)
(1.9918, 1.7842, -0.6525)
(2.2088, 1.5278, -0.9174)
(2.4753, 1.3689, -0.5892)
(2.5832, 1.0315, -0.8022)
(2.8057, 0.8459, -0.4455)
(2.8582, 0.4903, -0.6351)
(3.0451, 0.3104, -0.2752)
(3.0691, 0.0137, -0.4903)
(3.211, -0.1193, -0.1444)
(-0.0109, 2.1835, -1.2618)
(0.3373, 2.2383, -1.5544)
(0.6799, 2.1456, -1.2576)
(1.0121, 2.1171, -1.5555)
(1.3461, 2.0065, -1.2568)
(1.6092, 1.8137, -1.5427)
(1.9176, 1.6719, -1.234)
(2.0662, 1.3516, -1.473)
(2.3362, 1.1974, -1.1445)
(2.4111, 0.838, -1.3446)
(2.6459, 0.6731, -0.9949)
(2.7096, 0.3134, -1.1906)
(2.9041, 0.1542, -0.8368)
(2.973, -0.1351, -1.0697)
(3.1156, -0.2529, -0.7287)
(-0.0064, 2.3087, -1.8536)
(0.3363, 2.3146, -2.1538)
(0.6747, 2.225, -1.8529)
(0.9718, 2.0905, -2.1491)
(1.2936, 1.9551, -1.8478)
(1.4888, 1.661, -2.1089)
(1.7822, 1.5033, -1.7935)
(1.8863, 1.1361, -2.0104)
(2.1528, 0.9866, -1.6804)
(2.2455, 0.6224, -1.8878)
(2.4894, 0.4752, -1.5444)
(2.6154, 0.1333, -1.7637)
(2.8072, -0.0129, -1.4123)
(2.9508, -0.2735, -1.6698)
(3.0891, -0.3794, -1.3318)
(-0.0039, 2.3622, -2.4575)
(0.3265, 2.3183, -2.7577)
(0.6508, 2.2191, -2.4513)
(0.8944, 1.9846, -2.7299)
(1.1885, 1.8201, -2.4195)
(1.3378, 1.4672, -2.6606)
(1.6145, 1.2955, -2.3372)
(1.7452, 0.9333, -2.5635)
(1.9941, 0.7688, -2.226)
(2.1676, 0.4448, -2.4623)
(2.3953, 0.2863, -2.1155)
(2.6233, 0.0066, -2.3625)
(2.8023, -0.1475, -2.0122)
(3.0027, -0.375, -2.2867)
(3.1208, -0.4938, -1.9493)
(-0.0025, 2.3539, -3.0633)
(0.309, 2.2638, -3.3592)
(0.609, 2.1426, -3.0444)
(0.8225, 1.8526, -3.3111)
(1.0693, 1.6517, -2.9847)
(1.2484, 1.3156, -3.2351)
(1.4946, 1.1162, -2.9)
(1.718, 0.8219, -3.1527)
(1.9457, 0.6247, -2.8087)
(2.2253, 0.3872, -3.0641)
(2.4259, 0.1874, -2.7141)
(2.7191, -0.041, -2.9744)
(2.8775, -0.227, -2.6277)
(3.0708, -0.4596, -2.9084)
(3.1702, -0.6006, -2.5736)
(-0.0019, 2.3024, -3.6686)
(0.3009, 2.1946, -3.9622)
(0.5791, 2.0487, -3.6393)
(0.8124, 1.7706, -3.9079)
(1.0217, 1.5357, -3.5711)
(1.2708, 1.2628, -3.8334)
(1.4902, 1.0358, -3.4934)
(1.7945, 0.8211, -3.7519)
(2.0126, 0.598, -3.4097)
(2.335, 0.4037, -3.6661)
(2.5352, 0.1761, -3.3217)
(2.801, -0.074, -3.5859)
(2.9548, -0.2893, -3.2452)
(3.098, -0.5475, -3.5258)
(3.1995, -0.705, -3.1961)
(-0.0037, 2.2339, -4.2738)
(0.3062, 2.126, -4.5654)
(0.5829, 1.9834, -4.2403)
(0.8532, 1.7412, -4.5087)
(1.061, 1.5006, -4.172)
(1.361, 1.2838, -4.4315)
(1.5762, 1.0496, -4.0924)
(1.908, 0.8691, -4.3476)
(2.1233, 0.6359, -4.0075)
(2.4237, 0.4211, -4.2674)
(2.6206, 0.1725, -3.9273)
(2.8254, -0.119, -4.194)
(2.976, -0.3572, -3.8575)
(3.0629, -0.6327, -4.1326)
(3.173, -0.8042, -3.8067)
(-0.005, 2.1506, -4.8764)
(0.3226, 2.0491, -5.166)
(0.6143, 1.9424, -4.8415)
(0.9215, 1.7428, -5.1071)
(1.1481, 1.5218, -4.7693)
(1.4716, 1.3351, -5.0259)
(1.691, 1.1026, -4.687)
(2.0064, 0.9063, -4.9456)
(2.2183, 0.6662, -4.6065)
(2.4667, 0.4032, -4.8718)
(2.6534, 0.1432, -4.533)
(2.8031, -0.1847, -4.7991)
(2.9441, -0.431, -4.463)
(2.997, -0.7196, -4.7338)
(3.0981, -0.8967, -4.4064)
(-0.0036, 2.0409, -5.4699)
(0.3368, 1.9512, -5.7314)
(0.6513, 1.8947, -5.4373)
(0.9785, 1.7324, -5.6733)
(1.2385, 1.5514, -5.3622)
(1.5568, 1.3671, -5.5914)
(1.7877, 1.1418, -5.2805)
(2.0608, 0.9057, -5.515)
(2.2684, 0.6565, -5.206)
(2.4657, 0.3534, -5.4433)
(2.6422, 0.0845, -5.1339)
(2.7609, -0.26, -5.3686)
(2.8891, -0.5136, -5.0613)
(2.9343, -0.8053, -5.3042)
(3.0202, -0.9906, -5.0067)
(-0.0022, 1.9253, -5.9714)
(0.3495, 1.8658, -6.1692)
(0.6807, 1.8453, -5.9377)
(1.0275, 1.7383, -6.1044)
(1.307, 1.5757, -5.8603)
(1.6153, 1.3931, -6.0234)
(1.8437, 1.1519, -5.7821)
(2.0789, 0.8843, -5.9514)
(2.2763, 0.6193, -5.7101)
(2.4471, 0.301, -5.8793)
(2.6134, 0.0207, -5.6368)
(2.7248, -0.3227, -5.8032)
(2.8409, -0.5864, -5.5617)
(2.8901, -0.8553, -5.7233)
(2.9641, -1.053, -5.4957)
(1.7189, 1.3835, 4.2355)
(2.1388, 1.2723, 4.1792)
(1.9386, 1.1537, 4.2865)
(2.7782, 1.2503, 4.0895)
(2.4391, 1.0698, 4.2377)
(3.4665, 1.268, 4.0108)
(3.132, 1.0865, 4.1593)
(4.1526, 1.2807, 3.9201)
(3.8253, 1.1114, 4.0884)
(4.8324, 1.2875, 3.7975)
(4.5152, 1.1362, 4.0029)
(5.51, 1.3353, 3.6749)
(5.1987, 1.1665, 3.8817)
(6.1876, 1.3873, 3.55)
(5.8756, 1.1993, 3.7296)
(6.5521, 1.2218, 3.5765)
(-3.1431, -0.195, -0.4292)
(-3.0569, -0.9524, -4.7035)
(-2.0886, 1.0561, 4.2842)
(-3.1418, -0.5555, -2.2567)
(-2.7797, 1.064, 4.1977)
(-3.4711, 1.0891, 4.125)
(-3.2713, -0.0633, 0.1446)
(-4.1625, 1.1136, 4.0508)
(-4.8502, 1.1403, 3.9487)
(-5.5298, 1.1751, 3.8072)
(-6.2055, 1.205, 3.6473)
(-3.1409, -0.8605, -4.1058)
(-6.8875, 1.2199, 3.5059)
(-3.0896, -0.446, -1.6335)
(-3.0778, -0.3268, -1.021)
(-4.6647, 0.2876, 1.195)
(-3.4615, 0.0708, 0.7022)
(-3.9718, 0.2257, 1.1292)
(-5.2342, 0.2655, 1.5894)
(-5.761, 0.2145, 2.038)
(-2.9862, -1.05, -5.3066)
(-3.203, -0.7658, -3.502)
(-3.1903, -0.6607, -2.8826)
(-7.0955, 0.7548, 3.4874)
(-6.8445, 0.9877, 3.5432)
(-7.0483, 1.1343, 3.5174)
(-7.2743, 0.9073, 3.5196)
(-5.9356, 0.2247, 2.0724)
(-5.8447, 0.2678, 1.838)
(-6.1753, 0.3054, 1.8297)
(-6.2282, 0.3161, 2.0371)
(-6.1185, 0.1445, 1.659)
(-6.4924, 0.1058, 1.685)
(-6.5204, 0.3028, 1.7568)
(-6.3958, -0.06, 1.892)
(-6.7429, -0.0106, 2.0923)
(-6.8291, 0.1212, 1.7888)
(-6.5922, -0.0391, 2.4471)
(-6.9257, 0.0586, 2.6594)
(-7.0624, 0.0381, 2.3131)
(-6.744, 0.1427, 3.0003)
(-7.0535, 0.3153, 3.1783)
(-7.2253, 0.1679, 2.8758)
(-6.8296, 0.5298, 3.4119)
(-7.3162, 0.5213, 3.3307)
(-1.8008, 0.0516, 4.0934)
(-1.6074, 0.2998, 4.2317)
(-1.8809, 0.5668, 4.2783)
(-2.1173, 0.3381, 4.1688)
(-2.4212, 0.0697, 4.0404)
(-2.4421, 0.6127, 4.2049)
(-2.7777, 0.3592, 4.1055)
(-3.1201, 0.0825, 3.9909)
(-3.1271, 0.636, 4.1253)
(-3.4707, 0.3802, 4.0366)
(-3.8114, 0.1074, 3.9189)
(-3.8169, 0.661, 4.0425)
(-4.1602, 0.4062, 3.9505)
(-4.494, 0.1441, 3.8018)
(-4.5048, 0.6882, 3.9457)
(-4.8428, 0.4383, 3.8289)
(-5.1654, 0.1913, 3.6416)
(-5.1862, 0.72, 3.8189)
(-5.5174, 0.4761, 3.677)
(-5.8313, 0.2418, 3.4651)
(-5.8628, 0.7523, 3.675)
(-6.1904, 0.5106, 3.5264)
(-6.4947, 0.2894, 3.3037)
(-6.5373, 0.7721, 3.5558)
(-1.6735, -0.4787, 3.8382)
(-1.4064, -0.2296, 4.0207)
(-2.0617, -0.2089, 3.9455)
(-2.4008, -0.4674, 3.7769)
(-2.7637, -0.2042, 3.9036)
(-3.1063, -0.4465, 3.7253)
(-3.4596, -0.1818, 3.8445)
(-3.7808, -0.3762, 3.6126)
(-4.1397, -0.1337, 3.7291)
(-4.4369, -0.2739, 3.4417)
(-4.806, -0.0692, 3.5611)
(-5.0825, -0.1816, 3.2324)
(-5.4622, 0.0027, 3.3628)
(-5.7303, -0.1039, 3.015)
(-6.1201, 0.0741, 3.1694)
(-6.3785, -0.0104, 2.8157)
(-0.3396, -1.1009, 3.4572)
(-0.3367, -0.8808, 3.8225)
(-0.6689, -0.9407, 3.6685)
(-1.005, -1.0332, 3.4569)
(-0.9642, -0.6754, 3.8912)
(-1.312, -0.7693, 3.6768)
(-1.6909, -0.9517, 3.4197)
(-2.0392, -0.7135, 3.6135)
(-2.4031, -0.9101, 3.3688)
(-2.7533, -0.6892, 3.5648)
(-3.0666, -0.788, 3.271)
(-3.4218, -0.5871, 3.4526)
(-3.6842, -0.5664, 3.0976)
(-4.0612, -0.4264, 3.2806)
(-4.2923, -0.3247, 2.9044)
(-4.6893, -0.2677, 3.0807)
(-4.9139, -0.2203, 2.685)
(-5.327, -0.2127, 2.8509)
(-5.5586, -0.2047, 2.4553)
(-5.9767, -0.1373, 2.6356)
(-6.2074, -0.1241, 2.2497)
(-0.3447, -1.3983, 2.955)
(-0.6829, -1.2343, 3.2177)
(-1.0324, -1.3747, 2.943)
(-1.3602, -1.1745, 3.1922)
(-1.7199, -1.3149, 2.9067)
(-2.0578, -1.1161, 3.1457)
(-2.3932, -1.1942, 2.8407)
(-2.7247, -0.9893, 3.0689)
(-2.9714, -0.8969, 2.7122)
(-3.3094, -0.7064, 2.912)
(-3.5017, -0.5121, 2.5397)
(-3.8936, -0.4073, 2.7236)
(-4.0855, -0.2166, 2.3485)
(-4.4998, -0.194, 2.519)
(-4.7091, -0.1253, 2.1218)
(-5.1344, -0.1944, 2.2827)
(-5.3554, -0.1311, 1.895)
(-5.7863, -0.1602, 2.0667)
(-5.9927, -0.0559, 1.7438)
(-0.3478, -1.6873, 2.4105)
(-0.6934, -1.5431, 2.6817)
(-1.0442, -1.6747, 2.402)
(-1.384, -1.5022, 2.6575)
(-1.731, -1.5976, 2.3614)
(-2.0616, -1.3966, 2.6029)
(-2.377, -1.3911, 2.2703)
(-2.6741, -1.1418, 2.4954)
(-2.8936, -0.9861, 2.1287)
(-3.1597, -0.7006, 2.3387)
(-3.3457, -0.493, 1.97)
(-3.6839, -0.3011, 2.169)
(-3.8813, -0.1165, 1.7919)
(-4.2852, -0.0767, 1.9633)
(-4.4993, 0.027, 1.5961)
(-4.9246, -0.058, 1.7372)
(-5.1437, 0.0697, 1.4668)
(-5.5645, 0.0071, 1.5961)
(-5.7248, 0.1892, 1.5853)
(-0.351, -1.96, 1.8623)
(-0.6999, -1.8251, 2.1357)
(-1.0553, -1.9535, 1.8562)
(-1.3972, -1.7906, 2.1159)
(-1.7474, -1.8644, 1.8118)
(-2.0687, -1.6375, 2.0446)
(-2.3801, -1.6037, 1.703)
(-2.6535, -1.3064, 1.9172)
(-2.8747, -1.1495, 1.5536)
(-3.0964, -0.8017, 1.7612)
(-3.2768, -0.6029, 1.3986)
(-3.5465, -0.3019, 1.6005)
(-3.7019, -0.0827, 1.2359)
(-4.0876, 0.0654, 1.4261)
(-4.3165, 0.2465, 1.161)
(-4.7323, 0.1501, 1.3565)
(-4.9503, 0.2674, 1.3881)
(-5.3376, 0.2001, 1.5)
(-5.5003, 0.2323, 1.807)
(-0.3517, -2.1996, 1.302)
(-0.7052, -2.0854, 1.5828)
(-1.0583, -2.189, 1.2931)
(-1.4094, -2.0507, 1.5622)
(-1.7505, -2.0838, 1.2424)
(-2.0774, -1.8676, 1.481)
(-2.3469, -1.7693, 1.1243)
(-2.6264, -1.4758, 1.341)
(-2.7734, -1.2582, 0.9785)
(-3.0217, -0.9297, 1.192)
(-3.1016, -0.6758, 0.8447)
(-3.3751, -0.3695, 1.0509)
(-3.383, -0.1607, 0.7335)
(-3.7145, 0.1372, 0.9169)
(-0.3485, -2.4013, 0.7269)
(-0.7021, -2.2966, 1.0113)
(-1.0465, -2.3672, 0.709)
(-1.4014, -2.2421, 0.9827)
(-1.7204, -2.226, 0.6495)
(-2.0449, -2.0231, 0.8964)
(-2.253, -1.8591, 0.5369)
(-2.5154, -1.567, 0.7609)
(-2.6188, -1.3258, 0.407)
(-2.8544, -1.003, 0.6285)
(-2.9296, -0.7642, 0.2866)
(-3.1486, -0.4475, 0.5122)
(-3.1807, -0.2772, 0.1866)
(-3.3658, -0.0069, 0.4256)
(-0.3455, -2.6139, 0.1538)
(-0.6943, -2.4895, 0.432)
(-1.034, -2.5502, 0.126)
(-1.3781, -2.3949, 0.391)
(-1.6819, -2.3544, 0.0541)
(-1.9847, -2.1276, 0.3002)
(-2.182, -1.9572, -0.0562)
(-2.399, -1.6451, 0.1786)
(-2.5276, -1.4334, -0.1737)
(-2.7191, -1.0989, 0.0593)
(-2.8257, -0.8867, -0.2869)
(-3.0042, -0.5651, -0.0513)
(-3.0625, -0.4075, -0.3858)
(-3.208, -0.1387, -0.1394)
(-0.3441, -2.8333, -0.4177)
(-0.6892, -2.6966, -0.1433)
(-1.0252, -2.7375, -0.4555)
(-1.3581, -2.5562, -0.1975)
(-1.6516, -2.4912, -0.5396)
(-1.9365, -2.2404, -0.2965)
(-2.1383, -2.073, -0.6519)
(-2.3416, -1.7603, -0.4115)
(-2.4851, -1.5574, -0.7648)
(-2.6523, -1.2247, -0.5237)
(-2.7772, -1.0155, -0.8758)
(-2.9238, -0.6966, -0.6318)
(-3.0045, -0.5373, -0.9756)
(-3.1124, -0.2701, -0.7211)
(-0.3429, -3.0461, -0.9916)
(-0.6857, -2.901, -0.7198)
(-1.0162, -2.9176, -1.0391)
(-1.3413, -2.7167, -0.7862)
(-1.6242, -2.628, -1.1339)
(-1.8999, -2.3622, -0.8933)
(-2.103, -2.188, -1.2519)
(-2.3069, -1.8786, -1.0087)
(-2.4593, -1.6705, -1.3674)
(-2.6227, -1.3463, -1.1205)
(-2.7621, -1.1286, -1.4813)
(-2.8947, -0.8196, -1.2302)
(-3.0029, -0.6539, -1.5847)
(-3.0862, -0.3953, -1.3224)
(-0.3415, -3.2494, -1.5687)
(-0.6816, -3.0961, -1.2991)
(-1.0056, -3.09, -1.6248)
(-1.3232, -2.8715, -1.3764)
(-1.5956, -2.7627, -1.7288)
(-1.8656, -2.4833, -1.4918)
(-2.068, -2.2991, -1.8548)
(-2.2771, -1.987, -1.6136)
(-2.4365, -1.7701, -1.9786)
(-2.6076, -1.4504, -1.7306)
(-2.7605, -1.2247, -2.0992)
(-2.8993, -0.9251, -1.8449)
(-3.0311, -0.7574, -2.2064)
(-3.1179, -0.5098, -1.9405)
(-0.3397, -3.4447, -2.1482)
(-0.6767, -3.2828, -1.881)
(-0.9934, -3.2563, -2.212)
(-1.3028, -3.0219, -1.9676)
(-1.5641, -2.8959, -2.3236)
(-1.8291, -2.6041, -2.0904)
(-2.0275, -2.4097, -2.4569)
(-2.2444, -2.0892, -2.2215)
(-2.4065, -1.865, -2.5908)
(-2.5928, -1.5421, -2.3478)
(-2.7537, -1.3129, -2.7203)
(-2.9125, -1.0183, -2.4681)
(-3.0569, -0.8545, -2.8311)
(-3.1679, -0.6174, -2.5655)
(-0.3375, -3.6334, -2.7296)
(-0.6709, -3.4628, -2.4648)
(-0.9796, -3.4176, -2.8005)
(-1.2802, -3.1685, -2.5594)
(-1.5296, -3.0267, -2.9185)
(-1.7879, -2.7247, -2.6878)
(-1.9785, -2.5219, -3.0559)
(-2.2012, -2.193, -2.8261)
(-2.3604, -1.9645, -3.1964)
(-2.5649, -1.6332, -2.9623)
(-2.7247, -1.4047, -3.3341)
(-2.9104, -1.109, -3.0894)
(-3.0514, -0.9517, -3.4492)
(-3.1984, -0.7227, -3.1885)
(-0.3351, -3.8168, -3.3124)
(-0.6644, -3.6374, -3.05)
(-0.9644, -3.5745, -3.3899)
(-1.2552, -3.3114, -3.1519)
(-1.4916, -3.1544, -3.5137)
(-1.7417, -2.8436, -3.2845)
(-1.9218, -2.6324, -3.6535)
(-2.1451, -2.2997, -3.4256)
(-2.2975, -2.0675, -3.7956)
(-2.5141, -1.7314, -3.5671)
(-2.6653, -1.5032, -3.9363)
(-2.8728, -1.2043, -3.6995)
(-2.9962, -1.0479, -4.0543)
(-3.174, -0.8227, -3.801)
(-0.3324, -3.9957, -3.8963)
(-0.657, -3.8073, -3.6362)
(-0.9473, -3.7276, -3.98)
(-1.2276, -3.4509, -3.745)
(-1.4493, -3.2787, -4.1093)
(-1.6904, -2.9594, -3.8813)
(-1.858, -2.7392, -4.2508)
(-2.079, -2.404, -4.0233)
(-2.2229, -2.1666, -4.3932)
(-2.4437, -1.8313, -4.1655)
(-2.5876, -1.5994, -4.5343)
(-2.8028, -1.3009, -4.2996)
(-2.9175, -1.1421, -4.6534)
(-3.1013, -0.916, -4.4027)
(-0.3294, -4.1624, -4.4505)
(-0.6487, -3.9723, -4.2193)
(-0.9289, -3.8688, -4.5382)
(-1.1967, -3.5857, -4.3345)
(-1.4045, -3.3925, -4.672)
(-1.6334, -3.0707, -4.474)
(-1.791, -2.8362, -4.8148)
(-2.0048, -2.5031, -4.6165)
(-2.1445, -2.2562, -4.9571)
(-2.3627, -1.9257, -4.7586)
(-2.5066, -1.6871, -5.0983)
(-2.7212, -1.3944, -4.8934)
(-2.841, -1.2328, -5.2212)
(-3.023, -1.0109, -5.0032)
(-0.3269, -4.2916, -4.884)
(-0.6408, -4.1091, -4.7114)
(-0.9129, -3.9748, -4.9658)
(-1.1673, -3.6957, -4.8296)
(-1.3662, -3.4769, -5.1026)
(-1.5803, -3.1609, -4.9714)
(-1.7353, -2.908, -5.246)
(-1.9368, -2.5832, -5.1141)
(-2.0809, -2.3228, -5.3881)
(-2.2894, -2.0023, -5.256)
(-2.4416, -1.7527, -5.5293)
(-2.6489, -1.4723, -5.3903)
(-2.7732, -1.3097, -5.6333)
(-2.9522, -1.1022, -5.4856)
(-1.7192, 0.7137, 4.3425)
(-1.935, 0.9565, 4.3135)
(-2.139, 0.8198, 4.2746)
(-2.4328, 1.0502, 4.2436)
(-2.7815, 0.8519, 4.1932)
(-3.1224, 1.0665, 4.163)
(-3.4702, 0.876, 4.1102)
(-3.8119, 1.0912, 4.0872)
(-4.1598, 0.9018, 4.0256)
(-4.5011, 1.1176, 3.9966)
(-4.8461, 0.9302, 3.9188)
(-5.1851, 1.1485, 3.8744)
(-5.5261, 0.9626, 3.7829)
(-5.8635, 1.1803, 3.7251)
(-6.2044, 0.9894, 3.6422)
(-6.5447, 1.2024, 3.5768)
(-6.8205, 1.4346, 3.4412)
(-7.0476, 1.6316, 3.2773)
(-7.2466, 1.5211, 3.3709)
(-7.0449, 1.3063, 3.4755)
(-5.8511, 0.3304, 1.8795)
(-5.925, 0.2206, 2.1058)
(-6.2246, 0.3056, 2.1142)
(-6.1869, 0.4291, 1.8983)
(-6.1238, 0.6386, 1.6512)
(-6.5331, 0.5227, 1.8718)
(-6.4921, 0.7709, 1.6782)
(-6.3709, 1.0873, 1.6868)
(-6.8235, 0.9156, 1.7593)
(-6.7093, 1.2412, 1.8515)
(-6.5373, 1.5284, 2.049)
(-7.0158, 1.3973, 2.0327)
(-6.8613, 1.6459, 2.263)
(-6.6639, 1.8039, 2.5545)
(-7.1518, 1.7502, 2.4932)
(-6.975, 1.8228, 2.7963)
(-6.7603, 1.7513, 3.1028)
(-7.2501, 1.7713, 3.0268)
(-1.607, 1.731, 3.9845)
(-1.7979, 1.8949, 3.7318)
(-2.1085, 1.6729, 3.89)
(-1.8761, 1.5013, 4.1034)
(-2.4024, 1.8602, 3.6242)
(-2.7534, 1.6436, 3.7805)
(-2.4301, 1.4437, 4.0067)
(-3.082, 1.865, 3.5383)
(-3.4346, 1.6677, 3.7103)
(-3.1074, 1.4442, 3.9167)
(-3.7519, 1.8531, 3.4457)
(-4.1082, 1.6538, 3.591)
(-3.7909, 1.4606, 3.8325)
(-4.4045, 1.7928, 3.2746)
(-4.7682, 1.615, 3.4227)
(-4.4655, 1.4434, 3.6999)
(-5.0621, 1.7815, 3.11)
(-5.4391, 1.6591, 3.3013)
(-5.1371, 1.4603, 3.5662)
(-5.7349, 1.8144, 2.9887)
(-6.1165, 1.7156, 3.1955)
(-5.814, 1.5282, 3.4596)
(-6.4082, 1.8283, 2.8807)
(-6.4895, 1.5849, 3.3588)
(-1.4058, 2.0665, 3.5475)
(-1.6655, 2.1865, 3.2332)
(-2.051, 2.0501, 3.4465)
(-2.3799, 2.2006, 3.1458)
(-2.7328, 2.0511, 3.3495)
(-3.0585, 2.1589, 3.0531)
(-3.4028, 2.0195, 3.2573)
(-3.6888, 2.006, 2.909)
(-4.0421, 1.9132, 3.104)
(-4.3149, 1.9073, 2.7285)
(-4.6865, 1.8803, 2.9176)
(-4.9692, 1.8789, 2.572)
(-5.3522, 1.8745, 2.7715)
(-5.6359, 1.8268, 2.433)
(-6.0249, 1.853, 2.6475)
(-6.3015, 1.7481, 2.3208)
(-0.3337, 2.2651, 2.5643)
(-0.6529, 2.2486, 2.8316)
(-0.3215, 2.1793, 2.9784)
(-0.9944, 2.3268, 2.6165)
(-1.3015, 2.2804, 2.9453)
(-0.9468, 2.2043, 3.1701)
(-1.68, 2.3622, 2.6271)
(-2.0246, 2.2982, 2.9021)
(-2.3809, 2.3305, 2.5728)
(-2.7186, 2.2633, 2.8274)
(-3.016, 2.1424, 2.4965)
(-3.342, 2.0762, 2.7147)
(-3.6039, 1.9112, 2.36)
(-3.9529, 1.9096, 2.5356)
(-4.2126, 1.7293, 2.2217)
(-4.5893, 1.811, 2.3903)
(-4.8537, 1.5684, 2.1236)
(-5.2469, 1.7187, 2.268)
(-5.507, 1.4907, 1.9764)
(-5.9074, 1.6523, 2.121)
(-6.1614, 1.3972, 1.8592)
(-0.3468, 2.3808, 1.9985)
(-0.6782, 2.3487, 2.3061)
(-1.0309, 2.4114, 2.0097)
(-1.3541, 2.3915, 2.3235)
(-1.7164, 2.3994, 2.0043)
(-2.0449, 2.3707, 2.2989)
(-2.3758, 2.2507, 1.9865)
(-2.699, 2.2042, 2.253)
(-2.9934, 2.0007, 1.9409)
(-3.2955, 1.9456, 2.1662)
(-3.5385, 1.6712, 1.8823)
(-3.849, 1.664, 2.0708)
(-4.0731, 1.3063, 1.8713)
(-4.4551, 1.419, 2.0047)
(-4.6839, 1.119, 1.7732)
(-5.0982, 1.3055, 1.8633)
(-5.3322, 1.0555, 1.5988)
(-5.7524, 1.2409, 1.7081)
(-5.9767, 0.9363, 1.5665)
(-0.3546, 2.4679, 1.3968)
(-0.696, 2.4391, 1.7009)
(-1.0445, 2.4415, 1.4002)
(-1.3836, 2.4195, 1.7032)
(-1.7248, 2.346, 1.3983)
(-2.0568, 2.3123, 1.6936)
(-2.3727, 2.1359, 1.3979)
(-2.68, 2.0548, 1.6881)
(-2.9377, 1.7823, 1.4221)
(-3.2402, 1.7207, 1.667)
(-3.4337, 1.3497, 1.4295)
(-3.7448, 1.3027, 1.6525)
(-3.9277, 0.9118, 1.4687)
(-4.2866, 0.9614, 1.6675)
(-4.4973, 0.6819, 1.4285)
(-4.9098, 0.866, 1.5057)
(-5.1368, 0.607, 1.3768)
(-5.5551, 0.7647, 1.4706)
(-5.7307, 0.5004, 1.596)
(-0.358, 2.4378, 0.7929)
(-0.7023, 2.4542, 1.0957)
(-1.0473, 2.3828, 0.7973)
(-1.3864, 2.3686, 1.1002)
(-1.714, 2.2211, 0.8079)
(-2.0464, 2.1831, 1.1047)
(-2.3451, 1.9534, 0.8259)
(-2.6518, 1.8795, 1.1264)
(-2.8803, 1.5528, 0.8829)
(-3.1387, 1.4251, 1.1896)
(-3.2778, 1.029, 0.9939)
(-3.5788, 0.9389, 1.2457)
(-3.6897, 0.5159, 1.0921)
(-4.0971, 0.5324, 1.3022)
(-4.32, 0.2669, 1.1633)
(-4.7304, 0.4631, 1.2911)
(-4.9487, 0.2857, 1.3963)
(-5.336, 0.3923, 1.5087)
(-5.4949, 0.2476, 1.8204)
(-0.3594, 2.2964, 0.2041)
(-0.7048, 2.3628, 0.4968)
(-1.0492, 2.2534, 0.2065)
(-1.3847, 2.2606, 0.5047)
(-1.7095, 2.0886, 0.2204)
(-2.0246, 2.0167, 0.5256)
(-2.3194, 1.7874, 0.2502)
(-2.6112, 1.6787, 0.5633)
(-2.8164, 1.359, 0.3243)
(-3.0486, 1.1879, 0.666)
(-3.1483, 0.8085, 0.4727)
(-3.3644, 0.6338, 0.8167)
(-3.3917, 0.3, 0.6235)
(-3.7189, 0.1593, 0.9145)
(-0.3598, 2.1241, -0.3709)
(-0.7049, 2.187, -0.0813)
(-1.049, 2.0982, -0.3693)
(-1.3878, 2.1175, -0.079)
(-1.7194, 1.9861, -0.3666)
(-2.0261, 1.9009, -0.0609)
(-2.2953, 1.6764, -0.3337)
(-2.5624, 1.5197, -0.0089)
(-2.7172, 1.197, -0.2383)
(-2.9432, 1.0062, 0.1129)
(-3.0102, 0.647, -0.0801)
(-3.1948, 0.4564, 0.2814)
(-3.2054, 0.1543, 0.0755)
(-3.367, 0.0144, 0.4212)
(-0.3592, 2.1281, -0.966)
(-0.7052, 2.099, -0.6648)
(-1.0481, 2.1098, -0.9639)
(-1.3878, 2.0475, -0.6651)
(-1.6927, 1.9331, -0.9584)
(-2.0073, 1.8138, -0.6504)
(-2.2087, 1.5398, -0.9096)
(-2.4735, 1.3755, -0.5794)
(-2.578, 1.035, -0.795)
(-2.804, 0.8479, -0.4421)
(-2.8565, 0.4933, -0.6344)
(-3.0439, 0.3114, -0.2757)
(-3.0651, 0.0151, -0.4909)
(-3.2064, -0.1196, -0.1451)
(-0.3543, 2.2511, -1.5564)
(-0.702, 2.1745, -1.261)
(-1.0296, 2.1455, -1.5603)
(-1.3656, 2.0449, -1.2616)
(-1.6205, 1.8363, -1.5435)
(-1.9233, 1.6905, -1.2305)
(-2.0672, 1.3628, -1.4676)
(-2.3314, 1.2041, -1.1363)
(-2.4087, 0.8451, -1.3404)
(-2.6432, 0.6779, -0.9922)
(-2.7065, 0.3185, -1.1901)
(-2.9006, 0.1574, -0.837)
(-2.9671, -0.1322, -1.0701)
(-3.1085, -0.2517, -0.7291)
(-0.3467, 2.3224, -2.1559)
(-0.6886, 2.2425, -1.8566)
(-0.9845, 2.1087, -2.153)
(-1.3075, 1.9771, -1.8513)
(-1.4999, 1.6794, -2.1101)
(-1.7893, 1.5189, -1.7918)
(-1.8931, 1.1512, -2.0095)
(-2.1546, 0.9977, -1.6772)
(-2.2464, 0.6329, -1.8867)
(-2.4868, 0.4821, -1.5429)
(-2.6117, 0.1398, -1.7633)
(-2.8027, -0.0081, -1.4125)
(-2.945, -0.2697, -1.6703)
(-3.0812, -0.3775, -1.3322)
(-0.3337, 2.3267, -2.7596)
(-0.6607, 2.233, -2.4547)
(-0.9043, 2.0024, -2.7327)
(-1.1998, 1.8387, -2.4219)
(-1.3484, 1.4861, -2.6621)
(-1.6242, 1.3134, -2.3378)
(-1.7539, 0.9508, -2.5646)
(-2.0, 0.7837, -2.2263)
(-2.1716, 0.4583, -2.4631)
(-2.3948, 0.2959, -2.1153)
(-2.6221, 0.0143, -2.3632)
(-2.7983, -0.142, -2.0127)
(-2.9975, -0.3717, -2.2873)
(-3.1134, -0.4917, -1.9497)
(-0.3146, 2.2725, -3.3609)
(-0.6175, 2.1578, -3.0473)
(-0.833, 1.8712, -3.3139)
(-1.0797, 1.6707, -2.9867)
(-1.2599, 1.3354, -3.237)
(-1.5051, 1.1353, -2.9015)
(-1.7273, 0.8396, -3.1542)
(-1.9527, 0.6405, -2.8099)
(-2.2297, 0.3991, -3.0654)
(-2.4278, 0.1977, -2.7151)
(-2.7179, -0.0356, -2.9754)
(-2.8741, -0.2228, -2.6285)
(-3.0661, -0.4576, -2.9089)
(-3.1641, -0.5989, -2.5738)
(-0.3076, 2.2043, -3.9639)
(-0.5879, 2.0647, -3.6421)
(-0.8254, 1.7917, -3.9108)
(-1.0342, 1.5563, -3.5735)
(-1.284, 1.2839, -3.8354)
(-1.5014, 1.0551, -3.4952)
(-1.8033, 0.8366, -3.7537)
(-2.0193, 0.6117, -3.4113)
(-2.3379, 0.4114, -3.668)
(-2.5361, 0.1826, -3.3232)
(-2.7988, -0.0717, -3.5872)
(-2.9513, -0.2873, -3.246)
(-3.0941, -0.5468, -3.5262)
(-3.1949, -0.7039, -3.1961)
(-0.318, 2.1375, -4.5672)
(-0.5962, 2.0028, -4.2431)
(-0.8703, 1.7649, -4.5115)
(-1.0766, 1.5238, -4.1743)
(-1.3752, 1.3039, -4.4337)
(-1.5876, 1.0673, -4.0945)
(-1.9153, 0.88, -4.3502)
(-2.1284, 0.6451, -4.0097)
(-2.4248, 0.4246, -4.2698)
(-2.62, 0.1753, -3.9291)
(-2.8232, -0.1187, -4.1953)
(-2.9727, -0.3567, -3.8583)
(-3.0602, -0.6326, -4.1331)
(-3.1699, -0.8037, -3.8068)
(-0.3325, 2.0569, -5.1678)
(-0.6289, 1.9603, -4.8445)
(-0.935, 1.7598, -5.1104)
(-1.1638, 1.5428, -4.772)
(-1.4826, 1.3485, -5.0292)
(-1.7004, 1.1151, -4.69)
(-2.0106, 0.911, -4.9491)
(-2.221, 0.6703, -4.6095)
(-2.4668, 0.4034, -4.8744)
(-2.6524, 0.1435, -4.535)
(-2.802, -0.1854, -4.8005)
(-2.942, -0.4314, -4.4639)
(-2.996, -0.7202, -4.7343)
(-3.0965, -0.8969, -4.4066)
(-0.3428, 1.9542, -5.7329)
(-0.6605, 1.9041, -5.4402)
(-0.9856, 1.7388, -5.677)
(-1.2484, 1.5626, -5.3659)
(-1.5624, 1.3712, -5.596)
(-1.7931, 1.1467, -5.2846)
(-2.063, 0.9057, -5.519)
(-2.2696, 0.6566, -5.2093)
(-2.4664, 0.3521, -5.446)
(-2.642, 0.0835, -5.1359)
(-2.7617, -0.2613, -5.3701)
(-2.8889, -0.5146, -5.0622)
(-2.9352, -0.8063, -5.3048)
(-3.0201, -0.9915, -5.0069)
(-0.3529, 1.866, -6.1706)
(-0.6855, 1.8477, -5.9406)
(-1.0309, 1.7381, -6.1087)
(-1.3117, 1.5777, -5.8651)
(-1.6184, 1.3919, -6.0288)
(-1.8467, 1.1517, -5.7868)
(-2.081, 0.8826, -5.9555)
(-2.2777, 0.6178, -5.7135)
(-2.449, 0.2992, -5.8821)
(-2.6149, 0.0193, -5.6389)
(-2.7276, -0.324, -5.8048)
(-2.8429, -0.5875, -5.5628)
(-2.8937, -0.8562, -5.7242)
(-2.9664, -1.0539, -5.4961)
(-1.7158, 1.3848, 4.2357)
(-2.1354, 1.2727, 4.1795)
(-1.9353, 1.1546, 4.2869)
(-2.7746, 1.2502, 4.0895)
(-2.4356, 1.07, 4.2383)
(-3.4629, 1.2684, 4.0115)
(-3.1285, 1.0866, 4.1597)
(-4.1489, 1.2807, 3.9202)
(-3.8217, 1.1114, 4.0886)
(-4.8284, 1.2872, 3.7968)
(-4.5116, 1.1364, 4.0029)
(-5.506, 1.3356, 3.6745)
(-5.1949, 1.1669, 3.8815)
(-6.1837, 1.3877, 3.5497)
(-5.8717, 1.1998, 3.7295)
(-6.5482, 1.2225, 3.5765)
(7.0818, 0.9529, 3.5256)
(6.0431, 0.2994, 1.9573)
(6.3306, 0.2322, 1.7113)
(6.6293, 0.0323, 1.833)
(6.8428, 0.0051, 2.3726)
(7.0008, 0.1594, 2.9321)
(7.0908, 0.5264, 3.3674)
(1.8514, 0.321, 4.1994)
(2.4372, 0.3501, 4.1369)
(3.1282, 0.3692, 4.0717)
(3.8195, 0.3927, 3.9962)
(4.5061, 0.4213, 3.8935)
(5.1843, 0.4567, 3.754)
(5.857, 0.494, 3.5976)
(6.5275, 0.5225, 3.4626)
(1.7355, -0.2174, 3.9769)
(2.4117, -0.2061, 3.9227)
(3.1177, -0.1964, 3.8786)
(3.8048, -0.1605, 3.7933)
(4.4781, -0.1034, 3.6498)
(5.1378, -0.0336, 3.4621)
(5.7937, 0.038, 3.2623)
(6.4482, 0.1118, 3.0778)
(0.3405, -0.9825, 3.6522)
(0.9905, -0.8566, 3.6793)
(1.6755, -0.728, 3.6449)
(2.4043, -0.7062, 3.5912)
(3.0974, -0.6504, 3.5183)
(3.7493, -0.5152, 3.3714)
(4.3795, -0.3395, 3.1845)
(5.0095, -0.2335, 2.9658)
(5.6536, -0.1799, 2.7384)
(6.3003, -0.0852, 2.5332)
(0.3447, -1.2443, 3.2195)
(1.0227, -1.2071, 3.2083)
(1.7105, -1.1466, 3.171)
(2.4037, -1.0722, 3.1153)
(3.0343, -0.874, 2.997)
(3.611, -0.5668, 2.8184)
(4.1979, -0.2783, 2.626)
(4.8163, -0.1797, 2.4014)
(5.461, -0.1847, 2.1688)
(6.1088, -0.1134, 1.9691)
(0.3487, -1.5458, 2.6836)
(1.0416, -1.5288, 2.6731)
(1.7282, -1.4619, 2.6357)
(2.3858, -1.2974, 2.5574)
(2.9325, -0.9443, 2.4191)
(3.4199, -0.4957, 2.256)
(3.9797, -0.1596, 2.0735)
(4.6029, -0.0535, 1.8491)
(5.2488, -0.0323, 1.6439)
(5.8587, 0.0784, 1.6105)
(0.3517, -1.8261, 2.1372)
(1.052, -1.8171, 2.1304)
(1.741, -1.7332, 2.0881)
(2.3805, -1.4972, 1.9873)
(2.8859, -1.0652, 1.8412)
(3.3132, -0.5411, 1.6848)
(3.8014, -0.088, 1.5135)
(4.4042, 0.1332, 1.3752)
(5.0425, 0.1771, 1.3989)
(5.6037, 0.2411, 1.6671)
(0.3542, -2.0854, 1.5844)
(1.061, -2.0788, 1.5777)
(1.7549, -1.9828, 1.5306)
(2.3739, -1.6954, 1.4156)
(2.838, -1.2114, 1.2664)
(3.2, -0.6409, 1.1218)
(3.545, -0.1088, 0.9856)
(0.3529, -2.302, 1.0153)
(1.0561, -2.2812, 1.0024)
(1.7411, -2.1602, 0.9478)
(2.3048, -1.817, 0.8317)
(2.6962, -1.2891, 0.6934)
(3.0101, -0.713, 0.5682)
(3.2677, -0.2141, 0.4666)
(0.3496, -2.5052, 0.4398)
(1.0425, -2.4564, 0.4171)
(1.7033, -2.2883, 0.3517)
(2.2154, -1.9035, 0.2411)
(2.5676, -1.3736, 0.1185)
(2.8734, -0.8222, 0.0024)
(3.1187, -0.3413, -0.0969)
(0.3477, -2.7235, -0.1318)
(1.0323, -2.6434, -0.1645)
(1.6689, -2.4211, -0.2426)
(2.1618, -2.0136, -0.3533)
(2.5078, -1.4959, -0.4675)
(2.8021, -0.9528, -0.5788)
(3.0332, -0.4745, -0.6779)
(0.3468, -2.9404, -0.7043)
(1.0242, -2.8276, -0.7469)
(1.6414, -2.5591, -0.8363)
(2.1248, -2.1311, -0.9508)
(2.4772, -1.6169, -1.0642)
(2.7739, -1.0761, -1.1761)
(3.006, -0.5993, -1.2777)
(0.3459, -3.1485, -1.2798)
(1.0148, -3.0039, -1.3315)
(1.6143, -2.6954, -1.4309)
(2.0912, -2.2447, -1.5525)
(2.4549, -1.7234, -1.6717)
(2.7682, -1.1805, -1.7887)
(3.0229, -0.709, -1.8942)
(0.3447, -3.3477, -1.8581)
(1.0038, -3.1736, -1.9179)
(1.5851, -2.8302, -2.0256)
(2.0549, -2.356, -2.1554)
(2.4304, -1.82, -2.2845)
(2.7663, -1.2716, -2.4096)
(3.0527, -0.8084, -2.5187)
(0.3431, -3.5398, -2.4385)
(0.9914, -3.3379, -2.5056)
(1.5529, -2.9632, -2.6202)
(2.0111, -2.4685, -2.7558)
(2.3935, -1.9173, -2.8939)
(2.7501, -1.3608, -3.0282)
(3.065, -0.9048, -3.1413)
(0.3411, -3.726, -3.0206)
(0.9775, -3.4977, -3.0944)
(1.5175, -3.0934, -3.2151)
(1.9587, -2.5812, -3.3538)
(2.3389, -2.02, -3.4957)
(2.7052, -1.4568, -3.6358)
(3.033, -1.0015, -3.7528)
(0.3389, -3.9073, -3.6039)
(0.962, -3.6536, -3.684)
(1.4783, -3.2205, -3.8103)
(1.8993, -2.6908, -3.9511)
(2.2698, -2.1223, -4.0936)
(2.6344, -1.5552, -4.2349)
(2.9613, -1.0962, -4.3538)
(0.3363, -4.0836, -4.1843)
(0.9444, -3.8045, -4.2702)
(1.4346, -3.343, -4.4018)
(1.8329, -2.7955, -4.5442)
(2.1914, -2.2189, -4.6867)
(2.5519, -1.6489, -4.8281)
(2.88, -1.1896, -4.9492)
(0.3338, -4.2317, -4.6781)
(0.9276, -3.9285, -4.763)
(1.3933, -3.4425, -4.8984)
(1.7716, -2.8803, -5.0417)
(2.1199, -2.297, -5.1841)
(2.4777, -1.7251, -5.3255)
(2.8082, -1.2709, -5.4424)
(1.9129, 0.7738, 4.3092)
(2.4457, 0.8411, 4.2345)
(3.1294, 0.8633, 4.1514)
(3.8187, 0.8888, 4.069)
(4.5073, 0.9153, 3.9754)
(5.1904, 0.9459, 3.8531)
(5.8686, 0.9769, 3.7101)
(6.545, 0.9946, 3.5841)
(7.0561, 1.4739, 3.404)
(6.0459, 0.3202, 2.0149)
(6.3404, 0.5837, 1.7645)
(6.6137, 1.0012, 1.7178)
(6.7934, 1.4618, 2.0377)
(6.9255, 1.7768, 2.5215)
(7.0235, 1.7623, 3.0637)
(1.848, 1.7009, 3.941)
(2.4212, 1.6521, 3.8336)
(3.0978, 1.6532, 3.7437)
(3.7767, 1.6671, 3.6585)
(4.442, 1.6287, 3.5055)
(5.1061, 1.6288, 3.3569)
(5.7811, 1.6891, 3.2481)
(6.4564, 1.7357, 3.1474)
(1.7322, 2.0561, 3.4962)
(2.3928, 2.0489, 3.3977)
(3.0761, 2.0443, 3.3054)
(3.7281, 1.9651, 3.1866)
(4.3656, 1.8873, 3.0079)
(5.0214, 1.8788, 2.84)
(5.6918, 1.8674, 2.7074)
(6.3619, 1.8306, 2.5968)
(0.3301, 2.2233, 2.7855)
(0.9759, 2.2732, 2.895)
(1.6649, 2.2759, 2.9312)
(2.3841, 2.2817, 2.8618)
(3.0418, 2.18, 2.7777)
(3.6501, 1.984, 2.6255)
(4.2717, 1.8601, 2.4558)
(4.9207, 1.765, 2.3328)
(5.58, 1.6889, 2.1924)
(6.2388, 1.5968, 2.0744)
(0.3362, 2.3339, 2.2968)
(1.0088, 2.382, 2.3188)
(1.695, 2.3678, 2.3068)
(2.3882, 2.316, 2.2583)
(3.0202, 2.1176, 2.1996)
(3.5755, 1.8097, 2.1142)
(4.1476, 1.5344, 2.0416)
(4.7769, 1.3508, 1.9446)
(5.4265, 1.2812, 1.7761)
(6.0785, 1.1747, 1.6796)
(0.3372, 2.4422, 1.6989)
(1.024, 2.4285, 1.7029)
(1.7067, 2.3488, 1.6903)
(2.377, 2.2172, 1.6653)
(2.978, 1.9417, 1.6599)
(3.4913, 1.5241, 1.6535)
(4.0042, 1.1105, 1.6753)
(4.5908, 0.9021, 1.5946)
(5.2353, 0.8268, 1.4575)
(5.8566, 0.7058, 1.5455)
(0.3357, 2.4612, 1.0944)
(1.0225, 2.3914, 1.0972)
(1.6949, 2.2444, 1.096)
(2.3463, 2.0319, 1.0953)
(2.9029, 1.6716, 1.1453)
(3.3497, 1.1871, 1.2175)
(3.8164, 0.7122, 1.2844)
(4.4058, 0.4814, 1.29)
(5.0393, 0.4378, 1.3689)
(5.6067, 0.362, 1.6973)
(0.3338, 2.3643, 0.4965)
(1.0204, 2.2863, 0.5002)
(1.6784, 2.0998, 0.5112)
(2.3087, 1.8293, 0.5307)
(2.8471, 1.4458, 0.5972)
(3.2112, 0.9098, 0.742)
(3.5337, 0.393, 0.8731)
(0.3302, 2.1822, -0.081)
(1.0176, 2.1165, -0.0774)
(1.6833, 1.975, -0.0711)
(2.2916, 1.6985, -0.0474)
(2.7704, 1.2703, 0.0357)
(3.0843, 0.7254, 0.1956)
(3.2893, 0.2262, 0.3553)
(0.3301, 2.0836, -0.6657)
(1.019, 2.0367, -0.6593)
(1.6883, 1.9123, -0.6594)
(2.2549, 1.598, -0.6308)
(2.6555, 1.1154, -0.5254)
(2.9354, 0.5701, -0.3581)
(3.1344, 0.085, -0.2058)
(0.3353, 2.1714, -1.2597)
(1.0197, 2.0962, -1.2574)
(1.6489, 1.8629, -1.2514)
(2.1449, 1.4456, -1.1984)
(2.5002, 0.939, -1.0748)
(2.7808, 0.4044, -0.9118)
(3.0143, -0.0602, -0.778)
(0.3377, 2.2867, -1.8527)
(0.9968, 2.1154, -1.8534)
(1.5556, 1.7456, -1.8287)
(1.9769, 1.2466, -1.7422)
(2.3228, 0.7305, -1.614)
(2.652, 0.2206, -1.474)
(2.9519, -0.2077, -1.3672)
(0.3327, 2.325, -2.4559)
(0.9361, 2.0451, -2.4408)
(1.4119, 1.5645, -2.3842)
(1.8051, 1.0279, -2.2828)
(2.1903, 0.5223, -2.1705)
(2.6054, 0.0599, -2.0604)
(2.9705, -0.3283, -1.9769)
(0.3177, 2.2957, -3.0585)
(0.8534, 1.9164, -3.0191)
(1.2802, 1.3811, -2.944)
(1.7161, 0.8631, -2.8548)
(2.1832, 0.4016, -2.7616)
(2.6662, -0.0237, -2.6678)
(3.0387, -0.4176, -2.5976)
(0.3032, 2.2293, -3.6604)
(0.8095, 1.804, -3.608)
(1.2473, 1.2773, -3.5328)
(1.7471, 0.8107, -3.4524)
(2.2794, 0.3912, -3.3656)
(2.7662, -0.0567, -3.2805)
(3.0915, -0.5033, -3.2181)
(0.3018, 2.1603, -4.264)
(0.8276, 1.75, -4.2085)
(1.3105, 1.2665, -4.1332)
(1.8504, 0.8433, -4.05)
(2.3842, 0.4154, -3.9665)
(2.8204, -0.0943, -3.8903)
(3.0865, -0.5903, -3.8303)
(0.3139, 2.0902, -4.8662)
(0.8867, 1.7416, -4.808)
(1.4171, 1.3095, -4.7285)
(1.9615, 0.8916, -4.646)
(2.4514, 0.4172, -4.5692)
(2.8186, -0.1495, -4.4969)
(3.0315, -0.6756, -4.4334)
(0.3302, 2.0008, -5.4609)
(0.9519, 1.7378, -5.4027)
(1.5184, 1.3535, -5.3208)
(2.0394, 0.9102, -5.2425)
(2.4702, 0.3804, -5.1702)
(2.7824, -0.2229, -5.0966)
(2.9638, -0.7643, -5.0312)
(0.3432, 1.9068, -5.9622)
(1.0034, 1.7333, -5.9015)
(1.588, 1.3801, -5.8201)
(2.0725, 0.8962, -5.7458)
(2.4573, 0.3269, -5.674)
(2.7419, -0.2928, -5.5985)
(2.911, -0.8358, -5.5283)
(1.9096, 1.3206, 4.2111)
(2.4403, 1.2526, 4.1354)
(3.1221, 1.2575, 4.0492)
(3.8102, 1.2765, 3.9692)
(4.493, 1.2814, 3.8605)
(5.1712, 1.3076, 3.7357)
(5.8486, 1.3627, 3.6122)
(6.5229, 1.4087, 3.4918)
(-7.0781, 0.9544, 3.526)
(-6.046, 0.2941, 1.9543)
(-6.3324, 0.2228, 1.7092)
(-6.6289, 0.0236, 1.8341)
(-6.8409, 0.0019, 2.3752)
(-6.998, 0.1596, 2.9342)
(-7.0873, 0.5279, 3.3689)
(-1.8481, 0.3206, 4.2002)
(-2.4338, 0.35, 4.1374)
(-3.1248, 0.3691, 4.0723)
(-3.816, 0.3926, 3.997)
(-4.5026, 0.4214, 3.8944)
(-5.1808, 0.4569, 3.7551)
(-5.8535, 0.4944, 3.5989)
(-6.524, 0.5234, 3.4639)
(-1.7324, -0.2179, 3.9777)
(-2.4085, -0.2062, 3.9231)
(-3.1144, -0.1965, 3.8795)
(-3.8013, -0.1605, 3.7943)
(-4.4745, -0.1029, 3.6506)
(-5.1345, -0.0334, 3.4634)
(-5.7907, 0.0379, 3.2643)
(-6.4453, 0.1118, 3.0798)
(-0.3378, -0.9829, 3.6524)
(-0.9878, -0.8574, 3.6799)
(-1.6725, -0.7284, 3.6454)
(-2.401, -0.7061, 3.5914)
(-3.0927, -0.6485, 3.5185)
(-3.7439, -0.5118, 3.3714)
(-4.3753, -0.3376, 3.1846)
(-5.0064, -0.2333, 2.9669)
(-5.651, -0.1809, 2.7405)
(-6.2981, -0.0875, 2.5357)
(-0.3422, -1.2444, 3.2196)
(-1.0202, -1.2074, 3.2084)
(-1.708, -1.1464, 3.1709)
(-2.4006, -1.0703, 3.1151)
(-3.0231, -0.8605, 2.9986)
(-3.5988, -0.5531, 2.8193)
(-4.1934, -0.2769, 2.6251)
(-4.8138, -0.1807, 2.4019)
(-5.4593, -0.1877, 2.1706)
(-6.1077, -0.1195, 1.9713)
(-0.3464, -1.5458, 2.6835)
(-1.0394, -1.5289, 2.673)
(-1.7261, -1.4615, 2.6353)
(-2.3833, -1.2949, 2.5566)
(-2.924, -0.9323, 2.4204)
(-3.411, -0.485, 2.2563)
(-3.9772, -0.1599, 2.0712)
(-4.6021, -0.0566, 1.8485)
(-5.2488, -0.0379, 1.6443)
(-5.8595, 0.0704, 1.6104)
(-0.3494, -1.8262, 2.1371)
(-1.0498, -1.8171, 2.1303)
(-1.7388, -1.7333, 2.0877)
(-2.3785, -1.4972, 1.9867)
(-2.8852, -1.0658, 1.8404)
(-3.3135, -0.5425, 1.6828)
(-3.802, -0.0908, 1.5106)
(-4.4057, 0.1283, 1.3732)
(-5.0442, 0.1709, 1.3977)
(-5.6059, 0.235, 1.6653)
(-0.3518, -2.0854, 1.5843)
(-1.0587, -2.0791, 1.5776)
(-1.7526, -1.9836, 1.5305)
(-2.3719, -1.6969, 1.4153)
(-2.837, -1.2136, 1.2658)
(-3.2002, -0.644, 1.1204)
(-3.546, -0.1127, 0.9834)
(-0.3503, -2.3021, 1.0153)
(-1.0535, -2.2815, 1.0023)
(-1.7386, -2.1613, 0.9476)
(-2.3026, -1.8188, 0.8314)
(-2.6942, -1.291, 0.6929)
(-3.0083, -0.7149, 0.5673)
(-3.2662, -0.2161, 0.4655)
(-0.3468, -2.5055, 0.4397)
(-1.0397, -2.4569, 0.4169)
(-1.7006, -2.2893, 0.3514)
(-2.2126, -1.9048, 0.2408)
(-2.5641, -1.3745, 0.1181)
(-2.8693, -0.8227, 0.0018)
(-3.1143, -0.3416, -0.0976)
(-0.3447, -2.7238, -0.1318)
(-1.0293, -2.6443, -0.1646)
(-1.6659, -2.4222, -0.2428)
(-2.1581, -2.0142, -0.3537)
(-2.5028, -1.4957, -0.468)
(-2.7959, -0.9521, -0.5794)
(-3.0264, -0.4734, -0.6785)
(-0.3435, -2.9409, -0.7043)
(-1.0209, -2.8286, -0.747)
(-1.6379, -2.5599, -0.8366)
(-2.1203, -2.131, -0.9514)
(-2.4712, -1.6159, -1.0647)
(-2.7668, -1.0744, -1.1766)
(-2.9984, -0.5974, -1.2782)
(-0.3422, -3.1489, -1.2798)
(-1.0111, -3.0047, -1.3317)
(-1.6102, -2.6955, -1.4314)
(-2.0858, -2.2438, -1.5532)
(-2.4481, -1.7216, -1.6723)
(-2.7608, -1.1783, -1.7892)
(-3.0155, -0.7068, -1.8946)
(-0.3406, -3.3479, -1.8582)
(-0.9997, -3.1738, -1.9182)
(-1.5802, -2.8296, -2.0263)
(-2.0487, -2.3542, -2.1562)
(-2.423, -1.8174, -2.2851)
(-2.7588, -1.269, -2.41)
(-3.046, -0.8062, -2.5189)
(-0.3386, -3.5398, -2.4387)
(-0.9867, -3.3375, -2.5061)
(-1.5473, -2.9617, -2.621)
(-2.0041, -2.4658, -2.7567)
(-2.3857, -1.914, -2.8946)
(-2.7429, -1.3578, -3.0286)
(-3.0594, -0.903, -3.1415)
(-0.3363, -3.7257, -3.0209)
(-0.9722, -3.4966, -3.0951)
(-1.511, -3.0909, -3.2161)
(-1.951, -2.5776, -3.3548)
(-2.3307, -2.0161, -3.4965)
(-2.6983, -1.4536, -3.6363)
(-3.0286, -1.0, -3.753)
(-0.3338, -3.9067, -3.6043)
(-0.9561, -3.6516, -3.6849)
(-1.4711, -3.217, -3.8115)
(-1.8908, -2.6863, -3.9522)
(-2.2614, -2.1177, -4.0945)
(-2.628, -1.5519, -4.2355)
(-2.958, -1.0951, -4.3541)
(-0.3309, -4.0827, -4.1847)
(-0.938, -3.8017, -4.2713)
(-1.4266, -3.3386, -4.403)
(-1.8238, -2.7902, -4.5453)
(-2.1828, -2.2138, -4.6876)
(-2.5459, -1.6455, -4.8288)
(-2.8779, -1.189, -4.9496)
(-0.3281, -4.2304, -4.6786)
(-0.9206, -3.9251, -4.7642)
(-1.3847, -3.4374, -4.8997)
(-1.762, -2.8744, -5.0429)
(-2.1112, -2.2916, -5.185)
(-2.4725, -1.7219, -5.3263)
(-2.8076, -1.2711, -5.4428)
(-1.9096, 0.7734, 4.3099)
(-2.4421, 0.8411, 4.235)
(-3.1258, 0.8634, 4.1516)
(-3.8151, 0.8888, 4.0691)
(-4.5036, 0.9155, 3.9757)
(-5.1867, 0.9464, 3.8533)
(-5.8649, 0.9775, 3.7104)
(-6.5412, 0.9955, 3.5846)
(-7.0524, 1.474, 3.4036)
(-6.0491, 0.3144, 2.0119)
(-6.3423, 0.5794, 1.762)
(-6.6129, 1.0008, 1.7172)
(-6.791, 1.4618, 2.0375)
(-6.9221, 1.7769, 2.5214)
(-7.0198, 1.7624, 3.0635)
(-1.8443, 1.7007, 3.9401)
(-2.4174, 1.6513, 3.8324)
(-3.0943, 1.6541, 3.7446)
(-3.7733, 1.6683, 3.6602)
(-4.4384, 1.6291, 3.506)
(-5.1021, 1.6289, 3.3565)
(-5.7772, 1.6895, 3.2476)
(-6.4525, 1.736, 3.1469)
(-1.7279, 2.0571, 3.4953)
(-2.3884, 2.0497, 3.3968)
(-3.0722, 2.0456, 3.3069)
(-3.7244, 1.9663, 3.189)
(-4.3618, 1.8872, 3.0092)
(-5.0175, 1.8778, 2.8397)
(-5.6881, 1.8671, 2.7068)
(-6.3583, 1.8306, 2.5963)
(-0.3274, 2.2191, 2.7857)
(-0.9734, 2.2697, 2.8957)
(-1.6617, 2.2912, 2.9352)
(-2.3794, 2.2966, 2.8665)
(-3.0366, 2.1806, 2.7797)
(-3.6456, 1.9829, 2.6277)
(-4.2675, 1.8565, 2.4564)
(-4.9169, 1.7622, 2.3316)
(-5.5767, 1.6877, 2.1918)
(-6.2359, 1.5961, 2.0743)
(-0.3405, 2.3211, 2.2953)
(-1.0144, 2.3742, 2.3183)
(-1.7003, 2.3954, 2.3154)
(-2.3786, 2.3046, 2.2796)
(-3.0053, 2.0814, 2.2143)
(-3.5712, 1.8049, 2.1147)
(-4.1445, 1.5296, 2.0406)
(-4.7742, 1.347, 1.944)
(-5.4244, 1.2786, 1.7763)
(-6.0769, 1.173, 1.6799)
(-0.3514, 2.4346, 1.6979)
(-1.0403, 2.436, 1.7035)
(-1.7243, 2.3829, 1.6987)
(-2.3758, 2.198, 1.6912)
(-2.9689, 1.8979, 1.6801)
(-3.4944, 1.5166, 1.6524)
(-4.006, 1.105, 1.6735)
(-4.5902, 0.8961, 1.5955)
(-5.235, 0.8227, 1.458)
(-5.8574, 0.7016, 1.5443)
(-0.3566, 2.4687, 1.0943)
(-1.0463, 2.4224, 1.0979)
(-1.7203, 2.2888, 1.1021)
(-2.3611, 2.0501, 1.1106)
(-2.9083, 1.6649, 1.1563)
(-3.3567, 1.1813, 1.2167)
(-3.8216, 0.7067, 1.2822)
(-4.4077, 0.475, 1.2894)
(-5.041, 0.4329, 1.368)
(-5.6093, 0.3568, 1.695)
(-0.3589, 2.3791, 0.4957)
(-1.0484, 2.3274, 0.4994)
(-1.7093, 2.1531, 0.5139)
(-2.3303, 1.8629, 0.5395)
(-2.8512, 1.4508, 0.6049)
(-3.2105, 0.9067, 0.7429)
(-3.5355, 0.3893, 0.8711)
(-0.3596, 2.1997, -0.0824)
(-1.0491, 2.1644, -0.0809)
(-1.7157, 2.0305, -0.0727)
(-2.3114, 1.7296, -0.0416)
(-2.772, 1.2758, 0.0428)
(-3.0818, 0.7241, 0.197)
(-3.2882, 0.2244, 0.3543)
(-0.3599, 2.1017, -0.6672)
(-1.0496, 2.0874, -0.6647)
(-1.712, 1.9587, -0.6624)
(-2.2605, 1.6136, -0.6234)
(-2.6523, 1.1182, -0.5179)
(-2.9346, 0.5716, -0.3574)
(-3.1318, 0.0854, -0.2066)
(-0.3573, 2.187, -1.2615)
(-1.0416, 2.1338, -1.2625)
(-1.6623, 1.8929, -1.2527)
(-2.1438, 1.4563, -1.1912)
(-2.4957, 0.9442, -1.0689)
(-2.7784, 0.4086, -0.9112)
(-3.0092, -0.058, -0.7784)
(-0.3509, 2.2965, -1.8548)
(-1.0115, 2.1371, -1.8578)
(-1.5665, 1.7648, -1.8296)
(-1.981, 1.2596, -1.7392)
(-2.3221, 0.7393, -1.6114)
(-2.6484, 0.2263, -1.4735)
(-2.9459, -0.2042, -1.3676)
(-0.3413, 2.3327, -2.4579)
(-0.9471, 2.0624, -2.444)
(-1.4228, 1.5831, -2.3856)
(-1.8133, 1.0445, -2.2833)
(-2.1929, 0.5346, -2.1705)
(-2.6029, 0.0672, -2.0605)
(-2.965, -0.3246, -1.9775)
(-0.3239, 2.3044, -3.0604)
(-0.8632, 1.9346, -3.0218)
(-1.2911, 1.4004, -2.9457)
(-1.7252, 0.881, -2.8562)
(-2.1877, 0.4149, -2.7627)
(-2.6653, -0.0167, -2.6688)
(-3.0337, -0.415, -2.5981)
(-0.3088, 2.2383, -3.6622)
(-0.8208, 1.8235, -3.6108)
(-1.2596, 1.2978, -3.5348)
(-1.7563, 0.8275, -3.4541)
(-2.2831, 0.4012, -3.3672)
(-2.7645, -0.053, -3.2817)
(-3.0871, -0.502, -3.2185)
(-0.3113, 2.1713, -4.2657)
(-0.8431, 1.7731, -4.2113)
(-1.3246, 1.2876, -4.1352)
(-1.8586, 0.8568, -4.0522)
(-2.3862, 0.4209, -3.9686)
(-2.818, -0.0931, -3.8917)
(-3.0831, -0.59, -3.8307)
(-0.3256, 2.1003, -4.868)
(-0.9029, 1.7631, -4.811)
(-1.4302, 1.327, -4.7312)
(-1.9673, 0.8995, -4.6491)
(-2.4518, 0.4188, -4.5718)
(-2.8168, -0.1497, -4.4982)
(-3.0296, -0.6759, -4.4339)
(-0.338, 2.006, -5.4625)
(-0.9621, 1.7493, -5.4062)
(-1.5265, 1.362, -5.3247)
(-2.0424, 0.9122, -5.2463)
(-2.4704, 0.3796, -5.1729)
(-2.7822, -0.2239, -5.098)
(-2.9636, -0.7652, -5.0317)
(-0.3477, 1.9082, -5.9636)
(-1.0084, 1.7359, -5.9056)
(-1.592, 1.3811, -5.8251)
(-2.0745, 0.8951, -5.7499)
(-2.4585, 0.3252, -5.6767)
(-2.7437, -0.2941, -5.6001)
(-2.9132, -0.8368, -5.529)
(-1.9064, 1.3215, 4.2114)
(-2.4368, 1.2525, 4.1355)
(-3.1186, 1.2577, 4.0495)
(-3.8066, 1.2768, 3.9697)
(-4.4892, 1.281, 3.8602)
(-5.1673, 1.3075, 3.7351)
(-5.8446, 1.3631, 3.6119)
(-6.519, 1.4092, 3.4916)
