(2.0671, -0.1821, -6.1327)
(2.404, 0.3588, -5.8966)
(2.5923, 0.972, -5.64)
(2.7164, 1.6005, -5.373)
(2.8372, 2.2294, -5.1047)
(2.0319, -0.3353, -5.7169)
(2.3956, 0.1923, -5.4891)
(2.9824, 2.816, -4.8555)
(2.6097, 0.7972, -5.2359)
(3.1156, 3.1565, -4.638)
(2.7488, 1.4227, -4.971)
(2.8752, 2.0506, -4.7035)
(3.0203, 2.639, -4.4551)
(3.1679, 3.0979, -4.306)
(1.9845, -0.5327, -5.1768)
(2.3795, -0.0239, -4.9556)
(2.6257, 0.5697, -4.707)
(2.785, 1.1908, -4.4447)
(2.9198, 1.8172, -4.1784)
(3.0649, 2.4053, -3.9297)
(3.2029, 2.8471, -3.7459)
(1.9322, -0.7388, -4.6047)
(2.3575, -0.2507, -4.39)
(2.6354, 0.3299, -4.1462)
(2.8144, 0.9461, -3.8864)
(2.9573, 1.5706, -3.6213)
(3.1054, 2.1566, -3.3731)
(3.2509, 2.5974, -3.1899)
(1.8776, -0.9413, -4.0313)
(2.3315, -0.4753, -3.8235)
(2.6386, 0.0913, -3.5846)
(2.8339, 0.7014, -3.3272)
(2.9798, 1.3205, -3.0632)
(3.125, 1.9002, -2.8153)
(3.2766, 2.3399, -2.6317)
(1.8205, -1.1396, -3.4564)
(2.3019, -0.6975, -3.2561)
(2.6362, -0.1469, -3.0226)
(2.8425, 0.4513, -2.7676)
(2.9826, 1.0535, -2.5053)
(3.1098, 1.6219, -2.2572)
(3.2297, 2.0602, -2.0703)
(1.7606, -1.3327, -2.8798)
(2.2691, -0.9172, -2.6878)
(2.629, -0.3866, -2.4603)
(2.8404, 0.1916, -2.2083)
(2.969, 0.7735, -1.9478)
(3.0705, 1.3305, -1.6997)
(3.1486, 1.7668, -1.5111)
(1.6973, -1.5192, -2.3011)
(2.2327, -1.1343, -2.1185)
(2.6182, -0.6278, -1.8981)
(2.831, -0.0684, -1.649)
(2.9468, 0.4982, -1.3898)
(3.0248, 1.0459, -1.1415)
(3.0629, 1.4774, -0.9517)
(1.6302, -1.6974, -1.7201)
(2.193, -1.3475, -1.5479)
(2.607, -0.868, -1.3364)
(2.8192, -0.3178, -1.0895)
(2.9253, 0.2438, -0.8306)
(2.9927, 0.7872, -0.5811)
(3.0098, 1.2136, -0.3886)
(1.5609, -1.8687, -1.1371)
(2.1522, -1.5567, -0.9759)
(2.6026, -1.1076, -0.776)
(2.8157, -0.5545, -0.5307)
(2.9207, 0.0152, -0.2707)
(2.9952, 0.5633, -0.0183)
(3.022, 0.9935, 0.1781)
(1.4961, -2.0441, -0.5553)
(2.1181, -1.7692, -0.4042)
(2.6173, -1.3535, -0.2192)
(2.8561, -0.7905, 0.0203)
(2.9693, -0.1994, 0.283)
(3.0509, 0.3642, 0.5414)
(3.0906, 0.8013, 0.744)
(1.4347, -2.2275, 0.0231)
(2.079, -1.9794, 0.1684)
(2.6257, -1.5878, 0.3404)
(2.9559, -1.0328, 0.5586)
(3.0935, -0.4169, 0.8201)
(3.1857, 0.1769, 1.0853)
(3.2175, 0.6367, 1.31)
(1.3492, -2.3684, 0.6102)
(1.9942, -2.1302, 0.7541)
(2.563, -1.7643, 0.918)
(2.9722, -1.2466, 1.1173)
(3.1877, -0.6341, 1.3595)
(3.377, -0.0158, 1.6052)
(3.6354, 0.658, 1.8476)
(1.2463, -2.4752, 1.2047)
(1.8823, -2.2349, 1.3472)
(2.4658, -1.9033, 1.5023)
(2.9182, -1.4363, 1.686)
(4.2648, 0.8705, 2.0716)
(3.1765, -0.8476, 1.9089)
(3.4728, -0.2673, 2.1208)
(4.808, 0.7943, 2.4961)
(3.9189, 0.2217, 2.2268)
(5.3199, 0.6499, 2.9404)
(4.499, 0.5491, 2.239)
(1.1374, -2.5665, 1.8055)
(1.7631, -2.3185, 1.948)
(2.3787, -2.0357, 2.0895)
(5.6088, 0.7525, 3.0801)
(2.9127, -1.6517, 2.2437)
(5.0542, 0.8114, 2.3848)
(3.2935, -1.1269, 2.4155)
(3.6773, -0.5888, 2.5791)
(5.4925, 0.9262, 2.7548)
(4.1636, -0.129, 2.6482)
(5.8313, 0.992, 3.0505)
(4.7583, 0.1918, 2.5824)
(1.0139, -2.6208, 2.3872)
(1.6027, -2.3472, 2.5589)
(2.249, -2.0746, 2.6891)
(5.3514, 0.5218, 2.5728)
(2.8787, -1.7922, 2.8135)
(3.4137, -1.3899, 2.921)
(5.8625, 0.8389, 2.6729)
(3.8976, -0.9216, 3.0217)
(0.9088, -2.648, 2.8516)
(6.1752, 1.1296, 2.8433)
(4.3949, -0.4725, 3.0905)
(4.9804, -0.139, 3.038)
(2.0779, -1.9563, 3.2678)
(1.3097, -2.2775, 3.2148)
(5.57, 0.2156, 3.0209)
(2.7482, -1.7208, 3.3816)
(3.3768, -1.4423, 3.4809)
(6.1101, 0.5767, 3.0449)
(3.9678, -1.0997, 3.5444)
(6.4919, 0.8789, 3.1008)
(4.5388, -0.7228, 3.575)
(5.1139, -0.3492, 3.568)
(1.4239, -1.9, 3.7034)
(1.9397, -1.6865, 3.7829)
(5.6933, 0.0237, 3.5744)
(2.5706, -1.4543, 3.8866)
(3.2159, -1.207, 3.9903)
(6.2391, 0.3766, 3.5982)
(3.8486, -0.9322, 4.0697)
(6.6701, 0.6231, 3.6112)
(4.4677, -0.6245, 4.1137)
(5.0745, -0.2945, 4.1342)
(1.37, -1.5938, 4.1511)
(1.7922, -1.3685, 4.2228)
(5.6812, 0.0339, 4.1541)
(2.3885, -1.1161, 4.3069)
(3.026, -0.8524, 4.3924)
(6.2591, 0.3299, 4.1851)
(3.6624, -0.5844, 4.4746)
(1.3947, -1.3198, 4.3704)
(6.7091, 0.5406, 4.1991)
(4.2936, -0.3013, 4.5375)
(1.5899, -1.0623, 4.4923)
(2.2339, -0.808, 4.566)
(4.9169, -0.0007, 4.5786)
(2.8697, -0.5486, 4.6573)
(5.541, 0.2945, 4.6176)
(3.5077, -0.2865, 4.7476)
(4.1419, -0.0082, 4.8159)
(6.1395, 0.536, 4.6725)
(4.7669, 0.2942, 4.8573)
(6.5968, 0.6723, 4.7072)
(5.3901, 0.6027, 4.8798)
(6.3648, 0.8347, 4.8952)
(6.027, 0.8903, 4.9134)
(0.0082, 5.1319, -3.901)
(0.6923, 5.0906, -3.8321)
(1.3379, 4.8604, -3.9017)
(1.9174, 4.5136, -4.0583)
(2.4361, 4.1006, -4.2583)
(-0.0322, 4.904, -3.5303)
(0.6446, 4.8013, -3.5099)
(2.8584, 3.6545, -4.4784)
(1.3006, 4.5964, -3.5557)
(3.1022, 3.3172, -4.5666)
(1.9063, 4.2947, -3.6786)
(2.4423, 3.9037, -3.8645)
(2.8744, 3.4661, -4.0819)
(3.1598, 3.115, -4.2992)
(-0.0817, 4.611, -3.0437)
(0.579, 4.4371, -3.075)
(1.2369, 4.231, -3.1194)
(1.872, 3.9798, -3.2017)
(2.442, 3.6326, -3.3575)
(2.8972, 3.2172, -3.5623)
(3.1917, 2.8623, -3.7391)
(-0.1313, 4.2844, -2.5393)
(0.5011, 4.0409, -2.6252)
(1.1513, 3.817, -2.683)
(1.8062, 3.6034, -2.7309)
(2.4179, 3.3166, -2.8393)
(2.9138, 2.9443, -3.0165)
(3.2395, 2.6132, -3.1844)
(-0.1669, 3.9728, -2.0229)
(0.437, 3.6798, -2.1457)
(1.0654, 3.4126, -2.2384)
(1.7195, 3.1977, -2.2859)
(2.3574, 2.9622, -2.3483)
(2.8974, 2.6502, -2.4793)
(3.2669, 2.3575, -2.6278)
(-0.1833, 3.6934, -1.4874)
(0.4103, 3.3917, -1.6185)
(1.0099, 3.0745, -1.7436)
(1.6331, 2.8121, -1.8241)
(2.259, 2.5843, -1.8728)
(2.8255, 2.3316, -1.9507)
(3.2195, 2.078, -2.0677)
(-0.178, 3.4381, -0.943)
(0.4436, 3.2052, -1.0481)
(1.0231, 2.8629, -1.1824)
(1.5882, 2.5284, -1.2941)
(2.1627, 2.2437, -1.3714)
(2.7208, 2.0008, -1.4284)
(3.1387, 1.7846, -1.5087)
(-0.1613, 3.1387, -0.425)
(0.5017, 3.0402, -0.4748)
(1.0981, 2.7499, -0.5923)
(1.6253, 2.3842, -0.7066)
(2.1432, 2.0365, -0.8005)
(2.6443, 1.7182, -0.8815)
(3.0518, 1.4953, -0.9513)
(-0.1358, 2.7707, 0.0478)
(0.5411, 2.8003, 0.0691)
(1.1778, 2.6277, -0.0073)
(1.7186, 2.299, -0.1126)
(2.1979, 1.9081, -0.2093)
(2.6403, 1.5174, -0.3046)
(2.9989, 1.2314, -0.388)
(-0.101, 2.3509, 0.4782)
(0.5662, 2.4751, 0.5686)
(1.2282, 2.4366, 0.5571)
(1.8068, 2.1809, 0.4698)
(2.2861, 1.7836, 0.3721)
(2.7004, 1.3538, 0.2727)
(3.0126, 1.0108, 0.1825)
(-0.1004, 1.9963, 0.9559)
(0.5668, 2.134, 1.0546)
(1.2345, 2.1771, 1.0934)
(1.8545, 2.0027, 1.0356)
(2.3692, 1.633, 0.9419)
(2.7861, 1.1885, 0.8402)
(3.0835, 0.8189, 0.7505)
(-0.1571, 1.7997, 1.5178)
(0.5157, 1.9073, 1.5996)
(1.1965, 1.8936, 1.6126)
(1.8593, 1.792, 1.5889)
(2.428, 1.4779, 1.5107)
(2.8777, 1.0362, 1.4066)
(3.2117, 0.6572, 1.3199)
(-0.2059, 1.5733, 2.0774)
(0.4723, 1.6695, 2.1514)
(1.1586, 1.6889, 2.1734)
(1.8334, 1.6262, 2.1619)
(2.4353, 1.3499, 2.0862)
(2.971, 0.9789, 1.974)
(3.6334, 0.6764, 1.8593)
(-0.2247, 1.2713, 2.6029)
(0.4449, 1.4047, 2.6948)
(1.1237, 1.4972, 2.7432)
(1.7965, 1.4992, 2.7459)
(4.2587, 0.8829, 2.0869)
(2.4248, 1.3057, 2.6629)
(3.0388, 1.0959, 2.5295)
(4.7981, 0.7993, 2.5133)
(3.6613, 0.936, 2.4657)
(5.3088, 0.6491, 2.9594)
(4.277, 1.1003, 2.4503)
(-0.2135, 0.8909, 3.0785)
(0.432, 1.0734, 3.2078)
(1.0968, 1.2378, 3.2876)
(5.605, 0.7069, 3.1122)
(1.7656, 1.3441, 3.3148)
(4.9024, 1.1529, 2.5894)
(2.4172, 1.2892, 3.2287)
(3.033, 1.149, 3.098)
(5.4314, 1.0639, 2.9)
(3.6769, 1.1043, 3.0352)
(5.8181, 0.9771, 3.1629)
(4.3039, 1.312, 2.9715)
(-0.1892, 0.472, 3.4953)
(0.422, 0.6627, 3.6831)
(1.0879, 0.8801, 3.7866)
(4.9439, 1.5051, 2.9622)
(1.7486, 1.0646, 3.8395)
(2.395, 1.0993, 3.7495)
(5.5606, 1.5285, 3.045)
(3.0169, 1.211, 3.6383)
(-0.1698, 0.1163, 3.8125)
(6.0218, 1.4425, 3.1613)
(3.6663, 1.3129, 3.581)
(4.3183, 1.4704, 3.5516)
(1.1346, 0.4249, 4.1926)
(0.377, 0.0897, 4.1367)
(4.9522, 1.7034, 3.5209)
(1.7856, 0.6809, 4.2698)
(2.4322, 0.8557, 4.2537)
(5.586, 1.807, 3.527)
(3.0666, 1.0145, 4.1555)
(6.0789, 1.8115, 3.5542)
(3.6793, 1.2692, 4.1257)
(4.3159, 1.5066, 4.1191)
(0.7661, -0.2634, 4.4312)
(1.2946, -0.0805, 4.4459)
(4.9622, 1.7289, 4.1121)
(1.918, 0.1558, 4.4771)
(2.5479, 0.4023, 4.5609)
(5.5906, 1.8846, 4.1194)
(3.1828, 0.6338, 4.5595)
(6.0784, 1.971, 4.1299)
(3.8081, 0.8909, 4.5169)
(4.4251, 1.1777, 4.5537)
(1.012, -0.7232, 4.5551)
(1.4792, -0.5989, 4.5406)
(5.0482, 1.4582, 4.6097)
(2.0874, -0.3784, 4.5705)
(2.7215, -0.1229, 4.6535)
(5.6485, 1.7004, 4.6611)
(3.3582, 0.1342, 4.7053)
(1.251, -0.9783, 4.5402)
(6.111, 1.8772, 4.6942)
(3.9916, 0.3987, 4.7144)
(1.5854, -1.0434, 4.4992)
(2.2298, -0.7889, 4.5725)
(4.6047, 0.6995, 4.7859)
(2.8711, -0.5292, 4.6689)
(5.2173, 1.0042, 4.8714)
(3.5103, -0.2705, 4.7635)
(4.1455, 0.004, 4.8345)
(5.7997, 1.2801, 4.9522)
(4.7688, 0.3082, 4.874)
(6.2273, 1.4935, 5.0139)
(5.3899, 0.6183, 4.8946)
(6.2269, 1.159, 5.0159)
(6.0197, 0.9078, 4.9211)
(1.5271, -0.5186, -6.3232)
(0.8671, -0.5478, -6.391)
(0.2337, -0.3028, -6.3633)
(-0.3343, 0.0791, -6.2691)
(-0.8671, 0.5058, -6.1436)
(-1.4, 0.9326, -6.0172)
(1.48, -0.6672, -5.8936)
(0.8186, -0.7055, -5.9782)
(0.1753, -0.4853, -5.9669)
(-1.9227, 1.311, -5.914)
(-0.4064, -0.1236, -5.8847)
(-2.2912, 1.4944, -5.8065)
(-0.948, 0.2929, -5.7663)
(-1.4838, 0.7163, -5.6423)
(-2.0066, 1.0972, -5.5395)
(-2.4238, 1.3797, -5.5139)
(1.4197, -0.8546, -5.3483)
(0.756, -0.9082, -5.4416)
(0.1015, -0.72, -5.4463)
(-0.4965, -0.3846, -5.3791)
(-1.0498, 0.0181, -5.2701)
(-1.5902, 0.4364, -5.1499)
(-2.1123, 0.8175, -5.0463)
(-2.5261, 1.0873, -4.983)
(1.3552, -1.0494, -4.773)
(0.6897, -1.1192, -4.8728)
(0.0258, -0.9642, -4.8927)
(-0.5874, -0.656, -4.8405)
(-1.1517, -0.2676, -4.7406)
(-1.6962, 0.1453, -4.624)
(-2.2189, 0.5238, -4.5212)
(-2.6371, 0.7895, -4.4607)
(1.289, -1.24, -4.1961)
(0.6227, -1.3262, -4.3023)
(-0.0484, -1.2045, -4.337)
(-0.6743, -0.9232, -4.2989)
(-1.2464, -0.5481, -4.2065)
(-1.7895, -0.1408, -4.091)
(-2.3059, 0.2347, -3.9863)
(-2.7278, 0.4965, -3.9273)
(1.2209, -1.4256, -3.6175)
(0.5547, -1.5284, -3.7299)
(-0.1215, -1.441, -3.7794)
(-0.7573, -1.1871, -3.7547)
(-1.3304, -0.8274, -3.6673)
(-1.8589, -0.4304, -3.549)
(-2.3551, -0.0541, -3.4356)
(-2.7531, 0.2242, -3.3608)
(1.1505, -1.605, -3.0369)
(0.4853, -1.7248, -3.1555)
(-0.1938, -1.6736, -3.2199)
(-0.836, -1.4496, -3.2083)
(-1.401, -1.1089, -3.1232)
(-1.909, -0.7221, -2.9997)
(-2.3792, -0.3409, -2.8749)
(-2.7447, -0.0412, -2.7821)
(1.0772, -1.7768, -2.454)
(0.414, -1.9139, -2.5786)
(-0.2653, -1.902, -2.6584)
(-0.9112, -1.7114, -2.6604)
(-1.466, -1.3868, -2.5764)
(-1.9554, -1.0054, -2.4474)
(-2.4025, -0.6188, -2.3122)
(-2.735, -0.3011, -2.2022)
(1.0007, -1.9396, -1.8687)
(0.3404, -2.0942, -1.999)
(-0.3369, -2.1252, -2.0947)
(-0.9866, -1.972, -2.1129)
(-1.5351, -1.6546, -2.0296)
(-2.0141, -1.272, -1.8966)
(-2.4512, -0.8831, -1.7558)
(-2.7658, -0.5584, -1.6346)
(0.9221, -2.0964, -1.2821)
(0.2638, -2.2675, -1.4174)
(-0.4103, -2.3443, -1.5297)
(-1.0667, -2.2353, -1.569)
(-1.6171, -1.9162, -1.4883)
(-2.1004, -1.5266, -1.3549)
(-2.5466, -1.138, -1.2148)
(-2.8722, -0.8158, -1.0941)
(0.8461, -2.26, -0.698)
(0.1866, -2.4464, -0.8382)
(-0.4868, -2.5695, -0.967)
(-1.1563, -2.5135, -1.0349)
(-1.7299, -2.2, -0.9708)
(-2.2325, -1.7977, -0.8411)
(-2.695, -1.401, -0.7002)
(-3.037, -1.0811, -0.58)
(0.7741, -2.4333, -0.1182)
(0.1125, -2.6336, -0.2624)
(-0.561, -2.7907, -0.4019)
(-1.2485, -2.7787, -0.4969)
(-1.8787, -2.519, -0.4866)
(-2.4134, -2.1097, -0.3707)
(-2.9033, -1.6947, -0.2318)
(-3.2603, -1.3544, -0.0913)
(0.6897, -2.5714, 0.469)
(0.0303, -2.7735, 0.3254)
(-0.6379, -2.9386, 0.1856)
(-1.3252, -2.9588, 0.078)
(-1.9879, -2.7707, 0.0454)
(-2.5727, -2.4046, 0.1137)
(-3.1415, -2.0192, 0.1941)
(-3.7913, -1.6258, 0.238)
(0.5938, -2.6776, 1.0641)
(-0.0597, -2.8762, 0.9227)
(-0.722, -3.0346, 0.7849)
(-1.3987, -3.0892, 0.668)
(-2.0605, -2.9629, 0.6122)
(-4.4643, -1.8139, 0.1825)
(-2.6565, -2.635, 0.6523)
(-3.2721, -2.3365, 0.6633)
(-4.9926, -2.2195, 0.3761)
(-3.9118, -2.1844, 0.5332)
(-5.4696, -2.6657, 0.6078)
(0.4921, -2.7686, 1.665)
(-4.5294, -2.2276, 0.2864)
(-0.1557, -2.9637, 1.5263)
(-0.8144, -3.11, 1.3915)
(-1.4842, -3.2205, 1.256)
(-5.7953, -2.752, 0.6135)
(-2.1502, -3.1998, 1.156)
(-5.1436, -2.3263, 0.1785)
(-2.7794, -2.9745, 1.121)
(-3.4231, -2.7637, 1.0492)
(-5.6764, -2.5088, 0.3378)
(-4.065, -2.6567, 0.8706)
(-6.0796, -2.67, 0.4718)
(-4.661, -2.704, 0.548)
(0.3897, -2.8326, 2.2313)
(-0.2532, -3.0104, 2.1136)
(-0.9087, -3.119, 2.0168)
(-1.5913, -3.2539, 1.8604)
(-5.2812, -2.7496, 0.2752)
(-2.2639, -3.3696, 1.7052)
(-2.9223, -3.328, 1.5592)
(-5.8744, -2.774, 0.1344)
(-3.5779, -3.213, 1.4106)
(0.3165, -2.8752, 2.6309)
(-0.3349, -3.0312, 2.5831)
(-6.3312, -2.72, 0.135)
(-4.2213, -3.118, 1.2313)
(-4.8222, -3.1511, 0.9228)
(-1.7449, -3.1307, 2.4429)
(-0.9735, -2.9802, 2.7222)
(-5.4505, -3.1727, 0.6421)
(-2.4194, -3.308, 2.2665)
(-3.08, -3.4251, 2.0883)
(-6.0602, -3.1667, 0.4168)
(-3.7335, -3.464, 1.8831)
(-6.5316, -3.1273, 0.2871)
(-4.3782, -3.4611, 1.6513)
(-5.01, -3.4594, 1.384)
(-1.4474, -2.7829, 3.0839)
(-1.9809, -2.8911, 2.9371)
(-5.6495, -3.4616, 1.1274)
(-2.6202, -3.0488, 2.7665)
(-3.2784, -3.2022, 2.5892)
(-6.2595, -3.4641, 0.9015)
(-3.9328, -3.3225, 2.3909)
(-6.7217, -3.4923, 0.7217)
(-4.5814, -3.4041, 2.1616)
(-5.2239, -3.4579, 1.9126)
(-1.741, -2.5502, 3.4798)
(-2.2074, -2.5972, 3.3599)
(-5.8651, -3.5128, 1.6634)
(-2.8241, -2.7172, 3.1821)
(-3.4783, -2.8501, 2.9888)
(-6.4715, -3.5799, 1.439)
(-4.1329, -2.9787, 2.7924)
(-1.9901, -2.3602, 3.64)
(-6.9294, -3.6478, 1.2575)
(-4.7845, -3.0894, 2.5787)
(-2.3218, -2.264, 3.6484)
(-2.9715, -2.4067, 3.4426)
(-5.4313, -3.1787, 2.3457)
(-3.6245, -2.5428, 3.2555)
(-6.0749, -3.2728, 2.1114)
(-4.2801, -2.6782, 3.0665)
(-4.9335, -2.7946, 2.8571)
(-6.6765, -3.3993, 1.9078)
(-5.5824, -2.8834, 2.6234)
(-7.1078, -3.5357, 1.7513)
(-6.2262, -2.9642, 2.3727)
(-7.0916, -3.2961, 1.9913)
(-6.8734, -3.0708, 2.1293)
(-0.6598, 4.9876, -4.0476)
(-1.2961, 4.7331, -4.1848)
(-1.8146, 4.3231, -4.3781)
(-2.1497, 3.7909, -4.6593)
(-2.3391, 3.2068, -4.981)
(-2.4323, 2.6054, -5.3118)
(-0.6988, 4.8171, -3.6303)
(-1.2881, 4.5246, -3.8004)
(-1.7506, 4.0734, -4.0268)
(-2.428, 2.0309, -5.6211)
(-2.1125, 3.5523, -4.295)
(-2.3967, 1.6281, -5.7546)
(-2.3562, 2.9867, -4.602)
(-2.4785, 2.3925, -4.9292)
(-2.4863, 1.8193, -5.2406)
(-2.4297, 1.3975, -5.5066)
(-0.7419, 4.5831, -3.1051)
(-1.2853, 4.2552, -3.2973)
(-1.6795, 3.76, -3.5548)
(-2.0389, 3.2347, -3.824)
(-2.343, 2.6888, -4.113)
(-2.5231, 2.1085, -4.4312)
(-2.5643, 1.5398, -4.7423)
(-2.5284, 1.1053, -4.9742)
(-0.7759, 4.3108, -2.5629)
(-1.2683, 3.9544, -2.7747)
(-1.5831, 3.4224, -3.0628)
(-1.9222, 2.8881, -3.3387)
(-2.2727, 2.3581, -3.6094)
(-2.5314, 1.799, -3.9083)
(-2.6352, 1.2406, -4.2149)
(-2.6391, 0.8081, -4.4533)
(-0.7998, 4.0213, -2.0278)
(-1.2634, 3.6527, -2.2513)
(-1.519, 3.0997, -2.5564)
(-1.8097, 2.5471, -2.849)
(-2.1609, 2.0173, -3.1179)
(-2.4829, 1.4806, -3.3917)
(-2.6674, 0.9427, -3.6804)
(-2.7314, 0.516, -3.9221)
(-0.8212, 3.7205, -1.4991)
(-1.3009, 3.3653, -1.7215)
(-1.54, 2.8112, -2.0293)
(-1.7728, 2.2377, -2.3337)
(-2.0652, 1.6903, -2.6142)
(-2.3881, 1.1653, -2.8716)
(-2.6425, 0.6555, -3.1298)
(-2.756, 0.2443, -3.3567)
(-0.8343, 3.3985, -0.9856)
(-1.3736, 3.0856, -1.1945)
(-1.6792, 2.5706, -1.4965)
(-1.8803, 1.9882, -1.7987)
(-2.0791, 1.4165, -2.0767)
(-2.3224, 0.8761, -2.3334)
(-2.5839, 0.3766, -2.5709)
(-2.7476, -0.0211, -2.7783)
(-0.8282, 3.0325, -0.5024)
(-1.4232, 2.7657, -0.6916)
(-1.8535, 2.3356, -0.9738)
(-2.0972, 1.7829, -1.2715)
(-2.2488, 1.2055, -1.5339)
(-2.4081, 0.6452, -1.7771)
(-2.5803, 0.1185, -2.0063)
(-2.7365, -0.2802, -2.1997)
(-0.8003, 2.6192, -0.0606)
(-1.4318, 2.3949, -0.2208)
(-1.9658, 2.0573, -0.4581)
(-2.3095, 1.5688, -0.7479)
(-2.4907, 1.0105, -1.0111)
(-2.6028, 0.4378, -1.2402)
(-2.6872, -0.115, -1.4521)
(-2.7675, -0.5378, -1.6318)
(-0.758, 2.1772, 0.3481)
(-1.4074, 1.981, 0.2142)
(-2.0139, 1.7288, 0.0374)
(-2.4638, 1.3215, -0.2229)
(-2.7093, 0.7933, -0.4936)
(-2.8211, 0.2162, -0.7256)
(-2.8639, -0.3529, -0.9272)
(-2.876, -0.7967, -1.0885)
(-0.7603, 1.8357, 0.8357)
(-1.4028, 1.6291, 0.694)
(-2.025, 1.3919, 0.5266)
(-2.5502, 1.0469, 0.3005)
(-2.8737, 0.5542, 0.0286)
(-3.0189, -0.0228, -0.2176)
(-3.0548, -0.6053, -0.4212)
(-3.0437, -1.0633, -0.5737)
(-0.8194, 1.6375, 1.4003)
(-1.4624, 1.4277, 1.254)
(-2.0681, 1.1602, 1.0733)
(-2.5774, 0.7778, 0.8321)
(-2.9842, 0.3163, 0.562)
(-3.1931, -0.2508, 0.3009)
(-3.2547, -0.8493, 0.0811)
(-3.2709, -1.3351, -0.0825)
(-0.8678, 1.4091, 1.9593)
(-1.5094, 1.1946, 1.8106)
(-2.1114, 0.9164, 1.624)
(-2.6421, 0.5529, 1.3854)
(-3.0875, 0.1167, 1.1163)
(-3.3514, -0.4321, 0.838)
(-3.514, -1.015, 0.5702)
(-3.8044, -1.611, 0.2474)
(-0.8759, 1.0855, 2.4695)
(-1.5202, 0.8796, 2.3275)
(-2.1434, 0.6379, 2.1601)
(-2.7176, 0.336, 1.9429)
(-3.1933, -0.0622, 1.6752)
(-4.4722, -1.8021, 0.1973)
(-3.5365, -0.5392, 1.372)
(-3.8399, -1.0196, 1.0391)
(-4.9947, -2.2117, 0.3949)
(-4.1932, -1.4823, 0.7661)
(-5.4682, -2.6624, 0.6294)
(-0.8392, 0.6706, 2.9116)
(-4.7387, -1.6735, 0.5013)
(-1.4878, 0.4861, 2.7914)
(-2.1343, 0.2981, 2.6672)
(-2.7473, 0.0617, 2.482)
(-5.7797, -2.7923, 0.6503)
(-3.2648, -0.2767, 2.2141)
(-5.2916, -1.981, 0.3854)
(-3.7214, -0.6195, 1.8959)
(-4.0723, -1.0356, 1.5596)
(-5.7604, -2.3769, 0.4777)
(-4.5082, -1.4136, 1.2648)
(-6.1047, -2.6874, 0.5835)
(-5.0686, -1.5705, 0.9463)
(-0.791, 0.2549, 3.303)
(-1.4304, 0.0808, 3.2192)
(-2.0707, -0.0985, 3.151)
(-2.734, -0.2742, 2.9885)
(-5.6519, -1.7518, 0.6736)
(-3.3311, -0.5079, 2.7459)
(-3.8068, -0.8109, 2.4104)
(-6.1613, -2.073, 0.5129)
(-4.2949, -1.0389, 2.0584)
(-0.7593, -0.0372, 3.5805)
(-1.3735, -0.2543, 3.5539)
(-6.5077, -2.405, 0.4546)
(-4.8177, -1.2955, 1.7463)
(-5.3836, -1.5104, 1.4554)
(-2.6682, -0.7365, 3.3774)
(-1.8944, -0.607, 3.6486)
(-5.9754, -1.6539, 1.1612)
(-3.3237, -0.886, 3.1698)
(-3.8979, -1.0886, 2.8894)
(-6.5115, -1.9086, 0.9153)
(-4.4236, -1.2876, 2.5401)
(-6.8964, -2.1723, 0.7532)
(-5.01, -1.4015, 2.2483)
(-5.6154, -1.5442, 1.9739)
(-2.1091, -1.1454, 3.8118)
(-2.6092, -1.2793, 3.6005)
(-6.2198, -1.7053, 1.6977)
(-3.2189, -1.4214, 3.3686)
(-3.8582, -1.5649, 3.1808)
(-6.7799, -1.9145, 1.449)
(-4.4603, -1.7134, 2.9122)
(-7.1981, -2.1062, 1.2643)
(-5.0529, -1.8303, 2.6049)
(-5.6856, -1.927, 2.3711)
(-2.0938, -1.676, 3.8857)
(-2.5062, -1.8228, 3.68)
(-6.3271, -2.0346, 2.154)
(-3.0941, -1.9697, 3.4517)
(-3.741, -2.1075, 3.26)
(-6.929, -2.1619, 1.946)
(-4.378, -2.2417, 3.0358)
(-2.1308, -2.016, 3.8112)
(-7.3851, -2.2674, 1.7812)
(-5.0003, -2.3628, 2.7726)
(-2.3313, -2.2463, 3.6545)
(-2.9812, -2.3894, 3.4481)
(-5.6511, -2.4497, 2.5718)
(-3.6404, -2.529, 3.2638)
(-6.3089, -2.5349, 2.3833)
(-4.2967, -2.6682, 3.0784)
(-4.9496, -2.7889, 2.8715)
(-6.9266, -2.6278, 2.2051)
(-5.5976, -2.8748, 2.6365)
(-7.3869, -2.6875, 2.0748)
(-6.24, -2.9529, 2.3846)
(-7.2074, -2.9666, 2.1153)
(-6.8803, -3.0531, 2.137)
(3.0173, 1.0021, 0.1803)
(3.1973, 2.8547, -3.7425)
(1.5876, -1.0528, 4.4957)
(3.1437, 1.7757, -1.5099)
(2.2318, -0.7985, 4.5692)
(2.8704, -0.5389, 4.6631)
(3.0871, 0.8101, 0.7472)
(3.509, -0.2785, 4.7556)
(4.1437, -0.0021, 4.8252)
(4.7679, 0.3012, 4.8657)
(5.39, 0.6105, 4.8872)
(3.2452, 2.6053, -3.1871)
(6.0234, 0.8991, 4.9172)
(3.0574, 1.4863, -0.9515)
(3.0043, 1.2225, -0.3883)
(4.2617, 0.8767, 2.0792)
(3.2146, 0.6469, 1.3149)
(3.6344, 0.6672, 1.8534)
(4.803, 0.7968, 2.5047)
(5.3143, 0.6495, 2.9499)
(3.1638, 3.1065, -4.3026)
(3.2717, 2.3487, -2.6298)
(3.2246, 2.0691, -2.069)
(6.3816, 0.6133, 4.6923)
(6.0648, 0.6874, 4.8135)
(6.204, 0.8725, 4.9131)
(6.4954, 0.7624, 4.8374)
(5.474, 0.6879, 3.0193)
(5.3734, 0.8307, 2.8334)
(5.6691, 0.9602, 2.9151)
(5.715, 0.8625, 3.1006)
(5.6731, 0.9216, 2.6767)
(6.0368, 0.9863, 2.7533)
(5.9922, 1.1015, 2.9256)
(6.007, 0.7121, 2.8107)
(6.3157, 0.7335, 3.0703)
(6.3474, 1.0351, 2.914)
(6.1864, 0.4624, 3.313)
(6.4652, 0.51, 3.6061)
(6.599, 0.7344, 3.3403)
(6.2664, 0.3249, 3.8932)
(6.4962, 0.443, 4.194)
(6.708, 0.5543, 3.9019)
(6.2115, 0.4083, 4.4557)
(6.6701, 0.5882, 4.4824)
(1.6706, -1.7949, 3.7409)
(1.4023, -1.7397, 3.9486)
(1.5647, -1.4835, 4.1857)
(1.8665, -1.528, 4.0207)
(2.2453, -1.5725, 3.8326)
(2.0742, -1.2452, 4.2639)
(2.4775, -1.2857, 4.1139)
(2.8952, -1.3331, 3.9402)
(2.7074, -0.9847, 4.3498)
(3.1189, -1.0306, 4.2087)
(3.5337, -1.0737, 4.0341)
(3.3445, -0.7195, 4.4349)
(3.7554, -0.7628, 4.2914)
(4.16, -0.7822, 4.0958)
(3.979, -0.4453, 4.5091)
(4.3832, -0.4721, 4.3469)
(4.7719, -0.4608, 4.1256)
(4.6059, -0.1522, 4.56)
(5.0014, -0.1619, 4.3791)
(5.3774, -0.1289, 4.1427)
(5.228, 0.1498, 4.5963)
(5.6195, 0.1446, 4.4102)
(5.9819, 0.1907, 4.1701)
(5.8527, 0.4271, 4.6453)
(1.7376, -2.0909, 3.221)
(1.3998, -2.0814, 3.4503)
(2.0065, -1.8347, 3.5323)
(2.4149, -1.8385, 3.3239)
(2.6623, -1.6052, 3.6425)
(3.0686, -1.5899, 3.4352)
(3.306, -1.3536, 3.7464)
(3.676, -1.2778, 3.5168)
(3.926, -1.0552, 3.8153)
(4.2541, -0.9127, 3.5648)
(4.5271, -0.7176, 3.847)
(4.8253, -0.5351, 3.5733)
(5.1158, -0.3594, 3.8557)
(5.4038, -0.1634, 3.5678)
(5.7064, -0.004, 3.8686)
(5.9774, 0.2096, 3.5862)
(0.7072, -2.7326, 2.3049)
(0.3501, -2.8554, 2.4469)
(0.627, -2.7745, 2.7217)
(0.9592, -2.6362, 2.6306)
(1.3063, -2.4889, 2.4756)
(1.1422, -2.4755, 3.0152)
(1.5011, -2.3246, 2.8596)
(1.9202, -2.2082, 2.6276)
(2.1628, -2.0369, 2.9847)
(2.573, -1.9427, 2.752)
(2.8237, -1.7853, 3.1021)
(3.1568, -1.6052, 2.8693)
(3.4159, -1.4521, 3.1993)
(3.6587, -1.1595, 2.9713)
(3.9576, -1.0462, 3.2746)
(4.1377, -0.6853, 3.0688)
(4.4881, -0.6277, 3.3237)
(4.6805, -0.2984, 3.0711)
(5.0645, -0.2686, 3.2938)
(5.2774, 0.0327, 3.0216)
(5.6454, 0.101, 3.2897)
(5.8553, 0.401, 3.0286)
(0.8163, -2.6704, 1.735)
(0.4387, -2.8041, 1.9633)
(1.0754, -2.5984, 2.1066)
(1.4517, -2.4476, 1.8769)
(1.6884, -2.3432, 2.2547)
(2.0746, -2.184, 2.0182)
(2.3215, -2.0721, 2.3889)
(2.6638, -1.8619, 2.1644)
(2.906, -1.7416, 2.5265)
(3.1149, -1.4003, 2.3279)
(3.3666, -1.2724, 2.6624)
(3.4765, -0.8532, 2.5027)
(3.7974, -0.7614, 2.7946)
(3.9047, -0.3418, 2.6323)
(4.2838, -0.3024, 2.8667)
(4.4538, 0.04, 2.6216)
(4.8765, 0.0174, 2.8008)
(5.0593, 0.354, 2.5636)
(5.4732, 0.3576, 2.7749)
(5.6277, 0.6842, 2.6107)
(0.9206, -2.5779, 1.1345)
(0.5439, -2.7256, 1.3637)
(1.1936, -2.524, 1.5039)
(1.5681, -2.3631, 1.2752)
(1.8256, -2.2804, 1.6457)
(2.1841, -2.0837, 1.4223)
(2.4234, -1.9744, 1.7946)
(2.7169, -1.6883, 1.5892)
(2.9111, -1.544, 1.9651)
(3.0597, -1.1495, 1.7942)
(3.2199, -0.9802, 2.1672)
(3.3092, -0.5509, 2.0224)
(3.5607, -0.4212, 2.3573)
(3.6751, -0.0041, 2.1907)
(4.0395, 0.0454, 2.4335)
(4.2011, 0.3987, 2.2328)
(4.6298, 0.3759, 2.3875)
(4.788, 0.6931, 2.2808)
(5.2043, 0.693, 2.4376)
(5.289, 0.8837, 2.5605)
(1.0195, -2.4706, 0.5398)
(0.6427, -2.627, 0.7658)
(1.2987, -2.4241, 0.9068)
(1.6766, -2.2595, 0.6808)
(1.9394, -2.1859, 1.0501)
(2.2931, -1.9666, 0.8326)
(2.5143, -1.8348, 1.21)
(2.7933, -1.5223, 1.0121)
(2.9448, -1.34, 1.4024)
(3.0952, -0.9461, 1.2348)
(3.1801, -0.7363, 1.6366)
(3.278, -0.3228, 1.4848)
(3.4256, -0.1322, 1.8667)
(3.492, 0.2914, 1.7188)
(3.8014, 0.4065, 2.0321)
(3.9501, 0.7643, 1.9596)
(4.3742, 0.6984, 2.1508)
(4.5364, 0.8324, 2.2838)
(4.9227, 0.8291, 2.4177)
(5.0639, 0.7221, 2.7183)
(1.1045, -2.3317, -0.0473)
(0.7338, -2.5076, 0.1742)
(1.3953, -2.304, 0.3154)
(1.7623, -2.115, 0.094)
(2.0422, -2.0628, 0.4597)
(2.373, -1.8057, 0.2495)
(2.6029, -1.6835, 0.6273)
(2.8203, -1.3252, 0.4432)
(2.9783, -1.1447, 0.835)
(3.0392, -0.7272, 0.6855)
(3.1552, -0.5272, 1.0877)
(3.1411, -0.1101, 0.9564)
(3.2879, 0.0845, 1.3461)
(3.2228, 0.4292, 1.2001)
(3.4264, 0.6473, 1.5788)
(1.1726, -2.1562, -0.627)
(0.8106, -2.3482, -0.4083)
(1.4667, -2.1379, -0.2664)
(1.8141, -1.919, -0.482)
(2.1021, -1.8783, -0.1189)
(2.395, -1.5825, -0.3181)
(2.6272, -1.4754, 0.059)
(2.7644, -1.0832, -0.1048)
(2.907, -0.9128, 0.289)
(2.9197, -0.495, 0.15)
(3.0259, -0.3073, 0.553)
(3.0136, 0.0935, 0.4169)
(3.1059, 0.2694, 0.8166)
(3.0776, 0.5961, 0.6481)
(3.154, 0.719, 1.027)
(1.2447, -1.9901, -1.2108)
(0.8834, -2.1762, -0.9894)
(1.5274, -1.9546, -0.8457)
(1.8667, -1.7272, -1.0599)
(2.1342, -1.6617, -0.6899)
(2.4043, -1.3493, -0.8821)
(2.6078, -1.23, -0.4973)
(2.7333, -0.838, -0.6573)
(2.8266, -0.6714, -0.2533)
(2.8741, -0.27, -0.4016)
(2.9353, -0.0927, 0.0079)
(2.9621, 0.2993, -0.1396)
(3.0151, 0.4616, 0.2626)
(3.0159, 0.7912, 0.0852)
(3.0563, 0.8974, 0.461)
(1.3206, -1.8298, -1.7967)
(0.9614, -2.0181, -1.5754)
(1.5955, -1.7835, -1.4288)
(1.9244, -1.5385, -1.638)
(2.1722, -1.4523, -1.262)
(2.4244, -1.1215, -1.4474)
(2.603, -0.9873, -1.0559)
(2.7341, -0.597, -1.2159)
(2.8149, -0.4373, -0.8098)
(2.8794, -0.0377, -0.9608)
(2.919, 0.1267, -0.5505)
(2.9637, 0.525, -0.7008)
(2.9885, 0.6712, -0.2998)
(3.0092, 1.0139, -0.4792)
(3.0159, 1.1035, -0.1053)
(1.3947, -1.663, -2.3809)
(1.0394, -1.8593, -2.1617)
(1.6642, -1.6094, -2.0109)
(1.9797, -1.3434, -2.2142)
(2.2133, -1.2415, -1.8334)
(2.4475, -0.8926, -2.0129)
(2.6124, -0.7482, -1.6172)
(2.7426, -0.3506, -1.7759)
(2.825, -0.1948, -1.3692)
(2.896, 0.2142, -1.52)
(2.9352, 0.3678, -1.1104)
(2.9901, 0.7818, -1.2604)
(3.0057, 0.9124, -0.8617)
(3.049, 1.2742, -1.0409)
(3.0363, 1.3455, -0.6702)
(1.4651, -1.4873, -2.9627)
(1.1143, -1.692, -2.7457)
(1.7294, -1.4269, -2.5907)
(2.0309, -1.142, -2.7883)
(2.2513, -1.0262, -2.4033)
(2.469, -0.6624, -2.578)
(2.6238, -0.5071, -2.1792)
(2.7499, -0.0996, -2.3362)
(2.8363, 0.0609, -1.9286)
(2.9105, 0.4824, -2.0785)
(2.9585, 0.6341, -1.6689)
(3.0226, 1.0628, -1.8183)
(3.0473, 1.1861, -1.4208)
(3.1113, 1.5603, -1.5998)
(3.1058, 1.6221, -1.2314)
(1.5325, -1.3042, -3.5423)
(1.186, -1.5162, -3.3274)
(1.7909, -1.2369, -3.1683)
(2.0785, -0.9355, -3.3608)
(2.2859, -0.8077, -2.9721)
(2.4874, -0.432, -3.1429)
(2.6332, -0.2665, -2.7414)
(2.752, 0.1498, -2.8968)
(2.8426, 0.3223, -2.4879)
(2.9165, 0.7528, -2.6368)
(2.9774, 0.9142, -2.2265)
(3.0473, 1.3501, -2.3755)
(3.0921, 1.4766, -1.9784)
(3.1686, 1.8525, -2.1581)
(3.1891, 1.9135, -1.7907)
(1.5973, -1.1152, -4.12)
(1.2552, -1.3335, -3.907)
(1.8493, -1.0411, -3.744)
(2.1232, -0.7251, -3.932)
(2.3171, -0.5867, -3.5399)
(2.502, -0.2006, -3.7072)
(2.6381, -0.0277, -3.3037)
(2.7466, 0.3936, -3.4574)
(2.8396, 0.5775, -3.0474)
(2.909, 1.011, -3.1954)
(2.9836, 1.1893, -2.7842)
(3.0523, 1.6242, -2.9332)
(3.1215, 1.7637, -2.5362)
(3.1965, 2.1319, -2.7173)
(3.2531, 2.2, -2.351)
(1.6599, -0.9214, -4.6961)
(1.3223, -1.1453, -4.4847)
(1.9052, -0.8405, -4.3182)
(2.1649, -0.5114, -4.5019)
(2.345, -0.3633, -4.1068)
(2.5124, 0.0323, -4.2708)
(2.6377, 0.2105, -3.8655)
(2.7333, 0.6357, -4.0176)
(2.8255, 0.824, -3.6069)
(2.8868, 1.2583, -3.754)
(2.9708, 1.4469, -3.3423)
(3.031, 1.8776, -3.491)
(3.119, 2.0305, -3.0943)
(3.1775, 2.3901, -3.2753)
(3.2637, 2.4686, -2.9108)
(1.7206, -0.7237, -5.2706)
(1.3876, -0.9524, -5.0608)
(1.9586, -0.6361, -4.8909)
(2.2035, -0.2948, -5.0708)
(2.3691, -0.1376, -4.6729)
(2.5177, 0.2668, -4.8337)
(2.6314, 0.4496, -4.4267)
(2.7121, 0.8787, -4.5769)
(2.801, 1.0683, -4.1657)
(2.8522, 1.5041, -4.3115)
(2.9401, 1.6939, -3.9)
(2.9917, 2.1251, -4.0478)
(3.0866, 2.2812, -3.6515)
(3.1356, 2.6399, -3.832)
(3.2269, 2.7222, -3.4679)
(1.7768, -0.5337, -5.8145)
(1.4511, -0.7574, -5.6319)
(2.0095, -0.43, -5.4585)
(2.2367, -0.0878, -5.6073)
(2.3885, 0.0887, -5.2342)
(2.5167, 0.4899, -5.3647)
(2.6182, 0.6883, -4.9832)
(2.6843, 1.109, -5.1043)
(2.767, 1.3118, -4.7195)
(2.8106, 1.7369, -4.8371)
(2.8974, 1.939, -4.4526)
(2.946, 2.3588, -4.5728)
(3.0421, 2.5275, -4.2041)
(3.0945, 2.8749, -4.3607)
(3.1854, 2.9725, -4.026)
(1.8202, -0.3843, -6.2392)
(1.5048, -0.5892, -6.1192)
(2.0506, -0.2545, -5.9364)
(2.2595, 0.0719, -6.0175)
(2.4004, 0.2802, -5.7046)
(2.5112, 0.6615, -5.7703)
(2.601, 0.8896, -5.4497)
(2.658, 1.2857, -5.5071)
(2.7321, 1.5167, -5.1836)
(2.7745, 1.9152, -5.2385)
(2.8554, 2.1451, -4.9157)
(2.9074, 2.5377, -4.9739)
(3.0006, 2.7328, -4.667)
(3.0562, 3.0337, -4.7527)
(3.1492, 3.16, -4.4839)
(1.3616, -1.4544, 4.2848)
(1.4784, -1.1899, 4.4354)
(1.7177, -1.2137, 4.3711)
(1.9119, -0.9351, 4.5292)
(2.3081, -0.9579, 4.4518)
(2.5518, -0.6783, 4.6116)
(2.9444, -0.6937, 4.5362)
(3.1887, -0.4175, 4.7024)
(3.581, -0.4269, 4.6201)
(3.8248, -0.1473, 4.7818)
(4.2136, -0.1467, 4.6865)
(4.4544, 0.143, 4.8366)
(4.839, 0.1517, 4.7302)
(5.0785, 0.4484, 4.8686)
(5.4647, 0.4482, 4.7663)
(5.7086, 0.7465, 4.8966)
(5.885, 1.0816, 4.9667)
(6.0282, 1.3923, 4.9849)
(6.2529, 1.3112, 5.0425)
(6.1399, 1.0282, 4.9713)
(5.3568, 0.8563, 2.9029)
(5.4656, 0.6628, 3.0419)
(5.7154, 0.8098, 3.1567)
(5.6364, 1.0178, 3.0398)
(5.5056, 1.3023, 2.9361)
(5.9295, 1.2027, 3.1367)
(5.806, 1.4925, 3.1019)
(5.5832, 1.6958, 3.2537)
(6.0669, 1.6506, 3.3122)
(5.8467, 1.8153, 3.5396)
(5.5856, 1.8729, 3.8211)
(6.0796, 1.9187, 3.8335)
(5.8481, 1.933, 4.1247)
(5.6082, 1.8295, 4.4086)
(6.0837, 1.9641, 4.4277)
(5.893, 1.7944, 4.6794)
(5.7173, 1.5016, 4.8484)
(6.1686, 1.7017, 4.8959)
(0.8996, -0.5033, 4.5162)
(1.0209, -0.1769, 4.4388)
(1.3894, -0.3482, 4.5118)
(1.2321, -0.6698, 4.5449)
(1.599, 0.0325, 4.4545)
(2.0036, -0.1224, 4.5351)
(1.7709, -0.4985, 4.5477)
(2.2338, 0.2809, 4.5206)
(2.6332, 0.1323, 4.626)
(2.4051, -0.2517, 4.6099)
(2.8651, 0.5177, 4.5728)
(3.2686, 0.384, 4.6576)
(3.0393, 0.0059, 4.6874)
(3.4971, 0.7576, 4.5335)
(3.9001, 0.6407, 4.634)
(3.6769, 0.2631, 4.7077)
(4.1168, 1.0326, 4.5272)
(4.5129, 0.9369, 4.6942)
(4.2999, 0.5458, 4.7434)
(4.7351, 1.3207, 4.5819)
(5.1273, 1.2356, 4.775)
(4.91, 0.8533, 4.829)
(5.3605, 1.587, 4.6371)
(5.5224, 1.149, 4.9135)
(0.594, -0.0527, 4.298)
(0.7969, 0.2915, 4.1557)
(1.2042, 0.178, 4.3398)
(1.4612, 0.5579, 4.2361)
(1.8419, 0.4312, 4.3966)
(2.1093, 0.7783, 4.2771)
(2.4801, 0.6535, 4.4382)
(2.7525, 0.9266, 4.2042)
(3.1157, 0.8443, 4.3848)
(3.3726, 1.1357, 4.1321)
(3.7302, 1.1119, 4.3473)
(3.9949, 1.3914, 4.1226)
(4.3554, 1.3822, 4.3597)
(4.6375, 1.6219, 4.1145)
(4.9928, 1.63, 4.3823)
(5.2882, 1.8171, 4.1143)
(-0.7734, 0.0969, 3.4522)
(-0.4865, 0.3625, 3.39)
(-0.1788, 0.2872, 3.6626)
(-0.4612, 0.0509, 3.6751)
(0.1104, 0.5686, 3.598)
(0.421, 0.426, 3.8972)
(0.1159, 0.1391, 3.9706)
(0.7514, 0.7674, 3.742)
(1.0989, 0.6615, 4.0055)
(1.4202, 0.9893, 3.826)
(1.7564, 0.8889, 4.077)
(2.075, 1.0865, 3.8078)
(2.4037, 0.9925, 4.0135)
(2.7057, 1.1475, 3.6891)
(3.0328, 1.1455, 3.9021)
(3.3382, 1.2629, 3.6033)
(3.6627, 1.3356, 3.8613)
(3.995, 1.3782, 3.5659)
(4.3109, 1.5226, 3.8436)
(4.6338, 1.5906, 3.5342)
(4.9525, 1.7459, 3.82)
(5.2791, 1.7742, 3.5193)
(-0.814, 0.4523, 3.1186)
(-0.5257, 0.7807, 2.9936)
(-0.2015, 0.6786, 3.298)
(0.1058, 0.9869, 3.1504)
(0.4256, 0.8769, 3.4526)
(0.763, 1.1577, 3.2527)
(1.0889, 1.0722, 3.545)
(1.4315, 1.3062, 3.3122)
(1.7536, 1.219, 3.5836)
(2.0963, 1.3356, 3.2848)
(2.404, 1.2085, 3.4907)
(2.725, 1.2204, 3.1592)
(3.0202, 1.1944, 3.3715)
(3.3536, 1.0986, 3.0616)
(3.6735, 1.2187, 3.3082)
(3.9918, 1.1886, 3.0024)
(4.3153, 1.3973, 3.2598)
(4.6211, 1.4257, 2.9555)
(4.9504, 1.6247, 3.2292)
(5.266, 1.537, 2.995)
(-0.8616, 0.8861, 2.6968)
(-0.5519, 1.183, 2.5391)
(-0.2221, 1.0904, 2.8467)
(0.1081, 1.3443, 2.6549)
(0.4377, 1.2492, 2.9553)
(0.7836, 1.4562, 2.7237)
(1.1088, 1.3786, 3.0196)
(1.4639, 1.5202, 2.7528)
(1.78, 1.4328, 3.0342)
(2.1154, 1.4166, 2.7157)
(2.4227, 1.3105, 2.9507)
(2.731, 1.2018, 2.5935)
(3.0432, 1.1253, 2.8145)
(3.3504, 0.9853, 2.4898)
(3.673, 1.0148, 2.7514)
(3.9678, 0.9991, 2.4474)
(4.291, 1.2136, 2.6923)
(4.5935, 1.1533, 2.4937)
(4.9305, 1.3401, 2.7396)
(5.1854, 1.1154, 2.7375)
(-0.8778, 1.2601, 2.2228)
(-0.5391, 1.4982, 2.0227)
(-0.2193, 1.4319, 2.3457)
(0.1316, 1.6313, 2.1211)
(0.4566, 1.5422, 2.4255)
(0.8149, 1.6867, 2.1673)
(1.1407, 1.5975, 2.4599)
(1.5011, 1.6772, 2.1737)
(1.815, 1.5607, 2.454)
(2.1463, 1.5129, 2.1317)
(2.4297, 1.3159, 2.3743)
(2.7024, 1.161, 2.0311)
(3.0123, 1.032, 2.2512)
(3.2676, 0.829, 1.9206)
(3.6436, 0.8404, 2.1838)
(3.946, 0.7797, 1.9731)
(4.2624, 0.9757, 2.2647)
(4.5284, 0.8411, 2.3001)
(4.8542, 0.9694, 2.5272)
(5.0534, 0.7242, 2.7363)
(-0.8477, 1.5339, 1.6839)
(-0.4901, 1.7237, 1.4624)
(-0.185, 1.6964, 1.801)
(0.1781, 1.8657, 1.5659)
(0.4914, 1.7928, 1.8764)
(0.8556, 1.9124, 1.6129)
(1.1767, 1.7827, 1.8884)
(1.5348, 1.861, 1.6061)
(1.8491, 1.702, 1.8727)
(2.1588, 1.6624, 1.556)
(2.4369, 1.4067, 1.7979)
(2.6654, 1.2563, 1.4588)
(2.9248, 0.9848, 1.6916)
(3.0692, 0.8479, 1.3596)
(3.4226, 0.6668, 1.5896)
(-0.7866, 1.7283, 1.1135)
(-0.432, 1.9202, 0.8981)
(-0.1251, 1.8881, 1.231)
(0.2324, 2.0699, 1.0094)
(0.5445, 2.0122, 1.3218)
(0.9026, 2.1764, 1.0853)
(1.2182, 2.0304, 1.3508)
(1.5551, 2.1187, 1.0736)
(1.8617, 1.8961, 1.3117)
(2.1248, 1.8367, 0.9908)
(2.404, 1.5545, 1.2257)
(2.5917, 1.4078, 0.8905)
(2.8314, 1.1078, 1.1229)
(2.9479, 0.9968, 0.7941)
(3.1476, 0.738, 1.0352)
(-0.7508, 1.9865, 0.5791)
(-0.4304, 2.2669, 0.4144)
(-0.0932, 2.1548, 0.706)
(0.231, 2.4256, 0.5331)
(0.5724, 2.2952, 0.8073)
(0.9025, 2.4823, 0.5759)
(1.2378, 2.3144, 0.8292)
(1.531, 2.3328, 0.5183)
(1.8364, 2.099, 0.7551)
(2.0559, 1.9941, 0.421)
(2.3294, 1.7108, 0.658)
(2.5036, 1.5625, 0.322)
(2.7418, 1.2715, 0.5573)
(2.8686, 1.1749, 0.2265)
(3.0481, 0.9148, 0.4665)
(-0.7776, 2.3949, 0.141)
(-0.4708, 2.7052, 0.0014)
(-0.1175, 2.562, 0.2636)
(0.2035, 2.8071, 0.0717)
(0.5551, 2.6466, 0.324)
(0.8692, 2.739, 0.0395)
(1.2077, 2.5415, 0.278)
(1.4594, 2.4764, -0.0599)
(1.7663, 2.247, 0.1804)
(1.9628, 2.1083, -0.1617)
(2.2406, 1.8484, 0.0831)
(2.4266, 1.7038, -0.2578)
(2.6647, 1.4342, -0.0147)
(2.8308, 1.3664, -0.3471)
(3.0058, 1.1211, -0.1027)
(-0.8173, 2.8323, -0.2749)
(-0.4986, 3.1081, -0.448)
(-0.1503, 2.9636, -0.1817)
(0.1752, 3.1165, -0.4364)
(0.524, 2.9319, -0.1978)
(0.8101, 2.9129, -0.5303)
(1.1402, 2.6952, -0.2979)
(1.3667, 2.5686, -0.652)
(1.6688, 2.3409, -0.4086)
(1.8835, 2.2078, -0.7556)
(2.1636, 1.9678, -0.5047)
(2.4017, 1.8683, -0.8426)
(2.6327, 1.6094, -0.5951)
(2.8587, 1.5991, -0.917)
(3.0254, 1.3634, -0.6696)
(-0.8338, 3.2213, -0.7397)
(-0.5091, 3.4553, -0.9421)
(-0.1706, 3.2964, -0.6793)
(0.1399, 3.3471, -0.9842)
(0.473, 3.1271, -0.7595)
(0.7369, 3.0384, -1.1165)
(1.0562, 2.8005, -0.8884)
(1.3059, 2.6907, -1.2422)
(1.5968, 2.4422, -1.0043)
(1.873, 2.3798, -1.337)
(2.1419, 2.1244, -1.0926)
(2.4537, 2.1178, -1.3992)
(2.6753, 1.8498, -1.1593)
(2.943, 1.891, -1.4659)
(3.0953, 1.64, -1.23)
(-0.8296, 3.5637, -1.2395)
(-0.5063, 3.7544, -1.4671)
(-0.1828, 3.5668, -1.2141)
(0.119, 3.5595, -1.5454)
(0.4206, 3.2888, -1.3366)
(0.7064, 3.2269, -1.6862)
(1.007, 2.9523, -1.4696)
(1.3196, 2.9364, -1.7897)
(1.6021, 2.653, -1.5684)
(1.9473, 2.6983, -1.8487)
(2.2053, 2.4018, -1.6294)
(2.5601, 2.4607, -1.906)
(2.7737, 2.1645, -1.6905)
(3.0365, 2.2034, -2.0063)
(3.1791, 1.9313, -1.7882)
(-0.8109, 3.8725, -1.7623)
(-0.4896, 4.0458, -1.9993)
(-0.1779, 3.8284, -1.7574)
(0.1383, 3.8369, -2.0798)
(0.4169, 3.5235, -1.8884)
(0.7459, 3.5369, -2.1995)
(1.0311, 3.2306, -1.9993)
(1.3914, 3.3023, -2.2648)
(1.6741, 2.9974, -2.061)
(2.0442, 3.0887, -2.3102)
(2.3116, 2.7739, -2.1105)
(2.6483, 2.8106, -2.4075)
(2.868, 2.4941, -2.2137)
(3.0928, 2.4988, -2.5533)
(3.2432, 2.2178, -2.3478)
(-0.7885, 4.1676, -2.2947)
(-0.4605, 4.3417, -2.5287)
(-0.1513, 4.1251, -2.2835)
(0.1869, 4.1717, -2.5789)
(0.466, 3.8534, -2.391)
(0.8231, 3.9229, -2.6594)
(1.1068, 3.6104, -2.4645)
(1.4809, 3.7143, -2.7035)
(1.7644, 3.402, -2.5072)
(2.1211, 3.4733, -2.7747)
(2.3928, 3.1439, -2.5906)
(2.6871, 3.1329, -2.9243)
(2.9117, 2.8002, -2.7468)
(3.0899, 2.7725, -3.1027)
(3.2532, 2.4853, -2.9061)
(-0.7605, 4.4499, -2.8327)
(-0.4181, 4.6329, -3.0581)
(-0.1075, 4.4484, -2.7912)
(0.2503, 4.5366, -3.0538)
(0.5401, 4.2383, -2.8506)
(0.9086, 4.3358, -3.0957)
(1.1957, 4.0259, -2.8993)
(1.5599, 4.1149, -3.1528)
(1.8427, 3.7969, -2.9618)
(2.1677, 3.8195, -3.2702)
(2.4339, 3.4792, -3.0953)
(2.6892, 3.4241, -3.4593)
(2.9078, 3.0827, -3.2884)
(3.0587, 3.0326, -3.6546)
(3.2156, 2.7377, -3.4617)
(-0.7206, 4.7075, -3.3771)
(-0.3704, 4.8871, -3.5705)
(-0.0561, 4.7652, -3.2968)
(0.3073, 4.8706, -3.5111)
(0.6143, 4.6278, -3.3015)
(0.9771, 4.71, -3.5239)
(1.2724, 4.425, -3.3442)
(1.6111, 4.4575, -3.6079)
(1.893, 4.1486, -3.4473)
(2.1842, 4.1097, -3.7647)
(2.444, 3.7766, -3.6207)
(2.6762, 3.6817, -3.9743)
(2.8854, 3.3477, -3.8334)
(3.0301, 3.277, -4.1801)
(3.1757, 2.9886, -4.0191)
(-0.6787, 4.9078, -3.8493)
(-0.3285, 5.0771, -3.9721)
(-0.0112, 5.0235, -3.7269)
(0.3511, 5.1371, -3.8507)
(0.6699, 4.9525, -3.6821)
(1.0227, 4.9951, -3.8516)
(1.3213, 4.7373, -3.7378)
(1.6355, 4.6973, -3.9728)
(1.9135, 4.4123, -3.8782)
(2.1852, 4.3149, -4.1535)
(2.4394, 4.0086, -4.0723)
(2.6644, 3.8732, -4.3709)
(2.8657, 3.5658, -4.2918)
(3.0063, 3.4669, -4.5588)
(3.1451, 3.2059, -4.4641)
(1.123, -0.8817, 4.5573)
(1.5552, -0.8137, 4.5363)
(1.4094, -1.0238, 4.5197)
(2.1616, -0.5952, 4.5803)
(1.9076, -0.9161, 4.5358)
(2.7998, -0.3385, 4.6645)
(2.5504, -0.659, 4.6207)
(3.4376, -0.0793, 4.7358)
(3.1907, -0.3998, 4.7162)
(4.0716, 0.1919, 4.7765)
(3.8279, -0.1333, 4.799)
(4.6893, 0.4938, 4.8389)
(4.4572, 0.1561, 4.8543)
(5.3054, 0.8003, 4.9016)
(5.0794, 0.4632, 4.8843)
(5.7048, 0.7631, 4.9079)
(-2.8741, -0.8063, -1.0913)
(-2.5272, 1.0963, -4.9786)
(-2.3266, -2.2551, 3.6515)
(-2.7461, -0.0311, -2.7802)
(-2.9763, -2.398, 3.4453)
(-3.6325, -2.5359, 3.2597)
(-3.0404, -1.0722, -0.5768)
(-4.2884, -2.6732, 3.0724)
(-4.9416, -2.7917, 2.8643)
(-5.59, -2.8791, 2.63)
(-6.2331, -2.9586, 2.3787)
(-2.6381, 0.7988, -4.457)
(-6.8768, -3.062, 2.1332)
(-2.7358, -0.2906, -2.2009)
(-2.7666, -0.5481, -1.6332)
(-4.4682, -1.808, 0.1899)
(-3.2656, -1.3448, -0.0869)
(-3.7978, -1.6184, 0.2427)
(-4.9937, -2.2156, 0.3855)
(-5.4689, -2.664, 0.6186)
(-2.4268, 1.3886, -5.5102)
(-2.7296, 0.5063, -3.9247)
(-2.7546, 0.2343, -3.3588)
(-6.9082, -3.4673, 1.8256)
(-6.755, -3.2489, 2.0474)
(-6.9974, -3.1803, 2.064)
(-7.1292, -3.4204, 1.8979)
(-5.6359, -2.7261, 0.6169)
(-5.566, -2.5322, 0.4668)
(-5.8888, -2.5937, 0.4134)
(-5.942, -2.72, 0.5782)
(-5.779, -2.6025, 0.1986)
(-6.1155, -2.7546, 0.1235)
(-6.2109, -2.653, 0.2826)
(-5.9668, -2.9728, 0.2231)
(-6.309, -3.1499, 0.3434)
(-6.4361, -2.8992, 0.1486)
(-6.1579, -3.3325, 0.6488)
(-6.5046, -3.4756, 0.8077)
(-6.6253, -3.3314, 0.4857)
(-6.3639, -3.555, 1.1686)
(-6.7144, -3.6141, 1.3446)
(-6.8234, -3.6025, 0.9831)
(-6.5802, -3.5198, 1.6964)
(-7.0327, -3.6196, 1.5271)
(-1.704, -2.8321, 3.0128)
(-1.6102, -2.6658, 3.2986)
(-1.9601, -2.5667, 3.4252)
(-2.1011, -2.747, 3.1647)
(-2.2912, -2.9661, 2.8538)
(-2.5016, -2.6508, 3.2765)
(-2.7268, -2.8843, 2.9909)
(-2.9501, -3.1288, 2.679)
(-3.1511, -2.7841, 3.0855)
(-3.3829, -3.0278, 2.8058)
(-3.6061, -3.2671, 2.4937)
(-3.8058, -2.9157, 2.8918)
(-4.0376, -3.1567, 2.61)
(-4.258, -3.3679, 2.2798)
(-4.4593, -3.037, 2.6883)
(-4.688, -3.2584, 2.3898)
(-4.9032, -3.4327, 2.0384)
(-5.1085, -3.1356, 2.4639)
(-5.3327, -3.3361, 2.1496)
(-5.5443, -3.4839, 1.7867)
(-5.7532, -3.2227, 2.2269)
(-5.975, -3.4165, 1.9089)
(-6.1821, -3.5454, 1.5461)
(-6.3916, -3.3329, 2.0037)
(-1.3986, -3.0549, 2.5442)
(-1.236, -2.8922, 2.8816)
(-1.8567, -3.0216, 2.6988)
(-2.0834, -3.2201, 2.3532)
(-2.5157, -3.1957, 2.5252)
(-2.7512, -3.3773, 2.1797)
(-3.1751, -3.3447, 2.3483)
(-3.4074, -3.4526, 1.989)
(-3.8286, -3.437, 2.1423)
(-4.0576, -3.4646, 1.7717)
(-4.4751, -3.4825, 1.905)
(-4.6945, -3.4592, 1.5196)
(-5.1147, -3.5022, 1.6489)
(-5.3283, -3.4609, 1.2527)
(-5.7557, -3.5254, 1.3961)
(-5.968, -3.461, 1.009)
(0.069, -2.9288, 2.1671)
(-0.0057, -2.9695, 2.5851)
(-0.2957, -3.0224, 2.3597)
(-0.5778, -3.0681, 2.0689)
(-0.6654, -3.0321, 2.6251)
(-0.958, -3.0807, 2.3288)
(-1.2486, -3.1815, 1.9437)
(-1.6584, -3.2107, 2.1601)
(-1.93, -3.3252, 1.7805)
(-2.3355, -3.3694, 1.9891)
(-2.5941, -3.3661, 1.6322)
(-2.9972, -3.4189, 1.8171)
(-3.2501, -3.2744, 1.4848)
(-3.6523, -3.3807, 1.6337)
(-3.9044, -3.153, 1.334)
(-4.2961, -3.3248, 1.4286)
(-4.523, -3.1255, 1.0851)
(-4.9125, -3.3338, 1.1414)
(-5.1321, -3.1669, 0.7752)
(-5.5473, -3.3391, 0.8746)
(-5.7678, -3.1735, 0.5193)
(0.1687, -2.8694, 1.5952)
(-0.2056, -2.9921, 1.83)
(-0.4834, -3.042, 1.459)
(-0.8607, -3.1262, 1.7045)
(-1.1481, -3.1731, 1.3226)
(-1.5343, -3.2554, 1.5569)
(-1.8208, -3.2363, 1.1976)
(-2.2032, -3.3058, 1.4275)
(-2.4667, -3.1009, 1.1356)
(-2.8501, -3.1671, 1.3333)
(-3.0983, -2.8594, 1.0945)
(-3.5021, -2.9976, 1.2222)
(-3.7488, -2.691, 0.9792)
(-4.1446, -2.8908, 1.0471)
(-4.3647, -2.67, 0.7168)
(-4.7385, -2.9377, 0.7253)
(-4.9677, -2.7299, 0.3975)
(-5.3609, -2.9747, 0.4352)
(-5.5908, -2.7685, 0.1855)
(0.2674, -2.7785, 0.9934)
(-0.1069, -2.9234, 1.2231)
(-0.389, -2.9642, 0.8526)
(-0.7677, -3.0767, 1.0858)
(-1.0591, -3.0793, 0.7221)
(-1.4393, -3.1592, 0.961)
(-1.7365, -3.0544, 0.6281)
(-2.1023, -3.0784, 0.8864)
(-2.3624, -2.8113, 0.6259)
(-2.7119, -2.7899, 0.8976)
(-2.959, -2.4724, 0.6702)
(-3.3431, -2.5371, 0.8679)
(-3.5928, -2.2356, 0.619)
(-3.9849, -2.4198, 0.699)
(-4.2218, -2.1907, 0.4111)
(-4.5901, -2.4593, 0.3948)
(-4.8401, -2.269, 0.1981)
(-5.2121, -2.5123, 0.1852)
(-5.4262, -2.4126, 0.2419)
(0.3602, -2.6731, 0.3975)
(-0.0139, -2.8272, 0.6233)
(-0.3015, -2.8671, 0.2537)
(-0.6788, -2.9899, 0.4847)
(-0.9807, -2.9723, 0.1255)
(-1.3613, -3.0248, 0.3731)
(-1.6647, -2.8919, 0.0489)
(-2.0251, -2.866, 0.329)
(-2.2874, -2.6004, 0.0712)
(-2.6172, -2.5171, 0.3836)
(-2.8559, -2.2081, 0.1575)
(-3.2142, -2.1713, 0.4302)
(-3.4367, -1.8384, 0.2185)
(-3.8499, -1.9452, 0.3759)
(-4.1278, -1.7199, 0.2102)
(-4.4832, -2.0257, 0.2343)
(-4.7285, -2.0167, 0.2793)
(-5.0674, -2.2439, 0.2563)
(-5.2311, -2.4426, 0.4919)
(0.4438, -2.5346, -0.19)
(0.0726, -2.7102, 0.0298)
(-0.2215, -2.7245, -0.3344)
(-0.5988, -2.8743, -0.1108)
(-0.9066, -2.8138, -0.4591)
(-1.2885, -2.8794, -0.2136)
(-1.5754, -2.6765, -0.5069)
(-1.9402, -2.6566, -0.2282)
(-2.1543, -2.3238, -0.4373)
(-2.5023, -2.2663, -0.1359)
(-2.6663, -1.8951, -0.2996)
(-3.03, -1.8578, -0.0212)
(-3.1107, -1.5175, -0.1701)
(-3.5258, -1.4901, 0.0733)
(0.5176, -2.3574, -0.7685)
(0.1498, -2.5425, -0.5509)
(-0.1478, -2.5217, -0.9058)
(-0.5241, -2.6853, -0.6862)
(-0.8283, -2.5731, -1.0147)
(-1.2035, -2.653, -0.769)
(-1.4559, -2.3805, -1.0169)
(-1.8043, -2.361, -0.7294)
(-1.9858, -2.0025, -0.91)
(-2.3199, -1.9503, -0.6026)
(-2.4741, -1.5925, -0.769)
(-2.7905, -1.5425, -0.4582)
(-2.8804, -1.2342, -0.6393)
(-3.1487, -1.2178, -0.3357)
(0.5951, -2.1899, -1.3512)
(0.2248, -2.3549, -1.1271)
(-0.0718, -2.3231, -1.4788)
(-0.4486, -2.4554, -1.2479)
(-0.7472, -2.318, -1.5632)
(-1.1104, -2.3728, -1.3009)
(-1.355, -2.0941, -1.5406)
(-1.6678, -2.0524, -1.2243)
(-1.8627, -1.7247, -1.4246)
(-2.1595, -1.6576, -1.0926)
(-2.3338, -1.3266, -1.2831)
(-2.614, -1.2671, -0.9533)
(-2.7239, -0.9708, -1.1539)
(-2.9546, -0.9485, -0.837)
(0.6736, -2.0289, -1.9366)
(0.3024, -2.1812, -1.7083)
(0.0022, -2.1296, -2.0536)
(-0.3731, -2.2348, -1.8122)
(-0.6708, -2.0727, -2.1163)
(-1.0257, -2.1023, -1.84)
(-1.2734, -1.8277, -2.0815)
(-1.5737, -1.7849, -1.7575)
(-1.7793, -1.4676, -1.9664)
(-2.0528, -1.3994, -1.6238)
(-2.2432, -1.0726, -1.8244)
(-2.4925, -1.0108, -1.4828)
(-2.624, -0.7144, -1.6946)
(-2.819, -0.6871, -1.3643)
(0.7494, -1.8615, -2.5204)
(0.3775, -2.0052, -2.2892)
(0.074, -1.9294, -2.6262)
(-0.301, -2.0144, -2.3768)
(-0.597, -1.8278, -2.6707)
(-0.9486, -1.8419, -2.3865)
(-1.1999, -1.5607, -2.6271)
(-1.4995, -1.5221, -2.3028)
(-1.7154, -1.2004, -2.515)
(-1.9823, -1.1409, -2.1714)
(-2.1893, -0.8068, -2.3777)
(-2.4221, -0.7527, -2.0326)
(-2.5816, -0.4529, -2.2553)
(-2.7504, -0.4297, -1.9184)
(0.8223, -1.685, -3.1017)
(0.4499, -1.8204, -2.8674)
(0.1445, -1.7216, -3.196)
(-0.2296, -1.7884, -2.9394)
(-0.5229, -1.5807, -3.2242)
(-0.8739, -1.5806, -2.9344)
(-1.1281, -1.289, -3.1731)
(-1.4336, -1.2488, -2.85)
(-1.659, -0.9186, -3.064)
(-1.9316, -0.8655, -2.7236)
(-2.154, -0.5246, -2.9346)
(-2.3893, -0.4813, -2.5933)
(-2.5716, -0.1829, -2.8254)
(-2.7398, -0.1711, -2.4921)
(0.8926, -1.5008, -3.6806)
(0.5202, -1.6274, -3.443)
(0.2144, -1.5077, -3.7635)
(-0.1577, -1.5578, -3.4999)
(-0.4466, -1.3317, -3.7762)
(-0.7972, -1.3185, -3.4817)
(-1.0514, -1.0158, -3.7171)
(-1.367, -0.9681, -3.3958)
(-1.5976, -0.6306, -3.6099)
(-1.8855, -0.5766, -3.275)
(-2.1166, -0.2331, -3.4888)
(-2.3688, -0.1982, -3.156)
(-2.5616, 0.0946, -3.394)
(-2.7489, 0.0915, -3.0715)
(0.9609, -1.3104, -4.2575)
(0.5888, -1.4279, -4.0163)
(0.2839, -1.2889, -4.329)
(-0.085, -1.3232, -4.0584)
(-0.3683, -1.0798, -4.3263)
(-0.7163, -1.0555, -4.0271)
(-0.966, -0.7433, -4.2576)
(-1.2901, -0.6875, -3.9375)
(-1.5194, -0.3453, -4.1497)
(-1.8273, -0.2849, -3.8211)
(-2.0573, 0.058, -4.0346)
(-2.335, 0.0903, -3.7128)
(-2.5223, 0.3771, -3.9509)
(-2.7404, 0.3604, -3.6441)
(1.0276, -1.115, -4.8325)
(0.6563, -1.2232, -4.5877)
(0.3533, -1.0659, -4.8926)
(-0.0114, -1.0848, -4.6151)
(-0.2879, -0.8244, -4.8743)
(-0.6313, -0.7901, -4.57)
(-0.8741, -0.468, -4.7946)
(-1.2001, -0.4083, -4.4742)
(-1.4243, -0.0615, -4.6826)
(-1.7453, 0.0022, -4.3586)
(-1.967, 0.3458, -4.5683)
(-2.2663, 0.3789, -4.2555)
(-2.4369, 0.6672, -4.4866)
(-2.6824, 0.643, -4.194)
(1.0931, -0.9155, -5.4059)
(0.7229, -1.0141, -5.1574)
(0.4231, -0.8389, -5.4544)
(0.0634, -0.8427, -5.1697)
(-0.2046, -0.5651, -5.4199)
(-0.5425, -0.5209, -5.1102)
(-0.7769, -0.1879, -5.3278)
(-1.1015, -0.1255, -5.006)
(-1.3197, 0.2276, -5.2098)
(-1.6443, 0.29, -4.8876)
(-1.8605, 0.6383, -5.0936)
(-2.1668, 0.6701, -4.7844)
(-2.3301, 0.9623, -5.0115)
(-2.5816, 0.9384, -4.7218)
(1.1544, -0.7237, -5.9485)
(0.7886, -0.8028, -5.7216)
(0.49, -0.6208, -5.9833)
(0.1397, -0.598, -5.7184)
(-0.1227, -0.3157, -5.9326)
(-0.45, -0.2489, -5.6435)
(-0.68, 0.0814, -5.828)
(-0.9973, 0.161, -5.5296)
(-1.2148, 0.5058, -5.7035)
(-1.5352, 0.582, -5.4073)
(-1.7538, 0.9188, -5.5859)
(-2.0575, 0.9634, -5.3041)
(-2.2266, 1.2413, -5.5094)
(-2.475, 1.2335, -5.2484)
(1.2021, -0.5726, -6.3722)
(0.8442, -0.6224, -6.1961)
(0.5422, -0.4515, -6.387)
(0.206, -0.3891, -6.1767)
(-0.0572, -0.1218, -6.3225)
(-0.3686, -0.0167, -6.0882)
(-0.6027, 0.2903, -6.2081)
(-0.9055, 0.4053, -5.966)
(-1.1318, 0.7209, -6.0791)
(-1.4397, 0.8305, -5.8407)
(-1.6699, 1.1351, -5.9607)
(-1.9626, 1.2103, -5.7379)
(-2.1361, 1.4388, -5.8743)
(-2.3766, 1.4614, -5.678)
(-1.8603, -2.4448, 3.5895)
(-2.1477, -2.3041, 3.653)
(-2.2907, -2.4452, 3.5063)
(-2.6467, -2.3353, 3.5455)
(-2.9035, -2.5585, 3.3271)
(-3.298, -2.4747, 3.3491)
(-3.5567, -2.6903, 3.1331)
(-3.9523, -2.6105, 3.161)
(-4.2114, -2.8201, 2.9383)
(-4.6068, -2.7364, 2.9618)
(-4.8639, -2.9342, 2.7275)
(-5.2579, -2.839, 2.7403)
(-5.5119, -3.0268, 2.4964)
(-5.9043, -2.9238, 2.4981)
(-6.1564, -3.1204, 2.2586)
(-6.5498, -3.0175, 2.251)
(-6.8896, -2.841, 2.2093)
(-7.1715, -2.6611, 2.1354)
(-7.3189, -2.8568, 2.1123)
(-7.0546, -3.0235, 2.123)
(-5.594, -2.51, 0.5331)
(-5.6246, -2.7455, 0.6442)
(-5.9349, -2.7714, 0.6364)
(-5.9431, -2.5417, 0.5338)
(-5.9576, -2.221, 0.4572)
(-6.3, -2.5544, 0.4926)
(-6.3489, -2.2411, 0.4761)
(-6.3467, -1.9689, 0.6779)
(-6.71, -2.2722, 0.5533)
(-6.7175, -2.043, 0.8272)
(-6.6574, -1.8872, 1.1781)
(-7.0594, -2.1158, 0.9974)
(-7.0021, -2.0133, 1.351)
(-6.8728, -2.0032, 1.7144)
(-7.3107, -2.1493, 1.5368)
(-7.1707, -2.2173, 1.8595)
(-6.9446, -2.3865, 2.1151)
(-7.4101, -2.4683, 1.9648)
(-2.1128, -1.4274, 3.867)
(-2.3492, -1.2115, 3.7099)
(-2.5619, -1.5618, 3.657)
(-2.284, -1.7491, 3.7862)
(-2.9029, -1.3499, 3.4811)
(-3.1554, -1.7066, 3.4213)
(-2.7824, -1.8969, 3.5641)
(-3.5409, -1.4923, 3.276)
(-3.8016, -1.8437, 3.2392)
(-3.4167, -2.0395, 3.3539)
(-4.1638, -1.6408, 3.0585)
(-4.4273, -1.9794, 2.998)
(-4.0623, -2.175, 3.1557)
(-4.7536, -1.7762, 2.7542)
(-5.0316, -2.1021, 2.7061)
(-4.6879, -2.3059, 2.9017)
(-5.3653, -1.8793, 2.4805)
(-5.6752, -2.1914, 2.4949)
(-5.3226, -2.4092, 2.6657)
(-6.0067, -1.9777, 2.263)
(-6.3293, -2.2821, 2.3019)
(-5.9802, -2.4905, 2.4782)
(-6.6419, -2.0986, 2.046)
(-6.6326, -2.5833, 2.2897)
(-2.0424, -0.8613, 3.7307)
(-2.3277, -0.6634, 3.4857)
(-2.6406, -1.0013, 3.5089)
(-3.0015, -0.8077, 3.2774)
(-3.2793, -1.1408, 3.2923)
(-3.6222, -0.9814, 3.042)
(-3.8955, -1.3046, 3.0645)
(-4.1585, -1.1969, 2.7145)
(-4.4566, -1.4817, 2.7526)
(-4.71, -1.3487, 2.3871)
(-5.0484, -1.585, 2.4521)
(-5.3125, -1.4685, 2.1116)
(-5.6695, -1.6968, 2.195)
(-5.9184, -1.6203, 1.835)
(-6.2918, -1.8353, 1.946)
(-6.5139, -1.8074, 1.5664)
(-1.1084, 0.1645, 3.2499)
(-1.4015, -0.0937, 3.3952)
(-1.0669, -0.1359, 3.545)
(-1.7487, -0.0083, 3.1923)
(-2.0198, -0.3212, 3.3742)
(-1.6611, -0.4068, 3.5889)
(-2.403, -0.1844, 3.0815)
(-2.7031, -0.4906, 3.2024)
(-3.0481, -0.379, 2.8784)
(-3.3405, -0.6739, 2.9822)
(-3.5766, -0.6618, 2.5864)
(-3.8585, -0.9317, 2.6633)
(-4.0457, -0.9294, 2.2314)
(-4.3719, -1.1319, 2.3037)
(-4.5516, -1.1642, 1.8974)
(-4.933, -1.3069, 2.0031)
(-5.0953, -1.4153, 1.6008)
(-5.5163, -1.4963, 1.7204)
(-5.6796, -1.5781, 1.3066)
(-6.1113, -1.6525, 1.431)
(-6.2594, -1.7704, 1.0281)
(-1.1613, 0.5747, 2.8467)
(-1.4603, 0.2779, 3.0141)
(-1.8126, 0.3949, 2.7341)
(-2.1081, 0.1064, 2.9148)
(-2.4502, 0.1918, 2.5847)
(-2.7477, -0.0941, 2.7439)
(-3.0152, -0.1015, 2.3567)
(-3.3015, -0.3832, 2.4845)
(-3.5056, -0.4443, 2.0601)
(-3.769, -0.703, 2.1537)
(-3.9001, -0.8197, 1.7246)
(-4.1882, -1.0229, 1.8122)
(-4.2723, -1.2466, 1.4111)
(-4.6696, -1.3468, 1.5038)
(-4.7784, -1.5093, 1.1065)
(-5.2318, -1.5373, 1.197)
(-5.363, -1.644, 0.7988)
(-5.8216, -1.6857, 0.903)
(-5.9245, -1.902, 0.5778)
(-1.1993, 0.9851, 2.3997)
(-1.5088, 0.69, 2.564)
(-1.8359, 0.7646, 2.2488)
(-2.1457, 0.476, 2.4164)
(-2.4392, 0.4969, 2.0584)
(-2.7382, 0.2059, 2.2148)
(-2.972, 0.1499, 1.814)
(-3.2312, -0.1674, 1.9457)
(-3.3767, -0.2973, 1.5293)
(-3.6382, -0.5722, 1.6354)
(-3.689, -0.7755, 1.2023)
(-3.9637, -1.0291, 1.2966)
(-3.9976, -1.2754, 0.8987)
(-4.351, -1.4549, 1.0156)
(-4.4501, -1.5922, 0.627)
(-4.9009, -1.6142, 0.7059)
(-5.0225, -1.8037, 0.4152)
(-5.4695, -1.8571, 0.4923)
(-5.541, -2.1822, 0.417)
(-1.1918, 1.3083, 1.8888)
(-1.52, 1.0478, 2.0757)
(-1.8179, 1.0655, 1.7234)
(-2.1303, 0.7829, 1.8951)
(-2.3852, 0.7439, 1.5103)
(-2.6831, 0.4485, 1.6655)
(-2.882, 0.347, 1.2534)
(-3.1432, 0.0294, 1.3975)
(-3.2423, -0.1465, 0.9762)
(-3.4393, -0.4949, 1.1062)
(-3.4303, -0.7258, 0.7047)
(-3.6805, -1.0261, 0.8014)
(-3.6357, -1.2936, 0.4256)
(-4.0228, -1.519, 0.524)
(-4.1383, -1.7066, 0.2224)
(-4.5914, -1.7478, 0.3497)
(-4.7334, -2.0069, 0.2961)
(-5.1335, -2.1013, 0.3671)
(-5.2314, -2.437, 0.5122)
(-1.1435, 1.5383, 1.3306)
(-1.4902, 1.3214, 1.5361)
(-1.7742, 1.3056, 1.17)
(-2.0908, 1.0432, 1.3502)
(-2.3345, 0.9815, 0.9592)
(-2.6042, 0.6604, 1.1066)
(-2.7996, 0.5583, 0.6982)
(-3.0345, 0.2111, 0.8369)
(-3.1144, 0.0447, 0.4278)
(-3.2717, -0.3496, 0.5683)
(-3.2316, -0.5577, 0.1858)
(-3.3725, -0.9515, 0.3295)
(-3.2808, -1.1039, -0.0138)
(-3.5377, -1.4731, 0.0825)
(-1.0833, 1.7367, 0.7674)
(-1.4285, 1.5191, 0.9684)
(-1.7195, 1.5178, 0.6155)
(-2.0434, 1.2682, 0.7949)
(-2.3077, 1.2377, 0.4218)
(-2.5648, 0.9085, 0.5641)
(-2.738, 0.816, 0.1657)
(-2.9331, 0.4324, 0.2931)
(-2.9646, 0.2727, -0.0997)
(-3.1091, -0.1404, 0.0393)
(-3.0456, -0.3238, -0.3255)
(-3.1514, -0.7308, -0.1697)
(-3.0552, -0.8468, -0.5029)
(-3.1573, -1.1992, -0.3281)
(-1.0842, 2.0822, 0.2828)
(-1.3979, 1.7872, 0.4436)
(-1.7227, 1.8689, 0.1354)
(-2.0189, 1.5517, 0.2777)
(-2.2641, 1.5451, -0.0855)
(-2.5167, 1.1862, 0.0388)
(-2.6089, 1.0674, -0.3616)
(-2.7991, 0.6755, -0.2334)
(-2.7773, 0.5087, -0.6142)
(-2.9231, 0.0975, -0.4718)
(-2.8477, -0.0787, -0.8307)
(-2.9592, -0.4781, -0.673)
(-2.8749, -0.5874, -1.0129)
(-2.9598, -0.93, -0.8311)
(-1.1228, 2.5173, -0.1331)
(-1.4214, 2.1888, -0.0029)
(-1.7179, 2.2445, -0.3296)
(-1.9972, 1.8991, -0.2072)
(-2.1625, 1.8282, -0.6017)
(-2.3947, 1.4495, -0.4853)
(-2.4143, 1.2934, -0.8848)
(-2.6058, 0.9053, -0.7526)
(-2.5521, 0.7256, -1.1284)
(-2.7129, 0.3298, -0.981)
(-2.6458, 0.1501, -1.3491)
(-2.7709, -0.2321, -1.1862)
(-2.7314, -0.339, -1.5462)
(-2.8217, -0.6673, -1.3602)
(-1.1408, 2.9189, -0.5836)
(-1.4328, 2.5873, -0.4509)
(-1.6628, 2.5701, -0.8252)
(-1.9189, 2.2029, -0.7144)
(-1.9944, 2.0685, -1.1253)
(-2.2089, 1.6793, -1.0098)
(-2.1769, 1.493, -1.4068)
(-2.3677, 1.1092, -1.2705)
(-2.3255, 0.9238, -1.6568)
(-2.4976, 0.5415, -1.5053)
(-2.4943, 0.3701, -1.8951)
(-2.6211, 0.0003, -1.7263)
(-2.6624, -0.0928, -2.1068)
(-2.752, -0.409, -1.9158)
(-1.1301, 3.2731, -1.0726)
(-1.4033, 2.9319, -0.9396)
(-1.5503, 2.8451, -1.3404)
(-1.7695, 2.4561, -1.2341)
(-1.7846, 2.2814, -1.6503)
(-1.9822, 1.8833, -1.5338)
(-1.9762, 1.6987, -1.9407)
(-2.1478, 1.3054, -1.8037)
(-2.1941, 1.143, -2.2073)
(-2.346, 0.7544, -2.0552)
(-2.4598, 0.616, -2.4555)
(-2.5699, 0.2441, -2.2886)
(-2.6756, 0.1687, -2.6772)
(-2.742, -0.1506, -2.489)
(-1.0932, 3.5828, -1.5899)
(-1.3364, 3.2275, -1.4562)
(-1.4374, 3.0994, -1.8722)
(-1.598, 2.6866, -1.7623)
(-1.6488, 2.522, -2.184)
(-1.8081, 2.1053, -2.0667)
(-1.9122, 1.9602, -2.4776)
(-2.0532, 1.545, -2.3487)
(-2.2278, 1.4273, -2.7436)
(-2.3424, 1.0147, -2.6055)
(-2.532, 0.9022, -3.0027)
(-2.6125, 0.5145, -2.8512)
(-2.7097, 0.4406, -3.2458)
(-2.7518, 0.1116, -3.0675)
(-1.0626, 3.8793, -2.1184)
(-1.276, 3.5067, -1.987)
(-1.4024, 3.3838, -2.4018)
(-1.5152, 2.9496, -2.2947)
(-1.6533, 2.8197, -2.7062)
(-1.7764, 2.3863, -2.5949)
(-1.9823, 2.2808, -2.9851)
(-2.1054, 1.8496, -2.8697)
(-2.3333, 1.7522, -3.2519)
(-2.4385, 1.3216, -3.133)
(-2.5951, 1.2031, -3.539)
(-2.662, 0.7979, -3.4067)
(-2.7045, 0.7193, -3.8045)
(-2.7437, 0.3802, -3.6394)
(-1.0489, 4.1721, -2.6501)
(-1.262, 3.8025, -2.5137)
(-1.4351, 3.6959, -2.9167)
(-1.5434, 3.2579, -2.8124)
(-1.7457, 3.1528, -3.2033)
(-1.8614, 2.7155, -3.096)
(-2.1024, 2.6249, -3.4723)
(-2.2193, 2.1879, -3.3633)
(-2.4194, 2.0833, -3.7547)
(-2.5145, 1.6404, -3.6497)
(-2.6014, 1.5098, -4.0667)
(-2.6578, 1.0907, -3.9494)
(-2.6427, 1.0122, -4.3404)
(-2.6853, 0.6621, -4.1877)
(-1.0341, 4.4515, -3.1878)
(-1.2777, 4.1064, -3.0351)
(-1.4938, 4.0177, -3.4225)
(-1.6318, 3.5912, -3.3087)
(-1.8619, 3.4986, -3.6882)
(-1.9839, 3.0621, -3.5803)
(-2.2025, 2.9656, -3.9649)
(-2.3149, 2.5254, -3.8591)
(-2.4512, 2.4027, -4.2692)
(-2.5336, 1.9551, -4.169)
(-2.5581, 1.8128, -4.5935)
(-2.6028, 1.3906, -4.4788)
(-2.5518, 1.3093, -4.8664)
(-2.5838, 0.9567, -4.7138)
(-1.0077, 4.6949, -3.7074)
(-1.2875, 4.3968, -3.5592)
(-1.5338, 4.3129, -3.9076)
(-1.718, 3.9235, -3.8011)
(-1.9446, 3.8189, -4.1558)
(-2.0817, 3.4016, -4.0685)
(-2.2497, 3.2742, -4.4446)
(-2.3556, 2.8459, -4.3671)
(-2.4328, 2.6922, -4.7644)
(-2.5029, 2.2576, -4.6908)
(-2.4937, 2.0938, -5.0922)
(-2.5238, 1.6862, -5.0023)
(-2.4646, 1.5889, -5.3673)
(-2.4791, 1.2514, -5.2404)
(-0.9861, 4.8761, -4.1151)
(-1.2911, 4.6341, -4.004)
(-1.576, 4.5476, -4.2703)
(-1.7825, 4.2039, -4.2141)
(-2.0043, 4.0676, -4.51)
(-2.1337, 3.6787, -4.4875)
(-2.2585, 3.5024, -4.8178)
(-2.3495, 3.1038, -4.8021)
(-2.398, 2.9074, -5.1461)
(-2.4549, 2.5055, -5.1314)
(-2.4398, 2.3056, -5.4747)
(-2.4551, 1.9314, -5.4419)
(-2.4082, 1.8039, -5.7288)
(-2.4068, 1.5003, -5.6634)
(-2.0931, -1.8683, 3.8642)
(-2.4464, -2.0425, 3.673)
(-2.2176, -2.1372, 3.7377)
(-3.037, -2.1918, 3.4581)
(-2.6563, -2.3178, 3.5513)
(-3.6878, -2.3308, 3.265)
(-3.3108, -2.4592, 3.3559)
(-4.3344, -2.4662, 3.0582)
(-3.9686, -2.5986, 3.1711)
(-4.9728, -2.5856, 2.8235)
(-4.6232, -2.7285, 2.9749)
(-5.6242, -2.673, 2.6125)
(-5.2736, -2.8318, 2.754)
(-6.2769, -2.7562, 2.4016)
(-5.9188, -2.9138, 2.5105)
(-6.5602, -3.003, 2.2608)
(6.2952, 0.7387, 4.8285)
(5.5524, 0.8412, 2.9837)
(5.8452, 1.0139, 2.8044)
(6.1951, 0.8768, 2.8567)
(6.4046, 0.607, 3.3267)
(6.4982, 0.4489, 3.8994)
(6.4535, 0.5056, 4.4713)
(1.6205, -1.6366, 3.9826)
(2.1587, -1.41, 4.0655)
(2.799, -1.1592, 4.1621)
(3.4379, -0.899, 4.2527)
(4.0706, -0.6205, 4.3228)
(4.6931, -0.3183, 4.3648)
(5.3098, -0.0064, 4.3929)
(5.9275, 0.2859, 4.4332)
(1.7012, -1.9544, 3.4873)
(2.3303, -1.7201, 3.5857)
(2.9879, -1.4844, 3.6975)
(3.6185, -1.2103, 3.7859)
(4.2288, -0.8904, 3.8353)
(4.8219, -0.5393, 3.8526)
(5.4108, -0.1811, 3.8603)
(5.9976, 0.1697, 3.8813)
(0.6641, -2.7548, 2.5278)
(1.2284, -2.4871, 2.7491)
(1.8245, -2.1719, 2.9287)
(2.4991, -1.9146, 3.0438)
(3.1284, -1.6307, 3.1542)
(3.6912, -1.2553, 3.2385)
(4.2195, -0.832, 3.3076)
(4.7721, -0.444, 3.313)
(5.3562, -0.087, 3.286)
(5.9284, 0.2895, 3.2998)
(0.7599, -2.7053, 2.0338)
(1.3817, -2.4754, 2.1816)
(2.0044, -2.2099, 2.3227)
(2.6272, -1.9215, 2.4573)
(3.1479, -1.5204, 2.5946)
(3.5798, -1.0166, 2.7304)
(4.0279, -0.5163, 2.8469)
(4.5723, -0.1338, 2.8412)
(5.1776, 0.1815, 2.7785)
(5.759, 0.5372, 2.7844)
(0.8697, -2.6269, 1.4338)
(1.5124, -2.4087, 1.5744)
(2.1317, -2.1385, 1.7186)
(2.6896, -1.7784, 1.876)
(3.0773, -1.2711, 2.0634)
(3.376, -0.6937, 2.2699)
(3.7819, -0.1703, 2.4147)
(4.3281, 0.2191, 2.4142)
(4.9254, 0.5391, 2.3883)
(5.4575, 0.8184, 2.5438)
(0.971, -2.5265, 0.8364)
(1.6235, -2.3144, 0.9774)
(2.2391, -2.0277, 1.1271)
(2.7549, -1.6051, 1.3009)
(3.0761, -1.0449, 1.5161)
(3.292, -0.4307, 1.7566)
(3.5898, 0.1552, 1.959)
(4.0765, 0.5775, 2.0868)
(4.6586, 0.781, 2.2588)
(5.1615, 0.8372, 2.6262)
(1.0645, -2.4065, 0.2451)
(1.7239, -2.1944, 0.386)
(2.3398, -1.8943, 0.5394)
(2.8183, -1.4301, 0.7251)
(3.0827, -0.8401, 0.9575)
(3.2211, -0.2159, 1.2194)
(3.3571, 0.3691, 1.4641)
(1.1394, -2.2456, -0.3373)
(1.7904, -2.02, -0.1946)
(2.3892, -1.699, -0.0357)
(2.7964, -1.2073, 0.168)
(2.9772, -0.6109, 0.4182)
(3.0687, -0.0074, 0.6893)
(3.1346, 0.5072, 0.9269)
(1.2077, -2.0712, -0.9183)
(1.8393, -1.8216, -0.7706)
(2.3988, -1.4652, -0.6)
(2.7431, -0.9597, -0.3798)
(2.8865, -0.382, -0.1237)
(2.9791, 0.195, 0.14)
(3.0397, 0.691, 0.3672)
(1.2826, -1.9102, -1.5038)
(1.8954, -1.6333, -1.3491)
(2.4133, -1.2351, -1.1646)
(2.7315, -0.7176, -0.9362)
(2.8736, -0.1559, -0.681)
(2.9582, 0.4087, -0.4202)
(3.0065, 0.8985, -0.1971)
(1.3581, -1.7475, -2.0891)
(1.9526, -1.4418, -1.9264)
(2.4361, -1.0073, -1.7302)
(2.7382, -0.4747, -1.4958)
(2.8874, 0.0857, -1.2405)
(2.9751, 0.6496, -0.9809)
(3.0249, 1.14, -0.7604)
(1.4303, -1.5762, -2.6721)
(2.0058, -1.2434, -2.5015)
(2.4586, -0.7775, -2.2955)
(2.7467, -0.2253, -2.056)
(2.9039, 0.347, -1.7994)
(3.0065, 0.9203, -1.5395)
(3.0792, 1.4153, -1.3205)
(1.4992, -1.3966, -3.2527)
(2.0551, -1.0393, -3.0747)
(2.4786, -0.5472, -2.8605)
(2.7518, 0.0257, -2.6165)
(2.9149, 0.6184, -2.3576)
(3.0367, 1.2069, -2.0969)
(3.142, 1.7069, -1.8789)
(1.5652, -1.2104, -3.8314)
(2.1012, -0.8308, -3.6465)
(2.4952, -0.3164, -3.4251)
(2.7503, 0.2722, -3.1771)
(2.9146, 0.8837, -2.9161)
(3.0529, 1.4897, -2.6543)
(3.1875, 1.9946, -2.4377)
(1.6288, -1.0189, -4.4082)
(2.1444, -0.6187, -4.2171)
(2.5078, -0.0843, -3.9891)
(2.7409, 0.5146, -3.7376)
(2.8996, 1.1354, -3.4748)
(3.0446, 1.7527, -3.2122)
(3.1915, 2.263, -2.9965)
(1.6904, -0.823, -4.9835)
(2.1846, -0.4034, -4.7865)
(2.5158, 0.1494, -4.5524)
(2.7238, 0.7571, -4.2973)
(2.8709, 1.3811, -4.0329)
(3.0129, 2.0015, -3.7696)
(3.1576, 2.5154, -3.5537)
(1.75, -0.625, -5.5538)
(2.2212, -0.187, -5.3509)
(2.5179, 0.3831, -5.111)
(2.6985, 0.9988, -4.8523)
(2.8314, 1.6256, -4.586)
(2.9686, 2.2471, -4.322)
(3.1144, 2.7628, -4.1075)
(1.7997, -0.4552, -6.038)
(2.249, -0.0035, -5.8242)
(2.5143, 0.5805, -5.5792)
(2.6708, 1.2024, -5.3174)
(2.7919, 1.8312, -5.0495)
(2.9259, 2.4534, -4.785)
(3.0757, 2.9635, -4.5693)
(1.519, -1.3353, 4.3286)
(1.9941, -1.0876, 4.4114)
(2.6264, -0.8262, 4.4935)
(3.2628, -0.5611, 4.5791)
(3.8981, -0.289, 4.656)
(4.5269, 0.0012, 4.7105)
(5.151, 0.3022, 4.7472)
(5.778, 0.5826, 4.7904)
(6.088, 1.2002, 5.0044)
(5.5477, 0.8249, 3.0427)
(5.7308, 1.2554, 3.0392)
(5.84, 1.6806, 3.2809)
(5.8464, 1.9011, 3.8269)
(5.8593, 1.9022, 4.419)
(5.9562, 1.6074, 4.8746)
(1.1324, -0.4321, 4.5134)
(1.6862, -0.2429, 4.5151)
(2.3192, 0.0042, 4.5788)
(2.95, 0.259, 4.6538)
(3.5863, 0.5089, 4.6424)
(4.208, 0.7853, 4.6551)
(4.8188, 1.0882, 4.735)
(5.4346, 1.3759, 4.8141)
(0.8991, 0.0624, 4.3173)
(1.5202, 0.3035, 4.3664)
(2.1614, 0.5495, 4.4264)
(2.7997, 0.7446, 4.4184)
(3.4239, 0.9711, 4.3591)
(4.0408, 1.2497, 4.3497)
(4.6725, 1.51, 4.3706)
(5.3127, 1.7381, 4.3957)
(-0.4723, 0.196, 3.5425)
(0.1147, 0.357, 3.7895)
(0.7589, 0.5364, 3.9598)
(1.4302, 0.7875, 4.0515)
(2.0816, 0.9471, 4.0609)
(2.72, 1.0593, 3.9537)
(3.3456, 1.2408, 3.8738)
(3.9865, 1.4252, 3.8532)
(4.6305, 1.6372, 3.8306)
(5.2797, 1.824, 3.8176)
(-0.5055, 0.5636, 3.2035)
(0.1073, 0.7811, 3.3832)
(0.7548, 0.9744, 3.5045)
(1.422, 1.162, 3.577)
(2.0833, 1.2255, 3.5499)
(2.7114, 1.1985, 3.4265)
(3.3438, 1.1938, 3.3345)
(3.9975, 1.2898, 3.2835)
(4.6301, 1.5202, 3.2394)
(5.278, 1.6816, 3.2349)
(-0.5426, 0.9906, 2.7728)
(0.1052, 1.1753, 2.9075)
(0.7724, 1.3178, 2.9922)
(1.4462, 1.424, 3.0364)
(2.1057, 1.3889, 3.0052)
(2.7329, 1.2204, 2.8788)
(3.3585, 1.0385, 2.7776)
(3.9809, 1.094, 2.7179)
(4.6108, 1.3004, 2.6955)
(5.235, 1.3358, 2.8279)
(-0.5506, 1.3524, 2.2882)
(0.1169, 1.4948, 2.3917)
(0.7981, 1.5762, 2.4474)
(1.4825, 1.6011, 2.4641)
(2.1303, 1.4564, 2.4235)
(2.7189, 1.1722, 2.3121)
(3.3227, 0.9042, 2.2054)
(3.9556, 0.8937, 2.2049)
(4.564, 0.997, 2.374)
(5.1218, 0.9133, 2.7166)
(-0.5184, 1.6214, 1.7464)
(0.1518, 1.7569, 1.8462)
(0.8334, 1.7969, 1.8878)
(1.5186, 1.7598, 1.8856)
(2.1574, 1.5826, 1.8423)
(2.6866, 1.1934, 1.7458)
(3.1702, 0.815, 1.6399)
(-0.4577, 1.8129, 1.1752)
(0.2089, 1.9582, 1.2817)
(0.8819, 2.0376, 1.3453)
(1.5486, 1.9871, 1.3387)
(2.1472, 1.749, 1.2729)
(2.6326, 1.3299, 1.1739)
(3.0, 0.9147, 1.0772)
(-0.4232, 2.0737, 0.6438)
(0.2383, 2.2321, 0.763)
(0.9086, 2.3293, 0.8312)
(1.5495, 2.235, 0.8)
(2.0942, 1.9199, 0.7072)
(2.5478, 1.4866, 0.6071)
(2.9046, 1.0847, 0.5108)
(-0.4492, 2.4839, 0.2061)
(0.218, 2.6218, 0.3059)
(0.8891, 2.6206, 0.3123)
(1.5001, 2.4131, 0.2313)
(2.0107, 2.0561, 0.1314)
(2.4613, 1.6336, 0.0337)
(2.8432, 1.2679, -0.0598)
(-0.4874, 2.914, -0.2164)
(0.1898, 2.9727, -0.1761)
(0.843, 2.8358, -0.242)
(1.4127, 2.525, -0.3548)
(1.9179, 2.1554, -0.4578)
(2.4054, 1.7791, -0.5512)
(2.8366, 1.4758, -0.6338)
(-0.5056, 3.2887, -0.6903)
(0.1577, 3.2391, -0.7067)
(0.7721, 2.9753, -0.823)
(1.3287, 2.619, -0.9495)
(1.8671, 2.2779, -1.052)
(2.4181, 1.9797, -1.1269)
(2.8964, 1.7394, -1.1938)
(-0.5094, 3.6085, -1.2022)
(0.1255, 3.4493, -1.2658)
(0.7132, 3.1188, -1.4064)
(1.3033, 2.7961, -1.5242)
(1.9028, 2.5234, -1.602)
(2.5045, 2.2825, -1.6566)
(2.9916, 2.0475, -1.7359)
(-0.4996, 3.8996, -1.7333)
(0.1239, 3.6892, -1.817)
(0.7188, 3.3684, -1.9506)
(1.3508, 3.1085, -2.0351)
(1.9965, 2.8903, -2.0823)
(2.6097, 2.6383, -2.1554)
(3.0712, 2.3539, -2.279)
(-0.4767, 4.1934, -2.2645)
(0.1598, 3.9984, -2.3337)
(0.7819, 3.7236, -2.4348)
(1.436, 3.5068, -2.4855)
(2.0861, 3.2846, -2.5396)
(2.6736, 2.9758, -2.6636)
(3.0971, 2.6378, -2.8278)
(-0.4407, 4.4894, -2.7925)
(0.2181, 4.3537, -2.8168)
(0.8665, 4.1295, -2.8772)
(1.523, 3.9185, -2.9246)
(2.1484, 3.6518, -3.0183)
(2.6914, 3.2818, -3.1899)
(3.0755, 2.9035, -3.3782)
(-0.394, 4.7676, -3.3239)
(0.2805, 4.7115, -3.2922)
(0.9459, 4.5329, -3.3176)
(1.5895, 4.2981, -3.3869)
(2.179, 3.9746, -3.5259)
(2.6833, 3.56, -3.7274)
(3.0433, 3.1598, -3.9287)
(-0.3488, 4.9876, -3.782)
(0.3303, 5.0096, -3.6924)
(1.0017, 4.8604, -3.6977)
(1.6253, 4.5863, -3.7995)
(2.1857, 4.2196, -3.9695)
(2.6699, 3.7834, -4.1838)
(3.0191, 3.3757, -4.3845)
(1.3237, -0.8609, 4.5421)
(1.8445, -0.717, 4.5508)
(2.4811, -0.4675, 4.6207)
(3.1186, -0.2092, 4.7045)
(3.7561, 0.0533, 4.7562)
(4.3819, 0.3402, 4.8052)
(4.9967, 0.6482, 4.8707)
(5.6117, 0.9465, 4.9333)
(-6.962, -3.3316, 1.9682)
(-5.7637, -2.6369, 0.5354)
(-6.0068, -2.6329, 0.2386)
(-6.2144, -2.9425, 0.1736)
(-6.4052, -3.3312, 0.5618)
(-6.6077, -3.5771, 1.0723)
(-6.8208, -3.5706, 1.6082)
(-1.8429, -2.701, 3.2354)
(-2.4015, -2.8108, 3.0815)
(-3.0552, -2.9574, 2.8989)
(-3.7106, -3.0949, 2.7102)
(-4.3635, -3.2112, 2.5031)
(-5.0109, -3.2989, 2.2712)
(-5.6539, -3.3738, 2.0276)
(-6.2918, -3.4667, 1.7973)
(-1.5453, -2.9523, 2.7868)
(-2.1824, -3.1063, 2.6119)
(-2.8467, -3.2768, 2.4387)
(-3.5025, -3.3977, 2.2496)
(-4.1529, -3.4645, 2.027)
(-4.7953, -3.4934, 1.778)
(-5.4347, -3.513, 1.5208)
(-6.0735, -3.5385, 1.2774)
(0.0292, -2.9503, 2.3907)
(-0.6234, -3.0567, 2.3494)
(-1.3098, -3.135, 2.2523)
(-1.9997, -3.2964, 2.0729)
(-2.6676, -3.4092, 1.9045)
(-3.3253, -3.4071, 1.7261)
(-3.9775, -3.3478, 1.5395)
(-4.6051, -3.3242, 1.29)
(-5.227, -3.3392, 1.0027)
(-5.8656, -3.3359, 0.7547)
(0.117, -2.9029, 1.895)
(-0.5308, -3.0631, 1.7687)
(-1.1961, -3.1925, 1.6319)
(-1.8713, -3.3012, 1.4872)
(-2.5279, -3.2526, 1.379)
(-3.1748, -3.0796, 1.2815)
(-3.8286, -2.9273, 1.1512)
(-4.4433, -2.9037, 0.895)
(-5.0451, -2.9616, 0.5715)
(-5.6761, -2.9812, 0.3142)
(0.2189, -2.8267, 1.2933)
(-0.4358, -3.007, 1.1537)
(-1.1024, -3.1311, 1.0204)
(-1.7762, -3.1472, 0.9129)
(-2.4099, -2.9466, 0.8874)
(-3.023, -2.6497, 0.8955)
(-3.6673, -2.457, 0.8047)
(-4.2887, -2.4295, 0.5518)
(-4.9007, -2.4836, 0.2641)
(-5.5105, -2.5569, 0.1713)
(0.3146, -2.7281, 0.6947)
(-0.3443, -2.9186, 0.5525)
(-1.0188, -3.028, 0.4235)
(-1.7006, -2.973, 0.3387)
(-2.3266, -2.7042, 0.3488)
(-2.9115, -2.3359, 0.4151)
(-3.5276, -2.0313, 0.4187)
(-4.1698, -1.958, 0.3022)
(-4.7825, -2.1231, 0.2161)
(-5.3309, -2.3894, 0.3561)
(0.4035, -2.6095, 0.1024)
(-0.2605, -2.804, -0.0425)
(-0.9437, -2.9033, -0.1699)
(-1.6243, -2.7955, -0.235)
(-2.2295, -2.4731, -0.1911)
(-2.7697, -2.0576, -0.0768)
(-3.2802, -1.6714, 0.0272)
(0.481, -2.4478, -0.4795)
(-0.1845, -2.6268, -0.6212)
(-0.8681, -2.7002, -0.7396)
(-1.5165, -2.5332, -0.7642)
(-2.0686, -2.1619, -0.6725)
(-2.5652, -1.7387, -0.5287)
(-2.9819, -1.3723, -0.3955)
(0.5558, -2.2716, -1.0591)
(-0.11, -2.4205, -1.1917)
(-0.7876, -2.4445, -1.2886)
(-1.402, -2.2336, -1.2756)
(-1.9175, -1.8579, -1.1615)
(-2.3971, -1.4562, -1.0213)
(-2.7956, -1.1009, -0.8931)
(0.6345, -2.1096, -1.6439)
(-0.0344, -2.2267, -1.7663)
(-0.7084, -2.1946, -1.8393)
(-1.3126, -1.9599, -1.8098)
(-1.8175, -1.5961, -1.6938)
(-2.283, -1.2, -1.5515)
(-2.667, -0.8426, -1.4215)
(0.7119, -1.9463, -2.2288)
(0.0383, -2.0305, -2.3402)
(-0.6338, -1.9506, -2.3936)
(-1.2361, -1.6948, -2.3541)
(-1.7457, -1.3359, -2.2404)
(-2.2127, -0.9419, -2.1002)
(-2.5972, -0.5847, -1.9732)
(0.7862, -1.7743, -2.8114)
(0.1093, -1.8263, -2.9114)
(-0.5601, -1.7045, -2.9476)
(-1.1642, -1.4252, -2.9002)
(-1.687, -1.0609, -2.7897)
(-2.1706, -0.6674, -2.6561)
(-2.5747, -0.3189, -2.5399)
(0.8577, -1.5938, -3.3914)
(0.1795, -1.6153, -3.48)
(-0.485, -1.4565, -3.5004)
(-1.0907, -1.1524, -3.4454)
(-1.6298, -0.7747, -3.3376)
(-2.1369, -0.3793, -3.2124)
(-2.5684, -0.0448, -3.1104)
(0.927, -1.4063, -3.9693)
(0.2491, -1.3989, -4.0465)
(-0.4077, -1.2061, -4.0515)
(-1.0097, -0.8796, -3.9878)
(-1.5609, -0.4874, -3.8807)
(-2.0907, -0.0871, -3.7631)
(-2.5469, 0.2352, -3.6745)
(0.9945, -1.2133, -4.5452)
(0.3186, -1.1779, -4.611)
(-0.3284, -0.9526, -4.6006)
(-0.9207, -0.6061, -4.5265)
(-1.4735, -0.2037, -4.417)
(-2.0153, 0.2018, -4.3028)
(-2.484, 0.5214, -4.2208)
(1.0605, -1.0157, -5.1194)
(0.3882, -0.9529, -5.1738)
(-0.2467, -0.6953, -5.1475)
(-0.8262, -0.3286, -5.0617)
(-1.3729, 0.0822, -4.9469)
(-1.915, 0.4913, -4.8317)
(-2.3845, 0.8145, -4.7495)
(1.125, -0.8159, -5.6884)
(0.4579, -0.7255, -5.7307)
(-0.1623, -0.4354, -5.6879)
(-0.7269, -0.0479, -5.5893)
(-1.2655, 0.3723, -5.468)
(-1.8053, 0.7843, -5.3509)
(-2.2765, 1.108, -5.2711)
(1.1795, -0.6443, -6.1715)
(0.5175, -0.5315, -6.1969)
(-0.0883, -0.2135, -6.139)
(-0.6394, 0.1916, -6.0292)
(-1.1712, 0.6194, -5.9023)
(-1.7096, 1.033, -5.7842)
(-2.1818, 1.349, -5.7047)
(-2.0596, -2.4349, 3.5565)
(-2.5819, -2.4932, 3.424)
(-3.2299, -2.6247, 3.2297)
(-3.8841, -2.756, 3.0366)
(-4.5381, -2.8798, 2.8354)
(-5.1884, -2.9822, 2.6139)
(-5.8343, -3.0712, 2.3766)
(-6.4738, -3.1795, 2.1467)
(-7.1205, -2.8559, 2.1529)
(-5.7738, -2.6553, 0.5928)
(-6.1414, -2.3929, 0.4718)
(-6.5428, -2.1222, 0.6073)
(-6.8715, -2.0045, 1.0816)
(-7.105, -2.0791, 1.6206)
(-7.1914, -2.43, 2.0365)
(-2.3243, -1.4933, 3.7663)
(-2.8435, -1.634, 3.5359)
(-3.4782, -1.776, 3.3287)
(-4.1189, -1.9118, 3.1302)
(-4.7278, -2.0444, 2.8485)
(-5.3492, -2.1494, 2.592)
(-6.0025, -2.2345, 2.3991)
(-6.6511, -2.3351, 2.2052)
(-2.3406, -0.9311, 3.6179)
(-2.9564, -1.07, 3.3998)
(-3.5951, -1.2181, 3.1859)
(-4.1778, -1.3986, 2.915)
(-4.7468, -1.539, 2.5965)
(-5.3573, -1.6372, 2.3203)
(-5.9814, -1.7618, 2.0703)
(-6.5961, -1.9189, 1.8248)
(-1.0864, 0.0037, 3.4075)
(-1.7089, -0.2065, 3.3942)
(-2.3609, -0.4106, 3.299)
(-3.0347, -0.5734, 3.1007)
(-3.6092, -0.8013, 2.8345)
(-4.1099, -1.0404, 2.4805)
(-4.6477, -1.2175, 2.1467)
(-5.2225, -1.4047, 1.8626)
(-5.8141, -1.5711, 1.5748)
(-6.3991, -1.7632, 1.2961)
(-1.1345, 0.36, 3.0586)
(-1.7841, 0.1938, 2.9698)
(-2.4337, 0.0145, 2.8403)
(-3.0368, -0.2295, 2.625)
(-3.5451, -0.5431, 2.3248)
(-3.9777, -0.8604, 1.9801)
(-4.4177, -1.1934, 1.6553)
(-4.9431, -1.4588, 1.3508)
(-5.5277, -1.6017, 1.0454)
(-6.1015, -1.8148, 0.7778)
(-1.1846, 0.7874, 2.6287)
(-1.8301, 0.5872, 2.4949)
(-2.4517, 0.3526, 2.3241)
(-2.9967, 0.028, 2.0868)
(-3.4465, -0.366, 1.7964)
(-3.8045, -0.7932, 1.4622)
(-4.1388, -1.2677, 1.1544)
(-4.6124, -1.5508, 0.8601)
(-5.1902, -1.7135, 0.5778)
(-5.7304, -2.0348, 0.4575)
(-1.2015, 1.1591, 2.1523)
(-1.8309, 0.9232, 1.9909)
(-2.4149, 0.6248, 1.7862)
(-2.931, 0.2528, 1.5351)
(-3.3079, -0.2258, 1.2546)
(-3.5577, -0.7599, 0.953)
(-3.8262, -1.2948, 0.6571)
(-4.2935, -1.6449, 0.4199)
(-4.8715, -1.9044, 0.3335)
(-5.3769, -2.3142, 0.4452)
(-1.1721, 1.434, 1.6138)
(-1.7995, 1.1941, 1.4497)
(-2.3569, 0.8622, 1.2342)
(-2.8364, 0.4466, 0.9733)
(-3.1792, -0.0564, 0.6997)
(-3.3244, -0.6558, 0.4471)
(-3.4468, -1.2192, 0.2078)
(-1.1097, 1.6289, 1.0441)
(-1.7428, 1.4027, 0.887)
(-2.3198, 1.1038, 0.6869)
(-2.7718, 0.6841, 0.43)
(-3.0435, 0.1556, 0.1616)
(-3.1397, -0.4447, -0.0717)
(-3.1573, -0.9773, -0.2539)
(-1.0755, 1.89, 0.5129)
(-1.7162, 1.6793, 0.3679)
(-2.2912, 1.3889, 0.1666)
(-2.6834, 0.9445, -0.0982)
(-2.8761, 0.3917, -0.3577)
(-2.9483, -0.2004, -0.5777)
(-2.9621, -0.7162, -0.7559)
(-1.103, 2.2977, 0.0731)
(-1.7251, 2.0609, -0.0946)
(-2.2215, 1.6923, -0.3417)
(-2.5189, 1.184, -0.6238)
(-2.6683, 0.6203, -0.8705)
(-2.7447, 0.0381, -1.087)
(-2.7968, -0.462, -1.2762)
(-1.1356, 2.7247, -0.3521)
(-1.698, 2.4144, -0.5738)
(-2.0868, 1.9534, -0.8634)
(-2.2973, 1.3953, -1.1451)
(-2.4338, 0.8253, -1.3896)
(-2.559, 0.2592, -1.6188)
(-2.6862, -0.217, -1.8242)
(-1.1393, 3.102, -0.824)
(-1.6115, 2.7128, -1.0806)
(-1.8884, 2.1752, -1.387)
(-2.0647, 1.5917, -1.6721)
(-2.2409, 1.0271, -1.9311)
(-2.4605, 0.488, -2.1756)
(-2.6618, 0.036, -2.3918)
(-1.1131, 3.4317, -1.3287)
(-1.488, 2.9712, -1.6052)
(-1.7008, 2.3953, -1.9169)
(-1.9248, 1.8211, -2.2111)
(-2.194, 1.2775, -2.479)
(-2.4894, 0.7555, -2.731)
(-2.6944, 0.304, -2.9621)
(-1.0757, 3.7315, -1.8535)
(-1.4093, 3.2371, -2.1383)
(-1.6354, 2.6645, -2.4478)
(-1.9351, 2.1151, -2.7353)
(-2.2785, 1.5871, -3.0002)
(-2.5695, 1.0517, -3.272)
(-2.7138, 0.5786, -3.5273)
(-1.0545, 4.0265, -2.3839)
(-1.4125, 3.5373, -2.6612)
(-1.6926, 2.9833, -2.9576)
(-2.0412, 2.452, -3.2296)
(-2.3819, 1.9184, -3.5025)
(-2.6056, 1.3563, -3.8035)
(-2.6791, 0.8645, -4.0747)
(-1.0429, 4.3144, -2.9177)
(-1.4649, 3.8573, -3.1693)
(-1.8053, 3.3258, -3.4454)
(-2.1579, 2.7967, -3.7168)
(-2.4426, 2.2448, -4.0103)
(-2.5845, 1.6621, -4.33)
(-2.5988, 1.1609, -4.6036)
(-1.0214, 4.5804, -3.4574)
(-1.5154, 4.172, -3.6756)
(-1.9078, 3.6662, -3.9316)
(-2.2327, 3.1283, -4.2138)
(-2.4462, 2.5551, -4.527)
(-2.526, 1.9601, -4.8537)
(-2.5057, 1.4552, -5.1274)
(-0.9962, 4.7908, -3.922)
(-1.5541, 4.4355, -4.1008)
(-1.9758, 3.9497, -4.3439)
(-2.2567, 3.3955, -4.6415)
(-2.416, 2.8065, -4.966)
(-2.4654, 2.2061, -5.2943)
(-2.4333, 1.7008, -5.5627)
(-2.2492, -1.9577, 3.7717)
(-2.7216, -2.1193, 3.5652)
(-3.3617, -2.2619, 3.3599)
(-4.0125, -2.3993, 3.1659)
(-4.653, -2.5293, 2.9405)
(-5.2972, -2.632, 2.7154)
(-5.9508, -2.7133, 2.5077)
(-6.5984, -2.8027, 2.2978)
