(-0.8677, 2.7138, -5.5656)
(-0.2268, 2.7023, -5.5038)
(0.4326, 2.7626, -5.2966)
(1.0867, 2.8366, -5.0694)
(1.7264, 2.9211, -4.8017)
(-0.9101, 2.3103, -5.3922)
(-0.2495, 2.2952, -5.3418)
(2.2962, 3.0077, -4.4843)
(0.4154, 2.3519, -5.1472)
(2.6124, 3.0243, -4.1919)
(1.0619, 2.4344, -4.9032)
(1.6691, 2.5504, -4.5914)
(2.1971, 2.6742, -4.2302)
(2.5983, 2.8045, -3.9226)
(-0.9797, 1.8192, -5.1182)
(-0.3072, 1.8233, -5.0489)
(0.3533, 1.9026, -4.844)
(1.0009, 1.9848, -4.625)
(1.6207, 2.0856, -4.3531)
(2.0955, 2.2048, -3.9886)
(2.4081, 2.3035, -3.6235)
(-1.0602, 1.3665, -4.7392)
(-0.3983, 1.4468, -4.6128)
(0.2339, 1.6055, -4.3733)
(0.8376, 1.7224, -4.167)
(1.4921, 1.7882, -3.9653)
(2.0667, 1.7893, -3.8396)
(2.5244, 1.7041, -3.604)
(-1.1249, 0.9163, -4.3483)
(-0.4658, 0.9765, -4.2617)
(0.1315, 1.1573, -3.9952)
(0.7328, 1.2553, -3.7835)
(1.3365, 1.3954, -3.6111)
(1.8151, 1.669, -3.5213)
(2.1046, 1.9739, -3.2653)
(-1.1798, 0.46, -3.9594)
(-0.5324, 0.5114, -3.9015)
(0.03, 0.7174, -3.6426)
(0.6401, 0.7589, -3.4767)
(1.2225, 0.8986, -3.2916)
(1.6297, 1.2467, -3.1547)
(1.9293, 1.4549, -2.9074)
(-1.2165, 0.0124, -3.5578)
(-0.5561, 0.0206, -3.5755)
(0.0645, 0.1784, -3.4512)
(0.6962, 0.2223, -3.4445)
(1.2415, 0.3803, -3.2336)
(1.5408, 0.7024, -2.8615)
(1.7468, 0.946, -2.5282)
(-1.2337, -0.4157, -3.1328)
(-0.5668, -0.4391, -3.202)
(0.0914, -0.3495, -3.1701)
(0.7172, -0.306, -3.1897)
(1.2375, -0.1338, -2.9626)
(1.5829, 0.1528, -2.583)
(1.931, 0.3546, -2.3395)
(-1.2275, -0.8324, -2.6961)
(-0.5696, -0.909, -2.8377)
(0.097, -0.8791, -2.879)
(0.7176, -0.8268, -2.8676)
(1.2297, -0.6415, -2.6217)
(1.6378, -0.383, -2.2824)
(2.0085, -0.2053, -2.0577)
(-1.192, -1.2236, -2.2378)
(-0.5559, -1.3611, -2.4523)
(0.0989, -1.4019, -2.5811)
(0.7178, -1.3339, -2.5382)
(1.2301, -1.1305, -2.2727)
(1.6949, -0.8999, -1.9759)
(2.0964, -0.7475, -1.7826)
(-1.129, -1.5922, -1.7619)
(-0.5162, -1.7778, -2.0258)
(0.11, -1.901, -2.241)
(0.7379, -1.8443, -2.2218)
(1.2755, -1.6343, -1.9683)
(1.7913, -1.4241, -1.7142)
(2.2108, -1.2855, -1.534)
(-1.0494, -1.9636, -1.2931)
(-0.4639, -2.1975, -1.6019)
(0.1357, -2.3882, -1.8836)
(0.7826, -2.3728, -1.9407)
(1.3741, -2.169, -1.7407)
(1.9304, -1.9585, -1.5047)
(2.3445, -1.8156, -1.2861)
(-0.9063, -2.242, -0.7767)
(-0.3563, -2.5098, -1.1018)
(0.1838, -2.7681, -1.4172)
(0.8163, -2.8164, -1.5551)
(1.4567, -2.6615, -1.4502)
(2.0859, -2.4867, -1.3387)
(2.7996, -2.2999, -1.2052)
(-0.7239, -2.4719, -0.2404)
(-0.2227, -2.7864, -0.5817)
(0.2242, -3.1065, -0.9197)
(0.8219, -3.1295, -1.0816)
(3.2645, -2.743, -1.4586)
(1.4695, -3.0464, -1.0999)
(2.0965, -2.9728, -1.2185)
(3.923, -2.7775, -1.6466)
(2.6201, -2.8224, -1.52)
(4.1098, -3.2994, -2.0237)
(3.161, -2.8524, -1.7615)
(-0.5324, -2.7147, 0.2946)
(-0.0476, -3.0376, -0.0498)
(0.3458, -3.4134, -0.428)
(4.1829, -3.4863, -2.1756)
(0.8643, -3.5585, -0.7714)
(3.6549, -3.0819, -1.719)
(1.4393, -3.5321, -1.0716)
(2.0241, -3.4618, -1.3713)
(3.9721, -3.3292, -1.9263)
(2.5861, -3.3558, -1.7035)
(4.2531, -3.299, -2.1494)
(3.112, -3.3137, -2.0207)
(-0.3504, -2.9673, 0.8068)
(0.1682, -3.2654, 0.4981)
(0.629, -3.5978, 0.0819)
(3.6534, -3.378, -1.9903)
(1.116, -3.835, -0.358)
(1.6179, -3.9298, -0.8078)
(4.0636, -3.1841, -2.1345)
(2.1242, -3.9408, -1.2579)
(-0.2006, -3.1787, 1.2109)
(4.3922, -3.0405, -2.3968)
(2.6445, -3.8949, -1.6874)
(3.1883, -3.8123, -2.0464)
(0.9986, -3.6996, 0.5738)
(0.4271, -3.4767, 1.1421)
(3.7103, -3.6702, -2.1949)
(1.4984, -3.9057, 0.1012)
(1.98, -4.0536, -0.378)
(3.9581, -3.2821, -2.4153)
(2.4451, -4.1714, -0.8682)
(4.213, -3.0687, -2.7163)
(2.9082, -4.2192, -1.3396)
(3.3794, -4.0194, -1.6809)
(0.9991, -3.7434, 1.3247)
(1.4319, -3.8101, 0.9825)
(3.7939, -3.6944, -1.942)
(1.9163, -3.97, 0.5426)
(2.3803, -4.1576, 0.0609)
(4.1526, -3.5117, -2.3435)
(2.8125, -4.354, -0.4389)
(4.375, -3.4563, -2.7524)
(3.2128, -4.416, -0.9108)
(3.5087, -4.1094, -1.2742)
(1.4522, -3.8877, 1.6053)
(1.851, -3.9206, 1.3544)
(3.854, -3.9904, -1.7658)
(2.3331, -4.0388, 0.9441)
(2.7963, -4.1894, 0.4546)
(4.1917, -3.9791, -2.3315)
(3.216, -4.3701, -0.0597)
(1.8013, -3.9145, 1.7056)
(4.3519, -3.9764, -2.7934)
(3.5846, -4.4829, -0.5846)
(2.1548, -3.9436, 1.7058)
(2.6694, -4.1097, 1.2664)
(3.8252, -4.3541, -1.1347)
(3.1389, -4.2012, 0.7523)
(4.1598, -4.3382, -1.7052)
(3.5466, -4.247, 0.1835)
(3.8946, -4.3096, -0.42)
(4.4911, -4.3808, -2.2791)
(4.1711, -4.3591, -1.062)
(4.6135, -4.3986, -2.7349)
(4.4782, -4.4442, -1.6246)
(4.8493, -4.558, -2.5492)
(4.9104, -4.5864, -2.2252)
(1.1418, 4.4561, -1.6273)
(1.7004, 4.1933, -1.8179)
(2.2475, 3.9632, -2.0268)
(2.4363, 3.5249, -2.4037)
(2.7126, 3.2741, -2.947)
(1.4352, 4.4308, -1.6743)
(1.7336, 3.9404, -1.8641)
(2.9899, 3.0026, -3.4383)
(2.1848, 3.6696, -2.1013)
(2.9346, 2.9147, -3.8189)
(2.5766, 3.348, -2.3662)
(2.6517, 3.0091, -2.8149)
(2.7096, 2.8275, -3.3882)
(2.6119, 2.8059, -3.9079)
(1.79, 4.2943, -1.4078)
(2.0682, 3.8195, -1.735)
(2.2066, 3.3254, -1.9965)
(2.4771, 2.9812, -2.3812)
(2.6624, 2.5819, -2.7275)
(2.6748, 2.3557, -3.2455)
(2.4234, 2.3053, -3.6105)
(1.9457, 3.9499, -0.9907)
(2.299, 3.5511, -1.3823)
(2.4481, 3.0462, -1.7881)
(2.4628, 2.5872, -2.2431)
(2.406, 2.203, -2.6827)
(2.555, 1.9457, -3.1197)
(2.5327, 1.7093, -3.5849)
(1.9162, 3.5701, -0.5917)
(2.1509, 3.1746, -1.0388)
(2.2245, 2.6941, -1.5282)
(2.1547, 2.197, -1.9602)
(2.1085, 1.8514, -2.389)
(2.24, 1.9446, -2.8568)
(2.1338, 1.9614, -3.2521)
(1.7168, 3.2642, -0.2906)
(1.8201, 2.8533, -0.8239)
(1.8662, 2.4095, -1.3404)
(1.8732, 1.8688, -1.6365)
(1.9199, 1.446, -1.9487)
(2.0051, 1.5631, -2.4654)
(1.9645, 1.5853, -2.9467)
(1.8737, 2.8854, 0.0537)
(1.9433, 2.4722, -0.4862)
(1.9852, 2.0506, -1.0021)
(1.9555, 1.5235, -1.3174)
(1.9714, 1.0908, -1.6274)
(1.9042, 1.0225, -2.1118)
(1.7784, 0.9091, -2.5135)
(2.0751, 2.4419, 0.4128)
(2.1777, 2.0424, -0.1289)
(2.2323, 1.6382, -0.6665)
(2.3233, 1.2336, -1.1347)
(2.334, 0.8485, -1.5663)
(2.1062, 0.5495, -1.9482)
(1.9554, 0.3492, -2.3367)
(2.1791, 1.9575, 0.7662)
(2.3203, 1.5711, 0.2212)
(2.3861, 1.1715, -0.3271)
(2.4559, 0.7824, -0.8378)
(2.455, 0.3986, -1.3225)
(2.2863, 0.0404, -1.7475)
(2.0257, -0.1973, -2.0504)
(2.1801, 1.4544, 1.1132)
(2.3147, 1.0751, 0.5642)
(2.3804, 0.6771, 0.0108)
(2.4382, 0.2815, -0.5072)
(2.4493, -0.1095, -1.0033)
(2.341, -0.4766, -1.4598)
(2.1126, -0.7362, -1.7767)
(2.0923, 0.9513, 1.4466)
(2.1815, 0.5793, 0.8855)
(2.2496, 0.184, 0.3311)
(2.332, -0.2173, -0.1932)
(2.3906, -0.6174, -0.6978)
(2.3642, -0.9953, -1.1735)
(2.2275, -1.2748, -1.5288)
(1.9669, 0.4424, 1.7544)
(2.0719, 0.082, 1.194)
(2.2178, -0.2951, 0.6599)
(2.3029, -0.7004, 0.1322)
(2.3592, -1.1108, -0.3857)
(2.391, -1.4956, -0.8867)
(2.358, -1.8053, -1.2744)
(1.9027, -0.0871, 2.0386)
(2.1548, -0.4038, 1.505)
(2.4552, -0.7027, 1.0012)
(2.5345, -1.1094, 0.4815)
(2.5576, -1.5372, -0.0444)
(2.6617, -1.9007, -0.5968)
(2.8188, -2.2903, -1.2016)
(1.9174, -0.6248, 2.3172)
(2.3115, -0.8771, 1.8355)
(2.7086, -1.1196, 1.3618)
(2.8564, -1.4833, 0.8315)
(3.2765, -2.7502, -1.4214)
(2.9269, -1.8681, 0.2864)
(3.1146, -2.1322, -0.2985)
(3.9512, -2.7654, -1.6195)
(3.3688, -2.3123, -0.8918)
(4.0865, -3.3354, -1.9683)
(3.6254, -2.592, -1.379)
(1.9323, -1.1776, 2.5766)
(2.4065, -1.394, 2.1444)
(2.882, -1.59, 1.7048)
(4.2038, -3.0051, -2.0545)
(3.171, -1.8599, 1.1731)
(3.9997, -2.963, -1.6815)
(3.3744, -2.1236, 0.5927)
(3.6198, -2.3023, -0.0095)
(4.3338, -3.1297, -2.063)
(3.8941, -2.3992, -0.6128)
(4.4563, -2.8102, -2.1753)
(4.0981, -2.6506, -1.1739)
(1.8873, -1.7214, 2.7946)
(2.4129, -1.9535, 2.4227)
(2.9505, -2.1366, 1.9785)
(4.4467, -2.9362, -1.6665)
(3.4038, -2.3173, 1.4699)
(3.7429, -2.4744, 0.8875)
(4.7941, -3.0612, -2.1234)
(4.0423, -2.5944, 0.2736)
(1.7875, -2.1664, 2.9194)
(4.9843, -2.7745, -2.1832)
(4.3395, -2.6861, -0.3433)
(4.584, -2.8608, -0.9547)
(2.9319, -2.7306, 2.1473)
(2.2464, -2.6003, 2.6512)
(4.9202, -3.0682, -1.5045)
(3.4734, -2.8808, 1.6628)
(3.8952, -3.0027, 1.0942)
(5.2983, -3.212, -1.973)
(4.2377, -3.1057, 0.4751)
(5.5141, -3.0252, -2.2593)
(4.5791, -3.199, -0.1519)
(4.9279, -3.2831, -0.7859)
(2.3903, -3.1484, 2.4515)
(2.832, -3.3094, 2.1278)
(5.2751, -3.4331, -1.3492)
(3.3383, -3.4634, 1.6755)
(3.796, -3.5777, 1.1325)
(5.6743, -3.5613, -1.8419)
(4.1896, -3.6725, 0.5371)
(5.8644, -3.5175, -2.2499)
(4.5837, -3.7699, -0.0627)
(4.961, -3.8335, -0.6898)
(2.2193, -3.6021, 2.2606)
(2.5567, -3.7485, 1.9412)
(5.2919, -3.9375, -1.2635)
(3.0266, -3.9062, 1.5056)
(3.4833, -4.0165, 0.9765)
(5.6629, -4.063, -1.8164)
(3.8781, -4.0835, 0.3857)
(2.1073, -3.83, 2.0281)
(5.9097, -4.0835, -2.2342)
(4.2396, -4.1497, -0.2329)
(2.1931, -3.9467, 1.7245)
(2.7022, -4.1208, 1.2858)
(4.5861, -4.2289, -0.8765)
(3.1576, -4.2079, 0.7629)
(4.9588, -4.3071, -1.4389)
(3.5524, -4.2656, 0.1912)
(3.901, -4.331, -0.4135)
(5.309, -4.4449, -1.9788)
(4.1661, -4.4068, -1.0855)
(5.6029, -4.5021, -2.3414)
(4.6103, -4.4931, -1.7707)
(5.2916, -4.667, -2.3455)
(4.9868, -4.6396, -2.2455)
(-1.2708, 2.8852, -5.1897)
(-1.2618, 2.9863, -4.5654)
(-1.4687, 3.0977, -4.0292)
(-2.0136, 3.2057, -3.8694)
(-2.3743, 3.5871, -3.5203)
(-2.5054, 4.0795, -3.0612)
(-1.3695, 2.4598, -5.0725)
(-1.3625, 2.5716, -4.4605)
(-1.4791, 2.698, -3.877)
(-2.4863, 4.5042, -2.5638)
(-1.9678, 2.8846, -3.59)
(-2.4666, 4.695, -2.1778)
(-2.3077, 3.2964, -3.2177)
(-2.4578, 3.7855, -2.7656)
(-2.5512, 4.1905, -2.2881)
(-2.4738, 4.4917, -1.8966)
(-1.513, 1.9433, -4.8979)
(-1.5807, 2.0873, -4.3227)
(-1.5822, 2.2176, -3.6951)
(-1.8922, 2.4645, -3.2543)
(-2.1165, 2.9538, -2.8614)
(-2.3247, 3.4277, -2.4303)
(-2.585, 3.7466, -1.9712)
(-2.5908, 3.9906, -1.5593)
(-1.6705, 1.4627, -4.6245)
(-1.9733, 1.7105, -4.1804)
(-2.0048, 1.9001, -3.5702)
(-2.0873, 2.1027, -2.9891)
(-2.2208, 2.5644, -2.5934)
(-2.3873, 3.0018, -2.2285)
(-2.5698, 3.3209, -1.7505)
(-2.5965, 3.4499, -1.2825)
(-1.7701, 1.0278, -4.2378)
(-2.2581, 1.3068, -3.9244)
(-2.4799, 1.6609, -3.438)
(-2.5689, 2.0137, -2.8984)
(-2.5503, 2.4055, -2.4537)
(-2.2931, 2.6395, -2.0411)
(-2.2125, 3.077, -1.6947)
(-2.0633, 3.694, -1.5813)
(-1.8142, 0.6092, -3.8025)
(-2.3479, 0.899, -3.5098)
(-2.714, 1.2933, -3.1045)
(-2.8746, 1.7135, -2.6389)
(-2.675, 2.0514, -2.1743)
(-2.3093, 2.2724, -1.7273)
(-2.1235, 2.6365, -1.4143)
(-2.0687, 3.109, -1.5424)
(-1.8367, 0.1913, -3.3596)
(-2.3653, 0.4918, -3.055)
(-2.7431, 0.8942, -2.6604)
(-2.9197, 1.3555, -2.2041)
(-2.8654, 1.7891, -1.7363)
(-2.5733, 2.1291, -1.2981)
(-2.1976, 2.3744, -0.9614)
(-2.0721, 2.7253, -0.8517)
(-1.8454, -0.2244, -2.9124)
(-2.3728, 0.0778, -2.6022)
(-2.7584, 0.4774, -2.2128)
(-2.945, 0.9425, -1.7622)
(-2.9633, 1.399, -1.3023)
(-2.8035, 1.8142, -0.8713)
(-2.4753, 2.1417, -0.5149)
(-2.1972, 2.4153, -0.2991)
(-1.8333, -0.6283, -2.4536)
(-2.3687, -0.3329, -2.1448)
(-2.772, 0.056, -1.7657)
(-2.9466, 0.52, -1.3208)
(-2.9288, 0.9739, -0.8678)
(-2.8046, 1.404, -0.4344)
(-2.5745, 1.788, -0.0496)
(-2.3282, 2.0715, 0.2166)
(-1.7938, -1.011, -1.978)
(-2.3441, -0.7308, -1.676)
(-2.7713, -0.359, -1.3106)
(-2.9303, 0.1071, -0.8727)
(-2.8502, 0.5668, -0.4277)
(-2.7231, 1.0059, 0.0105)
(-2.5705, 1.416, 0.4221)
(-2.397, 1.7309, 0.723)
(-1.7271, -1.3722, -1.4886)
(-2.2953, -1.1089, -1.1927)
(-2.766, -0.7658, -0.8471)
(-2.9548, -0.3007, -0.4209)
(-2.8535, 0.1765, 0.0269)
(-2.7086, 0.6341, 0.4744)
(-2.5759, 1.0647, 0.9017)
(-2.462, 1.3964, 1.2254)
(-1.6328, -1.7163, -0.9935)
(-2.2134, -1.4575, -0.6944)
(-2.7516, -1.1566, -0.3746)
(-3.0331, -0.7084, 0.0258)
(-2.9489, -0.2031, 0.482)
(-2.782, 0.2817, 0.9447)
(-2.6322, 0.7385, 1.3916)
(-2.5064, 1.0823, 1.7411)
(-1.4786, -1.9897, -0.4696)
(-2.0598, -1.7432, -0.1718)
(-2.627, -1.4786, 0.1322)
(-3.0133, -1.0883, 0.4967)
(-3.0032, -0.582, 0.942)
(-2.8872, -0.0747, 1.4066)
(-2.7794, 0.4326, 1.8594)
(-2.6256, 0.9646, 2.3976)
(-1.2903, -2.2257, 0.067)
(-1.8724, -1.9949, 0.3594)
(-2.4472, -1.7508, 0.6529)
(-2.8987, -1.4191, 0.9837)
(-3.0026, -0.9382, 1.3874)
(-2.9613, 1.4771, 2.7391)
(-3.0649, -0.4099, 1.8006)
(-3.1372, 0.1677, 2.1467)
(-3.0999, 1.2987, 3.4066)
(-3.2328, 0.7973, 2.3857)
(-3.6626, 1.6094, 3.6382)
(-1.0954, -2.469, 0.602)
(-3.3647, 1.3284, 2.7021)
(-1.6713, -2.2311, 0.8952)
(-2.2323, -1.9645, 1.1882)
(-2.7411, -1.6197, 1.4903)
(-3.6954, 1.9098, 3.6094)
(-3.1195, -1.1618, 1.7905)
(-3.4638, 1.5613, 3.2526)
(-3.3934, -0.6023, 2.0475)
(-3.5707, 0.0251, 2.2594)
(-3.6319, 1.8998, 3.6436)
(-3.72, 0.6763, 2.4401)
(-3.8923, 2.112, 3.6567)
(-3.8324, 1.291, 2.6746)
(-0.9114, -2.7078, 1.0984)
(-1.4577, -2.4437, 1.4103)
(-1.9599, -2.1231, 1.728)
(-2.4465, -1.6796, 1.9984)
(-3.8366, 1.7848, 3.0688)
(-2.8738, -1.1754, 2.2487)
(-3.2366, -0.6469, 2.496)
(-3.894, 2.2433, 3.4642)
(-3.5149, -0.0516, 2.7)
(-0.7873, -2.8838, 1.4459)
(-1.3003, -2.6228, 1.8261)
(-4.008, 2.5453, 3.7511)
(-3.7545, 0.5757, 2.8793)
(-3.989, 1.1984, 3.0629)
(-2.2718, -1.8328, 2.556)
(-1.6842, -2.3938, 2.3368)
(-4.181, 1.8094, 3.2485)
(-2.6592, -1.2732, 2.7752)
(-2.9533, -0.6759, 2.9716)
(-4.3189, 2.3742, 3.4017)
(-3.2194, -0.0553, 3.1369)
(-4.4144, 2.7496, 3.6499)
(-3.4935, 0.5699, 3.3017)
(-3.8129, 1.1702, 3.4983)
(-1.8254, -2.3056, 2.9382)
(-2.2198, -1.9521, 3.1324)
(-4.1641, 1.733, 3.6836)
(-2.6257, -1.4443, 3.3352)
(-2.9658, -0.8515, 3.5021)
(-4.5498, 2.2163, 3.777)
(-3.2762, -0.2367, 3.6374)
(-4.8367, 2.5801, 3.876)
(-3.6269, 0.3718, 3.755)
(-4.0225, 0.9716, 3.8968)
(-1.7425, -2.2859, 3.4705)
(-2.0627, -1.9762, 3.6639)
(-4.3979, 1.5049, 4.079)
(-2.4917, -1.5249, 3.876)
(-2.902, -0.9758, 4.0418)
(-4.7538, 1.989, 4.2695)
(-3.3064, -0.4095, 4.1639)
(-1.7092, -2.191, 3.8079)
(-5.0035, 2.3892, 4.3996)
(-3.722, 0.1656, 4.2639)
(-1.7899, -1.94, 4.0241)
(-2.2906, -1.5195, 4.2775)
(-4.0945, 0.788, 4.3743)
(-2.7429, -1.0049, 4.4538)
(-4.4701, 1.3275, 4.5541)
(-3.1896, -0.4738, 4.5614)
(-3.6306, 0.0562, 4.6678)
(-4.8118, 1.7907, 4.7775)
(-3.8843, 0.6982, 4.6493)
(-5.024, 2.1874, 4.9115)
(-4.2543, 1.2375, 4.8777)
(-4.8686, 1.9925, 5.1461)
(-4.6623, 1.717, 5.1838)
(0.8185, 4.8423, -1.5565)
(0.4962, 4.7046, -1.2147)
(-0.0236, 4.8459, -0.9075)
(-0.6261, 4.8473, -0.8203)
(-1.052, 4.5217, -0.945)
(-1.5719, 4.6797, -1.1794)
(1.1123, 4.8582, -1.4329)
(0.5706, 4.8357, -1.2269)
(-0.003, 4.6454, -1.0281)
(-2.1524, 4.8149, -1.42)
(-0.5673, 4.5207, -0.7723)
(-2.4585, 4.7923, -1.7018)
(-1.1401, 4.3475, -0.7659)
(-1.6387, 4.3421, -1.1159)
(-2.134, 4.4551, -1.4776)
(-2.4708, 4.4954, -1.8756)
(1.3167, 4.5939, -1.0656)
(0.72, 4.6512, -0.8403)
(0.149, 4.3926, -0.7436)
(-0.4659, 4.1619, -0.7095)
(-1.1191, 4.0168, -0.7918)
(-1.7367, 3.9432, -0.978)
(-2.261, 4.0541, -1.2205)
(-2.5848, 3.994, -1.5392)
(1.3862, 4.1578, -0.6796)
(0.7585, 4.2839, -0.4426)
(0.1192, 4.2819, -0.3254)
(-0.5229, 4.1304, -0.3864)
(-1.1459, 3.9438, -0.456)
(-1.7189, 3.7884, -0.6511)
(-2.2171, 3.6784, -0.9949)
(-2.5975, 3.4543, -1.2602)
(1.3924, 3.7368, -0.332)
(0.7467, 3.819, -0.192)
(0.1161, 3.8416, -0.2142)
(-0.4776, 3.7242, -0.4112)
(-0.9899, 3.5589, -0.3947)
(-1.398, 3.5661, -0.7261)
(-1.849, 3.4605, -1.1033)
(-2.0388, 3.5175, -1.5425)
(1.438, 3.5629, 0.1197)
(0.8775, 3.5471, 0.1841)
(0.3672, 3.3909, -0.1273)
(-0.2144, 3.217, -0.3768)
(-0.7514, 3.0714, -0.3983)
(-1.2373, 3.1241, -0.612)
(-1.714, 3.0459, -0.9555)
(-2.0126, 2.9886, -1.3974)
(1.5952, 3.1728, 0.4747)
(1.0515, 3.0782, 0.4229)
(0.541, 2.8918, 0.0694)
(-0.0676, 2.7658, -0.1337)
(-0.6684, 2.693, -0.1426)
(-1.205, 2.7276, -0.3102)
(-1.6879, 2.6536, -0.5651)
(-2.0513, 2.6751, -0.8327)
(1.7441, 2.6983, 0.7971)
(1.1923, 2.6027, 0.6787)
(0.5668, 2.5235, 0.4821)
(-0.0865, 2.576, 0.3799)
(-0.7173, 2.6589, 0.3476)
(-1.3154, 2.6589, 0.1853)
(-1.8304, 2.5396, -0.0386)
(-2.1809, 2.4139, -0.2815)
(1.804, 2.2351, 1.1595)
(1.1924, 2.2685, 1.1352)
(0.524, 2.2634, 1.0092)
(-0.1355, 2.298, 0.8942)
(-0.7517, 2.3107, 0.762)
(-1.3287, 2.244, 0.5507)
(-1.8808, 2.1518, 0.3705)
(-2.314, 2.0783, 0.2315)
(1.7888, 1.7493, 1.5176)
(1.1576, 1.8635, 1.5754)
(0.4865, 1.8743, 1.4552)
(-0.1564, 1.8479, 1.2641)
(-0.745, 1.7781, 1.0207)
(-1.3349, 1.7113, 0.834)
(-1.922, 1.69, 0.7444)
(-2.3857, 1.7395, 0.7395)
(1.7506, 1.2568, 1.8761)
(1.132, 1.3809, 1.9445)
(0.4791, 1.3682, 1.7713)
(-0.1373, 1.3044, 1.4992)
(-0.7516, 1.2527, 1.2848)
(-1.3823, 1.2504, 1.1954)
(-1.9853, 1.3171, 1.1928)
(-2.4573, 1.408, 1.244)
(1.7031, 0.7476, 2.2159)
(1.1131, 0.8572, 2.2562)
(0.4897, 0.8232, 2.0173)
(-0.1352, 0.8167, 1.804)
(-0.7897, 0.8594, 1.7097)
(-1.4356, 0.9132, 1.6717)
(-2.0112, 1.0895, 1.7266)
(-2.4977, 1.0937, 1.7661)
(1.6542, 0.2045, 2.5117)
(1.0795, 0.3164, 2.5399)
(0.4634, 0.3329, 2.3311)
(-0.1584, 0.5015, 2.2851)
(-0.8261, 0.5951, 2.2476)
(-1.4593, 0.6829, 2.2161)
(-1.952, 0.9981, 2.3083)
(-2.6143, 0.9733, 2.4289)
(1.601, -0.3561, 2.7783)
(1.0165, -0.2014, 2.8499)
(0.3866, -0.0759, 2.7548)
(-0.2045, 0.1956, 2.8063)
(-0.8598, 0.335, 2.7951)
(-2.9581, 1.5216, 2.7325)
(-1.4591, 0.5033, 2.7919)
(-1.8214, 0.9276, 2.9067)
(-3.0393, 1.2468, 3.3937)
(-2.3628, 1.0948, 3.0483)
(-3.644, 1.6547, 3.6969)
(1.5068, -0.929, 2.9985)
(-2.8123, 1.4474, 3.2281)
(0.9157, -0.7207, 3.1498)
(0.3015, -0.4895, 3.1906)
(-0.2594, -0.1542, 3.3041)
(-3.8354, 1.8931, 3.669)
(-0.8813, 0.0794, 3.3386)
(-3.2303, 1.6091, 3.5972)
(-1.4298, 0.3627, 3.3769)
(-1.7183, 0.8478, 3.4987)
(-3.6446, 1.8419, 3.7515)
(-2.1925, 1.1358, 3.6458)
(-3.9299, 2.2205, 3.7308)
(-2.6845, 1.4983, 3.7495)
(1.3615, -1.4706, 3.1418)
(0.7792, -1.2393, 3.3922)
(0.1982, -0.9688, 3.5763)
(-0.3544, -0.5756, 3.7416)
(-3.1487, 1.8596, 3.9413)
(-0.9159, -0.2055, 3.8513)
(-1.4148, 0.2144, 3.9343)
(-3.5781, 2.2415, 4.034)
(-1.8179, 0.6971, 4.0499)
(1.2353, -1.8502, 3.2244)
(0.6318, -1.662, 3.5529)
(-3.8391, 2.6803, 4.0064)
(-2.1975, 1.1638, 4.244)
(-2.7063, 1.6086, 4.3239)
(-0.5923, -1.0223, 4.0791)
(0.0009, -1.5915, 3.8763)
(-3.1392, 2.0378, 4.4361)
(-1.1037, -0.5621, 4.2718)
(-1.5832, -0.0796, 4.4019)
(-3.5271, 2.5222, 4.5488)
(-2.0231, 0.4203, 4.5363)
(-3.7007, 2.9816, 4.5114)
(-2.41, 0.935, 4.7441)
(-2.8944, 1.4816, 4.8485)
(-0.5952, -1.7465, 4.0858)
(-1.0018, -1.397, 4.2632)
(-3.3071, 2.0486, 4.9653)
(-1.4743, -0.9586, 4.4823)
(-1.94, -0.4617, 4.6509)
(-3.5917, 2.5845, 5.1072)
(-2.3884, 0.0504, 4.7891)
(-3.834, 2.981, 5.0969)
(-2.8264, 0.5565, 4.9505)
(-3.2429, 1.1413, 5.0812)
(-1.0876, -1.9906, 4.1006)
(-1.4549, -1.7116, 4.2421)
(-3.615, 1.7532, 5.2531)
(-1.9169, -1.3008, 4.4531)
(-2.3765, -0.8038, 4.6177)
(-3.9115, 2.3105, 5.4291)
(-2.8235, -0.2877, 4.7258)
(-1.4382, -2.0469, 4.048)
(-4.1616, 2.6934, 5.4834)
(-3.2698, 0.1972, 4.86)
(-1.7705, -1.9419, 4.0376)
(-2.2691, -1.5225, 4.2905)
(-3.6332, 0.7733, 4.8967)
(-2.7256, -1.0207, 4.4708)
(-3.9614, 1.3554, 5.0977)
(-3.1669, -0.4845, 4.576)
(-3.6031, 0.0466, 4.6792)
(-4.2833, 1.8865, 5.3734)
(-3.887, 0.6897, 4.5705)
(-4.5082, 2.2722, 5.5383)
(-4.2299, 1.2217, 4.8136)
(-4.6752, 1.9729, 5.4355)
(-4.6441, 1.7317, 5.2136)
(2.1045, -0.7418, -1.7796)
(2.4157, 2.3044, -3.617)
(2.174, -3.9451, 1.7151)
(1.7626, 0.9275, -2.5209)
(2.6858, -4.1152, 1.2761)
(3.1482, -4.2045, 0.7576)
(2.2191, -1.2801, -1.5314)
(3.5495, -4.2563, 0.1873)
(3.8978, -4.3203, -0.4167)
(4.1686, -4.383, -1.0738)
(4.5442, -4.4686, -1.6976)
(2.5285, 1.7067, -3.5944)
(4.9486, -4.613, -2.2354)
(1.9432, 0.3519, -2.3381)
(2.0171, -0.2013, -2.0541)
(3.2705, -2.7466, -1.44)
(2.3513, -1.8105, -1.2803)
(2.8092, -2.2951, -1.2034)
(3.9371, -2.7715, -1.633)
(4.0982, -3.3174, -1.996)
(2.6051, 2.8052, -3.9152)
(2.1192, 1.9676, -3.2587)
(1.9469, 1.5201, -2.927)
(4.5723, -4.3925, -2.5189)
(4.6735, -4.4919, -2.2371)
(4.8937, -4.5789, -2.3982)
(4.7539, -4.5065, -2.6596)
(4.1514, -3.4261, -2.1231)
(4.0047, -3.325, -1.9403)
(4.1119, -3.3414, -2.0448)
(4.2033, -3.4295, -2.1562)
(4.0259, -3.2543, -1.996)
(4.2324, -3.0997, -2.261)
(4.3512, -3.1523, -2.2363)
(4.0021, -3.2043, -2.3041)
(4.0777, -3.1516, -2.561)
(4.2968, -3.0069, -2.5805)
(4.0439, -3.3737, -2.4021)
(4.2764, -3.4755, -2.5514)
(4.2805, -3.2287, -2.7546)
(4.1726, -3.7284, -2.3276)
(4.2889, -3.9778, -2.5737)
(4.3651, -3.7148, -2.7725)
(4.3117, -4.2064, -2.315)
(4.4524, -4.2147, -2.7811)
(1.21, -3.768, 1.1624)
(1.242, -3.8339, 1.4741)
(1.643, -3.8963, 1.4939)
(1.6503, -3.8707, 1.1765)
(1.6713, -3.8813, 0.7728)
(2.0866, -3.9714, 1.1669)
(2.1316, -4.0056, 0.7529)
(2.1534, -4.0623, 0.3044)
(2.571, -4.1109, 0.7043)
(2.5933, -4.1824, 0.2689)
(2.5983, -4.2572, -0.1873)
(3.0096, -4.2773, 0.1989)
(3.0174, -4.3859, -0.235)
(3.0238, -4.4284, -0.6881)
(3.4155, -4.4536, -0.3198)
(3.3985, -4.4762, -0.7269)
(3.3654, -4.2764, -1.0924)
(3.7078, -4.4285, -0.8569)
(3.6475, -4.2356, -1.18)
(3.6725, -4.0196, -1.4998)
(3.9787, -4.3274, -1.4162)
(3.9839, -4.1846, -1.7312)
(4.0381, -3.9814, -2.0536)
(4.3438, -4.3604, -2.0008)
(0.7394, -3.5926, 0.8125)
(0.7253, -3.6196, 1.2053)
(1.2106, -3.7518, 0.7854)
(1.2502, -3.8071, 0.3389)
(1.7045, -3.9345, 0.3247)
(1.7416, -3.9862, -0.1375)
(2.1769, -4.1072, -0.1561)
(2.2141, -4.1149, -0.6217)
(2.6242, -4.2718, -0.6516)
(2.6748, -4.2169, -1.1135)
(3.0545, -4.3287, -1.1208)
(3.1472, -4.1498, -1.5294)
(3.4367, -4.0509, -1.4537)
(3.593, -3.8532, -1.8042)
(3.8076, -3.8066, -1.8294)
(3.9865, -3.5808, -2.1298)
(-0.6291, -2.8354, 0.9506)
(-0.8436, -2.8019, 1.2861)
(-0.502, -3.0282, 1.3105)
(-0.2725, -3.0773, 1.0191)
(-0.0826, -3.1093, 0.6622)
(0.1136, -3.3287, 1.1488)
(0.2933, -3.3686, 0.7727)
(0.4005, -3.4346, 0.2997)
(0.805, -3.6525, 0.336)
(0.8683, -3.7343, -0.1376)
(1.2987, -3.8833, -0.1278)
(1.3665, -3.8972, -0.5816)
(1.7868, -4.011, -0.6003)
(1.8699, -3.9431, -1.0345)
(2.2686, -4.0765, -1.0813)
(2.3826, -3.9245, -1.4751)
(2.7601, -4.0822, -1.5436)
(2.9107, -3.8542, -1.8899)
(3.2856, -3.952, -1.8986)
(3.4732, -3.7683, -2.1319)
(3.7571, -3.6838, -2.0985)
(3.8553, -3.482, -2.2892)
(-0.8091, -2.587, 0.4514)
(-0.998, -2.5937, 0.8642)
(-0.4382, -2.8437, 0.5604)
(-0.2745, -2.8621, 0.1282)
(0.055, -3.155, 0.2247)
(0.146, -3.2377, -0.2388)
(0.4709, -3.5214, -0.1749)
(0.5894, -3.5178, -0.6063)
(0.9647, -3.7281, -0.5805)
(1.1494, -3.5565, -0.9242)
(1.4976, -3.7623, -0.9782)
(1.7321, -3.5014, -1.2201)
(2.0427, -3.7218, -1.3623)
(2.3108, -3.4101, -1.528)
(2.5943, -3.642, -1.7342)
(2.8479, -3.3149, -1.8946)
(3.1305, -3.5851, -2.0796)
(3.3896, -3.3603, -2.0211)
(3.677, -3.5523, -2.1396)
(3.8756, -3.3001, -2.0322)
(-1.0027, -2.3438, -0.0836)
(-1.1933, -2.3455, 0.3348)
(-0.6283, -2.5902, 0.027)
(-0.4613, -2.618, -0.4061)
(-0.1407, -2.9152, -0.3184)
(-0.0072, -2.9684, -0.7622)
(0.267, -3.2701, -0.6748)
(0.5066, -3.1506, -1.0269)
(0.8257, -3.3404, -0.9195)
(1.1445, -3.087, -1.0942)
(1.4436, -3.2804, -1.0746)
(1.7934, -3.0172, -1.1354)
(2.0546, -3.2118, -1.2895)
(2.3647, -2.8935, -1.3548)
(2.592, -3.0759, -1.626)
(2.8873, -2.8074, -1.6764)
(3.1231, -3.0539, -1.9061)
(3.4258, -2.9488, -1.7413)
(3.6367, -3.2177, -1.8329)
(3.8292, -3.2277, -1.7957)
(-1.1909, -2.115, -0.6215)
(-1.3865, -2.1089, -0.2016)
(-0.8177, -2.3582, -0.5089)
(-0.627, -2.3722, -0.9363)
(-0.2931, -2.6503, -0.8422)
(-0.093, -2.6524, -1.2696)
(0.2017, -2.9387, -1.1678)
(0.492, -2.8243, -1.5187)
(0.8219, -2.9701, -1.3081)
(1.1382, -2.7519, -1.5197)
(1.4749, -2.8531, -1.2485)
(1.7741, -2.5737, -1.387)
(2.1119, -2.7339, -1.2499)
(2.3973, -2.395, -1.2987)
(2.6832, -2.5952, -1.3945)
(3.032, -2.5214, -1.3319)
(3.2198, -2.7436, -1.6073)
(3.5937, -2.7603, -1.5526)
(3.7385, -2.9586, -1.6744)
(4.0164, -3.0385, -1.8351)
(-1.3415, -1.8418, -1.1428)
(-1.5626, -1.8614, -0.7348)
(-0.9855, -2.1144, -1.0405)
(-0.7565, -2.0815, -1.4455)
(-0.4157, -2.3648, -1.3596)
(-0.17, -2.3085, -1.7577)
(0.1598, -2.5897, -1.6615)
(0.4598, -2.4104, -1.9487)
(0.8028, -2.615, -1.7678)
(1.0847, -2.2834, -1.8603)
(1.4213, -2.4299, -1.6144)
(1.6601, -2.0569, -1.618)
(2.0166, -2.2263, -1.4224)
(2.1682, -1.8786, -1.4029)
(2.572, -2.0577, -1.2457)
(-1.4305, -1.4868, -1.6271)
(-1.6857, -1.55, -1.2433)
(-1.0943, -1.7837, -1.53)
(-0.8239, -1.6891, -1.8945)
(-0.4946, -1.9947, -1.8185)
(-0.206, -1.8549, -2.1508)
(0.1197, -2.1527, -2.0708)
(0.4312, -1.8975, -2.2672)
(0.7591, -2.1104, -2.0842)
(1.0138, -1.7494, -2.1105)
(1.3218, -1.9001, -1.851)
(1.54, -1.5217, -1.8321)
(1.8545, -1.6904, -1.6019)
(2.0118, -1.348, -1.618)
(2.2776, -1.5505, -1.4101)
(-1.4978, -1.1256, -2.1128)
(-1.7632, -1.193, -1.734)
(-1.1623, -1.4073, -1.9994)
(-0.8776, -1.3033, -2.3523)
(-0.5377, -1.5694, -2.24)
(-0.2286, -1.3938, -2.5319)
(0.1031, -1.652, -2.4134)
(0.4192, -1.3845, -2.5881)
(0.7243, -1.5863, -2.3746)
(0.9842, -1.2448, -2.4245)
(1.245, -1.3783, -2.1103)
(1.4686, -1.0093, -2.1149)
(1.7377, -1.1604, -1.8385)
(1.9028, -0.8157, -1.8707)
(2.1536, -1.0165, -1.6583)
(-1.5381, -0.7438, -2.5848)
(-1.8172, -0.8228, -2.218)
(-1.2138, -1.0322, -2.4703)
(-0.9029, -0.8878, -2.7818)
(-0.566, -1.1403, -2.651)
(-0.2343, -0.8997, -2.8644)
(0.0975, -1.1435, -2.7347)
(0.4175, -0.8616, -2.8919)
(0.7167, -1.0817, -2.7038)
(0.9888, -0.752, -2.7722)
(1.2271, -0.8869, -2.4462)
(1.4427, -0.5096, -2.4462)
(1.6634, -0.6423, -2.1264)
(1.8254, -0.2841, -2.158)
(2.0524, -0.4764, -1.9202)
(-1.5486, -0.3377, -3.0376)
(-1.8425, -0.4285, -2.6848)
(-1.2339, -0.626, -2.9162)
(-0.903, -0.4493, -3.1881)
(-0.5696, -0.6729, -3.0185)
(-0.2349, -0.3946, -3.183)
(0.0954, -0.6132, -3.0221)
(0.4112, -0.3299, -3.1901)
(0.7177, -0.5675, -3.0284)
(0.9987, -0.2421, -3.1117)
(1.2327, -0.3897, -2.7929)
(1.4233, 0.0093, -2.7705)
(1.6123, -0.1178, -2.4355)
(1.747, 0.2659, -2.4404)
(1.9697, 0.0746, -2.1986)
(-1.5357, 0.0832, -3.4759)
(-1.8431, -0.0174, -3.1369)
(-1.2277, -0.2035, -3.3475)
(-0.8847, -0.0108, -3.5938)
(-0.562, -0.2116, -3.3926)
(-0.2435, 0.1014, -3.5087)
(0.083, -0.0887, -3.3222)
(0.3803, 0.2065, -3.4488)
(0.7143, -0.0439, -3.3455)
(0.995, 0.2745, -3.3724)
(1.2442, 0.1227, -3.1257)
(1.4113, 0.5381, -3.0501)
(1.5516, 0.4269, -2.724)
(1.6665, 0.831, -2.6984)
(1.8389, 0.6503, -2.4339)
(-1.5052, 0.5139, -3.9018)
(-1.8271, 0.4004, -3.5813)
(-1.2007, 0.2341, -3.7613)
(-0.8481, 0.4563, -3.9633)
(-0.5487, 0.2662, -3.739)
(-0.2481, 0.6195, -3.7758)
(0.0365, 0.4561, -3.5408)
(0.3286, 0.7509, -3.5522)
(0.6585, 0.4941, -3.456)
(0.9467, 0.7977, -3.3824)
(1.2241, 0.6395, -3.2576)
(1.4472, 1.0692, -3.2264)
(1.5703, 0.9768, -3.0008)
(1.7855, 1.3699, -3.0427)
(1.838, 1.2004, -2.7178)
(-1.4574, 0.9499, -4.3174)
(-1.7968, 0.8178, -4.0226)
(-1.1539, 0.688, -4.1544)
(-0.7896, 0.9246, -4.3326)
(-0.5017, 0.7437, -4.081)
(-0.1623, 1.0667, -4.1353)
(0.0705, 0.9407, -3.805)
(0.4286, 1.2146, -3.8816)
(0.6749, 1.0073, -3.6004)
(1.0419, 1.3072, -3.6863)
(1.2651, 1.1539, -3.4253)
(1.5968, 1.5303, -3.5723)
(1.707, 1.4971, -3.3324)
(1.9884, 1.7799, -3.4111)
(2.0169, 1.7144, -3.0863)
(-1.3882, 1.3895, -4.721)
(-1.7289, 1.2416, -4.442)
(-1.0943, 1.143, -4.5427)
(-0.727, 1.3892, -4.6988)
(-0.4337, 1.2203, -4.4299)
(-0.0766, 1.5254, -4.4954)
(0.1832, 1.3939, -4.1762)
(0.5328, 1.6706, -4.2682)
(0.781, 1.5107, -3.9671)
(1.1626, 1.7645, -4.0577)
(1.4144, 1.6111, -3.7864)
(1.8023, 1.7888, -3.9081)
(1.9562, 1.729, -3.701)
(2.2765, 1.7997, -3.7181)
(2.3145, 1.839, -3.4346)
(-1.2912, 1.8705, -5.0542)
(-1.595, 1.6951, -4.7759)
(-1.0208, 1.5878, -4.936)
(-0.6449, 1.8057, -5.1101)
(-0.3529, 1.634, -4.8324)
(0.0257, 1.8595, -4.9535)
(0.2951, 1.754, -4.611)
(0.6775, 1.9435, -4.7359)
(0.9213, 1.8538, -4.4018)
(1.3221, 2.0314, -4.5017)
(1.5651, 1.9273, -4.1667)
(1.8774, 2.1469, -4.1738)
(2.0941, 1.9609, -3.919)
(2.2805, 2.2513, -3.8187)
(2.4662, 2.0038, -3.6137)
(-1.1929, 2.3791, -5.2808)
(-1.4358, 2.2062, -4.9953)
(-0.9418, 2.0682, -5.2708)
(-0.5864, 2.2859, -5.4012)
(-0.2725, 2.0542, -5.2186)
(0.0851, 2.3196, -5.2525)
(0.3929, 2.1143, -5.0225)
(0.742, 2.3895, -5.0318)
(1.0437, 2.1937, -4.7886)
(1.3717, 2.4889, -4.7568)
(1.6501, 2.3099, -4.4874)
(1.9494, 2.6146, -4.41)
(2.1355, 2.453, -4.0977)
(2.403, 2.7268, -4.0684)
(2.5032, 2.554, -3.7731)
(-1.1228, 2.7944, -5.4285)
(-1.3164, 2.6823, -5.1349)
(-0.8866, 2.5219, -5.4863)
(-0.5582, 2.6883, -5.5755)
(-0.2357, 2.5086, -5.4315)
(0.1042, 2.7297, -5.4049)
(0.4268, 2.5664, -5.2321)
(0.7604, 2.7983, -5.1857)
(1.0747, 2.6467, -4.9922)
(1.4095, 2.8777, -4.9429)
(1.6949, 2.7502, -4.695)
(2.0302, 2.9654, -4.6446)
(2.2506, 2.8534, -4.3596)
(2.497, 3.0386, -4.3335)
(2.6314, 2.9356, -4.0559)
(1.6327, -3.908, 1.6781)
(1.9756, -3.9266, 1.7105)
(2.0219, -3.9476, 1.5092)
(2.4121, -4.0267, 1.4861)
(2.5068, -4.0699, 1.1083)
(2.9041, -4.1554, 1.0093)
(2.9721, -4.1926, 0.609)
(3.3427, -4.2241, 0.4679)
(3.3864, -4.3188, 0.0725)
(3.7206, -4.2783, -0.1183)
(3.7439, -4.4167, -0.4909)
(4.0328, -4.3344, -0.741)
(4.0025, -4.387, -1.0943)
(4.3246, -4.4017, -1.3433)
(4.3311, -4.4174, -1.6706)
(4.6943, -4.5153, -1.9249)
(5.1345, -4.5526, -2.0873)
(5.4608, -4.4832, -2.1779)
(5.441, -4.6155, -2.3618)
(5.1405, -4.6665, -2.3022)
(4.1885, -3.1746, -1.9986)
(4.139, -3.1596, -2.0045)
(4.2988, -2.89, -2.1235)
(4.4144, -3.0129, -2.1495)
(4.5441, -3.0823, -2.1162)
(4.6985, -2.7643, -2.1818)
(4.9038, -2.955, -2.1926)
(5.0508, -3.1068, -2.0629)
(5.2639, -2.8627, -2.2191)
(5.4229, -3.1501, -2.1327)
(5.5196, -3.3621, -1.8973)
(5.7189, -3.2498, -2.2671)
(5.7918, -3.5556, -2.0531)
(5.7241, -3.8085, -1.8084)
(5.9355, -3.8057, -2.2288)
(5.8002, -4.084, -2.0388)
(5.5045, -4.2809, -1.881)
(5.7792, -4.3213, -2.2846)
(2.3228, -3.4003, 2.3585)
(2.6039, -3.2287, 2.3005)
(2.709, -3.5566, 2.0481)
(2.3748, -3.6732, 2.1105)
(3.0829, -3.3896, 1.9173)
(3.1947, -3.7139, 1.6066)
(2.7818, -3.8294, 1.7383)
(3.5774, -3.5254, 1.413)
(3.6543, -3.8268, 1.0719)
(3.2629, -3.9686, 1.2507)
(3.9965, -3.6248, 0.8372)
(4.0526, -3.9075, 0.4797)
(3.6868, -4.0528, 0.6858)
(4.3856, -3.7241, 0.2401)
(4.4364, -3.9899, -0.1271)
(4.0622, -4.1145, 0.0815)
(4.7792, -3.8023, -0.3785)
(4.8017, -4.0613, -0.7598)
(4.4113, -4.1902, -0.5599)
(5.1241, -3.8778, -0.9805)
(5.1489, -4.1479, -1.3225)
(4.7708, -4.262, -1.1629)
(5.4824, -4.0074, -1.5503)
(5.1405, -4.377, -1.7219)
(2.3668, -2.8704, 2.5453)
(2.6348, -2.6521, 2.3712)
(2.9004, -3.0284, 2.1628)
(3.2135, -2.8085, 1.9148)
(3.4326, -3.1786, 1.6946)
(3.6992, -2.9452, 1.388)
(3.8779, -3.2954, 1.1389)
(4.0708, -3.0554, 0.7873)
(4.249, -3.3964, 0.5313)
(4.4063, -3.1549, 0.1634)
(4.6235, -3.4949, -0.0807)
(4.7555, -3.2369, -0.4729)
(4.9981, -3.5599, -0.7112)
(5.0935, -3.351, -1.0772)
(5.3351, -3.6853, -1.2836)
(5.4858, -3.5131, -1.6059)
(1.2954, -1.6758, 3.1874)
(1.6293, -1.5948, 2.9752)
(1.8414, -1.9535, 2.8654)
(1.5173, -1.9929, 3.0688)
(2.1468, -1.8433, 2.6137)
(2.3711, -2.246, 2.5265)
(2.0416, -2.3664, 2.7777)
(2.6856, -2.0482, 2.21)
(2.9491, -2.4307, 2.0815)
(3.1921, -2.2276, 1.733)
(3.4625, -2.5891, 1.5845)
(3.5841, -2.3998, 1.1861)
(3.8498, -2.7215, 1.0073)
(3.8925, -2.5406, 0.5818)
(4.17, -2.8289, 0.3876)
(4.1964, -2.6358, -0.0343)
(4.4851, -2.9208, -0.2391)
(4.4605, -2.7643, -0.6536)
(4.7827, -3.0453, -0.867)
(4.7372, -2.9623, -1.2372)
(5.1255, -3.2233, -1.4228)
(5.1201, -3.1697, -1.7574)
(1.436, -1.2145, 3.0799)
(1.7289, -1.0521, 2.8072)
(1.9183, -1.4578, 2.6954)
(2.1587, -1.2923, 2.3552)
(2.4221, -1.6702, 2.2924)
(2.6589, -1.487, 1.9327)
(2.9293, -1.8546, 1.8519)
(3.0482, -1.7183, 1.4492)
(3.3031, -2.0748, 1.3303)
(3.2735, -1.9981, 0.8865)
(3.5789, -2.2776, 0.745)
(3.4885, -2.2286, 0.2933)
(3.8523, -2.4226, 0.1369)
(3.7642, -2.3444, -0.3129)
(4.1367, -2.5126, -0.4712)
(3.9913, -2.5075, -0.9034)
(4.3501, -2.7331, -1.0581)
(4.2563, -2.7989, -1.4198)
(4.6917, -2.9721, -1.5957)
(4.6356, -3.0417, -1.9258)
(1.5614, -0.641, 2.8965)
(1.7743, -0.4835, 2.5763)
(1.9298, -0.8988, 2.4498)
(2.098, -0.7573, 2.0691)
(2.3696, -1.1288, 1.9926)
(2.5304, -0.9896, 1.6039)
(2.8073, -1.3461, 1.5391)
(2.8097, -1.2882, 1.1014)
(3.0188, -1.6667, 1.005)
(2.885, -1.6839, 0.5617)
(3.1496, -1.996, 0.4408)
(3.0053, -2.0176, -0.0013)
(3.3683, -2.2135, -0.1539)
(3.2412, -2.2209, -0.599)
(3.6329, -2.3378, -0.7555)
(3.4885, -2.4342, -1.1615)
(3.847, -2.6023, -1.2909)
(3.802, -2.7792, -1.5311)
(4.1972, -2.9506, -1.6898)
(4.1882, -3.0999, -1.8822)
(1.63, -0.0742, 2.6489)
(1.8053, 0.0729, 2.31)
(1.9042, -0.3548, 2.1791)
(2.0136, -0.25, 1.766)
(2.2346, -0.6385, 1.6704)
(2.319, -0.5466, 1.2528)
(2.5902, -0.906, 1.1805)
(2.5187, -0.8944, 0.7431)
(2.6929, -1.2986, 0.657)
(2.5407, -1.3279, 0.2204)
(2.7264, -1.7159, 0.1244)
(2.5981, -1.7281, -0.3174)
(2.874, -2.0347, -0.4473)
(2.7425, -2.0657, -0.8819)
(3.1093, -2.3034, -1.0224)
(3.0477, -2.5203, -1.3115)
(3.4509, -2.6288, -1.4147)
(3.6139, -2.7578, -1.5204)
(3.9081, -2.9189, -1.6622)
(4.0189, -3.0504, -1.7939)
(1.6784, 0.4796, 2.3686)
(1.8738, 0.6116, 2.021)
(1.9235, 0.1796, 1.898)
(2.0209, 0.264, 1.4726)
(2.0923, -0.1636, 1.3472)
(2.1444, -0.1034, 0.9245)
(2.3152, -0.5043, 0.8282)
(2.2683, -0.4953, 0.3953)
(2.3931, -0.913, 0.3052)
(2.3334, -0.9062, -0.1273)
(2.4293, -1.3347, -0.2169)
(2.3776, -1.3113, -0.6435)
(2.494, -1.7173, -0.7428)
(2.3978, -1.6549, -1.1011)
(2.5884, -2.0478, -1.238)
(1.7275, 1.0059, 2.0506)
(1.9619, 1.1206, 1.6959)
(2.0279, 0.6989, 1.6041)
(2.1533, 0.7691, 1.17)
(2.1094, 0.3304, 1.0407)
(2.2121, 0.3835, 0.6048)
(2.2033, -0.0622, 0.494)
(2.2909, -0.0167, 0.0654)
(2.2911, -0.4653, -0.0336)
(2.3679, -0.4172, -0.4464)
(2.3567, -0.8691, -0.545)
(2.3916, -0.8154, -0.9466)
(2.3614, -1.2513, -1.0306)
(2.3056, -1.1439, -1.3622)
(2.2927, -1.5401, -1.4016)
(1.7711, 1.5038, 1.6971)
(2.0214, 1.6204, 1.3506)
(2.1454, 1.2026, 1.2824)
(2.2683, 1.2696, 0.8447)
(2.2573, 0.8271, 0.7273)
(2.349, 0.8766, 0.2841)
(2.3198, 0.4306, 0.1717)
(2.4114, 0.4785, -0.2523)
(2.3895, 0.032, -0.3494)
(2.4545, 0.086, -0.7567)
(2.4251, -0.3634, -0.8491)
(2.4123, -0.3028, -1.2444)
(2.3569, -0.736, -1.3152)
(2.2375, -0.6166, -1.6327)
(2.17, -1.0055, -1.6528)
(1.8023, 1.9947, 1.3395)
(2.0259, 2.1229, 1.0055)
(2.192, 1.7068, 0.9408)
(2.2698, 1.7692, 0.4984)
(2.3371, 1.3243, 0.3947)
(2.3545, 1.3707, -0.0563)
(2.4044, 0.9253, -0.1562)
(2.4226, 0.9756, -0.5867)
(2.4601, 0.5319, -0.6705)
(2.4727, 0.5907, -1.0838)
(2.4593, 0.1442, -1.1627)
(2.3892, 0.2085, -1.5483)
(2.3231, -0.2184, -1.6087)
(2.1622, -0.0894, -1.9104)
(2.0692, -0.4668, -1.9136)
(1.7859, 2.4673, 0.9756)
(1.9425, 2.6089, 0.655)
(2.14, 2.2036, 0.5902)
(2.1448, 2.2465, 0.1453)
(2.2651, 1.8114, 0.0464)
(2.202, 1.8397, -0.4036)
(2.3264, 1.4109, -0.4984)
(2.2759, 1.4359, -0.9078)
(2.4224, 1.0262, -1.0012)
(2.3558, 1.0346, -1.3557)
(2.4281, 0.6466, -1.4698)
(2.2331, 0.6851, -1.7617)
(2.2134, 0.3, -1.8614)
(2.0117, 0.4423, -2.1348)
(1.9906, 0.076, -2.1936)
(1.678, 2.935, 0.6325)
(1.7732, 3.0675, 0.3036)
(1.9852, 2.6697, 0.2339)
(1.9194, 2.6797, -0.213)
(2.0666, 2.2622, -0.3054)
(1.9707, 2.2697, -0.7611)
(2.1135, 1.8503, -0.8306)
(1.9708, 1.7958, -1.1793)
(2.1399, 1.3851, -1.2236)
(1.9649, 1.2682, -1.4542)
(2.1493, 0.9773, -1.592)
(1.9458, 1.0318, -1.8594)
(1.9825, 0.7827, -2.0173)
(1.8636, 0.9854, -2.3388)
(1.8669, 0.6291, -2.4251)
(1.508, 3.3971, 0.3107)
(1.6142, 3.4443, -0.0571)
(1.7591, 3.0865, -0.125)
(1.7796, 3.0625, -0.5496)
(1.8336, 2.6721, -0.6689)
(1.8492, 2.6401, -1.1012)
(1.8765, 2.2412, -1.1846)
(1.8704, 2.1492, -1.5086)
(1.8611, 1.6913, -1.4633)
(1.8872, 1.6007, -1.7696)
(1.8996, 1.2502, -1.7529)
(1.9699, 1.4747, -2.1962)
(1.9228, 1.2892, -2.2683)
(1.9972, 1.5815, -2.7078)
(1.8714, 1.2472, -2.7301)
(1.4028, 3.6464, -0.1083)
(1.6844, 3.676, -0.4407)
(1.8004, 3.4162, -0.4372)
(2.0637, 3.3951, -0.7979)
(1.9597, 3.0122, -0.9316)
(2.2056, 2.9385, -1.2878)
(2.0102, 2.5495, -1.4398)
(2.202, 2.4445, -1.7502)
(1.9832, 2.0313, -1.8026)
(2.1093, 1.9738, -2.1692)
(1.9951, 1.6525, -2.172)
(2.1758, 1.8792, -2.625)
(2.1087, 1.8061, -2.6693)
(2.2273, 1.9382, -3.0641)
(2.0491, 1.7733, -3.0994)
(1.3911, 3.9203, -0.5137)
(1.6837, 4.071, -0.8244)
(1.9618, 3.7519, -0.7796)
(2.1515, 3.7735, -1.1812)
(2.2745, 3.3622, -1.1933)
(2.3933, 3.3008, -1.5812)
(2.3973, 2.8709, -1.6521)
(2.4742, 2.8077, -2.0129)
(2.3388, 2.3864, -2.112)
(2.4169, 2.3837, -2.4649)
(2.2489, 2.0313, -2.5686)
(2.4817, 2.0534, -2.9025)
(2.4047, 1.9419, -3.0098)
(2.5402, 1.8731, -3.3334)
(2.3333, 1.8353, -3.4185)
(1.3656, 4.389, -0.8635)
(1.5755, 4.469, -1.2289)
(1.8939, 4.141, -1.2058)
(1.956, 4.0727, -1.5827)
(2.2215, 3.7096, -1.5755)
(2.1335, 3.5574, -1.8584)
(2.3433, 3.1872, -1.9034)
(2.3336, 3.1489, -2.1851)
(2.4809, 2.7839, -2.3361)
(2.5893, 2.7785, -2.5446)
(2.5615, 2.3821, -2.719)
(2.6955, 2.441, -2.9789)
(2.6433, 2.1005, -3.1877)
(2.5876, 2.3132, -3.4629)
(2.4781, 2.0073, -3.5977)
(1.2306, 4.7592, -1.2703)
(1.2954, 4.686, -1.5567)
(1.6217, 4.3862, -1.576)
(1.5704, 4.1639, -1.7699)
(1.8806, 3.8794, -1.8298)
(1.9456, 3.7915, -1.9786)
(2.1631, 3.4939, -2.0687)
(2.4139, 3.5215, -2.2215)
(2.5316, 3.1804, -2.3793)
(2.6361, 3.1672, -2.5643)
(2.672, 2.8044, -2.76)
(2.685, 2.8986, -3.1032)
(2.6764, 2.6192, -3.3201)
(2.6876, 2.7852, -3.6388)
(2.5176, 2.5556, -3.7592)
(0.9712, 4.8743, -1.5182)
(0.9599, 4.6891, -1.6034)
(1.2778, 4.4494, -1.6783)
(1.3963, 4.294, -1.7085)
(1.6861, 4.0505, -1.8528)
(2.0095, 4.1026, -1.9154)
(2.2164, 3.8239, -2.0799)
(2.3634, 3.7432, -2.1871)
(2.5349, 3.4549, -2.3766)
(2.5546, 3.3861, -2.6692)
(2.6682, 3.1589, -2.8791)
(2.876, 3.1303, -3.2024)
(2.8243, 2.9429, -3.4238)
(3.0073, 2.9433, -3.6565)
(2.7909, 2.8677, -3.8895)
(2.1392, -3.7397, 2.1526)
(2.3996, -3.872, 1.8263)
(2.1341, -3.8941, 1.8822)
(2.8593, -4.0281, 1.3924)
(2.4477, -4.0337, 1.5051)
(3.3143, -4.1318, 0.8687)
(2.9299, -4.1644, 1.0243)
(3.7085, -4.1937, 0.2862)
(3.355, -4.2368, 0.477)
(4.0573, -4.2556, -0.3321)
(3.7267, -4.2983, -0.1112)
(4.3811, -4.3355, -0.9866)
(4.0335, -4.3689, -0.7495)
(4.7753, -4.4174, -1.5846)
(4.3882, -4.4499, -1.4281)
(4.7986, -4.5664, -2.0081)
(-2.3914, 1.7352, 0.7312)
(-2.5878, 3.9923, -1.5492)
(-1.7802, -1.9409, 4.0309)
(-2.0617, 2.7002, -0.8422)
(-2.2798, -1.521, 4.284)
(-2.7342, -1.0128, 4.4623)
(-2.4596, 1.4022, 1.2347)
(-3.1782, -0.4791, 4.5687)
(-3.6169, 0.0514, 4.6735)
(-3.8857, 0.694, 4.6099)
(-4.2421, 1.2296, 4.8457)
(-2.597, 3.4521, -1.2713)
(-4.6532, 1.7244, 5.1987)
(-2.1891, 2.4146, -0.2903)
(-2.3211, 2.0749, 0.2241)
(-2.9597, 1.4994, 2.7358)
(-2.502, 1.088, 1.7536)
(-2.6199, 0.969, 2.4133)
(-3.0696, 1.2727, 3.4001)
(-3.6533, 1.632, 3.6676)
(-2.4723, 4.4935, -1.8861)
(-2.051, 3.6057, -1.5619)
(-2.0406, 3.0488, -1.4699)
(-4.9299, 1.9944, 4.8542)
(-4.7432, 1.7326, 4.9749)
(-4.7664, 1.863, 5.1774)
(-4.9624, 2.0945, 5.064)
(-3.659, 1.7761, 3.6195)
(-3.5928, 1.7473, 3.6453)
(-3.7549, 2.0234, 3.6823)
(-3.7947, 1.9962, 3.618)
(-3.7312, 2.0786, 3.5702)
(-3.9474, 2.4098, 3.6176)
(-3.9382, 2.3189, 3.7225)
(-4.1127, 2.3481, 3.3867)
(-4.3697, 2.5797, 3.5154)
(-4.1796, 2.7002, 3.6967)
(-4.4524, 2.3189, 3.5502)
(-4.7039, 2.4083, 3.8236)
(-4.6492, 2.6895, 3.7101)
(-4.6559, 2.1029, 4.018)
(-4.889, 2.1967, 4.3406)
(-4.947, 2.4815, 4.1184)
(-4.813, 1.8804, 4.5338)
(-5.0332, 2.2883, 4.6787)
(-2.0199, -2.1422, 3.0336)
(-1.7955, -2.2961, 3.2242)
(-1.8913, -2.1428, 3.5644)
(-2.1552, -1.9765, 3.4138)
(-2.4264, -1.7159, 3.2355)
(-2.2704, -1.7684, 3.7715)
(-2.5755, -1.5002, 3.6188)
(-2.8041, -1.1535, 3.4237)
(-2.7014, -1.2568, 3.9659)
(-2.9535, -0.928, 3.7828)
(-3.1198, -0.5442, 3.5731)
(-3.1019, -0.692, 4.1069)
(-3.3126, -0.336, 3.91)
(-3.4441, 0.0677, 3.6959)
(-3.517, -0.1278, 4.2153)
(-3.7031, 0.2562, 4.0155)
(-3.8238, 0.6769, 3.821)
(-3.9116, 0.4786, 4.3139)
(-4.0987, 0.8688, 4.1406)
(-4.2119, 1.2456, 3.9835)
(-4.2812, 1.0699, 4.4538)
(-4.4752, 1.4033, 4.3186)
(-4.5846, 1.7557, 4.1787)
(-4.6535, 1.5681, 4.6703)
(-2.0288, -2.0859, 2.4417)
(-1.7899, -2.3328, 2.6344)
(-2.2466, -1.9036, 2.8441)
(-2.4795, -1.5615, 2.6676)
(-2.6374, -1.3609, 3.0521)
(-2.8138, -0.9776, 2.8772)
(-2.9404, -0.7545, 3.2282)
(-3.0873, -0.3678, 3.0569)
(-3.2167, -0.1291, 3.3754)
(-3.3523, 0.2587, 3.2166)
(-3.5238, 0.491, 3.5166)
(-3.6486, 0.8739, 3.3965)
(-3.8875, 1.0864, 3.6898)
(-3.9822, 1.458, 3.5998)
(-4.2609, 1.6275, 3.8787)
(-4.3619, 1.9892, 3.7369)
(-1.1897, -2.5788, 1.2516)
(-1.055, -2.7507, 1.6186)
(-1.3731, -2.5361, 1.6276)
(-1.7121, -2.2961, 1.5724)
(-1.5156, -2.497, 2.0658)
(-1.8427, -2.2228, 2.0049)
(-2.2073, -1.9146, 1.8687)
(-2.3352, -1.7476, 2.2716)
(-2.6682, -1.4307, 2.1236)
(-2.7395, -1.2068, 2.5057)
(-3.0649, -0.917, 2.3753)
(-3.0694, -0.6481, 2.7332)
(-3.3846, -0.3568, 2.6033)
(-3.3479, -0.0448, 2.9226)
(-3.636, 0.2609, 2.7907)
(-3.6072, 0.5799, 3.0992)
(-3.8742, 0.8887, 2.9692)
(-3.8885, 1.1915, 3.2907)
(-4.0918, 1.5045, 3.1601)
(-4.1784, 1.7874, 3.4596)
(-4.2565, 2.1092, 3.3207)
(-1.3839, -2.3516, 0.7493)
(-1.5612, -2.3416, 1.1618)
(-1.9548, -2.1042, 1.041)
(-2.0955, -2.0442, 1.4578)
(-2.4991, -1.8049, 1.338)
(-2.5977, -1.6506, 1.7411)
(-2.946, -1.4049, 1.6434)
(-3.0299, -1.1778, 2.0096)
(-3.2693, -0.8929, 1.9252)
(-3.3729, -0.6379, 2.2518)
(-3.4902, -0.2943, 2.1589)
(-3.6085, -0.0256, 2.4523)
(-3.6463, 0.3501, 2.3505)
(-3.8038, 0.6138, 2.6316)
(-3.7883, 0.9964, 2.5406)
(-3.9708, 1.2403, 2.832)
(-3.8393, 1.5464, 2.8581)
(-4.0472, 1.8182, 3.1062)
(-3.8547, 2.026, 3.2775)
(-1.5808, -2.1101, 0.2142)
(-1.7746, -2.115, 0.6266)
(-2.1631, -1.878, 0.5043)
(-2.3478, -1.8668, 0.9192)
(-2.7092, -1.6026, 0.8101)
(-2.8344, -1.5421, 1.2364)
(-2.9791, -1.1917, 1.179)
(-3.0792, -1.0779, 1.5888)
(-3.0298, -0.6779, 1.5976)
(-3.2527, -0.5274, 1.9187)
(-3.1004, -0.129, 1.9875)
(-3.3837, 0.0848, 2.1869)
(-3.1793, 0.4801, 2.2725)
(-3.5078, 0.7352, 2.3787)
(-3.3, 1.098, 2.516)
(-3.6118, 1.3168, 2.6515)
(-3.4139, 1.4554, 2.966)
(-3.6372, 1.6848, 3.1448)
(-3.5346, 1.7255, 3.4932)
(-1.7682, -1.8656, -0.3198)
(-1.9679, -1.8715, 0.0933)
(-2.3511, -1.6199, -0.0236)
(-2.5404, -1.6205, 0.3911)
(-2.8633, -1.3021, 0.3039)
(-2.9612, -1.2638, 0.7377)
(-3.0443, -0.8419, 0.7126)
(-2.9891, -0.7676, 1.1702)
(-2.9462, -0.3263, 1.1746)
(-2.9495, -0.2526, 1.6246)
(-2.8299, 0.1773, 1.6359)
(-2.9288, 0.2883, 2.0377)
(-2.7333, 0.6933, 2.0841)
(-2.9564, 0.8743, 2.385)
(-2.7934, 1.2209, 2.5684)
(-3.141, 1.3529, 2.7476)
(-3.0306, 1.3879, 3.0728)
(-3.3057, 1.4548, 3.3174)
(-3.3812, 1.454, 3.5224)
(-1.9231, -1.5881, -0.8443)
(-2.1442, -1.6073, -0.4353)
(-2.4989, -1.3206, -0.5413)
(-2.7019, -1.3258, -0.1246)
(-2.939, -0.9482, -0.1846)
(-3.0393, -0.9026, 0.2584)
(-3.0215, -0.4559, 0.2506)
(-2.9897, -0.3927, 0.7116)
(-2.8651, 0.042, 0.7133)
(-2.8334, 0.1047, 1.1774)
(-2.703, 0.5176, 1.1748)
(-2.6867, 0.5835, 1.6361)
(-2.5713, 0.9315, 1.5832)
(-2.566, 1.0235, 2.0694)
(-2.0166, -1.2472, -1.3446)
(-2.2616, -1.2895, -0.9463)
(-2.5543, -0.9522, -1.0294)
(-2.7671, -0.967, -0.614)
(-2.9028, -0.5428, -0.6412)
(-2.9964, -0.5062, -0.1988)
(-2.9253, -0.0594, -0.1971)
(-2.8966, -0.0139, 0.2543)
(-2.7792, 0.4068, 0.2504)
(-2.7375, 0.4569, 0.7098)
(-2.6405, 0.8582, 0.6971)
(-2.5967, 0.8986, 1.1454)
(-2.5162, 1.2409, 1.0741)
(-2.4842, 1.2394, 1.4833)
(-2.0778, -0.8803, -1.8332)
(-2.3226, -0.9224, -1.436)
(-2.5829, -0.5585, -1.5032)
(-2.7674, -0.563, -1.0794)
(-2.8878, -0.1317, -1.097)
(-2.9333, -0.0966, -0.6461)
(-2.9075, 0.3406, -0.6489)
(-2.8375, 0.3698, -0.2014)
(-2.7883, 0.7879, -0.2083)
(-2.7037, 0.8168, 0.2405)
(-2.6504, 1.2199, 0.2266)
(-2.5686, 1.2373, 0.6606)
(-2.485, 1.5827, 0.5828)
(-2.4295, 1.5637, 0.9742)
(-2.1121, -0.4916, -2.3071)
(-2.3593, -0.534, -1.9121)
(-2.594, -0.1505, -1.9648)
(-2.7733, -0.1526, -1.5394)
(-2.8885, 0.284, -1.5482)
(-2.9375, 0.3124, -1.0977)
(-2.9551, 0.7503, -1.0927)
(-2.8865, 0.7681, -0.6491)
(-2.88, 1.192, -0.6482)
(-2.7624, 1.2016, -0.2135)
(-2.6985, 1.6067, -0.2296)
(-2.5759, 1.5998, 0.1859)
(-2.4473, 1.9389, 0.0938)
(-2.3626, 1.9012, 0.4698)
(-2.1224, -0.0856, -2.767)
(-2.3728, -0.1286, -2.3746)
(-2.5883, 0.2662, -2.4171)
(-2.7668, 0.2663, -1.9899)
(-2.8755, 0.7066, -1.9921)
(-2.9503, 0.7301, -1.5424)
(-2.9743, 1.1741, -1.5306)
(-2.9585, 1.1845, -1.086)
(-2.9092, 1.6152, -1.0816)
(-2.8278, 1.6112, -0.6545)
(-2.6461, 1.9886, -0.6769)
(-2.5511, 1.9754, -0.2848)
(-2.3281, 2.28, -0.3966)
(-2.2627, 2.2434, -0.0412)
(-2.1159, 0.3281, -3.2188)
(-2.3698, 0.2852, -2.8285)
(-2.5767, 0.6818, -2.8678)
(-2.7487, 0.6878, -2.4355)
(-2.8587, 1.1228, -2.4369)
(-2.9311, 1.1547, -1.981)
(-2.923, 1.5801, -1.9687)
(-2.9337, 1.6107, -1.5166)
(-2.7462, 1.9755, -1.5118)
(-2.7115, 1.9978, -1.0835)
(-2.3683, 2.2489, -1.1038)
(-2.3337, 2.27, -0.7369)
(-2.1153, 2.5411, -0.8935)
(-2.1347, 2.5703, -0.5754)
(-2.0988, 0.7386, -3.6713)
(-2.3597, 0.6961, -3.2827)
(-2.5521, 1.087, -3.3189)
(-2.7409, 1.0947, -2.8874)
(-2.8317, 1.5064, -2.8746)
(-2.9141, 1.5373, -2.4315)
(-2.8161, 1.9006, -2.4054)
(-2.7647, 1.9168, -1.964)
(-2.487, 2.1609, -1.9456)
(-2.4236, 2.194, -1.5189)
(-2.1905, 2.4304, -1.5358)
(-2.1359, 2.4814, -1.1951)
(-2.0882, 2.877, -1.4032)
(-2.0704, 2.9171, -1.197)
(-2.0443, 1.1504, -4.1062)
(-2.3209, 1.1018, -3.7305)
(-2.3968, 1.4829, -3.6975)
(-2.6314, 1.4901, -3.2953)
(-2.5326, 1.8307, -3.1627)
(-2.7606, 1.8891, -2.799)
(-2.5891, 2.2228, -2.6661)
(-2.6253, 2.2392, -2.3399)
(-2.4253, 2.5207, -2.2453)
(-2.2687, 2.4371, -1.903)
(-2.2323, 2.8351, -1.8497)
(-2.1319, 2.863, -1.5891)
(-2.1795, 3.3304, -1.5985)
(-2.066, 3.4015, -1.5618)
(-1.8674, 1.5813, -4.437)
(-2.1413, 1.5139, -4.0732)
(-2.0014, 1.8167, -3.8839)
(-2.2593, 1.7878, -3.5196)
(-2.0341, 1.9781, -3.2621)
(-2.3198, 2.0542, -2.9414)
(-2.1512, 2.3136, -2.7723)
(-2.3926, 2.484, -2.5232)
(-2.2958, 2.7985, -2.4232)
(-2.3536, 2.8205, -2.1442)
(-2.4959, 3.1733, -1.9905)
(-2.3982, 3.2046, -1.7259)
(-2.5707, 3.4433, -1.5429)
(-2.3299, 3.5719, -1.4319)
(-1.5929, 2.0182, -4.6409)
(-1.7704, 1.8911, -4.2572)
(-1.5516, 2.1491, -3.9934)
(-1.762, 2.0356, -3.6245)
(-1.7196, 2.3128, -3.4561)
(-1.9428, 2.2512, -3.0986)
(-2.0213, 2.6908, -3.06)
(-2.1202, 2.7386, -2.7071)
(-2.2089, 3.2071, -2.6522)
(-2.3523, 3.2122, -2.3149)
(-2.4713, 3.6041, -2.198)
(-2.613, 3.5102, -1.8356)
(-2.6088, 3.8704, -1.7632)
(-2.5937, 3.7203, -1.4209)
(-1.3974, 2.5201, -4.787)
(-1.4475, 2.3253, -4.3928)
(-1.3706, 2.6317, -4.1373)
(-1.5003, 2.453, -3.7845)
(-1.7068, 2.7713, -3.7171)
(-1.9172, 2.6842, -3.4251)
(-2.1708, 3.0666, -3.4218)
(-2.2036, 3.1391, -3.0397)
(-2.3943, 3.5432, -2.9981)
(-2.3781, 3.6186, -2.591)
(-2.5176, 4.0054, -2.5227)
(-2.5655, 3.982, -2.1295)
(-2.5345, 4.338, -2.0793)
(-2.5323, 4.2411, -1.7279)
(-1.2849, 2.9421, -4.8907)
(-1.3054, 2.789, -4.5167)
(-1.3111, 3.0443, -4.254)
(-1.4725, 2.9095, -3.9573)
(-1.7315, 3.1336, -3.9352)
(-1.9987, 3.0544, -3.7358)
(-2.229, 3.365, -3.7246)
(-2.3594, 3.4436, -3.3757)
(-2.4644, 3.8329, -3.2984)
(-2.4967, 3.9365, -2.9207)
(-2.5049, 4.3088, -2.808)
(-2.5235, 4.3591, -2.4311)
(-2.4723, 4.645, -2.3536)
(-2.4683, 4.6262, -2.0301)
(-1.71, -2.2564, 3.6618)
(-1.7409, -2.0785, 3.9233)
(-1.9554, -1.9549, 3.863)
(-2.0403, -1.7298, 4.1508)
(-2.3916, -1.5232, 4.086)
(-2.5167, -1.2622, 4.3656)
(-2.8275, -0.9966, 4.2568)
(-2.9662, -0.7394, 4.5076)
(-3.259, -0.451, 4.3756)
(-3.4101, -0.2088, 4.6146)
(-3.681, 0.1084, 4.4708)
(-3.7575, 0.3772, 4.6585)
(-4.0169, 0.73, 4.5474)
(-4.0693, 0.9679, 4.7635)
(-4.3863, 1.2729, 4.7379)
(-4.4583, 1.4773, 5.0308)
(-4.4464, 1.7657, 5.2874)
(-4.4054, 2.0928, 5.4676)
(-4.6202, 2.1069, 5.5022)
(-4.6744, 1.8503, 5.334)
(-3.6301, 1.7152, 3.6889)
(-3.7451, 1.7693, 3.6784)
(-3.9023, 2.0376, 3.6805)
(-3.8001, 2.0204, 3.7517)
(-3.621, 2.0348, 3.8632)
(-3.9057, 2.4492, 3.8377)
(-3.7247, 2.456, 4.0289)
(-3.5446, 2.4062, 4.2699)
(-3.7525, 2.8646, 4.2358)
(-3.635, 2.756, 4.5447)
(-3.5325, 2.5895, 4.84)
(-3.7314, 3.0206, 4.811)
(-3.7143, 2.7959, 5.1177)
(-3.7281, 2.4867, 5.314)
(-3.9839, 2.8675, 5.3302)
(-4.0395, 2.518, 5.4682)
(-4.1031, 2.0879, 5.4362)
(-4.3463, 2.4803, 5.5429)
(-0.8596, -1.8775, 4.1124)
(-0.7918, -1.5793, 4.1692)
(-1.2359, -1.5673, 4.2768)
(-1.2618, -1.8623, 4.1636)
(-1.2335, -1.1886, 4.3729)
(-1.7001, -1.1444, 4.4937)
(-1.6788, -1.5221, 4.3447)
(-1.7102, -0.7147, 4.5745)
(-2.1615, -0.6467, 4.6621)
(-2.1502, -1.0592, 4.5462)
(-2.1656, -0.2041, 4.7184)
(-2.6103, -0.133, 4.7846)
(-2.5989, -0.5418, 4.6699)
(-2.6091, 0.2984, 4.8707)
(-3.0594, 0.3568, 4.9327)
(-3.0523, -0.0497, 4.8006)
(-3.0384, 0.8401, 5.0163)
(-3.4468, 0.9368, 5.0228)
(-3.4613, 0.4766, 4.876)
(-3.4371, 1.4477, 5.1604)
(-3.7921, 1.5376, 5.2136)
(-3.7969, 1.0672, 4.9738)
(-3.7719, 2.0492, 5.3508)
(-4.1297, 1.6354, 5.2418)
(-0.3056, -1.6428, 4.0037)
(-0.3252, -1.2597, 3.9794)
(-0.7806, -1.2177, 4.1949)
(-0.8511, -0.7937, 4.1802)
(-1.2701, -0.7602, 4.408)
(-1.3472, -0.3238, 4.3435)
(-1.7424, -0.2672, 4.5617)
(-1.8122, 0.1688, 4.4595)
(-2.1869, 0.2407, 4.7033)
(-2.2115, 0.6746, 4.6429)
(-2.6007, 0.7552, 4.8894)
(-2.6467, 1.2045, 4.8063)
(-3.0528, 1.3304, 5.0181)
(-3.118, 1.7638, 4.8984)
(-3.4487, 1.9352, 5.1613)
(-3.4607, 2.3296, 5.0464)
(1.0753, -1.3536, 3.2796)
(0.7059, -1.4602, 3.4793)
(0.9395, -1.7425, 3.3861)
(0.4848, -1.118, 3.4879)
(0.1098, -1.2303, 3.7318)
(0.3163, -1.6045, 3.7207)
(-0.0784, -0.7785, 3.6634)
(-0.4508, -0.8034, 3.9257)
(-0.6372, -0.3889, 3.8029)
(-0.9856, -0.3752, 4.0806)
(-1.1769, -0.0059, 3.8935)
(-1.4722, 0.0857, 4.1866)
(-1.6276, 0.4531, 3.9805)
(-1.9055, 0.5745, 4.3098)
(-1.996, 0.9338, 4.151)
(-2.276, 1.0804, 4.5194)
(-2.4478, 1.3899, 4.2927)
(-2.7793, 1.5801, 4.6056)
(-2.9308, 1.8193, 4.3716)
(-3.2017, 2.0756, 4.711)
(-3.3501, 2.2771, 4.505)
(1.2285, -0.8202, 3.106)
(0.8505, -0.9873, 3.2812)
(0.6012, -0.6182, 3.166)
(0.2577, -0.7222, 3.3939)
(0.022, -0.3217, 3.2467)
(-0.2957, -0.3566, 3.5327)
(-0.5638, -0.0258, 3.3306)
(-0.8885, -0.0558, 3.6013)
(-1.1873, 0.1938, 3.3496)
(-1.4095, 0.2994, 3.6618)
(-1.5785, 0.6082, 3.4283)
(-1.7474, 0.7859, 3.7792)
(-1.9337, 1.0052, 3.5775)
(-2.1692, 1.1689, 3.9481)
(-2.4447, 1.3062, 3.6928)
(-2.6729, 1.5634, 4.0342)
(-2.9172, 1.6815, 3.8429)
(-3.1232, 1.9621, 4.1729)
(-3.3783, 2.0439, 4.0066)
(1.3361, -0.2635, 2.8611)
(0.9712, -0.4585, 3.0042)
(0.6948, -0.1528, 2.7946)
(0.3436, -0.2763, 2.9758)
(0.0932, 0.0575, 2.7721)
(-0.2306, 0.0282, 3.0603)
(-0.5246, 0.2838, 2.8109)
(-0.8728, 0.2074, 3.0683)
(-1.1885, 0.3862, 2.7819)
(-1.4483, 0.4286, 3.0852)
(-1.6416, 0.7222, 2.838)
(-1.752, 0.8917, 3.2061)
(-2.0798, 1.0177, 2.9796)
(-2.2652, 1.1091, 3.3455)
(-2.6029, 1.2655, 3.1165)
(-2.741, 1.4649, 3.4782)
(-3.0182, 1.5465, 3.4119)
(-3.2004, 1.738, 3.7526)
(-3.4474, 1.7033, 3.7085)
(1.3956, 0.285, 2.5817)
(1.0523, 0.0551, 2.6925)
(0.7675, 0.3155, 2.4327)
(0.4288, 0.1225, 2.5344)
(0.1573, 0.4081, 2.2914)
(-0.1796, 0.3532, 2.5467)
(-0.4882, 0.5647, 2.2719)
(-0.8436, 0.4661, 2.5221)
(-1.1597, 0.6127, 2.2211)
(-1.4623, 0.5882, 2.5014)
(-1.7075, 0.846, 2.2509)
(-1.8925, 0.9632, 2.6066)
(-2.2446, 1.0351, 2.3675)
(-2.4647, 1.0796, 2.7507)
(-2.7862, 1.2474, 2.5807)
(-2.8726, 1.4315, 2.9979)
(-2.9987, 1.3842, 3.0631)
(-3.1907, 1.4739, 3.466)
(-3.3417, 1.4507, 3.5453)
(1.433, 0.8284, 2.2892)
(1.0993, 0.5859, 2.3973)
(0.7976, 0.8468, 2.1508)
(0.4835, 0.5671, 2.1597)
(0.1805, 0.8112, 1.8962)
(-0.1437, 0.6456, 2.0292)
(-0.46, 0.8377, 1.7464)
(-0.8087, 0.7195, 1.9721)
(-1.1179, 0.8738, 1.6811)
(-1.4511, 0.7884, 1.9382)
(-1.7343, 1.0018, 1.6917)
(-1.9927, 1.034, 2.0138)
(-2.2657, 1.1224, 1.7576)
(-2.556, 1.0335, 2.0975)
(1.4615, 1.3417, 1.953)
(1.123, 1.1231, 2.1065)
(0.801, 1.386, 1.8786)
(0.4854, 1.0945, 1.8945)
(0.168, 1.3381, 1.6375)
(-0.1327, 1.0416, 1.6309)
(-0.4428, 1.2744, 1.3778)
(-0.7687, 1.036, 1.4765)
(-1.0653, 1.2431, 1.226)
(-1.4111, 1.066, 1.4215)
(-1.6964, 1.2772, 1.1852)
(-2.0069, 1.1832, 1.4511)
(-2.2319, 1.3626, 1.2155)
(-2.4775, 1.2508, 1.505)
(1.4906, 1.8267, 1.5839)
(1.1434, 1.6289, 1.768)
(0.8204, 1.8758, 1.5272)
(0.4788, 1.6312, 1.6279)
(0.1588, 1.8661, 1.3682)
(-0.1485, 1.5799, 1.3876)
(-0.455, 1.8163, 1.1427)
(-0.7441, 1.5054, 1.1393)
(-1.0366, 1.7415, 0.916)
(-1.3549, 1.4673, 0.9999)
(-1.638, 1.692, 0.7766)
(-1.9539, 1.4881, 0.9569)
(-2.1661, 1.7091, 0.7354)
(-2.4215, 1.5737, 0.9917)
(1.517, 2.2728, 1.1856)
(1.1744, 2.0797, 1.3651)
(0.8588, 2.2612, 1.0715)
(0.5021, 2.0888, 1.2486)
(0.1908, 2.2782, 0.9504)
(-0.1515, 2.0909, 1.1006)
(-0.45, 2.3124, 0.8364)
(-0.7504, 2.052, 0.9035)
(-1.0418, 2.2853, 0.6606)
(-1.3265, 1.9743, 0.6911)
(-1.6156, 2.197, 0.4536)
(-1.8971, 1.9147, 0.5529)
(-2.1057, 2.1128, 0.298)
(-2.3499, 1.9089, 0.4855)
(1.4864, 2.6767, 0.782)
(1.2057, 2.4299, 0.8925)
(0.8845, 2.5457, 0.5715)
(0.5486, 2.3961, 0.7448)
(0.2404, 2.5379, 0.4165)
(-0.1125, 2.4609, 0.6502)
(-0.4058, 2.6214, 0.3691)
(-0.7409, 2.5306, 0.5761)
(-1.0217, 2.6746, 0.2821)
(-1.3337, 2.4956, 0.3894)
(-1.5911, 2.6085, 0.0771)
(-1.8677, 2.38, 0.1813)
(-2.0203, 2.4709, -0.1608)
(-2.2475, 2.2461, -0.025)
(1.3353, 3.1615, 0.5097)
(1.135, 2.8233, 0.5297)
(0.7968, 2.9804, 0.2537)
(0.5681, 2.685, 0.2505)
(0.247, 2.8228, -0.0663)
(-0.0647, 2.6551, 0.1028)
(-0.3757, 2.7151, -0.1385)
(-0.6861, 2.6721, 0.0921)
(-0.9431, 2.7132, -0.2042)
(-1.2576, 2.6939, -0.0673)
(-1.4573, 2.6938, -0.4338)
(-1.7533, 2.5962, -0.3011)
(-1.8853, 2.6539, -0.6992)
(-2.1161, 2.5445, -0.5571)
(1.171, 3.5885, 0.2065)
(0.9641, 3.3366, 0.3207)
(0.6196, 3.4747, 0.0523)
(0.4755, 3.1396, -0.0508)
(0.0822, 3.3068, -0.2846)
(-0.1156, 2.9657, -0.289)
(-0.4933, 3.1232, -0.39)
(-0.6864, 2.8407, -0.3095)
(-0.9943, 3.094, -0.4762)
(-1.2026, 2.8857, -0.487)
(-1.488, 3.0955, -0.7764)
(-1.6836, 2.8156, -0.7853)
(-1.8846, 3.0216, -1.1462)
(-2.0319, 2.8318, -1.1151)
(1.0731, 3.7825, -0.2487)
(0.7971, 3.6809, -0.0064)
(0.4271, 3.8433, -0.1715)
(0.2266, 3.615, -0.1804)
(-0.1868, 3.8011, -0.3259)
(-0.3543, 3.4702, -0.4185)
(-0.7497, 3.6263, -0.3962)
(-0.8634, 3.3152, -0.4149)
(-1.1939, 3.5587, -0.5237)
(-1.2926, 3.3647, -0.7037)
(-1.6309, 3.5215, -0.9207)
(-1.7527, 3.2775, -1.0719)
(-1.9999, 3.4371, -1.2924)
(-2.0257, 3.253, -1.47)
(1.0752, 4.2311, -0.5513)
(0.7434, 4.0378, -0.3201)
(0.4396, 4.3032, -0.3612)
(0.09, 4.0904, -0.2416)
(-0.2023, 4.2186, -0.3452)
(-0.5308, 3.9717, -0.3675)
(-0.8394, 4.0359, -0.4168)
(-1.093, 3.7904, -0.3856)
(-1.4376, 3.8597, -0.5315)
(-1.569, 3.7041, -0.6654)
(-1.9888, 3.7314, -0.8128)
(-2.0371, 3.5718, -1.0411)
(-2.3873, 3.6106, -1.1681)
(-2.3181, 3.4859, -1.4014)
(1.0223, 4.6636, -0.9346)
(0.7563, 4.4887, -0.6193)
(0.4332, 4.5422, -0.7811)
(0.1546, 4.3513, -0.5135)
(-0.1504, 4.2629, -0.7165)
(-0.4841, 4.1474, -0.5401)
(-0.7927, 4.0838, -0.7347)
(-1.1386, 3.9795, -0.6371)
(-1.4343, 3.9576, -0.8762)
(-1.7645, 3.8464, -0.7928)
(-2.0215, 3.998, -1.09)
(-2.2858, 3.8471, -1.0682)
(-2.4355, 4.0438, -1.3762)
(-2.5911, 3.7241, -1.3997)
(0.8603, 4.8951, -1.3231)
(0.6469, 4.7779, -1.0679)
(0.2807, 4.738, -1.1358)
(0.0771, 4.5042, -0.9328)
(-0.283, 4.5833, -0.8922)
(-0.5061, 4.3096, -0.7707)
(-0.8595, 4.4294, -0.7204)
(-1.1305, 4.1667, -0.7982)
(-1.3931, 4.3188, -0.9164)
(-1.6874, 4.1272, -1.0773)
(-1.8946, 4.4002, -1.3052)
(-2.1923, 4.26, -1.3781)
(-2.3272, 4.477, -1.646)
(-2.5278, 4.2447, -1.7074)
(0.6745, 4.7945, -1.4106)
(0.5235, 4.7981, -1.2592)
(0.2614, 4.7428, -1.0383)
(-0.031, 4.7572, -1.0028)
(-0.3375, 4.9029, -0.8345)
(-0.6055, 4.6985, -0.7882)
(-0.8487, 4.6667, -0.861)
(-1.1094, 4.4593, -0.8234)
(-1.2915, 4.5567, -1.0579)
(-1.6015, 4.5237, -1.1468)
(-1.8764, 4.768, -1.2953)
(-2.1267, 4.6383, -1.4785)
(-2.3492, 4.8322, -1.565)
(-2.486, 4.6676, -1.8004)
(-1.2737, -2.0463, 4.0732)
(-1.6353, -1.819, 4.1669)
(-1.6031, -2.0049, 4.0381)
(-2.1008, -1.4178, 4.3763)
(-2.0198, -1.7322, 4.1641)
(-2.5602, -0.9216, 4.5455)
(-2.4973, -1.2716, 4.3806)
(-3.005, -0.3992, 4.6525)
(-2.9463, -0.7526, 4.5234)
(-3.4391, 0.108, 4.7614)
(-3.385, -0.2189, 4.6276)
(-3.7772, 0.6974, 4.7572)
(-3.7451, 0.3682, 4.6248)
(-4.1076, 1.26, 4.9667)
(-4.0585, 0.9557, 4.6921)
(-4.437, 1.4767, 5.0136)
(4.7376, -4.5052, -2.4619)
(4.105, -3.4073, -2.06)
(4.1918, -3.2127, -2.1172)
(4.1464, -3.0819, -2.4359)
(4.1627, -3.2842, -2.5771)
(4.286, -3.7188, -2.5581)
(4.3997, -4.2119, -2.56)
(1.4385, -3.8434, 1.3365)
(1.8864, -3.9282, 0.9785)
(2.3683, -4.0902, 0.5147)
(2.8077, -4.2834, 0.0182)
(3.2229, -4.4703, -0.487)
(3.5266, -4.3662, -0.9497)
(3.8032, -4.1827, -1.4422)
(4.1649, -4.1965, -2.0315)
(0.9685, -3.6808, 0.9958)
(1.4576, -3.8401, 0.5604)
(1.9446, -4.023, 0.0858)
(2.4025, -4.1911, -0.402)
(2.8437, -4.3351, -0.8995)
(3.2508, -4.2146, -1.2969)
(3.6192, -3.9077, -1.6247)
(4.0033, -3.7518, -2.0742)
(-0.5606, -2.9373, 1.1436)
(0.015, -3.2215, 0.9068)
(0.5558, -3.5136, 0.5665)
(1.0521, -3.7789, 0.1045)
(1.5437, -3.9585, -0.3626)
(2.0281, -4.0493, -0.8405)
(2.5106, -4.0916, -1.3188)
(3.021, -4.036, -1.7434)
(3.5398, -3.8328, -2.0015)
(3.9178, -3.5177, -2.2355)
(-0.7141, -2.7153, 0.714)
(-0.1789, -2.9877, 0.3999)
(0.2623, -3.3444, 0.0299)
(0.7074, -3.6505, -0.3789)
(1.2294, -3.7604, -0.7803)
(1.7682, -3.7482, -1.1733)
(2.3208, -3.6848, -1.5445)
(2.8584, -3.6017, -1.9331)
(3.4195, -3.5952, -2.1257)
(3.86, -3.393, -2.1992)
(-0.9058, -2.4623, 0.1844)
(-0.3695, -2.739, -0.1404)
(0.0572, -3.1116, -0.5032)
(0.5286, -3.3386, -0.8137)
(1.1326, -3.3135, -0.9993)
(1.7556, -3.2522, -1.1676)
(2.3296, -3.1448, -1.4454)
(2.8557, -3.0377, -1.8053)
(3.3901, -3.1312, -1.8787)
(3.8456, -3.2598, -1.8825)
(-1.099, -2.2305, -0.3528)
(-0.5473, -2.4968, -0.6715)
(-0.0535, -2.8127, -1.0164)
(0.4989, -2.9866, -1.2687)
(1.1483, -2.9165, -1.2881)
(1.8004, -2.7982, -1.231)
(2.4014, -2.6479, -1.3072)
(2.9503, -2.6455, -1.5148)
(3.498, -2.8348, -1.6369)
(3.8934, -3.1501, -1.7915)
(-1.2736, -1.9885, -0.8865)
(-0.699, -2.2387, -1.1977)
(-0.1344, -2.4907, -1.5224)
(0.4778, -2.6337, -1.7493)
(1.1162, -2.5372, -1.7113)
(1.7234, -2.3237, -1.515)
(2.2962, -2.1388, -1.3359)
(-1.3914, -1.67, -1.3872)
(-0.7951, -1.8914, -1.6731)
(-0.1921, -2.09, -1.9615)
(0.4437, -2.1594, -2.1145)
(1.0473, -2.0159, -1.9848)
(1.5963, -1.7876, -1.7193)
(2.0785, -1.6141, -1.502)
(-1.4664, -1.3064, -1.8699)
(-0.8525, -1.4956, -2.1232)
(-0.2187, -1.625, -2.3438)
(0.4232, -1.6401, -2.4267)
(0.9928, -1.493, -2.2586)
(1.4972, -1.2624, -1.9645)
(1.9535, -1.0814, -1.7404)
(-1.5219, -0.9383, -2.3514)
(-0.8942, -1.1006, -2.5719)
(-0.2332, -1.1511, -2.704)
(0.418, -1.1251, -2.7427)
(0.9845, -0.9994, -2.5982)
(1.4525, -0.7602, -2.2785)
(1.8615, -0.5508, -2.0118)
(-1.5467, -0.5432, -2.8133)
(-0.9056, -0.6689, -2.9853)
(-0.2345, -0.6455, -3.0213)
(0.4155, -0.5958, -3.0395)
(0.9931, -0.4988, -2.9422)
(1.4331, -0.2525, -2.61)
(1.7898, -0.0119, -2.3031)
(-1.5446, -0.1287, -3.2583)
(-0.8959, -0.2321, -3.3937)
(-0.2369, -0.1494, -3.3521)
(0.4025, -0.0646, -3.3396)
(1.0044, 0.0151, -3.2739)
(1.4148, 0.273, -2.9253)
(1.6932, 0.5491, -2.5653)
(-1.5225, 0.2974, -3.6905)
(-0.8693, 0.2206, -3.781)
(-0.2536, 0.3653, -3.639)
(0.3434, 0.4857, -3.4946)
(0.9629, 0.537, -3.3732)
(1.4186, 0.8045, -3.1323)
(1.7084, 1.1037, -2.8623)
(-1.4835, 0.7319, -4.1102)
(-0.8201, 0.6898, -4.1489)
(-0.2117, 0.8449, -3.9497)
(0.3672, 0.985, -3.6939)
(0.9814, 1.0526, -3.5034)
(1.5068, 1.3227, -3.3835)
(1.8726, 1.619, -3.2268)
(-1.4262, 1.1673, -4.5237)
(-0.7601, 1.1626, -4.5106)
(-0.1195, 1.3063, -4.3072)
(0.479, 1.4598, -4.0667)
(1.0982, 1.5591, -3.8648)
(1.7074, 1.6692, -3.7501)
(2.1496, 1.7857, -3.5869)
(-1.3422, 1.6228, -4.8998)
(-0.6862, 1.5947, -4.908)
(-0.0247, 1.6921, -4.7257)
(0.6065, 1.8075, -4.506)
(1.2474, 1.8957, -4.2868)
(1.8512, 1.9451, -4.0474)
(2.2915, 1.9842, -3.7719)
(-1.2396, 2.1303, -5.1805)
(-0.611, 2.0454, -5.275)
(0.0623, 2.0802, -5.1289)
(0.7207, 2.1512, -4.91)
(1.3575, 2.246, -4.6513)
(1.91, 2.3837, -4.2932)
(2.3292, 2.5067, -3.9281)
(-1.1552, 2.5966, -5.3602)
(-0.57, 2.497, -5.4965)
(0.0974, 2.534, -5.3384)
(0.7533, 2.6036, -5.1178)
(1.3885, 2.6966, -4.8512)
(1.9898, 2.8036, -4.527)
(2.4585, 2.8971, -4.2036)
(1.8183, -3.9203, 1.6123)
(2.2585, -4.003, 1.3308)
(2.7456, -4.1319, 0.8647)
(3.1842, -4.2544, 0.3436)
(3.5772, -4.3813, -0.2042)
(3.8756, -4.4077, -0.7921)
(4.1548, -4.391, -1.3835)
(4.5207, -4.4569, -1.9634)
(5.2915, -4.5931, -2.244)
(4.2559, -3.0775, -2.0827)
(4.6395, -2.9624, -2.1869)
(5.1714, -3.0202, -2.1707)
(5.6399, -3.3298, -2.091)
(5.8493, -3.8192, -2.0282)
(5.6503, -4.3115, -2.0988)
(2.5056, -3.4774, 2.2144)
(2.9454, -3.638, 1.8433)
(3.4331, -3.7765, 1.3486)
(3.8581, -3.8684, 0.7792)
(4.2456, -3.9489, 0.1803)
(4.6225, -4.0269, -0.4478)
(4.9741, -4.0976, -1.0445)
(5.3317, -4.2179, -1.6118)
(2.635, -2.9485, 2.3585)
(3.1711, -3.1067, 1.9416)
(3.6682, -3.2409, 1.426)
(4.0675, -3.3457, 0.8376)
(4.4336, -3.4495, 0.2275)
(4.8162, -3.5259, -0.3986)
(5.1619, -3.6148, -1.0041)
(5.5377, -3.7579, -1.5561)
(1.5732, -1.8077, 3.028)
(2.1043, -2.1057, 2.7033)
(2.6625, -2.3463, 2.3119)
(3.2193, -2.5121, 1.8414)
(3.6702, -2.6588, 1.3048)
(4.0128, -2.7783, 0.6995)
(4.3289, -2.8741, 0.0756)
(4.634, -2.9765, -0.5575)
(4.9422, -3.1289, -1.155)
(5.3338, -3.3153, -1.6728)
(1.6839, -1.3364, 2.9011)
(2.1639, -1.5699, 2.4936)
(2.685, -1.7609, 2.0808)
(3.1341, -1.9621, 1.6011)
(3.447, -2.1812, 1.043)
(3.7114, -2.3611, 0.442)
(4.002, -2.461, -0.168)
(4.2402, -2.61, -0.7703)
(4.5049, -2.8549, -1.3298)
(4.8837, -3.0753, -1.8569)
(1.7574, -0.7662, 2.6977)
(2.1356, -1.0204, 2.214)
(2.6071, -1.2299, 1.7729)
(2.9381, -1.4958, 1.2799)
(3.0805, -1.8391, 0.7258)
(3.2461, -2.1229, 0.1467)
(3.5056, -2.272, -0.4564)
(3.7346, -2.4487, -1.0418)
(4.0066, -2.7813, -1.4905)
(4.3884, -3.0679, -1.9247)
(1.7874, -0.2037, 2.4462)
(2.0519, -0.5027, 1.918)
(2.4313, -0.764, 1.4278)
(2.6688, -1.0886, 0.9215)
(2.7024, -1.5142, 0.3932)
(2.7851, -1.8887, -0.1562)
(2.983, -2.1647, -0.7433)
(3.2642, -2.4632, -1.2451)
(3.6808, -2.7718, -1.5366)
(4.0741, -3.088, -1.8362)
(1.8346, 0.3456, 2.1693)
(2.0, 0.0067, 1.6186)
(2.2102, -0.3292, 1.086)
(2.3704, -0.7017, 0.5673)
(2.4096, -1.1261, 0.0448)
(2.4565, -1.5337, -0.4818)
(2.541, -1.8842, -0.9934)
(1.9186, 0.869, 1.8626)
(2.0787, 0.5179, 1.3237)
(2.1527, 0.1364, 0.7642)
(2.2496, -0.2633, 0.2279)
(2.3288, -0.6671, -0.2902)
(2.3685, -1.0689, -0.7978)
(2.3346, -1.4042, -1.2278)
(1.997, 1.3703, 1.524)
(2.2211, 1.0193, 1.0104)
(2.2874, 0.63, 0.446)
(2.3553, 0.2309, -0.0929)
(2.416, -0.1657, -0.6004)
(2.4073, -0.5591, -1.094)
(2.2731, -0.8804, -1.4962)
(2.0329, 1.8723, 1.1782)
(2.2852, 1.5205, 0.6733)
(2.3733, 1.1248, 0.1159)
(2.4348, 0.7276, -0.4176)
(2.4725, 0.3381, -0.9185)
(2.4095, -0.0474, -1.3994)
(2.2049, -0.3534, -1.7743)
(1.9959, 2.3688, 0.8307)
(2.2223, 2.0124, 0.3222)
(2.2937, 1.6096, -0.2297)
(2.3738, 1.217, -0.7544)
(2.4504, 0.8361, -1.2423)
(2.3371, 0.4617, -1.6759)
(2.0972, 0.1767, -2.0311)
(1.8675, 2.8426, 0.4794)
(2.0409, 2.4687, -0.0327)
(2.0917, 2.0599, -0.5791)
(2.1258, 1.6218, -1.0404)
(2.1605, 1.1595, -1.4023)
(2.0758, 0.8611, -1.8013)
(1.9161, 0.7077, -2.2252)
(1.6722, 3.2767, 0.126)
(1.8046, 2.8794, -0.3926)
(1.8614, 2.4665, -0.9471)
(1.869, 1.9774, -1.3462)
(1.8748, 1.4202, -1.5836)
(1.9189, 1.2402, -1.9977)
(1.9054, 1.2873, -2.5108)
(1.636, 3.5578, -0.2477)
(1.9012, 3.2278, -0.6708)
(1.9959, 2.7868, -1.1981)
(2.0015, 2.2956, -1.6349)
(1.9734, 1.7838, -1.9723)
(2.0573, 1.7048, -2.4163)
(2.0997, 1.8172, -2.8937)
(1.6995, 3.855, -0.6312)
(2.1489, 3.5815, -0.9725)
(2.3579, 3.1208, -1.4218)
(2.3887, 2.6226, -1.8823)
(2.2693, 2.1778, -2.341)
(2.3242, 1.9688, -2.7932)
(2.397, 1.8977, -3.2157)
(1.6478, 4.2841, -1.0253)
(2.0889, 3.9477, -1.3959)
(2.2921, 3.4425, -1.733)
(2.4133, 2.9764, -2.1166)
(2.5219, 2.5802, -2.526)
(2.6192, 2.2158, -2.949)
(2.5851, 2.0421, -3.4013)
(1.4518, 4.6068, -1.4201)
(1.7586, 4.1302, -1.7114)
(2.0072, 3.6678, -1.9435)
(2.3575, 3.3428, -2.2173)
(2.6292, 2.9853, -2.549)
(2.6911, 2.6866, -3.0356)
(2.6139, 2.5786, -3.556)
(1.1291, 4.7045, -1.606)
(1.4584, 4.2201, -1.7586)
(1.9569, 3.9396, -1.9615)
(2.4104, 3.6487, -2.2086)
(2.6059, 3.2937, -2.6079)
(2.755, 3.0371, -3.1578)
(2.8305, 2.8913, -3.6649)
(2.251, -3.8035, 1.9981)
(2.6159, -3.9515, 1.6224)
(3.0939, -4.0871, 1.1394)
(3.5177, -4.1654, 0.5824)
(3.8882, -4.2225, -0.0175)
(4.215, -4.2955, -0.6612)
(4.5748, -4.3716, -1.2933)
(4.9622, -4.4855, -1.8563)
(-4.8647, 1.9213, 5.0336)
(-3.6994, 1.8838, 3.6585)
(-3.8257, 2.2162, 3.6706)
(-4.1463, 2.541, 3.5384)
(-4.5581, 2.5187, 3.6213)
(-4.8125, 2.3005, 4.0707)
(-4.934, 2.0904, 4.614)
(-1.9683, -2.1496, 3.3166)
(-2.3637, -1.7571, 3.5178)
(-2.7711, -1.2204, 3.7068)
(-3.131, -0.6316, 3.8503)
(-3.5045, -0.0429, 3.9632)
(-3.9025, 0.5662, 4.0732)
(-4.2891, 1.1459, 4.2215)
(-4.6555, 1.6498, 4.4294)
(-2.0258, -2.1257, 2.7384)
(-2.4524, -1.6461, 2.9504)
(-2.7973, -1.0618, 3.1447)
(-3.0779, -0.4425, 3.3045)
(-3.3631, 0.1826, 3.444)
(-3.7021, 0.7939, 3.5985)
(-4.0706, 1.3641, 3.7868)
(-4.4642, 1.8766, 3.9553)
(-1.1164, -2.67, 1.4478)
(-1.6103, -2.3928, 1.8208)
(-2.0953, -1.9987, 2.1484)
(-2.5488, -1.481, 2.3892)
(-2.9121, -0.931, 2.6224)
(-3.2136, -0.3518, 2.8322)
(-3.4767, 0.2676, 3.01)
(-3.7453, 0.8877, 3.1935)
(-4.033, 1.4923, 3.3848)
(-4.3224, 2.07, 3.5055)
(-1.2821, -2.4705, 1.0131)
(-1.8319, -2.2024, 1.3107)
(-2.3528, -1.8594, 1.6012)
(-2.8239, -1.4226, 1.8776)
(-3.2148, -0.9171, 2.1354)
(-3.5008, -0.3385, 2.3566)
(-3.7079, 0.2932, 2.5428)
(-3.8961, 0.932, 2.724)
(-4.0166, 1.533, 2.9639)
(-4.0789, 2.0991, 3.2452)
(-1.4837, -2.2307, 0.4816)
(-2.064, -1.9958, 0.7715)
(-2.6156, -1.7196, 1.0729)
(-2.979, -1.3253, 1.4113)
(-3.1701, -0.811, 1.7593)
(-3.3219, -0.2282, 2.0635)
(-3.4451, 0.4085, 2.286)
(-3.5685, 1.0503, 2.4899)
(-3.6271, 1.5111, 2.8827)
(-3.6688, 1.8867, 3.3873)
(-1.6764, -1.9894, -0.0532)
(-2.2591, -1.7527, 0.2396)
(-2.7922, -1.461, 0.5544)
(-3.0087, -1.0258, 0.9459)
(-2.9662, -0.5103, 1.399)
(-2.9364, 0.0119, 1.8401)
(-2.9303, 0.5788, 2.2152)
(-3.0419, 1.1526, 2.546)
(-3.2178, 1.4144, 3.0289)
(-3.445, 1.5848, 3.5274)
(-1.8524, -1.7339, -0.5845)
(-2.4349, -1.478, -0.2852)
(-2.9159, -1.1319, 0.0562)
(-3.0491, -0.6509, 0.48)
(-2.913, -0.1412, 0.9445)
(-2.7562, 0.3477, 1.41)
(-2.6268, 0.8078, 1.8525)
(-1.9762, -1.4237, -1.0968)
(-2.5349, -1.1429, -0.7885)
(-2.927, -0.7493, -0.4152)
(-2.972, -0.2583, 0.0262)
(-2.8154, 0.2236, 0.4819)
(-2.6636, 0.6867, 0.9361)
(-2.5383, 1.0795, 1.3244)
(-2.0503, -1.0661, -1.5903)
(-2.5701, -0.7571, -1.2676)
(-2.8902, -0.337, -0.8688)
(-2.9038, 0.1399, -0.423)
(-2.7695, 0.5946, 0.0193)
(-2.6369, 1.0358, 0.4601)
(-2.4992, 1.4095, 0.8276)
(-2.0983, -0.6886, -2.0722)
(-2.5909, -0.3561, -1.7354)
(-2.8886, 0.0752, -1.3236)
(-2.929, 0.5438, -0.8719)
(-2.8313, 0.9869, -0.4299)
(-2.6756, 1.4104, -0.0026)
(-2.4701, 1.7595, 0.3385)
(-2.1199, -0.2902, -2.5385)
(-2.5928, 0.0573, -2.1917)
(-2.8844, 0.4947, -1.7709)
(-2.9725, 0.9605, -1.3126)
(-2.9127, 1.4026, -0.866)
(-2.6999, 1.805, -0.4558)
(-2.4046, 2.1174, -0.1521)
(-2.1206, 0.121, -2.9933)
(-2.5822, 0.4751, -2.6418)
(-2.8634, 0.9179, -2.2129)
(-2.9568, 1.3873, -1.747)
(-2.8534, 1.8189, -1.2945)
(-2.5178, 2.1397, -0.89)
(-2.214, 2.4148, -0.6405)
(-2.1089, 0.5341, -3.4448)
(-2.5713, 0.8849, -3.0955)
(-2.8627, 1.3171, -2.6638)
(-2.8764, 1.74, -2.197)
(-2.6037, 2.0642, -1.7363)
(-2.2563, 2.3237, -1.3245)
(-2.0837, 2.6866, -1.1639)
(-2.0817, 0.9424, -3.896)
(-2.5011, 1.2894, -3.5273)
(-2.7216, 1.6898, -3.0469)
(-2.7328, 2.0842, -2.5653)
(-2.444, 2.3332, -2.1162)
(-2.1731, 2.6213, -1.7168)
(-2.1015, 3.125, -1.5451)
(-1.9738, 1.3657, -4.2885)
(-2.2248, 1.6582, -3.8114)
(-2.2851, 1.9056, -3.2184)
(-2.3665, 2.2647, -2.7152)
(-2.3734, 2.659, -2.3396)
(-2.375, 3.007, -1.9287)
(-2.3785, 3.392, -1.5665)
(-1.7309, 1.793, -4.5506)
(-1.7576, 1.9686, -3.9378)
(-1.8365, 2.1154, -3.3423)
(-2.0341, 2.473, -2.8925)
(-2.2226, 2.9942, -2.5217)
(-2.5034, 3.379, -2.076)
(-2.6286, 3.6235, -1.6227)
(-1.4812, 2.2698, -4.7196)
(-1.4305, 2.3837, -4.0639)
(-1.6908, 2.5441, -3.5872)
(-2.0879, 2.8921, -3.2438)
(-2.2897, 3.3881, -2.8206)
(-2.4858, 3.8171, -2.356)
(-2.5718, 4.1179, -1.9225)
(-1.3354, 2.7409, -4.8423)
(-1.3359, 2.8489, -4.1995)
(-1.722, 2.9638, -3.8313)
(-2.214, 3.221, -3.5796)
(-2.4478, 3.6896, -3.1554)
(-2.5215, 4.1653, -2.6717)
(-2.5026, 4.5077, -2.2201)
(-1.8157, -2.1167, 3.7602)
(-2.161, -1.7545, 3.9759)
(-2.613, -1.2662, 4.179)
(-3.042, -0.7237, 4.3202)
(-3.4772, -0.1779, 4.4268)
(-3.8529, 0.4196, 4.5033)
(-4.1969, 1.013, 4.6291)
(-4.5761, 1.5136, 4.8643)
(-4.5488, 1.9496, 5.4063)
(-3.783, 1.8728, 3.6983)
(-3.7759, 2.2319, 3.8587)
(-3.6697, 2.6352, 4.2644)
(-3.6436, 2.8139, 4.8416)
(-3.8557, 2.6927, 5.3358)
(-4.2308, 2.2986, 5.5012)
(-1.039, -1.7319, 4.1884)
(-1.4614, -1.3696, 4.384)
(-1.934, -0.9015, 4.5874)
(-2.3852, -0.3864, 4.722)
(-2.8388, 0.1072, 4.8624)
(-3.261, 0.6372, 4.9764)
(-3.6228, 1.2385, 5.104)
(-3.9549, 1.8284, 5.3334)
(-0.5434, -1.4295, 4.0959)
(-1.0247, -0.9948, 4.3039)
(-1.5094, -0.5169, 4.4922)
(-1.9697, -0.0134, 4.6273)
(-2.3921, 0.4935, 4.7976)
(-2.8253, 1.0355, 4.959)
(-3.2649, 1.6326, 5.0836)
(-3.5981, 2.2281, 5.2476)
(1.0047, -1.5619, 3.3379)
(0.4054, -1.3601, 3.6119)
(-0.1759, -1.0264, 3.8344)
(-0.7223, -0.5892, 4.0089)
(-1.2345, -0.1498, 4.138)
(-1.7002, 0.3274, 4.2364)
(-2.083, 0.8267, 4.4182)
(-2.5212, 1.3322, 4.5738)
(-3.0046, 1.8249, 4.6487)
(-3.3816, 2.3371, 4.7865)
(1.1534, -1.0996, 3.2028)
(0.5484, -0.8676, 3.3373)
(-0.0181, -0.5411, 3.4656)
(-0.5898, -0.2001, 3.5748)
(-1.1715, 0.1029, 3.6276)
(-1.5866, 0.5424, 3.7101)
(-1.9405, 0.9869, 3.8684)
(-2.422, 1.363, 3.9941)
(-2.9014, 1.7601, 4.0982)
(-3.3505, 2.1793, 4.2361)
(1.2896, -0.5402, 2.9905)
(0.6498, -0.3812, 2.9832)
(0.0577, -0.1243, 3.0138)
(-0.5436, 0.1337, 3.0744)
(-1.1937, 0.286, 3.0662)
(-1.6025, 0.6656, 3.1356)
(-1.9894, 1.0119, 3.2806)
(-2.5131, 1.276, 3.3983)
(-2.97, 1.6131, 3.6143)
(-3.4241, 1.8728, 3.8343)
(1.3702, 0.011, 2.7232)
(0.7353, 0.0756, 2.6065)
(0.1283, 0.232, 2.5275)
(-0.5057, 0.4291, 2.5437)
(-1.1762, 0.496, 2.5002)
(-1.678, 0.7824, 2.5421)
(-2.1715, 1.0264, 2.6756)
(-2.6923, 1.2563, 2.848)
(-3.0239, 1.4684, 3.2316)
(-3.4132, 1.5685, 3.6147)
(1.4161, 0.5589, 2.439)
(0.7879, 0.5751, 2.2838)
(0.1747, 0.5959, 2.0768)
(-0.4732, 0.6908, 1.9984)
(-1.1406, 0.735, 1.9456)
(-1.7282, 0.9146, 1.9667)
(-2.2685, 1.0648, 2.0582)
(1.4477, 1.0892, 2.1266)
(0.7997, 1.1195, 2.0201)
(0.1767, 1.0643, 1.7561)
(-0.4482, 1.0344, 1.5387)
(-1.0911, 1.0414, 1.4374)
(-1.7219, 1.1214, 1.4289)
(-2.2537, 1.2252, 1.4781)
(1.4756, 1.5876, 1.7717)
(0.8078, 1.6401, 1.7154)
(0.1597, 1.6105, 1.5154)
(-0.4473, 1.5419, 1.2557)
(-1.0461, 1.4798, 1.0551)
(-1.6656, 1.4691, 0.9672)
(-2.2003, 1.5258, 0.9684)
(1.5062, 2.0574, 1.3897)
(0.8375, 2.0864, 1.3126)
(0.1702, 2.0922, 1.1792)
(-0.4572, 2.0779, 1.008)
(-1.0373, 2.015, 0.7931)
(-1.6208, 1.9385, 0.6107)
(-2.1349, 1.9071, 0.514)
(1.5151, 2.4715, 0.9738)
(0.8804, 2.3998, 0.8115)
(0.2157, 2.4201, 0.6905)
(-0.4316, 2.5037, 0.6208)
(-1.041, 2.527, 0.4936)
(-1.6163, 2.4436, 0.2845)
(-2.0714, 2.313, 0.078)
(1.421, 2.9102, 0.6338)
(0.8549, 2.7413, 0.3874)
(0.2573, 2.66, 0.1515)
(-0.3809, 2.6587, 0.1)
(-0.9786, 2.6934, 0.0317)
(-1.5203, 2.6514, -0.1803)
(-1.9468, 2.5624, -0.4279)
(1.249, 3.4053, 0.3789)
(0.7184, 3.2396, 0.1515)
(0.1902, 3.0504, -0.2062)
(-0.4097, 2.8837, -0.3021)
(-0.9479, 2.8614, -0.3733)
(-1.4546, 2.8567, -0.629)
(-1.8712, 2.8121, -0.9469)
(1.1086, 3.6824, -0.0239)
(0.5077, 3.6573, -0.0637)
(-0.0649, 3.5536, -0.3241)
(-0.623, 3.3728, -0.4143)
(-1.0767, 3.3357, -0.5249)
(-1.5318, 3.3325, -0.8882)
(-1.9122, 3.252, -1.2634)
(1.0697, 3.981, -0.4103)
(0.4148, 4.0809, -0.2526)
(-0.2256, 4.0505, -0.3041)
(-0.8235, 3.874, -0.3702)
(-1.3337, 3.7438, -0.4936)
(-1.8159, 3.6404, -0.853)
(-2.1965, 3.5223, -1.2238)
(1.063, 4.4646, -0.7261)
(0.4564, 4.4426, -0.5481)
(-0.1599, 4.2472, -0.5139)
(-0.8123, 4.061, -0.5827)
(-1.4577, 3.8982, -0.7032)
(-2.0499, 3.8447, -0.9168)
(-2.4543, 3.8043, -1.2342)
(0.9502, 4.8179, -1.1534)
(0.3573, 4.6522, -1.0022)
(-0.2076, 4.3931, -0.8449)
(-0.8208, 4.2332, -0.7491)
(-1.4158, 4.1225, -0.9207)
(-1.9548, 4.193, -1.2287)
(-2.3765, 4.2703, -1.537)
(0.7674, 4.8735, -1.3963)
(0.2542, 4.7603, -1.129)
(-0.323, 4.7532, -0.8791)
(-0.8656, 4.5694, -0.7642)
(-1.3492, 4.4584, -0.9664)
(-1.873, 4.5904, -1.318)
(-2.3263, 4.6616, -1.6376)
(-1.4451, -1.947, 4.1093)
(-1.8611, -1.6362, 4.2658)
(-2.3338, -1.1765, 4.471)
(-2.7823, -0.6584, 4.5993)
(-3.2291, -0.1505, 4.7171)
(-3.6164, 0.3975, 4.7548)
(-3.9386, 0.9835, 4.8348)
(-4.2872, 1.5275, 5.1303)
