(-1.9874, -3.7192, -4.9127)
(-1.3186, -3.6923, -5.0305)
(-0.67, -3.502, -5.1732)
(-0.0404, -3.2475, -5.3161)
(0.5885, -2.9898, -5.4583)
(-1.9104, -3.6283, -4.4844)
(-1.2405, -3.6324, -4.6013)
(1.192, -2.777, -5.5917)
(-0.5854, -3.4685, -4.7421)
(1.604, -2.6724, -5.6096)
(0.0494, -3.2287, -4.885)
(0.6801, -2.9764, -5.0273)
(1.2845, -2.7631, -5.1623)
(1.7526, -2.6395, -5.3043)
(-1.8102, -3.5082, -3.929)
(-1.1396, -3.549, -4.0406)
(-0.4773, -3.4186, -4.1785)
(0.164, -3.1986, -4.3211)
(0.7977, -2.9543, -4.4634)
(1.4019, -2.741, -4.5982)
(1.87, -2.6062, -4.7018)
(-1.7032, -3.3778, -3.3424)
(-1.0336, -3.4554, -3.4474)
(-0.3655, -3.3588, -3.5818)
(0.2817, -3.1584, -3.7236)
(0.9178, -2.9222, -3.8659)
(1.522, -2.7124, -3.9998)
(1.9931, -2.5846, -4.1033)
(-1.5942, -3.2436, -2.7568)
(-0.9279, -3.357, -2.8548)
(-0.2561, -3.2929, -2.9852)
(0.3945, -3.1095, -3.1254)
(1.028, -2.8786, -3.2654)
(1.6262, -2.6693, -3.396)
(2.0999, -2.547, -3.4986)
(-1.483, -3.105, -2.1725)
(-0.822, -3.2545, -2.2628)
(-0.1492, -3.2219, -2.3884)
(0.498, -3.0538, -2.5238)
(1.1158, -2.8259, -2.6555)
(1.6965, -2.6065, -2.7793)
(2.154, -2.4568, -2.8784)
(-1.3688, -2.9611, -1.5897)
(-0.7157, -3.1477, -1.6715)
(-0.0459, -3.1473, -1.7905)
(0.5889, -2.9933, -1.9169)
(1.1857, -2.7652, -2.0383)
(1.7447, -2.5291, -2.1556)
(2.1791, -2.3447, -2.2523)
(-1.2509, -2.8109, -1.0091)
(-0.609, -3.0365, -1.0809)
(0.0545, -3.0705, -1.1919)
(0.6756, -2.9268, -1.3098)
(1.2544, -2.6951, -1.4235)
(1.7945, -2.4432, -1.5354)
(2.2046, -2.2268, -1.6281)
(-1.1283, -2.6531, -0.4312)
(-0.5008, -2.9204, -0.4915)
(0.1552, -2.9931, -0.5943)
(0.7685, -2.8536, -0.7086)
(1.3384, -2.616, -0.8197)
(1.8705, -2.3566, -0.928)
(2.2671, -2.1239, -1.0158)
(-1.001, -2.4897, 0.1442)
(-0.3897, -2.8012, 0.0967)
(0.2592, -2.9215, 0.002)
(0.8742, -2.782, -0.1154)
(1.4497, -2.5396, -0.2302)
(1.9903, -2.2832, -0.3389)
(2.3966, -2.0558, -0.4256)
(-0.8748, -2.3323, 0.7211)
(-0.2774, -2.6891, 0.6866)
(0.3674, -2.87, 0.599)
(1.0003, -2.7496, 0.4712)
(1.5963, -2.5037, 0.3462)
(2.1542, -2.2447, 0.2336)
(2.5752, -2.0232, 0.1479)
(-0.7539, -2.1824, 1.2998)
(-0.1658, -2.5715, 1.276)
(0.4817, -2.8071, 1.1915)
(1.1478, -2.7738, 1.0509)
(1.7735, -2.5381, 0.9106)
(2.3612, -2.2726, 0.7862)
(2.8044, -2.0276, 0.7056)
(-0.6124, -1.9908, 1.8612)
(-0.0315, -2.3853, 1.8419)
(0.6062, -2.6532, 1.7655)
(1.28, -2.7089, 1.6309)
(1.9358, -2.5462, 1.4769)
(2.5832, -2.3578, 1.3223)
(3.3044, -2.2043, 1.1332)
(-0.4532, -1.7672, 2.4089)
(0.1237, -2.1537, 2.3873)
(0.7414, -2.4518, 2.3235)
(1.3959, -2.571, 2.2053)
(3.898, -2.5723, 1.1942)
(2.0489, -2.4609, 2.0492)
(2.7112, -2.3899, 1.8888)
(4.3434, -2.9325, 1.5853)
(3.3398, -2.5181, 1.6943)
(4.7344, -3.2903, 2.0319)
(3.8835, -2.8594, 1.5161)
(-0.2834, -1.5297, 2.953)
(0.2932, -1.9041, 2.9269)
(0.8878, -2.255, 2.8801)
(5.0283, -3.4456, 2.0872)
(1.5147, -2.4886, 2.7855)
(4.4336, -3.167, 1.4845)
(2.1647, -2.5257, 2.6242)
(2.8216, -2.562, 2.4486)
(4.9278, -3.3716, 1.7212)
(3.4338, -2.7484, 2.2408)
(5.2988, -3.537, 1.9253)
(3.9429, -3.129, 2.0025)
(-0.1052, -1.2697, 3.46)
(0.4833, -1.5927, 3.4433)
(1.082, -1.9774, 3.393)
(4.4848, -3.4869, 1.8049)
(1.6757, -2.3456, 3.3324)
(2.293, -2.5865, 3.189)
(5.0269, -3.7474, 1.7044)
(2.9251, -2.7573, 3.0021)
(0.0446, -1.0494, 3.8557)
(5.4781, -3.8304, 1.6766)
(3.5356, -2.9577, 2.8001)
(4.055, -3.3209, 2.5654)
(1.3521, -1.6021, 3.7984)
(0.6919, -1.1122, 3.9398)
(4.6084, -3.6674, 2.3475)
(1.9303, -2.0285, 3.7561)
(2.5085, -2.4053, 3.6772)
(5.1594, -3.9564, 2.1595)
(3.0933, -2.7332, 3.5321)
(5.6004, -4.1282, 2.0315)
(3.6752, -3.0394, 3.3405)
(4.2387, -3.3621, 3.1199)
(1.2505, -0.8913, 4.1224)
(1.7137, -1.2076, 4.0647)
(4.8106, -3.6846, 2.9107)
(2.2634, -1.6054, 4.016)
(2.8312, -2.0086, 3.9587)
(5.3591, -3.9821, 2.7272)
(3.3995, -2.3966, 3.8656)
(5.7672, -4.2331, 2.5961)
(3.966, -2.7696, 3.7247)
(4.5299, -3.1297, 3.5516)
(1.6499, -0.5728, 4.3126)
(2.0671, -0.8074, 4.2417)
(5.0922, -3.4906, 3.3791)
(2.6025, -1.1731, 4.1654)
(3.1687, -1.5681, 4.0837)
(5.6222, -3.8381, 3.2342)
(3.7356, -1.9614, 3.9969)
(1.9584, -0.4052, 4.3345)
(6.0163, -4.1205, 3.1245)
(4.3008, -2.3496, 3.8855)
(2.3001, -0.4188, 4.2861)
(2.8576, -0.8271, 4.2002)
(4.8632, -2.7302, 3.7462)
(3.4226, -1.2208, 4.1257)
(5.4213, -3.1145, 3.6085)
(3.9902, -1.6155, 4.0489)
(4.5564, -2.0066, 3.9448)
(5.9363, -3.4959, 3.5145)
(5.1211, -2.3878, 3.8047)
(6.2931, -3.8108, 3.4645)
(5.6799, -2.7706, 3.6458)
(6.3715, -3.4856, 3.5249)
(6.237, -3.1707, 3.5079)
(1.653, 1.0445, -6.1425)
(2.0258, 0.4708, -6.0625)
(2.1804, -0.1963, -5.987)
(2.1769, -0.8858, -5.9157)
(2.0739, -1.5667, -5.8418)
(1.6538, 1.0929, -5.7082)
(1.9568, 0.4834, -5.6325)
(1.8866, -2.1871, -5.7653)
(2.146, -0.174, -5.5521)
(1.7422, -2.5683, -5.6436)
(2.204, -0.8554, -5.4791)
(2.1324, -1.5368, -5.4064)
(1.9574, -2.1609, -5.3326)
(1.7634, -2.6231, -5.3085)
(1.6611, 1.1563, -5.1416)
(1.8812, 0.513, -5.0672)
(2.0712, -0.1461, -4.985)
(2.1996, -0.8176, -4.9079)
(2.191, -1.499, -4.8358)
(2.05, -2.1288, -4.7644)
(1.8777, -2.5879, -4.7049)
(1.6536, 1.2103, -4.5411)
(1.784, 0.5434, -4.4714)
(1.9512, -0.1211, -4.3899)
(2.1328, -0.782, -4.3063)
(2.2113, -1.4575, -4.2301)
(2.1353, -2.0942, -4.1609)
(2.0006, -2.5664, -4.1079)
(1.6698, 1.2629, -3.9395)
(1.733, 0.5869, -3.8715)
(1.8416, -0.0892, -3.7936)
(2.0221, -0.7498, -3.709)
(2.1724, -1.4106, -3.6246)
(2.184, -2.0436, -3.5524)
(2.1087, -2.5298, -3.5055)
(1.728, 1.3195, -3.3407)
(1.7755, 0.6457, -3.2745)
(1.8184, -0.038, -3.1944)
(1.9335, -0.7039, -3.1094)
(2.0893, -1.3468, -3.0182)
(2.1818, -1.9597, -2.9367)
(2.1621, -2.4396, -2.8866)
(1.8187, 1.3709, -2.7485)
(1.9413, 0.7119, -2.7006)
(1.9516, 0.0312, -2.6136)
(1.9707, -0.6269, -2.5126)
(2.0457, -1.2604, -2.4122)
(2.1506, -1.8555, -2.3191)
(2.1873, -2.3278, -2.2605)
(1.8722, 1.3853, -2.1526)
(2.1366, 0.7676, -2.1367)
(2.2001, 0.1007, -2.0658)
(2.176, -0.54, -1.9491)
(2.1691, -1.1586, -1.826)
(2.1796, -1.7462, -1.7092)
(2.2112, -2.2094, -1.6381)
(1.8613, 1.3482, -1.5541)
(2.2561, 0.7971, -1.5538)
(2.4424, 0.1606, -1.5169)
(2.4553, -0.4724, -1.4141)
(2.3965, -1.0785, -1.2684)
(2.3187, -1.6528, -1.1217)
(2.2738, -2.1067, -1.0255)
(1.7992, 1.2672, -0.9606)
(2.2874, 0.7873, -0.9581)
(2.6113, 0.2086, -0.9453)
(2.7037, -0.4187, -0.8697)
(2.64, -1.0278, -0.7212)
(2.518, -1.5969, -0.5554)
(2.4056, -2.0389, -0.4319)
(1.7864, 1.2584, -0.3659)
(2.2881, 0.787, -0.3643)
(2.6956, 0.255, -0.3574)
(2.8807, -0.3623, -0.3043)
(2.8571, -0.9879, -0.1684)
(2.7253, -1.5664, 0.004)
(2.5867, -2.0076, 0.1431)
(1.8927, 1.3935, 0.2069)
(2.3684, 0.8989, 0.212)
(2.7314, 0.3228, 0.2305)
(3.0062, -0.2881, 0.2695)
(3.0574, -0.9299, 0.3861)
(2.9441, -1.5355, 0.555)
(2.8202, -2.0107, 0.7019)
(1.9817, 1.508, 0.7949)
(2.4486, 1.0014, 0.8002)
(2.8417, 0.4381, 0.807)
(3.1557, -0.1619, 0.8336)
(3.2521, -0.8144, 0.9305)
(3.2298, -1.464, 1.0521)
(3.3217, -2.191, 1.1322)
(2.0181, 1.5536, 1.3985)
(2.5146, 1.076, 1.3969)
(2.967, 0.5594, 1.3833)
(3.3315, -0.0062, 1.3844)
(3.9107, -2.557, 1.1996)
(3.4955, -0.6466, 1.4277)
(3.6163, -1.2979, 1.4393)
(4.3499, -2.9167, 1.5966)
(3.8098, -1.9128, 1.479)
(4.7371, -3.2754, 2.0479)
(4.2467, -2.3644, 1.372)
(1.9923, 1.5238, 2.0063)
(2.528, 1.0998, 2.0072)
(3.0375, 0.6363, 1.9779)
(5.0103, -3.4525, 2.1397)
(3.4836, 0.1276, 1.939)
(4.6867, -2.8255, 1.4555)
(3.7544, -0.4726, 1.9002)
(3.9254, -1.0939, 1.8739)
(5.0604, -3.2147, 1.7608)
(4.2104, -1.6758, 1.8482)
(5.3359, -3.4976, 2.0258)
(4.6599, -2.1328, 1.6766)
(1.9185, 1.4479, 2.5882)
(2.4697, 1.0745, 2.6322)
(3.0279, 0.6407, 2.5918)
(5.1327, -2.5903, 1.5579)
(3.5361, 0.1813, 2.529)
(3.864, -0.3764, 2.4354)
(5.5207, -3.0744, 1.6123)
(4.2215, -0.8859, 2.2803)
(1.8373, 1.3732, 3.0523)
(5.7657, -3.4651, 1.7569)
(4.6132, -1.4064, 2.1747)
(5.0582, -1.8959, 2.0601)
(2.9359, 0.5266, 3.1858)
(2.2702, 1.0007, 3.3328)
(5.5449, -2.3374, 1.9011)
(3.4999, 0.1143, 3.1017)
(3.9604, -0.359, 2.988)
(5.9601, -2.8242, 1.8465)
(4.3634, -0.8544, 2.8164)
(6.2414, -3.2295, 1.8662)
(4.8541, -1.2681, 2.6456)
(5.3569, -1.7025, 2.5036)
(2.3786, 0.6084, 3.7768)
(2.7961, 0.2477, 3.6836)
(5.8544, -2.1518, 2.37)
(3.3094, -0.1643, 3.5732)
(3.8587, -0.561, 3.5)
(6.3033, -2.6108, 2.2865)
(4.3592, -0.9949, 3.3658)
(6.6303, -2.9809, 2.2454)
(4.8521, -1.4222, 3.1831)
(5.3995, -1.8048, 3.0483)
(2.2537, 0.237, 4.1425)
(2.5837, -0.1067, 4.0592)
(5.9552, -2.1895, 2.9328)
(3.0773, -0.5133, 3.9569)
(3.6348, -0.9098, 3.8778)
(6.47, -2.5732, 2.8356)
(4.1796, -1.3175, 3.7724)
(2.1991, -0.0813, 4.2771)
(6.8567, -2.8752, 2.761)
(4.707, -1.7324, 3.6278)
(2.3141, -0.4045, 4.2809)
(2.8716, -0.8132, 4.1945)
(5.2788, -2.0949, 3.5132)
(3.4424, -1.2099, 4.124)
(5.8599, -2.4509, 3.408)
(4.0104, -1.6058, 4.0527)
(4.5757, -1.9987, 3.953)
(6.4025, -2.7955, 3.3155)
(5.1399, -2.3781, 3.8103)
(6.8095, -3.0432, 3.2432)
(5.6977, -2.759, 3.6489)
(6.5796, -3.1893, 3.4372)
(6.2489, -3.1544, 3.504)
(-2.6022, -3.4708, -4.875)
(-3.0101, -2.9481, -4.9136)
(-3.1683, -2.2978, -5.0319)
(-3.1646, -1.6217, -5.1745)
(-3.0959, -0.946, -5.3171)
(-3.0268, -0.2699, -5.4591)
(-2.5218, -3.3636, -4.4381)
(-2.9449, -2.849, -4.4852)
(-3.1335, -2.2063, -4.6026)
(-2.9968, 0.3692, -5.5923)
(-3.1569, -1.5313, -4.7434)
(-3.0163, 0.7939, -5.6098)
(-3.1034, -0.8548, -4.8861)
(-3.0393, -0.1784, -5.0281)
(-3.0078, 0.4617, -5.1629)
(-3.0249, 0.9457, -5.3045)
(-2.4191, -3.2266, -3.8841)
(-2.8582, -2.7195, -3.9297)
(-3.0826, -2.0864, -4.0417)
(-3.1402, -1.4137, -4.1797)
(-3.1071, -0.7365, -4.322)
(-3.0509, -0.0596, -4.4642)
(-3.0185, 0.5803, -4.5986)
(-3.0241, 1.0674, -4.702)
(-2.3092, -3.08, -3.3015)
(-2.7636, -2.5805, -3.343)
(-3.0233, -1.9588, -3.4484)
(-3.1152, -1.29, -3.5829)
(-3.1023, -0.6125, -3.7246)
(-3.0537, 0.0644, -3.8666)
(-3.0238, 0.7033, -4.0001)
(-3.0361, 1.1915, -4.1034)
(-2.1966, -2.9297, -2.7199)
(-2.6658, -2.4387, -2.7572)
(-2.9595, -1.8301, -2.8556)
(-3.0836, -1.1668, -2.9862)
(-3.0877, -0.4909, -3.1263)
(-3.0428, 0.1819, -3.2661)
(-3.0107, 0.8149, -3.3963)
(-3.0283, 1.304, -3.4986)
(-2.0807, -2.775, -2.1398)
(-2.5644, -2.2933, -2.1727)
(-2.8916, -1.7001, -2.2634)
(-3.0465, -1.0446, -2.3892)
(-3.0641, -0.3762, -2.5246)
(-3.0171, 0.2807, -2.6561)
(-2.9694, 0.8996, -2.7797)
(-2.9551, 1.3807, -2.8785)
(-1.9609, -2.6151, -1.5616)
(-2.4587, -2.1436, -1.5898)
(-2.8197, -1.5684, -1.6719)
(-3.005, -0.9248, -1.7912)
(-3.0325, -0.2723, -1.9176)
(-2.9789, 0.3644, -2.0389)
(-2.9083, 0.9671, -2.156)
(-2.8531, 1.4358, -2.2524)
(-1.8361, -2.4487, -0.986)
(-2.3478, -1.9884, -1.0091)
(-2.7435, -1.435, -1.0812)
(-2.9603, -0.8072, -1.1925)
(-2.994, -0.1706, -1.3104)
(-2.9315, 0.4496, -1.4241)
(-2.8397, 1.0384, -1.5359)
(-2.746, 1.4926, -1.6285)
(-1.7058, -2.2748, -0.4136)
(-2.2307, -1.8263, -0.4312)
(-2.6627, -1.2986, -0.4917)
(-2.9151, -0.689, -0.5946)
(-2.9508, -0.0612, -0.7091)
(-2.88, 0.5522, -0.8202)
(-2.7785, 1.1353, -0.9286)
(-2.6649, 1.5809, -1.0162)
(-1.5718, -2.0961, 0.1566)
(-2.1094, -1.6582, 0.1442)
(-2.5794, -1.1583, 0.0966)
(-2.8761, -0.5691, 0.0017)
(-2.9128, 0.0603, -0.1157)
(-2.8394, 0.6804, -0.2307)
(-2.7433, 1.2709, -0.3395)
(-2.6376, 1.7245, -0.426)
(-1.4424, -1.9234, 0.7285)
(-1.9935, -1.4927, 0.721)
(-2.503, -1.0189, 0.6865)
(-2.8573, -0.4508, 0.5987)
(-2.9184, 0.1905, 0.4708)
(-2.8483, 0.8314, 0.3457)
(-2.755, 1.4394, 0.2328)
(-2.66, 1.9057, 0.1472)
(-1.3195, -1.7597, 1.3025)
(-1.8834, -1.3345, 1.2997)
(-2.4215, -0.8789, 1.2759)
(-2.829, -0.3233, 1.1913)
(-2.9837, 0.3254, 1.0504)
(-2.9327, 0.9921, 0.9098)
(-2.8425, 1.6306, 0.7849)
(-2.7316, 2.1248, 0.7041)
(-1.1755, -1.5677, 1.8623)
(-1.739, -1.1451, 1.8611)
(-2.2801, -0.6975, 1.8417)
(-2.7157, -0.1601, 1.7652)
(-2.9581, 0.4713, 1.6304)
(-2.9869, 1.1464, 1.4757)
(-2.9879, 1.8204, 1.32)
(-3.0446, 2.5549, 1.1296)
(-1.0118, -1.3495, 2.4103)
(-1.5688, -0.9297, 2.4088)
(-2.1009, -0.4836, 2.3871)
(-2.5591, 0.0269, 2.3229)
(-2.8549, 0.6232, 2.2046)
(-3.5633, 3.0224, 1.1923)
(-2.9298, 1.2823, 2.0489)
(-3.0495, 1.9361, 1.8862)
(-4.0332, 3.3494, 1.5839)
(-3.3517, 2.502, 1.6923)
(-4.4851, 3.6268, 2.0301)
(-0.8379, -1.1181, 2.9542)
(-3.8332, 2.9274, 1.5153)
(-1.3881, -0.7006, 2.953)
(-1.9085, -0.2512, 2.9268)
(-2.4106, 0.223, 2.8795)
(-4.717, 3.8653, 2.0844)
(-2.8029, 0.7627, 2.7857)
(-4.2839, 3.3686, 1.4838)
(-3.0028, 1.3815, 2.6276)
(-3.2383, 1.9947, 2.4476)
(-4.619, 3.7867, 1.719)
(-3.5963, 2.5278, 2.2399)
(-4.882, 4.0972, 1.9214)
(-4.1057, 2.9098, 2.0032)
(-0.6625, -0.8847, 3.4543)
(-1.188, -0.4573, 3.4603)
(-1.6623, 0.0177, 3.4435)
(-2.1982, 0.4855, 3.3931)
(-4.603, 3.3283, 1.8063)
(-2.7149, 0.9537, 3.3327)
(-3.1111, 1.4819, 3.1894)
(-5.007, 3.7741, 1.7052)
(-3.4563, 2.0394, 3.0017)
(-0.5375, -0.7182, 3.8058)
(-1.0186, -0.2524, 3.8564)
(-5.2151, 4.1832, 1.6746)
(-3.8236, 2.5681, 2.8003)
(-4.3191, 2.9649, 2.5669)
(-1.9134, 0.8493, 3.7988)
(-1.2594, 0.3515, 3.9408)
(-4.8079, 3.3983, 2.3498)
(-2.4839, 1.2855, 3.7565)
(-3.0063, 1.7358, 3.678)
(-5.2409, 3.8454, 2.162)
(-3.484, 2.2062, 3.5325)
(-5.5301, 4.22, 2.0332)
(-3.941, 2.6794, 3.3412)
(-4.4091, 3.1302, 3.1216)
(-1.2027, 0.9496, 4.1233)
(-1.6354, 1.3065, 4.0654)
(-4.879, 3.589, 2.9129)
(-2.1707, 1.7234, 4.0165)
(-2.7163, 2.156, 3.9596)
(-5.3182, 4.0324, 2.7296)
(-3.2474, 2.5935, 3.8666)
(-5.6734, 4.3541, 2.5987)
(-3.7635, 3.0336, 3.7259)
(-4.2669, 3.4746, 3.5532)
(-1.0082, 1.422, 4.3133)
(-1.3495, 1.7574, 4.2423)
(-4.7703, 3.9141, 3.3809)
(-1.85, 2.1696, 4.1658)
(-2.3873, 2.603, 4.0841)
(-5.2515, 4.3265, 3.2359)
(-2.9232, 3.0376, 3.9974)
(-0.9333, 1.7652, 4.3352)
(-5.6325, 4.6265, 3.1264)
(-3.4534, 3.4723, 3.8862)
(-1.0412, 2.0898, 4.2868)
(-1.5888, 2.5111, 4.2004)
(-3.9758, 3.9062, 3.747)
(-2.1245, 2.9439, 4.1256)
(-4.5004, 4.3351, 3.6094)
(-2.6621, 3.3787, 4.0488)
(-3.1952, 3.8136, 3.9445)
(-5.0099, 4.7237, 3.5155)
(-3.7188, 4.2494, 3.8044)
(-5.4117, 4.9789, 3.4659)
(-4.2422, 4.6791, 3.6457)
(-5.1214, 5.1449, 3.5245)
(-4.7818, 5.1027, 3.5079)
(1.1232, 1.4989, -6.1795)
(0.5391, 1.881, -6.1454)
(-0.1163, 2.0781, -6.0677)
(-0.7999, 2.0395, -5.9919)
(-1.4607, 1.8428, -5.9191)
(-2.086, 1.5545, -5.844)
(1.187, 1.5858, -5.74)
(0.5859, 1.9014, -5.711)
(-0.0838, 2.0228, -5.6367)
(-2.6299, 1.2025, -5.7666)
(-0.7679, 2.0158, -5.5566)
(-2.9557, 0.9576, -5.6442)
(-1.4379, 1.8775, -5.4825)
(-2.0722, 1.6181, -5.4085)
(-2.6227, 1.2762, -5.3336)
(-3.0122, 0.9607, -5.3087)
(1.257, 1.6816, -5.1758)
(0.6455, 1.9361, -5.1445)
(-0.0329, 1.971, -5.0704)
(-0.7191, 1.9597, -4.9886)
(-1.3992, 1.8865, -4.9111)
(-2.0506, 1.6847, -4.8378)
(-2.6158, 1.3731, -4.7652)
(-3.0088, 1.08, -4.7051)
(1.3138, 1.7581, -4.5756)
(0.7005, 1.951, -4.544)
(0.0246, 1.8933, -4.4738)
(-0.6601, 1.8589, -4.3923)
(-1.3454, 1.8375, -4.309)
(-2.0151, 1.7172, -4.232)
(-2.6047, 1.4643, -4.1617)
(-3.0208, 1.2037, -4.1081)
(1.3607, 1.8164, -3.9714)
(0.7488, 1.976, -3.9423)
(0.082, 1.8538, -3.8739)
(-0.5974, 1.7655, -3.7955)
(-1.2821, 1.7453, -3.7109)
(-1.9582, 1.696, -3.6263)
(-2.5684, 1.5257, -3.5532)
(-3.0143, 1.3172, -3.5055)
(1.398, 1.8656, -3.3659)
(0.7872, 2.045, -3.3435)
(0.1273, 1.9076, -3.2767)
(-0.5411, 1.7575, -3.1961)
(-1.212, 1.6765, -3.1108)
(-1.8725, 1.6382, -3.0195)
(-2.4861, 1.5486, -2.9375)
(-2.9409, 1.3933, -2.8867)
(1.4178, 1.8937, -2.7606)
(0.8107, 2.1462, -2.7516)
(0.1448, 2.0839, -2.7025)
(-0.5116, 1.9038, -2.6148)
(-1.1477, 1.734, -2.5136)
(-1.7758, 1.622, -2.4128)
(-2.3761, 1.5493, -2.3198)
(-2.839, 1.4483, -2.2609)
(1.4029, 1.8769, -2.1548)
(0.8071, 2.2027, -2.1562)
(0.1423, 2.2891, -2.1397)
(-0.5143, 2.1594, -2.0655)
(-1.1214, 1.9521, -1.9482)
(-1.7114, 1.7646, -1.8249)
(-2.2784, 1.6073, -1.7096)
(-2.7312, 1.5038, -1.6385)
(1.347, 1.8082, -1.5557)
(0.775, 2.1925, -1.5578)
(0.14, 2.4208, -1.5578)
(-0.5223, 2.4061, -1.5139)
(-1.1324, 2.2319, -1.4083)
(-1.6988, 2.0036, -1.2664)
(-2.2283, 1.7661, -1.1219)
(-2.6502, 1.5922, -1.0258)
(1.263, 1.7045, -0.9672)
(0.7135, 2.1243, -0.9639)
(0.1278, 2.47, -0.9636)
(-0.5213, 2.5898, -0.9423)
(-1.1489, 2.4807, -0.86)
(-1.7196, 2.2493, -0.718)
(-2.2329, 1.9727, -0.5557)
(-2.6238, 1.7378, -0.4324)
(1.2626, 1.707, -0.3719)
(0.7059, 2.114, -0.3691)
(0.1266, 2.4825, -0.3695)
(-0.5034, 2.7036, -0.3561)
(-1.1491, 2.6755, -0.2953)
(-1.7445, 2.468, -0.1649)
(-2.2643, 2.1791, 0.0035)
(-2.6482, 1.9211, 0.1421)
(1.3679, 1.8442, 0.204)
(0.8064, 2.2488, 0.2049)
(0.2086, 2.5859, 0.2109)
(-0.4459, 2.7726, 0.2335)
(-1.114, 2.829, 0.2779)
(-1.7441, 2.6749, 0.3904)
(-2.2966, 2.3956, 0.5547)
(-2.7198, 2.145, 0.7002)
(1.4553, 1.9574, 0.7926)
(0.8903, 2.358, 0.7944)
(0.2842, 2.6854, 0.8017)
(-0.3676, 2.8992, 0.8155)
(-1.0385, 2.9996, 0.8462)
(-1.6939, 2.8947, 0.9341)
(-2.3132, 2.6926, 1.0501)
(-3.0369, 2.5754, 1.1288)
(1.4751, 1.9796, 1.3962)
(0.9177, 2.3884, 1.3984)
(0.3348, 2.7557, 1.4004)
(-0.2875, 3.0399, 1.3964)
(-0.9478, 3.183, 1.4063)
(-3.5522, 3.0389, 1.1977)
(-1.6084, 3.1688, 1.4326)
(-2.2643, 3.1103, 1.4364)
(-4.0198, 3.3603, 1.5949)
(-2.9057, 3.1202, 1.4791)
(-4.4716, 3.6338, 2.0459)
(1.423, 1.9029, 1.9964)
(-3.4594, 3.4141, 1.3724)
(0.8887, 2.3314, 2.0042)
(0.3511, 2.7553, 2.0107)
(-0.2313, 3.1109, 1.9951)
(-4.7186, 3.8457, 2.1377)
(-0.8729, 3.3155, 1.9706)
(-4.0249, 3.7092, 1.4544)
(-1.5091, 3.4513, 1.9073)
(-2.1479, 3.4601, 1.8715)
(-4.5053, 3.9588, 1.7576)
(-2.786, 3.5702, 1.8476)
(-4.8534, 4.1453, 2.0227)
(-3.3499, 3.8752, 1.6773)
(1.3519, 1.8003, 2.5557)
(0.8473, 2.237, 2.5872)
(0.3463, 2.6768, 2.6346)
(-0.2103, 3.1086, 2.6026)
(-3.9209, 4.2029, 1.5584)
(-0.8102, 3.4341, 2.5385)
(-1.4376, 3.5982, 2.4383)
(-4.4942, 4.4414, 1.6117)
(-2.0281, 3.8006, 2.2814)
(1.302, 1.7309, 2.9507)
(0.8091, 2.145, 3.0538)
(-4.9378, 4.5694, 1.7549)
(-2.6374, 4.032, 2.1737)
(-3.2311, 4.3246, 2.0592)
(-0.3052, 2.9699, 3.1867)
(0.3316, 2.4583, 3.3341)
(-3.7909, 4.6695, 1.9011)
(-0.8615, 3.3926, 3.1028)
(-1.446, 3.7009, 2.9899)
(-4.3741, 4.9334, 1.8464)
(-2.0353, 3.9487, 2.8186)
(-4.8415, 5.0918, 1.8653)
(-2.5707, 4.3027, 2.6453)
(-3.1276, 4.6655, 2.5029)
(-0.076, 2.453, 3.7772)
(-0.5398, 2.7504, 3.6813)
(-3.6977, 5.0189, 2.3696)
(-1.0781, 3.1302, 3.5733)
(-1.6119, 3.548, 3.5021)
(-4.2637, 5.3222, 2.2863)
(-2.1683, 3.9074, 3.3679)
(-4.7103, 5.5333, 2.2455)
(-2.7166, 4.2605, 3.1836)
(-3.2368, 4.6791, 3.048)
(-0.3981, 2.2295, 4.1428)
(-0.8208, 2.449, 4.0588)
(-3.7613, 5.1055, 2.9322)
(-1.349, 2.8095, 3.9566)
(-1.8848, 3.235, 3.879)
(-4.2736, 5.4928, 2.8353)
(-2.4286, 3.6438, 3.7728)
(-0.6886, 2.0881, 4.2773)
(-4.6715, 5.7799, 2.761)
(-2.9743, 4.0337, 3.627)
(-1.0312, 2.1074, 4.2816)
(-1.5795, 2.5285, 4.195)
(-3.4815, 4.4822, 3.5127)
(-2.1196, 2.966, 4.1244)
(-3.9854, 4.941, 3.4075)
(-2.6584, 3.4007, 4.0528)
(-3.193, 3.8342, 3.953)
(-4.468, 5.3659, 3.3151)
(-3.7146, 4.2701, 3.8101)
(-4.8199, 5.6873, 3.2429)
(-4.2361, 4.6995, 3.6489)
(-4.8962, 5.4258, 3.4365)
(-4.7695, 5.1187, 3.504)
(2.4011, -2.0474, -0.4288)
(1.8739, -2.5971, -4.7034)
(2.3071, -0.4117, 4.2835)
(2.1832, -2.3362, -2.2564)
(2.8646, -0.8202, 4.1974)
(3.4325, -1.2154, 4.1249)
(2.581, -2.0154, 0.1455)
(4.0003, -1.6106, 4.0508)
(4.5661, -2.0027, 3.9489)
(5.1305, -2.383, 3.8075)
(5.6888, -2.7648, 3.6474)
(1.9969, -2.5755, -4.1056)
(6.243, -3.1626, 3.506)
(2.2079, -2.2181, -1.6331)
(2.2705, -2.1153, -1.0207)
(3.9044, -2.5646, 1.1969)
(2.8123, -2.0192, 0.7038)
(3.3131, -2.1977, 1.1327)
(4.3466, -2.9246, 1.591)
(4.7358, -3.2828, 2.0399)
(1.758, -2.6313, -5.3064)
(2.1043, -2.5384, -3.5021)
(2.158, -2.4482, -2.8825)
(6.1295, -3.6599, 3.4862)
(6.069, -3.3227, 3.5427)
(6.3198, -3.3278, 3.5179)
(6.3638, -3.6454, 3.5192)
(4.8817, -3.3791, 2.0746)
(4.836, -3.2889, 1.8404)
(5.124, -3.4561, 1.8327)
(5.1712, -3.4804, 2.0407)
(4.9839, -3.5501, 1.6599)
(5.2612, -3.8046, 1.6854)
(5.4003, -3.6631, 1.7601)
(5.084, -3.8824, 1.89)
(5.3905, -4.053, 2.0901)
(5.5398, -3.9953, 1.7888)
(5.2517, -3.9881, 2.4446)
(5.5765, -4.1117, 2.657)
(5.6744, -4.2079, 2.3105)
(5.4811, -3.9367, 2.9984)
(5.832, -3.9854, 3.1765)
(5.881, -4.2055, 2.8736)
(5.7818, -3.6798, 3.4105)
(6.1654, -3.9791, 3.329)
(1.4739, -1.0415, 4.0926)
(1.4684, -0.7267, 4.2308)
(1.8474, -0.6777, 4.2776)
(1.899, -1.0027, 4.1681)
(1.9808, -1.3998, 4.0398)
(2.3236, -0.9782, 4.2044)
(2.4398, -1.3824, 4.105)
(2.5475, -1.8091, 3.9902)
(2.8854, -1.371, 4.1249)
(3.0067, -1.7817, 4.0359)
(3.1153, -2.2044, 3.9179)
(3.4522, -1.7651, 4.042)
(3.5737, -2.1749, 3.9496)
(3.6831, -2.5851, 3.8007)
(4.0185, -2.1565, 3.9451)
(4.1387, -2.5593, 3.8278)
(4.2482, -2.9505, 3.6402)
(4.5825, -2.5404, 3.8182)
(4.7007, -2.9341, 3.6758)
(4.811, -3.3097, 3.4634)
(5.1428, -2.9208, 3.6742)
(5.2596, -3.3108, 3.525)
(5.3698, -3.6703, 3.302)
(5.6939, -3.3104, 3.5549)
(1.0537, -1.389, 3.8375)
(0.9898, -1.029, 4.0197)
(1.526, -1.4067, 3.9449)
(1.6419, -1.8171, 3.7766)
(2.0903, -1.8245, 3.9031)
(2.2187, -2.2245, 3.7246)
(2.6603, -2.2245, 3.8434)
(2.8002, -2.574, 3.612)
(3.2329, -2.5947, 3.7283)
(3.3862, -2.8861, 3.4413)
(3.8044, -2.9432, 3.56)
(3.9579, -3.1989, 3.2312)
(4.3722, -3.2792, 3.3611)
(4.5227, -3.5248, 3.0129)
(4.9412, -3.6168, 3.1673)
(5.0974, -3.8387, 2.8134)
(-0.3872, -1.0857, 3.457)
(-0.595, -0.7947, 3.6438)
(-0.2571, -0.9076, 3.8221)
(-0.0273, -1.155, 3.6681)
(0.1858, -1.4308, 3.4566)
(0.3684, -1.1198, 3.8903)
(0.5901, -1.4041, 3.6762)
(0.7832, -1.7779, 3.4195)
(1.205, -1.7967, 3.6132)
(1.3777, -2.1731, 3.3687)
(1.7908, -2.2069, 3.5646)
(1.9813, -2.4806, 3.2706)
(2.3863, -2.5296, 3.4525)
(2.608, -2.6761, 3.0977)
(2.994, -2.7845, 3.2806)
(3.24, -2.8413, 2.9047)
(3.5917, -3.0325, 3.0802)
(3.7999, -3.128, 2.6841)
(4.1348, -3.3697, 2.8492)
(4.3252, -3.5009, 2.4532)
(4.7002, -3.6982, 2.6333)
(4.8934, -3.8239, 2.2472)
(-0.5619, -1.3266, 2.9551)
(-0.7465, -0.9964, 3.2187)
(-0.1928, -1.3984, 3.2177)
(0.0022, -1.7204, 2.943)
(0.3847, -1.7572, 3.1921)
(0.5874, -2.0859, 2.907)
(0.9772, -2.1303, 3.1459)
(1.1974, -2.3958, 2.8414)
(1.5861, -2.4351, 3.0685)
(1.8376, -2.5225, 2.7098)
(2.2233, -2.575, 2.9099)
(2.4941, -2.5326, 2.5381)
(2.8716, -2.6726, 2.7242)
(3.14, -2.6286, 2.3501)
(3.4847, -2.8585, 2.5193)
(3.6934, -2.9269, 2.1218)
(3.992, -3.2379, 2.2814)
(4.2075, -3.3172, 1.8938)
(4.535, -3.5993, 2.0646)
(4.7637, -3.6366, 1.7424)
(-0.7331, -1.5595, 2.4105)
(-0.9265, -1.2359, 2.6829)
(-0.3701, -1.6517, 2.6818)
(-0.1686, -1.9674, 2.4021)
(0.2065, -2.0335, 2.6577)
(0.4267, -2.3184, 2.3618)
(0.8112, -2.3569, 2.6036)
(1.0668, -2.542, 2.271)
(1.453, -2.5261, 2.4956)
(1.7221, -2.5306, 2.1289)
(2.106, -2.4759, 2.3367)
(2.3799, -2.4071, 1.9714)
(2.767, -2.4585, 2.1708)
(3.0354, -2.423, 1.7946)
(3.3832, -2.6334, 1.9648)
(3.6165, -2.6763, 1.5974)
(3.9063, -2.9999, 1.7372)
(4.1584, -3.0268, 1.4674)
(4.4582, -3.3293, 1.5958)
(4.6949, -3.2788, 1.5866)
(-0.8942, -1.7795, 1.8623)
(-1.0952, -1.4607, 2.1371)
(-0.5342, -1.881, 2.1358)
(-0.327, -2.1971, 1.8563)
(0.0441, -2.2721, 2.1161)
(0.2801, -2.5411, 1.812)
(0.673, -2.5529, 2.0451)
(0.9426, -2.7119, 1.7033)
(1.339, -2.6387, 1.9179)
(1.6104, -2.6441, 1.5543)
(1.9955, -2.4991, 1.7624)
(2.2597, -2.4467, 1.4004)
(2.6558, -2.3692, 1.6032)
(2.912, -2.2845, 1.2387)
(3.3096, -2.3979, 1.4287)
(3.6012, -2.3883, 1.1637)
(3.8766, -2.7158, 1.358)
(4.1207, -2.7524, 1.3898)
(4.3911, -3.0382, 1.5013)
(4.5389, -3.1114, 1.8086)
(-1.0374, -1.9716, 1.3021)
(-1.2507, -1.6679, 1.5845)
(-0.6861, -2.0924, 1.5829)
(-0.4657, -2.3872, 1.2931)
(-0.1019, -2.4872, 1.5623)
(0.1514, -2.718, 1.2425)
(0.5425, -2.7412, 1.4812)
(0.8173, -2.8238, 1.1246)
(1.2167, -2.7565, 1.3414)
(1.4649, -2.6704, 0.979)
(1.8603, -2.5558, 1.193)
(2.0768, -2.4011, 0.8458)
(2.4788, -2.3187, 1.0527)
(2.6108, -2.1574, 0.735)
(3.0544, -2.116, 0.9194)
(-1.1608, -2.131, 0.7269)
(-1.3818, -1.8427, 1.0163)
(-0.8152, -2.2595, 1.0114)
(-0.582, -2.5227, 0.7091)
(-0.223, -2.6354, 0.9828)
(0.042, -2.8138, 0.6497)
(0.4235, -2.8459, 0.8967)
(0.6885, -2.8396, 0.5372)
(1.0736, -2.7632, 0.7613)
(1.3012, -2.633, 0.4074)
(1.6832, -2.5155, 0.6291)
(1.8871, -2.3708, 0.2873)
(2.2519, -2.2477, 0.5132)
(2.3803, -2.1322, 0.1875)
(2.6898, -2.0254, 0.4268)
(-1.2906, -2.2993, 0.1538)
(-1.5058, -2.008, 0.442)
(-0.937, -2.4091, 0.4321)
(-0.7016, -2.6614, 0.1261)
(-0.3331, -2.7438, 0.3912)
(-0.0656, -2.8935, 0.0543)
(0.3127, -2.8936, 0.3005)
(0.573, -2.8764, -0.0559)
(0.9339, -2.7569, 0.1789)
(1.1645, -2.6662, -0.1733)
(1.5182, -2.5131, 0.0597)
(1.7315, -2.4089, -0.2863)
(2.0669, -2.2579, -0.0506)
(2.2088, -2.1684, -0.3852)
(2.4859, -2.0395, -0.1388)
(-1.4231, -2.474, -0.4177)
(-1.6389, -2.1855, -0.1284)
(-1.0651, -2.5715, -0.1433)
(-0.8206, -2.8058, -0.4555)
(-0.4456, -2.8606, -0.1974)
(-0.1717, -2.985, -0.5393)
(0.2067, -2.9555, -0.2961)
(0.4689, -2.9438, -0.6515)
(0.8194, -2.8161, -0.4111)
(1.0564, -2.7414, -0.7644)
(1.39, -2.5756, -0.5233)
(1.616, -2.4845, -0.8753)
(1.9246, -2.3171, -0.6312)
(2.0851, -2.2393, -0.9751)
(2.3318, -2.0899, -0.7207)
(-1.5515, -2.6436, -0.9916)
(-1.7717, -2.3626, -0.6994)
(-1.1902, -2.7329, -0.7198)
(-0.9357, -2.9447, -1.039)
(-0.5552, -2.9791, -0.786)
(-0.2756, -3.0786, -1.1335)
(0.1046, -3.0318, -0.8929)
(0.3718, -3.0157, -1.2513)
(0.7208, -2.8909, -1.0082)
(0.968, -2.8174, -1.3668)
(1.2936, -2.6563, -1.1199)
(1.536, -2.5669, -1.4808)
(1.8278, -2.3993, -1.2296)
(2.0137, -2.332, -1.5843)
(2.2358, -2.1753, -1.322)
(-1.6745, -2.8056, -1.5686)
(-1.8992, -2.5328, -1.2734)
(-1.3104, -2.8869, -1.2991)
(-1.0475, -3.0768, -1.6245)
(-0.6625, -3.0927, -1.3761)
(-0.3792, -3.1702, -1.7283)
(0.0045, -3.1091, -1.4912)
(0.2773, -3.0847, -1.8541)
(0.6321, -2.9609, -1.6129)
(0.89, -2.8844, -1.9779)
(1.2191, -2.7314, -1.73)
(1.4768, -2.6431, -2.0987)
(1.7678, -2.4868, -1.8444)
(1.9737, -2.4315, -2.2061)
(2.1918, -2.2857, -1.9402)
(-1.793, -2.9611, -2.1481)
(-2.0213, -2.6958, -1.8504)
(-1.4263, -3.0337, -1.8808)
(-1.1571, -3.2032, -2.2116)
(-0.7689, -3.2016, -1.9671)
(-0.4843, -3.259, -2.3229)
(-0.0971, -3.185, -2.0896)
(0.1786, -3.1501, -2.4561)
(0.5446, -3.0242, -2.2208)
(0.8091, -2.9431, -2.5901)
(1.1521, -2.7966, -2.3473)
(1.4181, -2.7099, -2.7198)
(1.722, -2.5692, -2.4677)
(1.9353, -2.5239, -2.8309)
(2.1665, -2.4008, -2.5653)
(-1.9079, -3.1112, -2.7294)
(-2.1391, -2.853, -2.4296)
(-1.5389, -3.1749, -2.4645)
(-1.2649, -3.3249, -2.7999)
(-0.875, -3.3063, -2.5587)
(-0.5903, -3.3441, -2.9176)
(-0.2023, -3.2579, -2.6869)
(0.0721, -3.2116, -3.055)
(0.4478, -3.0823, -2.8252)
(0.7123, -2.9959, -3.1957)
(1.0748, -2.8532, -2.9617)
(1.3395, -2.7659, -3.3337)
(1.6654, -2.6401, -3.0891)
(1.8719, -2.5974, -3.449)
(2.127, -2.5019, -3.1885)
(-2.0198, -3.2569, -3.3121)
(-2.2533, -3.0054, -3.0105)
(-1.649, -3.3112, -3.0495)
(-1.3714, -3.4422, -3.3891)
(-0.9808, -3.4068, -3.151)
(-0.6974, -3.4246, -3.5127)
(-0.3106, -3.3266, -3.2835)
(-0.0396, -3.2671, -3.6525)
(0.3389, -3.135, -3.4247)
(0.6001, -3.0411, -3.7948)
(0.975, -2.9017, -3.5665)
(1.2324, -2.809, -3.9358)
(1.5775, -2.6932, -3.6991)
(1.7693, -2.6403, -4.054)
(2.0465, -2.5658, -3.801)
(-2.1294, -3.3987, -3.8959)
(-2.3645, -3.1537, -3.5927)
(-1.7569, -3.4435, -3.6356)
(-1.477, -3.5554, -3.9791)
(-1.0866, -3.5029, -3.7439)
(-0.8057, -3.4999, -4.1081)
(-0.4211, -3.3896, -3.8801)
(-0.1546, -3.3153, -4.2497)
(0.2234, -3.1796, -4.0224)
(0.4808, -3.0763, -4.3923)
(0.8585, -2.9396, -4.1648)
(1.1121, -2.8391, -4.5336)
(1.4629, -2.7279, -4.2992)
(1.6491, -2.6673, -4.6531)
(1.9316, -2.5954, -4.4026)
(-2.2317, -3.5307, -4.4501)
(-2.4727, -3.298, -4.1721)
(-1.8626, -3.5712, -4.2185)
(-1.5765, -3.6582, -4.537)
(-1.1922, -3.5932, -4.3333)
(-0.9098, -3.5651, -4.6707)
(-0.5334, -3.4455, -4.4727)
(-0.2664, -3.3536, -4.8137)
(0.1046, -3.2151, -4.6155)
(0.3642, -3.1013, -4.9562)
(0.7367, -2.9666, -4.7578)
(0.9941, -2.8601, -5.0976)
(1.3409, -2.7529, -4.8929)
(1.5328, -2.6927, -5.2208)
(1.8113, -2.6229, -5.003)
(-2.3113, -3.6329, -4.8835)
(-2.5641, -3.42, -4.6675)
(-1.9511, -3.6765, -4.7104)
(-1.6529, -3.734, -4.9645)
(-1.2817, -3.6645, -4.8283)
(-0.991, -3.6105, -5.1012)
(-0.6299, -3.4867, -4.9701)
(-0.3539, -3.3783, -5.2448)
(0.0021, -3.239, -5.113)
(0.2732, -3.1165, -5.3871)
(0.6318, -2.9838, -5.2552)
(0.9023, -2.8728, -5.5285)
(1.2358, -2.7708, -5.3897)
(1.4317, -2.7118, -5.6328)
(1.6991, -2.6515, -5.4855)
(1.8063, -0.4629, 4.3418)
(2.1246, -0.3985, 4.3129)
(2.2056, -0.6306, 4.2741)
(2.5789, -0.623, 4.2432)
(2.7387, -0.9909, 4.1929)
(3.1401, -1.024, 4.163)
(3.304, -1.3851, 4.1101)
(3.7064, -1.4182, 4.0873)
(3.871, -1.7785, 4.0253)
(4.2733, -1.8111, 3.9968)
(4.4367, -2.1681, 3.9185)
(4.8388, -2.1972, 3.8748)
(4.9999, -2.5506, 3.7827)
(5.4005, -2.5792, 3.7253)
(5.5584, -2.9366, 3.6418)
(5.9585, -2.9707, 3.5768)
(6.3185, -2.9503, 3.4414)
(6.6186, -2.9287, 3.2777)
(6.7115, -3.1361, 3.3715)
(6.421, -3.1873, 3.4759)
(4.8785, -3.2422, 1.8825)
(4.8709, -3.3761, 2.1076)
(5.1622, -3.4865, 2.1169)
(5.2066, -3.3646, 1.9017)
(5.2822, -3.1612, 1.6532)
(5.5387, -3.5004, 1.8746)
(5.6553, -3.2796, 1.6795)
(5.7494, -2.9554, 1.6869)
(6.0066, -3.3649, 1.7607)
(6.1121, -3.0365, 1.8519)
(6.1479, -2.704, 2.0492)
(6.4511, -3.0965, 2.0329)
(6.4777, -2.805, 2.263)
(6.415, -2.5605, 2.5548)
(6.7727, -2.8963, 2.493)
(6.6752, -2.7323, 2.7965)
(6.4607, -2.6607, 3.1032)
(6.8643, -2.9385, 3.027)
(2.3262, 0.4165, 3.9843)
(2.579, 0.4339, 3.7332)
(2.6943, 0.0705, 3.8915)
(2.404, 0.0718, 4.1035)
(3.0419, 0.0435, 3.6257)
(3.1917, -0.3409, 3.7807)
(2.8132, -0.3063, 4.0073)
(3.5866, -0.362, 3.5369)
(3.7499, -0.7316, 3.7086)
(3.3546, -0.7131, 3.9163)
(4.1148, -0.774, 3.4434)
(4.2805, -1.1468, 3.5897)
(3.9109, -1.1106, 3.8315)
(4.601, -1.2135, 3.2733)
(4.7858, -1.5736, 3.4228)
(4.441, -1.5287, 3.7002)
(5.1208, -1.6169, 3.11)
(5.3488, -1.9413, 3.3017)
(4.9883, -1.9186, 3.5669)
(5.6785, -1.9946, 2.9892)
(5.9244, -2.3029, 3.1961)
(5.57, -2.2712, 3.4601)
(6.2252, -2.3877, 2.8812)
(6.1442, -2.6314, 3.3592)
(2.3668, 0.8049, 3.5466)
(2.6443, 0.7413, 3.2322)
(2.8743, 0.4049, 3.4482)
(3.2243, 0.3232, 3.1448)
(3.4194, -0.0038, 3.349)
(3.7447, -0.1136, 3.0517)
(3.9361, -0.4313, 3.2552)
(4.1576, -0.6132, 2.9067)
(4.3836, -0.8997, 3.1018)
(4.6002, -1.0664, 2.7275)
(4.8804, -1.3117, 2.9172)
(5.1066, -1.4814, 2.5728)
(5.4091, -1.7161, 2.772)
(5.6073, -1.9243, 2.4336)
(5.9337, -2.1376, 2.648)
(6.0917, -2.3871, 2.3211)
(1.3247, 1.7622, 2.7686)
(1.632, 1.6178, 2.565)
(1.8777, 1.4096, 2.8313)
(1.5689, 1.5476, 2.9775)
(2.196, 1.2695, 2.6167)
(2.4097, 1.0374, 2.9435)
(2.0833, 1.1912, 3.1684)
(2.7476, 0.8611, 2.6202)
(2.9892, 0.603, 2.8966)
(3.3011, 0.4208, 2.5613)
(3.5343, 0.1708, 2.8244)
(3.7114, -0.0942, 2.4905)
(3.923, -0.349, 2.7128)
(4.035, -0.6358, 2.3583)
(4.3128, -0.8466, 2.5337)
(4.4131, -1.1448, 2.2217)
(4.7628, -1.3066, 2.3911)
(4.8277, -1.6594, 2.1248)
(5.2318, -1.7764, 2.269)
(5.3023, -2.1144, 1.9768)
(5.7193, -2.2264, 2.1213)
(5.7687, -2.5823, 1.8591)
(1.3862, 1.8495, 2.2913)
(1.7072, 1.7123, 2.0002)
(1.9587, 1.4882, 2.308)
(2.265, 1.3191, 2.0099)
(2.5077, 1.0945, 2.3205)
(2.7859, 0.8717, 1.9954)
(3.0439, 0.6497, 2.2837)
(3.2766, 0.3918, 1.9587)
(3.5212, 0.1658, 2.2309)
(3.6411, -0.1642, 1.9194)
(3.8187, -0.4159, 2.1609)
(3.8387, -0.7838, 1.8829)
(4.0825, -0.9785, 2.0715)
(4.0454, -1.3976, 1.8731)
(4.4198, -1.5382, 2.0057)
(4.422, -1.9144, 1.7729)
(4.8646, -2.0158, 1.8634)
(4.9011, -2.3552, 1.5981)
(5.3482, -2.4606, 1.7077)
(5.3438, -2.8377, 1.5665)
(1.4554, 1.9501, 1.6968)
(1.7503, 1.7708, 1.3971)
(2.0129, 1.5472, 1.702)
(2.2725, 1.3211, 1.3991)
(2.5298, 1.0943, 1.6994)
(2.7463, 0.8221, 1.391)
(3.0112, 0.6053, 1.6777)
(3.1704, 0.2857, 1.378)
(3.4166, 0.0677, 1.6585)
(3.4313, -0.3207, 1.4072)
(3.6373, -0.5538, 1.6605)
(3.5549, -0.972, 1.4308)
(3.7771, -1.2005, 1.6555)
(3.6884, -1.6215, 1.4704)
(4.0089, -1.7996, 1.6675)
(4.0093, -2.1491, 1.4278)
(4.4498, -2.2515, 1.5048)
(4.4745, -2.5945, 1.377)
(4.9038, -2.7205, 1.4708)
(4.8849, -3.0348, 1.5982)
(1.4749, 1.9817, 1.0939)
(1.7242, 1.739, 0.7933)
(2.007, 1.5401, 1.0956)
(2.2244, 1.2625, 0.7973)
(2.4852, 1.0434, 1.0976)
(2.6524, 0.725, 0.8032)
(2.908, 0.5016, 1.0939)
(3.0179, 0.1443, 0.814)
(3.2423, -0.0849, 1.1103)
(3.2312, -0.4849, 0.8741)
(3.3653, -0.7355, 1.1858)
(3.2387, -1.1397, 0.9941)
(3.423, -1.3897, 1.2483)
(3.26, -1.7965, 1.0946)
(3.5977, -2.0271, 1.3033)
(3.6162, -2.374, 1.1659)
(4.063, -2.4643, 1.2918)
(4.1303, -2.7368, 1.3981)
(4.5041, -2.8849, 1.5102)
(4.5435, -3.096, 1.8222)
(1.4187, 1.9102, 0.4956)
(1.6345, 1.6237, 0.2053)
(1.9439, 1.4591, 0.498)
(2.1419, 1.1547, 0.2083)
(2.4106, 0.9545, 0.5043)
(2.5612, 0.6186, 0.2198)
(2.778, 0.3761, 0.5199)
(2.8877, 0.0213, 0.2438)
(3.0762, -0.2312, 0.5534)
(3.0619, -0.6077, 0.3171)
(3.1523, -0.8799, 0.662)
(3.007, -1.2436, 0.4711)
(3.0721, -1.5098, 0.8177)
(2.8944, -1.7943, 0.6247)
(3.071, -2.1008, 0.9171)
(1.3091, 1.7678, -0.0829)
(1.5277, 1.4867, -0.3694)
(1.832, 1.3168, -0.0786)
(2.0421, 1.0267, -0.3644)
(2.3216, 0.8348, -0.0757)
(2.5128, 0.532, -0.3636)
(2.7106, 0.2838, -0.0624)
(2.8181, -0.0472, -0.34)
(2.9449, -0.33, -0.0172)
(2.8898, -0.6771, -0.2456)
(2.9592, -0.9641, 0.1089)
(2.7964, -1.2904, -0.081)
(2.831, -1.5527, 0.2816)
(2.6576, -1.8014, 0.0765)
(2.7035, -2.0091, 0.4225)
(1.2473, 1.686, -0.6686)
(1.5332, 1.4882, -0.9645)
(1.7785, 1.2449, -0.6615)
(2.0558, 1.0371, -0.9586)
(2.2824, 0.7767, -0.6593)
(2.4768, 0.5091, -0.9563)
(2.6641, 0.231, -0.6525)
(2.6836, -0.1043, -0.9174)
(2.8014, -0.3914, -0.5892)
(2.6851, -0.726, -0.8022)
(2.7516, -1.008, -0.4455)
(2.5801, -1.3239, -0.6351)
(2.6216, -1.58, -0.2752)
(2.4627, -1.8317, -0.4903)
(2.4962, -2.0233, -0.1444)
(1.3022, 1.7527, -1.2618)
(1.6136, 1.5875, -1.5544)
(1.8319, 1.3076, -1.2576)
(2.0805, 1.0855, -1.5555)
(2.2812, 0.7965, -1.2568)
(2.3758, 0.4843, -1.5427)
(2.5373, 0.1857, -1.234)
(2.4638, -0.1596, -1.473)
(2.5872, -0.445, -1.1445)
(2.4313, -0.7774, -1.3446)
(2.5201, -1.0503, -0.9949)
(2.355, -1.3761, -1.1906)
(2.415, -1.6203, -0.8368)
(2.2964, -1.893, -1.0697)
(2.3397, -2.0728, -0.7287)
(1.381, 1.8501, -1.8536)
(1.6586, 1.6491, -2.1538)
(1.8754, 1.3743, -1.8529)
(2.0323, 1.0884, -2.1491)
(2.2083, 0.7868, -1.8478)
(2.1878, 0.4345, -2.1089)
(2.3278, 0.1322, -1.7935)
(2.1906, -0.2239, -2.0104)
(2.314, -0.5035, -1.6804)
(2.1694, -0.8504, -1.8878)
(2.2761, -1.1146, -1.5444)
(2.1716, -1.4636, -1.7637)
(2.2372, -1.6957, -1.4123)
(2.1956, -1.9904, -1.6698)
(2.2425, -2.1581, -1.3318)
(1.4151, 1.8914, -2.4575)
(1.653, 1.658, -2.7577)
(1.8528, 1.3839, -2.4513)
(1.9068, 1.0501, -2.7299)
(2.0432, 0.742, -2.4195)
(1.9508, 0.3702, -2.6606)
(2.0689, 0.0668, -2.3372)
(1.9559, -0.3014, -2.5635)
(2.0563, -0.5824, -2.226)
(2.0005, -0.9457, -2.4623)
(2.0874, -1.2092, -2.1155)
(2.1018, -1.5697, -2.3625)
(2.1525, -1.8004, -2.0122)
(2.1762, -2.1027, -2.2867)
(2.1992, -2.2686, -1.9493)
(1.4112, 1.884, -3.0633)
(1.6062, 1.6248, -3.3592)
(1.7734, 1.3478, -3.0444)
(1.7701, 0.9877, -3.3111)
(1.8468, 0.6789, -2.9847)
(1.7882, 0.3026, -3.2351)
(1.8654, -0.0047, -2.9)
(1.8674, -0.3742, -3.1527)
(1.9311, -0.6686, -2.8087)
(2.0121, -1.0265, -3.0641)
(2.0526, -1.3066, -2.7141)
(2.1498, -1.6653, -2.9744)
(2.1649, -1.9091, -2.6277)
(2.1799, -2.2112, -2.9084)
(2.1747, -2.3837, -2.5735)
(1.3808, 1.8423, -3.6686)
(1.5582, 1.5744, -3.9622)
(1.6931, 1.2907, -3.6393)
(1.7127, 0.9282, -3.9079)
(1.7391, 0.6146, -3.5711)
(1.7744, 0.2469, -3.8334)
(1.8136, -0.0663, -3.4934)
(1.928, -0.4207, -3.7519)
(1.9685, -0.7301, -3.4097)
(2.1097, -1.079, -3.6661)
(2.1332, -1.3813, -3.3217)
(2.1955, -1.7409, -3.5859)
(2.1893, -2.0054, -3.2452)
(2.1488, -2.2979, -3.5258)
(2.1354, -2.4847, -3.1961)
(1.3382, 1.7887, -4.2738)
(1.5213, 1.5164, -4.5654)
(1.657, 1.2362, -4.2403)
(1.7277, 0.8802, -4.5087)
(1.7494, 0.563, -4.172)
(1.8592, 0.2095, -4.4315)
(1.8907, -0.1069, -4.0924)
(2.0476, -0.4505, -4.3476)
(2.0798, -0.7663, -4.0075)
(2.1911, -1.1184, -4.2674)
(2.1993, -1.4354, -3.9273)
(2.1881, -1.7915, -4.194)
(2.1655, -2.0724, -3.8575)
(2.0696, -2.3449, -4.1326)
(2.0547, -2.5481, -3.8067)
(1.2872, 1.7229, -4.8764)
(1.4882, 1.445, -5.166)
(1.6574, 1.1845, -4.8415)
(1.7833, 0.8405, -5.1071)
(1.8319, 0.5277, -4.7693)
(1.9784, 0.1841, -5.0259)
(2.0143, -0.1335, -4.687)
(2.1486, -0.4798, -4.9456)
(2.1739, -0.7991, -4.6065)
(2.2147, -1.1585, -4.8718)
(2.208, -1.4786, -4.533)
(2.1308, -1.8307, -4.7991)
(2.0956, -2.1123, -4.463)
(1.9647, -2.3748, -4.7338)
(1.9392, -2.5772, -4.4064)
(1.2224, 1.6342, -5.4699)
(1.4408, 1.3582, -5.7314)
(1.6585, 1.1242, -5.4373)
(1.8226, 0.7979, -5.6733)
(1.9218, 0.4971, -5.3622)
(2.0658, 0.1586, -5.5914)
(2.1151, -0.1602, -5.2805)
(2.1918, -0.513, -5.515)
(2.2082, -0.8369, -5.206)
(2.1841, -1.1977, -5.4433)
(2.1638, -1.5188, -5.1339)
(2.0518, -1.8656, -5.3686)
(2.0021, -2.1453, -5.0613)
(1.8631, -2.4057, -5.3042)
(1.8206, -2.6055, -5.0067)
(1.1542, 1.5411, -5.9714)
(1.3997, 1.2823, -6.1692)
(1.6522, 1.067, -5.9377)
(1.8654, 0.7733, -6.1044)
(1.9912, 0.4754, -5.8603)
(2.1281, 0.1442, -6.0234)
(2.166, -0.1858, -5.7821)
(2.1934, -0.5409, -5.9514)
(2.1922, -0.8714, -5.7101)
(2.1377, -1.2285, -5.8793)
(2.1024, -1.5525, -5.6368)
(1.9853, -1.894, -5.8032)
(1.9198, -2.1746, -5.5617)
(1.7977, -2.4191, -5.7233)
(1.7383, -2.6217, -5.4957)
(2.2052, 0.0744, 4.2355)
(2.4743, -0.2666, 4.1792)
(2.243, -0.2412, 4.2865)
(2.9724, -0.6681, 4.0895)
(2.5929, -0.6089, 4.2377)
(3.5335, -1.0672, 4.0108)
(3.157, -1.0116, 4.1593)
(4.0898, -1.4689, 3.9201)
(3.7264, -1.4078, 4.0884)
(4.6375, -1.8716, 3.7975)
(4.2931, -1.8022, 4.0029)
(5.2081, -2.2403, 3.6749)
(4.8578, -2.1884, 3.8817)
(5.7812, -2.6055, 3.55)
(5.4188, -2.5686, 3.7296)
(5.9733, -2.9567, 3.5765)
(-2.6307, 1.7311, -0.4292)
(-3.0165, 1.0737, -4.7035)
(-1.0362, 2.0986, 4.2842)
(-2.846, 1.442, -2.2567)
(-1.5841, 2.5198, 4.1977)
(-2.122, 2.955, 4.125)
(-2.6541, 1.9134, 0.1446)
(-2.6602, 3.3897, 4.0508)
(-3.1941, 3.8239, 3.9487)
(-3.7167, 4.2597, 3.8072)
(-4.2391, 4.6893, 3.6473)
(-3.0284, 1.1976, -4.1058)
(-4.7756, 5.1107, 3.5059)
(-2.7386, 1.4982, -1.6335)
(-2.6575, 1.5865, -1.021)
(-3.5577, 3.0306, 1.195)
(-2.7257, 2.1349, 0.7022)
(-3.0408, 2.5652, 1.1292)
(-4.0265, 3.3548, 1.5894)
(-4.4784, 3.6303, 2.038)
(-3.0185, 0.9532, -5.3066)
(-3.0213, 1.3106, -3.502)
(-2.948, 1.387, -2.8826)
(-5.2212, 4.8636, 3.4874)
(-4.8806, 4.8992, 3.5432)
(-4.9556, 5.1389, 3.5174)
(-5.2726, 5.093, 3.5196)
(-4.6118, 3.7433, 2.0724)
(-4.5132, 3.7232, 1.838)
(-4.7551, 3.9518, 1.8297)
(-4.791, 3.9921, 2.0371)
(-4.8063, 3.789, 1.659)
(-5.1286, 3.9825, 1.685)
(-5.0326, 4.1569, 1.7568)
(-5.1508, 3.792, 1.892)
(-5.3987, 4.0398, 2.0923)
(-5.3885, 4.197, 1.7888)
(-5.2953, 3.9265, 2.4471)
(-5.5034, 4.205, 2.6594)
(-5.625, 4.2706, 2.3131)
(-5.3076, 4.163, 3.0003)
(-5.4515, 4.487, 3.1783)
(-5.6773, 4.4722, 2.8758)
(-5.1436, 4.5241, 3.4119)
(-5.5379, 4.8094, 3.3307)
(-1.4091, 1.1224, 4.0934)
(-1.1054, 1.2048, 4.2317)
(-1.1638, 1.5826, 4.2783)
(-1.4903, 1.5416, 4.1688)
(-1.8944, 1.5093, 4.0404)
(-1.5851, 1.9562, 4.2049)
(-2.0057, 1.955, 4.1055)
(-2.4456, 1.9393, 3.9909)
(-2.1189, 2.3861, 4.1253)
(-2.5473, 2.3878, 4.0366)
(-2.9836, 2.3742, 3.9189)
(-2.6556, 2.8202, 4.0425)
(-3.0831, 2.8226, 3.9505)
(-3.5074, 2.8133, 3.8018)
(-3.1893, 3.2549, 3.9457)
(-3.6097, 3.2581, 3.8289)
(-4.016, 3.2542, 3.6416)
(-3.7152, 3.6895, 3.8189)
(-4.1265, 3.6933, 3.677)
(-4.5182, 3.6944, 3.4651)
(-4.2369, 4.1216, 3.675)
(-4.644, 4.125, 3.5264)
(-5.0201, 4.1307, 3.3037)
(-4.7644, 4.5423, 3.5558)
(-1.6257, 0.622, 3.8382)
(-1.2625, 0.6608, 4.0207)
(-1.7742, 1.0707, 3.9455)
(-2.2006, 1.0676, 3.7769)
(-2.3328, 1.496, 3.9036)
(-2.7522, 1.5079, 3.7253)
(-2.8759, 1.9317, 3.8445)
(-3.2494, 1.9691, 3.6126)
(-3.3908, 2.3785, 3.7291)
(-3.7127, 2.4448, 3.4417)
(-3.8849, 2.8301, 3.5611)
(-4.1736, 2.9062, 3.2324)
(-4.3665, 3.2815, 3.3628)
(-4.645, 3.3573, 3.015)
(-4.8498, 3.7337, 3.1694)
(-5.1072, 3.8212, 2.8157)
(-0.9325, -0.6765, 3.4572)
(-0.7981, -0.5022, 3.8225)
(-1.0998, -0.3507, 3.6685)
(-1.424, -0.2229, 3.4569)
(-1.1766, 0.0388, 3.8912)
(-1.5111, 0.1725, 3.6768)
(-1.9236, 0.2542, 3.4197)
(-2.0592, 0.6538, 3.6135)
(-2.4682, 0.715, 3.3688)
(-2.6156, 1.1019, 3.5648)
(-2.9255, 1.211, 3.271)
(-3.0889, 1.5849, 3.4526)
(-3.2863, 1.7589, 3.0976)
(-3.5037, 2.0973, 3.2806)
(-3.6276, 2.3174, 2.9044)
(-3.9109, 2.6013, 3.0807)
(-4.0619, 2.7741, 2.685)
(-4.3878, 3.0282, 2.8509)
(-4.5682, 3.1736, 2.4553)
(-4.8621, 3.4786, 2.6356)
(-5.0387, 3.6276, 2.2497)
(-1.1152, -0.9113, 2.955)
(-1.2872, -0.5771, 3.2177)
(-1.6509, -0.4795, 2.943)
(-1.7929, -0.1226, 3.1922)
(-2.1649, -0.0189, 2.9067)
(-2.3157, 0.3429, 3.1457)
(-2.6308, 0.4818, 2.8407)
(-2.7729, 0.8447, 3.0689)
(-2.9147, 1.0668, 2.7122)
(-3.0707, 1.422, 2.912)
(-3.1077, 1.6928, 2.5397)
(-3.3583, 2.0119, 2.7236)
(-3.3973, 2.2797, 2.3485)
(-3.715, 2.5464, 2.519)
(-3.8412, 2.7271, 2.1218)
(-4.2227, 2.9271, 2.2827)
(-4.3615, 3.1105, 1.895)
(-4.7235, 3.3459, 2.0666)
(-4.826, 3.5532, 1.7438)
(-1.2912, -1.1406, 2.4105)
(-1.481, -0.8177, 2.6817)
(-1.8405, -0.7124, 2.402)
(-2.0087, -0.3704, 2.6575)
(-2.3434, -0.2384, 2.3614)
(-2.4872, 0.1209, 2.6029)
(-2.7362, 0.3146, 2.2703)
(-2.8241, 0.6924, 2.4954)
(-2.9061, 0.9486, 2.1287)
(-2.9475, 1.3367, 2.3387)
(-2.9716, 1.6144, 1.97)
(-3.1268, 1.9709, 2.169)
(-3.1738, 2.2371, 1.7919)
(-3.473, 2.5114, 1.9633)
(-3.5819, 2.723, 1.5961)
(-3.9731, 2.9103, 1.7372)
(-4.0716, 3.1439, 1.4668)
(-4.4457, 3.3465, 1.5961)
(-4.4646, 3.5884, 1.5853)
(-1.4575, -1.3567, 1.8623)
(-1.6555, -1.0393, 2.1357)
(-2.0168, -0.9287, 1.8562)
(-2.1924, -0.5931, 2.1159)
(-2.5167, -0.4419, 1.8118)
(-2.6375, -0.0675, 2.0446)
(-2.8662, 0.1465, 1.703)
(-2.9064, 0.5484, 1.9172)
(-2.9891, 0.8067, 1.5536)
(-2.9576, 1.2179, 1.7612)
(-2.9824, 1.4852, 1.3986)
(-3.0175, 1.8878, 1.6005)
(-3.0101, 2.1564, 1.2359)
(-3.2297, 2.5064, 1.4261)
(-3.304, 2.7887, 1.161)
(-3.6943, 2.9612, 1.3565)
(-3.7982, 3.1859, 1.3881)
(-4.1483, 3.3646, 1.5)
(-4.2592, 3.4881, 1.807)
(-1.6018, -1.5479, 1.302)
(-1.816, -1.2443, 1.5828)
(-2.1606, -1.1152, 1.2931)
(-2.3584, -0.7938, 1.5622)
(-2.651, -0.6154, 1.2424)
(-2.7826, -0.2463, 1.481)
(-2.9391, -0.0059, 1.1243)
(-2.9864, 0.3967, 1.341)
(-2.9733, 0.6589, 0.9785)
(-2.9747, 1.0707, 1.192)
(-2.8862, 1.3217, 0.8447)
(-2.921, 1.7308, 1.0509)
(-2.8019, 1.9026, 0.7335)
(-2.8881, 2.3399, 0.9169)
(-1.7204, -1.7111, 0.7269)
(-1.9403, -1.4151, 1.0113)
(-2.2581, -1.2648, 0.709)
(-2.4668, -0.9516, 0.9827)
(-2.7123, -0.7473, 0.6495)
(-2.85, -0.3902, 0.8964)
(-2.9179, -0.1341, 0.5369)
(-2.9524, 0.2571, 0.7609)
(-2.8903, 0.512, 0.407)
(-2.8849, 0.9117, 0.6285)
(-2.8017, 1.1477, 0.2866)
(-2.7866, 1.5325, 0.5122)
(-2.7101, 1.688, 0.1866)
(-2.6958, 2.0153, 0.4256)
(-1.8457, -1.8829, 0.1538)
(-2.0499, -1.574, 0.432)
(-2.358, -1.4187, 0.126)
(-2.5399, -1.0878, 0.391)
(-2.7586, -0.873, 0.0541)
(-2.8645, -0.5099, 0.3002)
(-2.92, -0.2552, -0.0562)
(-2.9061, 0.1247, 0.1786)
(-2.882, 0.3713, -0.1737)
(-2.8343, 0.7537, 0.0593)
(-2.7921, 0.9874, -0.2869)
(-2.7418, 1.3517, -0.0513)
(-2.6938, 1.5127, -0.3858)
(-2.6488, 1.8151, -0.1394)
(-1.9762, -2.0593, -0.4177)
(-2.1702, -1.7427, -0.1433)
(-2.4634, -1.5737, -0.4555)
(-2.6208, -1.2288, -0.1975)
(-2.8165, -1.0006, -0.5396)
(-2.8937, -0.629, -0.2965)
(-2.9546, -0.374, -0.6519)
(-2.9295, -0.0019, -0.4115)
(-2.9224, 0.2465, -0.7648)
(-2.8564, 0.6131, -0.5237)
(-2.8306, 0.8553, -0.8758)
(-2.7564, 1.1983, -0.6318)
(-2.7253, 1.3741, -0.9756)
(-2.6512, 1.6527, -0.7211)
(-2.1031, -2.2301, -0.9916)
(-2.29, -1.9082, -0.7198)
(-2.5644, -1.7231, -1.0391)
(-2.7037, -1.3673, -0.7862)
(-2.8766, -1.1265, -1.1339)
(-2.9376, -0.7484, -0.8933)
(-2.9954, -0.4871, -1.2519)
(-2.9727, -0.1173, -1.0087)
(-2.9697, 0.1406, -1.3674)
(-2.9057, 0.498, -1.1205)
(-2.8865, 0.7558, -1.4813)
(-2.807, 1.0825, -1.2302)
(-2.794, 1.28, -1.5847)
(-2.7054, 1.5368, -1.3224)
(-2.224, -2.3936, -1.5687)
(-2.404, -2.0667, -1.2991)
(-2.6594, -1.8674, -1.6248)
(-2.7822, -1.502, -1.3764)
(-2.9347, -1.2514, -1.7288)
(-2.9829, -0.8659, -1.4918)
(-3.0341, -0.597, -1.8548)
(-3.014, -0.2219, -1.6136)
(-3.0112, 0.0472, -1.9786)
(-2.9561, 0.4057, -1.7306)
(-2.9428, 0.678, -2.0992)
(-2.8741, 1.0009, -1.8449)
(-2.8787, 1.2142, -2.2064)
(-2.7995, 1.4642, -1.9405)
(-2.3398, -2.5508, -2.1482)
(-2.5121, -2.219, -1.881)
(-2.7494, -2.0077, -2.212)
(-2.8562, -1.6345, -1.9676)
(-2.9895, -1.3768, -2.3236)
(-3.0262, -0.9844, -2.0904)
(-3.0682, -0.7098, -2.4569)
(-3.0492, -0.3233, -2.2215)
(-3.0442, -0.0466, -2.5908)
(-2.9994, 0.3235, -2.3478)
(-2.9904, 0.6033, -2.7203)
(-2.9406, 0.9342, -2.4681)
(-2.9576, 1.1519, -2.8311)
(-2.9041, 1.4083, -2.5655)
(-2.4514, -2.7031, -2.7296)
(-2.6156, -2.3665, -2.4648)
(-2.8353, -2.1449, -2.8005)
(-2.9261, -1.7653, -2.5594)
(-3.0404, -1.5021, -2.9185)
(-3.0657, -1.1055, -2.6878)
(-3.0963, -0.829, -3.0559)
(-3.077, -0.4323, -2.8261)
(-3.0671, -0.1539, -3.1964)
(-3.0317, 0.2338, -2.9623)
(-3.0223, 0.5125, -3.3341)
(-2.9933, 0.8605, -3.0894)
(-3.0116, 1.0709, -3.4492)
(-2.9917, 1.3423, -3.1885)
(-2.5595, -2.8511, -3.3124)
(-2.7151, -2.51, -3.05)
(-2.9173, -2.2796, -3.3899)
(-2.992, -1.8946, -3.1519)
(-3.0867, -1.6271, -3.5137)
(-3.1001, -1.2284, -3.2845)
(-3.1174, -0.9514, -3.6535)
(-3.0962, -0.5512, -3.4256)
(-3.0786, -0.274, -3.7956)
(-3.0501, 0.1248, -3.5671)
(-3.034, 0.3981, -3.9363)
(-3.0205, 0.7617, -3.6995)
(-3.0253, 0.9609, -4.0543)
(-3.0322, 1.2477, -3.801)
(-2.6647, -2.9959, -3.8963)
(-2.8113, -2.6503, -3.6362)
(-2.9956, -2.4123, -3.98)
(-3.0536, -2.0227, -3.745)
(-3.1275, -1.7519, -4.1093)
(-3.1286, -1.3518, -3.8813)
(-3.1304, -1.075, -4.2508)
(-3.1059, -0.6743, -4.0233)
(-3.0785, -0.3981, -4.3932)
(-3.0538, 0.0027, -4.1655)
(-3.0296, 0.2745, -4.5343)
(-3.0225, 0.6424, -4.2996)
(-3.0188, 0.8383, -4.6534)
(-3.0301, 1.1294, -4.4027)
(-2.7625, -3.1309, -4.4505)
(-2.9037, -2.7872, -4.2193)
(-3.0656, -2.5363, -4.5382)
(-3.1098, -2.149, -4.3345)
(-3.16, -1.8698, -4.672)
(-3.1498, -1.475, -4.474)
(-3.1351, -1.1928, -4.8148)
(-3.106, -0.7981, -4.6165)
(-3.0696, -0.5168, -4.9571)
(-3.0456, -0.1215, -4.7586)
(-3.0175, 0.1557, -5.0983)
(-3.0133, 0.5186, -4.8934)
(-3.0121, 0.7198, -5.2212)
(-3.0245, 1.0066, -5.0032)
(-2.838, -3.2358, -4.884)
(-2.9795, -2.9014, -4.7114)
(-3.1164, -2.6306, -4.9657)
(-3.1523, -2.2547, -4.8296)
(-3.1801, -1.9603, -5.1026)
(-3.1615, -1.579, -4.9714)
(-3.1337, -1.2837, -5.246)
(-3.0998, -0.903, -5.1141)
(-3.0587, -0.6082, -5.3881)
(-3.033, -0.2268, -5.256)
(-3.0048, 0.0643, -5.5293)
(-3.0023, 0.413, -5.3903)
(-3.0041, 0.6176, -5.6333)
(-3.0227, 0.891, -5.4856)
(-0.9464, 1.6029, 4.3425)
(-0.9731, 1.9267, 4.3135)
(-1.2184, 1.9398, 4.2746)
(-1.315, 2.3004, 4.2436)
(-1.713, 2.3512, 4.1932)
(-1.8567, 2.7275, 4.163)
(-2.2492, 2.784, 4.1102)
(-2.3933, 3.1613, 4.0872)
(-2.7852, 3.2187, 4.0256)
(-2.9287, 3.5961, 3.9966)
(-3.317, 3.6534, 3.9188)
(-3.457, 4.0315, 3.8744)
(-3.8413, 4.0876, 3.7829)
(-3.9805, 4.4643, 3.7251)
(-4.3677, 4.5163, 3.6422)
(-4.512, 4.8909, 3.5768)
(-4.5931, 5.2421, 3.4412)
(-4.6565, 5.5361, 3.2773)
(-4.8819, 5.5671, 3.3709)
(-4.8496, 5.2743, 3.4755)
(-4.4808, 3.7771, 1.8795)
(-4.6059, 3.7337, 2.1058)
(-4.7944, 3.9815, 2.1142)
(-4.6901, 4.0577, 1.8983)
(-4.5138, 4.1873, 1.6512)
(-4.9107, 4.3403, 1.8718)
(-4.7289, 4.5142, 1.6782)
(-4.4421, 4.6946, 1.6868)
(-4.9071, 4.8289, 1.7593)
(-4.6202, 5.0208, 1.8515)
(-4.3103, 5.1472, 2.049)
(-4.7718, 5.3296, 2.0327)
(-4.4989, 5.4357, 2.263)
(-4.2462, 5.4435, 2.5545)
(-4.6685, 5.6935, 2.4932)
(-4.4836, 5.6454, 2.7963)
(-4.3549, 5.4593, 3.1028)
(-4.7345, 5.7694, 3.0268)
(-0.2459, 2.3491, 3.9845)
(-0.3002, 2.5948, 3.7318)
(-0.6818, 2.6037, 3.89)
(-0.599, 2.3269, 4.1034)
(-0.8043, 2.93, 3.6242)
(-1.2151, 2.9676, 3.7805)
(-1.0766, 2.6135, 4.0067)
(-1.345, 3.3419, 3.5383)
(-1.7455, 3.3958, 3.7103)
(-1.6179, 3.0205, 3.9167)
(-1.8879, 3.7345, 3.4457)
(-2.2925, 3.7891, 3.591)
(-2.1547, 3.444, 3.8325)
(-2.4459, 4.0781, 3.2746)
(-2.8436, 4.1543, 3.4227)
(-2.7045, 3.8353, 3.6999)
(-2.9786, 4.4639, 3.11)
(-3.3536, 4.5924, 3.3013)
(-3.2315, 4.2521, 3.5662)
(-3.4969, 4.8941, 2.9887)
(-3.8615, 5.0442, 3.1955)
(-3.732, 4.7127, 3.4596)
(-4.027, 5.3094, 2.8807)
(-4.2382, 5.1636, 3.3588)
(0.1164, 2.4966, 3.5475)
(-0.0192, 2.7485, 3.2332)
(-0.4093, 2.8708, 3.4465)
(-0.582, 3.1887, 3.1458)
(-0.954, 3.281, 3.3495)
(-1.1498, 3.5628, 3.0531)
(-1.5088, 3.6581, 3.2573)
(-1.7456, 3.819, 2.909)
(-2.0838, 3.9568, 3.104)
(-2.3056, 4.1159, 2.7285)
(-2.619, 4.3174, 2.9176)
(-2.8458, 4.486, 2.572)
(-3.1548, 4.7124, 2.7715)
(-3.4103, 4.8446, 2.433)
(-3.7057, 5.0991, 2.6475)
(-3.9899, 5.1813, 2.3208)
(1.0931, 2.0118, 2.5643)
(0.8279, 2.1902, 2.8316)
(1.0513, 1.9358, 2.9784)
(0.6017, 2.4578, 2.6165)
(0.3283, 2.605, 2.9453)
(0.5662, 2.3313, 3.1701)
(0.0747, 2.8977, 2.6271)
(-0.2393, 3.0535, 2.9021)
(-0.5048, 3.2932, 2.5728)
(-0.8152, 3.4421, 2.8274)
(-1.1257, 3.5241, 2.4965)
(-1.4261, 3.6669, 2.7147)
(-1.7346, 3.6921, 2.36)
(-2.0147, 3.9004, 2.5356)
(-2.3306, 3.9121, 2.2217)
(-2.5828, 4.2036, 2.3903)
(-2.9399, 4.1684, 2.1236)
(-3.1642, 4.5247, 2.268)
(-3.5091, 4.4985, 1.9764)
(-3.7322, 4.8681, 2.121)
(-4.0885, 4.8166, 1.8592)
(1.1521, 2.1122, 1.9985)
(0.8678, 2.2855, 2.3061)
(0.6233, 2.5473, 2.0097)
(0.353, 2.7255, 2.3235)
(0.0679, 2.9494, 2.0043)
(-0.212, 3.1237, 2.2989)
(-0.5487, 3.2263, 1.9865)
(-0.835, 3.3832, 2.253)
(-1.1927, 3.3972, 1.9409)
(-1.4674, 3.5344, 2.1662)
(-1.8264, 3.461, 1.8823)
(-2.079, 3.6416, 2.0708)
(-2.473, 3.49, 1.8713)
(-2.7108, 3.8096, 2.0047)
(-3.0739, 3.707, 1.7732)
(-3.2933, 4.1049, 1.8633)
(-3.6305, 4.0455, 1.5988)
(-3.8553, 4.4461, 1.7081)
(-4.2175, 4.337, 1.5665)
(1.1982, 2.1865, 1.3968)
(0.9077, 2.3685, 1.7009)
(0.6305, 2.5796, 1.4002)
(0.3461, 2.7656, 1.7032)
(0.0292, 2.9116, 1.3983)
(-0.2565, 3.0841, 1.6936)
(-0.6152, 3.1326, 1.3979)
(-0.9096, 3.2522, 1.6881)
(-1.2793, 3.1891, 1.4221)
(-1.5581, 3.3214, 1.667)
(-1.9357, 3.1409, 1.4295)
(-2.2126, 3.2901, 1.6525)
(-2.5936, 3.0873, 1.4687)
(-2.8508, 3.3424, 1.6675)
(-3.1872, 3.2455, 1.4285)
(-3.4065, 3.6403, 1.5057)
(-3.7435, 3.5695, 1.3768)
(-3.9833, 3.9468, 1.4706)
(-4.2825, 3.8408, 1.596)
(1.1773, 2.1644, 0.7929)
(0.9118, 2.3843, 1.0957)
(0.5931, 2.5343, 0.7973)
(0.3134, 2.7265, 1.1002)
(-0.0372, 2.8053, 0.8079)
(-0.3259, 2.9745, 1.1047)
(-0.7026, 2.9701, 0.8259)
(-0.9923, 3.0952, 1.1264)
(-1.3711, 2.9711, 0.8829)
(-1.6544, 3.0241, 1.1896)
(-2.0035, 2.7908, 0.9939)
(-2.2983, 2.8996, 1.2457)
(-2.641, 2.6279, 1.0921)
(-2.9569, 2.8856, 1.3022)
(-3.2945, 2.8071, 1.1633)
(-3.5049, 3.2103, 1.2911)
(-3.786, 3.1996, 1.3963)
(-4.0318, 3.5174, 1.5087)
(-4.2457, 3.4971, 1.8204)
(1.0913, 2.0523, 0.2041)
(0.8549, 2.3127, 0.4968)
(0.5138, 2.432, 0.2065)
(0.2499, 2.6392, 0.5047)
(-0.1132, 2.6966, 0.2204)
(-0.4082, 2.8283, 0.5256)
(-0.7818, 2.8219, 0.2502)
(-1.0803, 2.9101, 0.5633)
(-1.4364, 2.7778, 0.3243)
(-1.7248, 2.7804, 0.666)
(-2.0323, 2.5367, 0.4727)
(-2.31, 2.5267, 0.8167)
(-2.5323, 2.2762, 0.6235)
(-2.8784, 2.3602, 0.9145)
(0.9875, 1.9146, -0.3709)
(0.7493, 2.1722, -0.0813)
(0.4208, 2.3078, -0.3693)
(0.1614, 2.5266, -0.079)
(-0.1827, 2.6206, -0.3666)
(-0.479, 2.7366, -0.0609)
(-0.8291, 2.7187, -0.3337)
(-1.1368, 2.7538, -0.0089)
(-1.4543, 2.5886, -0.2383)
(-1.7496, 2.5717, 0.1129)
(-2.0188, 2.3247, -0.0801)
(-2.2809, 2.283, 0.2814)
(-2.4708, 2.0479, 0.0755)
(-2.684, 2.033, 0.4212)
(0.9904, 1.9176, -0.966)
(0.6963, 2.102, -0.6648)
(0.4285, 2.3165, -0.9639)
(0.1194, 2.4707, -0.6651)
(-0.1931, 2.5622, -0.9584)
(-0.5162, 2.6557, -0.6504)
(-0.8419, 2.5574, -0.9096)
(-1.1523, 2.585, -0.5794)
(-1.4403, 2.3755, -0.795)
(-1.7333, 2.3616, -0.4421)
(-1.9882, 2.1095, -0.6344)
(-2.2473, 2.0766, -0.2757)
(-2.4421, 1.8523, -0.4909)
(-2.636, 1.8294, -0.1451)
(1.0682, 2.0129, -1.5564)
(0.7441, 2.1604, -1.261)
(0.4647, 2.3339, -1.5603)
(0.1357, 2.4553, -1.2616)
(-0.1934, 2.4414, -1.5435)
(-0.5231, 2.5066, -1.2305)
(-0.835, 2.331, -1.4676)
(-1.1416, 2.3626, -1.1363)
(-1.4189, 2.122, -1.3404)
(-1.7068, 2.1291, -0.9922)
(-1.9732, 1.8797, -1.1901)
(-2.2251, 1.8674, -0.837)
(-2.4522, 1.6757, -1.0701)
(-2.637, 1.665, -0.7291)
(1.1171, 2.0655, -2.1559)
(0.7957, 2.2068, -1.8566)
(0.4787, 2.2774, -2.153)
(0.1414, 2.3661, -1.8513)
(-0.1912, 2.2436, -2.1101)
(-0.519, 2.2889, -1.7918)
(-0.8227, 2.0572, -2.0095)
(-1.124, 2.0914, -1.6772)
(-1.4165, 1.8548, -1.8867)
(-1.6992, 1.8786, -1.5429)
(-2.0047, 1.6798, -1.7633)
(-2.2462, 1.6762, -1.4125)
(-2.5171, 1.5525, -1.6703)
(-2.6907, 1.548, -1.3322)
(1.1301, 2.0611, -2.7596)
(0.8123, 2.1824, -2.4547)
(0.479, 2.1443, -2.7327)
(0.1444, 2.1908, -2.4219)
(-0.1861, 1.998, -2.6621)
(-0.5104, 2.0254, -2.3378)
(-0.8317, 1.8134, -2.5646)
(-1.1289, 1.8275, -2.2263)
(-1.4615, 1.6703, -2.4631)
(-1.7375, 1.6744, -2.1153)
(-2.0883, 1.5857, -2.3632)
(-2.3231, 1.5665, -2.0127)
(-2.6203, 1.5024, -2.2873)
(-2.7851, 1.476, -1.9497)
(1.1127, 2.0062, -3.3609)
(0.8017, 2.0963, -3.0473)
(0.4573, 1.9965, -3.3139)
(0.1396, 1.9843, -2.9867)
(-0.2058, 1.8244, -3.237)
(-0.522, 1.8116, -2.9015)
(-0.8773, 1.7085, -3.1542)
(-1.177, 1.6846, -2.8099)
(-1.5435, 1.6579, -3.0654)
(-1.8229, 1.6157, -2.7151)
(-2.1949, 1.6033, -2.9754)
(-2.4322, 1.5474, -2.6285)
(-2.7268, 1.4749, -2.9089)
(-2.8899, 1.4208, -2.5738)
(1.0775, 1.9475, -3.9639)
(0.7694, 2.0041, -3.6421)
(0.4156, 1.9283, -3.9108)
(0.1073, 1.8655, -3.5735)
(-0.2561, 1.7976, -3.8354)
(-0.5672, 1.7451, -3.4952)
(-0.9399, 1.7517, -3.7537)
(-1.2476, 1.7015, -3.4113)
(-1.6226, 1.7326, -3.668)
(-1.9185, 1.6686, -3.3232)
(-2.2813, 1.623, -3.5872)
(-2.5327, 1.5421, -3.246)
(-2.8026, 1.4204, -3.5262)
(-2.9776, 1.3553, -3.1961)
(1.029, 1.9003, -4.5672)
(0.7256, 1.9596, -4.2431)
(0.3636, 1.934, -4.5115)
(0.0539, 1.8649, -4.1743)
(-0.317, 1.8684, -4.4337)
(-0.6288, 1.8067, -4.0945)
(-1.0033, 1.8537, -4.3502)
(-1.3148, 1.7937, -4.0097)
(-1.6843, 1.7954, -4.2698)
(-1.99, 1.7132, -3.9291)
(-2.329, 1.6001, -4.1953)
(-2.5915, 1.4995, -3.8583)
(-2.8271, 1.3314, -4.1331)
(-3.0175, 1.2605, -3.8068)
(0.969, 1.8445, -5.1678)
(0.674, 1.9453, -4.8445)
(0.3088, 1.9687, -5.1104)
(-0.0044, 1.9326, -4.772)
(-0.376, 1.9685, -5.0292)
(-0.6904, 1.9127, -4.69)
(-1.061, 1.9357, -4.9491)
(-1.3738, 1.8695, -4.6095)
(-1.7305, 1.8036, -4.8744)
(-2.035, 1.7072, -4.535)
(-2.3521, 1.534, -4.8005)
(-2.6118, 1.4214, -4.4639)
(-2.8283, 1.2228, -4.7343)
(-3.0148, 1.1418, -4.4066)
(0.8992, 1.7686, -5.7329)
(0.615, 1.9193, -5.4402)
(0.2557, 1.9822, -5.677)
(-0.0602, 1.9992, -5.3659)
(-0.4262, 2.0346, -5.596)
(-0.7455, 1.9936, -5.2846)
(-1.106, 1.9629, -5.519)
(-1.4208, 1.8877, -5.2093)
(-1.761, 1.7623, -5.446)
(-2.0628, 1.653, -5.1359)
(-2.3654, 1.4491, -5.3701)
(-2.6193, 1.323, -5.0622)
(-2.8314, 1.1174, -5.3048)
(-3.0105, 1.0204, -5.0069)
(0.8381, 1.7041, -6.1706)
(0.5611, 1.8892, -5.9406)
(0.2191, 2.0089, -6.1087)
(-0.1017, 2.0493, -5.8651)
(-0.4586, 2.0848, -6.0288)
(-0.7854, 2.0297, -5.7868)
(-1.1343, 1.9553, -5.9555)
(-1.4506, 1.8615, -5.7135)
(-1.7789, 1.7097, -5.8821)
(-2.0796, 1.5854, -5.6389)
(-2.3758, 1.3786, -5.8048)
(-2.6263, 1.237, -5.5628)
(-2.8281, 1.0526, -5.7242)
(-3.005, 0.9381, -5.4961)
(-0.5407, 2.1376, 4.2357)
(-0.9436, 2.2998, 4.1795)
(-0.8545, 2.0852, 4.2869)
(-1.4683, 2.6656, 4.0895)
(-1.3053, 2.318, 4.2383)
(-2.0078, 3.0935, 4.0115)
(-1.8495, 2.7473, 4.1597)
(-2.5491, 3.5151, 3.9202)
(-2.389, 3.1834, 4.0886)
(-3.0886, 3.9283, 3.7968)
(-2.9257, 3.6175, 4.0029)
(-3.6014, 4.3738, 3.6745)
(-3.4538, 4.0521, 3.8815)
(-4.112, 4.8224, 3.5497)
(-3.9753, 4.4848, 3.7295)
(-4.5028, 4.9091, 3.5765)
(6.2355, -3.4897, 3.5256)
(5.0124, -3.3888, 1.9573)
(5.202, -3.6151, 1.7113)
(5.3209, -3.9543, 1.833)
(5.4753, -4.1043, 2.3726)
(5.6944, -4.0757, 2.9321)
(5.9866, -3.8362, 3.3674)
(1.6734, -0.8548, 4.1994)
(2.1592, -1.1833, 4.1369)
(2.7233, -1.5829, 4.0717)
(3.2903, -1.9792, 3.9962)
(3.8566, -2.3685, 3.8935)
(4.4201, -2.7473, 3.754)
(4.9805, -3.1214, 3.5976)
(5.5338, -3.5011, 3.4626)
(1.2574, -1.2159, 3.9769)
(1.805, -1.6128, 3.9227)
(2.3754, -2.0289, 3.8786)
(2.9464, -2.4127, 3.7933)
(3.5191, -2.7712, 3.6498)
(4.0886, -3.1116, 3.4621)
(4.6561, -3.4481, 3.2623)
(5.2238, -3.782, 3.0778)
(-0.3176, -0.9902, 3.6522)
(0.2778, -1.2797, 3.6793)
(0.9028, -1.5882, 3.6449)
(1.4988, -2.0082, 3.5912)
(2.0865, -2.3797, 3.5183)
(2.689, -2.6631, 3.3714)
(3.2985, -2.9009, 3.1845)
(3.866, -3.1944, 2.9658)
(4.4132, -3.5382, 2.7384)
(4.9873, -3.8507, 2.5332)
(-0.4714, -1.202, 3.2195)
(0.0931, -1.5793, 3.2083)
(0.6795, -1.944, 3.171)
(1.2786, -2.3006, 3.1153)
(1.9018, -2.5207, 2.997)
(2.5475, -2.6212, 2.8184)
(3.19, -2.7429, 2.626)
(3.7438, -3.0354, 2.4014)
(4.2563, -3.4264, 2.1688)
(4.8172, -3.7583, 1.9691)
(-0.6492, -1.4455, 2.6836)
(-0.0849, -1.848, 2.6731)
(0.5043, -2.2067, 2.6357)
(1.1291, -2.4699, 2.5574)
(1.7783, -2.5158, 2.4191)
(2.4373, -2.4497, 2.256)
(3.0868, -2.517, 2.0735)
(3.6489, -2.8063, 1.8491)
(4.1782, -3.1771, 1.6439)
(4.7323, -3.4548, 1.6105)
(-0.8152, -1.6715, 2.1372)
(-0.2496, -2.0848, 2.1304)
(0.3517, -2.4313, 2.0881)
(1.0048, -2.6266, 1.9873)
(1.6683, -2.5845, 1.8412)
(2.3247, -2.4219, 1.6848)
(2.9871, -2.3527, 1.5135)
(3.6021, -2.5377, 1.3752)
(4.1388, -2.8858, 1.3989)
(4.6261, -3.1715, 1.6671)
(-0.9688, -1.8804, 1.5844)
(-0.3996, -2.2995, 1.5777)
(0.213, -2.6393, 1.5306)
(0.8805, -2.7811, 1.4156)
(1.5423, -2.6726, 1.2664)
(2.1743, -2.4338, 1.1218)
(2.7696, -2.2154, 0.9856)
(-1.0999, -2.0528, 1.0153)
(-0.525, -2.4584, 1.0024)
(0.0954, -2.7729, 0.9478)
(0.7523, -2.8369, 0.8317)
(1.3822, -2.6496, 0.6934)
(1.9791, -2.3774, 0.5682)
(2.4847, -2.1331, 0.4666)
(-1.2246, -2.2133, 0.4398)
(-0.6411, -2.5903, 0.4171)
(-0.0117, -2.8526, 0.3517)
(0.6288, -2.8524, 0.2411)
(1.2286, -2.64, 0.1185)
(1.8042, -2.3827, 0.0024)
(2.2892, -2.1453, -0.0969)
(-1.3571, -2.3867, -0.1318)
(-0.7616, -2.7338, -0.1645)
(-0.119, -2.9382, -0.2426)
(0.5199, -2.9081, -0.3533)
(1.1074, -2.7019, -0.4675)
(1.6688, -2.4443, -0.5788)
(2.1408, -2.2006, -0.6779)
(-1.488, -2.5597, -0.7043)
(-0.8786, -2.8762, -0.7469)
(-0.2238, -3.032, -0.8363)
(0.4197, -2.9799, -0.9508)
(1.0103, -2.7804, -1.0642)
(1.5723, -2.526, -1.1761)
(2.0442, -2.284, -1.2777)
(-1.6136, -2.7255, -1.2798)
(-0.992, -3.0116, -1.3315)
(-0.3273, -3.1247, -1.4309)
(0.3246, -3.0506, -1.5525)
(0.9285, -2.8521, -1.6717)
(1.505, -2.6061, -1.7887)
(1.9917, -2.3819, -1.8942)
(-1.7343, -2.8841, -1.8581)
(-1.1026, -3.1406, -1.9179)
(-0.4316, -3.215, -2.0256)
(0.2288, -3.1179, -2.1554)
(0.8509, -2.9146, -2.2845)
(1.4488, -2.6778, -2.4096)
(1.9559, -2.4792, -2.5187)
(-1.8509, -3.0368, -2.4385)
(-1.2112, -3.2646, -2.5056)
(-0.5372, -3.302, -2.6202)
(0.1262, -3.1815, -2.7558)
(0.763, -2.9703, -2.8939)
(1.3823, -2.7394, -3.0282)
(1.9079, -2.5638, -3.1413)
(-1.9642, -3.1846, -3.0206)
(-1.3183, -3.3841, -3.0944)
(-0.6437, -3.3849, -3.2151)
(0.0167, -3.2402, -3.3538)
(0.6576, -3.0197, -3.4957)
(1.2887, -2.7892, -3.6358)
(1.8243, -2.6219, -3.7528)
(-2.0749, -3.3282, -3.6039)
(-1.4242, -3.4994, -3.684)
(-0.7513, -3.463, -3.8103)
(-0.0967, -3.2922, -3.9511)
(0.5411, -3.06, -4.0936)
(1.1731, -2.8254, -4.2349)
(1.71, -2.6545, -4.3538)
(-2.1828, -3.4677, -4.1843)
(-1.5289, -3.6095, -4.2702)
(-0.8598, -3.5347, -4.4018)
(-0.2126, -3.3361, -4.5442)
(0.4203, -3.0901, -4.6867)
(1.0508, -2.8507, -4.8281)
(1.589, -2.6805, -4.9492)
(-2.2736, -3.5846, -4.6781)
(-1.6168, -3.6986, -4.763)
(-0.9526, -3.5896, -4.8984)
(-0.3125, -3.3671, -5.0417)
(0.3162, -3.1096, -5.1841)
(0.9457, -2.8672, -5.3255)
(1.4827, -2.7024, -5.4424)
(1.9944, -0.5297, 4.3092)
(2.4608, -0.7957, 4.2345)
(3.0209, -1.1884, 4.1514)
(3.5875, -1.5819, 4.069)
(4.154, -1.9741, 3.9754)
(4.7187, -2.3598, 3.8531)
(5.2797, -2.7422, 3.7101)
(5.8313, -3.1341, 3.5841)
(6.5277, -3.0576, 3.404)
(5.0273, -3.3738, 2.0149)
(5.4209, -3.3399, 1.7645)
(5.8901, -3.1701, 1.7178)
(6.3104, -2.9097, 2.0377)
(6.6052, -2.7371, 2.5215)
(6.6748, -2.8075, 3.0637)
(2.499, 0.2507, 3.941)
(2.9282, -0.1324, 3.8336)
(3.4699, -0.5377, 3.7437)
(4.0212, -0.9343, 3.6585)
(4.5302, -1.3645, 3.5055)
(5.0613, -1.7631, 3.3569)
(5.6374, -2.1201, 3.2481)
(6.2054, -2.4882, 3.1474)
(2.6197, 0.6043, 3.4962)
(3.1437, 0.2019, 3.3977)
(3.6873, -0.212, 3.3054)
(4.1612, -0.6668, 3.1866)
(4.6243, -1.1118, 3.0079)
(5.1437, -1.5123, 2.84)
(5.673, -1.9239, 2.7074)
(6.1867, -2.3556, 2.5968)
(1.5988, 1.5798, 2.7855)
(2.1452, 1.232, 2.895)
(2.6979, 0.8205, 2.9312)
(3.2765, 0.3933, 2.8618)
(3.7414, -0.0828, 2.7777)
(4.1102, -0.6048, 2.6255)
(4.5329, -1.0771, 2.4558)
(4.9948, -1.5428, 2.3328)
(5.4764, -1.9995, 2.1924)
(5.9479, -2.4687, 2.0744)
(1.6701, 1.6646, 2.2968)
(2.2368, 1.2992, 2.3188)
(2.7771, 0.8759, 2.3068)
(3.3004, 0.4183, 2.2583)
(3.6866, -0.1198, 2.1996)
(3.9459, -0.6994, 2.1142)
(4.2381, -1.2631, 2.0416)
(4.6311, -1.7878, 1.9446)
(5.1089, -2.2334, 1.7761)
(5.5663, -2.71, 1.6796)
(1.7359, 1.7506, 1.6989)
(2.2769, 1.3273, 1.7029)
(2.775, 0.8537, 1.6903)
(3.2321, 0.346, 1.6653)
(3.5473, -0.2352, 1.6599)
(3.7071, -0.8772, 1.6535)
(3.8689, -1.516, 1.6753)
(4.2129, -2.0348, 1.5946)
(4.6831, -2.482, 1.4575)
(5.1073, -2.9517, 1.5455)
(1.7462, 1.7667, 1.0944)
(2.2535, 1.2985, 1.0972)
(2.703, 0.7773, 1.096)
(3.0963, 0.2163, 1.0953)
(3.3251, -0.4061, 1.1453)
(3.3915, -1.0618, 1.2175)
(3.4796, -1.7217, 1.2844)
(3.8124, -2.2602, 1.29)
(4.2928, -2.6754, 1.3689)
(4.7011, -3.0766, 1.6973)
(1.6864, 1.6904, 0.4965)
(2.1887, 1.2157, 0.5002)
(2.6029, 0.6716, 0.5112)
(2.9446, 0.0768, 0.5307)
(3.1449, -0.5532, 0.5972)
(3.1142, -1.2004, 0.742)
(3.0619, -1.8073, 0.8731)
(1.5742, 1.5468, -0.081)
(2.0844, 1.0816, -0.0774)
(2.5319, 0.5688, -0.0711)
(2.8524, -0.0176, -0.0474)
(2.9782, -0.6474, 0.0357)
(2.9021, -1.2716, 0.1956)
(2.7663, -1.7939, 0.3553)
(1.515, 1.4681, -0.6657)
(2.0377, 1.017, -0.6593)
(2.4983, 0.5156, -0.6594)
(2.7627, -0.0759, -0.6308)
(2.7933, -0.7024, -0.5254)
(2.6898, -1.3065, -0.3581)
(2.5577, -1.8139, -0.2058)
(1.5718, 1.5352, -1.2597)
(2.074, 1.0642, -1.2574)
(2.4371, 0.4998, -1.2514)
(2.5832, -0.1317, -1.1984)
(2.5632, -0.7501, -1.0748)
(2.4666, -1.3461, -0.9118)
(2.3744, -1.8579, -0.778)
(1.643, 1.626, -1.8527)
(2.0673, 1.0933, -1.8534)
(2.2921, 0.462, -1.8287)
(2.3294, -0.19, -1.7422)
(2.2961, -0.8104, -1.614)
(2.2533, -1.4159, -1.474)
(2.2359, -1.9384, -1.3672)
(1.662, 1.6596, -2.4559)
(1.9765, 1.0735, -2.4408)
(2.0685, 0.4034, -2.3842)
(2.0607, -0.2618, -2.2828)
(2.0652, -0.8974, -2.1705)
(2.1195, -1.5163, -2.0604)
(2.1785, -2.046, -1.9769)
(1.6323, 1.6452, -3.0585)
(1.8331, 1.0202, -3.0191)
(1.853, 0.3358, -2.944)
(1.8906, -0.3401, -2.8548)
(1.987, -0.9895, -2.7616)
(2.118, -1.6197, -2.6678)
(2.1793, -2.1583, -2.5976)
(1.5809, 1.6007, -3.6604)
(1.7304, 0.9567, -3.608)
(1.7643, 0.2726, -3.5328)
(1.8839, -0.4007, -3.4524)
(2.0577, -1.0556, -3.3656)
(2.1781, -1.7061, -3.2805)
(2.1701, -2.2586, -3.2181)
(1.5384, 1.5465, -4.264)
(1.7126, 0.9026, -4.2085)
(1.8084, 0.226, -4.1332)
(1.986, -0.4366, -4.05)
(2.1561, -1.0992, -3.9665)
(2.1989, -1.7687, -3.8903)
(2.1139, -2.3252, -3.8303)
(1.5059, 1.4831, -4.8662)
(1.7548, 0.8605, -4.808)
(1.9195, 0.1964, -4.7285)
(2.104, -0.4646, -4.646)
(2.2109, -1.1381, -4.5692)
(2.1644, -1.8118, -4.4969)
(2.0187, -2.3603, -4.4334)
(1.4653, 1.4018, -5.4609)
(1.8046, 0.8182, -5.4027)
(2.0269, 0.1707, -5.3208)
(2.1774, -0.4966, -5.2425)
(2.2038, -1.1789, -5.1702)
(2.0913, -1.8488, -5.0966)
(1.9113, -2.3906, -5.0312)
(1.4192, 1.3188, -5.9622)
(1.843, 0.7837, -5.9015)
(2.0985, 0.1502, -5.8201)
(2.1955, -0.5276, -5.7458)
(2.1614, -1.2139, -5.674)
(2.017, -1.8804, -5.5985)
(1.8262, -2.4161, -5.5283)
(2.32, -0.0904, 4.2111)
(2.7036, -0.4634, 4.1354)
(3.2518, -0.8688, 4.0492)
(3.8134, -1.2668, 3.9692)
(4.3624, -1.6728, 3.8605)
(4.9206, -2.059, 3.7357)
(5.4953, -2.4217, 3.6122)
(6.0622, -2.7896, 3.4918)
(-5.0874, 5.0128, 3.526)
(-4.6585, 3.8651, 1.9543)
(-4.9304, 3.9801, 1.7092)
(-5.2871, 3.9988, 1.8341)
(-5.4696, 4.1086, 2.3752)
(-5.5006, 4.3291, 2.9342)
(-5.3508, 4.6773, 3.3689)
(-1.2854, 1.366, 4.2002)
(-1.7362, 1.7411, 4.1374)
(-2.2773, 2.1712, 4.0723)
(-2.816, 2.605, 3.997)
(-3.3478, 3.0403, 3.8944)
(-3.8688, 3.4759, 3.7551)
(-4.3843, 3.9097, 3.5989)
(-4.9031, 4.3355, 3.4639)
(-1.5163, 0.8658, 3.9777)
(-2.0499, 1.2812, 3.9231)
(-2.6086, 1.7127, 3.8795)
(-3.1363, 2.1539, 3.7943)
(-3.6401, 2.6041, 3.6506)
(-4.1262, 3.056, 3.4634)
(-4.6081, 3.507, 3.2643)
(-5.0873, 3.959, 3.0798)
(-0.8603, -0.5832, 3.6524)
(-1.3047, -0.0926, 3.6799)
(-1.7748, 0.4216, 3.6454)
(-2.344, 0.8768, 3.5914)
(-2.8626, 1.3383, 3.5185)
(-3.3013, 1.8385, 3.3714)
(-3.7016, 2.3569, 3.1846)
(-4.1437, 2.8192, 2.9669)
(-4.6278, 3.2481, 2.7405)
(-5.0892, 3.7113, 2.5357)
(-1.0207, -0.7897, 3.2196)
(-1.5408, -0.353, 3.2084)
(-2.0542, 0.1087, 3.1709)
(-2.5623, 0.5854, 3.1151)
(-2.9343, 1.1269, 2.9986)
(-3.2101, 1.7183, 2.8193)
(-3.5198, 2.2962, 2.6251)
(-3.9582, 2.7456, 2.4019)
(-4.4786, 3.1275, 2.1706)
(-4.9561, 3.5714, 1.9713)
(-1.2051, -1.0282, 2.6835)
(-1.7492, -0.5987, 2.673)
(-2.2578, -0.1324, 2.6353)
(-2.6834, 0.3954, 2.5566)
(-2.8981, 1.0099, 2.4204)
(-3.019, 1.66, 2.2563)
(-3.2766, 2.26, 2.0712)
(-3.7143, 2.7178, 1.8485)
(-4.2203, 3.121, 1.6443)
(-4.6437, 3.5742, 1.6104)
(-1.3758, -1.2506, 2.1371)
(-1.9305, -0.8229, 2.1303)
(-2.4312, -0.3421, 2.0877)
(-2.801, 0.2307, 1.9867)
(-2.9473, 0.8799, 1.8404)
(-2.9756, 1.5555, 1.6828)
(-3.095, 2.21, 1.5106)
(-3.4463, 2.7478, 1.3732)
(-3.9313, 3.1651, 1.3977)
(-4.342, 3.5537, 1.6653)
(-1.5334, -1.4565, 1.5843)
(-2.0949, -1.0271, 1.5776)
(-2.5925, -0.5341, 1.5305)
(-2.9157, 0.067, 1.4153)
(-2.9974, 0.7327, 1.2658)
(-2.9458, 1.4063, 1.1204)
(-2.9035, 2.0388, 0.9834)
(-1.6623, -1.6307, 1.0153)
(-2.2123, -1.192, 1.0023)
(-2.6879, -0.6846, 0.9476)
(-2.9334, -0.072, 0.8314)
(-2.9296, 0.5851, 0.6929)
(-2.835, 1.2344, 0.5673)
(-2.7418, 1.7881, 0.4655)
(-1.7816, -1.7954, 0.4397)
(-2.3065, -1.3406, 0.4169)
(-2.7344, -0.8098, 0.3514)
(-2.9131, -0.1949, 0.2408)
(-2.8757, 0.4402, 0.1181)
(-2.7885, 1.0647, 0.0018)
(-2.6956, 1.5966, -0.0976)
(-1.911, -1.9713, -0.1318)
(-2.4108, -1.4967, -0.1646)
(-2.7864, -0.9369, -0.2428)
(-2.9351, -0.3151, -0.3537)
(-2.8995, 0.3065, -0.468)
(-2.8075, 0.9173, -0.5794)
(-2.7045, 1.4384, -0.6785)
(-2.0404, -2.1456, -0.7043)
(-2.5146, -1.6491, -0.747)
(-2.8467, -1.0638, -0.8366)
(-2.975, -0.4313, -0.9514)
(-2.9464, 0.1914, -1.0647)
(-2.8577, 0.8019, -1.1766)
(-2.7565, 1.3224, -1.2782)
(-2.1642, -2.3127, -1.2798)
(-2.6125, -1.7958, -1.3317)
(-2.906, -1.1889, -1.4314)
(-3.0152, -0.5421, -1.5532)
(-2.9914, 0.093, -1.6723)
(-2.9153, 0.7152, -1.7892)
(-2.8359, 1.2452, -1.8946)
(-2.2824, -2.4729, -1.8582)
(-2.705, -1.938, -1.9182)
(-2.9626, -1.3141, -2.0263)
(-3.0518, -0.6527, -2.1562)
(-3.0289, 0.0014, -2.2851)
(-2.9682, 0.6415, -2.41)
(-2.92, 1.184, -2.5189)
(-2.396, -2.6275, -2.4387)
(-2.7928, -2.0766, -2.5061)
(-3.0155, -1.4395, -2.621)
(-3.0831, -0.7687, -2.7567)
(-3.057, -0.0983, -2.8946)
(-3.0087, 0.5609, -3.0286)
(-2.9888, 1.1147, -3.1415)
(-2.5058, -2.7776, -3.0209)
(-2.8768, -2.2125, -3.0951)
(-3.0642, -1.5646, -3.2161)
(-3.1078, -0.89, -3.3548)
(-3.0743, -0.213, -3.4965)
(-3.0306, 0.4575, -3.6363)
(-3.0224, 1.0186, -3.753)
(-2.6124, -2.9239, -3.6042)
(-2.957, -2.3462, -3.6849)
(-3.1079, -1.6895, -3.8115)
(-3.1249, -1.0131, -3.9522)
(-3.0799, -0.3358, -4.0945)
(-3.0333, 0.3368, -4.2355)
(-3.023, 0.9002, -4.3541)
(-2.7158, -3.0663, -4.1847)
(-3.0326, -2.4771, -4.2713)
(-3.1453, -1.8134, -4.403)
(-3.1337, -1.1364, -4.5453)
(-3.0747, -0.4599, -4.6876)
(-3.024, 0.2126, -4.8288)
(-3.0154, 0.777, -4.9496)
(-2.8023, -3.1861, -4.6786)
(-3.0928, -2.5862, -4.7642)
(-3.1711, -1.9176, -4.8997)
(-3.1348, -1.2408, -5.0429)
(-3.0641, -0.5651, -5.185)
(-3.0111, 0.1074, -5.3263)
(-3.0085, 0.6691, -5.4428)
(-1.0627, 1.765, 4.3099)
(-1.448, 2.1388, 4.235)
(-1.9814, 2.5672, 4.1516)
(-2.5174, 3.0013, 4.0691)
(-3.052, 3.436, 3.9757)
(-3.5797, 3.8708, 3.8533)
(-4.1033, 4.3028, 3.7104)
(-4.6334, 4.7233, 3.5846)
(-4.7549, 5.4129, 3.4036)
(-4.6488, 3.8833, 2.0119)
(-4.7242, 4.2712, 1.762)
(-4.6875, 4.7706, 1.7172)
(-4.5532, 5.2462, 2.0375)
(-4.4689, 5.5769, 2.5214)
(-4.5557, 5.624, 3.0635)
(-0.4539, 2.4673, 3.9401)
(-0.9418, 2.7719, 3.8324)
(-1.4815, 3.1805, 3.7446)
(-2.0159, 3.5996, 3.6602)
(-2.5713, 3.9675, 3.506)
(-3.1023, 4.3659, 3.3565)
(-3.6057, 4.8197, 3.2476)
(-4.1179, 5.2623, 3.1469)
(-0.1468, 2.6824, 3.4953)
(-0.6794, 3.0731, 3.3968)
(-1.2287, 3.4804, 3.3069)
(-1.7979, 3.8085, 3.189)
(-2.3551, 4.128, 3.0092)
(-2.8851, 4.5141, 2.8397)
(-3.4278, 4.9082, 2.7068)
(-3.9857, 5.2814, 2.5963)
(1.0705, 1.9712, 2.7857)
(0.5842, 2.3995, 2.8957)
(0.0467, 2.83, 2.9352)
(-0.524, 3.2652, 2.8665)
(-1.1192, 3.567, 2.7797)
(-1.7249, 3.7745, 2.6277)
(-2.2982, 4.0468, 2.4564)
(-2.8741, 4.3613, 2.3316)
(-3.4465, 4.6978, 2.1918)
(-4.0287, 5.0204, 2.0743)
(1.1212, 2.0606, 2.2953)
(0.6142, 2.5078, 2.3183)
(0.0784, 2.9365, 2.3154)
(-0.5186, 3.2711, 2.2796)
(-1.1537, 3.4688, 2.2143)
(-1.7723, 3.5875, 2.1147)
(-2.3961, 3.7115, 2.0406)
(-3.0093, 3.9436, 1.944)
(-3.5703, 4.2792, 1.7763)
(-4.1555, 4.5866, 1.6799)
(1.1806, 2.1579, 1.6979)
(0.6306, 2.5727, 1.7035)
(0.0517, 2.9409, 1.6987)
(-0.5803, 3.1842, 1.6912)
(-1.2348, 3.3003, 1.6801)
(-1.8839, 3.3108, 1.6524)
(-2.5402, 3.2888, 1.6735)
(-3.1328, 3.4725, 1.5955)
(-3.6926, 3.8009, 1.458)
(-4.2631, 4.0778, 1.5443)
(1.197, 2.1884, 1.0943)
(0.6176, 2.5654, 1.0979)
(-0.0016, 2.8632, 1.1021)
(-0.6574, 3.0571, 1.1106)
(-1.3262, 3.0775, 1.1563)
(-1.9751, 2.96, 1.2167)
(-2.6319, 2.8596, 1.2822)
(-3.2397, 3.0262, 1.2894)
(-3.7714, 3.3727, 1.368)
(-4.2716, 3.653, 1.695)
(1.1414, 2.118, 0.4957)
(0.5589, 2.4907, 0.4994)
(-0.0743, 2.7481, 0.5139)
(-0.7452, 2.8888, 0.5395)
(-1.4091, 2.872, 0.6049)
(-2.0231, 2.6526, 0.7429)
(-2.5936, 2.4339, 0.8711)
(1.0331, 1.9751, -0.0824)
(0.4605, 2.3607, -0.0809)
(-0.153, 2.6539, -0.0727)
(-0.81, 2.7709, -0.0416)
(-1.4509, 2.6845, 0.0428)
(-2.0298, 2.4294, 0.197)
(-2.4949, 2.1536, 0.3543)
(0.974, 1.8968, -0.6672)
(0.4139, 2.2995, -0.6647)
(-0.1932, 2.5943, -0.6624)
(-0.839, 2.6476, -0.6234)
(-1.4497, 2.4866, -0.5179)
(-2.0036, 2.219, -0.3574)
(-2.4533, 1.9486, -0.2066)
(1.0273, 1.9634, -1.2615)
(0.4481, 2.3318, -1.2625)
(-0.1929, 2.5118, -1.2527)
(-0.8401, 2.4517, -1.1912)
(-1.429, 2.2535, -1.0689)
(-1.9766, 1.9948, -0.9112)
(-2.4413, 1.7603, -0.7784)
(1.0982, 2.0472, -1.8548)
(0.4742, 2.3164, -1.8578)
(-0.1932, 2.3519, -1.8296)
(-0.828, 2.1967, -1.7392)
(-1.4131, 1.9854, -1.6114)
(-1.9821, 1.771, -1.4735)
(-2.4785, 1.6054, -1.3676)
(1.1276, 2.0704, -2.4579)
(0.4808, 2.218, -2.444)
(-0.1874, 2.1202, -2.3856)
(-0.823, 1.924, -2.2833)
(-1.4327, 1.7441, -2.1705)
(-2.0412, 1.6165, -2.0605)
(-2.566, 1.5206, -1.9775)
(1.1245, 2.0373, -3.0604)
(0.4711, 2.0654, -3.0218)
(-0.1917, 1.895, -2.9457)
(-0.8508, 1.7403, -2.8562)
(-1.5004, 1.6453, -2.7627)
(-2.1415, 1.5868, -2.6688)
(-2.6752, 1.4895, -2.5981)
(1.0969, 1.9753, -3.6622)
(0.4384, 1.9511, -3.6108)
(-0.2282, 1.7941, -3.5348)
(-0.9077, 1.7163, -3.4541)
(-1.585, 1.6916, -3.3672)
(-2.2426, 1.6174, -3.2817)
(-2.7702, 1.452, -3.2185)
(1.0547, 1.9233, -4.2657)
(0.3903, 1.9242, -4.2113)
(-0.2862, 1.825, -4.1352)
(-0.972, 1.8011, -4.0522)
(-1.6556, 1.7693, -3.9686)
(-2.3095, 1.6174, -3.8917)
(-2.8198, 1.3793, -3.8307)
(1.0007, 1.8751, -4.868)
(0.3365, 1.9521, -4.811)
(-0.3471, 1.9198, -4.7312)
(-1.0332, 1.9005, -4.6491)
(-1.7093, 1.807, -4.5718)
(-2.3425, 1.5714, -4.4982)
(-2.8286, 1.2784, -4.4339)
(0.9341, 1.8071, -5.4625)
(0.2809, 1.9765, -5.4062)
(-0.4031, 2.0057, -5.3247)
(-1.0856, 1.9557, -5.2463)
(-1.7477, 1.7868, -5.1729)
(-2.3594, 1.4913, -5.098)
(-2.8295, 1.1674, -5.0317)
(0.8675, 1.7348, -5.9636)
(0.2358, 1.9936, -5.9056)
(-0.444, 2.0603, -5.8251)
(-1.1216, 1.9613, -5.7499)
(-1.7709, 1.7362, -5.6767)
(-2.3708, 1.4121, -5.6001)
(-2.8322, 1.0798, -5.529)
(-0.7312, 2.2014, 4.2114)
(-1.1968, 2.4647, 4.1355)
(-1.7389, 2.8782, 4.0495)
(-2.2777, 3.3065, 3.9697)
(-2.821, 3.7197, 3.8602)
(-3.3473, 4.148, 3.7351)
(-3.8556, 4.5991, 3.6119)
(-4.3672, 5.0409, 3.4916)
