(-3.1119, -0.7398, -5.629)
(-2.4723, -0.8766, -5.8135)
(-1.7973, -0.8554, -5.9592)
(-1.1189, -0.7724, -6.0795)
(-0.4401, -0.6866, -6.1978)
(-3.0091, -0.849, -5.2105)
(-2.3787, -1.0134, -5.4056)
(0.1998, -0.6356, -6.3211)
(-1.7063, -1.0179, -5.56)
(0.6232, -0.6642, -6.3523)
(-1.028, -0.9493, -5.6862)
(-0.3492, -0.8688, -5.8068)
(0.2917, -0.8168, -5.9314)
(0.7743, -0.7985, -6.0776)
(-2.8746, -0.9885, -4.667)
(-2.2558, -1.1873, -4.8706)
(-1.5878, -1.2242, -5.0353)
(-0.9098, -1.1749, -5.1692)
(-0.2309, -1.1023, -5.2932)
(0.4097, -1.0505, -5.4176)
(0.896, -1.0371, -5.5243)
(-2.7302, -1.1333, -4.0919)
(-2.1247, -1.3662, -4.3025)
(-1.4625, -1.4358, -4.4771)
(-0.7855, -1.4057, -4.6182)
(-0.107, -1.3408, -4.7453)
(0.5326, -1.2924, -4.8701)
(1.0194, -1.2861, -4.9797)
(-2.5828, -1.2749, -3.5166)
(-1.9923, -1.5407, -3.7333)
(-1.3374, -1.6412, -3.9164)
(-0.6629, -1.6276, -4.0626)
(0.0114, -1.5674, -4.1892)
(0.6451, -1.5188, -4.3104)
(1.1326, -1.5185, -4.4214)
(-2.4318, -1.4129, -2.941)
(-1.8583, -1.7114, -3.1631)
(-1.213, -1.8415, -3.3533)
(-0.5467, -1.842, -3.5002)
(0.1118, -1.7828, -3.6182)
(0.7324, -1.7226, -3.7273)
(1.2136, -1.6949, -3.823)
(-2.2762, -1.5466, -2.3655)
(-1.7225, -1.8783, -2.5921)
(-1.0907, -2.0381, -2.7876)
(-0.4409, -2.0505, -2.9295)
(0.1978, -1.9886, -3.0354)
(0.8036, -1.9098, -3.1296)
(1.2745, -1.8456, -3.2075)
(-2.1151, -1.6752, -1.7901)
(-1.5848, -2.0412, -2.0203)
(-0.9705, -2.232, -2.2199)
(-0.337, -2.2525, -2.356)
(0.2859, -2.1849, -2.4511)
(0.8791, -2.0886, -2.5322)
(1.3378, -1.9905, -2.5918)
(-1.9469, -1.7975, -1.2151)
(-1.4441, -2.1998, -1.4478)
(-0.8498, -2.4252, -1.6529)
(-0.225, -2.4483, -1.7864)
(0.3915, -2.3738, -1.8757)
(0.9796, -2.2699, -1.9498)
(1.431, -2.1554, -1.9972)
(-1.7725, -1.9154, -0.6409)
(-1.2997, -2.3562, -0.8758)
(-0.7279, -2.6239, -1.0898)
(-0.1015, -2.6464, -1.2262)
(0.5219, -2.568, -1.318)
(1.117, -2.4691, -1.3946)
(1.5758, -2.3627, -1.4442)
(-1.6011, -2.0388, -0.0674)
(-1.1565, -2.5198, -0.3049)
(-0.6087, -2.8417, -0.5338)
(0.0282, -2.8822, -0.6891)
(0.6721, -2.8033, -0.7916)
(1.2843, -2.7059, -0.8731)
(1.7551, -2.6096, -0.9257)
(-1.4372, -2.1678, 0.5057)
(-1.0122, -2.6781, 0.2675)
(-0.48, -3.0497, 0.0214)
(0.1592, -3.1713, -0.1815)
(0.8277, -3.1045, -0.3056)
(1.4702, -3.0061, -0.3994)
(1.9697, -2.8981, -0.4417)
(-1.24, -2.2602, 1.0753)
(-0.8235, -2.7747, 0.8403)
(-0.3113, -3.1745, 0.5912)
(0.3055, -3.3783, 0.3606)
(0.978, -3.379, 0.1935)
(1.6512, -3.3545, 0.0362)
(2.3824, -3.3698, -0.1749)
(-1.0154, -2.3248, 1.6417)
(-0.6001, -2.8303, 1.408)
(-0.1169, -3.2551, 1.1621)
(0.4607, -3.5145, 0.926)
(2.8198, -3.896, -0.3278)
(1.1131, -3.5593, 0.7383)
(1.7613, -3.6394, 0.5313)
(3.1198, -4.4967, -0.1542)
(2.3114, -3.8694, 0.2249)
(3.3695, -5.1, 0.0785)
(2.7105, -4.2652, -0.1329)
(-0.7764, -2.3793, 2.2083)
(-0.3572, -2.8724, 1.9749)
(0.0868, -3.3426, 1.7285)
(3.595, -5.3467, 0.0357)
(0.6001, -3.7023, 1.4763)
(3.1269, -4.6899, -0.3438)
(1.2007, -3.8723, 1.2309)
(1.8081, -4.0382, 0.9716)
(3.5248, -5.1108, -0.2626)
(2.3234, -4.3088, 0.6339)
(3.8196, -5.4472, -0.1815)
(2.6768, -4.705, 0.2109)
(-0.5218, -2.4025, 2.7479)
(-0.0743, -2.858, 2.5401)
(0.3623, -3.3576, 2.2778)
(3.0687, -5.1072, -0.1704)
(0.7996, -3.8374, 2.0125)
(1.3015, -4.1816, 1.7139)
(3.4932, -5.4619, -0.4269)
(1.8407, -4.4527, 1.3986)
(-0.3072, -2.4088, 3.1739)
(3.8911, -5.6622, -0.5404)
(2.3497, -4.7372, 1.0615)
(2.7187, -5.1228, 0.6468)
(0.7419, -3.2697, 2.7535)
(0.2823, -2.6946, 3.146)
(3.1252, -5.5108, 0.2493)
(1.1452, -3.8023, 2.4861)
(1.565, -4.2776, 2.2027)
(3.5486, -5.8595, -0.0994)
(2.0074, -4.6871, 1.8752)
(3.9072, -6.0953, -0.3362)
(2.4542, -5.0589, 1.5129)
(2.8782, -5.4282, 1.1203)
(0.8826, -2.7441, 3.3232)
(1.2142, -3.1396, 3.0961)
(3.3102, -5.8043, 0.7372)
(1.6001, -3.6361, 2.8366)
(2.0013, -4.1396, 2.5651)
(3.7283, -6.1614, 0.3899)
(2.4081, -4.6163, 2.2659)
(4.0296, -6.4549, 0.1258)
(2.8182, -5.0609, 1.9282)
(3.2301, -5.4812, 1.5659)
(1.3652, -2.6625, 3.5631)
(1.6806, -2.9678, 3.3593)
(3.6403, -5.9019, 1.204)
(2.0638, -3.4214, 3.0879)
(2.4662, -3.9079, 2.797)
(4.0244, -6.3116, 0.8765)
(2.8699, -4.3911, 2.5018)
(1.7119, -2.6199, 3.6046)
(4.302, -6.6364, 0.6225)
(3.2737, -4.8599, 2.1861)
(2.0296, -2.7181, 3.5113)
(2.4194, -3.2119, 3.2128)
(3.6774, -5.3106, 1.8477)
(2.8212, -3.6996, 2.9291)
(4.0758, -5.7637, 1.5099)
(3.2251, -4.1882, 2.6426)
(3.6288, -4.6626, 2.3323)
(4.4345, -6.2179, 1.2191)
(4.0345, -5.1142, 1.9928)
(4.6661, -6.5824, 1.0133)
(4.4341, -5.5581, 1.6359)
(4.8483, -6.3467, 1.1768)
(4.8263, -6.0246, 1.2923)
(1.9064, 2.7615, -5.504)
(2.067, 2.1167, -5.6856)
(1.9908, 1.4595, -5.8774)
(1.758, 0.8328, -6.0609)
(1.4343, 0.2433, -6.2262)
(1.9233, 2.6365, -5.0855)
(2.0062, 1.9837, -5.2752)
(1.0512, -0.2687, -6.3564)
(1.9657, 1.3223, -5.4634)
(0.7882, -0.603, -6.3637)
(1.7937, 0.6832, -5.6503)
(1.4993, 0.084, -5.8209)
(1.1267, -0.4339, -5.9565)
(0.7899, -0.7859, -6.0769)
(1.9512, 2.4717, -4.5404)
(1.9447, 1.8155, -4.733)
(1.9045, 1.1517, -4.9202)
(1.8021, 0.4981, -5.1087)
(1.5673, -0.1204, -5.2879)
(1.2246, -0.6527, -5.4321)
(0.9094, -1.0224, -5.5216)
(1.9622, 2.2904, -3.9655)
(1.8632, 1.6429, -4.1594)
(1.7997, 0.9817, -4.3463)
(1.7509, 0.3184, -4.5318)
(1.6002, -0.3231, -4.7162)
(1.3166, -0.8806, -4.8733)
(1.0325, -1.2707, -4.9782)
(1.9949, 2.1, -3.3931)
(1.8295, 1.4659, -3.5833)
(1.7069, 0.8141, -3.7702)
(1.6573, 0.1509, -3.9545)
(1.5791, -0.5029, -4.1353)
(1.3794, -1.0854, -4.2994)
(1.1466, -1.5036, -4.4227)
(2.0686, 1.9013, -2.8272)
(1.8891, 1.2747, -3.0162)
(1.7021, 0.6355, -3.1955)
(1.589, -0.0122, -3.373)
(1.522, -0.6549, -3.5417)
(1.4053, -1.2482, -3.7003)
(1.2269, -1.6792, -3.8254)
(2.1712, 1.6908, -2.2734)
(2.0675, 1.0609, -2.4836)
(1.8508, 0.4317, -2.6513)
(1.6497, -0.1859, -2.7989)
(1.5096, -0.7991, -2.9453)
(1.4105, -1.3851, -3.0884)
(1.2879, -1.8301, -3.21)
(2.2265, 1.4579, -1.7248)
(2.2703, 0.8328, -1.9678)
(2.1082, 0.2054, -2.1521)
(1.8722, -0.3899, -2.2734)
(1.6599, -0.9737, -2.383)
(1.4743, -1.5333, -2.4894)
(1.3499, -1.9736, -2.5956)
(2.2039, 1.1989, -1.1843)
(2.3927, 0.5977, -1.4342)
(2.3566, -0.0278, -1.6546)
(2.1581, -0.6224, -1.7907)
(1.901, -1.1879, -1.8683)
(1.6365, -1.7204, -1.9309)
(1.4431, -2.1388, -2.0009)
(2.1184, 0.9195, -0.6578)
(2.419, 0.3507, -0.8918)
(2.5319, -0.2575, -1.1311)
(2.4102, -0.8611, -1.3004)
(2.1474, -1.4288, -1.3757)
(1.843, -1.9506, -1.4133)
(1.5899, -2.3483, -1.4451)
(2.1034, 0.6873, -0.1103)
(2.4195, 0.1221, -0.3438)
(2.6268, -0.4689, -0.5823)
(2.5959, -1.0836, -0.7806)
(2.3654, -1.6733, -0.8788)
(2.0486, -2.2026, -0.9123)
(1.7712, -2.5976, -0.926)
(2.2486, 0.5521, 0.4538)
(2.5326, -0.0266, 0.2185)
(2.6831, -0.6467, -0.0195)
(2.739, -1.278, -0.24)
(2.5737, -1.8974, -0.3714)
(2.2652, -2.4546, -0.4204)
(1.9903, -2.8868, -0.4411)
(2.3706, 0.3986, 1.0268)
(2.6423, -0.1879, 0.7885)
(2.8255, -0.8017, 0.5404)
(2.9219, -1.4309, 0.3075)
(2.7957, -2.0657, 0.1482)
(2.5585, -2.6712, 0.028)
(2.4032, -3.3631, -0.1733)
(2.4201, 0.1952, 1.596)
(2.7294, -0.3726, 1.358)
(2.984, -0.9561, 1.1004)
(3.1395, -1.5609, 0.8499)
(2.8368, -3.8887, -0.3189)
(3.0811, -2.1855, 0.6369)
(2.9782, -2.7941, 0.3962)
(3.1312, -4.4893, -0.1389)
(2.956, -3.4042, 0.1853)
(3.377, -5.094, 0.0983)
(3.2178, -3.8905, -0.133)
(2.3858, -0.0563, 2.1496)
(2.7499, -0.5904, 1.9283)
(3.0761, -1.1393, 1.6682)
(3.5757, -5.3673, 0.0839)
(3.3275, -1.7042, 1.391)
(3.4792, -4.4592, -0.2792)
(3.3831, -2.2951, 1.1031)
(3.3376, -2.8785, 0.8318)
(3.7021, -5.0302, -0.1861)
(3.4127, -3.4628, 0.5608)
(3.8677, -5.4629, -0.0792)
(3.6845, -3.9329, 0.1793)
(2.291, -0.3233, 2.6688)
(2.6865, -0.8347, 2.5037)
(3.0685, -1.3684, 2.2379)
(3.9781, -4.4308, -0.1564)
(3.3949, -1.9004, 1.9484)
(3.5185, -2.4507, 1.6181)
(4.1828, -4.9923, -0.3313)
(3.686, -2.9445, 1.2445)
(2.1895, -0.5417, 3.0806)
(4.2838, -5.4633, -0.3706)
(3.8822, -3.4774, 0.9084)
(4.1389, -3.9963, 0.5683)
(2.9438, -1.6676, 2.7567)
(2.4738, -1.1068, 3.1492)
(4.4509, -4.4691, 0.1993)
(3.3384, -2.1676, 2.4575)
(3.6151, -2.6774, 2.1222)
(4.6804, -4.9996, -0.0806)
(3.8304, -3.1667, 1.7327)
(4.8109, -5.4464, -0.2452)
(4.1554, -3.612, 1.3624)
(4.485, -4.0901, 1.0097)
(2.4455, -1.6523, 3.4032)
(2.7192, -2.0587, 3.1331)
(4.8046, -4.5828, 0.6599)
(3.0661, -2.5328, 2.8162)
(3.4521, -3.0188, 2.5347)
(5.0751, -5.0882, 0.3591)
(3.7796, -3.4988, 2.1897)
(5.2603, -5.4951, 0.1452)
(4.1022, -3.952, 1.8031)
(4.4911, -4.4016, 1.47)
(2.2041, -2.0777, 3.6223)
(2.4009, -2.4464, 3.3786)
(4.8871, -4.8628, 1.1529)
(2.7311, -2.9127, 3.0737)
(3.1248, -3.3988, 2.7858)
(5.2448, -5.3177, 0.8584)
(3.5028, -3.8806, 2.471)
(2.0467, -2.3898, 3.6381)
(5.509, -5.6708, 0.6306)
(3.8622, -4.3484, 2.1198)
(2.0476, -2.708, 3.5098)
(2.4373, -3.2019, 3.2107)
(4.2807, -4.7956, 1.8096)
(2.8435, -3.6956, 2.929)
(4.7102, -5.2436, 1.5091)
(3.2474, -4.1873, 2.6471)
(3.6497, -4.6648, 2.3403)
(5.1072, -5.6749, 1.2295)
(4.0555, -5.1137, 1.999)
(5.4086, -5.9878, 1.021)
(4.4547, -5.5547, 1.6407)
(5.1431, -6.1189, 1.1766)
(4.8429, -6.0126, 1.2932)
(-3.609, -0.3492, -5.4256)
(-3.8197, 0.2461, -5.2197)
(-3.7524, 0.9063, -5.0731)
(-3.524, 1.5485, -4.9602)
(-3.2343, 2.1705, -4.8559)
(-2.9441, 2.7925, -4.7509)
(-3.4975, -0.4484, -4.9937)
(-3.7252, 0.1477, -4.7966)
(-3.6891, 0.8104, -4.648)
(-2.7031, 3.3909, -4.6461)
(-3.4866, 1.4593, -4.5304)
(-2.5802, 3.7733, -4.5059)
(-3.2109, 2.0866, -4.4239)
(-2.9255, 2.7103, -4.3182)
(-2.6827, 3.3098, -4.2148)
(-2.5377, 3.7908, -4.1679)
(-3.3551, -0.5735, -4.4457)
(-3.6003, 0.0204, -4.2479)
(-3.6012, 0.6836, -4.0932)
(-3.4317, 1.3399, -3.9696)
(-3.1751, 1.9741, -3.8598)
(-2.8968, 2.6007, -3.753)
(-2.6533, 3.1995, -3.6495)
(-2.4965, 3.6651, -3.5677)
(-3.2026, -0.7035, -3.8687)
(-3.4649, -0.1131, -3.668)
(-3.5029, 0.5485, -3.5068)
(-3.3669, 1.2106, -3.377)
(-3.1293, 1.8509, -3.2639)
(-2.8582, 2.4799, -3.156)
(-2.6174, 3.0783, -3.0517)
(-2.4665, 3.5467, -2.9686)
(-3.0464, -0.8307, -3.2917)
(-3.3254, -0.2447, -3.0883)
(-3.3999, 0.4132, -2.921)
(-3.2961, 1.0789, -2.7855)
(-3.0751, 1.7225, -2.6693)
(-2.8088, 2.3482, -2.5604)
(-2.5679, 2.9394, -2.4554)
(-2.4217, 3.4099, -2.3704)
(-2.8856, -0.9546, -2.7149)
(-3.1814, -0.3739, -2.5089)
(-3.2926, 0.278, -2.3359)
(-3.2205, 0.9445, -2.1948)
(-3.0146, 1.5839, -2.0753)
(-2.7517, 2.1919, -1.9647)
(-2.5007, 2.7635, -1.8607)
(-2.3272, 3.216, -1.7795)
(-2.7194, -1.0743, -2.1385)
(-3.0319, -0.4999, -1.93)
(-3.181, 0.1433, -1.7513)
(-3.1415, 0.8063, -1.6046)
(-2.9502, 1.4314, -1.4813)
(-2.6879, 2.0159, -1.3695)
(-2.4206, 2.5639, -1.2683)
(-2.2126, 2.9921, -1.1946)
(-2.5464, -1.1888, -1.5627)
(-2.8757, -0.622, -1.3518)
(-3.0647, 0.009, -1.1673)
(-3.0602, 0.665, -1.0149)
(-2.8801, 1.2748, -0.8888)
(-2.6148, 1.8393, -0.7771)
(-2.3322, 2.3667, -0.6787)
(-2.0927, 2.769, -0.6116)
(-2.3656, -1.2975, -0.9879)
(-2.7114, -0.7389, -0.7746)
(-2.9431, -0.1235, -0.584)
(-2.9782, 0.5243, -0.4259)
(-2.8029, 1.1258, -0.2995)
(-2.532, 1.6808, -0.189)
(-2.2422, 2.1989, -0.0907)
(-1.9868, 2.5856, -0.0247)
(-2.1798, -1.4021, -0.4139)
(-2.541, -0.8509, -0.1979)
(-2.8178, -0.253, -0.0007)
(-2.9016, 0.3876, 0.1631)
(-2.7267, 0.992, 0.2875)
(-2.4511, 1.5534, 0.3966)
(-2.1639, 2.0798, 0.4978)
(-1.9133, 2.4754, 0.5687)
(-2.0003, -1.5113, 0.1602)
(-2.3767, -0.964, 0.3798)
(-2.6994, -0.3817, 0.5847)
(-2.8445, 0.2555, 0.7548)
(-2.6886, 0.8817, 0.8769)
(-2.4092, 1.4662, 0.9846)
(-2.1189, 2.0102, 1.0887)
(-1.8741, 2.4199, 1.1665)
(-1.8299, -1.627, 0.7337)
(-2.2202, -1.0825, 0.9573)
(-2.576, -0.5114, 1.1692)
(-2.7753, 0.13, 1.3444)
(-2.7053, 0.7965, 1.4692)
(-2.4353, 1.4153, 1.5744)
(-2.1378, 1.9915, 1.6789)
(-1.8688, 2.4187, 1.7692)
(-1.6302, -1.7192, 1.3017)
(-2.021, -1.1776, 1.5257)
(-2.3822, -0.6143, 1.7392)
(-2.6142, 0.0168, 1.919)
(-2.6327, 0.6928, 2.0543)
(-2.4351, 1.3489, 2.1597)
(-2.2118, 1.9958, 2.2603)
(-2.0208, 2.7258, 2.3579)
(-1.4032, -1.7901, 1.8657)
(-1.7887, -1.2529, 2.0877)
(-2.1421, -0.6926, 2.2973)
(-2.4043, -0.0828, 2.4816)
(-2.4848, 0.5727, 2.6262)
(-2.3543, 3.2681, 2.6515)
(-2.336, 1.2294, 2.7309)
(-2.2314, 1.8979, 2.8329)
(-2.6886, 3.5467, 3.1916)
(-2.3279, 2.558, 2.8975)
(-3.0224, 3.7557, 3.7618)
(-1.1622, -1.851, 2.4296)
(-2.6404, 3.1443, 2.9498)
(-1.5421, -1.318, 2.65)
(-1.8834, -0.7568, 2.8552)
(-2.199, -0.1715, 3.0475)
(-3.1618, 4.0137, 3.9279)
(-2.3893, 0.455, 3.2066)
(-2.9186, 3.6789, 3.1381)
(-2.3718, 1.1158, 3.3104)
(-2.3899, 1.7912, 3.3965)
(-3.0955, 4.0555, 3.5496)
(-2.55, 2.4452, 3.4437)
(-3.2402, 4.3289, 3.8826)
(-2.9033, 3.0252, 3.4287)
(-0.9192, -1.8938, 2.9534)
(-1.2725, -1.3626, 3.1809)
(-1.5616, -0.7969, 3.3982)
(-1.9113, -0.2056, 3.5897)
(-3.233, 3.618, 3.4621)
(-2.2428, 0.384, 3.7696)
(-2.4405, 1.0207, 3.8793)
(-3.4656, 4.1691, 3.5819)
(-2.5806, 1.6842, 3.9521)
(-0.7459, -1.9224, 3.3222)
(-1.0446, -1.3884, 3.5992)
(-3.5257, 4.6009, 3.7285)
(-2.751, 2.3348, 4.0048)
(-3.0862, 2.9221, 3.9964)
(-1.5217, -0.1323, 4.0596)
(-1.0707, -0.8211, 3.9267)
(-3.4029, 3.5331, 4.0154)
(-1.9145, 0.4391, 4.2515)
(-2.2572, 1.0218, 4.409)
(-3.6624, 4.1275, 4.0594)
(-2.5512, 1.634, 4.5062)
(-3.8104, 4.592, 4.1132)
(-2.8247, 2.2599, 4.5595)
(-3.1161, 2.8806, 4.5799)
(-0.8181, -0.3879, 4.3047)
(-1.1074, 0.078, 4.4358)
(-3.4064, 3.5046, 4.6135)
(-1.4734, 0.6242, 4.6102)
(-1.844, 1.1903, 4.7842)
(-3.673, 4.096, 4.661)
(-2.1991, 1.7701, 4.9247)
(-3.9009, 4.5355, 4.7022)
(-2.5394, 2.3659, 5.0203)
(-2.8673, 2.9709, 5.0849)
(-0.4775, -0.1094, 4.6264)
(-0.6877, 0.3147, 4.726)
(-3.1958, 3.5744, 5.1495)
(-1.0225, 0.8568, 4.8687)
(-1.3849, 1.4306, 5.019)
(-3.5123, 4.137, 5.2265)
(-1.7456, 2.0069, 5.1649)
(-0.2927, 0.1579, 4.7613)
(-3.7718, 4.5573, 5.2829)
(-2.101, 2.591, 5.2875)
(-0.2864, 0.4923, 4.848)
(-0.6626, 1.0605, 4.991)
(-2.4492, 3.1828, 5.383)
(-1.0237, 1.6307, 5.1472)
(-2.8011, 3.7702, 5.4785)
(-1.3859, 2.2039, 5.3026)
(-1.7439, 2.7864, 5.432)
(-3.1523, 4.3011, 5.5977)
(-2.0926, 3.3805, 5.5275)
(-3.4462, 4.6659, 5.6958)
(-2.4432, 3.9764, 5.6036)
(-3.1172, 4.6987, 5.7729)
(-2.811, 4.5639, 5.6988)
(1.5581, 3.3341, -5.3057)
(1.1344, 3.8331, -5.0611)
(0.5819, 4.1762, -4.8342)
(-0.0756, 4.3236, -4.6907)
(-0.7642, 4.3274, -4.6104)
(-1.4498, 4.2397, -4.5655)
(1.6471, 3.2213, -4.8767)
(1.1852, 3.6696, -4.6587)
(0.5942, 3.9525, -4.4605)
(-2.0798, 4.0706, -4.552)
(-0.0533, 4.1258, -4.3015)
(-2.4685, 3.9104, -4.4861)
(-0.7311, 4.1829, -4.1976)
(-1.4156, 4.1234, -4.1422)
(-2.0485, 3.9662, -4.1265)
(-2.5208, 3.8016, -4.168)
(1.745, 3.0664, -4.33)
(1.253, 3.4638, -4.1308)
(0.6249, 3.6742, -3.9629)
(-0.0259, 3.8437, -3.8037)
(-0.6916, 3.9593, -3.6717)
(-1.373, 3.9556, -3.5938)
(-2.0098, 3.8301, -3.5675)
(-2.4778, 3.6725, -3.5679)
(1.824, 2.885, -3.7554)
(1.3099, 3.2292, -3.5779)
(0.6533, 3.3596, -3.4476)
(-0.0038, 3.5088, -3.2973)
(-0.6572, 3.6687, -3.1405)
(-1.3287, 3.7402, -3.0274)
(-1.9689, 3.6742, -2.9787)
(-2.448, 3.5545, -2.9704)
(1.8876, 2.6891, -3.1825)
(1.3637, 3.0049, -3.0196)
(0.6943, 3.0772, -2.9153)
(0.0242, 3.1789, -2.7882)
(-0.6282, 3.3392, -2.6298)
(-1.2821, 3.4715, -2.4831)
(-1.9143, 3.4826, -2.3992)
(-2.4041, 3.4198, -2.3738)
(1.9392, 2.4879, -2.6104)
(1.4229, 2.8232, -2.4467)
(0.7549, 2.8807, -2.3503)
(0.0746, 2.9244, -2.2448)
(-0.5849, 3.0272, -2.1096)
(-1.2206, 3.1617, -1.9547)
(-1.829, 3.2408, -1.8331)
(-2.3095, 3.2257, -1.7843)
(1.9672, 2.2737, -2.0439)
(1.4787, 2.6766, -1.8665)
(0.83, 2.8081, -1.7586)
(0.1511, 2.8193, -1.6589)
(-0.5052, 2.828, -1.5457)
(-1.1347, 2.8848, -1.4128)
(-1.725, 2.9702, -1.2766)
(-2.1952, 3.0019, -1.1996)
(1.9476, 2.0309, -1.4888)
(1.4942, 2.4982, -1.2958)
(0.896, 2.7713, -1.1643)
(0.2337, 2.8316, -1.0588)
(-0.4078, 2.7926, -0.948)
(-1.0266, 2.7633, -0.8267)
(-1.6136, 2.7562, -0.7047)
(-2.075, 2.7779, -0.6187)
(1.872, 1.7581, -0.9534)
(1.4605, 2.2692, -0.743)
(0.9377, 2.6632, -0.579)
(0.3082, 2.837, -0.4592)
(-0.3251, 2.8321, -0.3468)
(-0.9352, 2.753, -0.2261)
(-1.5136, 2.6533, -0.111)
(-1.9692, 2.5946, -0.0314)
(1.7583, 1.4675, -0.4369)
(1.3798, 2.0006, -0.2115)
(0.9426, 2.4814, -0.011)
(0.3703, 2.7769, 0.135)
(-0.2578, 2.8431, 0.2517)
(-0.873, 2.7625, 0.372)
(-1.4491, 2.617, 0.4872)
(-1.8959, 2.4852, 0.5659)
(1.7587, 1.2411, 0.1137)
(1.3692, 1.7654, 0.3349)
(0.9455, 2.2644, 0.5421)
(0.4251, 2.6453, 0.7151)
(-0.1932, 2.7959, 0.8437)
(-0.8237, 2.748, 0.965)
(-1.41, 2.5916, 1.0823)
(-1.8579, 2.4316, 1.1658)
(1.9036, 1.1069, 0.6816)
(1.5088, 1.6313, 0.9009)
(1.0573, 2.1062, 1.105)
(0.5022, 2.4612, 1.2771)
(-0.109, 2.6984, 1.424)
(-0.7545, 2.7147, 1.5526)
(-1.3684, 2.5782, 1.6738)
(-1.8509, 2.4341, 1.7714)
(2.0237, 0.9525, 1.2549)
(1.6243, 1.4742, 1.4739)
(1.1617, 1.9426, 1.6768)
(0.6182, 2.3237, 1.8504)
(0.019, 2.6055, 2.0008)
(-0.6339, 2.6818, 2.1278)
(-1.2852, 2.6515, 2.2409)
(-2.0067, 2.7416, 2.3636)
(2.0498, 0.7338, 1.8177)
(1.6603, 1.2601, 2.0391)
(1.2328, 1.7582, 2.2485)
(0.7405, 2.1984, 2.4274)
(0.1655, 2.522, 2.5728)
(-2.3383, 3.2769, 2.661)
(-0.4621, 2.7025, 2.6763)
(-1.1001, 2.8517, 2.7426)
(-2.6723, 3.5479, 3.204)
(-1.7017, 3.041, 2.8676)
(-3.0074, 3.7515, 3.7772)
(1.9752, 0.4524, 2.3507)
(-2.1259, 3.508, 2.9464)
(1.6139, 0.9867, 2.5814)
(1.2481, 1.5184, 2.8098)
(0.8172, 2.0129, 2.9987)
(-3.1698, 3.9766, 3.9703)
(0.2803, 2.3976, 3.1322)
(-2.5611, 3.9072, 3.2013)
(-0.2745, 2.7356, 3.2043)
(-0.8739, 2.9534, 3.2562)
(-2.931, 4.1556, 3.6331)
(-1.439, 3.2544, 3.3556)
(-3.1971, 4.323, 3.9899)
(-1.8693, 3.7587, 3.3809)
(1.874, 0.1701, 2.8389)
(1.5435, 0.6931, 3.0908)
(1.2174, 1.2118, 3.3579)
(0.8362, 1.7711, 3.556)
(-2.2986, 4.265, 3.4629)
(0.3789, 2.2634, 3.6915)
(-0.1582, 2.6376, 3.7387)
(-2.7599, 4.6284, 3.6718)
(-0.6476, 3.0554, 3.7426)
(1.8038, -0.0267, 3.1849)
(1.4768, 0.4456, 3.4931)
(-3.1356, 4.8211, 3.9071)
(-1.1452, 3.4856, 3.8049)
(-1.6077, 3.9667, 3.8812)
(0.7006, 1.4551, 4.0572)
(1.1308, 0.7574, 3.9265)
(-2.0208, 4.4997, 3.9317)
(0.3167, 2.0263, 4.204)
(-0.1319, 2.5176, 4.2862)
(-2.4829, 4.9297, 4.0514)
(-0.6051, 2.9802, 4.2931)
(-2.871, 5.2039, 4.186)
(-0.9922, 3.5195, 4.3299)
(-1.3966, 4.0612, 4.401)
(0.7446, 0.7077, 4.3857)
(0.4063, 1.146, 4.4642)
(-1.8166, 4.5952, 4.4789)
(0.0251, 1.6835, 4.571)
(-0.3392, 2.2387, 4.7249)
(-2.2494, 5.0652, 4.5843)
(-0.7444, 2.7741, 4.8023)
(-2.6003, 5.4019, 4.6802)
(-1.1438, 3.3207, 4.8303)
(-1.4951, 3.8972, 4.9232)
(0.3666, 0.4717, 4.6835)
(0.0411, 0.8249, 4.7396)
(-1.8477, 4.474, 5.0379)
(-0.337, 1.3403, 4.8433)
(-0.7007, 1.9052, 4.9943)
(-2.202, 5.0058, 5.1542)
(-1.0775, 2.469, 5.1139)
(0.0456, 0.3861, 4.7936)
(-2.4816, 5.4066, 5.2406)
(-1.4624, 3.0322, 5.1904)
(-0.2711, 0.5066, 4.8483)
(-0.6479, 1.0749, 4.991)
(-1.7914, 3.6224, 5.3122)
(-1.0117, 1.6489, 5.1535)
(-2.1139, 4.2171, 5.4458)
(-1.3751, 2.2204, 5.3138)
(-1.7349, 2.8004, 5.447)
(-2.4276, 4.7708, 5.5761)
(-2.0818, 3.3951, 5.5397)
(-2.6524, 5.1865, 5.6708)
(-2.4306, 3.9911, 5.6132)
(-2.8114, 4.9078, 5.7646)
(-2.7941, 4.5756, 5.6994)
(1.5828, -2.3555, -1.4447)
(0.9027, -1.0297, -5.5229)
(2.0386, -2.713, 3.5106)
(1.2812, -1.8378, -3.2088)
(2.4284, -3.2069, 3.2118)
(2.8324, -3.6976, 2.929)
(1.7631, -2.6036, -0.9259)
(3.2363, -4.1877, 2.6448)
(3.6393, -4.6637, 2.3363)
(4.045, -5.1139, 1.9959)
(4.4444, -5.5564, 1.6383)
(1.0259, -1.2784, -4.9789)
(4.8346, -6.0186, 1.2928)
(1.3439, -1.982, -2.5937)
(1.437, -2.1471, -1.999)
(2.8283, -3.8923, -0.3234)
(1.98, -2.8924, -0.4414)
(2.3928, -3.3665, -0.1741)
(3.1255, -4.493, -0.1466)
(3.3733, -5.097, 0.0884)
(0.7821, -0.7922, -6.0773)
(1.1396, -1.511, -4.422)
(1.2202, -1.687, -3.8242)
(4.562, -6.4091, 1.1089)
(4.6172, -6.1187, 1.291)
(4.852, -6.1907, 1.2341)
(4.7879, -6.4812, 1.1146)
(3.4789, -5.239, 0.0669)
(3.4658, -5.0564, -0.1108)
(3.6817, -5.2874, -0.2153)
(3.7182, -5.403, -0.0381)
(3.5183, -5.2599, -0.391)
(3.6951, -5.5765, -0.4951)
(3.8734, -5.5247, -0.3926)
(3.5021, -5.6683, -0.3117)
(3.7344, -5.9879, -0.228)
(3.8944, -5.8678, -0.5044)
(3.6251, -6.025, 0.1405)
(3.8902, -6.314, 0.2503)
(3.9505, -6.2947, -0.1169)
(3.8585, -6.2635, 0.6411)
(4.1732, -6.4822, 0.743)
(4.1462, -6.5724, 0.3773)
(4.2276, -6.2906, 1.0762)
(4.4898, -6.6376, 0.8434)
(1.0433, -2.932, 3.2127)
(1.1429, -2.7094, 3.455)
(1.5166, -2.8011, 3.4675)
(1.4571, -3.0579, 3.2421)
(1.402, -3.3795, 2.9693)
(1.8656, -3.181, 3.2302)
(1.8407, -3.5304, 2.9771)
(1.8002, -3.8909, 2.7027)
(2.2647, -3.665, 2.9427)
(2.2423, -4.0257, 2.6962)
(2.2041, -4.3817, 2.4201)
(2.668, -4.1504, 2.6508)
(2.6462, -4.5091, 2.4015)
(2.6128, -4.8425, 2.1014)
(3.0717, -4.628, 2.3471)
(3.0511, -4.9705, 2.0775)
(3.0241, -5.2726, 1.7486)
(3.4758, -5.0867, 2.0188)
(3.4563, -5.4111, 1.7295)
(3.4353, -5.6903, 1.3832)
(3.8776, -5.5348, 1.6763)
(3.8579, -5.8528, 1.3824)
(3.8422, -6.114, 1.0322)
(4.2676, -5.9974, 1.3546)
(0.5313, -3.0074, 2.905)
(0.5909, -2.7444, 3.2118)
(0.9709, -3.2092, 2.9374)
(0.9436, -3.5375, 2.6184)
(1.3639, -3.7303, 2.6752)
(1.352, -4.0494, 2.3491)
(1.7684, -4.2308, 2.4023)
(1.784, -4.4891, 2.0441)
(2.1851, -4.6848, 2.0886)
(2.2327, -4.8753, 1.6985)
(2.608, -5.0991, 1.734)
(2.6677, -5.2426, 1.3181)
(3.0317, -5.4897, 1.356)
(3.0919, -5.616, 0.9263)
(3.4558, -5.884, 0.982)
(3.5293, -5.9891, 0.5549)
(-0.7264, -2.1545, 2.8478)
(-0.8256, -1.9091, 3.1523)
(-0.5445, -2.1797, 3.2328)
(-0.4101, -2.4065, 2.9716)
(-0.3009, -2.6309, 2.6491)
(-0.0252, -2.5828, 3.1389)
(0.0891, -2.8162, 2.8099)
(0.1469, -3.1024, 2.4128)
(0.5384, -3.3227, 2.5308)
(0.576, -3.6095, 2.1466)
(0.9542, -3.8412, 2.2624)
(1.0428, -4.025, 1.8674)
(1.4084, -4.262, 1.9658)
(1.5687, -4.3214, 1.5569)
(1.8967, -4.6046, 1.6372)
(2.1097, -4.5852, 1.2381)
(2.3778, -4.9272, 1.2858)
(2.5423, -4.9221, 0.8589)
(2.7777, -5.2989, 0.8809)
(2.9136, -5.3195, 0.4435)
(3.2015, -5.6756, 0.4903)
(3.3419, -5.6961, 0.0636)
(-0.9714, -2.1177, 2.3195)
(-1.0356, -1.8748, 2.7061)
(-0.6472, -2.3945, 2.4887)
(-0.5705, -2.6292, 2.0935)
(-0.222, -2.8745, 2.2612)
(-0.1402, -3.1134, 1.8531)
(0.2125, -3.3636, 2.0077)
(0.3318, -3.5454, 1.6022)
(0.6853, -3.7863, 1.7479)
(0.8934, -3.8019, 1.3529)
(1.2396, -4.043, 1.4693)
(1.5091, -3.9465, 1.1068)
(1.8184, -4.2558, 1.1796)
(2.0862, -4.1563, 0.8158)
(2.3348, -4.5273, 0.8447)
(2.5088, -4.4983, 0.4262)
(2.6869, -4.9221, 0.4227)
(2.8637, -4.9084, 0.0085)
(3.0786, -5.3203, 0.0222)
(3.2819, -5.2993, -0.318)
(-1.2103, -2.0586, 1.7542)
(-1.285, -1.8222, 2.1477)
(-0.8987, -2.3546, 1.9248)
(-0.8138, -2.584, 1.5265)
(-0.482, -2.855, 1.6906)
(-0.3692, -3.0569, 1.286)
(-0.0194, -3.3015, 1.4461)
(0.16, -3.4135, 1.0393)
(0.5295, -3.6046, 1.203)
(0.7818, -3.5503, 0.8284)
(1.1619, -3.7004, 0.991)
(1.4432, -3.5843, 0.6436)
(1.791, -3.8247, 0.7596)
(2.056, -3.7317, 0.3908)
(2.314, -4.0871, 0.4273)
(2.5197, -4.055, 0.0427)
(2.6853, -4.4794, 0.0174)
(2.914, -4.4767, -0.2736)
(3.0961, -4.8815, -0.303)
(3.336, -4.9068, -0.3234)
(-1.4355, -1.99, 1.189)
(-1.5189, -1.7563, 1.5839)
(-1.1298, -2.2941, 1.3587)
(-1.0396, -2.5256, 0.9596)
(-0.7146, -2.8047, 1.1248)
(-0.5816, -2.9946, 0.7165)
(-0.215, -3.2151, 0.8771)
(-0.0136, -3.305, 0.4695)
(0.3845, -3.4456, 0.6434)
(0.6387, -3.394, 0.2711)
(1.05, -3.466, 0.4665)
(1.3167, -3.3625, 0.1175)
(1.716, -3.4946, 0.2822)
(1.9857, -3.3596, -0.0565)
(2.3229, -3.6535, 0.0271)
(2.6011, -3.6329, -0.2514)
(2.7518, -4.0773, -0.2259)
(2.9698, -4.1964, -0.241)
(3.1296, -4.5711, -0.2762)
(3.2447, -4.7984, -0.0378)
(-1.6344, -1.8981, 0.6205)
(-1.7345, -1.6766, 1.0185)
(-1.3434, -2.2191, 0.7911)
(-1.2336, -2.432, 0.3885)
(-0.9238, -2.7343, 0.5543)
(-0.7618, -2.8902, 0.143)
(-0.4007, -3.1223, 0.305)
(-0.1691, -3.1417, -0.0893)
(0.23, -3.2891, 0.0842)
(0.4927, -3.1512, -0.2509)
(0.9036, -3.2551, -0.0624)
(1.1593, -3.0535, -0.3546)
(1.5659, -3.1849, -0.1851)
(1.744, -2.9628, -0.4369)
(2.1761, -3.134, -0.3083)
(-1.8039, -1.7779, 0.0474)
(-1.9163, -1.5702, 0.4473)
(-1.5207, -2.1053, 0.2194)
(-1.3884, -2.29, -0.1849)
(-1.0873, -2.6036, -0.0189)
(-0.8968, -2.7123, -0.425)
(-0.5478, -2.9523, -0.2574)
(-0.2958, -2.8901, -0.6209)
(0.0928, -3.028, -0.4356)
(0.3508, -2.8487, -0.7442)
(0.7501, -2.9489, -0.5458)
(0.9905, -2.7543, -0.835)
(1.3755, -2.8459, -0.6285)
(1.535, -2.6597, -0.9038)
(1.8624, -2.7538, -0.6837)
(-1.9822, -1.6644, -0.5261)
(-2.0883, -1.4554, -0.1269)
(-1.6853, -1.9755, -0.3541)
(-1.5473, -2.1499, -0.7581)
(-1.2273, -2.4367, -0.5904)
(-1.0248, -2.5198, -0.9898)
(-0.6681, -2.7307, -0.811)
(-0.4169, -2.6588, -1.167)
(-0.0368, -2.7559, -0.9531)
(0.2108, -2.6124, -1.2749)
(0.5953, -2.6774, -1.0495)
(0.8311, -2.5193, -1.3585)
(1.1977, -2.5814, -1.1291)
(1.3612, -2.4185, -1.4237)
(1.6654, -2.4861, -1.185)
(-2.1654, -1.5561, -1.1)
(-2.2728, -1.3499, -0.7008)
(-1.8602, -1.8565, -0.9278)
(-1.7076, -2.0156, -1.3321)
(-1.3722, -2.2777, -1.1617)
(-1.1553, -2.3389, -1.5574)
(-0.7887, -2.5228, -1.3706)
(-0.5375, -2.4567, -1.728)
(-0.1645, -2.5455, -1.5046)
(0.0838, -2.4176, -1.834)
(0.4536, -2.4684, -1.594)
(0.697, -2.3233, -1.9149)
(1.0438, -2.3661, -1.6684)
(1.221, -2.2156, -1.9782)
(1.5034, -2.2591, -1.7207)
(-2.3429, -1.4439, -1.6749)
(-2.457, -1.2439, -1.2752)
(-2.0319, -1.7371, -1.5025)
(-1.8624, -1.8771, -1.9065)
(-1.515, -2.1211, -1.7341)
(-1.2844, -2.1601, -2.1267)
(-0.9104, -2.3286, -1.9361)
(-0.653, -2.259, -2.2954)
(-0.2824, -2.351, -2.0704)
(-0.0248, -2.2252, -2.4064)
(0.3358, -2.2799, -2.1618)
(0.5942, -2.1378, -2.4935)
(0.9251, -2.178, -2.2382)
(1.1228, -2.0404, -2.5651)
(1.3844, -2.073, -2.2945)
(-2.5128, -1.3255, -2.2506)
(-2.6338, -1.1323, -1.8505)
(-2.1964, -1.6116, -2.0777)
(-2.0118, -1.7327, -2.4806)
(-1.654, -1.9603, -2.3063)
(-1.4126, -1.9795, -2.6958)
(-1.0305, -2.1353, -2.5038)
(-0.7651, -2.0584, -2.8648)
(-0.3894, -2.1523, -2.6427)
(-0.1206, -2.0247, -2.9849)
(0.2405, -2.0879, -2.7428)
(0.513, -1.9486, -3.0841)
(0.8394, -1.9996, -2.8299)
(1.0519, -1.8757, -3.1701)
(1.3062, -1.918, -2.8997)
(-2.6763, -1.2018, -2.8268)
(-2.8033, -1.015, -2.4266)
(-2.3546, -1.4803, -2.6533)
(-2.1572, -1.5835, -3.0545)
(-1.7906, -1.7953, -2.8778)
(-1.5413, -1.7961, -3.2635)
(-1.1515, -1.9402, -3.0708)
(-0.8799, -1.8538, -3.4317)
(-0.4929, -1.947, -3.2156)
(-0.2165, -1.8158, -3.5611)
(0.1557, -1.8869, -3.3276)
(0.4354, -1.75, -3.6742)
(0.7688, -1.8178, -3.4294)
(0.985, -1.7044, -3.7755)
(1.2441, -1.7702, -3.5153)
(-2.8346, -1.0738, -3.4032)
(-2.9667, -0.8931, -3.0033)
(-2.5078, -1.3444, -3.2288)
(-2.2993, -1.4303, -3.6279)
(-1.9255, -1.6266, -3.4483)
(-1.6696, -1.609, -3.8298)
(-1.275, -1.7419, -3.6352)
(-1.0009, -1.6445, -3.9933)
(-0.6036, -1.7356, -3.7824)
(-0.3253, -1.5993, -4.1269)
(0.064, -1.6764, -3.9056)
(0.3426, -1.5388, -4.2512)
(0.6918, -1.6234, -4.0215)
(0.9008, -1.5114, -4.3647)
(1.1731, -1.6067, -4.1222)
(-2.9886, -0.9423, -3.9796)
(-3.1251, -0.7675, -3.5802)
(-2.657, -1.2045, -3.8043)
(-2.4388, -1.2734, -4.2007)
(-2.0586, -1.454, -4.0181)
(-1.7973, -1.4177, -4.3947)
(-1.4, -1.5392, -4.197)
(-1.1246, -1.4289, -4.5508)
(-0.7237, -1.5177, -4.3411)
(-0.4462, -1.374, -4.6821)
(-0.0463, -1.4556, -4.4687)
(0.2273, -1.312, -4.809)
(0.5913, -1.4082, -4.5927)
(0.7897, -1.2847, -4.9257)
(1.076, -1.4023, -4.7005)
(-3.1391, -0.8079, -4.556)
(-3.2793, -0.6388, -4.1572)
(-2.8027, -1.0613, -4.3795)
(-2.576, -1.1128, -4.7729)
(-2.1904, -1.2773, -4.5867)
(-1.9246, -1.2212, -4.9578)
(-1.5251, -1.3308, -4.7565)
(-1.2491, -1.206, -5.1049)
(-0.8475, -1.2914, -4.8942)
(-0.5704, -1.1384, -5.2312)
(-0.1687, -1.2229, -5.0199)
(0.1038, -1.0715, -5.3565)
(0.4717, -1.1726, -5.1446)
(0.6675, -1.0411, -5.4732)
(0.9577, -1.1616, -5.252)
(-3.2796, -0.6784, -5.1024)
(-3.4293, -0.5086, -4.7306)
(-2.9449, -0.916, -4.9505)
(-2.7041, -0.9573, -5.3126)
(-2.32, -1.0971, -5.1501)
(-2.0444, -1.0298, -5.4876)
(-1.6496, -1.1173, -5.3096)
(-1.3673, -0.9884, -5.6252)
(-0.9714, -1.0579, -5.4395)
(-0.6887, -0.9077, -5.7459)
(-0.2926, -0.9811, -5.5617)
(-0.0144, -0.837, -5.8697)
(0.3483, -0.9289, -5.6862)
(0.5493, -0.8093, -5.9917)
(0.8352, -0.9178, -5.8009)
(-3.3886, -0.5764, -5.5293)
(-3.5561, -0.3963, -5.2205)
(-3.0634, -0.7915, -5.4314)
(-2.8014, -0.8356, -5.725)
(-2.4282, -0.9414, -5.6215)
(-2.1361, -0.8789, -5.8911)
(-1.7544, -0.9324, -5.7713)
(-1.4581, -0.8173, -6.021)
(-1.076, -0.8561, -5.8944)
(-0.7796, -0.7274, -6.1377)
(-0.3972, -0.7727, -6.0137)
(-0.1052, -0.6543, -6.2604)
(0.2433, -0.7212, -6.1379)
(0.4477, -0.6366, -6.3661)
(0.7199, -0.7229, -6.2423)
(1.5493, -2.6262, 3.6099)
(1.8709, -2.6568, 3.5658)
(1.87, -2.8689, 3.4355)
(2.2245, -2.965, 3.362)
(2.2528, -3.3151, 3.1619)
(2.6203, -3.4558, 3.0709)
(2.6547, -3.8002, 2.8703)
(3.0232, -3.9439, 2.7858)
(3.0584, -4.2844, 2.577)
(3.427, -4.4254, 2.4875)
(3.4622, -4.7563, 2.2649)
(3.8317, -4.8884, 2.1626)
(3.8661, -5.2102, 1.9289)
(4.2343, -5.3361, 1.8143)
(4.2643, -5.6637, 1.5876)
(4.6302, -5.7914, 1.4641)
(4.9765, -5.8322, 1.3005)
(5.2667, -5.8428, 1.1187)
(5.2852, -6.0878, 1.1183)
(4.9942, -6.0833, 1.2333)
(3.5214, -5.0449, -0.0605)
(3.4697, -5.2457, 0.0998)
(3.7077, -5.4349, 0.0311)
(3.7901, -5.2597, -0.1291)
(3.9291, -5.0104, -0.2944)
(4.058, -5.4695, -0.2457)
(4.2415, -5.2382, -0.3608)
(4.4381, -4.9876, -0.2485)
(4.5443, -5.4516, -0.3617)
(4.7531, -5.2332, -0.1719)
(4.8976, -5.0304, 0.1261)
(5.0529, -5.4591, -0.0699)
(5.1749, -5.3019, 0.2448)
(5.1972, -5.1818, 0.6107)
(5.4227, -5.5604, 0.3863)
(5.3853, -5.5042, 0.7384)
(5.2069, -5.4938, 1.0749)
(5.4951, -5.8304, 0.8523)
(2.3322, -1.8829, 3.5319)
(2.5764, -1.849, 3.2741)
(2.5642, -2.2617, 3.2738)
(2.2909, -2.2528, 3.5071)
(2.883, -2.2898, 2.9742)
(2.8963, -2.73, 2.9589)
(2.5509, -2.6707, 3.229)
(3.2616, -2.7761, 2.6757)
(3.2927, -3.214, 2.6794)
(2.9261, -3.1563, 2.9284)
(3.6226, -3.2612, 2.3726)
(3.6549, -3.6928, 2.3514)
(3.3184, -3.6407, 2.6349)
(3.9349, -3.7278, 1.9941)
(3.9893, -4.1556, 1.978)
(3.6791, -4.1171, 2.2945)
(4.2908, -4.176, 1.6307)
(4.3978, -4.6022, 1.661)
(4.0654, -4.5736, 1.9602)
(4.691, -4.6298, 1.311)
(4.8202, -5.0533, 1.3588)
(4.4966, -5.0182, 1.6594)
(5.0757, -5.0985, 0.9989)
(4.9182, -5.4694, 1.3623)
(2.4998, -1.3891, 3.2634)
(2.7403, -1.409, 2.9146)
(2.8452, -1.8555, 2.9627)
(3.1481, -1.9176, 2.6083)
(3.2232, -2.3407, 2.6534)
(3.4934, -2.422, 2.2974)
(3.5682, -2.8356, 2.3458)
(3.7165, -2.9281, 1.9298)
(3.8343, -3.3219, 1.9772)
(3.9831, -3.3898, 1.5436)
(4.1657, -3.7624, 1.594)
(4.3225, -3.8473, 1.1856)
(4.5296, -4.2211, 1.2458)
(4.6472, -4.3332, 0.8326)
(4.884, -4.7015, 0.9116)
(4.95, -4.8418, 0.4992)
(1.8357, 0.0634, 3.0252)
(2.0774, -0.0785, 2.7456)
(2.2398, -0.4376, 2.8846)
(1.9945, -0.2787, 3.1091)
(2.4933, -0.5748, 2.595)
(2.6176, -0.9681, 2.7853)
(2.361, -0.8204, 3.0904)
(2.8775, -1.1012, 2.3797)
(3.0195, -1.5064, 2.5105)
(3.2529, -1.632, 2.0951)
(3.3896, -2.0224, 2.2175)
(3.4685, -2.1792, 1.7907)
(3.5832, -2.5515, 1.8765)
(3.5934, -2.6995, 1.431)
(3.7852, -3.0357, 1.481)
(3.7805, -3.2063, 1.0722)
(4.0564, -3.5197, 1.1252)
(4.0002, -3.7445, 0.7432)
(4.3424, -4.0258, 0.7823)
(4.2963, -4.2295, 0.381)
(4.6523, -4.5107, 0.4205)
(4.5805, -4.735, 0.0431)
(1.9227, 0.304, 2.6083)
(2.1798, 0.1977, 2.2488)
(2.3423, -0.1929, 2.4196)
(2.5749, -0.3198, 2.044)
(2.729, -0.7092, 2.2182)
(2.9172, -0.8637, 1.8019)
(3.0866, -1.2471, 1.9546)
(3.2202, -1.4182, 1.5313)
(3.3756, -1.7947, 1.6694)
(3.3789, -1.9992, 1.247)
(3.4626, -2.3657, 1.3561)
(3.359, -2.5853, 0.9635)
(3.5241, -2.9022, 1.036)
(3.3497, -3.1794, 0.7057)
(3.656, -3.4678, 0.7293)
(3.5328, -3.7066, 0.3778)
(3.9165, -3.9656, 0.3681)
(3.8379, -4.1704, -0.0045)
(4.2244, -4.4416, 0.0013)
(4.0948, -4.7144, -0.2652)
(2.0215, 0.5987, 2.087)
(2.2398, 0.4671, 1.7076)
(2.413, 0.0746, 1.8745)
(2.5827, -0.0856, 1.4798)
(2.7498, -0.4776, 1.642)
(2.8634, -0.6625, 1.2309)
(3.041, -1.0428, 1.3832)
(3.0847, -1.2548, 0.9703)
(3.2444, -1.628, 1.1188)
(3.129, -1.8742, 0.7443)
(3.2456, -2.2377, 0.8673)
(3.0287, -2.4883, 0.5142)
(3.1623, -2.8418, 0.6105)
(2.9385, -3.11, 0.2984)
(3.1815, -3.4392, 0.3748)
(3.0655, -3.6515, 0.0269)
(3.4468, -3.9056, 0.0046)
(3.356, -4.1627, -0.2409)
(3.7189, -4.4403, -0.2548)
(3.5964, -4.7572, -0.2486)
(2.0503, 0.8519, 1.5394)
(2.2047, 0.6794, 1.142)
(2.4052, 0.3032, 1.3129)
(2.5178, 0.1094, 0.9091)
(2.6908, -0.2769, 1.0736)
(2.7425, -0.4923, 0.6651)
(2.9091, -0.8771, 0.8198)
(2.8939, -1.1143, 0.4179)
(3.0292, -1.4967, 0.5797)
(2.8856, -1.7508, 0.2181)
(2.9287, -2.1299, 0.398)
(2.6748, -2.3693, 0.0907)
(2.7654, -2.7413, 0.2113)
(2.4763, -2.9863, -0.0572)
(2.718, -3.371, 0.0088)
(2.62, -3.6259, -0.2461)
(3.0112, -3.8902, -0.2197)
(2.984, -4.189, -0.2289)
(3.2873, -4.4758, -0.2269)
(3.2541, -4.7916, -0.0203)
(1.9735, 1.0368, 0.9683)
(2.0817, 0.8325, 0.5688)
(2.3187, 0.4817, 0.7399)
(2.4041, 0.2672, 0.3368)
(2.5909, -0.1034, 0.5031)
(2.6211, -0.3328, 0.0996)
(2.7448, -0.7259, 0.261)
(2.7301, -0.9624, -0.1364)
(2.8239, -1.3591, 0.0338)
(2.6851, -1.5917, -0.319)
(2.6798, -1.989, -0.1107)
(2.4218, -2.1877, -0.4001)
(2.3946, -2.5725, -0.1849)
(2.1322, -2.6915, -0.4434)
(2.1968, -3.125, -0.3072)
(1.8228, 1.1687, 0.3966)
(1.9354, 0.9669, 0.0023)
(2.1658, 0.6137, 0.1702)
(2.2674, 0.4064, -0.2256)
(2.4671, 0.0425, -0.0643)
(2.5466, -0.1692, -0.4642)
(2.6505, -0.5618, -0.3014)
(2.6418, -0.7763, -0.6913)
(2.6672, -1.1855, -0.512)
(2.4998, -1.383, -0.8416)
(2.4697, -1.7904, -0.6271)
(2.2075, -1.9516, -0.8999)
(2.1529, -2.3299, -0.6645)
(1.9066, -2.4143, -0.9219)
(1.8807, -2.7422, -0.6835)
(1.7373, 1.3415, -0.1659)
(1.9411, 1.1952, -0.5473)
(2.0915, 0.7915, -0.3871)
(2.2838, 0.6396, -0.7722)
(2.4108, 0.2282, -0.6191)
(2.505, 0.0497, -1.0151)
(2.5891, -0.3668, -0.8593)
(2.4959, -0.5629, -1.2279)
(2.5115, -0.9752, -1.044)
(2.2904, -1.1489, -1.347)
(2.2593, -1.5518, -1.1283)
(1.9924, -1.7014, -1.3959)
(1.9463, -2.0753, -1.1618)
(1.7127, -2.163, -1.4312)
(1.6806, -2.473, -1.1855)
(1.8113, 1.6106, -0.6964)
(2.0499, 1.4835, -1.0663)
(2.1626, 1.0588, -0.9215)
(2.3231, 0.9035, -1.3089)
(2.4162, 0.4754, -1.1635)
(2.4016, 0.2843, -1.5526)
(2.4545, -0.1438, -1.3964)
(2.2703, -0.33, -1.7328)
(2.2916, -0.7426, -1.5487)
(2.034, -0.9073, -1.8339)
(2.0269, -1.3065, -1.6213)
(1.7628, -1.4642, -1.899)
(1.7381, -1.8312, -1.6684)
(1.5355, -1.9426, -1.9671)
(1.5165, -2.2436, -1.723)
(1.918, 1.8986, -1.2176)
(2.1129, 1.7537, -1.6031)
(2.2258, 1.3321, -1.4525)
(2.2787, 1.1488, -1.8497)
(2.3443, 0.7165, -1.7032)
(2.2077, 0.5163, -2.0693)
(2.2391, 0.089, -1.9056)
(1.9912, -0.0956, -2.2173)
(2.0145, -0.5037, -2.0297)
(1.7627, -0.6817, -2.3284)
(1.7754, -1.0763, -2.1207)
(1.5607, -1.2638, -2.4362)
(1.5454, -1.6211, -2.2044)
(1.4081, -1.7659, -2.5435)
(1.3965, -2.0562, -2.2982)
(1.9639, 2.1561, -1.7645)
(2.1105, 1.9951, -2.1567)
(2.2077, 1.5774, -1.9987)
(2.1476, 1.3772, -2.3837)
(2.1737, 0.9479, -2.2262)
(1.9628, 0.7451, -2.5717)
(1.9732, 0.3204, -2.3982)
(1.7441, 0.1215, -2.7261)
(1.7453, -0.2837, -2.5291)
(1.5717, -0.492, -2.8718)
(1.566, -0.8813, -2.6581)
(1.4596, -1.1047, -3.0187)
(1.4306, -1.4557, -2.7853)
(1.3523, -1.6207, -3.1513)
(1.3189, -1.9019, -2.9028)
(1.9578, 2.3836, -2.3261)
(2.0554, 2.2117, -2.718)
(2.1209, 1.7982, -2.5491)
(1.9979, 1.5882, -2.9254)
(1.9674, 1.1704, -2.7457)
(1.787, 0.957, -3.1058)
(1.7575, 0.537, -2.9176)
(1.6364, 0.3118, -3.2851)
(1.5985, -0.0963, -3.0823)
(1.5558, -0.3346, -3.458)
(1.5007, -0.7254, -3.2416)
(1.4731, -0.9676, -3.6243)
(1.4061, -1.3177, -3.3945)
(1.3197, -1.4774, -3.7651)
(1.2574, -1.7547, -3.5177)
(1.9152, 2.5892, -2.8961)
(1.9933, 2.4142, -3.2869)
(2.0262, 2.0018, -3.1088)
(1.924, 1.7833, -3.4907)
(1.8445, 1.3728, -3.2967)
(1.7554, 1.1426, -3.6766)
(1.6881, 0.7272, -3.4812)
(1.6781, 0.4828, -3.8629)
(1.6133, 0.0696, -3.6643)
(1.6303, -0.1791, -4.0454)
(1.5519, -0.5818, -3.84)
(1.491, -0.8125, -4.2221)
(1.3971, -1.1718, -4.0027)
(1.2616, -1.3061, -4.3625)
(1.1868, -1.5914, -4.124)
(1.8572, 2.7881, -3.4689)
(1.9392, 2.6068, -3.8601)
(1.974, 2.1963, -3.6789)
(1.9222, 1.9678, -4.0647)
(1.8371, 1.5556, -3.8715)
(1.8229, 1.3138, -4.2532)
(1.7473, 0.8983, -4.0588)
(1.781, 0.6491, -4.439)
(1.7062, 0.2335, -4.2435)
(1.694, -0.0073, -4.6252)
(1.5962, -0.4165, -4.4271)
(1.4671, -0.6207, -4.8009)
(1.3523, -0.9875, -4.5892)
(1.1712, -1.0896, -4.9296)
(1.0895, -1.3871, -4.7004)
(1.7872, 2.978, -4.0424)
(1.8843, 2.7856, -4.4362)
(1.9572, 2.3822, -4.2527)
(1.9614, 2.146, -4.6386)
(1.9031, 1.729, -4.4463)
(1.9269, 1.4834, -4.8264)
(1.855, 1.0657, -4.6332)
(1.8665, 0.8222, -5.0146)
(1.7841, 0.4062, -4.8204)
(1.7029, 0.1827, -5.2008)
(1.59, -0.224, -5.0031)
(1.4001, -0.4046, -5.3665)
(1.2732, -0.7681, -5.1537)
(1.0624, -0.8524, -5.4821)
(0.9709, -1.1465, -5.2499)
(1.6966, 3.1488, -4.6143)
(1.8107, 2.9418, -4.9836)
(1.9381, 2.5583, -4.8247)
(1.9843, 2.3144, -5.1818)
(1.9777, 1.9025, -5.0162)
(2.0008, 1.6516, -5.369)
(1.9413, 1.2395, -5.2037)
(1.8962, 0.9988, -5.5578)
(1.8038, 0.5931, -5.392)
(1.661, 0.3775, -5.7387)
(1.535, -0.0146, -5.5668)
(1.314, -0.192, -5.8948)
(1.174, -0.5383, -5.7061)
(0.9563, -0.6289, -6.0069)
(0.8497, -0.9041, -5.7992)
(1.6013, 3.2813, -5.1023)
(1.7466, 3.0566, -5.4101)
(1.9132, 2.7026, -5.3067)
(2.0164, 2.4454, -5.5942)
(2.0359, 2.0537, -5.4928)
(2.0548, 1.786, -5.781)
(1.9807, 1.3943, -5.6826)
(1.8884, 1.1417, -5.971)
(1.7773, 0.7617, -5.8678)
(1.607, 0.5325, -6.1465)
(1.4659, 0.1681, -6.0354)
(1.2418, -0.0293, -6.2978)
(1.0867, -0.3462, -6.1681)
(0.8901, -0.4595, -6.3904)
(0.7667, -0.7051, -6.246)
(2.1043, -2.2401, 3.6553)
(2.2445, -2.598, 3.4454)
(2.0348, -2.5461, 3.5833)
(2.5806, -3.0662, 3.1535)
(2.2424, -2.9549, 3.3603)
(2.9769, -3.5558, 2.8645)
(2.6404, -3.4488, 3.0699)
(3.3678, -4.0416, 2.564)
(3.0455, -3.9415, 2.788)
(3.7503, -4.5134, 2.2349)
(3.4486, -4.4261, 2.4937)
(4.1657, -4.9626, 1.9152)
(3.8526, -4.8892, 2.1697)
(4.5846, -5.4087, 1.5943)
(4.2551, -5.3342, 1.8199)
(4.6488, -5.7836, 1.4669)
(-1.9046, 2.4803, 0.5673)
(-2.4872, 3.6688, -3.5678)
(-0.2787, 0.4994, 4.8482)
(-2.2039, 2.997, -1.1971)
(-0.6552, 1.0677, 4.991)
(-1.0177, 1.6398, 5.1504)
(-1.866, 2.4258, 1.1661)
(-1.3805, 2.2121, 5.3082)
(-1.7394, 2.7934, 5.4395)
(-2.0872, 3.3878, 5.5336)
(-2.4369, 3.9837, 5.6084)
(-2.4572, 3.5506, -2.9695)
(-2.8025, 4.5698, 5.6991)
(-2.0839, 2.7734, -0.6151)
(-1.978, 2.5901, -0.028)
(-2.3463, 3.2725, 2.6562)
(-1.8598, 2.4264, 1.7703)
(-2.0138, 2.7337, 2.3607)
(-2.6805, 3.5473, 3.1978)
(-3.0149, 3.7536, 3.7695)
(-2.5292, 3.7962, -4.168)
(-2.4129, 3.4149, -2.3721)
(-2.3184, 3.2209, -1.7819)
(-3.3049, 4.4987, 5.6495)
(-2.972, 4.4036, 5.6704)
(-2.9629, 4.6452, 5.7429)
(-3.2771, 4.7018, 5.7689)
(-3.1032, 3.8798, 3.8593)
(-3.0169, 3.922, 3.623)
(-3.1689, 4.1986, 3.729)
(-3.1893, 4.165, 3.9398)
(-3.2713, 4.1381, 3.519)
(-3.5108, 4.3957, 3.6544)
(-3.3623, 4.4904, 3.7715)
(-3.5952, 4.1571, 3.7792)
(-3.7465, 4.3721, 4.0857)
(-3.6846, 4.6224, 3.8611)
(-3.6867, 4.1053, 4.359)
(-3.7903, 4.3301, 4.6825)
(-3.8831, 4.5577, 4.4021)
(-3.6196, 4.1025, 4.957)
(-3.6474, 4.3604, 5.2571)
(-3.8653, 4.5331, 5.0014)
(-3.3448, 4.2083, 5.4468)
(-3.6216, 4.609, 5.5257)
(-0.9552, -0.1626, 4.3661)
(-0.6414, -0.2373, 4.4847)
(-0.5708, 0.0917, 4.6721)
(-0.8923, 0.1983, 4.5979)
(-1.2841, 0.3438, 4.5194)
(-0.8437, 0.5746, 4.7936)
(-1.2408, 0.7409, 4.7552)
(-1.6608, 0.9064, 4.6999)
(-1.2041, 1.1434, 4.9441)
(-1.6074, 1.3106, 4.9176)
(-2.0234, 1.4781, 4.8598)
(-1.5656, 1.7181, 5.0936)
(-1.968, 1.8869, 5.0642)
(-2.3712, 2.0663, 4.9778)
(-1.9243, 2.2978, 5.23)
(-2.3196, 2.4746, 5.177)
(-2.7041, 2.668, 5.0546)
(-2.2755, 2.8864, 5.3376)
(-2.6621, 3.0706, 5.2605)
(-3.0311, 3.2733, 5.1154)
(-2.6237, 3.4781, 5.428)
(-3.0065, 3.6633, 5.344)
(-3.3593, 3.8694, 5.1886)
(-2.9811, 4.0523, 5.5378)
(-1.326, -0.4337, 3.9768)
(-0.9706, -0.5816, 4.1129)
(-1.3167, -0.0386, 4.2574)
(-1.7198, 0.1545, 4.1551)
(-1.7019, 0.5194, 4.4443)
(-2.0935, 0.7271, 4.3376)
(-2.0691, 1.0883, 4.6171)
(-2.4089, 1.3247, 4.4642)
(-2.406, 1.6798, 4.7382)
(-2.6874, 1.9469, 4.5381)
(-2.7216, 2.2894, 4.8099)
(-2.9685, 2.5706, 4.5709)
(-3.0255, 2.9066, 4.852)
(-3.2629, 3.1918, 4.5939)
(-3.3308, 3.523, 4.899)
(-3.5444, 3.8142, 4.6371)
(-1.1045, -1.6308, 3.0659)
(-0.9197, -1.6607, 3.4492)
(-1.1538, -1.3769, 3.4005)
(-1.417, -1.0847, 3.2929)
(-1.0966, -1.0997, 3.7571)
(-1.3676, -0.7982, 3.6503)
(-1.7294, -0.5016, 3.4953)
(-1.7242, -0.1865, 3.8363)
(-2.0896, 0.0865, 3.6849)
(-2.0998, 0.3934, 4.0249)
(-2.3557, 0.6965, 3.8327)
(-2.3854, 1.0024, 4.1568)
(-2.5136, 1.351, 3.9174)
(-2.606, 1.6421, 4.2367)
(-2.6496, 2.0162, 3.985)
(-2.8222, 2.2828, 4.2868)
(-2.9072, 2.6316, 4.0034)
(-3.1299, 2.8892, 4.2902)
(-3.2516, 3.2232, 4.0007)
(-3.4272, 3.5098, 4.3154)
(-3.5442, 3.842, 4.0356)
(-1.3549, -1.5861, 2.5407)
(-1.4059, -1.3432, 2.9263)
(-1.7164, -1.0409, 2.7544)
(-1.7315, -0.7823, 3.132)
(-2.0478, -0.4681, 2.9536)
(-2.0696, -0.1985, 3.3246)
(-2.3205, 0.1364, 3.1336)
(-2.3337, 0.4083, 3.4939)
(-2.3936, 0.7823, 3.2632)
(-2.4224, 1.0627, 3.5964)
(-2.3672, 1.4529, 3.3554)
(-2.4973, 1.737, 3.6729)
(-2.4449, 2.1263, 3.4286)
(-2.6558, 2.3906, 3.7233)
(-2.7146, 2.7393, 3.4382)
(-3.0079, 2.9688, 3.7079)
(-3.0777, 3.3201, 3.4342)
(-3.3407, 3.5703, 3.7242)
(-3.3683, 3.9063, 3.5144)
(-1.5972, -1.5224, 1.9773)
(-1.6687, -1.2872, 2.369)
(-1.9727, -0.9776, 2.1949)
(-2.0175, -0.7264, 2.5762)
(-2.2892, -0.3948, 2.3935)
(-2.3052, -0.1306, 2.7649)
(-2.4755, 0.2424, 2.5599)
(-2.4327, 0.5117, 2.9158)
(-2.4247, 0.9009, 2.6806)
(-2.3346, 1.1709, 3.0204)
(-2.2649, 1.5617, 2.7837)
(-2.2927, 1.8433, 3.1164)
(-2.2484, 2.2344, 2.8707)
(-2.4392, 2.4993, 3.1666)
(-2.4716, 2.858, 2.9181)
(-2.7781, 3.0871, 3.1663)
(-2.7932, 3.4246, 3.014)
(-3.0786, 3.6663, 3.2545)
(-3.0159, 3.8869, 3.3346)
(-1.8259, -1.4489, 1.4141)
(-1.907, -1.2168, 1.8069)
(-2.2109, -0.902, 1.6352)
(-2.2648, -0.6557, 2.0189)
(-2.5203, -0.3076, 1.8344)
(-2.5097, -0.034, 2.2004)
(-2.6541, 0.3539, 1.9918)
(-2.5582, 0.6338, 2.3404)
(-2.5503, 1.0238, 2.1088)
(-2.3836, 1.2924, 2.4455)
(-2.3181, 1.6721, 2.2107)
(-2.2172, 1.9558, 2.5475)
(-2.1208, 2.3274, 2.3072)
(-2.2114, 2.6266, 2.6377)
(-2.1875, 2.997, 2.5047)
(-2.4983, 3.192, 2.7977)
(-2.5215, 3.4074, 2.9215)
(-2.7921, 3.6276, 3.1343)
(-2.8555, 3.6512, 3.4767)
(-2.0257, -1.3557, 0.8461)
(-2.1266, -1.1335, 1.2427)
(-2.4086, -0.8038, 1.066)
(-2.4881, -0.5667, 1.4563)
(-2.7047, -0.1986, 1.263)
(-2.7059, 0.0715, 1.6339)
(-2.7735, 0.466, 1.4117)
(-2.6842, 0.7477, 1.7636)
(-2.5846, 1.1113, 1.5223)
(-2.4488, 1.3882, 1.8688)
(-2.2818, 1.713, 1.6278)
(-2.1785, 2.0006, 1.9708)
(-2.009, 2.2355, 1.7248)
(-1.9448, 2.5723, 2.0635)
(-2.1918, -1.2404, 0.2711)
(-2.3006, -1.0244, 0.6691)
(-2.5503, -0.6797, 0.4851)
(-2.6429, -0.4482, 0.8779)
(-2.8064, -0.0668, 0.6757)
(-2.8174, 0.1916, 1.0507)
(-2.7962, 0.5735, 0.8202)
(-2.6986, 0.8386, 1.1731)
(-2.5551, 1.1775, 0.9308)
(-2.417, 1.4386, 1.2794)
(-2.26, 1.7499, 1.0387)
(-2.1178, 1.9937, 1.3844)
(-1.9938, 2.2306, 1.1304)
(-1.8715, 2.4193, 1.4678)
(-2.3671, -1.1313, -0.3042)
(-2.4569, -0.9065, 0.0907)
(-2.6957, -0.559, -0.0961)
(-2.7572, -0.3169, 0.2916)
(-2.8919, 0.0667, 0.0863)
(-2.8709, 0.3209, 0.4587)
(-2.8385, 0.6966, 0.229)
(-2.699, 0.9329, 0.5816)
(-2.5941, 1.2755, 0.3426)
(-2.4219, 1.5043, 0.6902)
(-2.3044, 1.8277, 0.4499)
(-2.1356, 2.039, 0.793)
(-2.0368, 2.2929, 0.5363)
(-1.8937, 2.4477, 0.8676)
(-2.5489, -1.0251, -0.879)
(-2.6264, -0.7954, -0.4863)
(-2.8467, -0.4382, -0.6757)
(-2.8803, -0.1887, -0.2925)
(-2.989, 0.2015, -0.5006)
(-2.9381, 0.4554, -0.1316)
(-2.9106, 0.8327, -0.3596)
(-2.7631, 1.0566, -0.006)
(-2.6738, 1.4065, -0.2431)
(-2.4895, 1.6126, 0.1038)
(-2.3846, 1.9509, -0.1368)
(-2.2004, 2.133, 0.2033)
(-2.1127, 2.4085, -0.0544)
(-1.9501, 2.5305, 0.272)
(-2.7254, -0.9144, -1.4546)
(-2.7946, -0.6812, -1.0631)
(-2.9916, -0.313, -1.2557)
(-3.0046, -0.0576, -0.8755)
(-3.0876, 0.3388, -1.0872)
(-3.0192, 0.5943, -0.7203)
(-2.9868, 0.9772, -0.9493)
(-2.8423, 1.1988, -0.5937)
(-2.7536, 1.5602, -0.8317)
(-2.5743, 1.7569, -0.4825)
(-2.4705, 2.114, -0.7247)
(-2.2868, 2.2776, -0.3846)
(-2.2088, 2.5817, -0.6421)
(-2.0398, 2.6773, -0.3181)
(-2.8938, -0.7979, -2.0311)
(-2.9548, -0.5615, -1.6408)
(-3.1292, -0.1844, -1.8366)
(-3.1234, 0.076, -1.4592)
(-3.1839, 0.4764, -1.6743)
(-3.101, 0.7358, -1.3096)
(-3.0599, 1.1251, -1.5408)
(-2.916, 1.3528, -1.1847)
(-2.8239, 1.7265, -1.4245)
(-2.6526, 1.9264, -1.0728)
(-2.5495, 2.301, -1.3162)
(-2.3771, 2.4633, -0.9732)
(-2.3106, 2.7893, -1.229)
(-2.1526, 2.8805, -0.9031)
(-3.0553, -0.6765, -2.6083)
(-3.1074, -0.4373, -2.2194)
(-3.2609, -0.0532, -2.4181)
(-3.2373, 0.2106, -2.0435)
(-3.2773, 0.6126, -2.2619)
(-3.1813, 0.8759, -1.8996)
(-3.1295, 1.2688, -2.1332)
(-2.983, 1.509, -1.7782)
(-2.8862, 1.8902, -2.0196)
(-2.7207, 2.1053, -1.6669)
(-2.6191, 2.4893, -1.9105)
(-2.462, 2.6651, -1.5642)
(-2.4057, 2.9994, -1.8182)
(-2.2699, 3.104, -1.487)
(-3.2112, -0.5514, -3.186)
(-3.254, -0.3096, -2.7986)
(-3.3875, 0.0798, -3.0001)
(-3.3468, 0.3455, -2.6284)
(-3.367, 0.7477, -2.85)
(-3.2588, 1.0121, -2.49)
(-3.1957, 1.4038, -2.7258)
(-3.0454, 1.6549, -2.3723)
(-2.9435, 2.0365, -2.6147)
(-2.781, 2.2732, -2.2626)
(-2.6794, 2.6559, -2.5061)
(-2.5363, 2.8559, -2.1578)
(-2.4835, 3.1829, -2.4113)
(-2.3745, 3.313, -2.0749)
(-3.3625, -0.4232, -3.7639)
(-3.3957, -0.1792, -3.3781)
(-3.5097, 0.2141, -3.5826)
(-3.4519, 0.4809, -3.2138)
(-3.4522, 0.8819, -3.4389)
(-3.3322, 1.1451, -3.0811)
(-3.2563, 1.5333, -3.3191)
(-3.1031, 1.7876, -2.9665)
(-2.9943, 2.1657, -3.2099)
(-2.8347, 2.4164, -2.8581)
(-2.7286, 2.7912, -3.102)
(-2.5948, 3.0126, -2.7533)
(-2.533, 3.3238, -3.0081)
(-2.4441, 3.4783, -2.6695)
(-3.5099, -0.2925, -4.3419)
(-3.533, -0.0465, -3.9579)
(-3.6276, 0.3494, -4.1655)
(-3.5527, 0.6161, -3.7999)
(-3.5323, 1.0146, -4.0287)
(-3.4001, 1.2756, -3.6731)
(-3.3097, 1.6591, -3.9138)
(-3.1533, 1.9131, -3.5617)
(-3.0355, 2.2872, -3.8066)
(-2.8788, 2.5411, -3.4543)
(-2.7656, 2.912, -3.6994)
(-2.6364, 3.1399, -3.3504)
(-2.5678, 3.4453, -3.6065)
(-2.4815, 3.6059, -3.2681)
(-3.647, -0.1671, -4.8901)
(-3.6658, 0.0867, -4.534)
(-3.735, 0.4775, -4.7168)
(-3.6477, 0.7499, -4.3828)
(-3.6022, 1.1381, -4.5868)
(-3.4611, 1.4026, -4.2622)
(-3.3533, 1.7747, -4.4766)
(-3.1946, 2.0333, -4.1542)
(-3.0666, 2.3978, -4.3713)
(-2.9125, 2.6583, -4.0479)
(-2.7936, 3.0215, -4.2647)
(-2.669, 3.2575, -3.9446)
(-2.6009, 3.5582, -4.1745)
(-2.5171, 3.7279, -3.8678)
(-3.7531, -0.0686, -5.3186)
(-3.7752, 0.1996, -5.02)
(-3.8143, 0.5752, -5.1392)
(-3.723, 0.8612, -4.8727)
(-3.6512, 1.2309, -5.0145)
(-3.5068, 1.5067, -4.7576)
(-3.3823, 1.8608, -4.9078)
(-3.2236, 2.1312, -4.6523)
(-3.0867, 2.4804, -4.8038)
(-2.9356, 2.7539, -4.547)
(-2.8122, 3.1036, -4.6974)
(-2.6937, 3.3531, -4.443)
(-2.6273, 3.6251, -4.593)
(-2.5539, 3.8121, -4.3553)
(-0.359, 0.0178, 4.711)
(-0.2764, 0.3191, 4.8049)
(-0.5034, 0.4209, 4.8052)
(-0.4745, 0.7764, 4.9195)
(-0.8328, 0.9622, 4.9423)
(-0.8431, 1.3456, 5.0691)
(-1.1945, 1.5357, 5.0911)
(-1.2048, 1.9173, 5.2249)
(-1.5553, 2.1114, 5.2389)
(-1.5649, 2.4952, 5.3673)
(-1.912, 2.6943, 5.3658)
(-1.9182, 3.0835, 5.4797)
(-2.262, 3.2856, 5.4647)
(-2.2679, 3.6785, 5.5656)
(-2.6157, 3.8746, 5.5574)
(-2.6271, 4.2702, 5.6512)
(-2.5867, 4.653, 5.6636)
(-2.5486, 4.9914, 5.627)
(-2.7509, 5.0517, 5.7534)
(-2.8179, 4.7467, 5.7397)
(-2.9684, 3.9431, 3.6767)
(-3.1008, 3.8567, 3.8859)
(-3.196, 4.1272, 4.0076)
(-3.0723, 4.2444, 3.8224)
(-2.863, 4.3981, 3.6187)
(-3.1863, 4.5685, 3.9286)
(-2.957, 4.7384, 3.7896)
(-2.6265, 4.804, 3.8262)
(-3.0203, 5.036, 4.0013)
(-2.686, 5.0794, 4.1193)
(-2.3516, 5.0183, 4.3078)
(-2.726, 5.3252, 4.4178)
(-2.4334, 5.2453, 4.634)
(-2.1925, 5.0624, 4.8736)
(-2.5076, 5.4334, 4.9616)
(-2.3492, 5.2182, 5.2004)
(-2.2897, 4.8989, 5.3994)
(-2.5445, 5.3147, 5.4902)
(0.5499, 0.5898, 4.5612)
(0.5805, 0.9175, 4.4238)
(0.2236, 0.9818, 4.6219)
(0.2096, 0.6333, 4.7081)
(0.2166, 1.4056, 4.5105)
(-0.1583, 1.5045, 4.7208)
(-0.1455, 1.0667, 4.7837)
(-0.1562, 1.9633, 4.6495)
(-0.5159, 2.0672, 4.879)
(-0.5205, 1.622, 4.9174)
(-0.5374, 2.5075, 4.7757)
(-0.9008, 2.6235, 4.9813)
(-0.8857, 2.188, 5.0617)
(-0.9493, 3.0439, 4.8136)
(-1.2989, 3.1755, 5.0287)
(-1.2739, 2.7485, 5.1513)
(-1.3232, 3.6067, 4.8695)
(-1.6341, 3.7602, 5.1406)
(-1.6321, 3.3247, 5.2462)
(-1.6688, 4.1871, 4.9796)
(-1.9626, 4.3503, 5.2716)
(-1.9509, 3.9205, 5.3788)
(-2.0305, 4.7531, 5.0981)
(-2.2782, 4.5073, 5.5137)
(0.9407, 0.7748, 4.1649)
(0.8966, 1.1565, 3.9833)
(0.5694, 1.301, 4.2745)
(0.5124, 1.7463, 4.1341)
(0.1923, 1.8627, 4.4031)
(0.1015, 2.2821, 4.2566)
(-0.2054, 2.3969, 4.5256)
(-0.3751, 2.7435, 4.2926)
(-0.6482, 2.8925, 4.5658)
(-0.8044, 3.2434, 4.3052)
(-1.0329, 3.4425, 4.5928)
(-1.1906, 3.7918, 4.3638)
(-1.4067, 4.0072, 4.6695)
(-1.6036, 4.3309, 4.4376)
(-1.7974, 4.5608, 4.7656)
(-2.0381, 4.8451, 4.5301)
(1.7003, 0.4304, 2.9566)
(1.5096, 0.5645, 3.302)
(1.6356, 0.218, 3.3168)
(1.3853, 0.9496, 3.2292)
(1.1765, 1.0355, 3.621)
(1.3098, 0.6377, 3.699)
(1.0348, 1.4905, 3.4657)
(0.7905, 1.6169, 3.8162)
(0.6199, 2.0337, 3.6331)
(0.3768, 2.161, 3.9617)
(0.1113, 2.4548, 3.7257)
(-0.1245, 2.5876, 4.0172)
(-0.407, 2.8407, 3.7383)
(-0.6018, 3.0406, 4.0118)
(-0.8958, 3.2684, 3.7666)
(-1.0366, 3.5349, 4.0601)
(-1.3851, 3.7165, 3.8467)
(-1.478, 4.0401, 4.1378)
(-1.8119, 4.2353, 3.9033)
(-1.8994, 4.5701, 4.1992)
(-2.2525, 4.7353, 3.9843)
(1.7894, 0.717, 2.4631)
(1.5789, 0.8371, 2.8462)
(1.4356, 1.2541, 2.6987)
(1.2399, 1.3717, 3.0875)
(1.0456, 1.7768, 2.9104)
(0.8396, 1.9014, 3.2813)
(0.5563, 2.2142, 3.0731)
(0.3385, 2.3364, 3.4126)
(0.0059, 2.5784, 3.1752)
(-0.2074, 2.6957, 3.4681)
(-0.5705, 2.8512, 3.2253)
(-0.7486, 3.0136, 3.4971)
(-1.1706, 3.0794, 3.3083)
(-1.2885, 3.3793, 3.5777)
(-1.665, 3.4906, 3.3732)
(-1.7394, 3.8698, 3.6286)
(-2.0772, 4.0233, 3.4061)
(-2.1558, 4.3991, 3.6808)
(-2.5337, 4.4699, 3.5569)
(1.8575, 0.9988, 1.9286)
(1.6442, 1.1296, 2.3124)
(1.4531, 1.5142, 2.1467)
(1.2468, 1.647, 2.5302)
(0.9965, 1.9887, 2.3422)
(0.7845, 2.1132, 2.7138)
(0.4624, 2.3793, 2.5042)
(0.2246, 2.4624, 2.8531)
(-0.145, 2.6232, 2.632)
(-0.3639, 2.73, 2.9416)
(-0.78, 2.78, 2.7053)
(-0.9915, 2.9093, 3.0006)
(-1.4183, 2.9204, 2.8061)
(-1.5759, 3.1452, 3.115)
(-1.9254, 3.256, 2.9022)
(-2.0008, 3.6375, 3.1446)
(-2.3422, 3.7289, 3.0431)
(-2.4428, 4.095, 3.2971)
(-2.7602, 4.0465, 3.4126)
(1.8305, 1.218, 1.3657)
(1.6533, 1.3747, 1.7589)
(1.4027, 1.7179, 1.5784)
(1.2029, 1.8548, 1.9636)
(0.8985, 2.1434, 1.767)
(0.6826, 2.2653, 2.1392)
(0.3259, 2.4844, 1.9284)
(0.0944, 2.5668, 2.2882)
(-0.3042, 2.6687, 2.0669)
(-0.5537, 2.6841, 2.4055)
(-0.9605, 2.6635, 2.185)
(-1.2023, 2.752, 2.4945)
(-1.6159, 2.6797, 2.298)
(-1.828, 2.9204, 2.6258)
(-2.1725, 3.0093, 2.5123)
(-2.2367, 3.3758, 2.8033)
(-2.5053, 3.4124, 2.9325)
(-2.6314, 3.7215, 3.1828)
(-2.8399, 3.6497, 3.4906)
(1.7121, 1.373, 0.7924)
(1.5759, 1.5599, 1.1873)
(1.2939, 1.8801, 1.0061)
(1.114, 2.027, 1.3903)
(0.7907, 2.2978, 1.1949)
(0.5563, 2.3859, 1.5622)
(0.2019, 2.6009, 1.3534)
(-0.0503, 2.6491, 1.7126)
(-0.4301, 2.7351, 1.4895)
(-0.7012, 2.6947, 1.8428)
(-1.0722, 2.6513, 1.6154)
(-1.3374, 2.5958, 1.9649)
(-1.6304, 2.5203, 1.7241)
(-1.9288, 2.5878, 2.0675)
(1.5684, 1.506, 0.225)
(1.4295, 1.6921, 0.6161)
(1.1649, 2.0218, 0.4414)
(0.9931, 2.1804, 0.8219)
(0.6999, 2.4785, 0.6344)
(0.459, 2.5531, 0.9965)
(0.123, 2.7499, 0.7829)
(-0.1555, 2.7502, 1.1349)
(-0.5099, 2.7921, 0.9038)
(-0.794, 2.7332, 1.2597)
(-1.1301, 2.675, 1.0264)
(-1.3911, 2.5804, 1.3786)
(-1.6484, 2.513, 1.1276)
(-1.8544, 2.4329, 1.4686)
(1.5721, 1.7363, -0.3237)
(1.3561, 1.8715, 0.0588)
(1.175, 2.2554, -0.1055)
(0.9349, 2.3699, 0.2658)
(0.6706, 2.6582, 0.0681)
(0.397, 2.7206, 0.4277)
(0.0572, 2.8347, 0.1945)
(-0.2263, 2.8273, 0.549)
(-0.5676, 2.8162, 0.3109)
(-0.8486, 2.7584, 0.6691)
(-1.1728, 2.6912, 0.4328)
(-1.4281, 2.6043, 0.7852)
(-1.6864, 2.5516, 0.5302)
(-1.8769, 2.4584, 0.8659)
(1.6772, 2.0223, -0.8442)
(1.4207, 2.1368, -0.4767)
(1.215, 2.4886, -0.6543)
(0.945, 2.5806, -0.2925)
(0.6301, 2.778, -0.5158)
(0.3409, 2.8158, -0.161)
(-0.0116, 2.8498, -0.4037)
(-0.2902, 2.8443, -0.0471)
(-0.6318, 2.7984, -0.2873)
(-0.901, 2.7592, 0.0736)
(-1.2351, 2.7, -0.1654)
(-1.4768, 2.631, 0.1883)
(-1.7547, 2.6235, -0.0673)
(-1.9326, 2.5399, 0.2673)
(1.7408, 2.2833, -1.385)
(1.4847, 2.3901, -1.0163)
(1.2093, 2.6629, -1.2239)
(0.9207, 2.7278, -0.87)
(0.5664, 2.8228, -1.1108)
(0.2724, 2.8406, -0.7586)
(-0.0912, 2.8159, -1.0047)
(-0.3639, 2.8106, -0.647)
(-0.7184, 2.775, -0.8887)
(-0.9772, 2.7504, -0.5265)
(-1.3314, 2.7559, -0.763)
(-1.5603, 2.6922, -0.4096)
(-1.8569, 2.7668, -0.6578)
(-2.0221, 2.6863, -0.325)
(1.7516, 2.5075, -1.9456)
(1.4923, 2.5936, -1.5794)
(1.1653, 2.7696, -1.8073)
(0.8653, 2.7935, -1.4608)
(0.4895, 2.8195, -1.71)
(0.1928, 2.8184, -1.3593)
(-0.1808, 2.8197, -1.6044)
(-0.4564, 2.7933, -1.249)
(-0.8223, 2.8496, -1.482)
(-1.0812, 2.8044, -1.1241)
(-1.4415, 2.9301, -1.3402)
(-1.6693, 2.8509, -0.9936)
(-1.9709, 2.9919, -1.2324)
(-2.1351, 2.8899, -0.9091)
(1.717, 2.6961, -2.5184)
(1.4537, 2.7496, -2.1564)
(1.0957, 2.8709, -2.3947)
(0.792, 2.8322, -2.0563)
(0.4131, 2.8952, -2.3012)
(0.1106, 2.8524, -1.9557)
(-0.2587, 2.9689, -2.1809)
(-0.5493, 2.9079, -1.8334)
(-0.9038, 3.0954, -2.0321)
(-1.1812, 3.0099, -1.6883)
(-1.5362, 3.2134, -1.8855)
(-1.7786, 3.1044, -1.5551)
(-2.0805, 3.2395, -1.8026)
(-2.2524, 3.1138, -1.492)
(1.6642, 2.8874, -3.0918)
(1.3925, 2.9078, -2.7348)
(1.0337, 3.0537, -2.9651)
(0.7221, 2.9642, -2.637)
(0.3568, 3.1173, -2.857)
(0.0459, 3.0365, -2.5221)
(-0.3033, 3.2561, -2.7108)
(-0.6102, 3.1753, -2.3735)
(-0.9535, 3.4163, -2.5512)
(-1.2539, 3.319, -2.2183)
(-1.6112, 3.4922, -2.4321)
(-1.8751, 3.3679, -2.1143)
(-2.1702, 3.4525, -2.3826)
(-2.3568, 3.3228, -2.079)
(1.6028, 3.0931, -3.6597)
(1.3364, 3.1134, -3.3003)
(0.9865, 3.3054, -3.511)
(0.6714, 3.2109, -3.1851)
(0.3229, 3.4275, -3.3759)
(0.0083, 3.3393, -3.0452)
(-0.3292, 3.5935, -3.2164)
(-0.6429, 3.5062, -2.884)
(-0.9908, 3.7211, -3.0762)
(-1.3064, 3.6126, -2.7524)
(-1.6637, 3.7206, -2.9958)
(-1.9447, 3.5842, -2.6875)
(-2.2229, 3.6158, -2.972)
(-2.426, 3.4871, -2.6721)
(1.5277, 3.2936, -4.2267)
(1.283, 3.3478, -3.854)
(0.9464, 3.5826, -4.0443)
(0.639, 3.5173, -3.705)
(0.3006, 3.7616, -3.8819)
(-0.0145, 3.6793, -3.5487)
(-0.3563, 3.9128, -3.7323)
(-0.6733, 3.8207, -3.4027)
(-1.0316, 3.9748, -3.6256)
(-1.3508, 3.854, -3.3082)
(-1.7075, 3.9026, -3.5755)
(-1.9899, 3.755, -3.2723)
(-2.2601, 3.7526, -3.5662)
(-2.4629, 3.6135, -3.2692)
(1.4365, 3.4662, -4.767)
(1.2187, 3.5722, -4.4059)
(0.9008, 3.8284, -4.5558)
(0.6085, 3.8207, -4.222)
(0.2752, 4.0523, -4.3748)
(-0.0395, 3.9951, -4.0614)
(-0.3897, 4.1692, -4.2428)
(-0.7116, 4.0815, -3.9439)
(-1.0741, 4.1678, -4.1643)
(-1.3951, 4.0462, -3.8791)
(-1.7483, 4.0517, -4.1304)
(-2.0297, 3.9015, -3.8594)
(-2.2981, 3.881, -4.1307)
(-2.4993, 3.737, -3.868)
(1.3575, 3.5969, -5.1867)
(1.1578, 3.7548, -4.8719)
(0.8751, 4.0287, -4.94)
(0.5861, 4.0688, -4.6594)
(0.2614, 4.2723, -4.7521)
(-0.0651, 4.2318, -4.5068)
(-0.4189, 4.339, -4.645)
(-0.7484, 4.2616, -4.4151)
(-1.1085, 4.295, -4.5837)
(-1.4334, 4.1857, -4.3658)
(-1.7816, 4.1605, -4.556)
(-2.0649, 4.0212, -4.3518)
(-2.3166, 3.9847, -4.5419)
(-2.5215, 3.8517, -4.3501)
(0.2015, 0.3998, 4.7542)
(-0.1244, 0.6864, 4.8126)
(-0.1118, 0.4309, 4.8226)
(-0.4975, 1.2006, 4.9291)
(-0.4595, 0.7908, 4.9197)
(-0.8638, 1.7689, 5.0811)
(-0.8298, 1.3619, 5.0723)
(-1.2339, 2.3374, 5.2188)
(-1.1934, 1.9346, 5.2336)
(-1.6052, 2.9102, 5.3236)
(-1.555, 2.5104, 5.3804)
(-1.9405, 3.5027, 5.4376)
(-1.9084, 3.0977, 5.4933)
(-2.2727, 4.0981, 5.5502)
(-2.2562, 3.6931, 5.5764)
(-2.6123, 4.2833, 5.6563)
(4.7187, -6.3087, 1.1933)
(3.5989, -5.2425, -0.0616)
(3.7024, -5.4032, -0.395)
(3.7016, -5.7818, -0.4207)
(3.7973, -6.1672, 0.0034)
(4.0134, -6.4246, 0.5023)
(4.3687, -6.4731, 0.9535)
(1.2935, -2.8719, 3.3534)
(1.6423, -3.283, 3.1145)
(2.0413, -3.7793, 2.8375)
(2.444, -4.2695, 2.5517)
(2.8485, -4.7429, 2.2434)
(3.2538, -5.1923, 1.9053)
(3.6578, -5.63, 1.5537)
(4.0532, -6.0788, 1.2207)
(0.781, -2.9729, 3.0704)
(1.1653, -3.4659, 2.8065)
(1.5648, -3.9864, 2.5421)
(1.9755, -4.4633, 2.2512)
(2.3962, -4.8962, 1.9156)
(2.82, -5.2954, 1.5462)
(3.2432, -5.686, 1.1673)
(3.6674, -6.0803, 0.8034)
(-0.629, -2.1677, 3.0537)
(-0.1639, -2.6131, 2.8977)
(0.3228, -3.0605, 2.6743)
(0.745, -3.5887, 2.3963)
(1.1756, -4.0647, 2.1192)
(1.6495, -4.4401, 1.8039)
(2.1451, -4.7626, 1.4672)
(2.5825, -5.1085, 1.0865)
(2.9841, -5.4885, 0.682)
(3.4215, -5.8582, 0.3059)
(-0.8445, -2.1386, 2.5972)
(-0.4378, -2.6363, 2.3779)
(-0.0062, -3.1195, 2.1364)
(0.44, -3.5927, 1.8792)
(0.9545, -3.9303, 1.6105)
(1.5299, -4.1477, 1.3266)
(2.0953, -4.3771, 1.0228)
(2.5202, -4.7156, 0.6386)
(2.8734, -5.1242, 0.2167)
(3.2918, -5.5087, -0.1597)
(-1.0933, -2.0901, 2.0369)
(-0.6951, -2.6098, 1.8093)
(-0.2588, -3.0888, 1.5694)
(0.2427, -3.4799, 1.3219)
(0.8396, -3.6661, 1.0945)
(1.4831, -3.7484, 0.8836)
(2.0732, -3.9364, 0.6077)
(2.507, -4.2748, 0.2239)
(2.8827, -4.6814, -0.1676)
(3.3128, -5.0806, -0.3699)
(-1.325, -2.0259, 1.4717)
(-0.9292, -2.5569, 1.2435)
(-0.4775, -3.0271, 1.0019)
(0.0734, -3.359, 0.7546)
(0.7131, -3.4701, 0.5502)
(1.3862, -3.4702, 0.3807)
(2.0339, -3.5476, 0.163)
(2.5522, -3.8445, -0.1104)
(2.9425, -4.3216, -0.2833)
(3.3069, -4.8231, -0.2014)
(-1.5394, -1.9482, 0.9053)
(-1.1421, -2.4853, 0.6746)
(-0.6775, -2.9513, 0.4296)
(-0.0952, -3.2357, 0.1868)
(0.5649, -3.2873, 0.0037)
(1.2404, -3.218, -0.1241)
(1.8745, -3.1584, -0.2469)
(-1.7204, -1.8394, 0.3343)
(-1.3132, -2.3641, 0.1019)
(-0.8328, -2.8076, -0.1418)
(-0.2347, -3.0205, -0.3561)
(0.4216, -2.9979, -0.4965)
(1.0751, -2.8962, -0.5899)
(1.6331, -2.7999, -0.6597)
(-1.8914, -1.7197, -0.2393)
(-1.4666, -2.2184, -0.4715)
(-0.9604, -2.615, -0.7074)
(-0.3563, -2.7692, -0.8913)
(0.28, -2.7215, -1.0042)
(0.9084, -2.6297, -1.0917)
(1.4447, -2.5339, -1.1595)
(-2.074, -1.6103, -0.8129)
(-1.6279, -2.0828, -1.045)
(-1.09, -2.4282, -1.2733)
(-0.4776, -2.5559, -1.4463)
(0.1451, -2.513, -1.5522)
(0.7602, -2.4184, -1.6333)
(1.2864, -2.3132, -1.6969)
(-2.2551, -1.5008, -1.3874)
(-1.7857, -1.9471, -1.6193)
(-1.2201, -2.2497, -1.842)
(-0.596, -2.358, -2.0112)
(0.0274, -2.3222, -2.119)
(0.642, -2.2304, -2.202)
(1.1675, -2.1257, -2.2685)
(-2.4287, -1.3854, -1.9627)
(-1.9377, -1.8055, -2.1936)
(-1.3485, -2.0701, -2.4113)
(-0.7091, -2.1592, -2.5802)
(-0.0736, -2.1261, -2.6954)
(0.5519, -2.0441, -2.7881)
(1.0855, -1.9579, -2.8665)
(-2.5953, -1.2642, -2.5386)
(-2.0849, -1.6586, -2.7676)
(-1.4769, -1.8882, -2.9798)
(-0.8218, -1.9566, -3.1488)
(-0.1676, -1.9212, -3.2739)
(0.475, -1.8507, -3.38)
(1.0193, -1.7917, -3.4737)
(-2.756, -1.1383, -3.115)
(-2.2286, -1.5074, -3.3412)
(-1.6055, -1.703, -3.5468)
(-0.9398, -1.7498, -3.7131)
(-0.2691, -1.7086, -3.8455)
(0.3919, -1.6462, -3.965)
(0.9459, -1.6114, -4.073)
(-2.9121, -1.0084, -3.6914)
(-2.3693, -1.3523, -3.9144)
(-1.7335, -1.5139, -4.1124)
(-1.0626, -1.5376, -4.2725)
(-0.3848, -1.4879, -4.4056)
(0.287, -1.4273, -4.5321)
(0.8477, -1.4013, -4.648)
(-3.0642, -0.8754, -4.2678)
(-2.5076, -1.1936, -4.4869)
(-1.861, -1.3201, -4.6765)
(-1.1868, -1.3185, -4.8283)
(-0.5082, -1.2575, -4.9573)
(0.1659, -1.1931, -5.0835)
(0.7291, -1.1637, -5.2)
(-3.2124, -0.7407, -4.8404)
(-2.643, -1.0321, -5.0548)
(-1.9872, -1.122, -5.2346)
(-1.3107, -1.0932, -5.3769)
(-0.632, -1.0188, -5.5003)
(0.0422, -0.9498, -5.6247)
(0.6063, -0.9203, -5.7437)
(-3.337, -0.6248, -5.327)
(-2.7556, -0.8933, -5.5307)
(-2.0929, -0.9504, -5.7011)
(-1.4152, -0.8983, -5.8347)
(-0.7367, -0.8127, -5.9533)
(-0.0624, -0.7407, -6.0765)
(0.4988, -0.7173, -6.1934)
(1.7044, -2.7296, 3.5315)
(2.0557, -3.0758, 3.3066)
(2.4532, -3.5578, 3.0159)
(2.8565, -4.0429, 2.7248)
(3.2603, -4.5225, 2.4239)
(3.6644, -4.9847, 2.099)
(4.0662, -5.4351, 1.7567)
(4.4558, -5.8974, 1.4279)
(5.138, -5.9756, 1.2003)
(3.6179, -5.2561, -0.0049)
(4.0004, -5.2513, -0.2741)
(4.4993, -5.2298, -0.3158)
(4.9824, -5.2551, 0.0202)
(5.3177, -5.3812, 0.4917)
(5.36, -5.6723, 0.9579)
(2.44, -2.0637, 3.4098)
(2.7172, -2.4879, 3.117)
(3.0931, -2.9727, 2.8178)
(3.481, -3.4546, 2.525)
(3.8178, -3.9267, 2.1628)
(4.186, -4.3798, 1.8133)
(4.6105, -4.8259, 1.5099)
(5.0235, -5.2822, 1.2108)
(2.6714, -1.6221, 3.1118)
(3.0317, -2.0956, 2.8081)
(3.4066, -2.5875, 2.5034)
(3.7021, -3.0834, 2.1683)
(3.9907, -3.5445, 1.7829)
(4.3472, -3.9882, 1.4164)
(4.7093, -4.4582, 1.0772)
(5.0501, -4.9495, 0.7529)
(2.0334, -0.1861, 2.9397)
(2.4329, -0.6988, 2.8449)
(2.8172, -1.2408, 2.6585)
(3.2207, -1.7638, 2.3657)
(3.5006, -2.2889, 2.0561)
(3.6746, -2.7982, 1.6793)
(3.916, -3.2741, 1.2974)
(4.1966, -3.7742, 0.9561)
(4.4988, -4.2658, 0.5995)
(4.7873, -4.7739, 0.2602)
(2.1289, 0.0536, 2.5101)
(2.5417, -0.447, 2.3255)
(2.9103, -0.977, 2.092)
(3.2515, -1.5176, 1.8145)
(3.4366, -2.0821, 1.5159)
(3.4882, -2.6336, 1.1939)
(3.5762, -3.1862, 0.8853)
(3.7722, -3.7266, 0.5555)
(4.0744, -4.1965, 0.1773)
(4.3471, -4.715, -0.1429)
(2.2195, 0.338, 1.9808)
(2.5889, -0.1983, 1.762)
(2.9009, -0.7588, 1.515)
(3.163, -1.3317, 1.2496)
(3.2668, -1.9324, 0.9938)
(3.2038, -2.5381, 0.7347)
(3.1438, -3.1523, 0.5027)
(3.2956, -3.6786, 0.1962)
(3.5902, -4.1598, -0.1525)
(3.8338, -4.7329, -0.2956)
(2.2346, 0.5811, 1.4272)
(2.5572, 0.0166, 1.1953)
(2.8076, -0.5749, 0.9478)
(2.9918, -1.1839, 0.6937)
(3.0004, -1.8152, 0.4851)
(2.8448, -2.4343, 0.3057)
(2.7083, -3.0616, 0.117)
(2.8429, -3.6348, -0.1154)
(3.1577, -4.1742, -0.2544)
(3.4092, -4.7751, -0.1488)
(2.1528, 0.7627, 0.8552)
(2.4685, 0.1938, 0.6224)
(2.678, -0.4115, 0.3825)
(2.8023, -1.0418, 0.1413)
(2.7815, -1.6773, -0.0512)
(2.5372, -2.287, -0.1481)
(2.2859, -2.8497, -0.2403)
(1.9993, 0.8941, 0.2844)
(2.3256, 0.331, 0.0539)
(2.5769, -0.2555, -0.1833)
(2.6839, -0.8735, -0.4148)
(2.5929, -1.4924, -0.5825)
(2.3134, -2.0739, -0.6512)
(2.0115, -2.5483, -0.6756)
(1.9172, 1.0684, -0.2764)
(2.26, 0.5126, -0.5008)
(2.5275, -0.0653, -0.7414)
(2.58, -0.6726, -0.9631)
(2.4003, -1.2679, -1.0967)
(2.1016, -1.8263, -1.1479)
(1.8082, -2.286, -1.1742)
(1.9931, 1.3376, -0.8078)
(2.31, 0.7723, -1.0405)
(2.4645, 0.1671, -1.2859)
(2.3922, -0.448, -1.4844)
(2.1674, -1.0276, -1.5919)
(1.878, -1.5795, -1.645)
(1.6208, -2.0482, -1.6951)
(2.0905, 1.6226, -1.3315)
(2.3133, 1.0287, -1.5794)
(2.3152, 0.4006, -1.814)
(2.1334, -0.2118, -1.9752)
(1.8955, -0.7909, -2.0773)
(1.6537, -1.3587, -2.162)
(1.4634, -1.8493, -2.2505)
(2.1195, 1.8778, -1.8786)
(2.2211, 1.265, -2.1172)
(2.0848, 0.6317, -2.3195)
(1.8561, 0.016, -2.4659)
(1.6488, -0.5819, -2.5931)
(1.494, -1.1798, -2.7227)
(1.3734, -1.6911, -2.845)
(2.0868, 2.1059, -2.4364)
(2.0681, 1.4849, -2.6521)
(1.8591, 0.8541, -2.8333)
(1.6696, 0.2198, -3.0007)
(1.5445, -0.411, -3.1623)
(1.4582, -1.0359, -3.3207)
(1.3368, -1.5507, -3.4589)
(2.0236, 2.3143, -3.0017)
(1.9501, 1.6874, -3.2057)
(1.7545, 1.0526, -3.3885)
(1.6432, 0.3988, -3.5735)
(1.5891, -0.2582, -3.7529)
(1.4861, -0.8942, -3.9254)
(1.2948, -1.3967, -4.0669)
(1.9653, 2.512, -3.5731)
(1.9153, 1.8766, -3.7774)
(1.7805, 1.2291, -3.9653)
(1.7275, 0.5657, -4.1513)
(1.6674, -0.0955, -4.336)
(1.4849, -0.7208, -4.5137)
(1.2196, -1.2022, -4.6491)
(1.9136, 2.6981, -4.1479)
(1.9411, 2.0573, -4.3516)
(1.8754, 1.398, -4.5399)
(1.8294, 0.7341, -4.7267)
(1.7061, 0.0854, -4.9136)
(1.438, -0.5146, -5.0849)
(1.1181, -0.9718, -5.2065)
(1.8483, 2.8684, -4.7212)
(1.974, 2.2337, -4.9223)
(1.9682, 1.5702, -5.1097)
(1.888, 0.9129, -5.2984)
(1.6859, 0.2829, -5.4823)
(1.3568, -0.294, -5.6427)
(1.0068, -0.7355, -5.7555)
(1.7772, 3.0029, -5.2082)
(1.9988, 2.3834, -5.4003)
(2.0289, 1.7222, -5.5873)
(1.8947, 1.0737, -5.7766)
(1.6342, 0.4591, -5.9547)
(1.2762, -0.1058, -6.1079)
(0.918, -0.5406, -6.2128)
(2.1577, -2.4095, 3.5584)
(2.3952, -2.8231, 3.3044)
(2.7773, -3.3113, 3.0078)
(3.1745, -3.7996, 2.7179)
(3.557, -4.28, 2.4003)
(3.9548, -4.7398, 2.0737)
(4.3761, -5.1847, 1.7549)
(4.7882, -5.633, 1.4379)
(-3.1291, 4.5727, 5.7221)
(-3.1066, 4.0455, 3.8004)
(-3.3247, 4.3233, 3.6505)
(-3.6549, 4.4012, 3.8182)
(-3.7905, 4.3451, 4.3808)
(-3.7463, 4.3317, 4.9808)
(-3.4892, 4.4219, 5.4891)
(-0.7576, -0.0295, 4.5371)
(-1.0578, 0.4596, 4.6727)
(-1.4249, 1.0254, 4.8376)
(-1.7886, 1.5975, 4.9941)
(-2.1451, 2.1793, 5.1251)
(-2.4915, 2.7721, 5.221)
(-2.8333, 3.3683, 5.2998)
(-3.1807, 3.9502, 5.3958)
(-1.1417, -0.3086, 4.1799)
(-1.5067, 0.2379, 4.3483)
(-1.8899, 0.8021, 4.5358)
(-2.2407, 1.3811, 4.6845)
(-2.566, 1.983, 4.7793)
(-2.8739, 2.5977, 4.8324)
(-3.1783, 3.2149, 4.8735)
(-3.4797, 3.8266, 4.9283)
(-1.0054, -1.6467, 3.2708)
(-1.2611, -1.0936, 3.5307)
(-1.5333, -0.4882, 3.7453)
(-1.9186, 0.1037, 3.9332)
(-2.2541, 0.6928, 4.0993)
(-2.5013, 1.3197, 4.2009)
(-2.7063, 1.9657, 4.2674)
(-2.9693, 2.5877, 4.2904)
(-3.283, 3.1968, 4.2987)
(-3.5639, 3.8206, 4.3364)
(-1.2254, -1.6109, 2.8168)
(-1.5704, -1.0666, 3.0312)
(-1.9009, -0.4925, 3.2295)
(-2.2215, 0.1001, 3.4157)
(-2.392, 0.7306, 3.5519)
(-2.4552, 1.3991, 3.6359)
(-2.5549, 2.072, 3.7056)
(-2.8188, 2.6837, 3.7185)
(-3.1824, 3.265, 3.7098)
(-3.485, 3.8747, 3.7477)
(-1.4786, -1.5559, 2.2591)
(-1.8487, -1.0108, 2.4746)
(-2.1732, -0.4341, 2.6737)
(-2.3988, 0.1864, 2.8467)
(-2.3968, 0.8398, 2.9711)
(-2.2945, 1.506, 3.0706)
(-2.3377, 2.1785, 3.15)
(-2.5981, 2.7972, 3.1662)
(-2.941, 3.3821, 3.1884)
(-3.1895, 3.9198, 3.3756)
(-1.7136, -1.4872, 1.6959)
(-2.0943, -0.9417, 1.9155)
(-2.4065, -0.353, 2.1144)
(-2.5646, 0.2982, 2.2759)
(-2.4864, 0.9645, 2.3948)
(-2.2883, 1.6219, 2.4977)
(-2.1831, 2.2947, 2.5911)
(-2.3354, 2.9236, 2.704)
(-2.6539, 3.4265, 2.9399)
(-2.9118, 3.7882, 3.3803)
(-1.9308, -1.4056, 1.1311)
(-2.3173, -0.8566, 1.3523)
(-2.6225, -0.2564, 1.551)
(-2.7271, 0.4105, 1.7038)
(-2.5827, 1.0726, 1.8174)
(-2.3099, 1.699, 1.9206)
(-2.0595, 2.2893, 2.0178)
(-2.1102, -1.299, 0.5591)
(-2.4829, -0.7431, 0.7764)
(-2.7626, -0.1342, 0.9706)
(-2.7901, 0.5191, 1.1166)
(-2.5679, 1.1434, 1.2263)
(-2.2626, 1.7278, 1.3335)
(-1.9904, 2.2204, 1.4283)
(-2.2775, -1.1847, -0.0167)
(-2.6212, -0.6186, 0.1942)
(-2.848, 0.0002, 0.3807)
(-2.8119, 0.6329, 0.5242)
(-2.5653, 1.2215, 0.6362)
(-2.2753, 1.783, 0.744)
(-2.0106, 2.2558, 0.833)
(-2.4581, -1.0785, -0.5916)
(-2.7714, -0.4991, -0.386)
(-2.9394, 0.1338, -0.2073)
(-2.8727, 0.7634, -0.0654)
(-2.6322, 1.3376, 0.0498)
(-2.3422, 1.8838, 0.1564)
(-2.0716, 2.344, 0.2406)
(-2.6381, -0.9705, -1.1667)
(-2.9201, -0.3761, -0.9656)
(-3.0385, 0.27, -0.7938)
(-2.949, 0.9042, -0.6542)
(-2.7147, 1.481, -0.5369)
(-2.4279, 2.0283, -0.4304)
(-2.1593, 2.4894, -0.3485)
(-2.8105, -0.8568, -1.7427)
(-3.0613, -0.2491, -1.5461)
(-3.1361, 0.4077, -1.3807)
(-3.0238, 1.0512, -1.2448)
(-2.7899, 1.6427, -1.1277)
(-2.5111, 2.2059, -1.02)
(-2.2598, 2.6833, -0.9354)
(-2.9753, -0.7377, -2.3196)
(-3.1957, -0.1191, -2.1273)
(-3.231, 0.5447, -1.968)
(-3.0951, 1.1979, -1.8369)
(-2.8558, 1.8098, -1.722)
(-2.5854, 2.3965, -1.6131)
(-2.3595, 2.8958, -1.5232)
(-3.1339, -0.6144, -2.8971)
(-3.3248, 0.0131, -2.7091)
(-3.3227, 0.6803, -2.5558)
(-3.1632, 1.3372, -2.4294)
(-2.9155, 1.9658, -2.3172)
(-2.6505, 2.5764, -2.2082)
(-2.4475, 3.0958, -2.1143)
(-3.2874, -0.4876, -3.4749)
(-3.4491, 0.1468, -3.2913)
(-3.4102, 0.8149, -3.1443)
(-3.2268, 1.469, -3.0223)
(-2.9699, 2.1026, -2.9122)
(-2.7056, 2.7266, -2.804)
(-2.5111, 3.2574, -2.7094)
(-3.4366, -0.3581, -4.0529)
(-3.5692, 0.2817, -3.874)
(-3.493, 0.9484, -3.7336)
(-3.284, 1.5966, -3.6163)
(-3.0161, 2.2271, -3.5081)
(-2.7483, 2.8525, -3.4005)
(-2.5511, 3.3854, -3.3072)
(-3.5815, -0.2273, -4.6272)
(-3.6841, 0.4163, -4.4532)
(-3.5695, 1.0793, -4.3199)
(-3.3333, 1.7198, -4.2074)
(-3.0525, 2.3454, -4.1013)
(-2.7808, 2.9695, -3.9944)
(-2.5849, 3.5047, -3.9026)
(-3.7029, -0.1153, -5.1156)
(-3.7772, 0.5292, -4.9401)
(-3.6285, 1.1874, -4.8129)
(-3.3691, 1.8204, -4.7045)
(-3.0775, 2.4417, -4.6)
(-2.8037, 3.0651, -4.4935)
(-2.6143, 3.5981, -4.398)
(-0.4148, 0.2073, 4.7544)
(-0.6537, 0.6799, 4.87)
(-1.0141, 1.2487, 5.0164)
(-1.375, 1.8231, 5.1661)
(-1.7345, 2.4017, 5.3057)
(-2.0874, 2.9894, 5.4177)
(-2.4374, 3.5813, 5.5093)
(-2.7973, 4.1586, 5.6132)
(-2.6825, 4.8658, 5.7115)
(-3.0914, 4.0362, 3.8589)
(-3.0334, 4.4932, 3.7783)
(-2.8327, 4.9339, 3.9132)
(-2.5477, 5.1836, 4.364)
(-2.3581, 5.2597, 4.9199)
(-2.4243, 5.1191, 5.4485)
(0.3931, 0.7737, 4.5896)
(0.0344, 1.2302, 4.663)
(-0.3385, 1.7855, 4.7989)
(-0.703, 2.347, 4.9412)
(-1.1043, 2.8972, 5.0032)
(-1.4724, 3.4646, 5.0774)
(-1.7962, 4.0562, 5.2056)
(-2.1319, 4.6377, 5.3385)
(0.7543, 1.0375, 4.2176)
(0.382, 1.5792, 4.3364)
(-0.0004, 2.1371, 4.4712)
(-0.4279, 2.6429, 4.554)
(-0.8471, 3.1613, 4.575)
(-1.2183, 3.7255, 4.6262)
(-1.5989, 4.2864, 4.7157)
(-2.0008, 4.8252, 4.8202)
(1.6655, 0.317, 3.1492)
(1.3495, 0.797, 3.4681)
(0.9859, 1.3218, 3.7292)
(0.5926, 1.9024, 3.8965)
(0.1317, 2.3814, 4.0018)
(-0.3705, 2.8065, 4.0141)
(-0.8204, 3.2856, 4.0279)
(-1.2588, 3.7843, 4.1003)
(-1.6866, 4.3069, 4.1664)
(-2.1282, 4.8117, 4.2491)
(1.7431, 0.5676, 2.7224)
(1.4138, 1.1039, 2.9704)
(1.0512, 1.6429, 3.1915)
(0.5996, 2.1314, 3.3561)
(0.0665, 2.5238, 3.4486)
(-0.4774, 2.8554, 3.4788)
(-1.0243, 3.1835, 3.535)
(-1.5253, 3.611, 3.6084)
(-1.9427, 4.1401, 3.6469)
(-2.3922, 4.6245, 3.7441)
(1.8315, 0.8636, 2.1984)
(1.4508, 1.3916, 2.4242)
(1.0275, 1.8918, 2.6272)
(0.5125, 2.3007, 2.7892)
(-0.066, 2.6071, 2.9048)
(-0.6747, 2.8265, 2.966)
(-1.3009, 3.0009, 3.0614)
(-1.7986, 3.3728, 3.1317)
(-2.2172, 3.8836, 3.1954)
(-2.663, 4.2667, 3.4483)
(1.857, 1.117, 1.6501)
(1.4362, 1.6219, 1.8641)
(0.9514, 2.0698, 2.0551)
(0.3975, 2.4368, 2.217)
(-0.2264, 2.6426, 2.3521)
(-0.8774, 2.7165, 2.4483)
(-1.5302, 2.8056, 2.5563)
(-2.0479, 3.1347, 2.7011)
(-2.434, 3.5695, 2.9672)
(-2.8124, 3.8417, 3.4346)
(1.7812, 1.3029, 1.0791)
(1.356, 1.8049, 1.292)
(0.8445, 2.2179, 1.4797)
(0.2587, 2.5368, 1.64)
(-0.3729, 2.701, 1.7792)
(-1.025, 2.6456, 1.9057)
(-1.6358, 2.5813, 2.0177)
(1.6315, 1.4338, 0.5074)
(1.2199, 1.9449, 0.7218)
(0.739, 2.3855, 0.914)
(0.1583, 2.6773, 1.0691)
(-0.4747, 2.7665, 1.1976)
(-1.1056, 2.663, 1.3217)
(-1.6359, 2.5054, 1.4264)
(1.5498, 1.6085, -0.0533)
(1.1556, 2.1302, 0.1665)
(0.6812, 2.5725, 0.3531)
(0.09, 2.8023, 0.4909)
(-0.5396, 2.8093, 0.6081)
(-1.1509, 2.6849, 0.7302)
(-1.6649, 2.5297, 0.8289)
(1.6222, 1.8784, -0.5846)
(1.1986, 2.3775, -0.378)
(0.654, 2.7274, -0.2218)
(0.0237, 2.8503, -0.1041)
(-0.5976, 2.8116, 0.0123)
(-1.2, 2.6941, 0.1342)
(-1.7163, 2.5817, 0.2313)
(1.7169, 2.1576, -1.1112)
(1.218, 2.5848, -0.9366)
(0.6005, 2.8099, -0.8124)
(-0.0498, 2.8351, -0.7039)
(-0.6718, 2.7818, -0.5877)
(-1.2797, 2.717, -0.4653)
(-1.8029, 2.6847, -0.3641)
(1.7524, 2.4004, -1.6633)
(1.1916, 2.7223, -1.5143)
(0.5289, 2.82, -1.4103)
(-0.1358, 2.8052, -1.3057)
(-0.7706, 2.7926, -1.1888)
(-1.3869, 2.8262, -1.0557)
(-1.9137, 2.872, -0.9467)
(1.7384, 2.6041, -2.2311)
(1.1316, 2.8144, -2.1018)
(0.4499, 2.8405, -2.0085)
(-0.2231, 2.8739, -1.8976)
(-0.8673, 2.9549, -1.7627)
(-1.4914, 3.0649, -1.6152)
(-2.027, 3.117, -1.517)
(1.6918, 2.7898, -2.8056)
(1.0627, 2.9513, -2.6829)
(0.3819, 2.9902, -2.5843)
(-0.2848, 3.1002, -2.4511)
(-0.9316, 3.2534, -2.2932)
(-1.5765, 3.358, -2.1571)
(-2.1291, 3.3519, -2.0912)
(1.6347, 2.9894, -3.3763)
(1.0084, 3.1733, -3.2408)
(0.3374, 3.2656, -3.12)
(-0.3172, 3.4236, -2.9643)
(-0.9724, 3.5738, -2.8113)
(-1.6396, 3.613, -2.7116)
(-2.2, 3.539, -2.6764)
(1.5677, 3.1954, -3.9429)
(0.967, 3.4446, -3.7775)
(0.3116, 3.5959, -3.6281)
(-0.3419, 3.7583, -3.4715)
(-1.0105, 3.8549, -3.3477)
(-1.686, 3.8161, -3.2841)
(-2.2419, 3.6857, -3.2687)
(1.4822, 3.3851, -4.5079)
(0.9227, 3.7116, -4.311)
(0.2874, 3.9159, -4.1378)
(-0.3729, 4.0519, -3.9962)
(-1.0534, 4.0801, -3.905)
(-1.7286, 3.982, -3.8647)
(-2.2797, 3.819, -3.8607)
(1.3954, 3.535, -4.9883)
(0.8858, 3.9322, -4.7601)
(0.267, 4.1682, -4.5748)
(-0.4049, 4.2613, -4.4545)
(-1.0921, 4.2367, -4.3855)
(-1.7656, 4.1095, -4.3554)
(-2.3113, 3.9346, -4.3512)
(0.0431, 0.5231, 4.7792)
(-0.3083, 0.9246, 4.8641)
(-0.6819, 1.4842, 5.0038)
(-1.0474, 2.0533, 5.1543)
(-1.4223, 2.6221, 5.2723)
(-1.776, 3.2047, 5.3792)
(-2.1052, 3.801, 5.4939)
(-2.4407, 4.389, 5.6084)
